YEAR,MONTH,DAY,ACMH,ACSH,ADPT,ASLP,ASTP,AWBT,AWND,FMTM,PGTM,PRCP,PSUN,RHAV,RHMN,RHMX,SNOW,SNWD,TAVG,TMAX,TMIN,TSUN,WDF1,WDF2,WDF5,WDFG,WDFM,WESD,WSF1,WSF2,WSF5,WSFG,WSFM,WT01,WT02,WT03,WT04,WT05,WT07,WT08,WT09,WT10,WT11,WT13,WT14,WT16,WT18,WT21,WT22,WV01
1939,7,1,,,,,,,,,,0.0,,,,,0.0,0.0,,75.92,62.959999999999994,,,,,,,,,,,,,-9999.0,,,,,,,,,,,,,,,,
1939,7,2,,,,,,,,,,0.0,,,,,0.0,0.0,,32.0,32.0,,,,,,,,,,,,,-9.0,,,,,,,,,,,,,,,,
1939,7,3,,,,,,,,,,0.0,,,,,0.0,0.0,,73.94,64.94,,,,,,,,,,,,,999.0,,,,,,,,,,,,,,,,
1939,7,4,,,,,,,,,,0.0,,,,,0.0,0.0,,,,,,,,,,,,,,,,-999.0,,,,,,,,,,,,,,,,
1939,7,6,,,,,,,,,,0.0,,,,,0.0,0.0,,71.06,62.959999999999994,,,,,,,,,,,,,9999.0,,,,,,,,,,,,,,,,
1939,7,7,,,,,,,,,,0.0,,,,,0.0,0.0,,,,,,,,,,,,,,,,-99.0,,,,,,,,,,,,,,,,
1939,7,8,,,,,,,,,,,,,,,,,,,,,,,,,,,,,,,,99.0,,,,,,,,,,,,,,,,
1939,7,9,,,,,,,,,,0.0,,,,,0.0,0.0,,71.96,64.94,,,,,,,,,,,,,-9999.0,,,,,,,,,,,,,,,,
1939,7,10,,,,,,,,,,0.0,,,,,0.0,0.0,,32.0,32.0,,,,,,,,,,,,,-9.0,,,,,,,,,,,,,,,,
1939,7,11,,,,,,,,,,0.0,,,,,0.0,0.0,,75.02,60.980000000000004,,,,,,,,,,,,,999.0,,,,,,,,,,,,,,,,
1939,7,12,,,,,,,,,,0.0,,,,,0.0,0.0,,,,,,,,,,,,,,,,-999.0,,,,,,,,,,,,,,,,
1939,7,14,,,,,,,,,,0.0,,,,,0.0,0.0,,75.92,64.94,,,,,,,,,,,,,9999.0,,,,,,,,,,,,,,,,
1939,7,15,,,,,,,,,,0.0,,,,,0.0,0.0,,,,,,,,,,,,,,,,-99.0,,,,,,,,,,,,,,,,
1939,7,16,,,,,,,,,,,,,,,,,,,,,,,,,,,,,,,,99.0,,,,,,,,,,,,,,,,
1939,7,17,,,,,,,,,,0.0,,,,,0.0,0.0,,80.06,62.959999999999994,,,,,,,,,,,,,-9999.0,,,,,,,,,,,,,,,,
1939,7,18,,,,,,,,,,0.0,,,,,0.0,0.0,,32.0,32.0,,,,,,,,,,,,,-9.0,,,,,,,,,,,,,,,,
1939,7,19,,,,,,,,,,0.0,,,,,0.0,0.0,,78.98,64.04,,,,,,,,,,,,,999.0,,,,,,,,,,,,,,,,
1939,7,20,,,,,,,,,,0.0,,,,,0.0,0.0,,,,,,,,,,,,,,,,-999.0,,,,,,,,,,,,,,,,
1939,7,22,,,,,,,,,,0.0,,,,,0.0,0.0,,73.94,62.059999999999995,,,,,,,,,,,,,9999.0,,,,,,,,,,,,,,,,
1939,7,23,,,,,,,,,,0.0,,,,,0.0,0.0,,,,,,,,,,,,,,,,,,,,,,,,,,,,,,,,
1939,7,25,,,,,,,,,,0.0,,,,,0.0,0.0,,69.98,59.0,,,,,,,,,,,,,-9999.0,,,,,,,,,,,,,,,,
1939,7,26,,,,,,,,,,0.0,,,,,0.0,0.0,,32.0,32.0,,,,,,,,,,,,,-9.0,,,,,,,,,,,,,,,,
1939,7,27,,,,,,,,,,0.0,,,,,0.0,0.0,,69.08,60.08,,,,,,,,,,,,,999.0,,,,,,,,,,,,,,,,
1939,7,28,,,,,,,,,,0.0,,,,,0.0,0.0,,,,,,,,,,,,,,,,-999.0,,,,,,,,,,,,,,,,
1939,7,30,,,,,,,,,,0.0,,,,,0.0,0.0,,73.94,60.08,,,,,,,,,,,,,9999.0,,,,,,,,,,,,,,,,
1939,7,31,,,,,,,,,,0.0,,,,,0.0,0.0,,,,,,,,,,,,,,,,-99.0,,,,,,,,,,,,,,,,
1939,8,1,,,,,,,,,,0.0,,,,,0.0,0.0,,75.02,64.94,,,,,,,,,,,,,-9999.0,,,,,,,,,,,,,,,,
1939,8,2,,,,,,,,,,0.0,,,,,0.0,0.0,,32.0,32.0,,,,,,,,,,,,,-9.0,,,,,,,,,,,,,,,,
1939,8,3,,,,,,,,,,,,,,,0.0,0.0,,78.08,64.94,,,,,,,,,,,,,999.0,,,,,,,,,,,,,,,,
1939,8,4,,,,,,,,,,0.0,,,,,0.0,0.0,,,,,,,,,,,,,,,,-999.0,,,,,,,,,,,,,,,,
1939,8,6,,,,,,,,,,0.0,,,,,0.0,0.0,,78.98,64.94,,,,,,,,,,,,,9999.0,,,,,,,,,,,,,,,,
1939,8,7,,,,,,,,,,0.0,,,,,0.0,0.0,,,,,,,,,,,,,,,,-99.0,,,,,,,,,,,,,,,,
1939,8,8,,,,,,,,,,,,,,,,,,,,,,,,,,,,,,,,99.0,,,,,,,,,,,,,,,,
1939,8,9,,,,,,,,,,0.0,,,,,0.0,0.0,,75.02,64.94,,,,,,,,,,,,,-9999.0,,,,,,,,,,,,,,,,
1939,8,10,,,,,,,,,,0.0,,,,,0.0,0.0,,32.0,32.0,,,,,,,,,,,,,-9.0,,,,,,,,,,,,,,,,
1939,8,11,,,,,,,,,,0.0,,,,,0.0,0.0,,75.02,64.04,,,,,,,,,,,,,999.0,,,,,,,,,,,,,,,,
1939,8,12,,,,,,,,,,0.0,,,,,0.0,0.0,,,,,,,,,,,,,,,,-999.0,,,,,,,,,,,,,,,,
1939,8,14,,,,,,,,,,0.0,,,,,0.0,0.0,,73.94,64.94,,,,,,,,,,,,,9999.0,,,,,,,,,,,,,,,,
1939,8,15,,,,,,,,,,0.0,,,,,0.0,0.0,,,,,,,,,,,,,,,,-99.0,,,,,,,,,,,,,,,,
1939,8,16,,,,,,,,,,,,,,,,,,,,,,,,,,,,,,,,99.0,,,,,,,,,,,,,,,,
1939,8,17,,,,,,,,,,0.0,,,,,0.0,0.0,,75.02,64.04,,,,,,,,,,,,,-9999.0,,,,,,,,,,,,,,,,
1939,8,18,,,,,,,,,,0.0,,,,,0.0,0.0,,32.0,32.0,,,,,,,,,,,,,-9.0,,,,,,,,,,,,,,,,
1939,8,19,,,,,,,,,,0.0,,,,,0.0,0.0,,77.0,64.94,,,,,,,,,,,,,999.0,,,,,,,,,,,,,,,,
1939,8,20,,,,,,,,,,0.0,,,,,0.0,0.0,,,,,,,,,,,,,,,,,,,,,,,,,,,,,,,,
1939,8,22,,,,,,,,,,0.0,,,,,0.0,0.0,,75.92,64.04,,,,,,,,,,,,,9999.0,,,,,,,,,,,,,,,,
1939,8,23,,,,,,,,,,0.0,,,,,0.0,0.0,,,,,,,,,,,,,,,,-99.0,,,,,,,,,,,,,,,,
1939,8,24,,,,,,,,,,,,,,,,,,,,,,,,,,,,,,,,99.0,,,,,,,,,,,,,,,,
1939,8,25,,,,,,,,,,0.0,,,,,0.0,0.0,,73.94,64.04,,,,,,,,,,,,,-9999.0,,,,,,,,,,,,,,,,
1939,8,26,,,,,,,,,,0.0,,,,,0.0,0.0,,32.0,32.0,,,,,,,,,,,,,-9.0,,,,,,,,,,,,,,,,
1939,8,27,,,,,,,,,,0.0,,,,,0.0,0.0,,78.98,64.04,,,,,,,,,,,,,999.0,,,,,,,,,,,,,,,,
1939,8,28,,,,,,,,,,0.0,,,,,0.0,0.0,,,,,,,,,,,,,,,,-999.0,,,,,,,,,,,,,,,,
1939,8,30,,,,,,,,,,0.0,,,,,0.0,0.0,,77.0,64.94,,,,,,,,,,,,,9999.0,,,,,,,,,,,,,,,,
1939,8,31,,,,,,,,,,0.0,,,,,0.0,0.0,,,,,,,,,,,,,,,,-99.0,,,,,,,,,,,,,,,,
1939,9,1,,,,,,,,,,0.0,,,,,0.0,0.0,,78.98,62.959999999999994,,,,,,,,,,,,,1.0,,-9999.0,,,,,,,,,,,,,,
1939,9,2,,,,,,,,,,0.0,,,,,0.0,0.0,,32.0,32.0,,,,,,,,,,,,,,,-9.0,,,,,,,,,,,,,,
1939,9,3,,,,,,,,,,0.0,,,,,0.0,0.0,,75.02,62.059999999999995,,,,,,,,,,,,,999.0,,999.0,,,,,,,,,,,,,,
1939,9,4,,,,,,,,,,0.0,,,,,0.0,0.0,,,,,,,,,,,,,,,,-999.0,,-999.0,,,,,,,,,,,,,,
1939,9,6,,,,,,,,,,0.0,,,,,0.0,0.0,,75.02,64.04,,,,,,,,,,,,,9999.0,,9999.0,,,,,,,,,,,,,,
1939,9,7,,,,,,,,,,,,,,,0.0,0.0,,,,,,,,,,,,,,,,-99.0,,-99.0,,,,,,,,,,,,,,
1939,9,8,,,,,,,,,,,,,,,,,,,,,,,,,,,,,,,,99.0,,99.0,,,,,,,,,,,,,,
1939,9,9,,,,,,,,,,150.0,,,,,0.0,0.0,,71.96,64.04,,,,,,,,,,,,,-9999.0,,-9999.0,,,,,,,,,,,,,,
1939,9,10,,,,,,,,,,0.0,,,,,0.0,0.0,,32.0,32.0,,,,,,,,,,,,,-9.0,,-9.0,,,,,,,,,,,,,,
1939,9,11,,,,,,,,,,64.0,,,,,0.0,0.0,,77.0,62.959999999999994,,,,,,,,,,,,,999.0,,999.0,,,,,,,,,,,,,,
1939,9,12,,,,,,,,,,0.0,,,,,0.0,0.0,,,,,,,,,,,,,,,,-999.0,,-999.0,,,,,,,,,,,,,,
1939,9,14,,,,,,,,,,20.0,,,,,0.0,0.0,,80.06,66.92,,,,,,,,,,,,,9999.0,,9999.0,,,,,,,,,,,,,,
1939,9,15,,,,,,,,,,0.0,,,,,0.0,0.0,,,,,,,,,,,,,,,,-99.0,,-99.0,,,,,,,,,,,,,,
1939,9,16,,,,,,,,,,,,,,,,,,,,,,,,,,,,,,,,99.0,,99.0,,,,,,,,,,,,,,
1939,9,17,,,,,,,,,,8.0,,,,,0.0,0.0,,80.06,66.92,,,,,,,,,,,,,-9999.0,,-9999.0,,,,,,,,,,,,,,
1939,9,18,,,,,,,,,,0.0,,,,,0.0,0.0,,32.0,32.0,,,,,,,,,,,,,-9.0,,-9.0,,,,,,,,,,,,,,
1939,9,19,,,,,,,,,,61.0,,,,,0.0,0.0,,71.96,62.059999999999995,,,,,,,,,,,,,999.0,,999.0,,,,,,,,,,,,,,
1939,9,20,,,,,,,,,,0.0,,,,,0.0,0.0,,,,,,,,,,,,,,,,-999.0,,-999.0,,,,,,,,,,,,,,
1939,9,22,,,,,,,,,,0.0,,,,,0.0,0.0,,73.04,55.04,,,,,,,,,,,,,9999.0,,9999.0,,,,,,,,,,,,,,
1939,9,23,,,,,,,,,,0.0,,,,,0.0,0.0,,,,,,,,,,,,,,,,-99.0,,-99.0,,,,,,,,,,,,,,
1939,9,24,,,,,,,,,,,,,,,,,,,,,,,,,,,,,,,,99.0,,99.0,,,,,,,,,,,,,,
1939,9,25,,,,,,,,,,0.0,,,,,0.0,0.0,,87.98,60.980000000000004,,,,,,,,,,,,,-9999.0,,-9999.0,,,,,,,,,,,,,,
1939,9,26,,,,,,,,,,0.0,,,,,0.0,0.0,,32.0,32.0,,,,,,,,,,,,,-9.0,,-9.0,,,,,,,,,,,,,,
1939,9,27,,,,,,,,,,0.0,,,,,0.0,0.0,,93.02,66.02,,,,,,,,,,,,,999.0,,999.0,,,,,,,,,,,,,,
1939,9,28,,,,,,,,,,0.0,,,,,0.0,0.0,,,,,,,,,,,,,,,,-999.0,,-999.0,,,,,,,,,,,,,,
1939,9,29,,,,,,,,,,,,,,,,,,,,,,,,,,,,,,,,,,9.0,,,,,,,,,,,,,,
1939,9,30,,,,,,,,,,,,,,,0.0,0.0,,96.98,71.06,,,,,,,,,,,,,9999.0,,1.0,,,,,,,,,,,,,,
1939,9,31,,,,,,,,,,0.0,,,,,0.0,0.0,,,,,,,,,,,,,,,,-99.0,,0.0,,,,,,,,,,,,,,
1939,10,1,,,,,,,,,,0.0,,,,,0.0,0.0,,73.94,62.059999999999995,,,,,,,,,,,,,-9999.0,,,,,,,,,,,,,,,,
1939,10,2,,,,,,,,,,,,,,,0.0,0.0,,32.0,32.0,,,,,,,,,,,,,-9.0,,,,,,,,,,,,,,,,
1939,10,3,,,,,,,,,,,,,,,0.0,0.0,,69.98,64.94,,,,,,,,,,,,,999.0,,,,,,,,,,,,,,,,
1939,10,4,,,,,,,,,,0.0,,,,,0.0,0.0,,,,,,,,,,,,,,,,-999.0,,,,,,,,,,,,,,,,
1939,10,6,,,,,,,,,,0.0,,,,,0.0,0.0,,71.06,51.08,,,,,,,,,,,,,9999.0,,,,,,,,,,,,,,,,
1939,10,7,,,,,,,,,,0.0,,,,,0.0,0.0,,,,,,,,,,,,,,,,-99.0,,,,,,,,,,,,,,,,
1939,10,8,,,,,,,,,,,,,,,,,,,,,,,,,,,,,,,,99.0,,,,,,,,,,,,,,,,
1939,10,9,,,,,,,,,,23.0,,,,,0.0,0.0,,71.06,60.980000000000004,,,,,,,,,,,,,-9999.0,,,,,,,,,,,,,,,,
1939,10,10,,,,,,,,,,0.0,,,,,0.0,0.0,,32.0,32.0,,,,,,,,,,,,,-9.0,,,,,,,,,,,,,,,,
1939,10,11,,,,,,,,,,135.0,,,,,0.0,0.0,,64.94,55.94,,,,,,,,,,,,,999.0,,,,,,,,,,,,,,,,
1939,10,12,,,,,,,,,,0.0,,,,,0.0,0.0,,,,,,,,,,,,,,,,-999.0,,,,,,,,,,,,,,,,
1939,10,14,,,,,,,,,,0.0,,,,,0.0,0.0,,80.06,53.96,,,,,,,,,,,,,9999.0,,,,,,,,,,,,,,,,
1939,10,15,,,,,,,,,,0.0,,,,,0.0,0.0,,,,,,,,,,,,,,,,-99.0,,,,,,,,,,,,,,,,
1939,10,16,,,,,,,,,,,,,,,,,,,,,,,,,,,,,,,,99.0,,,,,,,,,,,,,,,,
1939,10,17,,,,,,,,,,0.0,,,,,0.0,0.0,,87.98,55.94,,,,,,,,,,,,,-9999.0,,,,,,,,,,,,,,,,
1939,10,18,,,,,,,,,,0.0,,,,,0.0,0.0,,32.0,32.0,,,,,,,,,,,,,-9.0,,,,,,,,,,,,,,,,
1939,10,19,,,,,,,,,,0.0,,,,,0.0,0.0,,93.91999999999999,57.92,,,,,,,,,,,,,999.0,,,,,,,,,,,,,,,,
1939,10,20,,,,,,,,,,0.0,,,,,0.0,0.0,,,,,,,,,,,,,,,,-999.0,,,,,,,,,,,,,,,,
1939,10,22,,,,,,,,,,0.0,,,,,0.0,0.0,,89.96000000000001,60.08,,,,,,,,,,,,,9999.0,,,,,,,,,,,,,,,,
1939,10,23,,,,,,,,,,0.0,,,,,0.0,0.0,,,,,,,,,,,,,,,,-99.0,,,,,,,,,,,,,,,,
1939,10,24,,,,,,,,,,,,,,,,,,,,,,,,,,,,,,,,99.0,,,,,,,,,,,,,,,,
1939,10,25,,,,,,,,,,0.0,,,,,0.0,0.0,,78.08,57.02,,,,,,,,,,,,,1.0,,,,,,,,,,,,,,,,
1939,10,26,,,,,,,,,,0.0,,,,,0.0,0.0,,32.0,32.0,,,,,,,,,,,,,0.0,,,,,,,,,,,,,,,,
1939,10,27,,,,,,,,,,0.0,,,,,0.0,0.0,,78.98,55.94,,,,,,,,,,,,,1.0,,,,,,,,,,,,,,,,
1939,10,28,,,,,,,,,,0.0,,,,,0.0,0.0,,,,,,,,,,,,,,,,,,,,,,,,,,,,,,,,
1939,10,30,,,,,,,,,,0.0,,,,,0.0,0.0,,71.96,60.08,,,,,,,,,,,,,9999.0,,,,,,,,,,,,,,,,
1939,10,31,,,,,,,,,,0.0,,,,,0.0,0.0,,,,,,,,,,,,,,,,,,,,,,,,,,,,,,,,
1939,11,1,,,,,,,,,,0.0,,,,,0.0,0.0,,71.96,55.94,,,,,,,,,,,,,1.0,,-9999.0,,,,,,,,,-9999.0,,,,,
1939,11,2,,,,,,,,,,0.0,,,,,0.0,0.0,,32.0,32.0,,,,,,,,,,,,,,,-9.0,,,,,,,,,-9.0,,,,,
1939,11,3,,,,,,,,,,0.0,,,,,0.0,0.0,,68.0,57.92,,,,,,,,,,,,,999.0,,999.0,,,,,,,,,999.0,,,,,
1939,11,4,,,,,,,,,,0.0,,,,,0.0,0.0,,,,,,,,,,,,,,,,,,-999.0,,,,,,,,,-999.0,,,,,
1939,11,6,,,,,,,,,,0.0,,,,,0.0,0.0,,68.0,57.92,,,,,,,,,,,,,1.0,,9999.0,,,,,,,,,9999.0,,,,,
1939,11,7,,,,,,,,,,0.0,,,,,0.0,0.0,,,,,,,,,,,,,,,,,,-99.0,,,,,,,,,-99.0,,,,,
1939,11,8,,,,,,,,,,,,,,,,,,,,,,,,,,,,,,,,99.0,,99.0,,,,,,,,,99.0,,,,,
1939,11,9,,,,,,,,,,0.0,,,,,0.0,0.0,,69.98,59.0,,,,,,,,,,,,,-9999.0,,-9999.0,,,,,,,,,-9999.0,,,,,
1939,11,10,,,,,,,,,,0.0,,,,,0.0,0.0,,32.0,32.0,,,,,,,,,,,,,,,-9.0,,,,,,,,,-9.0,,,,,
1939,11,11,,,,,,,,,,0.0,,,,,0.0,0.0,,73.94,55.94,,,,,,,,,,,,,1.0,,999.0,,,,,,,,,999.0,,,,,
1939,11,12,,,,,,,,,,,,,,,0.0,0.0,,,,,,,,,,,,,,,,,,-999.0,,,,,,,,,,,,,,
1939,11,14,,,,,,,,,,43.0,,,,,0.0,0.0,,66.92,59.0,,,,,,,,,,,,,9999.0,,9999.0,,,,,,,,,9999.0,,,,,
1939,11,15,,,,,,,,,,0.0,,,,,0.0,0.0,,,,,,,,,,,,,,,,,,-99.0,,,,,,,,,-99.0,,,,,
1939,11,16,,,,,,,,,,,,,,,,,,,,,,,,,,,,,,,,,,99.0,,,,,,,,,99.0,,,,,
1939,11,17,,,,,,,,,,0.0,,,,,0.0,0.0,,73.04,48.92,,,,,,,,,,,,,1.0,,-9999.0,,,,,,,,,-9999.0,,,,,
1939,11,18,,,,,,,,,,0.0,,,,,0.0,0.0,,32.0,32.0,,,,,,,,,,,,,,,-9.0,,,,,,,,,-9.0,,,,,
1939,11,19,,,,,,,,,,0.0,,,,,0.0,0.0,,80.06,48.02,,,,,,,,,,,,,999.0,,999.0,,,,,,,,,999.0,,,,,
1939,11,20,,,,,,,,,,0.0,,,,,0.0,0.0,,,,,,,,,,,,,,,,-999.0,,-999.0,,,,,,,,,-999.0,,,,,
1939,11,22,,,,,,,,,,0.0,,,,,0.0,0.0,,73.04,51.08,,,,,,,,,,,,,9999.0,,9999.0,,,,,,,,,9999.0,,,,,
1939,11,23,,,,,,,,,,0.0,,,,,0.0,0.0,,,,,,,,,,,,,,,,,,-99.0,,,,,,,,,-99.0,,,,,
1939,11,24,,,,,,,,,,,,,,,,,,,,,,,,,,,,,,,,,,99.0,,,,,,,,,99.0,,,,,
1939,11,25,,,,,,,,,,0.0,,,,,0.0,0.0,,69.98,51.98,,,,,,,,,,,,,1.0,,-9999.0,,,,,,,,,-9999.0,,,,,
1939,11,26,,,,,,,,,,0.0,,,,,0.0,0.0,,32.0,32.0,,,,,,,,,,,,,0.0,,-9.0,,,,,,,,,-9.0,,,,,
1939,11,27,,,,,,,,,,0.0,,,,,0.0,0.0,,73.04,48.92,,,,,,,,,,,,,1.0,,999.0,,,,,,,,,999.0,,,,,
1939,11,28,,,,,,,,,,0.0,,,,,0.0,0.0,,,,,,,,,,,,,,,,,,-999.0,,,,,,,,,-999.0,,,,,
1939,11,30,,,,,,,,,,0.0,,,,,0.0,0.0,,80.06,48.92,,,,,,,,,,,,,9999.0,,9999.0,,,,,,,,,9999.0,,,,,
1939,11,31,,,,,,,,,,0.0,,,,,0.0,0.0,,,,,,,,,,,,,,,,-99.0,,-99.0,,,,,,,,,-99.0,,,,,
1939,12,1,,,,,,,,,,0.0,,,,,0.0,0.0,,71.96,50.0,,,,,,,,,,,,,-9999.0,,,,,,,,,,,-9999.0,,,,,
1939,12,2,,,,,,,,,,0.0,,,,,0.0,0.0,,32.0,32.0,,,,,,,,,,,,,,,,,,,,,,,,-9.0,,,,,
1939,12,3,,,,,,,,,,0.0,,,,,0.0,0.0,,75.92,51.08,,,,,,,,,,,,,1.0,,,,,,,,,,,999.0,,,,,
1939,12,4,,,,,,,,,,0.0,,,,,0.0,0.0,,,,,,,,,,,,,,,,0.0,,,,,,,,,,,-999.0,,,,,
1939,12,6,,,,,,,,,,0.0,,,,,0.0,0.0,,78.98,50.0,,,,,,,,,,,,,9999.0,,,,,,,,,,,9999.0,,,,,
1939,12,7,,,,,,,,,,0.0,,,,,0.0,0.0,,,,,,,,,,,,,,,,-99.0,,,,,,,,,,,-99.0,,,,,
1939,12,8,,,,,,,,,,,,,,,,,,,,,,,,,,,,,,,,99.0,,,,,,,,,,,99.0,,,,,
1939,12,9,,,,,,,,,,0.0,,,,,0.0,0.0,,71.96,57.92,,,,,,,,,,,,,1.0,,,,,,,,,,,-9999.0,,,,,
1939,12,10,,,,,,,,,,0.0,,,,,0.0,0.0,,32.0,32.0,,,,,,,,,,,,,,,,,,,,,,,,-9.0,,,,,
1939,12,11,,,,,,,,,,0.0,,,,,0.0,0.0,,73.94,53.06,,,,,,,,,,,,,999.0,,,,,,,,,,,999.0,,,,,
1939,12,12,,,,,,,,,,0.0,,,,,0.0,0.0,,,,,,,,,,,,,,,,,,,,,,,,,,,-999.0,,,,,
1939,12,14,,,,,,,,,,0.0,,,,,0.0,0.0,,69.08,60.980000000000004,,,,,,,,,,,,,9999.0,,,,,,,,,,,9999.0,,,,,
1939,12,15,,,,,,,,,,0.0,,,,,0.0,0.0,,,,,,,,,,,,,,,,-99.0,,,,,,,,,,,-99.0,,,,,
1939,12,16,,,,,,,,,,,,,,,,,,,,,,,,,,,,,,,,99.0,,,,,,,,,,,99.0,,,,,
1939,12,17,,,,,,,,,,0.0,,,,,0.0,0.0,,66.02,53.96,,,,,,,,,,,,,-9999.0,,,,,,,,,,,1.0,,,,,
1939,12,18,,,,,,,,,,,,,,,0.0,0.0,,32.0,32.0,,,,,,,,,,,,,-9.0,,,,,,,,,,,,,,,,
1939,12,19,,,,,,,,,,0.0,,,,,0.0,0.0,,75.92,50.0,,,,,,,,,,,,,999.0,,,,,,,,,,,999.0,,,,,
1939,12,20,,,,,,,,,,0.0,,,,,0.0,0.0,,,,,,,,,,,,,,,,-999.0,,,,,,,,,,,-999.0,,,,,
1939,12,22,,,,,,,,,,0.0,,,,,0.0,0.0,,73.94,51.08,,,,,,,,,,,,,9999.0,,,,,,,,,,,9999.0,,,,,
1939,12,23,,,,,,,,,,0.0,,,,,0.0,0.0,,,,,,,,,,,,,,,,-99.0,,,,,,,,,,,-99.0,,,,,
1939,12,24,,,,,,,,,,,,,,,,,,,,,,,,,,,,,,,,99.0,,,,,,,,,,,99.0,,,,,
1939,12,25,,,,,,,,,,0.0,,,,,0.0,0.0,,71.96,50.0,,,,,,,,,,,,,-9999.0,,,,,,,,,,,-9999.0,,,,,
1939,12,26,,,,,,,,,,0.0,,,,,0.0,0.0,,32.0,32.0,,,,,,,,,,,,,-9.0,,,,,,,,,,,-9.0,,,,,
1939,12,27,,,,,,,,,,0.0,,,,,0.0,0.0,,68.0,48.92,,,,,,,,,,,,,999.0,,,,,,,,,,,999.0,,,,,
1939,12,28,,,,,,,,,,0.0,,,,,0.0,0.0,,,,,,,,,,,,,,,,,,,,,,,,,,,-999.0,,,,,
1939,12,30,,,,,,,,,,0.0,,,,,0.0,0.0,,73.04,48.02,,,,,,,,,,,,,1.0,,,,,,,,,,,9999.0,,,,,
1939,12,31,,,,,,,,,,0.0,,,,,0.0,0.0,,,32.0,,,,,,,,,,,,,0.0,,,,,,,,,,,-99.0,,,,,
1940,1,1,,,,,,,,,,0.0,,,,,0.0,0.0,,66.92,57.02,,,,,,,,,,,,,,,,,,,,,,,,,,,,,
1940,1,2,,,,,,,,,,0.0,,,,,0.0,0.0,,32.0,32.0,,,,,,,,,,,,,,,,,,,,,,,,,,,,,
1940,1,3,,,,,,,,,,0.0,,,,,0.0,0.0,,64.94,55.04,,,,,,,,,,,,,,,,,,,,,,,,,,,,,
1940,1,4,,,,,,,,,,0.0,,,,,0.0,0.0,,,,,,,,,,,,,,,,,,,,,,,,,,,,,,,,
1940,1,6,,,,,,,,,,69.0,,,,,0.0,0.0,,62.959999999999994,57.92,,,,,,,,,,,,,,,,,,,,,,,,,,,,,
1940,1,7,,,,,,,,,,0.0,,,,,0.0,0.0,,,,,,,,,,,,,,,,,,,,,,,,,,,,,,,,
1940,1,9,,,,,,,,,,48.0,,,,,0.0,0.0,,59.0,53.06,,,,,,,,,,,,,,,,,,,,,,,,,,,,,
1940,1,10,,,,,,,,,,0.0,,,,,0.0,0.0,,32.0,32.0,,,,,,,,,,,,,,,,,,,,,,,,,,,,,
1940,1,11,,,,,,,,,,58.0,,,,,0.0,0.0,,62.959999999999994,53.96,,,,,,,,,,,,,,,,,,,,,,,,,,,,,
1940,1,12,,,,,,,,,,,,,,,0.0,0.0,,,,,,,,,,,,,,,,,,,,,,,,,,,,,,,,
1940,1,14,,,,,,,,,,8.0,,,,,0.0,0.0,,64.04,55.04,,,,,,,,,,,,,,,,,,,,,,,,,,,,,
1940,1,15,,,,,,,,,,0.0,,,,,0.0,0.0,,,,,,,,,,,,,,,,,,,,,,,,,,,,,,,,
1940,1,17,,,,,,,,,,23.0,,,,,0.0,0.0,,68.0,57.02,,,,,,,,,,,,,,,,,,,,,,,,,,,,,
1940,1,18,,,,,,,,,,0.0,,,,,0.0,0.0,,32.0,32.0,,,,,,,,,,,,,,,,,,,,,,,,,,,,,
1940,1,19,,,,,,,,,,23.0,,,,,0.0,0.0,,62.959999999999994,53.96,,,,,,,,,,,,,,,,,,,,,,,,,,,,,
1940,1,20,,,,,,,,,,0.0,,,,,0.0,0.0,,,,,,,,,,,,,,,,,,,,,,,,,,,,,,,,
1940,1,22,,,,,,,,,,0.0,,,,,0.0,0.0,,64.94,41.0,,,,,,,,,,,,,,,,,,,,,,,,,,,,,
1940,1,23,,,,,,,,,,0.0,,,,,0.0,0.0,,,32.0,,,,,,,,,,,,,,,,,,,,,,,,,,,,,
1940,1,25,,,,,,,,,,0.0,,,,,0.0,0.0,,71.96,41.0,,,,,,,,,,,,,,,,,,,,,,,,,,,,,
1940,1,26,,,,,,,,,,0.0,,,,,0.0,0.0,,32.0,32.0,,,,,,,,,,,,,,,,,,,,,,,,,,,,,
1940,1,27,,,,,,,,,,0.0,,,,,0.0,0.0,,66.02,44.06,,,,,,,,,,,,,,,,,,,,,,,,,,,,,
1940,1,28,,,,,,,,,,0.0,,,,,0.0,0.0,,,,,,,,,,,,,,,,,,,,,,,,,,,,,,,,
1940,1,30,,,,,,,,,,0.0,,,,,0.0,0.0,,64.04,44.96,,,,,,,,,,,,,,,,,,,,,,,,,,,,,
1940,1,31,,,,,,,,,,0.0,,,,,0.0,0.0,,,32.0,,,,,,,,,,,,,,,,,,,,,,,,,,,,,
1940,2,1,,,,,,,,,,249.0,,,,,0.0,0.0,,60.980000000000004,50.0,,,,,,,,,,,,,-9999.0,,1.0,,,,-9999.0,,,,,-9999.0,,,,,
1940,2,2,,,,,,,,,,0.0,,,,,0.0,0.0,,32.0,32.0,,,,,,,,,,,,,-9.0,,,,,,-9.0,,,,,-9.0,,,,,
1940,2,3,,,,,,,,,,66.0,,,,,0.0,0.0,,64.94,51.98,,,,,,,,,,,,,999.0,,999.0,,,,999.0,,,,,999.0,,,,,
1940,2,4,,,,,,,,,,,,,,,0.0,0.0,,,,,,,,,,,,,,,,,,-999.0,,,,-999.0,,,,,-999.0,,,,,
1940,2,6,,,,,,,,,,3.0,,,,,0.0,0.0,,64.94,55.04,,,,,,,,,,,,,1.0,,9999.0,,,,9999.0,,,,,9999.0,,,,,
1940,2,7,,,,,,,,,,0.0,,,,,0.0,0.0,,,32.0,,,,,,,,,,,,,,,-99.0,,,,-99.0,,,,,-99.0,,,,,
1940,2,8,,,,,,,,,,,,,,,,,,,,,,,,,,,,,,,,99.0,,99.0,,,,99.0,,,,,99.0,,,,,
1940,2,9,,,,,,,,,,0.0,,,,,0.0,0.0,,69.98,50.0,,,,,,,,,,,,,-9999.0,,-9999.0,,,,1.0,,,,,-9999.0,,,,,
1940,2,10,,,,,,,,,,0.0,,,,,0.0,0.0,,32.0,32.0,,,,,,,,,,,,,-9.0,,-9.0,,,,,,,,,,,,,,
1940,2,11,,,,,,,,,,,,,,,0.0,0.0,,64.94,51.98,,,,,,,,,,,,,999.0,,999.0,,,,999.0,,,,,1.0,,,,,
1940,2,12,,,,,,,,,,0.0,,,,,0.0,0.0,,,,,,,,,,,,,,,,-999.0,,-999.0,,,,-999.0,,,,,,,,,,
1940,2,14,,,,,,,,,,0.0,,,,,0.0,0.0,,69.08,44.06,,,,,,,,,,,,,9999.0,,9999.0,,,,9999.0,,,,,9999.0,,,,,
1940,2,15,,,,,,,,,,0.0,,,,,0.0,0.0,,,32.0,,,,,,,,,,,,,-99.0,,-99.0,,,,-99.0,,,,,-99.0,,,,,
1940,2,16,,,,,,,,,,,,,,,,,,,,,,,,,,,,,,,,99.0,,99.0,,,,99.0,,,,,99.0,,,,,
1940,2,17,,,,,,,,,,0.0,,,,,0.0,0.0,,64.04,44.96,,,,,,,,,,,,,-9999.0,,-9999.0,,,,-9999.0,,,,,-9999.0,,,,,
1940,2,18,,,,,,,,,,0.0,,,,,0.0,0.0,,32.0,32.0,,,,,,,,,,,,,-9.0,,-9.0,,,,-9.0,,,,,-9.0,,,,,
1940,2,19,,,,,,,,,,0.0,,,,,0.0,0.0,,66.02,48.92,,,,,,,,,,,,,999.0,,999.0,,,,999.0,,,,,999.0,,,,,
1940,2,20,,,,,,,,,,0.0,,,,,0.0,0.0,,,,,,,,,,,,,,,,-999.0,,-999.0,,,,-999.0,,,,,-999.0,,,,,
1940,2,22,,,,,,,,,,51.0,,,,,0.0,0.0,,62.059999999999995,46.04,,,,,,,,,,,,,9999.0,,9999.0,,,,9999.0,,,,,9999.0,,,,,
1940,2,23,,,,,,,,,,0.0,,,,,0.0,0.0,,,32.0,,,,,,,,,,,,,-99.0,,-99.0,,,,-99.0,,,,,-99.0,,,,,
1940,2,24,,,,,,,,,,,,,,,,,,,,,,,,,,,,,,,,99.0,,99.0,,,,99.0,,,,,99.0,,,,,
1940,2,25,,,,,,,,,,0.0,,,,,0.0,0.0,,64.94,42.08,,,,,,,,,,,,,-9999.0,,-9999.0,,,,-9999.0,,,,,-9999.0,,,,,
1940,2,26,,,,,,,,,,0.0,,,,,0.0,0.0,,32.0,32.0,,,,,,,,,,,,,-9.0,,-9.0,,,,-9.0,,,,,-9.0,,,,,
1940,2,27,,,,,,,,,,5.0,,,,,0.0,0.0,,64.94,44.06,,,,,,,,,,,,,999.0,,999.0,,,,999.0,,,,,999.0,,,,,
1940,2,28,,,,,,,,,,,,,,,0.0,0.0,,,,,,,,,,,,,,,,,,-999.0,,,,-999.0,,,,,-999.0,,,,,
1940,2,30,,,,,,,,,,0.0,,,,,0.0,0.0,,69.98,46.04,,,,,,,,,,,,,9999.0,,9999.0,,,,9999.0,,,,,9999.0,,,,,
1940,2,31,,,,,,,,,,0.0,,,,,0.0,0.0,,,32.0,,,,,,,,,,,,,-99.0,,-99.0,,,,-99.0,,,,,-99.0,,,,,
1940,3,1,,,,,,,,,,0.0,,,,,0.0,0.0,,66.02,50.0,,,,,,,,,,,,,-9999.0,,,,,,-9999.0,,,,,-9999.0,,,,,
1940,3,2,,,,,,,,,,0.0,,,,,0.0,0.0,,32.0,32.0,,,,,,,,,,,,,-9.0,,,,,,-9.0,,,,,-9.0,,,,,
1940,3,3,,,,,,,,,,0.0,,,,,0.0,0.0,,69.08,46.94,,,,,,,,,,,,,999.0,,,,,,999.0,,,,,999.0,,,,,
1940,3,4,,,,,,,,,,0.0,,,,,0.0,0.0,,,,,,,,,,,,,,,,-999.0,,,,,,-999.0,,,,,-999.0,,,,,
1940,3,6,,,,,,,,,,0.0,,,,,0.0,0.0,,73.94,50.0,,,,,,,,,,,,,9999.0,,,,,,9999.0,,,,,9999.0,,,,,
1940,3,7,,,,,,,,,,0.0,,,,,0.0,0.0,,,32.0,,,,,,,,,,,,,-99.0,,,,,,-99.0,,,,,-99.0,,,,,
1940,3,8,,,,,,,,,,,,,,,,,,,,,,,,,,,,,,,,99.0,,,,,,99.0,,,,,99.0,,,,,
1940,3,9,,,,,,,,,,0.0,,,,,0.0,0.0,,78.08,48.92,,,,,,,,,,,,,-9999.0,,,,,,-9999.0,,,,,-9999.0,,,,,
1940,3,10,,,,,,,,,,0.0,,,,,0.0,0.0,,32.0,32.0,,,,,,,,,,,,,-9.0,,,,,,-9.0,,,,,-9.0,,,,,
1940,3,11,,,,,,,,,,0.0,,,,,0.0,0.0,,77.0,50.0,,,,,,,,,,,,,999.0,,,,,,999.0,,,,,999.0,,,,,
1940,3,12,,,,,,,,,,0.0,,,,,0.0,0.0,,,,,,,,,,,,,,,,,,,,,,-999.0,,,,,-999.0,,,,,
1940,3,14,,,,,,,,,,,,,,,0.0,0.0,,62.959999999999994,51.98,,,,,,,,,,,,,1.0,,,,,,9999.0,,,,,9999.0,,,,,
1940,3,15,,,,,,,,,,0.0,,,,,0.0,0.0,,,,,,,,,,,,,,,,,,,,,,-99.0,,,,,-99.0,,,,,
1940,3,16,,,,,,,,,,,,,,,,,,,,,,,,,,,,,,,,99.0,,,,,,99.0,,,,,99.0,,,,,
1940,3,17,,,,,,,,,,0.0,,,,,0.0,0.0,,60.980000000000004,48.92,,,,,,,,,,,,,-9999.0,,,,,,-9999.0,,,,,-9999.0,,,,,
1940,3,18,,,,,,,,,,0.0,,,,,0.0,0.0,,32.0,32.0,,,,,,,,,,,,,-9.0,,,,,,-9.0,,,,,-9.0,,,,,
1940,3,19,,,,,,,,,,0.0,,,,,0.0,0.0,,66.92,42.980000000000004,,,,,,,,,,,,,999.0,,,,,,999.0,,,,,999.0,,,,,
1940,3,20,,,,,,,,,,0.0,,,,,0.0,0.0,,,,,,,,,,,,,,,,-999.0,,,,,,-999.0,,,,,-999.0,,,,,
1940,3,22,,,,,,,,,,0.0,,,,,0.0,0.0,,80.96,44.06,,,,,,,,,,,,,9999.0,,,,,,9999.0,,,,,9999.0,,,,,
1940,3,23,,,,,,,,,,0.0,,,,,0.0,0.0,,,32.0,,,,,,,,,,,,,-99.0,,,,,,-99.0,,,,,-99.0,,,,,
1940,3,24,,,,,,,,,,,,,,,,,,,,,,,,,,,,,,,,99.0,,,,,,99.0,,,,,99.0,,,,,
1940,3,25,,,,,,,,,,0.0,,,,,0.0,0.0,,69.98,46.04,,,,,,,,,,,,,1.0,,,,,,-9999.0,,,,,-9999.0,,,,,
1940,3,26,,,,,,,,,,0.0,,,,,0.0,0.0,,32.0,32.0,,,,,,,,,,,,,,,,,,,-9.0,,,,,-9.0,,,,,
1940,3,27,,,,,,,,,,0.0,,,,,0.0,0.0,,66.92,55.04,,,,,,,,,,,,,999.0,,,,,,999.0,,,,,999.0,,,,,
1940,3,28,,,,,,,,,,0.0,,,,,0.0,0.0,,,,,,,,,,,,,,,,-999.0,,,,,,-999.0,,,,,-999.0,,,,,
1940,3,30,,,,,,,,,,,,,,,0.0,0.0,,69.98,55.04,,,,,,,,,,,,,9999.0,,,,,,9999.0,,,,,9999.0,,,,,
1940,3,31,,,,,,,,,,0.0,,,,,0.0,0.0,,,,,,,,,,,,,,,,-99.0,,,,,,,,,,,-99.0,,,,,
1940,4,1,,,,,,,,,,43.0,,,,,0.0,0.0,,62.959999999999994,51.08,,,,,,,,,,,,,-9999.0,,,,,,,,,,,-9999.0,,,,,
1940,4,2,,,,,,,,,,0.0,,,,,0.0,0.0,,32.0,32.0,,,,,,,,,,,,,-9.0,,,,,,,,,,,-9.0,,,,,
1940,4,3,,,,,,,,,,0.0,,,,,0.0,0.0,,66.92,53.96,,,,,,,,,,,,,999.0,,,,,,,,,,,999.0,,,,,
1940,4,4,,,,,,,,,,0.0,,,,,0.0,0.0,,,,,,,,,,,,,,,,-999.0,,,,,,,,,,,-999.0,,,,,
1940,4,6,,,,,,,,,,13.0,,,,,0.0,0.0,,66.92,51.08,,,,,,,,,,,,,9999.0,,,,,,,,,,,9999.0,,,,,
1940,4,7,,,,,,,,,,0.0,,,,,0.0,0.0,,,,,,,,,,,,,,,,-99.0,,,,,,,,,,,-99.0,,,,,
1940,4,8,,,,,,,,,,,,,,,,,,,,,,,,,,,,,,,,99.0,,,,,,,,,,,99.0,,,,,
1940,4,9,,,,,,,,,,0.0,,,,,0.0,0.0,,66.02,51.98,,,,,,,,,,,,,-9999.0,,,,,,,,,,,-9999.0,,,,,
1940,4,10,,,,,,,,,,0.0,,,,,0.0,0.0,,32.0,32.0,,,,,,,,,,,,,-9.0,,,,,,,,,,,-9.0,,,,,
1940,4,11,,,,,,,,,,0.0,,,,,0.0,0.0,,68.0,51.98,,,,,,,,,,,,,999.0,,,,,,,,,,,999.0,,,,,
1940,4,12,,,,,,,,,,0.0,,,,,0.0,0.0,,,,,,,,,,,,,,,,-999.0,,,,,,,,,,,,,,,,
1940,4,14,,,,,,,,,,5.0,,,,,0.0,0.0,,66.92,57.92,,,,,,,,,,,,,9999.0,,,,,,,,,,,1.0,,,,,
1940,4,15,,,,,,,,,,0.0,,,,,0.0,0.0,,,,,,,,,,,,,,,,,,,,,,,,,,,,,,,,
1940,4,16,,,,,,,,,,,,,,,,,,,,,,,,,,,,,,,,,,,,,,,,,,,99.0,,,,,
1940,4,17,,,,,,,,,,0.0,,,,,0.0,0.0,,89.96000000000001,51.08,,,,,,,,,,,,,1.0,,,,,,,,,,,-9999.0,,,,,
1940,4,18,,,,,,,,,,0.0,,,,,0.0,0.0,,32.0,32.0,,,,,,,,,,,,,,,,,,,,,,,,-9.0,,,,,
1940,4,19,,,,,,,,,,0.0,,,,,0.0,0.0,,91.03999999999999,55.94,,,,,,,,,,,,,999.0,,,,,,,,,,,999.0,,,,,
1940,4,20,,,,,,,,,,0.0,,,,,0.0,0.0,,,,,,,,,,,,,,,,-999.0,,,,,,,,,,,-999.0,,,,,
1940,4,22,,,,,,,,,,0.0,,,,,0.0,0.0,,68.0,60.08,,,,,,,,,,,,,9999.0,,,,,,,,,,,9999.0,,,,,
1940,4,23,,,,,,,,,,0.0,,,,,0.0,0.0,,,,,,,,,,,,,,,,-99.0,,,,,,,,,,,-99.0,,,,,
1940,4,24,,,,,,,,,,,,,,,,,,,,,,,,,,,,,,,,99.0,,,,,,,,,,,99.0,,,,,
1940,4,25,,,,,,,,,,0.0,,,,,0.0,0.0,,66.92,53.06,,,,,,,,,,,,,-9999.0,,,,,,,,,,,-9999.0,,,,,
1940,4,26,,,,,,,,,,0.0,,,,,0.0,0.0,,32.0,32.0,,,,,,,,,,,,,-9.0,,,,,,,,,,,-9.0,,,,,
1940,4,27,,,,,,,,,,0.0,,,,,0.0,0.0,,69.98,53.06,,,,,,,,,,,,,999.0,,,,,,,,,,,999.0,,,,,
1940,4,28,,,,,,,,,,0.0,,,,,0.0,0.0,,,,,,,,,,,,,,,,-999.0,,,,,,,,,,,-999.0,,,,,
1940,4,30,,,,,,,,,,0.0,,,,,0.0,0.0,,68.0,51.98,,,,,,,,,,,,,9999.0,,,,,,,,,,,9999.0,,,,,
1940,4,31,,,,,,,,,,0.0,,,,,0.0,0.0,,,,,,,,,,,,,,,,-99.0,,,,,,,,,,,-99.0,,,,,
1940,5,1,,,,,,,,,,0.0,,,,,0.0,0.0,,78.08,57.02,,,,,,,,,,,,,-9999.0,,,,,,,,,,,-9999.0,,,,,
1940,5,2,,,,,,,,,,0.0,,,,,0.0,0.0,,32.0,32.0,,,,,,,,,,,,,-9.0,,,,,,,,,,,-9.0,,,,,
1940,5,3,,,,,,,,,,0.0,,,,,0.0,0.0,,73.04,57.92,,,,,,,,,,,,,999.0,,,,,,,,,,,999.0,,,,,
1940,5,4,,,,,,,,,,0.0,,,,,0.0,0.0,,,,,,,,,,,,,,,,-999.0,,,,,,,,,,,-999.0,,,,,
1940,5,6,,,,,,,,,,0.0,,,,,0.0,0.0,,68.0,57.02,,,,,,,,,,,,,9999.0,,,,,,,,,,,9999.0,,,,,
1940,5,7,,,,,,,,,,0.0,,,,,0.0,0.0,,,,,,,,,,,,,,,,-99.0,,,,,,,,,,,-99.0,,,,,
1940,5,8,,,,,,,,,,,,,,,,,,,,,,,,,,,,,,,,99.0,,,,,,,,,,,99.0,,,,,
1940,5,9,,,,,,,,,,0.0,,,,,0.0,0.0,,69.08,55.94,,,,,,,,,,,,,-9999.0,,,,,,,,,,,-9999.0,,,,,
1940,5,10,,,,,,,,,,0.0,,,,,0.0,0.0,,32.0,32.0,,,,,,,,,,,,,-9.0,,,,,,,,,,,-9.0,,,,,
1940,5,11,,,,,,,,,,0.0,,,,,0.0,0.0,,71.96,53.96,,,,,,,,,,,,,999.0,,,,,,,,,,,999.0,,,,,
1940,5,12,,,,,,,,,,0.0,,,,,0.0,0.0,,,,,,,,,,,,,,,,-999.0,,,,,,,,,,,-999.0,,,,,
1940,5,14,,,,,,,,,,0.0,,,,,0.0,0.0,,80.06,57.92,,,,,,,,,,,,,9999.0,,,,,,,,,,,9999.0,,,,,
1940,5,15,,,,,,,,,,0.0,,,,,0.0,0.0,,,,,,,,,,,,,,,,-99.0,,,,,,,,,,,-99.0,,,,,
1940,5,16,,,,,,,,,,,,,,,,,,,,,,,,,,,,,,,,99.0,,,,,,,,,,,99.0,,,,,
1940,5,17,,,,,,,,,,0.0,,,,,0.0,0.0,,73.04,59.0,,,,,,,,,,,,,1.0,,,,,,,,,,,-9999.0,,,,,
1940,5,18,,,,,,,,,,,,,,,0.0,0.0,,32.0,32.0,,,,,,,,,,,,,,,,,,,,,,,,-9.0,,,,,
1940,5,19,,,,,,,,,,0.0,,,,,0.0,0.0,,71.96,60.08,,,,,,,,,,,,,999.0,,,,,,,,,,,999.0,,,,,
1940,5,20,,,,,,,,,,0.0,,,,,0.0,0.0,,,,,,,,,,,,,,,,-999.0,,,,,,,,,,,-999.0,,,,,
1940,5,22,,,,,,,,,,0.0,,,,,0.0,0.0,,71.96,60.08,,,,,,,,,,,,,9999.0,,,,,,,,,,,9999.0,,,,,
1940,5,23,,,,,,,,,,0.0,,,,,0.0,0.0,,,,,,,,,,,,,,,,-99.0,,,,,,,,,,,-99.0,,,,,
1940,5,24,,,,,,,,,,,,,,,,,,,,,,,,,,,,,,,,99.0,,,,,,,,,,,99.0,,,,,
1940,5,25,,,,,,,,,,0.0,,,,,0.0,0.0,,71.06,60.08,,,,,,,,,,,,,-9999.0,,,,,,,,,,,-9999.0,,,,,
1940,5,26,,,,,,,,,,0.0,,,,,0.0,0.0,,32.0,32.0,,,,,,,,,,,,,-9.0,,,,,,,,,,,-9.0,,,,,
1940,5,27,,,,,,,,,,0.0,,,,,0.0,0.0,,69.08,59.0,,,,,,,,,,,,,999.0,,,,,,,,,,,999.0,,,,,
1940,5,28,,,,,,,,,,0.0,,,,,0.0,0.0,,,,,,,,,,,,,,,,-999.0,,,,,,,,,,,-999.0,,,,,
1940,5,30,,,,,,,,,,0.0,,,,,0.0,0.0,,69.98,60.980000000000004,,,,,,,,,,,,,9999.0,,,,,,,,,,,9999.0,,,,,
1940,5,31,,,,,,,,,,0.0,,,,,0.0,0.0,,,,,,,,,,,,,,,,-99.0,,,,,,,,,,,-99.0,,,,,
1940,6,1,,,,,,,,,,0.0,,,,,0.0,0.0,,75.02,57.02,,,,,,,,,,,,,,,,,,,-9999.0,,,,,-9999.0,,,,,
1940,6,2,,,,,,,,,,0.0,,,,,0.0,0.0,,32.0,32.0,,,,,,,,,,,,,,,,,,,-9.0,,,,,-9.0,,,,,
1940,6,3,,,,,,,,,,0.0,,,,,0.0,0.0,,71.06,57.02,,,,,,,,,,,,,,,,,,,999.0,,,,,999.0,,,,,
1940,6,4,,,,,,,,,,0.0,,,,,0.0,0.0,,,,,,,,,,,,,,,,,,,,,,-999.0,,,,,-999.0,,,,,
1940,6,6,,,,,,,,,,0.0,,,,,0.0,0.0,,69.08,60.08,,,,,,,,,,,,,,,,,,,9999.0,,,,,9999.0,,,,,
1940,6,7,,,,,,,,,,0.0,,,,,0.0,0.0,,,,,,,,,,,,,,,,,,,,,,-99.0,,,,,-99.0,,,,,
1940,6,8,,,,,,,,,,,,,,,,,,,,,,,,,,,,,,,,,,,,,,99.0,,,,,99.0,,,,,
1940,6,9,,,,,,,,,,0.0,,,,,0.0,0.0,,68.0,60.980000000000004,,,,,,,,,,,,,,,,,,,-9999.0,,,,,-9999.0,,,,,
1940,6,10,,,,,,,,,,0.0,,,,,0.0,0.0,,32.0,32.0,,,,,,,,,,,,,,,,,,,-9.0,,,,,-9.0,,,,,
1940,6,11,,,,,,,,,,,,,,,0.0,0.0,,66.02,60.08,,,,,,,,,,,,,,,,,,,999.0,,,,,999.0,,,,,
1940,6,12,,,,,,,,,,0.0,,,,,0.0,0.0,,,,,,,,,,,,,,,,,,,,,,-999.0,,,,,-999.0,,,,,
1940,6,14,,,,,,,,,,0.0,,,,,0.0,0.0,,68.0,60.980000000000004,,,,,,,,,,,,,,,,,,,9999.0,,,,,9999.0,,,,,
1940,6,15,,,,,,,,,,0.0,,,,,0.0,0.0,,,,,,,,,,,,,,,,,,,,,,,,,,,-99.0,,,,,
1940,6,16,,,,,,,,,,,,,,,,,,,,,,,,,,,,,,,,,,,,,,,,,,,99.0,,,,,
1940,6,17,,,,,,,,,,0.0,,,,,0.0,0.0,,69.08,60.08,,,,,,,,,,,,,,,,,,,1.0,,,,,-9999.0,,,,,
1940,6,18,,,,,,,,,,0.0,,,,,0.0,0.0,,32.0,32.0,,,,,,,,,,,,,,,,,,,0.0,,,,,-9.0,,,,,
1940,6,19,,,,,,,,,,0.0,,,,,0.0,0.0,,69.98,59.0,,,,,,,,,,,,,,,,,,,1.0,,,,,999.0,,,,,
1940,6,20,,,,,,,,,,0.0,,,,,0.0,0.0,,,,,,,,,,,,,,,,,,,,,,0.0,,,,,-999.0,,,,,
1940,6,22,,,,,,,,,,0.0,,,,,0.0,0.0,,69.98,59.0,,,,,,,,,,,,,,,,,,,9999.0,,,,,9999.0,,,,,
1940,6,23,,,,,,,,,,0.0,,,,,0.0,0.0,,,,,,,,,,,,,,,,,,,,,,-99.0,,,,,,,,,,
1940,6,24,,,,,,,,,,,,,,,,,,,,,,,,,,,,,,,,,,,,,,99.0,,,,,,,,,,
1940,6,25,,,,,,,,,,0.0,,,,,0.0,0.0,,69.08,60.08,,,,,,,,,,,,,,,,,,,-9999.0,,,,,-9999.0,,,,,
1940,6,26,,,,,,,,,,0.0,,,,,0.0,0.0,,32.0,32.0,,,,,,,,,,,,,,,,,,,,,,,,-9.0,,,,,
1940,6,27,,,,,,,,,,0.0,,,,,0.0,0.0,,69.08,60.08,,,,,,,,,,,,,,,,,,,1.0,,,,,999.0,,,,,
1940,6,28,,,,,,,,,,0.0,,,,,0.0,0.0,,,,,,,,,,,,,,,,,,,,,,,,,,,-999.0,,,,,
1940,6,30,,,,,,,,,,0.0,,,,,0.0,0.0,,73.04,57.02,,,,,,,,,,,,,,,,,,,9999.0,,,,,9999.0,,,,,
1940,6,31,,,,,,,,,,0.0,,,,,0.0,0.0,,,,,,,,,,,,,,,,,,,,,,-99.0,,,,,-99.0,,,,,
1940,7,1,,,,,,,,,,0.0,,,,,0.0,0.0,,69.98,60.980000000000004,,,,,,,,,,,,,-9999.0,,,,,,1.0,,,,,-9999.0,,,,,
1940,7,2,,,,,,,,,,,,,,,0.0,0.0,,32.0,32.0,,,,,,,,,,,,,-9.0,,,,,,,,,,,-9.0,,,,,
1940,7,3,,,,,,,,,,0.0,,,,,0.0,0.0,,69.98,62.059999999999995,,,,,,,,,,,,,999.0,,,,,,999.0,,,,,999.0,,,,,
1940,7,4,,,,,,,,,,0.0,,,,,0.0,0.0,,,,,,,,,,,,,,,,-999.0,,,,,,,,,,,-999.0,,,,,
1940,7,6,,,,,,,,,,0.0,,,,,0.0,0.0,,71.96,57.92,,,,,,,,,,,,,9999.0,,,,,,1.0,,,,,9999.0,,,,,
1940,7,7,,,,,,,,,,0.0,,,,,0.0,0.0,,,,,,,,,,,,,,,,-99.0,,,,,,0.0,,,,,,,,,,
1940,7,8,,,,,,,,,,,,,,,,,,,,,,,,,,,,,,,,99.0,,,,,,,,,,,,,,,,
1940,7,9,,,,,,,,,,0.0,,,,,0.0,0.0,,75.02,60.08,,,,,,,,,,,,,1.0,,,,,,-9999.0,,,,,-9999.0,,,,,
1940,7,10,,,,,,,,,,0.0,,,,,0.0,0.0,,32.0,32.0,,,,,,,,,,,,,,,,,,,,,,,,-9.0,,,,,
1940,7,11,,,,,,,,,,0.0,,,,,0.0,0.0,,75.92,60.08,,,,,,,,,,,,,999.0,,,,,,1.0,,,,,999.0,,,,,
1940,7,12,,,,,,,,,,0.0,,,,,0.0,0.0,,,,,,,,,,,,,,,,-999.0,,,,,,0.0,,,,,-999.0,,,,,
1940,7,13,,,,,,,,,,,,,,,,,,,,,,,,,,,,,,,,9.0,,,,,,,,,,,,,,,,
1940,7,14,,,,,,,,,,0.0,,,,,0.0,0.0,,82.04,57.92,,,,,,,,,,,,,1.0,,,,,,9999.0,,,,,9999.0,,,,,
1940,7,15,,,,,,,,,,0.0,,,,,0.0,0.0,,,,,,,,,,,,,,,,,,,,,,-99.0,,,,,-99.0,,,,,
1940,7,16,,,,,,,,,,,,,,,,,,,,,,,,,,,,,,,,99.0,,,,,,99.0,,,,,99.0,,,,,
1940,7,17,,,,,,,,,,0.0,,,,,0.0,0.0,,84.91999999999999,62.059999999999995,,,,,,,,,,,,,-9999.0,,,,,,-9999.0,,,,,-9999.0,,,,,
1940,7,18,,,,,,,,,,0.0,,,,,0.0,0.0,,32.0,32.0,,,,,,,,,,,,,-9.0,,,,,,-9.0,,,,,-9.0,,,,,
1940,7,19,,,,,,,,,,0.0,,,,,0.0,0.0,,80.96,62.059999999999995,,,,,,,,,,,,,999.0,,,,,,999.0,,,,,999.0,,,,,
1940,7,20,,,,,,,,,,0.0,,,,,0.0,0.0,,,,,,,,,,,,,,,,-999.0,,,,,,-999.0,,,,,-999.0,,,,,
1940,7,22,,,,,,,,,,0.0,,,,,0.0,0.0,,77.0,62.959999999999994,,,,,,,,,,,,,9999.0,,,,,,9999.0,,,,,9999.0,,,,,
1940,7,23,,,,,,,,,,0.0,,,,,0.0,0.0,,,,,,,,,,,,,,,,-99.0,,,,,,-99.0,,,,,-99.0,,,,,
1940,7,24,,,,,,,,,,,,,,,,,,,,,,,,,,,,,,,,99.0,,,,,,99.0,,,,,99.0,,,,,
1940,7,25,,,,,,,,,,0.0,,,,,0.0,0.0,,71.96,60.08,,,,,,,,,,,,,-9999.0,,,,,,-9999.0,,,,,-9999.0,,,,,
1940,7,26,,,,,,,,,,0.0,,,,,0.0,0.0,,32.0,32.0,,,,,,,,,,,,,-9.0,,,,,,-9.0,,,,,-9.0,,,,,
1940,7,27,,,,,,,,,,0.0,,,,,0.0,0.0,,71.96,62.959999999999994,,,,,,,,,,,,,999.0,,,,,,999.0,,,,,999.0,,,,,
1940,7,28,,,,,,,,,,0.0,,,,,0.0,0.0,,,,,,,,,,,,,,,,-999.0,,,,,,-999.0,,,,,-999.0,,,,,
1940,7,30,,,,,,,,,,0.0,,,,,0.0,0.0,,73.04,60.08,,,,,,,,,,,,,9999.0,,,,,,9999.0,,,,,9999.0,,,,,
1940,7,31,,,,,,,,,,0.0,,,,,0.0,0.0,,,,,,,,,,,,,,,,-99.0,,,,,,-99.0,,,,,-99.0,,,,,
1940,8,1,,,,,,,,,,0.0,,,,,0.0,0.0,,77.0,60.980000000000004,,,,,,,,,,,,,-9999.0,,,,,,-9999.0,,,,,,,,,,
1940,8,2,,,,,,,,,,0.0,,,,,0.0,0.0,,32.0,32.0,,,,,,,,,,,,,-9.0,,,,,,-9.0,,,,,,,,,,
1940,8,3,,,,,,,,,,0.0,,,,,0.0,0.0,,75.02,62.959999999999994,,,,,,,,,,,,,999.0,,,,,,999.0,,,,,,,,,,
1940,8,4,,,,,,,,,,0.0,,,,,0.0,0.0,,,,,,,,,,,,,,,,-999.0,,,,,,-999.0,,,,,,,,,,
1940,8,6,,,,,,,,,,0.0,,,,,0.0,0.0,,77.0,60.980000000000004,,,,,,,,,,,,,9999.0,,,,,,9999.0,,,,,,,,,,
1940,8,7,,,,,,,,,,0.0,,,,,0.0,0.0,,,,,,,,,,,,,,,,-99.0,,,,,,-99.0,,,,,,,,,,
1940,8,8,,,,,,,,,,,,,,,,,,,,,,,,,,,,,,,,99.0,,,,,,99.0,,,,,,,,,,
1940,8,9,,,,,,,,,,0.0,,,,,0.0,0.0,,75.02,64.04,,,,,,,,,,,,,-9999.0,,,,,,-9999.0,,,,,,,,,,
1940,8,10,,,,,,,,,,0.0,,,,,0.0,0.0,,32.0,32.0,,,,,,,,,,,,,-9.0,,,,,,-9.0,,,,,,,,,,
1940,8,11,,,,,,,,,,0.0,,,,,0.0,0.0,,75.92,66.02,,,,,,,,,,,,,999.0,,,,,,999.0,,,,,,,,,,
1940,8,12,,,,,,,,,,0.0,,,,,0.0,0.0,,,,,,,,,,,,,,,,-999.0,,,,,,-999.0,,,,,,,,,,
1940,8,14,,,,,,,,,,0.0,,,,,0.0,0.0,,75.02,66.02,,,,,,,,,,,,,9999.0,,,,,,9999.0,,,,,,,,,,
1940,8,15,,,,,,,,,,0.0,,,,,0.0,0.0,,,,,,,,,,,,,,,,-99.0,,,,,,-99.0,,,,,,,,,,
1940,8,16,,,,,,,,,,,,,,,,,,,,,,,,,,,,,,,,99.0,,,,,,99.0,,,,,,,,,,
1940,8,17,,,,,,,,,,0.0,,,,,0.0,0.0,,78.08,64.04,,,,,,,,,,,,,-9999.0,,,,,,-9999.0,,,,,,,,,,
1940,8,18,,,,,,,,,,0.0,,,,,0.0,0.0,,32.0,32.0,,,,,,,,,,,,,-9.0,,,,,,,,,,,,,,,,
1940,8,19,,,,,,,,,,0.0,,,,,0.0,0.0,,75.02,64.94,,,,,,,,,,,,,999.0,,,,,,1.0,,,,,,,,,,
1940,8,20,,,,,,,,,,0.0,,,,,0.0,0.0,,,,,,,,,,,,,,,,-999.0,,,,,,,,,,,,,,,,
1940,8,22,,,,,,,,,,0.0,,,,,0.0,0.0,,71.06,62.959999999999994,,,,,,,,,,,,,9999.0,,,,,,9999.0,,,,,,,,,,
1940,8,23,,,,,,,,,,0.0,,,,,0.0,0.0,,,,,,,,,,,,,,,,-99.0,,,,,,-99.0,,,,,,,,,,
1940,8,24,,,,,,,,,,,,,,,,,,,,,,,,,,,,,,,,99.0,,,,,,99.0,,,,,,,,,,
1940,8,25,,,,,,,,,,0.0,,,,,0.0,0.0,,73.94,64.04,,,,,,,,,,,,,-9999.0,,,,,,-9999.0,,,,,,,,,,
1940,8,26,,,,,,,,,,0.0,,,,,0.0,0.0,,32.0,32.0,,,,,,,,,,,,,-9.0,,,,,,-9.0,,,,,,,,,,
1940,8,27,,,,,,,,,,0.0,,,,,0.0,0.0,,75.92,62.059999999999995,,,,,,,,,,,,,999.0,,,,,,999.0,,,,,,,,,,
1940,8,28,,,,,,,,,,0.0,,,,,0.0,0.0,,,,,,,,,,,,,,,,-999.0,,,,,,-999.0,,,,,,,,,,
1940,8,30,,,,,,,,,,0.0,,,,,0.0,0.0,,80.06,62.959999999999994,,,,,,,,,,,,,9999.0,,,,,,9999.0,,,,,,,,,,
1940,8,31,,,,,,,,,,0.0,,,,,0.0,0.0,,,,,,,,,,,,,,,,,,,,,,-99.0,,,,,,,,,,
1940,9,1,,,,,,,,,,0.0,,,,,0.0,0.0,,73.04,64.04,,,,,,,,,,,,,,,,,,,-9999.0,,,,,-9999.0,,,,,
1940,9,2,,,,,,,,,,0.0,,,,,0.0,0.0,,32.0,32.0,,,,,,,,,,,,,,,,,,,-9.0,,,,,,,,,,
1940,9,3,,,,,,,,,,,,,,,0.0,0.0,,69.98,62.959999999999994,,,,,,,,,,,,,,,,,,,999.0,,,,,1.0,,,,,
1940,9,4,,,,,,,,,,0.0,,,,,0.0,0.0,,,,,,,,,,,,,,,,,,,,,,-999.0,,,,,0.0,,,,,
1940,9,6,,,,,,,,,,0.0,,,,,0.0,0.0,,73.94,60.08,,,,,,,,,,,,,,,,,,,9999.0,,,,,9999.0,,,,,
1940,9,7,,,,,,,,,,0.0,,,,,0.0,0.0,,,,,,,,,,,,,,,,,,,,,,-99.0,,,,,-99.0,,,,,
1940,9,8,,,,,,,,,,,,,,,,,,,,,,,,,,,,,,,,,,,,,,99.0,,,,,99.0,,,,,
1940,9,9,,,,,,,,,,0.0,,,,,0.0,0.0,,75.02,57.02,,,,,,,,,,,,,,,,,,,-9999.0,,,,,-9999.0,,,,,
1940,9,10,,,,,,,,,,0.0,,,,,0.0,0.0,,32.0,32.0,,,,,,,,,,,,,,,,,,,-9.0,,,,,-9.0,,,,,
1940,9,11,,,,,,,,,,0.0,,,,,0.0,0.0,,75.02,60.980000000000004,,,,,,,,,,,,,,,,,,,999.0,,,,,999.0,,,,,
1940,9,12,,,,,,,,,,0.0,,,,,0.0,0.0,,,,,,,,,,,,,,,,,,,,,,-999.0,,,,,-999.0,,,,,
1940,9,14,,,,,,,,,,0.0,,,,,0.0,0.0,,77.0,62.059999999999995,,,,,,,,,,,,,,,,,,,9999.0,,,,,9999.0,,,,,
1940,9,15,,,,,,,,,,0.0,,,,,0.0,0.0,,,,,,,,,,,,,,,,,,,,,,-99.0,,,,,-99.0,,,,,
1940,9,16,,,,,,,,,,,,,,,,,,,,,,,,,,,,,,,,,,,,,,99.0,,,,,99.0,,,,,
1940,9,17,,,,,,,,,,0.0,,,,,0.0,0.0,,73.94,62.959999999999994,,,,,,,,,,,,,,,,,,,-9999.0,,,,,-9999.0,,,,,
1940,9,18,,,,,,,,,,,,,,,0.0,0.0,,32.0,32.0,,,,,,,,,,,,,,,,,,,-9.0,,,,,-9.0,,,,,
1940,9,19,,,,,,,,,,0.0,,,,,0.0,0.0,,73.94,62.059999999999995,,,,,,,,,,,,,,,,,,,999.0,,,,,999.0,,,,,
1940,9,20,,,,,,,,,,0.0,,,,,0.0,0.0,,,,,,,,,,,,,,,,,,,,,,-999.0,,,,,-999.0,,,,,
1940,9,22,,,,,,,,,,0.0,,,,,0.0,0.0,,75.92,57.92,,,,,,,,,,,,,,,,,,,9999.0,,,,,9999.0,,,,,
1940,9,23,,,,,,,,,,0.0,,,,,0.0,0.0,,,,,,,,,,,,,,,,,,,,,,-99.0,,,,,-99.0,,,,,
1940,9,24,,,,,,,,,,,,,,,,,,,,,,,,,,,,,,,,,,,,,,99.0,,,,,99.0,,,,,
1940,9,25,,,,,,,,,,0.0,,,,,0.0,0.0,,75.92,57.92,,,,,,,,,,,,,,,,,,,-9999.0,,,,,-9999.0,,,,,
1940,9,26,,,,,,,,,,,,,,,0.0,0.0,,32.0,32.0,,,,,,,,,,,,,,,,,,,-9.0,,,,,-9.0,,,,,
1940,9,27,,,,,,,,,,8.0,,,,,0.0,0.0,,77.0,64.94,,,,,,,,,,,,,,,,,,,999.0,,,,,999.0,,,,,
1940,9,28,,,,,,,,,,0.0,,,,,0.0,0.0,,,,,,,,,,,,,,,,,,,,,,-999.0,,,,,-999.0,,,,,
1940,9,30,,,,,,,,,,0.0,,,,,0.0,0.0,,75.92,62.959999999999994,,,,,,,,,,,,,,,,,,,9999.0,,,,,9999.0,,,,,
1940,9,31,,,,,,,,,,0.0,,,,,0.0,0.0,,,,,,,,,,,,,,,,,,,,,,-99.0,,,,,-99.0,,,,,
1940,10,1,,,,,,,,,,0.0,,,,,0.0,0.0,,75.02,60.08,,,,,,,,,,,,,-9999.0,,,,,,-9999.0,,,,,,,,,,
1940,10,2,,,,,,,,,,0.0,,,,,0.0,0.0,,32.0,32.0,,,,,,,,,,,,,-9.0,,,,,,-9.0,,,,,,,,,,
1940,10,3,,,,,,,,,,0.0,,,,,0.0,0.0,,75.02,60.980000000000004,,,,,,,,,,,,,999.0,,,,,,999.0,,,,,,,,,,
1940,10,4,,,,,,,,,,0.0,,,,,0.0,0.0,,,,,,,,,,,,,,,,-999.0,,,,,,-999.0,,,,,,,,,,
1940,10,6,,,,,,,,,,,,,,,0.0,0.0,,73.94,60.980000000000004,,,,,,,,,,,,,9999.0,,,,,,9999.0,,,,,,,,,,
1940,10,7,,,,,,,,,,0.0,,,,,0.0,0.0,,,,,,,,,,,,,,,,-99.0,,,,,,-99.0,,,,,,,,,,
1940,10,8,,,,,,,,,,,,,,,,,,,,,,,,,,,,,,,,99.0,,,,,,99.0,,,,,,,,,,
1940,10,9,,,,,,,,,,0.0,,,,,0.0,0.0,,73.04,55.94,,,,,,,,,,,,,-9999.0,,,,,,1.0,,,,,,,,,,
1940,10,10,,,,,,,,,,0.0,,,,,0.0,0.0,,32.0,32.0,,,,,,,,,,,,,-9.0,,,,,,0.0,,,,,,,,,,
1940,10,11,,,,,,,,,,0.0,,,,,0.0,0.0,,71.96,62.059999999999995,,,,,,,,,,,,,999.0,,,,,,1.0,,,,,,,,,,
1940,10,12,,,,,,,,,,0.0,,,,,0.0,0.0,,,,,,,,,,,,,,,,-999.0,,,,,,,,,,,,,,,,
1940,10,14,,,,,,,,,,0.0,,,,,0.0,0.0,,71.96,60.08,,,,,,,,,,,,,9999.0,,,,,,9999.0,,,,,,,,,,
1940,10,15,,,,,,,,,,0.0,,,,,0.0,0.0,,,,,,,,,,,,,,,,-99.0,,,,,,-99.0,,,,,,,,,,
1940,10,16,,,,,,,,,,,,,,,,,,,,,,,,,,,,,,,,99.0,,,,,,99.0,,,,,,,,,,
1940,10,17,,,,,,,,,,0.0,,,,,0.0,0.0,,84.02,55.94,,,,,,,,,,,,,1.0,,,,,,-9999.0,,,,,,,,,,
1940,10,18,,,,,,,,,,0.0,,,,,0.0,0.0,,32.0,32.0,,,,,,,,,,,,,,,,,,,-9.0,,,,,,,,,,
1940,10,19,,,,,,,,,,0.0,,,,,0.0,0.0,,86.0,59.0,,,,,,,,,,,,,999.0,,,,,,999.0,,,,,,,,,,
1940,10,20,,,,,,,,,,0.0,,,,,0.0,0.0,,,,,,,,,,,,,,,,,,,,,,-999.0,,,,,,,,,,
1940,10,21,,,,,,,,,,,,,,,,,,,,,,,,,,,,,,,,,,,,,,9.0,,,,,,,,,,
1940,10,22,,,,,,,,,,0.0,,,,,0.0,0.0,,73.04,59.0,,,,,,,,,,,,,9999.0,,,,,,1.0,,,,,,,,,,
1940,10,23,,,,,,,,,,0.0,,,,,0.0,0.0,,,,,,,,,,,,,,,,,,,,,,,,,,,,,,,,
1940,10,24,,,,,,,,,,,,,,,,,,,,,,,,,,,,,,,,,,,,,,99.0,,,,,,,,,,
1940,10,25,,,,,,,,,,0.0,,,,,0.0,0.0,,75.92,60.980000000000004,,,,,,,,,,,,,1.0,,,,,,-9999.0,,,,,,,,,,
1940,10,26,,,,,,,,,,0.0,,,,,0.0,0.0,,32.0,32.0,,,,,,,,,,,,,,,,,,,-9.0,,,,,,,,,,
1940,10,27,,,,,,,,,,0.0,,,,,0.0,0.0,,78.98,57.92,,,,,,,,,,,,,999.0,,,,,,999.0,,,,,,,,,,
1940,10,28,,,,,,,,,,0.0,,,,,0.0,0.0,,,,,,,,,,,,,,,,-999.0,,,,,,-999.0,,,,,,,,,,
1940,10,29,,,,,,,,,,,,,,,,,,,,,,,,,,,,,,,,9.0,,,,,,,,,,,,,,,,
1940,10,30,,,,,,,,,,0.0,,,,,0.0,0.0,,89.96000000000001,62.059999999999995,,,,,,,,,,,,,1.0,,,,,,9999.0,,,,,,,,,,
1940,10,31,,,,,,,,,,0.0,,,,,0.0,0.0,,,,,,,,,,,,,,,,0.0,,,,,,-99.0,,,,,,,,,,
1940,11,1,,,,,,,,,,0.0,,,,,0.0,0.0,,75.92,51.98,,,,,,,,,,,,,-9999.0,,,,,,1.0,,,,,,,,,,
1940,11,2,,,,,,,,,,0.0,,,,,0.0,0.0,,32.0,32.0,,,,,,,,,,,,,,,,,,,,,,,,,,,,,
1940,11,3,,,,,,,,,,0.0,,,,,0.0,0.0,,71.96,53.96,,,,,,,,,,,,,1.0,,,,,,999.0,,,,,,,,,,
1940,11,4,,,,,,,,,,0.0,,,,,0.0,0.0,,,,,,,,,,,,,,,,,,,,,,-999.0,,,,,,,,,,
1940,11,6,,,,,,,,,,0.0,,,,,0.0,0.0,,68.0,51.08,,,,,,,,,,,,,9999.0,,,,,,9999.0,,,,,,,,,,
1940,11,7,,,,,,,,,,0.0,,,,,0.0,0.0,,,32.0,,,,,,,,,,,,,-99.0,,,,,,-99.0,,,,,,,,,,
1940,11,8,,,,,,,,,,,,,,,,,,,,,,,,,,,,,,,,99.0,,,,,,99.0,,,,,,,,,,
1940,11,9,,,,,,,,,,0.0,,,,,0.0,0.0,,71.06,48.92,,,,,,,,,,,,,-9999.0,,,,,,-9999.0,,,,,,,,,,
1940,11,10,,,,,,,,,,0.0,,,,,0.0,0.0,,32.0,32.0,,,,,,,,,,,,,-9.0,,,,,,-9.0,,,,,,,,,,
1940,11,11,,,,,,,,,,0.0,,,,,0.0,0.0,,71.06,50.0,,,,,,,,,,,,,999.0,,,,,,999.0,,,,,,,,,,
1940,11,12,,,,,,,,,,0.0,,,,,0.0,0.0,,,,,,,,,,,,,,,,-999.0,,,,,,-999.0,,,,,,,,,,
1940,11,14,,,,,,,,,,,,,,,0.0,0.0,,64.94,57.92,,,,,,,,,,,,,9999.0,,,,,,9999.0,,,,,,,,,,
1940,11,15,,,,,,,,,,0.0,,,,,0.0,0.0,,,,,,,,,,,,,,,,-99.0,,,,,,-99.0,,,,,,,,,,
1940,11,16,,,,,,,,,,,,,,,,,,,,,,,,,,,,,,,,99.0,,,,,,99.0,,,,,,,,,,
1940,11,17,,,,,,,,,,0.0,,,,,0.0,0.0,,69.08,48.92,,,,,,,,,,,,,-9999.0,,,,,,-9999.0,,,,,,,,,,
1940,11,18,,,,,,,,,,0.0,,,,,0.0,0.0,,32.0,32.0,,,,,,,,,,,,,-9.0,,,,,,-9.0,,,,,,,,,,
1940,11,19,,,,,,,,,,0.0,,,,,0.0,0.0,,75.02,48.92,,,,,,,,,,,,,999.0,,,,,,999.0,,,,,,,,,,
1940,11,20,,,,,,,,,,0.0,,,,,0.0,0.0,,,,,,,,,,,,,,,,-999.0,,,,,,-999.0,,,,,,,,,,
1940,11,22,,,,,,,,,,0.0,,,,,0.0,0.0,,80.06,51.98,,,,,,,,,,,,,9999.0,,,,,,9999.0,,,,,,,,,,
1940,11,23,,,,,,,,,,0.0,,,,,0.0,0.0,,,,,,,,,,,,,,,,-99.0,,,,,,-99.0,,,,,,,,,,
1940,11,24,,,,,,,,,,,,,,,,,,,,,,,,,,,,,,,,99.0,,,,,,99.0,,,,,,,,,,
1940,11,25,,,,,,,,,,0.0,,,,,0.0,0.0,,78.08,55.94,,,,,,,,,,,,,-9999.0,,,,,,-9999.0,,,,,,,,,,
1940,11,26,,,,,,,,,,0.0,,,,,0.0,0.0,,32.0,32.0,,,,,,,,,,,,,-9.0,,,,,,-9.0,,,,,,,,,,
1940,11,27,,,,,,,,,,69.0,,,,,0.0,0.0,,66.02,55.04,,,,,,,,,,,,,999.0,,,,,,999.0,,,,,,,,,,
1940,11,28,,,,,,,,,,,,,,,0.0,0.0,,,,,,,,,,,,,,,,,,,,,,-999.0,,,,,,,,,,
1940,11,30,,,,,,,,,,0.0,,,,,0.0,0.0,,68.0,51.98,,,,,,,,,,,,,9999.0,,,,,,9999.0,,,,,,,,,,
1940,11,31,,,,,,,,,,0.0,,,,,0.0,0.0,,,32.0,,,,,,,,,,,,,-99.0,,,,,,,,,,,,,,,,
1940,12,1,,,,,,,,,,0.0,,,,,0.0,0.0,,71.06,48.02,,,,,,,,,,,,,-9999.0,,-9999.0,,,,1.0,,,,,,,,,,
1940,12,2,,,,,,,,,,0.0,,,,,0.0,0.0,,32.0,32.0,,,,,,,,,,,,,-9.0,,-9.0,,,,0.0,,,,,,,,,,
1940,12,3,,,,,,,,,,0.0,,,,,0.0,0.0,,80.06,48.92,,,,,,,,,,,,,999.0,,999.0,,,,1.0,,,,,,,,,,
1940,12,4,,,,,,,,,,0.0,,,,,0.0,0.0,,,,,,,,,,,,,,,,-999.0,,-999.0,,,,,,,,,,,,,,
1940,12,6,,,,,,,,,,0.0,,,,,0.0,0.0,,78.98,55.04,,,,,,,,,,,,,9999.0,,9999.0,,,,9999.0,,,,,,,,,,
1940,12,7,,,,,,,,,,0.0,,,,,0.0,0.0,,,,,,,,,,,,,,,,-99.0,,-99.0,,,,,,,,,,,,,,
1940,12,8,,,,,,,,,,,,,,,,,,,,,,,,,,,,,,,,99.0,,99.0,,,,,,,,,,,,,,
1940,12,9,,,,,,,,,,0.0,,,,,0.0,0.0,,73.04,48.02,,,,,,,,,,,,,-9999.0,,-9999.0,,,,1.0,,,,,,,,,,
1940,12,10,,,,,,,,,,0.0,,,,,0.0,0.0,,32.0,32.0,,,,,,,,,,,,,,,-9.0,,,,,,,,,,,,,,
1940,12,11,,,,,,,,,,0.0,,,,,0.0,0.0,,80.06,46.94,,,,,,,,,,,,,1.0,,999.0,,,,999.0,,,,,,,,,,
1940,12,12,,,,,,,,,,0.0,,,,,0.0,0.0,,,,,,,,,,,,,,,,0.0,,-999.0,,,,-999.0,,,,,,,,,,
1940,12,13,,,,,,,,,,,,,,,,,,,,,,,,,,,,,,,,,,,,,,9.0,,,,,,,,,,
1940,12,14,,,,,,,,,,3.0,,,,,0.0,0.0,,75.02,53.96,,,,,,,,,,,,,9999.0,,9999.0,,,,1.0,,,,,,,,,,
1940,12,15,,,,,,,,,,0.0,,,,,0.0,0.0,,,,,,,,,,,,,,,,-99.0,,-99.0,,,,,,,,,,,,,,
1940,12,16,,,,,,,,,,,,,,,,,,,,,,,,,,,,,,,,99.0,,99.0,,,,99.0,,,,,,,,,,
1940,12,17,,,,,,,,,,0.0,,,,,0.0,0.0,,66.02,55.94,,,,,,,,,,,,,-9999.0,,-9999.0,,,,-9999.0,,,,,,,,,,
1940,12,18,,,,,,,,,,0.0,,,,,0.0,0.0,,32.0,32.0,,,,,,,,,,,,,-9.0,,-9.0,,,,-9.0,,,,,,,,,,
1940,12,19,,,,,,,,,,5.0,,,,,0.0,0.0,,64.94,53.06,,,,,,,,,,,,,999.0,,999.0,,,,999.0,,,,,,,,,,
1940,12,20,,,,,,,,,,0.0,,,,,0.0,0.0,,,,,,,,,,,,,,,,-999.0,,-999.0,,,,-999.0,,,,,,,,,,
1940,12,22,,,,,,,,,,0.0,,,,,0.0,0.0,,69.08,51.98,,,,,,,,,,,,,9999.0,,9999.0,,,,9999.0,,,,,,,,,,
1940,12,23,,,,,,,,,,0.0,,,,,0.0,0.0,,,32.0,,,,,,,,,,,,,-99.0,,-99.0,,,,-99.0,,,,,,,,,,
1940,12,24,,,,,,,,,,,,,,,,,,,,,,,,,,,,,,,,99.0,,99.0,,,,99.0,,,,,,,,,,
1940,12,25,,,,,,,,,,76.0,,,,,0.0,0.0,,66.92,55.04,,,,,,,,,,,,,-9999.0,,-9999.0,,,,-9999.0,,,,,,,,,,
1940,12,26,,,,,,,,,,0.0,,,,,0.0,0.0,,32.0,32.0,,,,,,,,,,,,,-9.0,,-9.0,,,,-9.0,,,,,,,,,,
1940,12,27,,,,,,,,,,272.0,,,,,0.0,0.0,,69.08,57.02,,,,,,,,,,,,,999.0,,999.0,,,,999.0,,,,,,,,,,
1940,12,28,,,,,,,,,,0.0,,,,,0.0,0.0,,,,,,,,,,,,,,,,-999.0,,-999.0,,,,-999.0,,,,,,,,,,
1940,12,30,,,,,,,,,,0.0,,,,,0.0,0.0,,66.92,53.06,,,,,,,,,,,,,9999.0,,9999.0,,,,9999.0,,,,,,,,,,
1940,12,31,,,,,,,,,,0.0,,,,,0.0,0.0,,,,,,,,,,,,,,,,-99.0,,-99.0,,,,-99.0,,,,,,,,,,
1941,1,1,,,,,,,,,,0.0,,,,,0.0,0.0,,68.0,48.92,,,,,,,,,,,,,,,,,,,-9999.0,,,,,-9999.0,,,,,
1941,1,2,,,,,,,,,,0.0,,,,,0.0,0.0,,32.0,32.0,,,,,,,,,,,,,,,,,,,-9.0,,,,,-9.0,,,,,
1941,1,3,,,,,,,,,,0.0,,,,,0.0,0.0,,66.92,46.94,,,,,,,,,,,,,,,,,,,999.0,,,,,999.0,,,,,
1941,1,4,,,,,,,,,,0.0,,,,,0.0,0.0,,,,,,,,,,,,,,,,,,,,,,-999.0,,,,,-999.0,,,,,
1941,1,5,,,,,,,,,,,,,,,,,,,,,,,,,,,,,,,,,,,,,,,,,,,9.0,,,,,
1941,1,6,,,,,,,,,,8.0,,,,,0.0,0.0,,64.04,46.04,,,,,,,,,,,,,,,,,,,9999.0,,,,,1.0,,,,,
1941,1,7,,,,,,,,,,0.0,,,,,0.0,0.0,,,,,,,,,,,,,,,,,,,,,,-99.0,,,,,,,,,,
1941,1,8,,,,,,,,,,,,,,,,,,,,,,,,,,,,,,,,,,,,,,99.0,,,,,99.0,,,,,
1941,1,9,,,,,,,,,,0.0,,,,,0.0,0.0,,64.94,51.98,,,,,,,,,,,,,,,,,,,-9999.0,,,,,-9999.0,,,,,
1941,1,10,,,,,,,,,,0.0,,,,,0.0,0.0,,32.0,32.0,,,,,,,,,,,,,,,,,,,-9.0,,,,,-9.0,,,,,
1941,1,11,,,,,,,,,,0.0,,,,,0.0,0.0,,69.98,48.92,,,,,,,,,,,,,,,,,,,999.0,,,,,999.0,,,,,
1941,1,12,,,,,,,,,,0.0,,,,,0.0,0.0,,,,,,,,,,,,,,,,,,,,,,-999.0,,,,,-999.0,,,,,
1941,1,14,,,,,,,,,,,,,,,0.0,0.0,,68.0,55.94,,,,,,,,,,,,,,,,,,,9999.0,,,,,9999.0,,,,,
1941,1,15,,,,,,,,,,,,,,,0.0,0.0,,,,,,,,,,,,,,,,,,,,,,-99.0,,,,,-99.0,,,,,
1941,1,16,,,,,,,,,,,,,,,,,,,,,,,,,,,,,,,,,,,,,,99.0,,,,,99.0,,,,,
1941,1,17,,,,,,,,,,0.0,,,,,0.0,0.0,,64.94,53.06,,,,,,,,,,,,,,,,,,,-9999.0,,,,,-9999.0,,,,,
1941,1,18,,,,,,,,,,0.0,,,,,0.0,0.0,,32.0,32.0,,,,,,,,,,,,,,,,,,,-9.0,,,,,-9.0,,,,,
1941,1,19,,,,,,,,,,0.0,,,,,0.0,0.0,,66.92,48.02,,,,,,,,,,,,,,,,,,,999.0,,,,,999.0,,,,,
1941,1,20,,,,,,,,,,0.0,,,,,0.0,0.0,,,,,,,,,,,,,,,,,,,,,,-999.0,,,,,-999.0,,,,,
1941,1,21,,,,,,,,,,,,,,,,,,,,,,,,,,,,,,,,,,,,,,,,,,,9.0,,,,,
1941,1,22,,,,,,,,,,15.0,,,,,0.0,0.0,,62.959999999999994,50.0,,,,,,,,,,,,,,,,,,,9999.0,,,,,1.0,,,,,
1941,1,23,,,,,,,,,,0.0,,,,,0.0,0.0,,,32.0,,,,,,,,,,,,,,,,,,,-99.0,,,,,,,,,,
1941,1,24,,,,,,,,,,,,,,,,,,,,,,,,,,,,,,,,,,,,,,99.0,,,,,99.0,,,,,
1941,1,25,,,,,,,,,,0.0,,,,,0.0,0.0,,64.94,48.92,,,,,,,,,,,,,,,,,,,-9999.0,,,,,-9999.0,,,,,
1941,1,26,,,,,,,,,,0.0,,,,,0.0,0.0,,32.0,32.0,,,,,,,,,,,,,,,,,,,-9.0,,,,,-9.0,,,,,
1941,1,27,,,,,,,,,,0.0,,,,,0.0,0.0,,68.0,46.94,,,,,,,,,,,,,,,,,,,999.0,,,,,999.0,,,,,
1941,1,28,,,,,,,,,,0.0,,,,,0.0,0.0,,,,,,,,,,,,,,,,,,,,,,-999.0,,,,,-999.0,,,,,
1941,1,30,,,,,,,,,,0.0,,,,,0.0,0.0,,66.02,44.96,,,,,,,,,,,,,,,,,,,9999.0,,,,,9999.0,,,,,
1941,1,31,,,,,,,,,,0.0,,,,,0.0,0.0,,,32.0,,,,,,,,,,,,,,,,,,,-99.0,,,,,-99.0,,,,,
1941,2,1,,,,,,,,,,0.0,,,,,0.0,0.0,,64.94,51.98,,,,,,,,,,,,,,,-9999.0,,,,,,,,,-9999.0,,,,,
1941,2,2,,,,,,,,,,0.0,,,,,0.0,0.0,,32.0,32.0,,,,,,,,,,,,,,,-9.0,,,,,,,,,-9.0,,,,,
1941,2,3,,,,,,,,,,0.0,,,,,0.0,0.0,,71.06,48.02,,,,,,,,,,,,,,,999.0,,,,,,,,,999.0,,,,,
1941,2,4,,,,,,,,,,0.0,,,,,0.0,0.0,,,,,,,,,,,,,,,,,,-999.0,,,,,,,,,-999.0,,,,,
1941,2,6,,,,,,,,,,0.0,,,,,0.0,0.0,,73.94,48.92,,,,,,,,,,,,,,,9999.0,,,,,,,,,9999.0,,,,,
1941,2,7,,,,,,,,,,0.0,,,,,0.0,0.0,,,32.0,,,,,,,,,,,,,,,-99.0,,,,,,,,,-99.0,,,,,
1941,2,8,,,,,,,,,,,,,,,,,,,,,,,,,,,,,,,,,,99.0,,,,,,,,,99.0,,,,,
1941,2,9,,,,,,,,,,173.0,,,,,0.0,0.0,,60.980000000000004,51.98,,,,,,,,,,,,,,,-9999.0,,,,,,,,,-9999.0,,,,,
1941,2,10,,,,,,,,,,0.0,,,,,0.0,0.0,,32.0,32.0,,,,,,,,,,,,,,,-9.0,,,,,,,,,,,,,,
1941,2,11,,,,,,,,,,3.0,,,,,0.0,0.0,,62.959999999999994,48.02,,,,,,,,,,,,,,,999.0,,,,,,,,,1.0,,,,,
1941,2,12,,,,,,,,,,0.0,,,,,0.0,0.0,,,,,,,,,,,,,,,,,,-999.0,,,,,,,,,,,,,,
1941,2,14,,,,,,,,,,0.0,,,,,0.0,0.0,,66.92,48.92,,,,,,,,,,,,,,,9999.0,,,,,,,,,9999.0,,,,,
1941,2,15,,,,,,,,,,0.0,,,,,0.0,0.0,,,,,,,,,,,,,,,,,,-99.0,,,,,,,,,-99.0,,,,,
1941,2,16,,,,,,,,,,,,,,,,,,,,,,,,,,,,,,,,,,99.0,,,,,,,,,99.0,,,,,
1941,2,17,,,,,,,,,,74.0,,,,,0.0,0.0,,64.04,53.96,,,,,,,,,,,,,,,-9999.0,,,,,,,,,-9999.0,,,,,
1941,2,18,,,,,,,,,,0.0,,,,,0.0,0.0,,32.0,32.0,,,,,,,,,,,,,,,-9.0,,,,,,,,,-9.0,,,,,
1941,2,19,,,,,,,,,,3.0,,,,,0.0,0.0,,64.04,53.96,,,,,,,,,,,,,,,999.0,,,,,,,,,999.0,,,,,
1941,2,20,,,,,,,,,,0.0,,,,,0.0,0.0,,,,,,,,,,,,,,,,,,-999.0,,,,,,,,,-999.0,,,,,
1941,2,22,,,,,,,,,,104.0,,,,,0.0,0.0,,66.92,50.0,,,,,,,,,,,,,,,9999.0,,,,,,,,,9999.0,,,,,
1941,2,23,,,,,,,,,,0.0,,,,,0.0,0.0,,,,,,,,,,,,,,,,,,-99.0,,,,,,,,,-99.0,,,,,
1941,2,24,,,,,,,,,,,,,,,,,,,,,,,,,,,,,,,,,,99.0,,,,,,,,,99.0,,,,,
1941,2,25,,,,,,,,,,3.0,,,,,0.0,0.0,,69.08,55.04,,,,,,,,,,,,,,,-9999.0,,,,,,,,,-9999.0,,,,,
1941,2,26,,,,,,,,,,0.0,,,,,0.0,0.0,,32.0,32.0,,,,,,,,,,,,,,,-9.0,,,,,,,,,-9.0,,,,,
1941,2,27,,,,,,,,,,8.0,,,,,0.0,0.0,,66.02,55.94,,,,,,,,,,,,,,,999.0,,,,,,,,,999.0,,,,,
1941,2,28,,,,,,,,,,0.0,,,,,0.0,0.0,,,,,,,,,,,,,,,,,,-999.0,,,,,,,,,-999.0,,,,,
1941,2,30,,,,,,,,,,3.0,,,,,0.0,0.0,,69.08,53.96,,,,,,,,,,,,,,,9999.0,,,,,,,,,9999.0,,,,,
1941,2,31,,,,,,,,,,,,,,,0.0,0.0,,,,,,,,,,,,,,,,,,-99.0,,,,,,,,,-99.0,,,,,
1941,3,1,,,,,,,,,,74.0,,,,,0.0,0.0,,64.94,53.96,,,,,,,,,,,,,,,-9999.0,,,,,,,,,,,,,,
1941,3,2,,,,,,,,,,0.0,,,,,0.0,0.0,,32.0,32.0,,,,,,,,,,,,,,,-9.0,,,,,,,,,,,,,,
1941,3,3,,,,,,,,,,30.0,,,,,0.0,0.0,,66.02,51.08,,,,,,,,,,,,,,,999.0,,,,,,,,,,,,,,
1941,3,4,,,,,,,,,,,,,,,0.0,0.0,,,,,,,,,,,,,,,,,,,,,,,,,,,,,,,,
1941,3,6,,,,,,,,,,61.0,,,,,0.0,0.0,,64.94,55.04,,,,,,,,,,,,,,,1.0,,,,,,,,,,,,,,
1941,3,7,,,,,,,,,,0.0,,,,,0.0,0.0,,,,,,,,,,,,,,,,,,,,,,,,,,,,,,,,
1941,3,8,,,,,,,,,,,,,,,,,,,,,,,,,,,,,,,,,,99.0,,,,,,,,,,,,,,
1941,3,9,,,,,,,,,,0.0,,,,,0.0,0.0,,69.98,48.02,,,,,,,,,,,,,,,-9999.0,,,,,,,,,,,,,,
1941,3,10,,,,,,,,,,0.0,,,,,0.0,0.0,,32.0,32.0,,,,,,,,,,,,,,,-9.0,,,,,,,,,,,,,,
1941,3,11,,,,,,,,,,0.0,,,,,0.0,0.0,,78.08,48.92,,,,,,,,,,,,,,,999.0,,,,,,,,,,,,,,
1941,3,12,,,,,,,,,,0.0,,,,,0.0,0.0,,,,,,,,,,,,,,,,,,-999.0,,,,,,,,,,,,,,
1941,3,14,,,,,,,,,,0.0,,,,,0.0,0.0,,80.96,55.04,,,,,,,,,,,,,,,9999.0,,,,,,,,,,,,,,
1941,3,15,,,,,,,,,,0.0,,,,,0.0,0.0,,,,,,,,,,,,,,,,,,-99.0,,,,,,,,,,,,,,
1941,3,16,,,,,,,,,,,,,,,,,,,,,,,,,,,,,,,,,,99.0,,,,,,,,,,,,,,
1941,3,17,,,,,,,,,,0.0,,,,,0.0,0.0,,69.98,55.94,,,,,,,,,,,,,,,-9999.0,,,,,,,,,,,,,,
1941,3,18,,,,,,,,,,,,,,,0.0,0.0,,32.0,32.0,,,,,,,,,,,,,,,,,,,,,,,,,,,,,
1941,3,19,,,,,,,,,,279.0,,,,,0.0,0.0,,69.08,57.02,,,,,,,,,,,,,,,1.0,,,,,,,,,,,,,,
1941,3,20,,,,,,,,,,,,,,,0.0,0.0,,,,,,,,,,,,,,,,,,,,,,,,,,,,,,,,
1941,3,21,,,,,,,,,,,,,,,,,,,,,,,,,,,,,,,,,,9.0,,,,,,,,,,,,,,
1941,3,22,,,,,,,,,,246.0,,,,,0.0,0.0,,66.92,57.02,,,,,,,,,,,,,,,1.0,,,,,,,,,,,,,,
1941,3,23,,,,,,,,,,0.0,,,,,0.0,0.0,,,,,,,,,,,,,,,,,,,,,,,,,,,,,,,,
1941,3,24,,,,,,,,,,,,,,,,,,,,,,,,,,,,,,,,,,99.0,,,,,,,,,,,,,,
1941,3,25,,,,,,,,,,0.0,,,,,0.0,0.0,,69.98,51.08,,,,,,,,,,,,,,,-9999.0,,,,,,,,,,,,,,
1941,3,26,,,,,,,,,,0.0,,,,,0.0,0.0,,32.0,32.0,,,,,,,,,,,,,,,-9.0,,,,,,,,,,,,,,
1941,3,27,,,,,,,,,,0.0,,,,,0.0,0.0,,69.08,57.92,,,,,,,,,,,,,,,999.0,,,,,,,,,,,,,,
1941,3,28,,,,,,,,,,0.0,,,,,0.0,0.0,,,,,,,,,,,,,,,,,,-999.0,,,,,,,,,,,,,,
1941,3,30,,,,,,,,,,0.0,,,,,0.0,0.0,,66.92,55.94,,,,,,,,,,,,,,,9999.0,,,,,,,,,,,,,,
1941,3,31,,,,,,,,,,0.0,,,,,0.0,0.0,,,,,,,,,,,,,,,,,,-99.0,,,,,,,,,,,,,,
1941,4,1,,,,,,,,,,36.0,,,,,0.0,0.0,,66.92,53.96,,,,,,,,,,,,,,,1.0,,,,,,,,,,,,,,
1941,4,2,,,,,,,,,,0.0,,,,,0.0,0.0,,32.0,32.0,,,,,,,,,,,,,,,,,,,,,,,,,,,,,
1941,4,3,,,,,,,,,,10.0,,,,,0.0,0.0,,64.94,55.04,,,,,,,,,,,,,,,999.0,,,,,,,,,,,,,,
1941,4,4,,,,,,,,,,0.0,,,,,0.0,0.0,,,,,,,,,,,,,,,,,,-999.0,,,,,,,,,,,,,,
1941,4,6,,,,,,,,,,48.0,,,,,0.0,0.0,,71.96,53.06,,,,,,,,,,,,,,,9999.0,,,,,,,,,,,,,,
1941,4,7,,,,,,,,,,0.0,,,,,0.0,0.0,,,,,,,,,,,,,,,,,,-99.0,,,,,,,,,,,,,,
1941,4,8,,,,,,,,,,,,,,,,,,,,,,,,,,,,,,,,,,99.0,,,,,,,,,,,,,,
1941,4,9,,,,,,,,,,0.0,,,,,0.0,0.0,,71.06,48.02,,,,,,,,,,,,,,,-9999.0,,,,,,,,,,,,,,
1941,4,10,,,,,,,,,,0.0,,,,,0.0,0.0,,32.0,32.0,,,,,,,,,,,,,,,-9.0,,,,,,,,,,,,,,
1941,4,11,,,,,,,,,,0.0,,,,,0.0,0.0,,69.98,48.92,,,,,,,,,,,,,,,999.0,,,,,,,,,,,,,,
1941,4,12,,,,,,,,,,0.0,,,,,0.0,0.0,,,,,,,,,,,,,,,,,,-999.0,,,,,,,,,,,,,,
1941,4,14,,,,,,,,,,10.0,,,,,0.0,0.0,,66.92,55.04,,,,,,,,,,,,,,,9999.0,,,,,,,,,,,,,,
1941,4,15,,,,,,,,,,0.0,,,,,0.0,0.0,,,,,,,,,,,,,,,,,,-99.0,,,,,,,,,,,,,,
1941,4,16,,,,,,,,,,,,,,,,,,,,,,,,,,,,,,,,,,99.0,,,,,,,,,,,,,,
1941,4,17,,,,,,,,,,300.0,,,,,0.0,0.0,,62.959999999999994,48.92,,,,,,,,,,,,,,,-9999.0,,,,,,,,,,,,,,
1941,4,18,,,,,,,,,,0.0,,,,,0.0,0.0,,32.0,32.0,,,,,,,,,,,,,,,-9.0,,,,,,,,,,,,,,
1941,4,19,,,,,,,,,,160.0,,,,,0.0,0.0,,60.980000000000004,46.94,,,,,,,,,,,,,,,999.0,,,,,,,,,,,,,,
1941,4,20,,,,,,,,,,,,,,,0.0,0.0,,,,,,,,,,,,,,,,,,-999.0,,,,,,,,,,,,,,
1941,4,22,,,,,,,,,,,,,,,0.0,0.0,,69.08,51.98,,,,,,,,,,,,,,,9999.0,,,,,,,,,,,,,,
1941,4,23,,,,,,,,,,0.0,,,,,0.0,0.0,,,,,,,,,,,,,,,,,,-99.0,,,,,,,,,,,,,,
1941,4,24,,,,,,,,,,,,,,,,,,,,,,,,,,,,,,,,,,99.0,,,,,,,,,,,,,,
1941,4,25,,,,,,,,,,0.0,,,,,0.0,0.0,,69.08,53.96,,,,,,,,,,,,,,,-9999.0,,,,,,,,,,,,,,
1941,4,26,,,,,,,,,,0.0,,,,,0.0,0.0,,32.0,32.0,,,,,,,,,,,,,,,-9.0,,,,,,,,,,,,,,
1941,4,27,,,,,,,,,,0.0,,,,,0.0,0.0,,69.98,53.06,,,,,,,,,,,,,,,999.0,,,,,,,,,,,,,,
1941,4,28,,,,,,,,,,0.0,,,,,0.0,0.0,,,,,,,,,,,,,,,,,,-999.0,,,,,,,,,,,,,,
1941,4,30,,,,,,,,,,0.0,,,,,0.0,0.0,,68.0,46.04,,,,,,,,,,,,,,,9999.0,,,,,,,,,,,,,,
1941,4,31,,,,,,,,,,0.0,,,,,0.0,0.0,,,32.0,,,,,,,,,,,,,,,-99.0,,,,,,,,,,,,,,
1941,5,1,,,,,,,,,,0.0,,,,,0.0,0.0,,69.08,50.0,,,,,,,,,,,,,-9999.0,,,,,,,,,,,-9999.0,,,,,
1941,5,2,,,,,,,,,,0.0,,,,,0.0,0.0,,32.0,32.0,,,,,,,,,,,,,-9.0,,,,,,,,,,,-9.0,,,,,
1941,5,3,,,,,,,,,,0.0,,,,,0.0,0.0,,66.02,57.92,,,,,,,,,,,,,999.0,,,,,,,,,,,999.0,,,,,
1941,5,4,,,,,,,,,,0.0,,,,,0.0,0.0,,,,,,,,,,,,,,,,-999.0,,,,,,,,,,,,,,,,
1941,5,6,,,,,,,,,,,,,,,0.0,0.0,,71.96,55.94,,,,,,,,,,,,,9999.0,,,,,,,,,,,1.0,,,,,
1941,5,7,,,,,,,,,,0.0,,,,,0.0,0.0,,,,,,,,,,,,,,,,-99.0,,,,,,,,,,,,,,,,
1941,5,8,,,,,,,,,,,,,,,,,,,,,,,,,,,,,,,,99.0,,,,,,,,,,,99.0,,,,,
1941,5,9,,,,,,,,,,0.0,,,,,0.0,0.0,,82.04,57.02,,,,,,,,,,,,,-9999.0,,,,,,,,,,,-9999.0,,,,,
1941,5,10,,,,,,,,,,0.0,,,,,0.0,0.0,,32.0,32.0,,,,,,,,,,,,,-9.0,,,,,,,,,,,-9.0,,,,,
1941,5,11,,,,,,,,,,0.0,,,,,0.0,0.0,,84.91999999999999,60.08,,,,,,,,,,,,,999.0,,,,,,,,,,,999.0,,,,,
1941,5,12,,,,,,,,,,0.0,,,,,0.0,0.0,,,,,,,,,,,,,,,,,,,,,,,,,,,-999.0,,,,,
1941,5,14,,,,,,,,,,0.0,,,,,0.0,0.0,,71.96,60.980000000000004,,,,,,,,,,,,,1.0,,,,,,,,,,,9999.0,,,,,
1941,5,15,,,,,,,,,,0.0,,,,,0.0,0.0,,,,,,,,,,,,,,,,0.0,,,,,,,,,,,-99.0,,,,,
1941,5,16,,,,,,,,,,,,,,,,,,,,,,,,,,,,,,,,,,,,,,,,,,,99.0,,,,,
1941,5,17,,,,,,,,,,0.0,,,,,0.0,0.0,,75.92,62.059999999999995,,,,,,,,,,,,,-9999.0,,,,,,,,,,,-9999.0,,,,,
1941,5,18,,,,,,,,,,0.0,,,,,0.0,0.0,,32.0,32.0,,,,,,,,,,,,,-9.0,,,,,,,,,,,-9.0,,,,,
1941,5,19,,,,,,,,,,0.0,,,,,0.0,0.0,,75.92,62.059999999999995,,,,,,,,,,,,,999.0,,,,,,,,,,,999.0,,,,,
1941,5,20,,,,,,,,,,0.0,,,,,0.0,0.0,,,,,,,,,,,,,,,,-999.0,,,,,,,,,,,-999.0,,,,,
1941,5,22,,,,,,,,,,,,,,,0.0,0.0,,73.04,60.08,,,,,,,,,,,,,9999.0,,,,,,,,,,,9999.0,,,,,
1941,5,23,,,,,,,,,,0.0,,,,,0.0,0.0,,,,,,,,,,,,,,,,-99.0,,,,,,,,,,,-99.0,,,,,
1941,5,24,,,,,,,,,,,,,,,,,,,,,,,,,,,,,,,,99.0,,,,,,,,,,,99.0,,,,,
1941,5,25,,,,,,,,,,0.0,,,,,0.0,0.0,,73.94,60.980000000000004,,,,,,,,,,,,,-9999.0,,,,,,,,,,,-9999.0,,,,,
1941,5,26,,,,,,,,,,0.0,,,,,0.0,0.0,,32.0,32.0,,,,,,,,,,,,,-9.0,,,,,,,,,,,-9.0,,,,,
1941,5,27,,,,,,,,,,0.0,,,,,0.0,0.0,,69.98,60.08,,,,,,,,,,,,,999.0,,,,,,,,,,,999.0,,,,,
1941,5,28,,,,,,,,,,0.0,,,,,0.0,0.0,,,,,,,,,,,,,,,,-999.0,,,,,,,,,,,-999.0,,,,,
1941,5,30,,,,,,,,,,0.0,,,,,0.0,0.0,,80.96,53.96,,,,,,,,,,,,,9999.0,,,,,,,,,,,9999.0,,,,,
1941,5,31,,,,,,,,,,0.0,,,,,0.0,0.0,,,,,,,,,,,,,,,,-99.0,,,,,,,,,,,-99.0,,,,,
1941,6,1,,,,,,,,,,0.0,,,,,0.0,0.0,,75.02,57.92,,,,,,,,,,,,,,,,,,,,,,,,-9999.0,,,,,
1941,6,2,,,,,,,,,,0.0,,,,,0.0,0.0,,32.0,32.0,,,,,,,,,,,,,,,,,,,,,,,,-9.0,,,,,
1941,6,3,,,,,,,,,,0.0,,,,,0.0,0.0,,73.94,59.0,,,,,,,,,,,,,,,,,,,,,,,,999.0,,,,,
1941,6,4,,,,,,,,,,0.0,,,,,0.0,0.0,,,,,,,,,,,,,,,,,,,,,,,,,,,-999.0,,,,,
1941,6,6,,,,,,,,,,0.0,,,,,0.0,0.0,,68.0,60.08,,,,,,,,,,,,,,,,,,,,,,,,9999.0,,,,,
1941,6,7,,,,,,,,,,0.0,,,,,0.0,0.0,,,,,,,,,,,,,,,,,,,,,,,,,,,-99.0,,,,,
1941,6,8,,,,,,,,,,,,,,,,,,,,,,,,,,,,,,,,,,,,,,,,,,,99.0,,,,,
1941,6,9,,,,,,,,,,0.0,,,,,0.0,0.0,,71.96,62.059999999999995,,,,,,,,,,,,,,,,,,,,,,,,-9999.0,,,,,
1941,6,10,,,,,,,,,,0.0,,,,,0.0,0.0,,32.0,32.0,,,,,,,,,,,,,,,,,,,,,,,,-9.0,,,,,
1941,6,11,,,,,,,,,,0.0,,,,,0.0,0.0,,69.08,60.980000000000004,,,,,,,,,,,,,,,,,,,,,,,,999.0,,,,,
1941,6,12,,,,,,,,,,0.0,,,,,0.0,0.0,,,,,,,,,,,,,,,,,,,,,,,,,,,-999.0,,,,,
1941,6,14,,,,,,,,,,0.0,,,,,0.0,0.0,,71.96,55.04,,,,,,,,,,,,,,,,,,,,,,,,9999.0,,,,,
1941,6,15,,,,,,,,,,0.0,,,,,0.0,0.0,,,,,,,,,,,,,,,,,,,,,,,,,,,-99.0,,,,,
1941,6,16,,,,,,,,,,,,,,,,,,,,,,,,,,,,,,,,,,,,,,,,,,,99.0,,,,,
1941,6,17,,,,,,,,,,0.0,,,,,0.0,0.0,,73.94,60.08,,,,,,,,,,,,,,,,,,,,,,,,-9999.0,,,,,
1941,6,18,,,,,,,,,,0.0,,,,,0.0,0.0,,32.0,32.0,,,,,,,,,,,,,,,,,,,,,,,,-9.0,,,,,
1941,6,19,,,,,,,,,,0.0,,,,,0.0,0.0,,73.94,60.980000000000004,,,,,,,,,,,,,,,,,,,,,,,,999.0,,,,,
1941,6,20,,,,,,,,,,0.0,,,,,0.0,0.0,,,,,,,,,,,,,,,,,,,,,,,,,,,-999.0,,,,,
1941,6,21,,,,,,,,,,,,,,,,,,,,,,,,,,,,,,,,,,,,,,,,,,,9.0,,,,,
1941,6,22,,,,,,,,,,,,,,,0.0,0.0,,69.98,60.08,,,,,,,,,,,,,,,,,,,,,,,,1.0,,,,,
1941,6,23,,,,,,,,,,0.0,,,,,0.0,0.0,,,,,,,,,,,,,,,,,,,,,,,,,,,,,,,,
1941,6,24,,,,,,,,,,,,,,,,,,,,,,,,,,,,,,,,,,,,,,,,,,,99.0,,,,,
1941,6,25,,,,,,,,,,0.0,,,,,0.0,0.0,,73.94,62.059999999999995,,,,,,,,,,,,,,,,,,,,,,,,-9999.0,,,,,
1941,6,26,,,,,,,,,,0.0,,,,,0.0,0.0,,32.0,32.0,,,,,,,,,,,,,,,,,,,,,,,,-9.0,,,,,
1941,6,27,,,,,,,,,,0.0,,,,,0.0,0.0,,73.94,60.08,,,,,,,,,,,,,,,,,,,,,,,,999.0,,,,,
1941,6,28,,,,,,,,,,0.0,,,,,0.0,0.0,,,,,,,,,,,,,,,,,,,,,,,,,,,-999.0,,,,,
1941,6,30,,,,,,,,,,0.0,,,,,0.0,0.0,,73.94,60.980000000000004,,,,,,,,,,,,,,,,,,,,,,,,9999.0,,,,,
1941,6,31,,,,,,,,,,0.0,,,,,0.0,0.0,,,,,,,,,,,,,,,,,,,,,,,,,,,-99.0,,,,,
1941,7,1,,,,,,,,,,0.0,,,,,0.0,0.0,,75.02,60.980000000000004,,,,,,,,,,,,,-9999.0,,,,,,-9999.0,,,,,-9999.0,,,,,
1941,7,2,,,,,,,,,,0.0,,,,,0.0,0.0,,32.0,32.0,,,,,,,,,,,,,-9.0,,,,,,-9.0,,,,,-9.0,,,,,
1941,7,3,,,,,,,,,,0.0,,,,,0.0,0.0,,73.94,60.08,,,,,,,,,,,,,999.0,,,,,,999.0,,,,,999.0,,,,,
1941,7,4,,,,,,,,,,0.0,,,,,0.0,0.0,,,,,,,,,,,,,,,,,,,,,,-999.0,,,,,-999.0,,,,,
1941,7,5,,,,,,,,,,,,,,,,,,,,,,,,,,,,,,,,,,,,,,9.0,,,,,,,,,,
1941,7,6,,,,,,,,,,0.0,,,,,0.0,0.0,,75.02,57.92,,,,,,,,,,,,,9999.0,,,,,,1.0,,,,,9999.0,,,,,
1941,7,7,,,,,,,,,,0.0,,,,,0.0,0.0,,,,,,,,,,,,,,,,-99.0,,,,,,0.0,,,,,-99.0,,,,,
1941,7,8,,,,,,,,,,,,,,,,,,,,,,,,,,,,,,,,99.0,,,,,,,,,,,99.0,,,,,
1941,7,9,,,,,,,,,,0.0,,,,,0.0,0.0,,75.02,60.980000000000004,,,,,,,,,,,,,-9999.0,,,,,,-9999.0,,,,,-9999.0,,,,,
1941,7,10,,,,,,,,,,0.0,,,,,0.0,0.0,,32.0,32.0,,,,,,,,,,,,,-9.0,,,,,,-9.0,,,,,-9.0,,,,,
1941,7,11,,,,,,,,,,0.0,,,,,0.0,0.0,,75.92,62.959999999999994,,,,,,,,,,,,,999.0,,,,,,999.0,,,,,999.0,,,,,
1941,7,12,,,,,,,,,,0.0,,,,,0.0,0.0,,,,,,,,,,,,,,,,-999.0,,,,,,-999.0,,,,,-999.0,,,,,
1941,7,14,,,,,,,,,,0.0,,,,,0.0,0.0,,77.0,64.04,,,,,,,,,,,,,9999.0,,,,,,9999.0,,,,,9999.0,,,,,
1941,7,15,,,,,,,,,,0.0,,,,,0.0,0.0,,,,,,,,,,,,,,,,-99.0,,,,,,-99.0,,,,,-99.0,,,,,
1941,7,16,,,,,,,,,,,,,,,,,,,,,,,,,,,,,,,,99.0,,,,,,99.0,,,,,99.0,,,,,
1941,7,17,,,,,,,,,,0.0,,,,,0.0,0.0,,75.02,62.059999999999995,,,,,,,,,,,,,-9999.0,,,,,,-9999.0,,,,,-9999.0,,,,,
1941,7,18,,,,,,,,,,0.0,,,,,0.0,0.0,,32.0,32.0,,,,,,,,,,,,,-9.0,,,,,,-9.0,,,,,-9.0,,,,,
1941,7,19,,,,,,,,,,0.0,,,,,0.0,0.0,,73.94,60.980000000000004,,,,,,,,,,,,,999.0,,,,,,999.0,,,,,999.0,,,,,
1941,7,20,,,,,,,,,,0.0,,,,,0.0,0.0,,,,,,,,,,,,,,,,-999.0,,,,,,-999.0,,,,,-999.0,,,,,
1941,7,22,,,,,,,,,,0.0,,,,,0.0,0.0,,78.98,62.959999999999994,,,,,,,,,,,,,9999.0,,,,,,9999.0,,,,,9999.0,,,,,
1941,7,23,,,,,,,,,,0.0,,,,,0.0,0.0,,,,,,,,,,,,,,,,-99.0,,,,,,-99.0,,,,,-99.0,,,,,
1941,7,24,,,,,,,,,,,,,,,,,,,,,,,,,,,,,,,,99.0,,,,,,99.0,,,,,99.0,,,,,
1941,7,25,,,,,,,,,,0.0,,,,,0.0,0.0,,78.08,62.059999999999995,,,,,,,,,,,,,-9999.0,,,,,,-9999.0,,,,,-9999.0,,,,,
1941,7,26,,,,,,,,,,0.0,,,,,0.0,0.0,,32.0,32.0,,,,,,,,,,,,,-9.0,,,,,,-9.0,,,,,-9.0,,,,,
1941,7,27,,,,,,,,,,0.0,,,,,0.0,0.0,,78.08,64.04,,,,,,,,,,,,,999.0,,,,,,999.0,,,,,999.0,,,,,
1941,7,28,,,,,,,,,,0.0,,,,,0.0,0.0,,,,,,,,,,,,,,,,-999.0,,,,,,-999.0,,,,,-999.0,,,,,
1941,7,29,,,,,,,,,,,,,,,,,,,,,,,,,,,,,,,,9.0,,,,,,,,,,,,,,,,
1941,7,30,,,,,,,,,,0.0,,,,,0.0,0.0,,78.98,64.04,,,,,,,,,,,,,1.0,,,,,,9999.0,,,,,9999.0,,,,,
1941,7,31,,,,,,,,,,0.0,,,,,0.0,0.0,,,,,,,,,,,,,,,,,,,,,,-99.0,,,,,-99.0,,,,,
1941,8,1,,,,,,,,,,0.0,,,,,0.0,0.0,,77.0,62.959999999999994,,,,,,,,,,,,,-9999.0,,,,,,,,,,,,,,,,
1941,8,2,,,,,,,,,,0.0,,,,,0.0,0.0,,32.0,32.0,,,,,,,,,,,,,-9.0,,,,,,,,,,,,,,,,
1941,8,3,,,,,,,,,,0.0,,,,,0.0,0.0,,77.0,62.959999999999994,,,,,,,,,,,,,999.0,,,,,,,,,,,,,,,,
1941,8,4,,,,,,,,,,0.0,,,,,0.0,0.0,,,,,,,,,,,,,,,,-999.0,,,,,,,,,,,,,,,,
1941,8,6,,,,,,,,,,0.0,,,,,0.0,0.0,,77.0,60.980000000000004,,,,,,,,,,,,,9999.0,,,,,,,,,,,,,,,,
1941,8,7,,,,,,,,,,0.0,,,,,0.0,0.0,,,,,,,,,,,,,,,,-99.0,,,,,,,,,,,,,,,,
1941,8,8,,,,,,,,,,,,,,,,,,,,,,,,,,,,,,,,99.0,,,,,,,,,,,,,,,,
1941,8,9,,,,,,,,,,0.0,,,,,0.0,0.0,,77.0,62.959999999999994,,,,,,,,,,,,,-9999.0,,,,,,,,,,,,,,,,
1941,8,10,,,,,,,,,,0.0,,,,,0.0,0.0,,32.0,32.0,,,,,,,,,,,,,-9.0,,,,,,,,,,,,,,,,
1941,8,11,,,,,,,,,,0.0,,,,,0.0,0.0,,77.0,64.94,,,,,,,,,,,,,999.0,,,,,,,,,,,,,,,,
1941,8,12,,,,,,,,,,0.0,,,,,0.0,0.0,,,,,,,,,,,,,,,,-999.0,,,,,,,,,,,,,,,,
1941,8,14,,,,,,,,,,0.0,,,,,0.0,0.0,,77.0,64.94,,,,,,,,,,,,,9999.0,,,,,,,,,,,,,,,,
1941,8,15,,,,,,,,,,0.0,,,,,0.0,0.0,,,,,,,,,,,,,,,,-99.0,,,,,,,,,,,,,,,,
1941,8,16,,,,,,,,,,,,,,,,,,,,,,,,,,,,,,,,99.0,,,,,,,,,,,,,,,,
1941,8,17,,,,,,,,,,0.0,,,,,0.0,0.0,,75.02,64.94,,,,,,,,,,,,,-9999.0,,,,,,,,,,,,,,,,
1941,8,18,,,,,,,,,,0.0,,,,,0.0,0.0,,32.0,32.0,,,,,,,,,,,,,-9.0,,,,,,,,,,,,,,,,
1941,8,19,,,,,,,,,,0.0,,,,,0.0,0.0,,80.96,64.04,,,,,,,,,,,,,999.0,,,,,,,,,,,,,,,,
1941,8,20,,,,,,,,,,0.0,,,,,0.0,0.0,,,,,,,,,,,,,,,,,,,,,,,,,,,,,,,,
1941,8,22,,,,,,,,,,0.0,,,,,0.0,0.0,,71.96,62.959999999999994,,,,,,,,,,,,,1.0,,,,,,,,,,,,,,,,
1941,8,23,,,,,,,,,,0.0,,,,,0.0,0.0,,,,,,,,,,,,,,,,,,,,,,,,,,,,,,,,
1941,8,24,,,,,,,,,,,,,,,,,,,,,,,,,,,,,,,,99.0,,,,,,,,,,,,,,,,
1941,8,25,,,,,,,,,,0.0,,,,,0.0,0.0,,82.04,64.04,,,,,,,,,,,,,-9999.0,,,,,,,,,,,,,,,,
1941,8,26,,,,,,,,,,0.0,,,,,0.0,0.0,,32.0,32.0,,,,,,,,,,,,,-9.0,,,,,,,,,,,,,,,,
1941,8,27,,,,,,,,,,0.0,,,,,0.0,0.0,,78.98,68.0,,,,,,,,,,,,,999.0,,,,,,,,,,,,,,,,
1941,8,28,,,,,,,,,,0.0,,,,,0.0,0.0,,,,,,,,,,,,,,,,-999.0,,,,,,,,,,,,,,,,
1941,8,29,,,,,,,,,,,,,,,,,,,,,,,,,,,,,,,,9.0,,,,,,,,,,,,,,,,
1941,8,30,,,,,,,,,,0.0,,,,,0.0,0.0,,80.96,62.959999999999994,,,,,,,,,,,,,1.0,,,,,,,,,,,,,,,,
1941,8,31,,,,,,,,,,0.0,,,,,0.0,0.0,,,,,,,,,,,,,,,,,,,,,,,,,,,,,,,,
1941,9,1,,,,,,,,,,0.0,,,,,0.0,0.0,,78.08,59.0,,,,,,,,,,,,,-9999.0,,,,,,-9999.0,,,,,,,,,,
1941,9,2,,,,,,,,,,0.0,,,,,0.0,0.0,,32.0,32.0,,,,,,,,,,,,,-9.0,,,,,,-9.0,,,,,,,,,,
1941,9,3,,,,,,,,,,0.0,,,,,0.0,0.0,,75.02,62.059999999999995,,,,,,,,,,,,,999.0,,,,,,999.0,,,,,,,,,,
1941,9,4,,,,,,,,,,0.0,,,,,0.0,0.0,,,,,,,,,,,,,,,,-999.0,,,,,,-999.0,,,,,,,,,,
1941,9,6,,,,,,,,,,0.0,,,,,0.0,0.0,,75.92,64.94,,,,,,,,,,,,,9999.0,,,,,,9999.0,,,,,,,,,,
1941,9,7,,,,,,,,,,0.0,,,,,0.0,0.0,,,,,,,,,,,,,,,,-99.0,,,,,,,,,,,,,,,,
1941,9,8,,,,,,,,,,,,,,,,,,,,,,,,,,,,,,,,99.0,,,,,,,,,,,,,,,,
1941,9,9,,,,,,,,,,0.0,,,,,0.0,0.0,,77.0,62.059999999999995,,,,,,,,,,,,,-9999.0,,,,,,-9999.0,,,,,,,,,,
1941,9,10,,,,,,,,,,0.0,,,,,0.0,0.0,,32.0,32.0,,,,,,,,,,,,,-9.0,,,,,,-9.0,,,,,,,,,,
1941,9,11,,,,,,,,,,0.0,,,,,0.0,0.0,,75.02,62.059999999999995,,,,,,,,,,,,,999.0,,,,,,999.0,,,,,,,,,,
1941,9,12,,,,,,,,,,0.0,,,,,0.0,0.0,,,,,,,,,,,,,,,,-999.0,,,,,,-999.0,,,,,,,,,,
1941,9,14,,,,,,,,,,0.0,,,,,0.0,0.0,,75.92,64.94,,,,,,,,,,,,,9999.0,,,,,,9999.0,,,,,,,,,,
1941,9,15,,,,,,,,,,0.0,,,,,0.0,0.0,,,,,,,,,,,,,,,,-99.0,,,,,,-99.0,,,,,,,,,,
1941,9,16,,,,,,,,,,,,,,,,,,,,,,,,,,,,,,,,99.0,,,,,,99.0,,,,,,,,,,
1941,9,17,,,,,,,,,,0.0,,,,,0.0,0.0,,77.0,60.980000000000004,,,,,,,,,,,,,-9999.0,,,,,,-9999.0,,,,,,,,,,
1941,9,18,,,,,,,,,,0.0,,,,,0.0,0.0,,32.0,32.0,,,,,,,,,,,,,-9.0,,,,,,-9.0,,,,,,,,,,
1941,9,19,,,,,,,,,,0.0,,,,,0.0,0.0,,78.98,62.959999999999994,,,,,,,,,,,,,999.0,,,,,,999.0,,,,,,,,,,
1941,9,20,,,,,,,,,,,,,,,0.0,0.0,,,,,,,,,,,,,,,,-999.0,,,,,,-999.0,,,,,,,,,,
1941,9,22,,,,,,,,,,0.0,,,,,0.0,0.0,,75.02,55.94,,,,,,,,,,,,,9999.0,,,,,,9999.0,,,,,,,,,,
1941,9,23,,,,,,,,,,0.0,,,,,0.0,0.0,,,,,,,,,,,,,,,,-99.0,,,,,,-99.0,,,,,,,,,,
1941,9,24,,,,,,,,,,,,,,,,,,,,,,,,,,,,,,,,99.0,,,,,,99.0,,,,,,,,,,
1941,9,25,,,,,,,,,,0.0,,,,,0.0,0.0,,75.02,60.08,,,,,,,,,,,,,-9999.0,,,,,,-9999.0,,,,,,,,,,
1941,9,26,,,,,,,,,,0.0,,,,,0.0,0.0,,32.0,32.0,,,,,,,,,,,,,-9.0,,,,,,-9.0,,,,,,,,,,
1941,9,27,,,,,,,,,,0.0,,,,,0.0,0.0,,75.02,64.04,,,,,,,,,,,,,999.0,,,,,,999.0,,,,,,,,,,
1941,9,28,,,,,,,,,,0.0,,,,,0.0,0.0,,,,,,,,,,,,,,,,-999.0,,,,,,-999.0,,,,,,,,,,
1941,9,30,,,,,,,,,,0.0,,,,,0.0,0.0,,73.94,60.980000000000004,,,,,,,,,,,,,9999.0,,,,,,9999.0,,,,,,,,,,
1941,9,31,,,,,,,,,,0.0,,,,,0.0,0.0,,,,,,,,,,,,,,,,-99.0,,,,,,-99.0,,,,,,,,,,
1941,10,1,,,,,,,,,,0.0,,,,,0.0,0.0,,78.98,57.92,,,,,,,,,,,,,,,-9999.0,,,,,,,,,,,,,,
1941,10,2,,,,,,,,,,0.0,,,,,0.0,0.0,,32.0,32.0,,,,,,,,,,,,,,,-9.0,,,,,,,,,,,,,,
1941,10,3,,,,,,,,,,0.0,,,,,0.0,0.0,,71.96,62.059999999999995,,,,,,,,,,,,,,,999.0,,,,,,,,,,,,,,
1941,10,4,,,,,,,,,,0.0,,,,,0.0,0.0,,,,,,,,,,,,,,,,,,-999.0,,,,,,,,,,,,,,
1941,10,6,,,,,,,,,,0.0,,,,,0.0,0.0,,73.94,53.96,,,,,,,,,,,,,,,9999.0,,,,,,,,,,,,,,
1941,10,7,,,,,,,,,,0.0,,,,,0.0,0.0,,,,,,,,,,,,,,,,,,-99.0,,,,,,,,,,,,,,
1941,10,8,,,,,,,,,,,,,,,,,,,,,,,,,,,,,,,,,,99.0,,,,,,,,,,,,,,
1941,10,9,,,,,,,,,,0.0,,,,,0.0,0.0,,73.04,55.04,,,,,,,,,,,,,,,-9999.0,,,,,,,,,,,,,,
1941,10,10,,,,,,,,,,0.0,,,,,0.0,0.0,,32.0,32.0,,,,,,,,,,,,,,,-9.0,,,,,,,,,,,,,,
1941,10,11,,,,,,,,,,0.0,,,,,0.0,0.0,,73.04,53.06,,,,,,,,,,,,,,,999.0,,,,,,,,,,,,,,
1941,10,12,,,,,,,,,,0.0,,,,,0.0,0.0,,,,,,,,,,,,,,,,,,-999.0,,,,,,,,,,,,,,
1941,10,14,,,,,,,,,,0.0,,,,,0.0,0.0,,77.0,53.96,,,,,,,,,,,,,,,9999.0,,,,,,,,,,,,,,
1941,10,15,,,,,,,,,,0.0,,,,,0.0,0.0,,,,,,,,,,,,,,,,,,-99.0,,,,,,,,,,,,,,
1941,10,16,,,,,,,,,,,,,,,,,,,,,,,,,,,,,,,,,,99.0,,,,,,,,,,,,,,
1941,10,17,,,,,,,,,,0.0,,,,,0.0,0.0,,84.91999999999999,59.0,,,,,,,,,,,,,,,-9999.0,,,,,,,,,,,,,,
1941,10,18,,,,,,,,,,,,,,,0.0,0.0,,32.0,32.0,,,,,,,,,,,,,,,,,,,,,,,,,,,,,
1941,10,19,,,,,,,,,,114.0,,,,,0.0,0.0,,75.92,60.08,,,,,,,,,,,,,,,1.0,,,,,,,,,,,,,,
1941,10,20,,,,,,,,,,0.0,,,,,0.0,0.0,,,,,,,,,,,,,,,,,,,,,,,,,,,,,,,,
1941,10,22,,,,,,,,,,0.0,,,,,0.0,0.0,,80.96,55.94,,,,,,,,,,,,,,,9999.0,,,,,,,,,,,,,,
1941,10,23,,,,,,,,,,0.0,,,,,0.0,0.0,,,,,,,,,,,,,,,,,,-99.0,,,,,,,,,,,,,,
1941,10,24,,,,,,,,,,,,,,,,,,,,,,,,,,,,,,,,,,99.0,,,,,,,,,,,,,,
1941,10,25,,,,,,,,,,0.0,,,,,0.0,0.0,,87.98,57.92,,,,,,,,,,,,,,,-9999.0,,,,,,,,,,,,,,
1941,10,26,,,,,,,,,,0.0,,,,,0.0,0.0,,32.0,32.0,,,,,,,,,,,,,,,-9.0,,,,,,,,,,,,,,
1941,10,27,,,,,,,,,,0.0,,,,,0.0,0.0,,82.04,60.08,,,,,,,,,,,,,,,999.0,,,,,,,,,,,,,,
1941,10,28,,,,,,,,,,0.0,,,,,0.0,0.0,,,,,,,,,,,,,,,,,,-999.0,,,,,,,,,,,,,,
1941,10,30,,,,,,,,,,8.0,,,,,0.0,0.0,,69.98,60.08,,,,,,,,,,,,,,,9999.0,,,,,,,,,,,,,,
1941,10,31,,,,,,,,,,0.0,,,,,0.0,0.0,,,,,,,,,,,,,,,,,,-99.0,,,,,,,,,,,,,,
1941,11,1,,,,,,,,,,0.0,,,,,0.0,0.0,,71.96,50.0,,,,,,,,,,,,,-9999.0,,,,,,1.0,,,,,,,,,,
1941,11,2,,,,,,,,,,0.0,,,,,0.0,0.0,,32.0,32.0,,,,,,,,,,,,,-9.0,,,,,,,,,,,,,,,,
1941,11,3,,,,,,,,,,0.0,,,,,0.0,0.0,,71.96,55.04,,,,,,,,,,,,,999.0,,,,,,999.0,,,,,,,,,,
1941,11,4,,,,,,,,,,0.0,,,,,0.0,0.0,,,,,,,,,,,,,,,,-999.0,,,,,,,,,,,,,,,,
1941,11,6,,,,,,,,,,0.0,,,,,0.0,0.0,,75.02,55.94,,,,,,,,,,,,,9999.0,,,,,,1.0,,,,,,,,,,
1941,11,7,,,,,,,,,,0.0,,,,,0.0,0.0,,,,,,,,,,,,,,,,-99.0,,,,,,0.0,,,,,,,,,,
1941,11,8,,,,,,,,,,,,,,,,,,,,,,,,,,,,,,,,99.0,,,,,,,,,,,,,,,,
1941,11,9,,,,,,,,,,0.0,,,,,0.0,0.0,,80.96,57.02,,,,,,,,,,,,,-9999.0,,,,,,1.0,,,,,,,,,,
1941,11,10,,,,,,,,,,0.0,,,,,0.0,0.0,,32.0,32.0,,,,,,,,,,,,,-9.0,,,,,,0.0,,,,,,,,,,
1941,11,11,,,,,,,,,,0.0,,,,,0.0,0.0,,87.98,57.02,,,,,,,,,,,,,999.0,,,,,,1.0,,,,,,,,,,
1941,11,12,,,,,,,,,,0.0,,,,,0.0,0.0,,,,,,,,,,,,,,,,,,,,,,,,,,,,,,,,
1941,11,14,,,,,,,,,,0.0,,,,,0.0,0.0,,75.02,53.06,,,,,,,,,,,,,1.0,,,,,,9999.0,,,,,,,,,,
1941,11,15,,,,,,,,,,0.0,,,,,0.0,0.0,,,,,,,,,,,,,,,,,,,,,,,,,,,,,,,,
1941,11,16,,,,,,,,,,,,,,,,,,,,,,,,,,,,,,,,99.0,,,,,,,,,,,,,,,,
1941,11,17,,,,,,,,,,130.0,,,,,0.0,0.0,,84.02,57.92,,,,,,,,,,,,,-9999.0,,,,,,1.0,,,,,,,,,,
1941,11,18,,,,,,,,,,0.0,,,,,0.0,0.0,,32.0,32.0,,,,,,,,,,,,,-9.0,,,,,,,,,,,,,,,,
1941,11,19,,,,,,,,,,434.0,,,,,0.0,0.0,,71.96,57.92,,,,,,,,,,,,,999.0,,,,,,999.0,,,,,,,,,,
1941,11,20,,,,,,,,,,0.0,,,,,0.0,0.0,,,,,,,,,,,,,,,,-999.0,,,,,,,,,,,,,,,,
1941,11,22,,,,,,,,,,0.0,,,,,0.0,0.0,,75.92,55.94,,,,,,,,,,,,,9999.0,,,,,,1.0,,,,,,,,,,
1941,11,23,,,,,,,,,,0.0,,,,,0.0,0.0,,,,,,,,,,,,,,,,-99.0,,,,,,0.0,,,,,,,,,,
1941,11,24,,,,,,,,,,,,,,,,,,,,,,,,,,,,,,,,99.0,,,,,,,,,,,,,,,,
1941,11,25,,,,,,,,,,3.0,,,,,0.0,0.0,,66.02,55.04,,,,,,,,,,,,,1.0,,,,,,-9999.0,,,,,,,,,,
1941,11,26,,,,,,,,,,0.0,,,,,0.0,0.0,,32.0,32.0,,,,,,,,,,,,,,,,,,,-9.0,,,,,,,,,,
1941,11,27,,,,,,,,,,0.0,,,,,0.0,0.0,,66.02,55.94,,,,,,,,,,,,,999.0,,,,,,999.0,,,,,,,,,,
1941,11,28,,,,,,,,,,0.0,,,,,0.0,0.0,,,,,,,,,,,,,,,,-999.0,,,,,,-999.0,,,,,,,,,,
1941,11,30,,,,,,,,,,0.0,,,,,0.0,0.0,,68.0,46.04,,,,,,,,,,,,,9999.0,,,,,,9999.0,,,,,,,,,,
1941,11,31,,,,,,,,,,0.0,,,,,0.0,0.0,,,32.0,,,,,,,,,,,,,-99.0,,,,,,,,,,,,,,,,
1941,12,1,,,,,,,,,,0.0,,,,,0.0,0.0,,73.94,51.98,,,,,,,,,,,,,-9999.0,,-9999.0,,,,1.0,,,,,,,,,,
1941,12,2,,,,,,,,,,0.0,,,,,0.0,0.0,,32.0,32.0,,,,,,,,,,,,,-9.0,,-9.0,,,,0.0,,,,,,,,,,
1941,12,3,,,,,,,,,,0.0,,,,,0.0,0.0,,69.08,51.98,,,,,,,,,,,,,999.0,,999.0,,,,1.0,,,,,,,,,,
1941,12,4,,,,,,,,,,,,,,,0.0,0.0,,,,,,,,,,,,,,,,-999.0,,-999.0,,,,0.0,,,,,,,,,,
1941,12,6,,,,,,,,,,0.0,,,,,0.0,0.0,,66.92,48.02,,,,,,,,,,,,,9999.0,,9999.0,,,,9999.0,,,,,,,,,,
1941,12,7,,,,,,,,,,0.0,,,,,0.0,0.0,,,32.0,,,,,,,,,,,,,-99.0,,-99.0,,,,,,,,,,,,,,
1941,12,8,,,,,,,,,,,,,,,,,,,,,,,,,,,,,,,,99.0,,99.0,,,,,,,,,,,,,,
1941,12,9,,,,,,,,,,0.0,,,,,0.0,0.0,,75.92,46.04,,,,,,,,,,,,,-9999.0,,-9999.0,,,,-9999.0,,,,,,,,,,
1941,12,10,,,,,,,,,,0.0,,,,,0.0,0.0,,32.0,32.0,,,,,,,,,,,,,-9.0,,-9.0,,,,-9.0,,,,,,,,,,
1941,12,11,,,,,,,,,,0.0,,,,,0.0,0.0,,78.08,50.0,,,,,,,,,,,,,999.0,,999.0,,,,999.0,,,,,,,,,,
1941,12,12,,,,,,,,,,0.0,,,,,0.0,0.0,,,,,,,,,,,,,,,,-999.0,,-999.0,,,,-999.0,,,,,,,,,,
1941,12,13,,,,,,,,,,,,,,,,,,,,,,,,,,,,,,,,9.0,,,,,,,,,,,,,,,,
1941,12,14,,,,,,,,,,203.0,,,,,0.0,0.0,,64.94,53.96,,,,,,,,,,,,,1.0,,9999.0,,,,9999.0,,,,,,,,,,
1941,12,15,,,,,,,,,,,,,,,0.0,0.0,,,,,,,,,,,,,,,,,,,,,,-99.0,,,,,,,,,,
1941,12,16,,,,,,,,,,,,,,,,,,,,,,,,,,,,,,,,99.0,,,,,,99.0,,,,,,,,,,
1941,12,17,,,,,,,,,,5.0,,,,,0.0,0.0,,64.94,46.94,,,,,,,,,,,,,-9999.0,,-9999.0,,,,-9999.0,,,,,,,,,,
1941,12,18,,,,,,,,,,0.0,,,,,0.0,0.0,,32.0,32.0,,,,,,,,,,,,,-9.0,,-9.0,,,,-9.0,,,,,,,,,,
1941,12,19,,,,,,,,,,3.0,,,,,0.0,0.0,,66.02,51.98,,,,,,,,,,,,,999.0,,999.0,,,,999.0,,,,,,,,,,
1941,12,20,,,,,,,,,,0.0,,,,,0.0,0.0,,,,,,,,,,,,,,,,-999.0,,-999.0,,,,-999.0,,,,,,,,,,
1941,12,22,,,,,,,,,,0.0,,,,,0.0,0.0,,66.02,48.02,,,,,,,,,,,,,9999.0,,9999.0,,,,9999.0,,,,,,,,,,
1941,12,23,,,,,,,,,,0.0,,,,,0.0,0.0,,,32.0,,,,,,,,,,,,,-99.0,,-99.0,,,,,,,,,,,,,,
1941,12,24,,,,,,,,,,,,,,,,,,,,,,,,,,,,,,,,99.0,,99.0,,,,,,,,,,,,,,
1941,12,25,,,,,,,,,,0.0,,,,,0.0,0.0,,66.92,53.06,,,,,,,,,,,,,-9999.0,,-9999.0,,,,1.0,,,,,,,,,,
1941,12,26,,,,,,,,,,0.0,,,,,0.0,0.0,,32.0,32.0,,,,,,,,,,,,,-9.0,,-9.0,,,,0.0,,,,,,,,,,
1941,12,27,,,,,,,,,,3.0,,,,,0.0,0.0,,66.02,51.08,,,,,,,,,,,,,999.0,,999.0,,,,1.0,,,,,,,,,,
1941,12,28,,,,,,,,,,0.0,,,,,0.0,0.0,,,,,,,,,,,,,,,,-999.0,,-999.0,,,,,,,,,,,,,,
1941,12,29,,,,,,,,,,,,,,,,,,,,,,,,,,,,,,,,,,,,,,9.0,,,,,,,,,,
1941,12,30,,,,,,,,,,0.0,,,,,0.0,0.0,,75.02,48.02,,,,,,,,,,,,,9999.0,,9999.0,,,,1.0,,,,,,,,,,
1941,12,31,,,,,,,,,,0.0,,,,,0.0,0.0,,,32.0,,,,,,,,,,,,,-99.0,,-99.0,,,,0.0,,,,,,,,,,
1942,1,1,,,,,,,,,,51.0,,,,,0.0,0.0,,57.02,42.08,,,,,,,,,,,,,-9999.0,,,,,,-9999.0,,,,,-9999.0,,,,,
1942,1,2,,,,,,,,,,0.0,,,,,0.0,0.0,,32.0,32.0,,,,,,,,,,,,,-9.0,,,,,,-9.0,,,,,-9.0,,,,,
1942,1,3,,,,,,,,,,0.0,,,,,0.0,0.0,,60.980000000000004,35.96,,,,,,,,,,,,,999.0,,,,,,999.0,,,,,999.0,,,,,
1942,1,4,,,,,,,,,,0.0,,,,,0.0,0.0,,,,,,,,,,,,,,,,-999.0,,,,,,-999.0,,,,,-999.0,,,,,
1942,1,6,,,,,,,,,,0.0,,,,,0.0,0.0,,62.059999999999995,42.08,,,,,,,,,,,,,9999.0,,,,,,9999.0,,,,,9999.0,,,,,
1942,1,7,,,,,,,,,,0.0,,,,,0.0,0.0,,,32.0,,,,,,,,,,,,,-99.0,,,,,,-99.0,,,,,-99.0,,,,,
1942,1,8,,,,,,,,,,,,,,,,,,,,,,,,,,,,,,,,99.0,,,,,,99.0,,,,,99.0,,,,,
1942,1,9,,,,,,,,,,0.0,,,,,0.0,0.0,,64.04,46.04,,,,,,,,,,,,,-9999.0,,,,,,1.0,,,,,-9999.0,,,,,
1942,1,10,,,,,,,,,,0.0,,,,,0.0,0.0,,32.0,32.0,,,,,,,,,,,,,-9.0,,,,,,0.0,,,,,-9.0,,,,,
1942,1,11,,,,,,,,,,0.0,,,,,0.0,0.0,,66.92,44.06,,,,,,,,,,,,,999.0,,,,,,1.0,,,,,999.0,,,,,
1942,1,12,,,,,,,,,,0.0,,,,,0.0,0.0,,,,,,,,,,,,,,,,-999.0,,,,,,0.0,,,,,-999.0,,,,,
1942,1,14,,,,,,,,,,0.0,,,,,0.0,0.0,,73.04,46.94,,,,,,,,,,,,,9999.0,,,,,,1.0,,,,,9999.0,,,,,
1942,1,15,,,,,,,,,,0.0,,,,,0.0,0.0,,,32.0,,,,,,,,,,,,,-99.0,,,,,,,,,,,-99.0,,,,,
1942,1,16,,,,,,,,,,,,,,,,,,,,,,,,,,,,,,,,99.0,,,,,,99.0,,,,,99.0,,,,,
1942,1,17,,,,,,,,,,0.0,,,,,0.0,0.0,,75.92,50.0,,,,,,,,,,,,,-9999.0,,,,,,-9999.0,,,,,-9999.0,,,,,
1942,1,18,,,,,,,,,,0.0,,,,,0.0,0.0,,32.0,32.0,,,,,,,,,,,,,-9.0,,,,,,,,,,,-9.0,,,,,
1942,1,19,,,,,,,,,,0.0,,,,,0.0,0.0,,73.94,48.02,,,,,,,,,,,,,999.0,,,,,,1.0,,,,,999.0,,,,,
1942,1,20,,,,,,,,,,0.0,,,,,0.0,0.0,,,,,,,,,,,,,,,,-999.0,,,,,,0.0,,,,,-999.0,,,,,
1942,1,21,,,,,,,,,,,,,,,,,,,,,,,,,,,,,,,,9.0,,,,,,,,,,,,,,,,
1942,1,22,,,,,,,,,,0.0,,,,,0.0,0.0,,78.98,48.02,,,,,,,,,,,,,1.0,,,,,,9999.0,,,,,9999.0,,,,,
1942,1,23,,,,,,,,,,0.0,,,,,0.0,0.0,,,,,,,,,,,,,,,,,,,,,,,,,,,-99.0,,,,,
1942,1,24,,,,,,,,,,,,,,,,,,,,,,,,,,,,,,,,99.0,,,,,,,,,,,99.0,,,,,
1942,1,25,,,,,,,,,,0.0,,,,,0.0,0.0,,64.94,50.0,,,,,,,,,,,,,-9999.0,,,,,,-9999.0,,,,,-9999.0,,,,,
1942,1,26,,,,,,,,,,0.0,,,,,0.0,0.0,,32.0,32.0,,,,,,,,,,,,,-9.0,,,,,,-9.0,,,,,-9.0,,,,,
1942,1,27,,,,,,,,,,0.0,,,,,0.0,0.0,,64.04,51.08,,,,,,,,,,,,,999.0,,,,,,999.0,,,,,999.0,,,,,
1942,1,28,,,,,,,,,,0.0,,,,,0.0,0.0,,,,,,,,,,,,,,,,-999.0,,,,,,,,,,,-999.0,,,,,
1942,1,30,,,,,,,,,,0.0,,,,,0.0,0.0,,77.0,44.96,,,,,,,,,,,,,9999.0,,,,,,9999.0,,,,,9999.0,,,,,
1942,1,31,,,,,,,,,,0.0,,,,,0.0,0.0,,,32.0,,,,,,,,,,,,,-99.0,,,,,,-99.0,,,,,-99.0,,,,,
1942,2,1,,,,,,,,,,0.0,,,,,0.0,0.0,,66.92,48.92,,,,,,,,,,,,,-9999.0,,-9999.0,,,,1.0,,,,,,,,,,
1942,2,2,,,,,,,,,,0.0,,,,,0.0,0.0,,32.0,32.0,,,,,,,,,,,,,-9.0,,-9.0,,,,,,,,,,,,,,
1942,2,3,,,,,,,,,,0.0,,,,,0.0,0.0,,64.04,51.08,,,,,,,,,,,,,999.0,,999.0,,,,999.0,,,,,,,,,,
1942,2,4,,,,,,,,,,0.0,,,,,0.0,0.0,,,,,,,,,,,,,,,,-999.0,,-999.0,,,,,,,,,,,,,,
1942,2,6,,,,,,,,,,0.0,,,,,0.0,0.0,,68.0,46.94,,,,,,,,,,,,,9999.0,,9999.0,,,,1.0,,,,,,,,,,
1942,2,7,,,,,,,,,,0.0,,,,,0.0,0.0,,,,,,,,,,,,,,,,-99.0,,-99.0,,,,0.0,,,,,,,,,,
1942,2,8,,,,,,,,,,,,,,,,,,,,,,,,,,,,,,,,99.0,,99.0,,,,,,,,,,,,,,
1942,2,9,,,,,,,,,,0.0,,,,,0.0,0.0,,66.02,51.98,,,,,,,,,,,,,-9999.0,,-9999.0,,,,1.0,,,,,,,,,,
1942,2,10,,,,,,,,,,0.0,,,,,0.0,0.0,,32.0,32.0,,,,,,,,,,,,,-9.0,,-9.0,,,,,,,,,,,,,,
1942,2,11,,,,,,,,,,0.0,,,,,0.0,0.0,,68.0,50.0,,,,,,,,,,,,,999.0,,999.0,,,,999.0,,,,,,,,,,
1942,2,12,,,,,,,,,,0.0,,,,,0.0,0.0,,,,,,,,,,,,,,,,-999.0,,-999.0,,,,-999.0,,,,,,,,,,
1942,2,14,,,,,,,,,,0.0,,,,,0.0,0.0,,71.06,44.06,,,,,,,,,,,,,9999.0,,9999.0,,,,9999.0,,,,,,,,,,
1942,2,15,,,,,,,,,,0.0,,,,,0.0,0.0,,,32.0,,,,,,,,,,,,,-99.0,,-99.0,,,,-99.0,,,,,,,,,,
1942,2,16,,,,,,,,,,,,,,,,,,,,,,,,,,,,,,,,99.0,,99.0,,,,99.0,,,,,,,,,,
1942,2,17,,,,,,,,,,0.0,,,,,0.0,0.0,,71.06,44.06,,,,,,,,,,,,,-9999.0,,-9999.0,,,,-9999.0,,,,,,,,,,
1942,2,18,,,,,,,,,,0.0,,,,,0.0,0.0,,32.0,32.0,,,,,,,,,,,,,-9.0,,-9.0,,,,-9.0,,,,,,,,,,
1942,2,19,,,,,,,,,,0.0,,,,,0.0,0.0,,62.959999999999994,42.08,,,,,,,,,,,,,999.0,,999.0,,,,999.0,,,,,,,,,,
1942,2,20,,,,,,,,,,0.0,,,,,0.0,0.0,,,,,,,,,,,,,,,,-999.0,,,,,,-999.0,,,,,,,,,,
1942,2,22,,,,,,,,,,0.0,,,,,0.0,0.0,,57.92,39.92,,,,,,,,,,,,,9999.0,,9999.0,,,,9999.0,,,,,,,,,,
1942,2,23,,,,,,,,,,0.0,,,,,0.0,0.0,,,32.0,,,,,,,,,,,,,-99.0,,-99.0,,,,-99.0,,,,,,,,,,
1942,2,24,,,,,,,,,,,,,,,,,,,,,,,,,,,,,,,,99.0,,99.0,,,,99.0,,,,,,,,,,
1942,2,25,,,,,,,,,,41.0,,,,,0.0,0.0,,60.980000000000004,46.04,,,,,,,,,,,,,-9999.0,,1.0,,,,-9999.0,,,,,,,,,,
1942,2,26,,,,,,,,,,0.0,,,,,0.0,0.0,,32.0,32.0,,,,,,,,,,,,,-9.0,,,,,,-9.0,,,,,,,,,,
1942,2,27,,,,,,,,,,0.0,,,,,0.0,0.0,,62.959999999999994,44.96,,,,,,,,,,,,,999.0,,999.0,,,,999.0,,,,,,,,,,
1942,2,28,,,,,,,,,,0.0,,,,,0.0,0.0,,,,,,,,,,,,,,,,-999.0,,-999.0,,,,-999.0,,,,,,,,,,
1942,2,29,,,,,,,,,,,,,,,,,,,,,,,,,,,,,,,,9.0,,,,,,,,,,,,,,,,
1942,2,30,,,,,,,,,,0.0,,,,,0.0,0.0,,64.94,44.06,,,,,,,,,,,,,1.0,,9999.0,,,,9999.0,,,,,,,,,,
1942,2,31,,,,,,,,,,0.0,,,,,0.0,0.0,,,32.0,,,,,,,,,,,,,,,-99.0,,,,,,,,,,,,,,
1942,3,1,,,,,,,,,,0.0,,,,,0.0,0.0,,69.98,44.06,,,,,,,,,,,,,-9999.0,,,,,-9999.0,-9999.0,,,,,,,,,,
1942,3,2,,,,,,,,,,0.0,,,,,0.0,0.0,,32.0,32.0,,,,,,,,,,,,,-9.0,,,,,-9.0,,,,,,,,,,,
1942,3,3,,,,,,,,,,0.0,,,,,0.0,0.0,,73.94,46.94,,,,,,,,,,,,,999.0,,,,,999.0,1.0,,,,,,,,,,
1942,3,4,,,,,,,,,,0.0,,,,,0.0,0.0,,,,,,,,,,,,,,,,-999.0,,,,,-999.0,,,,,,,,,,,
1942,3,6,,,,,,,,,,0.0,,,,,0.0,0.0,,73.04,46.94,,,,,,,,,,,,,9999.0,,,,,9999.0,9999.0,,,,,,,,,,
1942,3,7,,,,,,,,,,0.0,,,,,0.0,0.0,,,32.0,,,,,,,,,,,,,-99.0,,,,,-99.0,,,,,,,,,,,
1942,3,8,,,,,,,,,,,,,,,,,,,,,,,,,,,,,,,,99.0,,,,,99.0,,,,,,,,,,,
1942,3,9,,,,,,,,,,0.0,,,,,0.0,0.0,,64.94,50.0,,,,,,,,,,,,,1.0,,,,,-9999.0,-9999.0,,,,,,,,,,
1942,3,10,,,,,,,,,,0.0,,,,,0.0,0.0,,32.0,32.0,,,,,,,,,,,,,,,,,,-9.0,-9.0,,,,,,,,,,
1942,3,11,,,,,,,,,,0.0,,,,,0.0,0.0,,71.06,44.96,,,,,,,,,,,,,999.0,,,,,999.0,999.0,,,,,,,,,,
1942,3,12,,,,,,,,,,0.0,,,,,0.0,0.0,,,,,,,,,,,,,,,,-999.0,,,,,-999.0,-999.0,,,,,,,,,,
1942,3,13,,,,,,,,,,,,,,,,,,,,,,,,,,,,,,,,9.0,,,,,,,,,,,,,,,,
1942,3,14,,,,,,,,,,0.0,,,,,0.0,0.0,,66.92,48.02,,,,,,,,,,,,,1.0,,,,,9999.0,9999.0,,,,,,,,,,
1942,3,15,,,,,,,,,,0.0,,,,,0.0,0.0,,,32.0,,,,,,,,,,,,,,,,,,-99.0,-99.0,,,,,,,,,,
1942,3,16,,,,,,,,,,,,,,,,,,,,,,,,,,,,,,,,99.0,,,,,99.0,99.0,,,,,,,,,,
1942,3,17,,,,,,,,,,74.0,,,,,0.0,0.0,,64.94,55.04,,,,,,,,,,,,,-9999.0,,,,,-9999.0,1.0,,,,,,,,,,
1942,3,18,,,,,,,,,,0.0,,,,,0.0,0.0,,32.0,32.0,,,,,,,,,,,,,-9.0,,,,,-9.0,,,,,,,,,,,
1942,3,19,,,,,,,,,,46.0,,,,,0.0,0.0,,62.059999999999995,53.96,,,,,,,,,,,,,999.0,,,,,999.0,999.0,,,,,,,,,,
1942,3,20,,,,,,,,,,0.0,,,,,0.0,0.0,,,,,,,,,,,,,,,,-999.0,,,,,-999.0,-999.0,,,,,,,,,,
1942,3,22,,,,,,,,,,353.0,,,,,0.0,0.0,,59.0,48.02,,,,,,,,,,,,,9999.0,,,,,9999.0,9999.0,,,,,,,,,,
1942,3,23,,,,,,,,,,0.0,,,,,0.0,0.0,,,32.0,,,,,,,,,,,,,-99.0,,,,,-99.0,-99.0,,,,,,,,,,
1942,3,24,,,,,,,,,,,,,,,,,,,,,,,,,,,,,,,,99.0,,,,,99.0,99.0,,,,,,,,,,
1942,3,25,,,,,,,,,,0.0,,,,,0.0,0.0,,64.04,44.96,,,,,,,,,,,,,-9999.0,,,,,-9999.0,-9999.0,,,,,,,,,,
1942,3,26,,,,,,,,,,0.0,,,,,0.0,0.0,,32.0,32.0,,,,,,,,,,,,,-9.0,,,,,-9.0,,,,,,,,,,,
1942,3,27,,,,,,,,,,0.0,,,,,0.0,0.0,,73.04,44.96,,,,,,,,,,,,,999.0,,,,,999.0,1.0,,,,,,,,,,
1942,3,28,,,,,,,,,,0.0,,,,,0.0,0.0,,,,,,,,,,,,,,,,-999.0,,,,,-999.0,0.0,,,,,,,,,,
1942,3,30,,,,,,,,,,0.0,,,,,0.0,0.0,,66.92,51.08,,,,,,,,,,,,,9999.0,,,,,9999.0,9999.0,,,,,,,,,,
1942,3,31,,,,,,,,,,0.0,,,,,0.0,0.0,,,32.0,,,,,,,,,,,,,-99.0,,,,,-99.0,-99.0,,,,,,,,,,
1942,4,1,,,,,,,,,,0.0,,,,,0.0,0.0,,62.959999999999994,48.92,,,,,,,,,,,,,-9999.0,,,,,,,,,,,-9999.0,,,,,
1942,4,2,,,,,,,,,,0.0,,,,,0.0,0.0,,32.0,32.0,,,,,,,,,,,,,-9.0,,,,,,,,,,,-9.0,,,,,
1942,4,3,,,,,,,,,,0.0,,,,,0.0,0.0,,68.0,55.04,,,,,,,,,,,,,999.0,,,,,,,,,,,999.0,,,,,
1942,4,4,,,,,,,,,,0.0,,,,,0.0,0.0,,,,,,,,,,,,,,,,,,,,,,,,,,,-999.0,,,,,
1942,4,6,,,,,,,,,,30.0,,,,,0.0,0.0,,69.08,55.04,,,,,,,,,,,,,1.0,,,,,,,,,,,9999.0,,,,,
1942,4,7,,,,,,,,,,0.0,,,,,0.0,0.0,,,,,,,,,,,,,,,,,,,,,,,,,,,-99.0,,,,,
1942,4,8,,,,,,,,,,,,,,,,,,,,,,,,,,,,,,,,99.0,,,,,,,,,,,99.0,,,,,
1942,4,9,,,,,,,,,,28.0,,,,,0.0,0.0,,66.02,51.08,,,,,,,,,,,,,-9999.0,,,,,,,,,,,-9999.0,,,,,
1942,4,10,,,,,,,,,,0.0,,,,,0.0,0.0,,32.0,32.0,,,,,,,,,,,,,-9.0,,,,,,,,,,,-9.0,,,,,
1942,4,11,,,,,,,,,,0.0,,,,,0.0,0.0,,69.08,48.92,,,,,,,,,,,,,999.0,,,,,,,,,,,999.0,,,,,
1942,4,12,,,,,,,,,,0.0,,,,,0.0,0.0,,,,,,,,,,,,,,,,-999.0,,,,,,,,,,,-999.0,,,,,
1942,4,14,,,,,,,,,,0.0,,,,,0.0,0.0,,69.08,53.06,,,,,,,,,,,,,9999.0,,,,,,,,,,,9999.0,,,,,
1942,4,15,,,,,,,,,,0.0,,,,,0.0,0.0,,,,,,,,,,,,,,,,-99.0,,,,,,,,,,,-99.0,,,,,
1942,4,16,,,,,,,,,,,,,,,,,,,,,,,,,,,,,,,,99.0,,,,,,,,,,,99.0,,,,,
1942,4,17,,,,,,,,,,5.0,,,,,0.0,0.0,,68.0,53.96,,,,,,,,,,,,,-9999.0,,,,,,,,,,,-9999.0,,,,,
1942,4,18,,,,,,,,,,0.0,,,,,0.0,0.0,,32.0,32.0,,,,,,,,,,,,,-9.0,,,,,,,,,,,-9.0,,,,,
1942,4,19,,,,,,,,,,0.0,,,,,0.0,0.0,,66.92,55.04,,,,,,,,,,,,,999.0,,,,,,,,,,,999.0,,,,,
1942,4,20,,,,,,,,,,0.0,,,,,0.0,0.0,,,,,,,,,,,,,,,,-999.0,,,,,,,,,,,-999.0,,,,,
1942,4,21,,,,,,,,,,,,,,,,,,,,,,,,,,,,,,,,,,,,,,,,,,,9.0,,,,,
1942,4,22,,,,,,,,,,,,,,,0.0,0.0,,66.02,53.06,,,,,,,,,,,,,9999.0,,,,,,,,,,,1.0,,,,,
1942,4,23,,,,,,,,,,0.0,,,,,0.0,0.0,,,,,,,,,,,,,,,,-99.0,,,,,,,,,,,,,,,,
1942,4,24,,,,,,,,,,,,,,,,,,,,,,,,,,,,,,,,99.0,,,,,,,,,,,99.0,,,,,
1942,4,25,,,,,,,,,,3.0,,,,,0.0,0.0,,68.0,55.04,,,,,,,,,,,,,1.0,,,,,,,,,,,-9999.0,,,,,
1942,4,26,,,,,,,,,,0.0,,,,,0.0,0.0,,32.0,32.0,,,,,,,,,,,,,0.0,,,,,,,,,,,-9.0,,,,,
1942,4,27,,,,,,,,,,58.0,,,,,0.0,0.0,,64.94,53.06,,,,,,,,,,,,,1.0,,,,,,,,,,,999.0,,,,,
1942,4,28,,,,,,,,,,0.0,,,,,0.0,0.0,,,,,,,,,,,,,,,,,,,,,,,,,,,-999.0,,,,,
1942,4,29,,,,,,,,,,,,,,,,,,,,,,,,,,,,,,,,9.0,,,,,,,,,,,,,,,,
1942,4,30,,,,,,,,,,0.0,,,,,0.0,0.0,,66.02,51.08,,,,,,,,,,,,,1.0,,,,,,,,,,,9999.0,,,,,
1942,4,31,,,,,,,,,,0.0,,,,,0.0,0.0,,,,,,,,,,,,,,,,,,,,,,,,,,,-99.0,,,,,
1942,5,1,,,,,,,,,,3.0,,,,,0.0,0.0,,66.02,51.98,,,,,,,,,,,,,1.0,,,,,,-9999.0,,,,,-9999.0,,,,,
1942,5,2,,,,,,,,,,0.0,,,,,0.0,0.0,,32.0,32.0,,,,,,,,,,,,,,,,,,,-9.0,,,,,-9.0,,,,,
1942,5,3,,,,,,,,,,0.0,,,,,0.0,0.0,,69.98,51.08,,,,,,,,,,,,,999.0,,,,,,999.0,,,,,999.0,,,,,
1942,5,4,,,,,,,,,,0.0,,,,,0.0,0.0,,,,,,,,,,,,,,,,-999.0,,,,,,-999.0,,,,,-999.0,,,,,
1942,5,6,,,,,,,,,,0.0,,,,,0.0,0.0,,75.92,51.98,,,,,,,,,,,,,9999.0,,,,,,9999.0,,,,,9999.0,,,,,
1942,5,7,,,,,,,,,,0.0,,,,,0.0,0.0,,,,,,,,,,,,,,,,-99.0,,,,,,-99.0,,,,,-99.0,,,,,
1942,5,8,,,,,,,,,,,,,,,,,,,,,,,,,,,,,,,,99.0,,,,,,99.0,,,,,99.0,,,,,
1942,5,9,,,,,,,,,,0.0,,,,,0.0,0.0,,69.08,55.94,,,,,,,,,,,,,-9999.0,,,,,,-9999.0,,,,,1.0,,,,,
1942,5,10,,,,,,,,,,,,,,,0.0,0.0,,32.0,32.0,,,,,,,,,,,,,-9.0,,,,,,,,,,,,,,,,
1942,5,11,,,,,,,,,,0.0,,,,,0.0,0.0,,69.98,57.92,,,,,,,,,,,,,999.0,,,,,,1.0,,,,,999.0,,,,,
1942,5,12,,,,,,,,,,0.0,,,,,0.0,0.0,,,,,,,,,,,,,,,,-999.0,,,,,,,,,,,-999.0,,,,,
1942,5,14,,,,,,,,,,0.0,,,,,0.0,0.0,,68.0,57.92,,,,,,,,,,,,,9999.0,,,,,,9999.0,,,,,9999.0,,,,,
1942,5,15,,,,,,,,,,,,,,,,,,,,,,,,,,,,,,,,-99.0,,,,,,-99.0,,,,,-99.0,,,,,
1942,5,16,,,,,,,,,,,,,,,,,,,,,,,,,,,,,,,,99.0,,,,,,99.0,,,,,99.0,,,,,
1942,5,17,,,,,,,,,,0.0,,,,,0.0,0.0,,64.94,55.94,,,,,,,,,,,,,-9999.0,,,,,,-9999.0,,,,,-9999.0,,,,,
1942,5,18,,,,,,,,,,,,,,,,,,,,,,,,,,,,,,,,-9.0,,,,,,-9.0,,,,,-9.0,,,,,
1942,5,19,,,,,,,,,,0.0,,,,,0.0,0.0,,68.0,53.96,,,,,,,,,,,,,999.0,,,,,,999.0,,,,,999.0,,,,,
1942,5,20,,,,,,,,,,,,,,,,,,,,,,,,,,,,,,,,-999.0,,,,,,-999.0,,,,,-999.0,,,,,
1942,5,22,,,,,,,,,,0.0,,,,,0.0,0.0,,69.98,51.98,,,,,,,,,,,,,9999.0,,,,,,9999.0,,,,,9999.0,,,,,
1942,5,23,,,,,,,,,,,,,,,,,,,,,,,,,,,,,,,,-99.0,,,,,,-99.0,,,,,-99.0,,,,,
1942,5,24,,,,,,,,,,,,,,,,,,,,,,,,,,,,,,,,99.0,,,,,,99.0,,,,,99.0,,,,,
1942,5,25,,,,,,,,,,0.0,,,,,0.0,0.0,,69.08,55.94,,,,,,,,,,,,,-9999.0,,,,,,-9999.0,,,,,-9999.0,,,,,
1942,5,26,,,,,,,,,,0.0,,,,,0.0,0.0,,32.0,32.0,,,,,,,,,,,,,-9.0,,,,,,-9.0,,,,,-9.0,,,,,
1942,5,27,,,,,,,,,,0.0,,,,,0.0,0.0,,69.98,57.02,,,,,,,,,,,,,999.0,,,,,,999.0,,,,,999.0,,,,,
1942,5,28,,,,,,,,,,0.0,,,,,0.0,0.0,,,,,,,,,,,,,,,,-999.0,,,,,,-999.0,,,,,-999.0,,,,,
1942,5,29,,,,,,,,,,,,,,,,,,,,,,,,,,,,,,,,,,,,,,9.0,,,,,,,,,,
1942,5,30,,,,,,,,,,0.0,,,,,0.0,0.0,,78.98,55.04,,,,,,,,,,,,,9999.0,,,,,,1.0,,,,,9999.0,,,,,
1942,5,31,,,,,,,,,,0.0,,,,,0.0,0.0,,,,,,,,,,,,,,,,-99.0,,,,,,0.0,,,,,-99.0,,,,,
1942,6,1,,,,,,,,,,0.0,,,,,0.0,0.0,,71.06,57.02,,,,,,,,,,,,,,,,,,,-9999.0,,,,,-9999.0,,,,,
1942,6,2,,,,,,,,,,0.0,,,,,0.0,0.0,,32.0,32.0,,,,,,,,,,,,,,,,,,,-9.0,,,,,-9.0,,,,,
1942,6,3,,,,,,,,,,0.0,,,,,0.0,0.0,,71.06,57.92,,,,,,,,,,,,,,,,,,,999.0,,,,,999.0,,,,,
1942,6,4,,,,,,,,,,0.0,,,,,0.0,0.0,,,,,,,,,,,,,,,,,,,,,,-999.0,,,,,-999.0,,,,,
1942,6,6,,,,,,,,,,0.0,,,,,0.0,0.0,,71.96,59.0,,,,,,,,,,,,,,,,,,,9999.0,,,,,9999.0,,,,,
1942,6,7,,,,,,,,,,0.0,,,,,0.0,0.0,,,,,,,,,,,,,,,,,,,,,,,,,,,,,,,,
1942,6,9,,,,,,,,,,0.0,,,,,0.0,0.0,,68.0,59.0,,,,,,,,,,,,,,,,,,,-9999.0,,,,,-9999.0,,,,,
1942,6,10,,,,,,,,,,0.0,,,,,0.0,0.0,,32.0,32.0,,,,,,,,,,,,,,,,,,,-9.0,,,,,-9.0,,,,,
1942,6,11,,,,,,,,,,0.0,,,,,0.0,0.0,,66.92,57.92,,,,,,,,,,,,,,,,,,,999.0,,,,,999.0,,,,,
1942,6,12,,,,,,,,,,0.0,,,,,0.0,0.0,,,,,,,,,,,,,,,,,,,,,,-999.0,,,,,-999.0,,,,,
1942,6,14,,,,,,,,,,0.0,,,,,0.0,0.0,,71.06,60.08,,,,,,,,,,,,,,,,,,,9999.0,,,,,9999.0,,,,,
1942,6,15,,,,,,,,,,0.0,,,,,0.0,0.0,,,,,,,,,,,,,,,,,,,,,,-99.0,,,,,-99.0,,,,,
1942,6,16,,,,,,,,,,,,,,,,,,,,,,,,,,,,,,,,,,,,,,99.0,,,,,99.0,,,,,
1942,6,17,,,,,,,,,,0.0,,,,,0.0,0.0,,66.02,59.0,,,,,,,,,,,,,,,,,,,-9999.0,,,,,-9999.0,,,,,
1942,6,18,,,,,,,,,,0.0,,,,,0.0,0.0,,32.0,32.0,,,,,,,,,,,,,,,,,,,-9.0,,,,,-9.0,,,,,
1942,6,19,,,,,,,,,,0.0,,,,,0.0,0.0,,69.98,59.0,,,,,,,,,,,,,,,,,,,999.0,,,,,999.0,,,,,
1942,6,20,,,,,,,,,,0.0,,,,,0.0,0.0,,,,,,,,,,,,,,,,,,,,,,-999.0,,,,,-999.0,,,,,
1942,6,22,,,,,,,,,,0.0,,,,,0.0,0.0,,71.96,60.08,,,,,,,,,,,,,,,,,,,9999.0,,,,,9999.0,,,,,
1942,6,23,,,,,,,,,,0.0,,,,,0.0,0.0,,,,,,,,,,,,,,,,,,,,,,-99.0,,,,,-99.0,,,,,
1942,6,24,,,,,,,,,,,,,,,,,,,,,,,,,,,,,,,,,,,,,,99.0,,,,,99.0,,,,,
1942,6,25,,,,,,,,,,0.0,,,,,0.0,0.0,,69.98,59.0,,,,,,,,,,,,,,,,,,,-9999.0,,,,,-9999.0,,,,,
1942,6,26,,,,,,,,,,0.0,,,,,0.0,0.0,,32.0,32.0,,,,,,,,,,,,,,,,,,,-9.0,,,,,-9.0,,,,,
1942,6,27,,,,,,,,,,0.0,,,,,0.0,0.0,,68.0,60.08,,,,,,,,,,,,,,,,,,,999.0,,,,,999.0,,,,,
1942,6,28,,,,,,,,,,0.0,,,,,0.0,0.0,,,,,,,,,,,,,,,,,,,,,,-999.0,,,,,-999.0,,,,,
1942,6,29,,,,,,,,,,,,,,,,,,,,,,,,,,,,,,,,,,,,,,9.0,,,,,9.0,,,,,
1942,6,30,,,,,,,,,,,,,,,0.0,0.0,,71.06,59.0,,,,,,,,,,,,,,,,,,,1.0,,,,,1.0,,,,,
1942,6,31,,,,,,,,,,0.0,,,,,0.0,0.0,,,,,,,,,,,,,,,,,,,,,,0.0,,,,,,,,,,
1942,7,1,,,,,,,,,,0.0,,,,,0.0,0.0,,71.96,60.08,,,,,,,,,,,,,-9999.0,,,,,,1.0,,,,,,,,,,
1942,7,2,,,,,,,,,,0.0,,,,,0.0,0.0,,32.0,32.0,,,,,,,,,,,,,-9.0,,,,,,,,,,,,,,,,
1942,7,3,,,,,,,,,,0.0,,,,,0.0,0.0,,71.96,60.08,,,,,,,,,,,,,999.0,,,,,,999.0,,,,,,,,,,
1942,7,4,,,,,,,,,,0.0,,,,,0.0,0.0,,,,,,,,,,,,,,,,-999.0,,,,,,-999.0,,,,,,,,,,
1942,7,5,,,,,,,,,,,,,,,,,,,,,,,,,,,,,,,,,,,,,,9.0,,,,,,,,,,
1942,7,6,,,,,,,,,,0.0,,,,,0.0,0.0,,73.94,57.92,,,,,,,,,,,,,9999.0,,,,,,1.0,,,,,,,,,,
1942,7,7,,,,,,,,,,0.0,,,,,0.0,0.0,,,,,,,,,,,,,,,,,,,,,,,,,,,,,,,,
1942,7,8,,,,,,,,,,,,,,,,,,,,,,,,,,,,,,,,,,,,,,99.0,,,,,,,,,,
1942,7,9,,,,,,,,,,0.0,,,,,0.0,0.0,,80.96,62.059999999999995,,,,,,,,,,,,,-9999.0,,,,,,1.0,,,,,,,,,,
1942,7,10,,,,,,,,,,0.0,,,,,0.0,0.0,,32.0,32.0,,,,,,,,,,,,,-9.0,,,,,,0.0,,,,,,,,,,
1942,7,11,,,,,,,,,,0.0,,,,,0.0,0.0,,82.94,64.94,,,,,,,,,,,,,999.0,,,,,,1.0,,,,,,,,,,
1942,7,12,,,,,,,,,,0.0,,,,,0.0,0.0,,,,,,,,,,,,,,,,-999.0,,,,,,,,,,,,,,,,
1942,7,13,,,,,,,,,,,,,,,,,,,,,,,,,,,,,,,,,,,,,,9.0,,,,,,,,,,
1942,7,14,,,,,,,,,,0.0,,,,,0.0,0.0,,71.06,62.959999999999994,,,,,,,,,,,,,9999.0,,,,,,1.0,,,,,,,,,,
1942,7,15,,,,,,,,,,0.0,,,,,0.0,0.0,,,,,,,,,,,,,,,,-99.0,,,,,,0.0,,,,,,,,,,
1942,7,16,,,,,,,,,,,,,,,,,,,,,,,,,,,,,,,,99.0,,,,,,,,,,,,,,,,
1942,7,17,,,,,,,,,,0.0,,,,,0.0,0.0,,73.94,62.059999999999995,,,,,,,,,,,,,-9999.0,,,,,,-9999.0,,,,,,,,,,
1942,7,18,,,,,,,,,,0.0,,,,,0.0,0.0,,32.0,32.0,,,,,,,,,,,,,-9.0,,,,,,-9.0,,,,,,,,,,
1942,7,19,,,,,,,,,,0.0,,,,,0.0,0.0,,77.0,60.980000000000004,,,,,,,,,,,,,999.0,,,,,,999.0,,,,,,,,,,
1942,7,20,,,,,,,,,,0.0,,,,,0.0,0.0,,,,,,,,,,,,,,,,-999.0,,,,,,-999.0,,,,,,,,,,
1942,7,21,,,,,,,,,,,,,,,,,,,,,,,,,,,,,,,,,,,,,,9.0,,,,,,,,,,
1942,7,22,,,,,,,,,,0.0,,,,,0.0,0.0,,75.92,62.959999999999994,,,,,,,,,,,,,9999.0,,,,,,1.0,,,,,,,,,,
1942,7,23,,,,,,,,,,0.0,,,,,0.0,0.0,,,,,,,,,,,,,,,,-99.0,,,,,,,,,,,,,,,,
1942,7,24,,,,,,,,,,,,,,,,,,,,,,,,,,,,,,,,99.0,,,,,,99.0,,,,,,,,,,
1942,7,25,,,,,,,,,,0.0,,,,,0.0,0.0,,73.94,64.04,,,,,,,,,,,,,-9999.0,,,,,,-9999.0,,,,,,,,,,
1942,7,26,,,,,,,,,,0.0,,,,,0.0,0.0,,32.0,32.0,,,,,,,,,,,,,-9.0,,,,,,-9.0,,,,,,,,,,
1942,7,27,,,,,,,,,,0.0,,,,,0.0,0.0,,77.0,64.04,,,,,,,,,,,,,999.0,,,,,,999.0,,,,,,,,,,
1942,7,28,,,,,,,,,,0.0,,,,,0.0,0.0,,,,,,,,,,,,,,,,-999.0,,,,,,-999.0,,,,,,,,,,
1942,7,30,,,,,,,,,,0.0,,,,,0.0,0.0,,75.92,64.04,,,,,,,,,,,,,9999.0,,,,,,9999.0,,,,,,,,,,
1942,7,31,,,,,,,,,,0.0,,,,,0.0,0.0,,,,,,,,,,,,,,,,-99.0,,,,,,,,,,,,,,,,
1942,8,1,,,,,,,,,,0.0,,,,,0.0,0.0,,75.02,60.980000000000004,,,,,,,,,,,,,-9999.0,,-9999.0,,,,1.0,,,,,,,,,,
1942,8,2,,,,,,,,,,0.0,,,,,0.0,0.0,,32.0,32.0,,,,,,,,,,,,,-9.0,,-9.0,,,,,,,,,,,,,,
1942,8,3,,,,,,,,,,0.0,,,,,0.0,0.0,,73.94,62.959999999999994,,,,,,,,,,,,,999.0,,999.0,,,,999.0,,,,,,,,,,
1942,8,4,,,,,,,,,,0.0,,,,,0.0,0.0,,,,,,,,,,,,,,,,-999.0,,-999.0,,,,-999.0,,,,,,,,,,
1942,8,6,,,,,,,,,,0.0,,,,,0.0,0.0,,73.94,62.059999999999995,,,,,,,,,,,,,9999.0,,9999.0,,,,9999.0,,,,,,,,,,
1942,8,7,,,,,,,,,,0.0,,,,,0.0,0.0,,,,,,,,,,,,,,,,-99.0,,-99.0,,,,-99.0,,,,,,,,,,
1942,8,8,,,,,,,,,,,,,,,,,,,,,,,,,,,,,,,,99.0,,99.0,,,,99.0,,,,,,,,,,
1942,8,9,,,,,,,,,,0.0,,,,,0.0,0.0,,80.96,60.980000000000004,,,,,,,,,,,,,-9999.0,,-9999.0,,,,1.0,,,,,,,,,,
1942,8,10,,,,,,,,,,0.0,,,,,0.0,0.0,,32.0,32.0,,,,,,,,,,,,,,,-9.0,,,,,,,,,,,,,,
1942,8,11,,,,,,,,,,0.0,,,,,0.0,0.0,,78.98,62.059999999999995,,,,,,,,,,,,,1.0,,999.0,,,,999.0,,,,,,,,,,
1942,8,12,,,,,,,,,,0.0,,,,,0.0,0.0,,,,,,,,,,,,,,,,,,-999.0,,,,-999.0,,,,,,,,,,
1942,8,13,,,,,,,,,,,,,,,,,,,,,,,,,,,,,,,,,,9.0,,,,,,,,,,,,,,
1942,8,14,,,,,,,,,,,,,,,0.0,0.0,,80.06,66.02,,,,,,,,,,,,,9999.0,,1.0,,,,9999.0,,,,,,,,,,
1942,8,15,,,,,,,,,,0.0,,,,,0.0,0.0,,,,,,,,,,,,,,,,-99.0,,,,,,-99.0,,,,,,,,,,
1942,8,16,,,,,,,,,,,,,,,,,,,,,,,,,,,,,,,,99.0,,99.0,,,,99.0,,,,,,,,,,
1942,8,17,,,,,,,,,,0.0,,,,,0.0,0.0,,78.08,62.959999999999994,,,,,,,,,,,,,-9999.0,,-9999.0,,,,-9999.0,,,,,,,,,,
1942,8,18,,,,,,,,,,0.0,,,,,0.0,0.0,,32.0,32.0,,,,,,,,,,,,,-9.0,,-9.0,,,,-9.0,,,,,,,,,,
1942,8,19,,,,,,,,,,0.0,,,,,0.0,0.0,,77.0,64.94,,,,,,,,,,,,,999.0,,999.0,,,,999.0,,,,,,,,,,
1942,8,20,,,,,,,,,,0.0,,,,,0.0,0.0,,,,,,,,,,,,,,,,,,-999.0,,,,-999.0,,,,,,,,,,
1942,8,22,,,,,,,,,,0.0,,,,,0.0,0.0,,73.94,62.959999999999994,,,,,,,,,,,,,9999.0,,9999.0,,,,9999.0,,,,,,,,,,
1942,8,23,,,,,,,,,,0.0,,,,,0.0,0.0,,,,,,,,,,,,,,,,-99.0,,-99.0,,,,-99.0,,,,,,,,,,
1942,8,24,,,,,,,,,,,,,,,,,,,,,,,,,,,,,,,,99.0,,99.0,,,,99.0,,,,,,,,,,
1942,8,25,,,,,,,,,,0.0,,,,,0.0,0.0,,77.0,64.04,,,,,,,,,,,,,-9999.0,,-9999.0,,,,-9999.0,,,,,,,,,,
1942,8,26,,,,,,,,,,0.0,,,,,0.0,0.0,,32.0,32.0,,,,,,,,,,,,,-9.0,,-9.0,,,,,,,,,,,,,,
1942,8,27,,,,,,,,,,0.0,,,,,0.0,0.0,,80.06,64.94,,,,,,,,,,,,,999.0,,999.0,,,,1.0,,,,,,,,,,
1942,8,28,,,,,,,,,,0.0,,,,,0.0,0.0,,,,,,,,,,,,,,,,-999.0,,-999.0,,,,,,,,,,,,,,
1942,8,30,,,,,,,,,,0.0,,,,,0.0,0.0,,80.06,66.02,,,,,,,,,,,,,9999.0,,9999.0,,,,9999.0,,,,,,,,,,
1942,8,31,,,,,,,,,,0.0,,,,,0.0,0.0,,,,,,,,,,,,,,,,-99.0,,-99.0,,,,-99.0,,,,,,,,,,
1942,9,1,,,,,,,,,,0.0,,,,,0.0,0.0,,73.94,64.94,,,,,,,,,,,,,-9999.0,,,,,,-9999.0,,,,,,,,,,
1942,9,2,,,,,,,,,,0.0,,,,,0.0,0.0,,32.0,32.0,,,,,,,,,,,,,-9.0,,,,,,-9.0,,,,,,,,,,
1942,9,3,,,,,,,,,,0.0,,,,,0.0,0.0,,73.94,62.059999999999995,,,,,,,,,,,,,999.0,,,,,,999.0,,,,,,,,,,
1942,9,4,,,,,,,,,,0.0,,,,,0.0,0.0,,,,,,,,,,,,,,,,-999.0,,,,,,-999.0,,,,,,,,,,
1942,9,6,,,,,,,,,,0.0,,,,,0.0,0.0,,75.92,62.059999999999995,,,,,,,,,,,,,9999.0,,,,,,9999.0,,,,,,,,,,
1942,9,7,,,,,,,,,,0.0,,,,,0.0,0.0,,,,,,,,,,,,,,,,-99.0,,,,,,,,,,,,,,,,
1942,9,8,,,,,,,,,,,,,,,,,,,,,,,,,,,,,,,,99.0,,,,,,,,,,,,,,,,
1942,9,9,,,,,,,,,,0.0,,,,,0.0,0.0,,75.92,55.94,,,,,,,,,,,,,-9999.0,,,,,,1.0,,,,,,,,,,
1942,9,10,,,,,,,,,,0.0,,,,,0.0,0.0,,32.0,32.0,,,,,,,,,,,,,,,,,,,,,,,,,,,,,
1942,9,11,,,,,,,,,,0.0,,,,,0.0,0.0,,75.02,59.0,,,,,,,,,,,,,1.0,,,,,,999.0,,,,,,,,,,
1942,9,12,,,,,,,,,,0.0,,,,,0.0,0.0,,,,,,,,,,,,,,,,,,,,,,-999.0,,,,,,,,,,
1942,9,14,,,,,,,,,,0.0,,,,,0.0,0.0,,75.02,60.980000000000004,,,,,,,,,,,,,9999.0,,,,,,9999.0,,,,,,,,,,
1942,9,15,,,,,,,,,,0.0,,,,,0.0,0.0,,,,,,,,,,,,,,,,-99.0,,,,,,-99.0,,,,,,,,,,
1942,9,16,,,,,,,,,,,,,,,,,,,,,,,,,,,,,,,,99.0,,,,,,99.0,,,,,,,,,,
1942,9,17,,,,,,,,,,0.0,,,,,0.0,0.0,,73.94,62.959999999999994,,,,,,,,,,,,,-9999.0,,,,,,-9999.0,,,,,,,,,,
1942,9,18,,,,,,,,,,0.0,,,,,0.0,0.0,,32.0,32.0,,,,,,,,,,,,,-9.0,,,,,,,,,,,,,,,,
1942,9,19,,,,,,,,,,0.0,,,,,0.0,0.0,,75.02,57.92,,,,,,,,,,,,,999.0,,,,,,1.0,,,,,,,,,,
1942,9,20,,,,,,,,,,0.0,,,,,0.0,0.0,,,,,,,,,,,,,,,,-999.0,,,,,,,,,,,,,,,,
1942,9,21,,,,,,,,,,,,,,,,,,,,,,,,,,,,,,,,,,,,,,9.0,,,,,,,,,,
1942,9,22,,,,,,,,,,0.0,,,,,0.0,0.0,,75.02,57.92,,,,,,,,,,,,,9999.0,,,,,,1.0,,,,,,,,,,
1942,9,23,,,,,,,,,,0.0,,,,,0.0,0.0,,,,,,,,,,,,,,,,-99.0,,,,,,0.0,,,,,,,,,,
1942,9,24,,,,,,,,,,,,,,,,,,,,,,,,,,,,,,,,99.0,,,,,,,,,,,,,,,,
1942,9,25,,,,,,,,,,0.0,,,,,0.0,0.0,,75.02,64.04,,,,,,,,,,,,,-9999.0,,,,,,-9999.0,,,,,,,,,,
1942,9,26,,,,,,,,,,0.0,,,,,0.0,0.0,,32.0,32.0,,,,,,,,,,,,,-9.0,,,,,,-9.0,,,,,,,,,,
1942,9,27,,,,,,,,,,0.0,,,,,0.0,0.0,,71.06,62.059999999999995,,,,,,,,,,,,,999.0,,,,,,999.0,,,,,,,,,,
1942,9,28,,,,,,,,,,0.0,,,,,0.0,0.0,,,,,,,,,,,,,,,,-999.0,,,,,,-999.0,,,,,,,,,,
1942,9,30,,,,,,,,,,0.0,,,,,0.0,0.0,,73.94,55.94,,,,,,,,,,,,,9999.0,,,,,,9999.0,,,,,,,,,,
1942,9,31,,,,,,,,,,0.0,,,,,0.0,0.0,,,,,,,,,,,,,,,,-99.0,,,,,,,,,,,,,,,,
1942,10,1,,,,,,,,,,0.0,,,,,0.0,0.0,,73.04,60.980000000000004,,,,,,,,,,,,,-9999.0,,,,,,1.0,,,,,-9999.0,,,,,
1942,10,2,,,,,,,,,,0.0,,,,,0.0,0.0,,32.0,32.0,,,,,,,,,,,,,-9.0,,,,,,0.0,,,,,-9.0,,,,,
1942,10,3,,,,,,,,,,0.0,,,,,0.0,0.0,,69.08,60.980000000000004,,,,,,,,,,,,,999.0,,,,,,1.0,,,,,999.0,,,,,
1942,10,4,,,,,,,,,,0.0,,,,,0.0,0.0,,,,,,,,,,,,,,,,-999.0,,,,,,,,,,,-999.0,,,,,
1942,10,5,,,,,,,,,,,,,,,,,,,,,,,,,,,,,,,,,,,,,,9.0,,,,,,,,,,
1942,10,6,,,,,,,,,,0.0,,,,,0.0,0.0,,73.94,57.92,,,,,,,,,,,,,9999.0,,,,,,1.0,,,,,9999.0,,,,,
1942,10,7,,,,,,,,,,0.0,,,,,0.0,0.0,,,,,,,,,,,,,,,,-99.0,,,,,,0.0,,,,,-99.0,,,,,
1942,10,8,,,,,,,,,,,,,,,,,,,,,,,,,,,,,,,,99.0,,,,,,,,,,,99.0,,,,,
1942,10,9,,,,,,,,,,0.0,,,,,0.0,0.0,,73.04,60.980000000000004,,,,,,,,,,,,,-9999.0,,,,,,1.0,,,,,-9999.0,,,,,
1942,10,10,,,,,,,,,,0.0,,,,,0.0,0.0,,32.0,32.0,,,,,,,,,,,,,-9.0,,,,,,,,,,,-9.0,,,,,
1942,10,11,,,,,,,,,,0.0,,,,,0.0,0.0,,68.0,62.959999999999994,,,,,,,,,,,,,999.0,,,,,,999.0,,,,,999.0,,,,,
1942,10,12,,,,,,,,,,0.0,,,,,0.0,0.0,,,,,,,,,,,,,,,,-999.0,,,,,,-999.0,,,,,-999.0,,,,,
1942,10,13,,,,,,,,,,,,,,,,,,,,,,,,,,,,,,,,,,,,,,9.0,,,,,,,,,,
1942,10,14,,,,,,,,,,0.0,,,,,0.0,0.0,,73.94,59.0,,,,,,,,,,,,,9999.0,,,,,,1.0,,,,,9999.0,,,,,
1942,10,15,,,,,,,,,,0.0,,,,,0.0,0.0,,,,,,,,,,,,,,,,-99.0,,,,,,,,,,,-99.0,,,,,
1942,10,16,,,,,,,,,,,,,,,,,,,,,,,,,,,,,,,,99.0,,,,,,99.0,,,,,99.0,,,,,
1942,10,17,,,,,,,,,,3.0,,,,,0.0,0.0,,73.04,60.980000000000004,,,,,,,,,,,,,-9999.0,,,,,,-9999.0,,,,,1.0,,,,,
1942,10,18,,,,,,,,,,0.0,,,,,0.0,0.0,,32.0,32.0,,,,,,,,,,,,,-9.0,,,,,,-9.0,,,,,,,,,,
1942,10,19,,,,,,,,,,,,,,,0.0,0.0,,69.08,57.02,,,,,,,,,,,,,999.0,,,,,,999.0,,,,,999.0,,,,,
1942,10,20,,,,,,,,,,0.0,,,,,0.0,0.0,,,,,,,,,,,,,,,,-999.0,,,,,,-999.0,,,,,-999.0,,,,,
1942,10,22,,,,,,,,,,0.0,,,,,0.0,0.0,,75.02,53.06,,,,,,,,,,,,,9999.0,,,,,,9999.0,,,,,9999.0,,,,,
1942,10,23,,,,,,,,,,0.0,,,,,0.0,0.0,,,,,,,,,,,,,,,,-99.0,,,,,,,,,,,-99.0,,,,,
1942,10,24,,,,,,,,,,,,,,,,,,,,,,,,,,,,,,,,99.0,,,,,,,,,,,99.0,,,,,
1942,10,25,,,,,,,,,,0.0,,,,,0.0,0.0,,78.08,55.04,,,,,,,,,,,,,-9999.0,,,,,,-9999.0,,,,,-9999.0,,,,,
1942,10,26,,,,,,,,,,0.0,,,,,0.0,0.0,,32.0,32.0,,,,,,,,,,,,,,,,,,,-9.0,,,,,-9.0,,,,,
1942,10,27,,,,,,,,,,0.0,,,,,0.0,0.0,,77.0,55.04,,,,,,,,,,,,,1.0,,,,,,999.0,,,,,999.0,,,,,
1942,10,28,,,,,,,,,,0.0,,,,,0.0,0.0,,,,,,,,,,,,,,,,0.0,,,,,,-999.0,,,,,-999.0,,,,,
1942,10,30,,,,,,,,,,0.0,,,,,0.0,0.0,,86.0,59.0,,,,,,,,,,,,,9999.0,,,,,,9999.0,,,,,9999.0,,,,,
1942,10,31,,,,,,,,,,0.0,,,,,0.0,0.0,,,,,,,,,,,,,,,,-99.0,,,,,,,,,,,-99.0,,,,,
1942,11,1,,,,,,,,,,0.0,,,,,0.0,0.0,,82.94,53.06,,,,,,,,,,,,,1.0,,,,,,-9999.0,,,,,-9999.0,,,,,
1942,11,2,,,,,,,,,,0.0,,,,,0.0,0.0,,32.0,32.0,,,,,,,,,,,,,,,,,,,-9.0,,,,,-9.0,,,,,
1942,11,3,,,,,,,,,,0.0,,,,,0.0,0.0,,71.96,51.98,,,,,,,,,,,,,999.0,,,,,,999.0,,,,,999.0,,,,,
1942,11,4,,,,,,,,,,0.0,,,,,0.0,0.0,,,,,,,,,,,,,,,,,,,,,,-999.0,,,,,-999.0,,,,,
1942,11,6,,,,,,,,,,0.0,,,,,0.0,0.0,,69.08,55.04,,,,,,,,,,,,,9999.0,,,,,,9999.0,,,,,9999.0,,,,,
1942,11,7,,,,,,,,,,0.0,,,,,0.0,0.0,,,,,,,,,,,,,,,,-99.0,,,,,,-99.0,,,,,-99.0,,,,,
1942,11,8,,,,,,,,,,,,,,,,,,,,,,,,,,,,,,,,99.0,,,,,,99.0,,,,,99.0,,,,,
1942,11,9,,,,,,,,,,0.0,,,,,0.0,0.0,,69.08,51.08,,,,,,,,,,,,,-9999.0,,,,,,1.0,,,,,-9999.0,,,,,
1942,11,10,,,,,,,,,,0.0,,,,,0.0,0.0,,32.0,32.0,,,,,,,,,,,,,-9.0,,,,,,,,,,,-9.0,,,,,
1942,11,11,,,,,,,,,,0.0,,,,,0.0,0.0,,71.96,51.08,,,,,,,,,,,,,999.0,,,,,,999.0,,,,,999.0,,,,,
1942,11,12,,,,,,,,,,0.0,,,,,0.0,0.0,,,,,,,,,,,,,,,,,,,,,,-999.0,,,,,-999.0,,,,,
1942,11,14,,,,,,,,,,0.0,,,,,0.0,0.0,,71.96,51.08,,,,,,,,,,,,,9999.0,,,,,,9999.0,,,,,9999.0,,,,,
1942,11,15,,,,,,,,,,0.0,,,,,0.0,0.0,,,,,,,,,,,,,,,,-99.0,,,,,,,,,,,-99.0,,,,,
1942,11,16,,,,,,,,,,,,,,,,,,,,,,,,,,,,,,,,99.0,,,,,,,,,,,99.0,,,,,
1942,11,17,,,,,,,,,,0.0,,,,,0.0,0.0,,86.0,51.98,,,,,,,,,,,,,-9999.0,,,,,,1.0,,,,,-9999.0,,,,,
1942,11,18,,,,,,,,,,0.0,,,,,0.0,0.0,,32.0,32.0,,,,,,,,,,,,,-9.0,,,,,,0.0,,,,,-9.0,,,,,
1942,11,19,,,,,,,,,,0.0,,,,,0.0,0.0,,78.08,51.98,,,,,,,,,,,,,999.0,,,,,,1.0,,,,,999.0,,,,,
1942,11,20,,,,,,,,,,0.0,,,,,0.0,0.0,,,,,,,,,,,,,,,,-999.0,,,,,,0.0,,,,,-999.0,,,,,
1942,11,21,,,,,,,,,,,,,,,,,,,,,,,,,,,,,,,,9.0,,,,,,,,,,,,,,,,
1942,11,22,,,,,,,,,,0.0,,,,,0.0,0.0,,71.06,53.96,,,,,,,,,,,,,1.0,,,,,,9999.0,,,,,9999.0,,,,,
1942,11,23,,,,,,,,,,0.0,,,,,0.0,0.0,,,,,,,,,,,,,,,,0.0,,,,,,-99.0,,,,,-99.0,,,,,
1942,11,24,,,,,,,,,,,,,,,,,,,,,,,,,,,,,,,,,,,,,,99.0,,,,,99.0,,,,,
1942,11,25,,,,,,,,,,0.0,,,,,0.0,0.0,,68.0,53.06,,,,,,,,,,,,,-9999.0,,,,,,-9999.0,,,,,-9999.0,,,,,
1942,11,26,,,,,,,,,,0.0,,,,,0.0,0.0,,32.0,32.0,,,,,,,,,,,,,-9.0,,,,,,-9.0,,,,,-9.0,,,,,
1942,11,27,,,,,,,,,,0.0,,,,,0.0,0.0,,68.0,50.0,,,,,,,,,,,,,999.0,,,,,,999.0,,,,,999.0,,,,,
1942,11,28,,,,,,,,,,0.0,,,,,0.0,0.0,,,,,,,,,,,,,,,,,,,,,,-999.0,,,,,-999.0,,,,,
1942,11,30,,,,,,,,,,41.0,,,,,0.0,0.0,,64.04,51.98,,,,,,,,,,,,,1.0,,,,,,9999.0,,,,,9999.0,,,,,
1942,11,31,,,,,,,,,,0.0,,,,,0.0,0.0,,,32.0,,,,,,,,,,,,,,,,,,,-99.0,,,,,-99.0,,,,,
1942,12,1,,,,,,,,,,0.0,,,,,0.0,0.0,,66.02,51.98,,,,,,,,,,,,,-9999.0,,,,,,1.0,,,,,,,,,,
1942,12,2,,,,,,,,,,0.0,,,,,0.0,0.0,,32.0,32.0,,,,,,,,,,,,,,,,,,,,,,,,,,,,,
1942,12,3,,,,,,,,,,0.0,,,,,0.0,0.0,,66.02,48.02,,,,,,,,,,,,,1.0,,,,,,999.0,,,,,,,,,,
1942,12,4,,,,,,,,,,0.0,,,,,0.0,0.0,,,,,,,,,,,,,,,,,,,,,,-999.0,,,,,,,,,,
1942,12,6,,,,,,,,,,,,,,,0.0,0.0,,60.980000000000004,51.98,,,,,,,,,,,,,9999.0,,,,,,9999.0,,,,,,,,,,
1942,12,7,,,,,,,,,,0.0,,,,,0.0,0.0,,,,,,,,,,,,,,,,-99.0,,,,,,-99.0,,,,,,,,,,
1942,12,8,,,,,,,,,,,,,,,,,,,,,,,,,,,,,,,,99.0,,,,,,99.0,,,,,,,,,,
1942,12,9,,,,,,,,,,3.0,,,,,0.0,0.0,,62.959999999999994,44.06,,,,,,,,,,,,,-9999.0,,,,,,-9999.0,,,,,,,,,,
1942,12,10,,,,,,,,,,0.0,,,,,0.0,0.0,,32.0,32.0,,,,,,,,,,,,,-9.0,,,,,,,,,,,,,,,,
1942,12,11,,,,,,,,,,13.0,,,,,0.0,0.0,,64.04,48.02,,,,,,,,,,,,,999.0,,,,,,1.0,,,,,,,,,,
1942,12,12,,,,,,,,,,0.0,,,,,0.0,0.0,,,,,,,,,,,,,,,,-999.0,,,,,,0.0,,,,,,,,,,
1942,12,14,,,,,,,,,,0.0,,,,,0.0,0.0,,66.92,42.08,,,,,,,,,,,,,9999.0,,,,,,1.0,,,,,,,,,,
1942,12,15,,,,,,,,,,0.0,,,,,0.0,0.0,,,32.0,,,,,,,,,,,,,-99.0,,,,,,0.0,,,,,,,,,,
1942,12,16,,,,,,,,,,,,,,,,,,,,,,,,,,,,,,,,99.0,,,,,,,,,,,,,,,,
1942,12,17,,,,,,,,,,0.0,,,,,0.0,0.0,,73.04,46.04,,,,,,,,,,,,,-9999.0,,,,,,-9999.0,,,,,,,,,,
1942,12,18,,,,,,,,,,0.0,,,,,0.0,0.0,,32.0,32.0,,,,,,,,,,,,,-9.0,,,,,,,,,,,,,,,,
1942,12,19,,,,,,,,,,0.0,,,,,0.0,0.0,,75.92,46.94,,,,,,,,,,,,,999.0,,,,,,1.0,,,,,,,,,,
1942,12,20,,,,,,,,,,0.0,,,,,0.0,0.0,,,,,,,,,,,,,,,,-999.0,,,,,,,,,,,,,,,,
1942,12,21,,,,,,,,,,,,,,,,,,,,,,,,,,,,,,,,,,,,,,9.0,,,,,,,,,,
1942,12,22,,,,,,,,,,0.0,,,,,0.0,0.0,,64.94,46.04,,,,,,,,,,,,,9999.0,,,,,,1.0,,,,,,,,,,
1942,12,23,,,,,,,,,,0.0,,,,,0.0,0.0,,,32.0,,,,,,,,,,,,,-99.0,,,,,,0.0,,,,,,,,,,
1942,12,24,,,,,,,,,,,,,,,,,,,,,,,,,,,,,,,,99.0,,,,,,,,,,,,,,,,
1942,12,25,,,,,,,,,,0.0,,,,,0.0,0.0,,77.0,46.94,,,,,,,,,,,,,-9999.0,,,,,,1.0,,,,,,,,,,
1942,12,26,,,,,,,,,,0.0,,,,,0.0,0.0,,32.0,32.0,,,,,,,,,,,,,,,,,,,,,,,,,,,,,
1942,12,27,,,,,,,,,,15.0,,,,,0.0,0.0,,68.0,53.06,,,,,,,,,,,,,1.0,,,,,,999.0,,,,,,,,,,
1942,12,28,,,,,,,,,,0.0,,,,,0.0,0.0,,,,,,,,,,,,,,,,,,,,,,-999.0,,,,,,,,,,
1942,12,29,,,,,,,,,,,,,,,,,,,,,,,,,,,,,,,,,,,,,,9.0,,,,,,,,,,
1942,12,30,,,,,,,,,,0.0,,,,,0.0,0.0,,64.94,48.02,,,,,,,,,,,,,9999.0,,,,,,1.0,,,,,,,,,,
1942,12,31,,,,,,,,,,0.0,,,,,0.0,0.0,,,,,,,,,,,,,,,,,,,,,,,,,,,,,,,,
1943,1,1,,,,,,,,,,0.0,,,,,0.0,0.0,,66.92,44.96,,,,,,,,,,,,,-9999.0,,,,,,1.0,,,,,-9999.0,,,,,
1943,1,2,,,,,,,,,,0.0,,,,,0.0,0.0,,32.0,32.0,,,,,,,,,,,,,-9.0,,,,,,0.0,,,,,-9.0,,,,,
1943,1,3,,,,,,,,,,0.0,,,,,0.0,0.0,,64.94,42.980000000000004,,,,,,,,,,,,,999.0,,,,,,1.0,,,,,999.0,,,,,
1943,1,4,,,,,,,,,,0.0,,,,,0.0,0.0,,,,,,,,,,,,,,,,-999.0,,,,,,,,,,,-999.0,,,,,
1943,1,6,,,,,,,,,,0.0,,,,,0.0,0.0,,75.02,46.04,,,,,,,,,,,,,9999.0,,,,,,9999.0,,,,,9999.0,,,,,
1943,1,7,,,,,,,,,,0.0,,,,,0.0,0.0,,,32.0,,,,,,,,,,,,,-99.0,,,,,,,,,,,-99.0,,,,,
1943,1,8,,,,,,,,,,,,,,,,,,,,,,,,,,,,,,,,99.0,,,,,,,,,,,99.0,,,,,
1943,1,9,,,,,,,,,,0.0,,,,,0.0,0.0,,73.94,42.980000000000004,,,,,,,,,,,,,-9999.0,,,,,,1.0,,,,,-9999.0,,,,,
1943,1,10,,,,,,,,,,0.0,,,,,0.0,0.0,,32.0,32.0,,,,,,,,,,,,,-9.0,,,,,,,,,,,-9.0,,,,,
1943,1,11,,,,,,,,,,0.0,,,,,0.0,0.0,,73.04,48.92,,,,,,,,,,,,,999.0,,,,,,999.0,,,,,999.0,,,,,
1943,1,12,,,,,,,,,,0.0,,,,,0.0,0.0,,,,,,,,,,,,,,,,-999.0,,,,,,-999.0,,,,,-999.0,,,,,
1943,1,14,,,,,,,,,,0.0,,,,,0.0,0.0,,73.04,44.96,,,,,,,,,,,,,9999.0,,,,,,9999.0,,,,,9999.0,,,,,
1943,1,15,,,,,,,,,,0.0,,,,,0.0,0.0,,,32.0,,,,,,,,,,,,,-99.0,,,,,,-99.0,,,,,-99.0,,,,,
1943,1,16,,,,,,,,,,,,,,,,,,,,,,,,,,,,,,,,99.0,,,,,,99.0,,,,,99.0,,,,,
1943,1,17,,,,,,,,,,0.0,,,,,0.0,0.0,,66.92,44.96,,,,,,,,,,,,,-9999.0,,,,,,-9999.0,,,,,-9999.0,,,,,
1943,1,18,,,,,,,,,,0.0,,,,,0.0,0.0,,32.0,32.0,,,,,,,,,,,,,-9.0,,,,,,,,,,,-9.0,,,,,
1943,1,19,,,,,,,,,,0.0,,,,,0.0,0.0,,69.08,44.06,,,,,,,,,,,,,999.0,,,,,,1.0,,,,,999.0,,,,,
1943,1,20,,,,,,,,,,0.0,,,,,0.0,0.0,,,,,,,,,,,,,,,,-999.0,,,,,,0.0,,,,,-999.0,,,,,
1943,1,22,,,,,,,,,,0.0,,,,,0.0,0.0,,71.06,44.96,,,,,,,,,,,,,9999.0,,,,,,1.0,,,,,9999.0,,,,,
1943,1,23,,,,,,,,,,0.0,,,,,0.0,0.0,,,32.0,,,,,,,,,,,,,-99.0,,,,,,0.0,,,,,-99.0,,,,,
1943,1,24,,,,,,,,,,,,,,,,,,,,,,,,,,,,,,,,99.0,,,,,,,,,,,99.0,,,,,
1943,1,25,,,,,,,,,,10.0,,,,,0.0,0.0,,60.08,55.04,,,,,,,,,,,,,-9999.0,,,,,,-9999.0,,,,,-9999.0,,,,,
1943,1,26,,,,,,,,,,0.0,,,,,0.0,0.0,,32.0,32.0,,,,,,,,,,,,,-9.0,,,,,,-9.0,,,,,-9.0,,,,,
1943,1,27,,,,,,,,,,,,,,,0.0,0.0,,60.08,51.98,,,,,,,,,,,,,999.0,,,,,,999.0,,,,,999.0,,,,,
1943,1,28,,,,,,,,,,0.0,,,,,0.0,0.0,,,,,,,,,,,,,,,,-999.0,,,,,,-999.0,,,,,-999.0,,,,,
1943,1,30,,,,,,,,,,0.0,,,,,0.0,0.0,,64.94,41.0,,,,,,,,,,,,,9999.0,,,,,,9999.0,,,,,9999.0,,,,,
1943,1,31,,,,,,,,,,0.0,,,,,0.0,0.0,,,32.0,,,,,,,,,,,,,-99.0,,,,,,,,,,,-99.0,,,,,
1943,2,1,,,,,,,,,,0.0,,,,,0.0,0.0,,64.94,50.0,,,,,,,,,,,,,-9999.0,,,,,,1.0,,,,,,,,,,
1943,2,2,,,,,,,,,,0.0,,,,,0.0,0.0,,32.0,32.0,,,,,,,,,,,,,-9.0,,,,,,,,,,,,,,,,
1943,2,3,,,,,,,,,,0.0,,,,,0.0,0.0,,64.04,51.08,,,,,,,,,,,,,999.0,,,,,,999.0,,,,,,,,,,
1943,2,4,,,,,,,,,,0.0,,,,,0.0,0.0,,,,,,,,,,,,,,,,-999.0,,,,,,-999.0,,,,,,,,,,
1943,2,5,,,,,,,,,,,,,,,,,,,,,,,,,,,,,,,,,,,,,,9.0,,,,,,,,,,
1943,2,6,,,,,,,,,,0.0,,,,,0.0,0.0,,66.92,44.06,,,,,,,,,,,,,9999.0,,,,,,1.0,,,,,,,,,,
1943,2,7,,,,,,,,,,0.0,,,,,0.0,0.0,,,32.0,,,,,,,,,,,,,-99.0,,,,,,,,,,,,,,,,
1943,2,8,,,,,,,,,,,,,,,,,,,,,,,,,,,,,,,,99.0,,,,,,99.0,,,,,,,,,,
1943,2,9,,,,,,,,,,0.0,,,,,0.0,0.0,,75.92,48.02,,,,,,,,,,,,,-9999.0,,,,,,1.0,,,,,,,,,,
1943,2,10,,,,,,,,,,0.0,,,,,0.0,0.0,,32.0,32.0,,,,,,,,,,,,,-9.0,,,,,,,,,,,,,,,,
1943,2,11,,,,,,,,,,0.0,,,,,0.0,0.0,,69.98,48.02,,,,,,,,,,,,,999.0,,,,,,999.0,,,,,,,,,,
1943,2,12,,,,,,,,,,,,,,,0.0,0.0,,,,,,,,,,,,,,,,-999.0,,,,,,-999.0,,,,,,,,,,
1943,2,14,,,,,,,,,,3.0,,,,,0.0,0.0,,60.08,44.06,,,,,,,,,,,,,9999.0,,,,,,9999.0,,,,,,,,,,
1943,2,15,,,,,,,,,,0.0,,,,,0.0,0.0,,,32.0,,,,,,,,,,,,,-99.0,,,,,,-99.0,,,,,,,,,,
1943,2,16,,,,,,,,,,,,,,,,,,,,,,,,,,,,,,,,99.0,,,,,,99.0,,,,,,,,,,
1943,2,17,,,,,,,,,,0.0,,,,,0.0,0.0,,75.02,44.96,,,,,,,,,,,,,-9999.0,,,,,,1.0,,,,,,,,,,
1943,2,18,,,,,,,,,,0.0,,,,,0.0,0.0,,32.0,32.0,,,,,,,,,,,,,-9.0,,,,,,0.0,,,,,,,,,,
1943,2,19,,,,,,,,,,0.0,,,,,0.0,0.0,,86.0,51.08,,,,,,,,,,,,,999.0,,,,,,1.0,,,,,,,,,,
1943,2,20,,,,,,,,,,0.0,,,,,0.0,0.0,,,,,,,,,,,,,,,,-999.0,,,,,,,,,,,,,,,,
1943,2,22,,,,,,,,,,0.0,,,,,0.0,0.0,,84.91999999999999,51.98,,,,,,,,,,,,,9999.0,,,,,,9999.0,,,,,,,,,,
1943,2,23,,,,,,,,,,0.0,,,,,0.0,0.0,,,,,,,,,,,,,,,,-99.0,,,,,,,,,,,,,,,,
1943,2,24,,,,,,,,,,,,,,,,,,,,,,,,,,,,,,,,99.0,,,,,,,,,,,,,,,,
1943,2,25,,,,,,,,,,0.0,,,,,0.0,0.0,,75.92,51.98,,,,,,,,,,,,,-9999.0,,,,,,-9999.0,,,,,,,,,,
1943,2,26,,,,,,,,,,0.0,,,,,0.0,0.0,,32.0,32.0,,,,,,,,,,,,,-9.0,,,,,,-9.0,,,,,,,,,,
1943,2,27,,,,,,,,,,,,,,,0.0,0.0,,68.0,51.98,,,,,,,,,,,,,999.0,,,,,,999.0,,,,,,,,,,
1943,2,28,,,,,,,,,,0.0,,,,,0.0,0.0,,,,,,,,,,,,,,,,,,,,,,-999.0,,,,,,,,,,
1943,2,29,,,,,,,,,,,,,,,,,,,,,,,,,,,,,,,,,,,,,,9.0,,,,,,,,,,
1943,2,30,,,,,,,,,,0.0,,,,,0.0,0.0,,77.0,48.92,,,,,,,,,,,,,9999.0,,,,,,1.0,,,,,,,,,,
1943,2,31,,,,,,,,,,0.0,,,,,0.0,0.0,,,,,,,,,,,,,,,,,,,,,,,,,,,,,,,,
1943,3,1,,,,,,,,,,0.0,,,,,0.0,0.0,,66.02,50.0,,,,,,,,,,,,,-9999.0,,,,,,1.0,,,,,-9999.0,,,,,
1943,3,2,,,,,,,,,,0.0,,,,,0.0,0.0,,32.0,32.0,,,,,,,,,,,,,-9.0,,,,,,0.0,,,,,-9.0,,,,,
1943,3,3,,,,,,,,,,0.0,,,,,0.0,0.0,,66.92,48.92,,,,,,,,,,,,,999.0,,,,,,1.0,,,,,999.0,,,,,
1943,3,4,,,,,,,,,,,,,,,0.0,0.0,,,,,,,,,,,,,,,,-999.0,,,,,,,,,,,-999.0,,,,,
1943,3,6,,,,,,,,,,51.0,,,,,0.0,0.0,,66.02,57.02,,,,,,,,,,,,,9999.0,,,,,,9999.0,,,,,9999.0,,,,,
1943,3,7,,,,,,,,,,0.0,,,,,0.0,0.0,,,,,,,,,,,,,,,,-99.0,,,,,,-99.0,,,,,-99.0,,,,,
1943,3,8,,,,,,,,,,,,,,,,,,,,,,,,,,,,,,,,99.0,,,,,,99.0,,,,,99.0,,,,,
1943,3,9,,,,,,,,,,13.0,,,,,0.0,0.0,,66.92,53.96,,,,,,,,,,,,,-9999.0,,,,,,-9999.0,,,,,-9999.0,,,,,
1943,3,10,,,,,,,,,,0.0,,,,,0.0,0.0,,32.0,32.0,,,,,,,,,,,,,-9.0,,,,,,-9.0,,,,,-9.0,,,,,
1943,3,11,,,,,,,,,,0.0,,,,,0.0,0.0,,69.08,53.96,,,,,,,,,,,,,999.0,,,,,,999.0,,,,,999.0,,,,,
1943,3,12,,,,,,,,,,0.0,,,,,0.0,0.0,,,,,,,,,,,,,,,,-999.0,,,,,,-999.0,,,,,-999.0,,,,,
1943,3,14,,,,,,,,,,0.0,,,,,0.0,0.0,,71.96,59.0,,,,,,,,,,,,,9999.0,,,,,,9999.0,,,,,9999.0,,,,,
1943,3,15,,,,,,,,,,0.0,,,,,0.0,0.0,,,,,,,,,,,,,,,,-99.0,,,,,,-99.0,,,,,-99.0,,,,,
1943,3,16,,,,,,,,,,,,,,,,,,,,,,,,,,,,,,,,99.0,,,,,,99.0,,,,,99.0,,,,,
1943,3,17,,,,,,,,,,0.0,,,,,0.0,0.0,,66.92,55.94,,,,,,,,,,,,,-9999.0,,,,,,-9999.0,,,,,-9999.0,,,,,
1943,3,18,,,,,,,,,,,,,,,0.0,0.0,,32.0,32.0,,,,,,,,,,,,,-9.0,,,,,,-9.0,,,,,-9.0,,,,,
1943,3,19,,,,,,,,,,0.0,,,,,0.0,0.0,,68.0,51.98,,,,,,,,,,,,,999.0,,,,,,999.0,,,,,999.0,,,,,
1943,3,20,,,,,,,,,,0.0,,,,,0.0,0.0,,,,,,,,,,,,,,,,-999.0,,,,,,-999.0,,,,,-999.0,,,,,
1943,3,21,,,,,,,,,,,,,,,,,,,,,,,,,,,,,,,,,,,,,,,,,,,9.0,,,,,
1943,3,22,,,,,,,,,,20.0,,,,,0.0,0.0,,66.02,55.94,,,,,,,,,,,,,9999.0,,,,,,9999.0,,,,,1.0,,,,,
1943,3,23,,,,,,,,,,0.0,,,,,0.0,0.0,,,,,,,,,,,,,,,,-99.0,,,,,,-99.0,,,,,,,,,,
1943,3,24,,,,,,,,,,,,,,,,,,,,,,,,,,,,,,,,99.0,,,,,,99.0,,,,,99.0,,,,,
1943,3,25,,,,,,,,,,0.0,,,,,0.0,0.0,,66.02,46.94,,,,,,,,,,,,,-9999.0,,,,,,-9999.0,,,,,-9999.0,,,,,
1943,3,26,,,,,,,,,,0.0,,,,,0.0,0.0,,32.0,32.0,,,,,,,,,,,,,-9.0,,,,,,-9.0,,,,,-9.0,,,,,
1943,3,27,,,,,,,,,,33.0,,,,,0.0,0.0,,64.94,53.06,,,,,,,,,,,,,999.0,,,,,,999.0,,,,,999.0,,,,,
1943,3,28,,,,,,,,,,,,,,,0.0,0.0,,,,,,,,,,,,,,,,-999.0,,,,,,-999.0,,,,,-999.0,,,,,
1943,3,29,,,,,,,,,,,,,,,,,,,,,,,,,,,,,,,,,,,,,,9.0,,,,,,,,,,
1943,3,30,,,,,,,,,,0.0,,,,,0.0,0.0,,64.94,46.04,,,,,,,,,,,,,9999.0,,,,,,1.0,,,,,9999.0,,,,,
1943,3,31,,,,,,,,,,0.0,,,,,0.0,0.0,,,32.0,,,,,,,,,,,,,-99.0,,,,,,,,,,,-99.0,,,,,
1943,4,1,,,,,,,,,,0.0,,,,,0.0,0.0,,80.96,51.08,,,,,,,,,,,,,-9999.0,,,,,,-9999.0,,,,,-9999.0,,,,,
1943,4,2,,,,,,,,,,0.0,,,,,0.0,0.0,,32.0,32.0,,,,,,,,,,,,,-9.0,,,,,,,,,,,-9.0,,,,,
1943,4,3,,,,,,,,,,0.0,,,,,0.0,0.0,,75.92,51.98,,,,,,,,,,,,,999.0,,,,,,1.0,,,,,999.0,,,,,
1943,4,4,,,,,,,,,,0.0,,,,,0.0,0.0,,,,,,,,,,,,,,,,-999.0,,,,,,0.0,,,,,-999.0,,,,,
1943,4,6,,,,,,,,,,0.0,,,,,0.0,0.0,,66.92,55.04,,,,,,,,,,,,,9999.0,,,,,,9999.0,,,,,9999.0,,,,,
1943,4,7,,,,,,,,,,0.0,,,,,0.0,0.0,,,,,,,,,,,,,,,,-99.0,,,,,,-99.0,,,,,-99.0,,,,,
1943,4,8,,,,,,,,,,,,,,,,,,,,,,,,,,,,,,,,99.0,,,,,,99.0,,,,,99.0,,,,,
1943,4,9,,,,,,,,,,13.0,,,,,0.0,0.0,,62.959999999999994,53.06,,,,,,,,,,,,,-9999.0,,,,,,-9999.0,,,,,-9999.0,,,,,
1943,4,10,,,,,,,,,,0.0,,,,,0.0,0.0,,32.0,32.0,,,,,,,,,,,,,-9.0,,,,,,-9.0,,,,,,,,,,
1943,4,11,,,,,,,,,,5.0,,,,,0.0,0.0,,64.04,53.96,,,,,,,,,,,,,999.0,,,,,,999.0,,,,,1.0,,,,,
1943,4,12,,,,,,,,,,,,,,,0.0,0.0,,,,,,,,,,,,,,,,-999.0,,,,,,-999.0,,,,,0.0,,,,,
1943,4,14,,,,,,,,,,0.0,,,,,0.0,0.0,,62.059999999999995,50.0,,,,,,,,,,,,,9999.0,,,,,,9999.0,,,,,9999.0,,,,,
1943,4,15,,,,,,,,,,0.0,,,,,0.0,0.0,,,32.0,,,,,,,,,,,,,-99.0,,,,,,-99.0,,,,,-99.0,,,,,
1943,4,16,,,,,,,,,,,,,,,,,,,,,,,,,,,,,,,,99.0,,,,,,99.0,,,,,99.0,,,,,
1943,4,17,,,,,,,,,,0.0,,,,,0.0,0.0,,68.0,48.02,,,,,,,,,,,,,-9999.0,,,,,,-9999.0,,,,,-9999.0,,,,,
1943,4,18,,,,,,,,,,0.0,,,,,0.0,0.0,,32.0,32.0,,,,,,,,,,,,,-9.0,,,,,,-9.0,,,,,-9.0,,,,,
1943,4,19,,,,,,,,,,0.0,,,,,0.0,0.0,,71.06,48.92,,,,,,,,,,,,,999.0,,,,,,999.0,,,,,999.0,,,,,
1943,4,20,,,,,,,,,,0.0,,,,,0.0,0.0,,,,,,,,,,,,,,,,-999.0,,,,,,-999.0,,,,,-999.0,,,,,
1943,4,22,,,,,,,,,,0.0,,,,,0.0,0.0,,66.92,57.02,,,,,,,,,,,,,9999.0,,,,,,9999.0,,,,,9999.0,,,,,
1943,4,23,,,,,,,,,,0.0,,,,,0.0,0.0,,,,,,,,,,,,,,,,-99.0,,,,,,-99.0,,,,,-99.0,,,,,
1943,4,24,,,,,,,,,,,,,,,,,,,,,,,,,,,,,,,,99.0,,,,,,99.0,,,,,99.0,,,,,
1943,4,25,,,,,,,,,,0.0,,,,,0.0,0.0,,64.94,57.02,,,,,,,,,,,,,-9999.0,,,,,,-9999.0,,,,,1.0,,,,,
1943,4,26,,,,,,,,,,,,,,,0.0,0.0,,32.0,32.0,,,,,,,,,,,,,-9.0,,,,,,,,,,,,,,,,
1943,4,27,,,,,,,,,,0.0,,,,,0.0,0.0,,69.08,57.02,,,,,,,,,,,,,999.0,,,,,,1.0,,,,,999.0,,,,,
1943,4,28,,,,,,,,,,0.0,,,,,0.0,0.0,,,,,,,,,,,,,,,,-999.0,,,,,,0.0,,,,,-999.0,,,,,
1943,4,30,,,,,,,,,,0.0,,,,,0.0,0.0,,66.02,53.96,,,,,,,,,,,,,9999.0,,,,,,1.0,,,,,9999.0,,,,,
1943,4,31,,,,,,,,,,0.0,,,,,0.0,0.0,,,,,,,,,,,,,,,,-99.0,,,,,,,,,,,,,,,,
1943,5,1,,,,,,,,,,0.0,,,,,0.0,0.0,,75.02,53.96,,,,,,,,,,,,,1.0,,,,,,-9999.0,,,,,-9999.0,,,,,
1943,5,2,,,,,,,,,,0.0,,,,,0.0,0.0,,32.0,32.0,,,,,,,,,,,,,,,,,,,,,,,,-9.0,,,,,
1943,5,3,,,,,,,,,,0.0,,,,,0.0,0.0,,75.02,53.06,,,,,,,,,,,,,999.0,,,,,,1.0,,,,,999.0,,,,,
1943,5,4,,,,,,,,,,0.0,,,,,0.0,0.0,,,,,,,,,,,,,,,,-999.0,,,,,,,,,,,-999.0,,,,,
1943,5,6,,,,,,,,,,5.0,,,,,0.0,0.0,,71.06,57.92,,,,,,,,,,,,,9999.0,,,,,,9999.0,,,,,9999.0,,,,,
1943,5,7,,,,,,,,,,0.0,,,,,0.0,0.0,,,,,,,,,,,,,,,,-99.0,,,,,,-99.0,,,,,-99.0,,,,,
1943,5,8,,,,,,,,,,,,,,,,,,,,,,,,,,,,,,,,99.0,,,,,,99.0,,,,,99.0,,,,,
1943,5,9,,,,,,,,,,0.0,,,,,0.0,0.0,,66.02,57.92,,,,,,,,,,,,,-9999.0,,,,,,-9999.0,,,,,-9999.0,,,,,
1943,5,10,,,,,,,,,,0.0,,,,,0.0,0.0,,32.0,32.0,,,,,,,,,,,,,-9.0,,,,,,-9.0,,,,,-9.0,,,,,
1943,5,11,,,,,,,,,,0.0,,,,,0.0,0.0,,69.98,57.92,,,,,,,,,,,,,999.0,,,,,,999.0,,,,,999.0,,,,,
1943,5,12,,,,,,,,,,0.0,,,,,0.0,0.0,,,,,,,,,,,,,,,,-999.0,,,,,,,,,,,-999.0,,,,,
1943,5,13,,,,,,,,,,,,,,,,,,,,,,,,,,,,,,,,9.0,,,,,,,,,,,,,,,,
1943,5,14,,,,,,,,,,0.0,,,,,0.0,0.0,,80.96,53.06,,,,,,,,,,,,,1.0,,,,,,9999.0,,,,,9999.0,,,,,
1943,5,15,,,,,,,,,,0.0,,,,,0.0,0.0,,,,,,,,,,,,,,,,,,,,,,,,,,,-99.0,,,,,
1943,5,16,,,,,,,,,,,,,,,,,,,,,,,,,,,,,,,,99.0,,,,,,,,,,,99.0,,,,,
1943,5,17,,,,,,,,,,0.0,,,,,0.0,0.0,,80.06,57.02,,,,,,,,,,,,,-9999.0,,,,,,-9999.0,,,,,-9999.0,,,,,
1943,5,18,,,,,,,,,,0.0,,,,,0.0,0.0,,32.0,32.0,,,,,,,,,,,,,,,,,,,-9.0,,,,,-9.0,,,,,
1943,5,19,,,,,,,,,,0.0,,,,,0.0,0.0,,78.08,57.02,,,,,,,,,,,,,1.0,,,,,,999.0,,,,,999.0,,,,,
1943,5,20,,,,,,,,,,0.0,,,,,0.0,0.0,,,,,,,,,,,,,,,,,,,,,,-999.0,,,,,-999.0,,,,,
1943,5,22,,,,,,,,,,0.0,,,,,0.0,0.0,,68.0,57.02,,,,,,,,,,,,,9999.0,,,,,,9999.0,,,,,9999.0,,,,,
1943,5,23,,,,,,,,,,0.0,,,,,0.0,0.0,,,,,,,,,,,,,,,,-99.0,,,,,,-99.0,,,,,-99.0,,,,,
1943,5,24,,,,,,,,,,,,,,,,,,,,,,,,,,,,,,,,99.0,,,,,,99.0,,,,,99.0,,,,,
1943,5,25,,,,,,,,,,0.0,,,,,0.0,0.0,,69.98,53.06,,,,,,,,,,,,,-9999.0,,,,,,-9999.0,,,,,-9999.0,,,,,
1943,5,26,,,,,,,,,,0.0,,,,,0.0,0.0,,32.0,32.0,,,,,,,,,,,,,-9.0,,,,,,-9.0,,,,,-9.0,,,,,
1943,5,27,,,,,,,,,,0.0,,,,,0.0,0.0,,71.06,51.98,,,,,,,,,,,,,999.0,,,,,,999.0,,,,,999.0,,,,,
1943,5,28,,,,,,,,,,0.0,,,,,0.0,0.0,,,,,,,,,,,,,,,,-999.0,,,,,,-999.0,,,,,-999.0,,,,,
1943,5,29,,,,,,,,,,,,,,,,,,,,,,,,,,,,,,,,,,,,,,9.0,,,,,,,,,,
1943,5,30,,,,,,,,,,0.0,,,,,0.0,0.0,,87.08000000000001,55.04,,,,,,,,,,,,,9999.0,,,,,,1.0,,,,,9999.0,,,,,
1943,5,31,,,,,,,,,,0.0,,,,,0.0,0.0,,,,,,,,,,,,,,,,-99.0,,,,,,,,,,,-99.0,,,,,
1943,6,1,,,,,,,,,,0.0,,,,,0.0,0.0,,69.98,60.08,,,,,,,,,,,,,-9999.0,,,,,,-9999.0,,,,,1.0,,,,,
1943,6,2,,,,,,,,,,,,,,,0.0,0.0,,32.0,32.0,,,,,,,,,,,,,-9.0,,,,,,-9.0,,,,,0.0,,,,,
1943,6,3,,,,,,,,,,3.0,,,,,0.0,0.0,,68.0,59.0,,,,,,,,,,,,,999.0,,,,,,999.0,,,,,1.0,,,,,
1943,6,4,,,,,,,,,,0.0,,,,,0.0,0.0,,,,,,,,,,,,,,,,-999.0,,,,,,-999.0,,,,,0.0,,,,,
1943,6,6,,,,,,,,,,0.0,,,,,0.0,0.0,,68.0,55.94,,,,,,,,,,,,,9999.0,,,,,,9999.0,,,,,9999.0,,,,,
1943,6,7,,,,,,,,,,0.0,,,,,0.0,0.0,,,,,,,,,,,,,,,,-99.0,,,,,,-99.0,,,,,-99.0,,,,,
1943,6,8,,,,,,,,,,,,,,,,,,,,,,,,,,,,,,,,99.0,,,,,,99.0,,,,,99.0,,,,,
1943,6,9,,,,,,,,,,0.0,,,,,0.0,0.0,,71.06,55.04,,,,,,,,,,,,,-9999.0,,,,,,-9999.0,,,,,-9999.0,,,,,
1943,6,10,,,,,,,,,,0.0,,,,,0.0,0.0,,32.0,32.0,,,,,,,,,,,,,-9.0,,,,,,-9.0,,,,,-9.0,,,,,
1943,6,11,,,,,,,,,,0.0,,,,,0.0,0.0,,69.98,57.02,,,,,,,,,,,,,999.0,,,,,,999.0,,,,,999.0,,,,,
1943,6,12,,,,,,,,,,0.0,,,,,0.0,0.0,,,,,,,,,,,,,,,,-999.0,,,,,,-999.0,,,,,-999.0,,,,,
1943,6,14,,,,,,,,,,0.0,,,,,0.0,0.0,,69.98,59.0,,,,,,,,,,,,,9999.0,,,,,,9999.0,,,,,9999.0,,,,,
1943,6,15,,,,,,,,,,0.0,,,,,0.0,0.0,,,,,,,,,,,,,,,,-99.0,,,,,,-99.0,,,,,-99.0,,,,,
1943,6,16,,,,,,,,,,,,,,,,,,,,,,,,,,,,,,,,99.0,,,,,,99.0,,,,,99.0,,,,,
1943,6,17,,,,,,,,,,0.0,,,,,0.0,0.0,,64.94,57.02,,,,,,,,,,,,,-9999.0,,,,,,-9999.0,,,,,1.0,,,,,
1943,6,18,,,,,,,,,,,,,,,0.0,0.0,,32.0,32.0,,,,,,,,,,,,,-9.0,,,,,,-9.0,,,,,,,,,,
1943,6,19,,,,,,,,,,0.0,,,,,0.0,0.0,,66.02,55.94,,,,,,,,,,,,,999.0,,,,,,999.0,,,,,999.0,,,,,
1943,6,20,,,,,,,,,,0.0,,,,,0.0,0.0,,,,,,,,,,,,,,,,-999.0,,,,,,-999.0,,,,,,,,,,
1943,6,22,,,,,,,,,,0.0,,,,,0.0,0.0,,69.98,50.0,,,,,,,,,,,,,9999.0,,,,,,9999.0,,,,,9999.0,,,,,
1943,6,23,,,,,,,,,,0.0,,,,,0.0,0.0,,,,,,,,,,,,,,,,-99.0,,,,,,-99.0,,,,,-99.0,,,,,
1943,6,24,,,,,,,,,,,,,,,,,,,,,,,,,,,,,,,,99.0,,,,,,99.0,,,,,99.0,,,,,
1943,6,25,,,,,,,,,,0.0,,,,,0.0,0.0,,78.08,57.02,,,,,,,,,,,,,1.0,,,,,,-9999.0,,,,,-9999.0,,,,,
1943,6,26,,,,,,,,,,0.0,,,,,0.0,0.0,,32.0,32.0,,,,,,,,,,,,,0.0,,,,,,-9.0,,,,,-9.0,,,,,
1943,6,27,,,,,,,,,,0.0,,,,,0.0,0.0,,75.92,59.0,,,,,,,,,,,,,1.0,,,,,,999.0,,,,,999.0,,,,,
1943,6,28,,,,,,,,,,0.0,,,,,0.0,0.0,,,,,,,,,,,,,,,,0.0,,,,,,-999.0,,,,,-999.0,,,,,
1943,6,29,,,,,,,,,,,,,,,,,,,,,,,,,,,,,,,,,,,,,,9.0,,,,,,,,,,
1943,6,30,,,,,,,,,,0.0,,,,,0.0,0.0,,73.04,59.0,,,,,,,,,,,,,9999.0,,,,,,1.0,,,,,9999.0,,,,,
1943,6,31,,,,,,,,,,0.0,,,,,0.0,0.0,,,,,,,,,,,,,,,,,,,,,,,,,,,-99.0,,,,,
1943,7,1,,,,,,,,,,0.0,,,,,0.0,0.0,,73.04,60.08,,,,,,,,,,,,,-9999.0,,,,,,-9999.0,,,,,,,,,,
1943,7,2,,,,,,,,,,0.0,,,,,0.0,0.0,,32.0,32.0,,,,,,,,,,,,,-9.0,,,,,,-9.0,,,,,,,,,,
1943,7,3,,,,,,,,,,0.0,,,,,0.0,0.0,,73.94,60.08,,,,,,,,,,,,,999.0,,,,,,999.0,,,,,,,,,,
1943,7,4,,,,,,,,,,0.0,,,,,0.0,0.0,,,,,,,,,,,,,,,,-999.0,,,,,,-999.0,,,,,,,,,,
1943,7,6,,,,,,,,,,0.0,,,,,0.0,0.0,,73.94,60.980000000000004,,,,,,,,,,,,,9999.0,,,,,,9999.0,,,,,,,,,,
1943,7,7,,,,,,,,,,0.0,,,,,0.0,0.0,,,,,,,,,,,,,,,,-99.0,,,,,,,,,,,,,,,,
1943,7,8,,,,,,,,,,,,,,,,,,,,,,,,,,,,,,,,99.0,,,,,,,,,,,,,,,,
1943,7,9,,,,,,,,,,0.0,,,,,0.0,0.0,,73.04,60.08,,,,,,,,,,,,,-9999.0,,,,,,1.0,,,,,,,,,,
1943,7,10,,,,,,,,,,0.0,,,,,0.0,0.0,,32.0,32.0,,,,,,,,,,,,,-9.0,,,,,,0.0,,,,,,,,,,
1943,7,11,,,,,,,,,,0.0,,,,,0.0,0.0,,75.02,60.980000000000004,,,,,,,,,,,,,999.0,,,,,,1.0,,,,,,,,,,
1943,7,12,,,,,,,,,,0.0,,,,,0.0,0.0,,,,,,,,,,,,,,,,-999.0,,,,,,0.0,,,,,,,,,,
1943,7,14,,,,,,,,,,0.0,,,,,0.0,0.0,,75.02,57.02,,,,,,,,,,,,,9999.0,,,,,,1.0,,,,,,,,,,
1943,7,15,,,,,,,,,,0.0,,,,,0.0,0.0,,,,,,,,,,,,,,,,-99.0,,,,,,0.0,,,,,,,,,,
1943,7,16,,,,,,,,,,,,,,,,,,,,,,,,,,,,,,,,99.0,,,,,,,,,,,,,,,,
1943,7,17,,,,,,,,,,0.0,,,,,0.0,0.0,,71.06,59.0,,,,,,,,,,,,,-9999.0,,,,,,-9999.0,,,,,,,,,,
1943,7,18,,,,,,,,,,0.0,,,,,0.0,0.0,,32.0,32.0,,,,,,,,,,,,,-9.0,,,,,,-9.0,,,,,,,,,,
1943,7,19,,,,,,,,,,0.0,,,,,0.0,0.0,,73.04,60.980000000000004,,,,,,,,,,,,,999.0,,,,,,999.0,,,,,,,,,,
1943,7,20,,,,,,,,,,0.0,,,,,0.0,0.0,,,,,,,,,,,,,,,,-999.0,,,,,,-999.0,,,,,,,,,,
1943,7,22,,,,,,,,,,0.0,,,,,0.0,0.0,,73.94,64.04,,,,,,,,,,,,,9999.0,,,,,,9999.0,,,,,,,,,,
1943,7,23,,,,,,,,,,0.0,,,,,0.0,0.0,,,,,,,,,,,,,,,,-99.0,,,,,,-99.0,,,,,,,,,,
1943,7,24,,,,,,,,,,,,,,,,,,,,,,,,,,,,,,,,99.0,,,,,,99.0,,,,,,,,,,
1943,7,25,,,,,,,,,,0.0,,,,,0.0,0.0,,73.04,62.959999999999994,,,,,,,,,,,,,-9999.0,,,,,,-9999.0,,,,,,,,,,
1943,7,26,,,,,,,,,,0.0,,,,,0.0,0.0,,32.0,32.0,,,,,,,,,,,,,-9.0,,,,,,-9.0,,,,,,,,,,
1943,7,27,,,,,,,,,,0.0,,,,,0.0,0.0,,73.94,60.980000000000004,,,,,,,,,,,,,999.0,,,,,,999.0,,,,,,,,,,
1943,7,28,,,,,,,,,,0.0,,,,,0.0,0.0,,,,,,,,,,,,,,,,-999.0,,,,,,-999.0,,,,,,,,,,
1943,7,29,,,,,,,,,,,,,,,,,,,,,,,,,,,,,,,,,,,,,,9.0,,,,,,,,,,
1943,7,30,,,,,,,,,,0.0,,,,,0.0,0.0,,73.94,62.959999999999994,,,,,,,,,,,,,9999.0,,,,,,1.0,,,,,,,,,,
1943,7,31,,,,,,,,,,0.0,,,,,0.0,0.0,,,,,,,,,,,,,,,,-99.0,,,,,,,,,,,,,,,,
1943,8,1,,,,,,,,,,0.0,,,,,0.0,0.0,,86.0,66.02,,,,,,,,,,,,,-9999.0,,,,,,-9999.0,,,,,,,,,,
1943,8,2,,,,,,,,,,0.0,,,,,0.0,0.0,,32.0,32.0,,,,,,,,,,,,,-9.0,,,,,,,,,,,,,,,,
1943,8,3,,,,,,,,,,0.0,,,,,0.0,0.0,,78.08,66.92,,,,,,,,,,,,,999.0,,,,,,1.0,,,,,,,,,,
1943,8,4,,,,,,,,,,0.0,,,,,0.0,0.0,,,,,,,,,,,,,,,,-999.0,,,,,,,,,,,,,,,,
1943,8,6,,,,,,,,,,0.0,,,,,0.0,0.0,,78.08,66.92,,,,,,,,,,,,,9999.0,,,,,,9999.0,,,,,,,,,,
1943,8,7,,,,,,,,,,0.0,,,,,0.0,0.0,,,,,,,,,,,,,,,,-99.0,,,,,,-99.0,,,,,,,,,,
1943,8,8,,,,,,,,,,,,,,,,,,,,,,,,,,,,,,,,99.0,,,,,,99.0,,,,,,,,,,
1943,8,9,,,,,,,,,,0.0,,,,,0.0,0.0,,78.98,66.92,,,,,,,,,,,,,-9999.0,,,,,,-9999.0,,,,,,,,,,
1943,8,10,,,,,,,,,,0.0,,,,,0.0,0.0,,32.0,32.0,,,,,,,,,,,,,-9.0,,,,,,-9.0,,,,,,,,,,
1943,8,11,,,,,,,,,,0.0,,,,,0.0,0.0,,77.0,64.94,,,,,,,,,,,,,999.0,,,,,,999.0,,,,,,,,,,
1943,8,12,,,,,,,,,,0.0,,,,,0.0,0.0,,,,,,,,,,,,,,,,-999.0,,,,,,-999.0,,,,,,,,,,
1943,8,14,,,,,,,,,,0.0,,,,,0.0,0.0,,78.98,64.94,,,,,,,,,,,,,9999.0,,,,,,9999.0,,,,,,,,,,
1943,8,15,,,,,,,,,,0.0,,,,,0.0,0.0,,,,,,,,,,,,,,,,-99.0,,,,,,-99.0,,,,,,,,,,
1943,8,16,,,,,,,,,,,,,,,,,,,,,,,,,,,,,,,,99.0,,,,,,99.0,,,,,,,,,,
1943,8,17,,,,,,,,,,0.0,,,,,0.0,0.0,,77.0,62.959999999999994,,,,,,,,,,,,,-9999.0,,,,,,-9999.0,,,,,,,,,,
1943,8,18,,,,,,,,,,0.0,,,,,0.0,0.0,,32.0,32.0,,,,,,,,,,,,,-9.0,,,,,,-9.0,,,,,,,,,,
1943,8,19,,,,,,,,,,0.0,,,,,0.0,0.0,,75.92,66.02,,,,,,,,,,,,,999.0,,,,,,999.0,,,,,,,,,,
1943,8,20,,,,,,,,,,0.0,,,,,0.0,0.0,,,,,,,,,,,,,,,,-999.0,,,,,,-999.0,,,,,,,,,,
1943,8,22,,,,,,,,,,0.0,,,,,0.0,0.0,,77.0,66.02,,,,,,,,,,,,,9999.0,,,,,,9999.0,,,,,,,,,,
1943,8,23,,,,,,,,,,0.0,,,,,0.0,0.0,,,,,,,,,,,,,,,,-99.0,,,,,,-99.0,,,,,,,,,,
1943,8,24,,,,,,,,,,,,,,,,,,,,,,,,,,,,,,,,99.0,,,,,,99.0,,,,,,,,,,
1943,8,25,,,,,,,,,,0.0,,,,,0.0,0.0,,78.08,66.92,,,,,,,,,,,,,-9999.0,,,,,,-9999.0,,,,,,,,,,
1943,8,26,,,,,,,,,,,,,,,0.0,0.0,,32.0,32.0,,,,,,,,,,,,,-9.0,,,,,,,,,,,,,,,,
1943,8,27,,,,,,,,,,0.0,,,,,0.0,0.0,,80.96,66.02,,,,,,,,,,,,,999.0,,,,,,1.0,,,,,,,,,,
1943,8,28,,,,,,,,,,0.0,,,,,0.0,0.0,,,,,,,,,,,,,,,,-999.0,,,,,,,,,,,,,,,,
1943,8,30,,,,,,,,,,0.0,,,,,0.0,0.0,,75.92,64.04,,,,,,,,,,,,,9999.0,,,,,,9999.0,,,,,,,,,,
1943,8,31,,,,,,,,,,0.0,,,,,0.0,0.0,,,,,,,,,,,,,,,,-99.0,,,,,,-99.0,,,,,,,,,,
1943,9,1,,,,,,,,,,0.0,,,,,0.0,0.0,,75.92,62.059999999999995,,,,,,,,,,,,,,,,,,,-9999.0,,,,,-9999.0,,,,,
1943,9,2,,,,,,,,,,0.0,,,,,0.0,0.0,,32.0,32.0,,,,,,,,,,,,,,,,,,,-9.0,,,,,-9.0,,,,,
1943,9,3,,,,,,,,,,0.0,,,,,0.0,0.0,,75.02,60.980000000000004,,,,,,,,,,,,,,,,,,,999.0,,,,,999.0,,,,,
1943,9,4,,,,,,,,,,0.0,,,,,0.0,0.0,,,,,,,,,,,,,,,,,,,,,,,,,,,-999.0,,,,,
1943,9,6,,,,,,,,,,0.0,,,,,0.0,0.0,,77.0,62.059999999999995,,,,,,,,,,,,,,,,,,,1.0,,,,,9999.0,,,,,
1943,9,7,,,,,,,,,,0.0,,,,,0.0,0.0,,,,,,,,,,,,,,,,,,,,,,,,,,,-99.0,,,,,
1943,9,8,,,,,,,,,,,,,,,,,,,,,,,,,,,,,,,,,,,,,,99.0,,,,,99.0,,,,,
1943,9,9,,,,,,,,,,0.0,,,,,0.0,0.0,,77.0,60.980000000000004,,,,,,,,,,,,,,,,,,,1.0,,,,,-9999.0,,,,,
1943,9,10,,,,,,,,,,0.0,,,,,0.0,0.0,,32.0,32.0,,,,,,,,,,,,,,,,,,,0.0,,,,,-9.0,,,,,
1943,9,11,,,,,,,,,,0.0,,,,,0.0,0.0,,75.92,60.08,,,,,,,,,,,,,,,,,,,1.0,,,,,999.0,,,,,
1943,9,12,,,,,,,,,,0.0,,,,,0.0,0.0,,,,,,,,,,,,,,,,,,,,,,0.0,,,,,-999.0,,,,,
1943,9,14,,,,,,,,,,0.0,,,,,0.0,0.0,,78.08,60.980000000000004,,,,,,,,,,,,,,,,,,,9999.0,,,,,9999.0,,,,,
1943,9,15,,,,,,,,,,0.0,,,,,0.0,0.0,,,,,,,,,,,,,,,,,,,,,,,,,,,-99.0,,,,,
1943,9,16,,,,,,,,,,,,,,,,,,,,,,,,,,,,,,,,,,,,,,,,,,,99.0,,,,,
1943,9,17,,,,,,,,,,0.0,,,,,0.0,0.0,,84.91999999999999,64.04,,,,,,,,,,,,,,,,,,,1.0,,,,,-9999.0,,,,,
1943,9,18,,,,,,,,,,0.0,,,,,0.0,0.0,,32.0,32.0,,,,,,,,,,,,,,,,,,,,,,,,-9.0,,,,,
1943,9,19,,,,,,,,,,0.0,,,,,0.0,0.0,,80.96,64.04,,,,,,,,,,,,,,,,,,,999.0,,,,,999.0,,,,,
1943,9,20,,,,,,,,,,0.0,,,,,0.0,0.0,,,,,,,,,,,,,,,,,,,,,,,,,,,-999.0,,,,,
1943,9,22,,,,,,,,,,0.0,,,,,0.0,0.0,,73.94,60.980000000000004,,,,,,,,,,,,,,,,,,,1.0,,,,,9999.0,,,,,
1943,9,23,,,,,,,,,,0.0,,,,,0.0,0.0,,,,,,,,,,,,,,,,,,,,,,0.0,,,,,-99.0,,,,,
1943,9,24,,,,,,,,,,,,,,,,,,,,,,,,,,,,,,,,,,,,,,,,,,,99.0,,,,,
1943,9,25,,,,,,,,,,0.0,,,,,0.0,0.0,,73.94,57.92,,,,,,,,,,,,,,,,,,,1.0,,,,,-9999.0,,,,,
1943,9,26,,,,,,,,,,0.0,,,,,0.0,0.0,,32.0,32.0,,,,,,,,,,,,,,,,,,,0.0,,,,,-9.0,,,,,
1943,9,27,,,,,,,,,,0.0,,,,,0.0,0.0,,75.02,55.94,,,,,,,,,,,,,,,,,,,1.0,,,,,999.0,,,,,
1943,9,28,,,,,,,,,,0.0,,,,,0.0,0.0,,,,,,,,,,,,,,,,,,,,,,0.0,,,,,-999.0,,,,,
1943,9,30,,,,,,,,,,0.0,,,,,0.0,0.0,,78.08,60.980000000000004,,,,,,,,,,,,,,,,,,,1.0,,,,,9999.0,,,,,
1943,9,31,,,,,,,,,,0.0,,,,,0.0,0.0,,,,,,,,,,,,,,,,,,,,,,0.0,,,,,-99.0,,,,,
1943,10,1,,,,,,,,,,0.0,,,,,0.0,0.0,,78.98,60.980000000000004,,,,,,,,,,,,,-9999.0,,,,,,1.0,,,,,-9999.0,,,,,
1943,10,2,,,,,,,,,,0.0,,,,,0.0,0.0,,32.0,32.0,,,,,,,,,,,,,-9.0,,,,,,0.0,,,,,-9.0,,,,,
1943,10,3,,,,,,,,,,0.0,,,,,0.0,0.0,,78.08,64.04,,,,,,,,,,,,,999.0,,,,,,1.0,,,,,999.0,,,,,
1943,10,4,,,,,,,,,,0.0,,,,,0.0,0.0,,,,,,,,,,,,,,,,-999.0,,,,,,0.0,,,,,-999.0,,,,,
1943,10,6,,,,,,,,,,0.0,,,,,0.0,0.0,,75.02,62.059999999999995,,,,,,,,,,,,,9999.0,,,,,,1.0,,,,,9999.0,,,,,
1943,10,7,,,,,,,,,,0.0,,,,,0.0,0.0,,,,,,,,,,,,,,,,-99.0,,,,,,0.0,,,,,-99.0,,,,,
1943,10,8,,,,,,,,,,,,,,,,,,,,,,,,,,,,,,,,99.0,,,,,,,,,,,99.0,,,,,
1943,10,9,,,,,,,,,,0.0,,,,,0.0,0.0,,73.04,62.059999999999995,,,,,,,,,,,,,-9999.0,,,,,,1.0,,,,,-9999.0,,,,,
1943,10,10,,,,,,,,,,0.0,,,,,0.0,0.0,,32.0,32.0,,,,,,,,,,,,,-9.0,,,,,,0.0,,,,,-9.0,,,,,
1943,10,11,,,,,,,,,,0.0,,,,,0.0,0.0,,75.92,62.059999999999995,,,,,,,,,,,,,999.0,,,,,,1.0,,,,,999.0,,,,,
1943,10,12,,,,,,,,,,0.0,,,,,0.0,0.0,,,,,,,,,,,,,,,,-999.0,,,,,,0.0,,,,,-999.0,,,,,
1943,10,14,,,,,,,,,,0.0,,,,,0.0,0.0,,73.94,60.980000000000004,,,,,,,,,,,,,9999.0,,,,,,9999.0,,,,,9999.0,,,,,
1943,10,15,,,,,,,,,,0.0,,,,,0.0,0.0,,,,,,,,,,,,,,,,-99.0,,,,,,,,,,,-99.0,,,,,
1943,10,16,,,,,,,,,,,,,,,,,,,,,,,,,,,,,,,,99.0,,,,,,,,,,,99.0,,,,,
1943,10,17,,,,,,,,,,0.0,,,,,0.0,0.0,,69.98,62.959999999999994,,,,,,,,,,,,,-9999.0,,,,,,1.0,,,,,-9999.0,,,,,
1943,10,18,,,,,,,,,,0.0,,,,,0.0,0.0,,32.0,32.0,,,,,,,,,,,,,-9.0,,,,,,,,,,,-9.0,,,,,
1943,10,19,,,,,,,,,,0.0,,,,,0.0,0.0,,73.94,60.08,,,,,,,,,,,,,999.0,,,,,,999.0,,,,,999.0,,,,,
1943,10,20,,,,,,,,,,0.0,,,,,0.0,0.0,,,,,,,,,,,,,,,,-999.0,,,,,,,,,,,-999.0,,,,,
1943,10,22,,,,,,,,,,0.0,,,,,0.0,0.0,,75.92,60.08,,,,,,,,,,,,,9999.0,,,,,,1.0,,,,,9999.0,,,,,
1943,10,23,,,,,,,,,,0.0,,,,,0.0,0.0,,,,,,,,,,,,,,,,-99.0,,,,,,0.0,,,,,-99.0,,,,,
1943,10,24,,,,,,,,,,,,,,,,,,,,,,,,,,,,,,,,99.0,,,,,,,,,,,99.0,,,,,
1943,10,25,,,,,,,,,,0.0,,,,,0.0,0.0,,75.02,59.0,,,,,,,,,,,,,-9999.0,,,,,,1.0,,,,,-9999.0,,,,,
1943,10,26,,,,,,,,,,0.0,,,,,0.0,0.0,,32.0,32.0,,,,,,,,,,,,,-9.0,,,,,,0.0,,,,,-9.0,,,,,
1943,10,27,,,,,,,,,,0.0,,,,,0.0,0.0,,69.98,60.08,,,,,,,,,,,,,999.0,,,,,,1.0,,,,,999.0,,,,,
1943,10,28,,,,,,,,,,,,,,,0.0,0.0,,,,,,,,,,,,,,,,-999.0,,,,,,,,,,,-999.0,,,,,
1943,10,30,,,,,,,,,,,,,,,0.0,0.0,,68.0,57.92,,,,,,,,,,,,,9999.0,,,,,,9999.0,,,,,9999.0,,,,,
1943,10,31,,,,,,,,,,0.0,,,,,0.0,0.0,,,,,,,,,,,,,,,,-99.0,,,,,,-99.0,,,,,,,,,,
1943,11,1,,,,,,,,,,0.0,,,,,0.0,0.0,,82.04,50.0,,,,,,,,,,,,,-9999.0,,,,,,1.0,,,,,-9999.0,,,,,
1943,11,2,,,,,,,,,,0.0,,,,,0.0,0.0,,32.0,32.0,,,,,,,,,,,,,-9.0,,,,,,,,,,,-9.0,,,,,
1943,11,3,,,,,,,,,,0.0,,,,,0.0,0.0,,77.0,48.92,,,,,,,,,,,,,999.0,,,,,,999.0,,,,,999.0,,,,,
1943,11,4,,,,,,,,,,0.0,,,,,0.0,0.0,,,,,,,,,,,,,,,,-999.0,,,,,,-999.0,,,,,-999.0,,,,,
1943,11,5,,,,,,,,,,,,,,,,,,,,,,,,,,,,,,,,,,,,,,9.0,,,,,,,,,,
1943,11,6,,,,,,,,,,0.0,,,,,0.0,0.0,,75.92,48.02,,,,,,,,,,,,,9999.0,,,,,,1.0,,,,,9999.0,,,,,
1943,11,7,,,,,,,,,,0.0,,,,,0.0,0.0,,,32.0,,,,,,,,,,,,,-99.0,,,,,,0.0,,,,,-99.0,,,,,
1943,11,8,,,,,,,,,,,,,,,,,,,,,,,,,,,,,,,,99.0,,,,,,,,,,,99.0,,,,,
1943,11,9,,,,,,,,,,0.0,,,,,0.0,0.0,,77.0,50.0,,,,,,,,,,,,,-9999.0,,,,,,1.0,,,,,-9999.0,,,,,
1943,11,10,,,,,,,,,,0.0,,,,,0.0,0.0,,32.0,32.0,,,,,,,,,,,,,-9.0,,,,,,,,,,,-9.0,,,,,
1943,11,11,,,,,,,,,,0.0,,,,,0.0,0.0,,78.08,51.98,,,,,,,,,,,,,999.0,,,,,,999.0,,,,,999.0,,,,,
1943,11,12,,,,,,,,,,0.0,,,,,0.0,0.0,,,,,,,,,,,,,,,,-999.0,,,,,,-999.0,,,,,-999.0,,,,,
1943,11,14,,,,,,,,,,0.0,,,,,0.0,0.0,,78.98,48.02,,,,,,,,,,,,,9999.0,,,,,,9999.0,,,,,9999.0,,,,,
1943,11,15,,,,,,,,,,0.0,,,,,0.0,0.0,,,32.0,,,,,,,,,,,,,-99.0,,,,,,,,,,,-99.0,,,,,
1943,11,16,,,,,,,,,,,,,,,,,,,,,,,,,,,,,,,,99.0,,,,,,,,,,,99.0,,,,,
1943,11,17,,,,,,,,,,0.0,,,,,0.0,0.0,,75.92,46.94,,,,,,,,,,,,,-9999.0,,,,,,1.0,,,,,-9999.0,,,,,
1943,11,18,,,,,,,,,,0.0,,,,,0.0,0.0,,32.0,32.0,,,,,,,,,,,,,-9.0,,,,,,0.0,,,,,-9.0,,,,,
1943,11,19,,,,,,,,,,0.0,,,,,0.0,0.0,,75.02,46.04,,,,,,,,,,,,,999.0,,,,,,1.0,,,,,999.0,,,,,
1943,11,20,,,,,,,,,,0.0,,,,,0.0,0.0,,,,,,,,,,,,,,,,-999.0,,,,,,0.0,,,,,-999.0,,,,,
1943,11,22,,,,,,,,,,0.0,,,,,0.0,0.0,,66.02,50.0,,,,,,,,,,,,,9999.0,,,,,,1.0,,,,,9999.0,,,,,
1943,11,23,,,,,,,,,,0.0,,,,,0.0,0.0,,,32.0,,,,,,,,,,,,,-99.0,,,,,,0.0,,,,,-99.0,,,,,
1943,11,24,,,,,,,,,,,,,,,,,,,,,,,,,,,,,,,,99.0,,,,,,,,,,,99.0,,,,,
1943,11,25,,,,,,,,,,0.0,,,,,0.0,0.0,,82.94,53.06,,,,,,,,,,,,,-9999.0,,,,,,-9999.0,,,,,-9999.0,,,,,
1943,11,26,,,,,,,,,,0.0,,,,,0.0,0.0,,32.0,32.0,,,,,,,,,,,,,-9.0,,,,,,-9.0,,,,,-9.0,,,,,
1943,11,27,,,,,,,,,,0.0,,,,,0.0,0.0,,77.0,59.0,,,,,,,,,,,,,999.0,,,,,,999.0,,,,,999.0,,,,,
1943,11,28,,,,,,,,,,0.0,,,,,0.0,0.0,,,,,,,,,,,,,,,,,,,,,,-999.0,,,,,-999.0,,,,,
1943,11,29,,,,,,,,,,,,,,,,,,,,,,,,,,,,,,,,,,,,,,9.0,,,,,9.0,,,,,
1943,11,30,,,,,,,,,,3.0,,,,,0.0,0.0,,71.96,60.08,,,,,,,,,,,,,9999.0,,,,,,1.0,,,,,1.0,,,,,
1943,11,31,,,,,,,,,,0.0,,,,,0.0,0.0,,,,,,,,,,,,,,,,-99.0,,,,,,0.0,,,,,,,,,,
1943,12,1,,,,,,,,,,0.0,,,,,0.0,0.0,,66.92,53.06,,,,,,,,,,,,,-9999.0,,-9999.0,,,,1.0,,,,,,,,,,
1943,12,2,,,,,,,,,,0.0,,,,,0.0,0.0,,32.0,32.0,,,,,,,,,,,,,-9.0,,-9.0,,,,0.0,,,,,,,,,,
1943,12,3,,,,,,,,,,0.0,,,,,0.0,0.0,,73.04,46.04,,,,,,,,,,,,,999.0,,999.0,,,,1.0,,,,,,,,,,
1943,12,4,,,,,,,,,,0.0,,,,,0.0,0.0,,,,,,,,,,,,,,,,-999.0,,-999.0,,,,0.0,,,,,,,,,,
1943,12,6,,,,,,,,,,0.0,,,,,0.0,0.0,,78.08,46.94,,,,,,,,,,,,,9999.0,,9999.0,,,,9999.0,,,,,,,,,,
1943,12,7,,,,,,,,,,0.0,,,,,0.0,0.0,,,32.0,,,,,,,,,,,,,-99.0,,-99.0,,,,-99.0,,,,,,,,,,
1943,12,8,,,,,,,,,,,,,,,,,,,,,,,,,,,,,,,,99.0,,99.0,,,,99.0,,,,,,,,,,
1943,12,9,,,,,,,,,,109.0,,,,,0.0,0.0,,60.08,46.94,,,,,,,,,,,,,-9999.0,,1.0,,,,-9999.0,,,,,,,,,,
1943,12,10,,,,,,,,,,0.0,,,,,0.0,0.0,,32.0,32.0,,,,,,,,,,,,,-9.0,,,,,,-9.0,,,,,,,,,,
1943,12,11,,,,,,,,,,8.0,,,,,0.0,0.0,,64.04,46.94,,,,,,,,,,,,,999.0,,999.0,,,,999.0,,,,,,,,,,
1943,12,12,,,,,,,,,,0.0,,,,,0.0,0.0,,,,,,,,,,,,,,,,-999.0,,-999.0,,,,-999.0,,,,,,,,,,
1943,12,14,,,,,,,,,,196.0,,,,,0.0,0.0,,66.02,48.92,,,,,,,,,,,,,9999.0,,9999.0,,,,9999.0,,,,,,,,,,
1943,12,15,,,,,,,,,,,,,,,0.0,0.0,,,32.0,,,,,,,,,,,,,-99.0,,-99.0,,,,-99.0,,,,,,,,,,
1943,12,16,,,,,,,,,,,,,,,,,,,,,,,,,,,,,,,,99.0,,99.0,,,,99.0,,,,,,,,,,
1943,12,17,,,,,,,,,,310.0,,,,,0.0,0.0,,62.059999999999995,53.06,,,,,,,,,,,,,-9999.0,,-9999.0,,,,-9999.0,,,,,,,,,,
1943,12,18,,,,,,,,,,0.0,,,,,0.0,0.0,,32.0,32.0,,,,,,,,,,,,,-9.0,,,,,,-9.0,,,,,,,,,,
1943,12,19,,,,,,,,,,257.0,,,,,0.0,0.0,,64.94,51.08,,,,,,,,,,,,,999.0,,1.0,,,,999.0,,,,,,,,,,
1943,12,20,,,,,,,,,,0.0,,,,,0.0,0.0,,,,,,,,,,,,,,,,-999.0,,,,,,-999.0,,,,,,,,,,
1943,12,21,,,,,,,,,,,,,,,,,,,,,,,,,,,,,,,,,,,,,,9.0,,,,,,,,,,
1943,12,22,,,,,,,,,,0.0,,,,,0.0,0.0,,69.98,46.04,,,,,,,,,,,,,9999.0,,9999.0,,,,1.0,,,,,,,,,,
1943,12,23,,,,,,,,,,0.0,,,,,0.0,0.0,,,32.0,,,,,,,,,,,,,-99.0,,-99.0,,,,0.0,,,,,,,,,,
1943,12,24,,,,,,,,,,,,,,,,,,,,,,,,,,,,,,,,99.0,,99.0,,,,,,,,,,,,,,
1943,12,25,,,,,,,,,,0.0,,,,,0.0,0.0,,75.92,48.02,,,,,,,,,,,,,-9999.0,,-9999.0,,,,1.0,,,,,,,,,,
1943,12,26,,,,,,,,,,0.0,,,,,0.0,0.0,,32.0,32.0,,,,,,,,,,,,,-9.0,,-9.0,,,,0.0,,,,,,,,,,
1943,12,27,,,,,,,,,,15.0,,,,,0.0,0.0,,69.08,53.06,,,,,,,,,,,,,999.0,,999.0,,,,1.0,,,,,,,,,,
1943,12,28,,,,,,,,,,,,,,,0.0,0.0,,,,,,,,,,,,,,,,-999.0,,-999.0,,,,,,,,,,,,,,
1943,12,29,,,,,,,,,,,,,,,,,,,,,,,,,,,,,,,,9.0,,,,,,,,,,,,,,,,
1943,12,30,,,,,,,,,,89.0,,,,,0.0,0.0,,66.02,57.92,,,,,,,,,,,,,1.0,,9999.0,,,,9999.0,,,,,,,,,,
1943,12,31,,,,,,,,,,0.0,,,,,0.0,0.0,,,,,,,,,,,,,,,,,,-99.0,,,,,,,,,,,,,,
1944,1,1,,,,,,,,,,0.0,,,,,0.0,0.0,,62.959999999999994,42.980000000000004,,,,,,,,,,,,,-9999.0,,1.0,,,,,,,,,,,,,,
1944,1,2,,,,,,,,,,0.0,,,,,,0.0,,32.0,32.0,,,,,,,,,,,,,-9.0,,,,,,,,,,,,,,,,
1944,1,3,,,,,,,,,,8.0,,,,,0.0,0.0,,62.959999999999994,46.94,,,,,,,,,,,,,999.0,,999.0,,,,,,,,,,,,,,
1944,1,4,,,,,,,,,,0.0,,,,,0.0,0.0,,,,,,,,,,,,,,,,-999.0,,-999.0,,,,,,,,,,,,,,
1944,1,5,,,,,,,,,,,,,,,,,,,,,,,,,,,,,,,,9.0,,,,,,,,,,,,,,,,
1944,1,6,,,,,,,,,,3.0,,,,,0.0,0.0,,60.08,48.02,,,,,,,,,,,,,1.0,,9999.0,,,,,,,,,,,,,,
1944,1,7,,,,,,,,,,0.0,,,,,0.0,0.0,,,32.0,,,,,,,,,,,,,,,-99.0,,,,,,,,,,,,,,
1944,1,8,,,,,,,,,,,,,,,,,,,,,,,,,,,,,,,,99.0,,99.0,,,,,,,,,,,,,,
1944,1,9,,,,,,,,,,23.0,,,,,0.0,0.0,,62.959999999999994,48.02,,,,,,,,,,,,,1.0,,-9999.0,,,,,,,,,,,,,,
1944,1,10,,,,,,,,,,0.0,,,,,0.0,0.0,,32.0,32.0,,,,,,,,,,,,,,,-9.0,,,,,,,,,,,,,,
1944,1,11,,,,,,,,,,0.0,,,,,0.0,0.0,,68.0,42.980000000000004,,,,,,,,,,,,,999.0,,999.0,,,,,,,,,,,,,,
1944,1,12,,,,,,,,,,0.0,,,,,0.0,0.0,,,,,,,,,,,,,,,,-999.0,,-999.0,,,,,,,,,,,,,,
1944,1,14,,,,,,,,,,0.0,,,,,0.0,0.0,,62.959999999999994,39.92,,,,,,,,,,,,,9999.0,,9999.0,,,,,,,,,,,,,,
1944,1,15,,,,,,,,,,0.0,,,,,0.0,0.0,,,32.0,,,,,,,,,,,,,-99.0,,-99.0,,,,,,,,,,,,,,
1944,1,16,,,,,,,,,,,,,,,,,,,,,,,,,,,,,,,,99.0,,99.0,,,,,,,,,,,,,,
1944,1,17,,,,,,,,,,0.0,,,,,0.0,0.0,,64.94,46.04,,,,,,,,,,,,,-9999.0,,-9999.0,,,,,,,,,,,,,,
1944,1,18,,,,,,,,,,0.0,,,,,0.0,0.0,,32.0,32.0,,,,,,,,,,,,,-9.0,,-9.0,,,,,,,,,,,,,,
1944,1,19,,,,,,,,,,0.0,,,,,0.0,0.0,,69.98,42.08,,,,,,,,,,,,,999.0,,999.0,,,,,,,,,,,,,,
1944,1,20,,,,,,,,,,0.0,,,,,0.0,0.0,,,,,,,,,,,,,,,,-999.0,,-999.0,,,,,,,,,,,,,,
1944,1,22,,,,,,,,,,0.0,,,,,0.0,0.0,,69.08,41.0,,,,,,,,,,,,,9999.0,,9999.0,,,,,,,,,,,,,,
1944,1,23,,,,,,,,,,0.0,,,,,0.0,0.0,,,32.0,,,,,,,,,,,,,-99.0,,-99.0,,,,,,,,,,,,,,
1944,1,24,,,,,,,,,,,,,,,,,,,,,,,,,,,,,,,,99.0,,99.0,,,,,,,,,,,,,,
1944,1,25,,,,,,,,,,0.0,,,,,0.0,0.0,,75.92,42.980000000000004,,,,,,,,,,,,,-9999.0,,-9999.0,,,,,,,,,,,,,,
1944,1,26,,,,,,,,,,0.0,,,,,0.0,0.0,,32.0,32.0,,,,,,,,,,,,,-9.0,,-9.0,,,,,,,,,,,,,,
1944,1,27,,,,,,,,,,0.0,,,,,0.0,0.0,,73.94,48.02,,,,,,,,,,,,,999.0,,999.0,,,,,,,,,,,,,,
1944,1,28,,,,,,,,,,0.0,,,,,0.0,0.0,,,,,,,,,,,,,,,,-999.0,,-999.0,,,,,,,,,,,,,,
1944,1,30,,,,,,,,,,0.0,,,,,0.0,0.0,,80.06,48.92,,,,,,,,,,,,,9999.0,,9999.0,,,,,,,,,,,,,,
1944,1,31,,,,,,,,,,0.0,,,,,0.0,0.0,,,32.0,,,,,,,,,,,,,-99.0,,-99.0,,,,,,,,,,,,,,
1944,2,1,,,,,,,,,,0.0,,,,,0.0,0.0,,66.02,53.96,,,,,,,,,,,,,-9999.0,,-9999.0,,,,,,,,,,,,,,
1944,2,2,,,,,,,,,,,,,,,0.0,0.0,,32.0,32.0,,,,,,,,,,,,,,,-9.0,,,,,,,,,,,,,,
1944,2,3,,,,,,,,,,0.0,,,,,0.0,0.0,,69.98,48.92,,,,,,,,,,,,,1.0,,999.0,,,,,,,,,,,,,,
1944,2,4,,,,,,,,,,,,,,,0.0,0.0,,,,,,,,,,,,,,,,0.0,,-999.0,,,,,,,,,,,,,,
1944,2,6,,,,,,,,,,28.0,,,,,0.0,0.0,,60.08,50.0,,,,,,,,,,,,,9999.0,,9999.0,,,,,,,,,,,,,,
1944,2,7,,,,,,,,,,0.0,,,,,0.0,0.0,,,32.0,,,,,,,,,,,,,-99.0,,-99.0,,,,,,,,,,,,,,
1944,2,8,,,,,,,,,,,,,,,,,,,,,,,,,,,,,,,,99.0,,99.0,,,,,,,,,,,,,,
1944,2,9,,,,,,,,,,0.0,,,,,0.0,0.0,,66.92,48.92,,,,,,,,,,,,,-9999.0,,-9999.0,,,,,,,,,,,,,,
1944,2,10,,,,,,,,,,,,,,,0.0,0.0,,32.0,32.0,,,,,,,,,,,,,-9.0,,-9.0,,,,,,,,,,,,,,
1944,2,11,,,,,,,,,,3.0,,,,,0.0,0.0,,66.02,53.96,,,,,,,,,,,,,999.0,,999.0,,,,,,,,,,,,,,
1944,2,12,,,,,,,,,,,,,,,0.0,0.0,,,,,,,,,,,,,,,,-999.0,,-999.0,,,,,,,,,,,,,,
1944,2,14,,,,,,,,,,,,,,,0.0,0.0,,62.059999999999995,48.02,,,,,,,,,,,,,9999.0,,9999.0,,,,,,,,,,,,,,
1944,2,15,,,,,,,,,,0.0,,,,,0.0,0.0,,,32.0,,,,,,,,,,,,,-99.0,,-99.0,,,,,,,,,,,,,,
1944,2,16,,,,,,,,,,,,,,,,,,,,,,,,,,,,,,,,99.0,,99.0,,,,,,,,,,,,,,
1944,2,17,,,,,,,,,,0.0,,,,,0.0,0.0,,69.98,42.08,,,,,,,,,,,,,-9999.0,,-9999.0,,,,,,,,,,,,,,
1944,2,18,,,,,,,,,,0.0,,,,,0.0,0.0,,32.0,32.0,,,,,,,,,,,,,-9.0,,-9.0,,,,,,,,,,,,,,
1944,2,19,,,,,,,,,,0.0,,,,,0.0,0.0,,62.959999999999994,41.0,,,,,,,,,,,,,999.0,,999.0,,,,,,,,,,,,,,
1944,2,20,,,,,,,,,,0.0,,,,,0.0,0.0,,,,,,,,,,,,,,,,-999.0,,-999.0,,,,,,,,,,,,,,
1944,2,22,,,,,,,,,,5.0,,,,,0.0,0.0,,62.059999999999995,39.92,,,,,,,,,,,,,9999.0,,9999.0,,,,,,,,,,,,,,
1944,2,23,,,,,,,,,,0.0,,,,,0.0,0.0,,,32.0,,,,,,,,,,,,,-99.0,,-99.0,,,,,,,,,,,,,,
1944,2,24,,,,,,,,,,,,,,,,,,,,,,,,,,,,,,,,99.0,,99.0,,,,,,,,,,,,,,
1944,2,25,,,,,,,,,,0.0,,,,,0.0,0.0,,62.059999999999995,41.0,,,,,,,,,,,,,-9999.0,,-9999.0,,,,,,,,,,,,,,
1944,2,26,,,,,,,,,,0.0,,,,,0.0,0.0,,32.0,32.0,,,,,,,,,,,,,-9.0,,-9.0,,,,,,,,,,,,,,
1944,2,27,,,,,,,,,,15.0,,,,,0.0,0.0,,60.08,44.96,,,,,,,,,,,,,999.0,,999.0,,,,,,,,,,,,,,
1944,2,28,,,,,,,,,,0.0,,,,,0.0,0.0,,,,,,,,,,,,,,,,-999.0,,-999.0,,,,,,,,,,,,,,
1944,2,30,,,,,,,,,,,,,,,0.0,0.0,,64.04,41.0,,,,,,,,,,,,,9999.0,,9999.0,,,,,,,,,,,,,,
1944,2,31,,,,,,,,,,,,,,,0.0,0.0,,,32.0,,,,,,,,,,,,,-99.0,,-99.0,,,,,,,,,,,,,,
1944,3,1,,,,,,,,,,0.0,,,,,0.0,0.0,,64.04,46.04,,,,,,,,,,,,,-9999.0,,,,,,,,,,,,,,,,
1944,3,2,,,,,,,,,,0.0,,,,,0.0,0.0,,32.0,32.0,,,,,,,,,,,,,-9.0,,,,,,,,,,,,,,,,
1944,3,3,,,,,,,,,,124.0,,,,,0.0,0.0,,62.059999999999995,46.94,,,,,,,,,,,,,999.0,,,,,,,,,,,,,,,,
1944,3,4,,,,,,,,,,0.0,,,,,0.0,0.0,,,,,,,,,,,,,,,,-999.0,,,,,,,,,,,,,,,,
1944,3,6,,,,,,,,,,8.0,,,,,0.0,0.0,,64.04,44.06,,,,,,,,,,,,,9999.0,,,,,,,,,,,,,,,,
1944,3,7,,,,,,,,,,0.0,,,,,0.0,0.0,,,,,,,,,,,,,,,,-99.0,,,,,,,,,,,,,,,,
1944,3,8,,,,,,,,,,,,,,,,,,,,,,,,,,,,,,,,99.0,,,,,,,,,,,,,,,,
1944,3,9,,,,,,,,,,0.0,,,,,0.0,0.0,,71.06,44.96,,,,,,,,,,,,,-9999.0,,,,,,,,,,,,,,,,
1944,3,10,,,,,,,,,,0.0,,,,,0.0,0.0,,32.0,32.0,,,,,,,,,,,,,-9.0,,,,,,,,,,,,,,,,
1944,3,11,,,,,,,,,,0.0,,,,,0.0,0.0,,73.04,46.94,,,,,,,,,,,,,999.0,,,,,,,,,,,,,,,,
1944,3,12,,,,,,,,,,0.0,,,,,0.0,0.0,,,,,,,,,,,,,,,,-999.0,,,,,,,,,,,,,,,,
1944,3,14,,,,,,,,,,0.0,,,,,0.0,0.0,,82.04,48.02,,,,,,,,,,,,,9999.0,,,,,,,,,,,,,,,,
1944,3,15,,,,,,,,,,0.0,,,,,0.0,0.0,,,,,,,,,,,,,,,,-99.0,,,,,,,,,,,,,,,,
1944,3,16,,,,,,,,,,,,,,,,,,,,,,,,,,,,,,,,99.0,,,,,,,,,,,,,,,,
1944,3,17,,,,,,,,,,0.0,,,,,0.0,0.0,,66.02,51.98,,,,,,,,,,,,,-9999.0,,,,,,,,,,,,,,,,
1944,3,18,,,,,,,,,,0.0,,,,,0.0,0.0,,32.0,32.0,,,,,,,,,,,,,-9.0,,,,,,,,,,,,,,,,
1944,3,19,,,,,,,,,,,,,,,0.0,0.0,,64.04,55.04,,,,,,,,,,,,,999.0,,,,,,,,,,,,,,,,
1944,3,20,,,,,,,,,,,,,,,0.0,0.0,,,,,,,,,,,,,,,,-999.0,,,,,,,,,,,,,,,,
1944,3,22,,,,,,,,,,3.0,,,,,0.0,0.0,,60.08,46.04,,,,,,,,,,,,,9999.0,,,,,,,,,,,,,,,,
1944,3,23,,,,,,,,,,0.0,,,,,0.0,0.0,,,32.0,,,,,,,,,,,,,-99.0,,,,,,,,,,,,,,,,
1944,3,24,,,,,,,,,,,,,,,,,,,,,,,,,,,,,,,,99.0,,,,,,,,,,,,,,,,
1944,3,25,,,,,,,,,,0.0,,,,,0.0,0.0,,71.06,44.96,,,,,,,,,,,,,-9999.0,,,,,,,,,,,,,,,,
1944,3,26,,,,,,,,,,0.0,,,,,0.0,0.0,,32.0,32.0,,,,,,,,,,,,,,,,,,,,,,,,,,,,,
1944,3,27,,,,,,,,,,0.0,,,,,0.0,0.0,,75.92,48.02,,,,,,,,,,,,,1.0,,,,,,,,,,,,,,,,
1944,3,28,,,,,,,,,,0.0,,,,,0.0,0.0,,,,,,,,,,,,,,,,0.0,,,,,,,,,,,,,,,,
1944,3,30,,,,,,,,,,0.0,,,,,0.0,0.0,,66.92,53.06,,,,,,,,,,,,,9999.0,,,,,,,,,,,,,,,,
1944,3,31,,,,,,,,,,0.0,,,,,0.0,0.0,,,32.0,,,,,,,,,,,,,-99.0,,,,,,,,,,,,,,,,
1944,4,1,,,,,,,,,,0.0,,,,,0.0,0.0,,69.08,55.04,,,,,,,,,,,,,-9999.0,,,,,,,,,,,,,,,,
1944,4,2,,,,,,,,,,0.0,,,,,0.0,0.0,,32.0,32.0,,,,,,,,,,,,,-9.0,,,,,,,,,,,,,,,,
1944,4,3,,,,,,,,,,0.0,,,,,0.0,0.0,,69.08,53.96,,,,,,,,,,,,,999.0,,,,,,,,,,,,,,,,
1944,4,4,,,,,,,,,,0.0,,,,,0.0,0.0,,,,,,,,,,,,,,,,,,,,,,,,,,,,,,,,
1944,4,6,,,,,,,,,,,,,,,0.0,0.0,,69.08,55.94,,,,,,,,,,,,,9999.0,,,,,,,,,,,,,,,,
1944,4,7,,,,,,,,,,0.0,,,,,0.0,0.0,,,,,,,,,,,,,,,,-99.0,,,,,,,,,,,,,,,,
1944,4,8,,,,,,,,,,,,,,,,,,,,,,,,,,,,,,,,99.0,,,,,,,,,,,,,,,,
1944,4,9,,,,,,,,,,0.0,,,,,0.0,0.0,,69.98,48.92,,,,,,,,,,,,,-9999.0,,,,,,,,,,,,,,,,
1944,4,10,,,,,,,,,,0.0,,,,,0.0,0.0,,32.0,32.0,,,,,,,,,,,,,-9.0,,,,,,,,,,,,,,,,
1944,4,11,,,,,,,,,,0.0,,,,,0.0,0.0,,68.0,51.98,,,,,,,,,,,,,999.0,,,,,,,,,,,,,,,,
1944,4,12,,,,,,,,,,0.0,,,,,0.0,0.0,,,,,,,,,,,,,,,,-999.0,,,,,,,,,,,,,,,,
1944,4,14,,,,,,,,,,0.0,,,,,0.0,0.0,,68.0,51.98,,,,,,,,,,,,,9999.0,,,,,,,,,,,,,,,,
1944,4,15,,,,,,,,,,0.0,,,,,0.0,0.0,,,32.0,,,,,,,,,,,,,-99.0,,,,,,,,,,,,,,,,
1944,4,16,,,,,,,,,,,,,,,,,,,,,,,,,,,,,,,,99.0,,,,,,,,,,,,,,,,
1944,4,17,,,,,,,,,,0.0,,,,,0.0,0.0,,68.0,50.0,,,,,,,,,,,,,-9999.0,,,,,,,,,,,,,,,,
1944,4,18,,,,,,,,,,0.0,,,,,0.0,0.0,,32.0,32.0,,,,,,,,,,,,,-9.0,,,,,,,,,,,,,,,,
1944,4,19,,,,,,,,,,5.0,,,,,0.0,0.0,,64.94,53.06,,,,,,,,,,,,,999.0,,,,,,,,,,,,,,,,
1944,4,20,,,,,,,,,,0.0,,,,,0.0,0.0,,,,,,,,,,,,,,,,-999.0,,,,,,,,,,,,,,,,
1944,4,22,,,,,,,,,,0.0,,,,,0.0,0.0,,66.92,50.0,,,,,,,,,,,,,9999.0,,,,,,,,,,,,,,,,
1944,4,23,,,,,,,,,,0.0,,,,,0.0,0.0,,,,,,,,,,,,,,,,-99.0,,,,,,,,,,,,,,,,
1944,4,24,,,,,,,,,,,,,,,,,,,,,,,,,,,,,,,,99.0,,,,,,,,,,,,,,,,
1944,4,25,,,,,,,,,,0.0,,,,,0.0,0.0,,66.92,51.08,,,,,,,,,,,,,-9999.0,,,,,,,,,,,,,,,,
1944,4,26,,,,,,,,,,0.0,,,,,0.0,0.0,,32.0,32.0,,,,,,,,,,,,,-9.0,,,,,,,,,,,,,,,,
1944,4,27,,,,,,,,,,0.0,,,,,0.0,0.0,,69.08,46.94,,,,,,,,,,,,,999.0,,,,,,,,,,,,,,,,
1944,4,28,,,,,,,,,,0.0,,,,,0.0,0.0,,,,,,,,,,,,,,,,-999.0,,,,,,,,,,,,,,,,
1944,4,30,,,,,,,,,,0.0,,,,,0.0,0.0,,66.02,51.08,,,,,,,,,,,,,9999.0,,,,,,,,,,,,,,,,
1944,4,31,,,,,,,,,,0.0,,,,,0.0,0.0,,,,,,,,,,,,,,,,-99.0,,,,,,,,,,,,,,,,
1944,5,1,,,,,,,,,,0.0,,,,,0.0,0.0,,69.08,55.04,,,,,,,,,,,,,1.0,,,,,,,,,,,,,,,,
1944,5,2,,,,,,,,,,0.0,,,,,0.0,0.0,,32.0,32.0,,,,,,,,,,,,,0.0,,,,,,,,,,,,,,,,
1944,5,3,,,,,,,,,,,,,,,0.0,0.0,,66.02,55.04,,,,,,,,,,,,,1.0,,,,,,,,,,,,,,,,
1944,5,4,,,,,,,,,,0.0,,,,,0.0,0.0,,,,,,,,,,,,,,,,0.0,,,,,,,,,,,,,,,,
1944,5,6,,,,,,,,,,0.0,,,,,0.0,0.0,,84.02,55.04,,,,,,,,,,,,,1.0,,,,,,,,,,,,,,,,
1944,5,7,,,,,,,,,,0.0,,,,,0.0,0.0,,,,,,,,,,,,,,,,,,,,,,,,,,,,,,,,
1944,5,8,,,,,,,,,,,,,,,,,,,,,,,,,,,,,,,,99.0,,,,,,,,,,,,,,,,
1944,5,9,,,,,,,,,,0.0,,,,,0.0,0.0,,73.04,55.04,,,,,,,,,,,,,1.0,,,,,,,,,,,,,,,,
1944,5,10,,,,,,,,,,0.0,,,,,0.0,0.0,,32.0,32.0,,,,,,,,,,,,,,,,,,,,,,,,,,,,,
1944,5,11,,,,,,,,,,0.0,,,,,0.0,0.0,,68.0,55.94,,,,,,,,,,,,,999.0,,,,,,,,,,,,,,,,
1944,5,12,,,,,,,,,,0.0,,,,,0.0,0.0,,,,,,,,,,,,,,,,-999.0,,,,,,,,,,,,,,,,
1944,5,14,,,,,,,,,,0.0,,,,,0.0,0.0,,69.08,57.92,,,,,,,,,,,,,9999.0,,,,,,,,,,,,,,,,
1944,5,15,,,,,,,,,,0.0,,,,,0.0,0.0,,,,,,,,,,,,,,,,-99.0,,,,,,,,,,,,,,,,
1944,5,16,,,,,,,,,,,,,,,,,,,,,,,,,,,,,,,,99.0,,,,,,,,,,,,,,,,
1944,5,17,,,,,,,,,,0.0,,,,,0.0,0.0,,69.08,53.96,,,,,,,,,,,,,-9999.0,,,,,,,,,,,,,,,,
1944,5,18,,,,,,,,,,0.0,,,,,0.0,0.0,,32.0,32.0,,,,,,,,,,,,,-9.0,,,,,,,,,,,,,,,,
1944,5,19,,,,,,,,,,0.0,,,,,0.0,0.0,,69.98,51.98,,,,,,,,,,,,,999.0,,,,,,,,,,,,,,,,
1944,5,20,,,,,,,,,,0.0,,,,,0.0,0.0,,,,,,,,,,,,,,,,,,,,,,,,,,,,,,,,
1944,5,22,,,,,,,,,,0.0,,,,,0.0,0.0,,69.08,55.94,,,,,,,,,,,,,9999.0,,,,,,,,,,,,,,,,
1944,5,23,,,,,,,,,,0.0,,,,,0.0,0.0,,,,,,,,,,,,,,,,,,,,,,,,,,,,,,,,
1944,5,25,,,,,,,,,,8.0,,,,,0.0,0.0,,64.94,53.06,,,,,,,,,,,,,-9999.0,,,,,,,,,,,,,,,,
1944,5,26,,,,,,,,,,0.0,,,,,0.0,0.0,,32.0,32.0,,,,,,,,,,,,,-9.0,,,,,,,,,,,,,,,,
1944,5,27,,,,,,,,,,8.0,,,,,0.0,0.0,,69.08,55.04,,,,,,,,,,,,,999.0,,,,,,,,,,,,,,,,
1944,5,28,,,,,,,,,,,,,,,0.0,0.0,,,,,,,,,,,,,,,,,,,,,,,,,,,,,,,,
1944,5,30,,,,,,,,,,0.0,,,,,0.0,0.0,,69.08,51.08,,,,,,,,,,,,,9999.0,,,,,,,,,,,,,,,,
1944,5,31,,,,,,,,,,0.0,,,,,0.0,0.0,,,,,,,,,,,,,,,,-99.0,,,,,,,,,,,,,,,,
1944,6,1,,,,,,,,,,0.0,,,,,0.0,0.0,,69.08,59.0,,,,,,,,,,,,,-9999.0,,,,,,,,,,,,,,,,
1944,6,2,,,,,,,,,,,,,,,,,,,,,,,,,,,,,,,,-9.0,,,,,,,,,,,,,,,,
1944,6,3,,,,,,,,,,13.0,,,,,0.0,0.0,,69.08,55.04,,,,,,,,,,,,,999.0,,,,,,,,,,,,,,,,
1944,6,4,,,,,,,,,,,,,,,,,,,,,,,,,,,,,,,,-999.0,,,,,,,,,,,,,,,,
1944,6,5,,,,,,,,,,,,,,,,,,,,,,,,,,,,,,,,9.0,,,,,,,,,,,,,,,,
1944,6,6,,,,,,,,,,0.0,,,,,0.0,0.0,,75.92,53.96,,,,,,,,,,,,,1.0,,,,,,,,,,,,,,,,
1944,6,7,,,,,,,,,,0.0,,,,,0.0,0.0,,,,,,,,,,,,,,,,0.0,,,,,,,,,,,,,,,,
1944,6,9,,,,,,,,,,0.0,,,,,0.0,0.0,,73.94,60.08,,,,,,,,,,,,,-9999.0,,,,,,,,,,,,,,,,
1944,6,10,,,,,,,,,,0.0,,,,,0.0,0.0,,32.0,32.0,,,,,,,,,,,,,-9.0,,,,,,,,,,,,,,,,
1944,6,11,,,,,,,,,,0.0,,,,,0.0,0.0,,71.96,59.0,,,,,,,,,,,,,999.0,,,,,,,,,,,,,,,,
1944,6,12,,,,,,,,,,0.0,,,,,0.0,0.0,,,,,,,,,,,,,,,,-999.0,,,,,,,,,,,,,,,,
1944,6,14,,,,,,,,,,8.0,,,,,0.0,0.0,,71.06,57.92,,,,,,,,,,,,,9999.0,,,,,,,,,,,,,,,,
1944,6,15,,,,,,,,,,0.0,,,,,0.0,0.0,,,,,,,,,,,,,,,,-99.0,,,,,,,,,,,,,,,,
1944,6,16,,,,,,,,,,,,,,,,,,,,,,,,,,,,,,,,99.0,,,,,,,,,,,,,,,,
1944,6,17,,,,,,,,,,0.0,,,,,0.0,0.0,,69.08,60.08,,,,,,,,,,,,,-9999.0,,,,,,,,,,,,,,,,
1944,6,18,,,,,,,,,,0.0,,,,,0.0,0.0,,32.0,32.0,,,,,,,,,,,,,-9.0,,,,,,,,,,,,,,,,
1944,6,19,,,,,,,,,,0.0,,,,,0.0,0.0,,66.92,60.08,,,,,,,,,,,,,999.0,,,,,,,,,,,,,,,,
1944,6,20,,,,,,,,,,0.0,,,,,0.0,0.0,,,,,,,,,,,,,,,,-999.0,,,,,,,,,,,,,,,,
1944,6,22,,,,,,,,,,0.0,,,,,0.0,0.0,,69.08,59.0,,,,,,,,,,,,,9999.0,,,,,,,,,,,,,,,,
1944,6,23,,,,,,,,,,0.0,,,,,0.0,0.0,,,,,,,,,,,,,,,,-99.0,,,,,,,,,,,,,,,,
1944,6,24,,,,,,,,,,,,,,,,,,,,,,,,,,,,,,,,99.0,,,,,,,,,,,,,,,,
1944,6,25,,,,,,,,,,0.0,,,,,0.0,0.0,,69.98,55.94,,,,,,,,,,,,,-9999.0,,,,,,,,,,,,,,,,
1944,6,26,,,,,,,,,,0.0,,,,,0.0,0.0,,32.0,32.0,,,,,,,,,,,,,-9.0,,,,,,,,,,,,,,,,
1944,6,27,,,,,,,,,,0.0,,,,,0.0,0.0,,69.98,53.96,,,,,,,,,,,,,999.0,,,,,,,,,,,,,,,,
1944,6,28,,,,,,,,,,0.0,,,,,0.0,0.0,,,,,,,,,,,,,,,,-999.0,,,,,,,,,,,,,,,,
1944,6,30,,,,,,,,,,0.0,,,,,0.0,0.0,,71.96,57.92,,,,,,,,,,,,,9999.0,,,,,,,,,,,,,,,,
1944,6,31,,,,,,,,,,0.0,,,,,0.0,0.0,,,,,,,,,,,,,,,,-99.0,,,,,,,,,,,,,,,,
1944,7,1,,,,,,,,,,0.0,,,,,0.0,0.0,,71.96,57.02,,,,,,,,,,,,,1.0,,,,,,,,,,,,,,,,
1944,7,2,,,,,,,,,,0.0,,,,,0.0,0.0,,32.0,32.0,,,,,,,,,,,,,0.0,,,,,,,,,,,,,,,,
1944,7,3,,,,,,,,,,0.0,,,,,0.0,0.0,,69.08,57.02,,,,,,,,,,,,,1.0,,,,,,,,,,,,,,,,
1944,7,4,,,,,,,,,,0.0,,,,,0.0,0.0,,,,,,,,,,,,,,,,,,,,,,,,,,,,,,,,
1944,7,6,,,,,,,,,,0.0,,,,,0.0,0.0,,71.96,57.92,,,,,,,,,,,,,9999.0,,,,,,,,,,,,,,,,
1944,7,7,,,,,,,,,,0.0,,,,,0.0,0.0,,,,,,,,,,,,,,,,-99.0,,,,,,,,,,,,,,,,
1944,7,8,,,,,,,,,,,,,,,,,,,,,,,,,,,,,,,,99.0,,,,,,,,,,,,,,,,
1944,7,9,,,,,,,,,,0.0,,,,,0.0,0.0,,71.96,59.0,,,,,,,,,,,,,-9999.0,,,,,,,,,,,,,,,,
1944,7,10,,,,,,,,,,0.0,,,,,0.0,0.0,,32.0,32.0,,,,,,,,,,,,,-9.0,,,,,,,,,,,,,,,,
1944,7,11,,,,,,,,,,0.0,,,,,0.0,0.0,,71.96,60.08,,,,,,,,,,,,,999.0,,,,,,,,,,,,,,,,
1944,7,12,,,,,,,,,,0.0,,,,,0.0,0.0,,,,,,,,,,,,,,,,-999.0,,,,,,,,,,,,,,,,
1944,7,14,,,,,,,,,,0.0,,,,,0.0,0.0,,73.04,60.08,,,,,,,,,,,,,9999.0,,,,,,,,,,,,,,,,
1944,7,15,,,,,,,,,,0.0,,,,,0.0,0.0,,,,,,,,,,,,,,,,-99.0,,,,,,,,,,,,,,,,
1944,7,16,,,,,,,,,,,,,,,,,,,,,,,,,,,,,,,,99.0,,,,,,,,,,,,,,,,
1944,7,17,,,,,,,,,,0.0,,,,,0.0,0.0,,73.04,60.08,,,,,,,,,,,,,-9999.0,,,,,,,,,,,,,,,,
1944,7,18,,,,,,,,,,0.0,,,,,0.0,0.0,,32.0,32.0,,,,,,,,,,,,,-9.0,,,,,,,,,,,,,,,,
1944,7,19,,,,,,,,,,0.0,,,,,0.0,0.0,,71.96,60.980000000000004,,,,,,,,,,,,,999.0,,,,,,,,,,,,,,,,
1944,7,20,,,,,,,,,,0.0,,,,,0.0,0.0,,,,,,,,,,,,,,,,-999.0,,,,,,,,,,,,,,,,
1944,7,22,,,,,,,,,,0.0,,,,,0.0,0.0,,71.96,57.92,,,,,,,,,,,,,9999.0,,,,,,,,,,,,,,,,
1944,7,23,,,,,,,,,,0.0,,,,,0.0,0.0,,,,,,,,,,,,,,,,-99.0,,,,,,,,,,,,,,,,
1944,7,24,,,,,,,,,,,,,,,,,,,,,,,,,,,,,,,,99.0,,,,,,,,,,,,,,,,
1944,7,25,,,,,,,,,,0.0,,,,,0.0,0.0,,73.94,60.980000000000004,,,,,,,,,,,,,-9999.0,,,,,,,,,,,,,,,,
1944,7,26,,,,,,,,,,0.0,,,,,0.0,0.0,,32.0,32.0,,,,,,,,,,,,,-9.0,,,,,,,,,,,,,,,,
1944,7,27,,,,,,,,,,0.0,,,,,0.0,0.0,,73.94,62.059999999999995,,,,,,,,,,,,,999.0,,,,,,,,,,,,,,,,
1944,7,28,,,,,,,,,,0.0,,,,,0.0,0.0,,,,,,,,,,,,,,,,,,,,,,,,,,,,,,,,
1944,7,30,,,,,,,,,,0.0,,,,,0.0,0.0,,75.92,60.980000000000004,,,,,,,,,,,,,9999.0,,,,,,,,,,,,,,,,
1944,7,31,,,,,,,,,,0.0,,,,,0.0,0.0,,,,,,,,,,,,,,,,,,,,,,,,,,,,,,,,
1944,8,1,,,,,,,,,,0.0,,,,,0.0,0.0,,73.94,60.08,,,,,,,,,,,,,-9999.0,,,,,,,,,,,,,,,,
1944,8,2,,,,,,,,,,0.0,,,,,0.0,0.0,,32.0,32.0,,,,,,,,,,,,,-9.0,,,,,,,,,,,,,,,,
1944,8,3,,,,,,,,,,0.0,,,,,0.0,0.0,,75.02,59.0,,,,,,,,,,,,,999.0,,,,,,,,,,,,,,,,
1944,8,4,,,,,,,,,,0.0,,,,,0.0,0.0,,,,,,,,,,,,,,,,-999.0,,,,,,,,,,,,,,,,
1944,8,6,,,,,,,,,,0.0,,,,,0.0,0.0,,73.04,60.08,,,,,,,,,,,,,9999.0,,,,,,,,,,,,,,,,
1944,8,7,,,,,,,,,,0.0,,,,,0.0,0.0,,,,,,,,,,,,,,,,,,,,,,,,,,,,,,,,
1944,8,9,,,,,,,,,,0.0,,,,,0.0,0.0,,77.0,57.92,,,,,,,,,,,,,1.0,,,,,,,,,,,,,,,,
1944,8,10,,,,,,,,,,0.0,,,,,0.0,0.0,,32.0,32.0,,,,,,,,,,,,,0.0,,,,,,,,,,,,,,,,
1944,8,11,,,,,,,,,,,,,,,0.0,0.0,,71.96,57.02,,,,,,,,,,,,,1.0,,,,,,,,,,,,,,,,
1944,8,12,,,,,,,,,,0.0,,,,,0.0,0.0,,,,,,,,,,,,,,,,0.0,,,,,,,,,,,,,,,,
1944,8,14,,,,,,,,,,0.0,,,,,0.0,0.0,,75.92,60.980000000000004,,,,,,,,,,,,,9999.0,,,,,,,,,,,,,,,,
1944,8,15,,,,,,,,,,0.0,,,,,0.0,0.0,,,,,,,,,,,,,,,,-99.0,,,,,,,,,,,,,,,,
1944,8,16,,,,,,,,,,,,,,,,,,,,,,,,,,,,,,,,99.0,,,,,,,,,,,,,,,,
1944,8,17,,,,,,,,,,0.0,,,,,0.0,0.0,,80.96,62.959999999999994,,,,,,,,,,,,,-9999.0,,,,,,,,,,,,,,,,
1944,8,18,,,,,,,,,,0.0,,,,,0.0,0.0,,32.0,32.0,,,,,,,,,,,,,-9.0,,,,,,,,,,,,,,,,
1944,8,19,,,,,,,,,,0.0,,,,,0.0,0.0,,82.94,64.04,,,,,,,,,,,,,999.0,,,,,,,,,,,,,,,,
1944,8,20,,,,,,,,,,0.0,,,,,0.0,0.0,,,,,,,,,,,,,,,,-999.0,,,,,,,,,,,,,,,,
1944,8,22,,,,,,,,,,0.0,,,,,0.0,0.0,,80.06,64.04,,,,,,,,,,,,,9999.0,,,,,,,,,,,,,,,,
1944,8,23,,,,,,,,,,0.0,,,,,0.0,0.0,,,,,,,,,,,,,,,,-99.0,,,,,,,,,,,,,,,,
1944,8,24,,,,,,,,,,,,,,,,,,,,,,,,,,,,,,,,99.0,,,,,,,,,,,,,,,,
1944,8,25,,,,,,,,,,0.0,,,,,0.0,0.0,,78.08,62.959999999999994,,,,,,,,,,,,,-9999.0,,,,,,,,,,,,,,,,
1944,8,26,,,,,,,,,,0.0,,,,,0.0,0.0,,32.0,32.0,,,,,,,,,,,,,-9.0,,,,,,,,,,,,,,,,
1944,8,27,,,,,,,,,,0.0,,,,,0.0,0.0,,77.0,62.059999999999995,,,,,,,,,,,,,999.0,,,,,,,,,,,,,,,,
1944,8,28,,,,,,,,,,0.0,,,,,0.0,0.0,,,,,,,,,,,,,,,,-999.0,,,,,,,,,,,,,,,,
1944,8,30,,,,,,,,,,0.0,,,,,0.0,0.0,,75.92,64.04,,,,,,,,,,,,,9999.0,,,,,,,,,,,,,,,,
1944,8,31,,,,,,,,,,0.0,,,,,0.0,0.0,,,,,,,,,,,,,,,,-99.0,,,,,,,,,,,,,,,,
1944,9,1,,,,,,,,,,0.0,,,,,0.0,0.0,,71.96,62.059999999999995,,,,,,,,,,,,,-9999.0,,,,,,,,,,,,,,,,
1944,9,2,,,,,,,,,,0.0,,,,,0.0,0.0,,32.0,32.0,,,,,,,,,,,,,-9.0,,,,,,,,,,,,,,,,
1944,9,3,,,,,,,,,,0.0,,,,,0.0,0.0,,73.94,62.959999999999994,,,,,,,,,,,,,999.0,,,,,,,,,,,,,,,,
1944,9,4,,,,,,,,,,0.0,,,,,0.0,0.0,,,,,,,,,,,,,,,,-999.0,,,,,,,,,,,,,,,,
1944,9,6,,,,,,,,,,0.0,,,,,0.0,0.0,,73.94,62.959999999999994,,,,,,,,,,,,,9999.0,,,,,,,,,,,,,,,,
1944,9,7,,,,,,,,,,0.0,,,,,0.0,0.0,,,,,,,,,,,,,,,,-99.0,,,,,,,,,,,,,,,,
1944,9,8,,,,,,,,,,,,,,,,,,,,,,,,,,,,,,,,99.0,,,,,,,,,,,,,,,,
1944,9,9,,,,,,,,,,0.0,,,,,0.0,0.0,,77.0,62.059999999999995,,,,,,,,,,,,,-9999.0,,,,,,,,,,,,,,,,
1944,9,10,,,,,,,,,,0.0,,,,,0.0,0.0,,32.0,32.0,,,,,,,,,,,,,,,,,,,,,,,,,,,,,
1944,9,11,,,,,,,,,,0.0,,,,,0.0,0.0,,84.02,60.08,,,,,,,,,,,,,1.0,,,,,,,,,,,,,,,,
1944,9,12,,,,,,,,,,0.0,,,,,0.0,0.0,,,,,,,,,,,,,,,,0.0,,,,,,,,,,,,,,,,
1944,9,14,,,,,,,,,,0.0,,,,,0.0,0.0,,71.06,62.059999999999995,,,,,,,,,,,,,1.0,,,,,,,,,,,,,,,,
1944,9,15,,,,,,,,,,0.0,,,,,0.0,0.0,,,,,,,,,,,,,,,,,,,,,,,,,,,,,,,,
1944,9,16,,,,,,,,,,,,,,,,,,,,,,,,,,,,,,,,99.0,,,,,,,,,,,,,,,,
1944,9,17,,,,,,,,,,0.0,,,,,0.0,0.0,,77.0,64.04,,,,,,,,,,,,,-9999.0,,,,,,,,,,,,,,,,
1944,9,18,,,,,,,,,,0.0,,,,,0.0,0.0,,32.0,32.0,,,,,,,,,,,,,-9.0,,,,,,,,,,,,,,,,
1944,9,19,,,,,,,,,,0.0,,,,,0.0,0.0,,71.96,64.04,,,,,,,,,,,,,999.0,,,,,,,,,,,,,,,,
1944,9,20,,,,,,,,,,0.0,,,,,0.0,0.0,,,,,,,,,,,,,,,,-999.0,,,,,,,,,,,,,,,,
1944,9,22,,,,,,,,,,,,,,,0.0,0.0,,68.0,62.059999999999995,,,,,,,,,,,,,9999.0,,,,,,,,,,,,,,,,
1944,9,23,,,,,,,,,,0.0,,,,,0.0,0.0,,,,,,,,,,,,,,,,-99.0,,,,,,,,,,,,,,,,
1944,9,24,,,,,,,,,,,,,,,,,,,,,,,,,,,,,,,,99.0,,,,,,,,,,,,,,,,
1944,9,25,,,,,,,,,,0.0,,,,,0.0,0.0,,69.98,59.0,,,,,,,,,,,,,-9999.0,,,,,,,,,,,,,,,,
1944,9,26,,,,,,,,,,0.0,,,,,0.0,0.0,,32.0,32.0,,,,,,,,,,,,,-9.0,,,,,,,,,,,,,,,,
1944,9,27,,,,,,,,,,,,,,,0.0,0.0,,68.0,60.08,,,,,,,,,,,,,999.0,,,,,,,,,,,,,,,,
1944,9,28,,,,,,,,,,0.0,,,,,0.0,0.0,,,,,,,,,,,,,,,,-999.0,,,,,,,,,,,,,,,,
1944,9,30,,,,,,,,,,0.0,,,,,0.0,0.0,,71.96,57.02,,,,,,,,,,,,,9999.0,,,,,,,,,,,,,,,,
1944,9,31,,,,,,,,,,0.0,,,,,0.0,0.0,,,,,,,,,,,,,,,,-99.0,,,,,,,,,,,,,,,,
1944,10,1,,,,,,,,,,0.0,,,,,0.0,0.0,,73.04,57.92,,,,,,,,,,,,,-9999.0,,,,,,,,,,,,,,,,
1944,10,2,,,,,,,,,,0.0,,,,,0.0,0.0,,32.0,32.0,,,,,,,,,,,,,-9.0,,,,,,,,,,,,,,,,
1944,10,3,,,,,,,,,,0.0,,,,,0.0,0.0,,75.02,55.04,,,,,,,,,,,,,999.0,,,,,,,,,,,,,,,,
1944,10,4,,,,,,,,,,0.0,,,,,0.0,0.0,,,,,,,,,,,,,,,,,,,,,,,,,,,,,,,,
1944,10,6,,,,,,,,,,0.0,,,,,0.0,0.0,,73.04,57.92,,,,,,,,,,,,,9999.0,,,,,,,,,,,,,,,,
1944,10,7,,,,,,,,,,0.0,,,,,0.0,0.0,,,,,,,,,,,,,,,,-99.0,,,,,,,,,,,,,,,,
1944,10,8,,,,,,,,,,,,,,,,,,,,,,,,,,,,,,,,99.0,,,,,,,,,,,,,,,,
1944,10,9,,,,,,,,,,0.0,,,,,0.0,0.0,,71.06,57.92,,,,,,,,,,,,,-9999.0,,,,,,,,,,,,,,,,
1944,10,10,,,,,,,,,,0.0,,,,,0.0,0.0,,32.0,32.0,,,,,,,,,,,,,-9.0,,,,,,,,,,,,,,,,
1944,10,11,,,,,,,,,,0.0,,,,,0.0,0.0,,71.96,60.08,,,,,,,,,,,,,999.0,,,,,,,,,,,,,,,,
1944,10,12,,,,,,,,,,0.0,,,,,0.0,0.0,,,,,,,,,,,,,,,,-999.0,,,,,,,,,,,,,,,,
1944,10,14,,,,,,,,,,0.0,,,,,0.0,0.0,,73.04,55.94,,,,,,,,,,,,,9999.0,,,,,,,,,,,,,,,,
1944,10,15,,,,,,,,,,0.0,,,,,0.0,0.0,,,,,,,,,,,,,,,,-99.0,,,,,,,,,,,,,,,,
1944,10,16,,,,,,,,,,,,,,,,,,,,,,,,,,,,,,,,99.0,,,,,,,,,,,,,,,,
1944,10,17,,,,,,,,,,0.0,,,,,0.0,0.0,,71.06,55.94,,,,,,,,,,,,,-9999.0,,,,,,,,,,,,,,,,
1944,10,18,,,,,,,,,,0.0,,,,,0.0,0.0,,32.0,32.0,,,,,,,,,,,,,,,,,,,,,,,,,,,,,
1944,10,19,,,,,,,,,,0.0,,,,,0.0,0.0,,69.98,51.98,,,,,,,,,,,,,1.0,,,,,,,,,,,,,,,,
1944,10,20,,,,,,,,,,0.0,,,,,0.0,0.0,,,,,,,,,,,,,,,,,,,,,,,,,,,,,,,,
1944,10,22,,,,,,,,,,0.0,,,,,0.0,0.0,,71.06,55.94,,,,,,,,,,,,,9999.0,,,,,,,,,,,,,,,,
1944,10,23,,,,,,,,,,0.0,,,,,0.0,0.0,,,,,,,,,,,,,,,,-99.0,,,,,,,,,,,,,,,,
1944,10,24,,,,,,,,,,,,,,,,,,,,,,,,,,,,,,,,99.0,,,,,,,,,,,,,,,,
1944,10,25,,,,,,,,,,0.0,,,,,0.0,0.0,,69.08,53.96,,,,,,,,,,,,,-9999.0,,,,,,,,,,,,,,,,
1944,10,26,,,,,,,,,,0.0,,,,,0.0,0.0,,32.0,32.0,,,,,,,,,,,,,-9.0,,,,,,,,,,,,,,,,
1944,10,27,,,,,,,,,,0.0,,,,,0.0,0.0,,71.06,57.92,,,,,,,,,,,,,999.0,,,,,,,,,,,,,,,,
1944,10,28,,,,,,,,,,0.0,,,,,0.0,0.0,,,,,,,,,,,,,,,,,,,,,,,,,,,,,,,,
1944,10,30,,,,,,,,,,0.0,,,,,0.0,0.0,,69.98,55.94,,,,,,,,,,,,,1.0,,,,,,,,,,,,,,,,
1944,10,31,,,,,,,,,,0.0,,,,,0.0,0.0,,,,,,,,,,,,,,,,0.0,,,,,,,,,,,,,,,,
1944,11,1,,,,,,,,,,0.0,,,,,0.0,0.0,,69.98,57.92,,,,,,,,,,,,,-9999.0,,-9999.0,,,,,,,,,,,,,,
1944,11,2,,,,,,,,,,,,,,,0.0,0.0,,32.0,32.0,,,,,,,,,,,,,-9.0,,-9.0,,,,,,,,,,,,,,
1944,11,3,,,,,,,,,,0.0,,,,,0.0,0.0,,69.98,57.02,,,,,,,,,,,,,999.0,,999.0,,,,,,,,,,,,,,
1944,11,4,,,,,,,,,,0.0,,,,,0.0,0.0,,,,,,,,,,,,,,,,-999.0,,-999.0,,,,,,,,,,,,,,
1944,11,6,,,,,,,,,,,,,,,0.0,0.0,,69.98,59.0,,,,,,,,,,,,,9999.0,,9999.0,,,,,,,,,,,,,,
1944,11,7,,,,,,,,,,,,,,,0.0,0.0,,,,,,,,,,,,,,,,-99.0,,-99.0,,,,,,,,,,,,,,
1944,11,8,,,,,,,,,,,,,,,,,,,,,,,,,,,,,,,,99.0,,99.0,,,,,,,,,,,,,,
1944,11,9,,,,,,,,,,13.0,,,,,0.0,0.0,,66.92,57.02,,,,,,,,,,,,,-9999.0,,-9999.0,,,,,,,,,,,,,,
1944,11,10,,,,,,,,,,0.0,,,,,0.0,0.0,,32.0,32.0,,,,,,,,,,,,,-9.0,,-9.0,,,,,,,,,,,,,,
1944,11,11,,,,,,,,,,0.0,,,,,0.0,0.0,,69.98,53.06,,,,,,,,,,,,,999.0,,999.0,,,,,,,,,,,,,,
1944,11,12,,,,,,,,,,0.0,,,,,0.0,0.0,,,,,,,,,,,,,,,,-999.0,,-999.0,,,,,,,,,,,,,,
1944,11,14,,,,,,,,,,0.0,,,,,0.0,0.0,,69.98,55.04,,,,,,,,,,,,,9999.0,,9999.0,,,,,,,,,,,,,,
1944,11,15,,,,,,,,,,0.0,,,,,0.0,0.0,,,,,,,,,,,,,,,,,,-99.0,,,,,,,,,,,,,,
1944,11,16,,,,,,,,,,,,,,,,,,,,,,,,,,,,,,,,,,99.0,,,,,,,,,,,,,,
1944,11,17,,,,,,,,,,498.0,,,,,0.0,0.0,,66.02,55.04,,,,,,,,,,,,,1.0,,-9999.0,,,,,,,,,,,,,,
1944,11,18,,,,,,,,,,0.0,,,,,0.0,0.0,,32.0,32.0,,,,,,,,,,,,,,,-9.0,,,,,,,,,,,,,,
1944,11,19,,,,,,,,,,155.0,,,,,0.0,0.0,,62.959999999999994,51.98,,,,,,,,,,,,,999.0,,999.0,,,,,,,,,,,,,,
1944,11,20,,,,,,,,,,,,,,,0.0,0.0,,,,,,,,,,,,,,,,-999.0,,-999.0,,,,,,,,,,,,,,
1944,11,21,,,,,,,,,,,,,,,,,,,,,,,,,,,,,,,,,,9.0,,,,,,,,,,,,,,
1944,11,22,,,,,,,,,,284.0,,,,,0.0,0.0,,62.059999999999995,51.08,,,,,,,,,,,,,9999.0,,1.0,,,,,,,,,,,,,,
1944,11,23,,,,,,,,,,0.0,,,,,0.0,0.0,,,,,,,,,,,,,,,,-99.0,,,,,,,,,,,,,,,,
1944,11,24,,,,,,,,,,,,,,,,,,,,,,,,,,,,,,,,99.0,,99.0,,,,,,,,,,,,,,
1944,11,25,,,,,,,,,,0.0,,,,,0.0,0.0,,68.0,50.0,,,,,,,,,,,,,-9999.0,,-9999.0,,,,,,,,,,,,,,
1944,11,26,,,,,,,,,,0.0,,,,,0.0,0.0,,32.0,32.0,,,,,,,,,,,,,-9.0,,-9.0,,,,,,,,,,,,,,
1944,11,27,,,,,,,,,,0.0,,,,,0.0,0.0,,69.08,48.92,,,,,,,,,,,,,999.0,,999.0,,,,,,,,,,,,,,
1944,11,28,,,,,,,,,,0.0,,,,,0.0,0.0,,,,,,,,,,,,,,,,-999.0,,-999.0,,,,,,,,,,,,,,
1944,11,30,,,,,,,,,,0.0,,,,,0.0,0.0,,66.92,50.0,,,,,,,,,,,,,9999.0,,9999.0,,,,,,,,,,,,,,
1944,11,31,,,,,,,,,,0.0,,,,,0.0,0.0,,,32.0,,,,,,,,,,,,,-99.0,,-99.0,,,,,,,,,,,,,,
1944,12,1,,,,,,,,,,0.0,,,,,0.0,0.0,,66.02,50.0,,,,,,,,,,,,,-9999.0,,-9999.0,,,,,,,,,,,,,,
1944,12,2,,,,,,,,,,0.0,,,,,0.0,0.0,,32.0,32.0,,,,,,,,,,,,,-9.0,,,,,,,,,,,,,,,,
1944,12,3,,,,,,,,,,61.0,,,,,0.0,0.0,,62.959999999999994,48.92,,,,,,,,,,,,,999.0,,1.0,,,,,,,,,,,,,,
1944,12,4,,,,,,,,,,0.0,,,,,0.0,0.0,,,,,,,,,,,,,,,,-999.0,,,,,,,,,,,,,,,,
1944,12,6,,,,,,,,,,0.0,,,,,0.0,0.0,,66.02,42.08,,,,,,,,,,,,,9999.0,,9999.0,,,,,,,,,,,,,,
1944,12,7,,,,,,,,,,0.0,,,,,0.0,0.0,,,32.0,,,,,,,,,,,,,-99.0,,-99.0,,,,,,,,,,,,,,
1944,12,8,,,,,,,,,,,,,,,,,,,,,,,,,,,,,,,,99.0,,99.0,,,,,,,,,,,,,,
1944,12,9,,,,,,,,,,0.0,,,,,0.0,0.0,,73.94,44.96,,,,,,,,,,,,,-9999.0,,-9999.0,,,,,,,,,,,,,,
1944,12,10,,,,,,,,,,0.0,,,,,0.0,0.0,,32.0,32.0,,,,,,,,,,,,,,,-9.0,,,,,,,,,,,,,,
1944,12,11,,,,,,,,,,0.0,,,,,0.0,0.0,,71.06,44.96,,,,,,,,,,,,,1.0,,999.0,,,,,,,,,,,,,,
1944,12,12,,,,,,,,,,0.0,,,,,0.0,0.0,,,,,,,,,,,,,,,,0.0,,-999.0,,,,,,,,,,,,,,
1944,12,14,,,,,,,,,,0.0,,,,,0.0,0.0,,73.94,48.92,,,,,,,,,,,,,1.0,,9999.0,,,,,,,,,,,,,,
1944,12,15,,,,,,,,,,0.0,,,,,0.0,0.0,,,32.0,,,,,,,,,,,,,,,-99.0,,,,,,,,,,,,,,
1944,12,16,,,,,,,,,,,,,,,,,,,,,,,,,,,,,,,,99.0,,99.0,,,,,,,,,,,,,,
1944,12,17,,,,,,,,,,0.0,,,,,0.0,0.0,,78.98,48.92,,,,,,,,,,,,,-9999.0,,-9999.0,,,,,,,,,,,,,,
1944,12,18,,,,,,,,,,0.0,,,,,0.0,0.0,,32.0,32.0,,,,,,,,,,,,,-9.0,,-9.0,,,,,,,,,,,,,,
1944,12,19,,,,,,,,,,0.0,,,,,0.0,0.0,,78.08,46.04,,,,,,,,,,,,,999.0,,999.0,,,,,,,,,,,,,,
1944,12,20,,,,,,,,,,0.0,,,,,0.0,0.0,,,,,,,,,,,,,,,,-999.0,,-999.0,,,,,,,,,,,,,,
1944,12,22,,,,,,,,,,0.0,,,,,0.0,0.0,,69.98,48.92,,,,,,,,,,,,,9999.0,,9999.0,,,,,,,,,,,,,,
1944,12,23,,,,,,,,,,0.0,,,,,0.0,0.0,,,,,,,,,,,,,,,,-99.0,,-99.0,,,,,,,,,,,,,,
1944,12,24,,,,,,,,,,,,,,,,,,,,,,,,,,,,,,,,99.0,,99.0,,,,,,,,,,,,,,
1944,12,25,,,,,,,,,,0.0,,,,,0.0,0.0,,68.0,46.94,,,,,,,,,,,,,1.0,,-9999.0,,,,,,,,,,,,,,
1944,12,26,,,,,,,,,,0.0,,,,,0.0,0.0,,32.0,32.0,,,,,,,,,,,,,0.0,,-9.0,,,,,,,,,,,,,,
1944,12,27,,,,,,,,,,0.0,,,,,0.0,0.0,,66.02,44.96,,,,,,,,,,,,,1.0,,999.0,,,,,,,,,,,,,,
1944,12,28,,,,,,,,,,0.0,,,,,0.0,0.0,,,,,,,,,,,,,,,,0.0,,-999.0,,,,,,,,,,,,,,
1944,12,30,,,,,,,,,,0.0,,,,,0.0,0.0,,73.94,46.94,,,,,,,,,,,,,9999.0,,9999.0,,,,,,,,,,,,,,
1944,12,31,,,,,,,,,,0.0,,,,,0.0,0.0,,,32.0,,,,,,,,,,,,,-99.0,,-99.0,,,,,,,,,,,,,,
1945,1,1,,,,,,,,,,0.0,,,,,0.0,0.0,,69.08,44.06,,,,,,,,,,,,,-9999.0,,,,,,,,,,,,,,,,
1945,1,2,,,,,,,,,,0.0,,,,,0.0,0.0,,32.0,32.0,,,,,,,,,,,,,-9.0,,,,,,,,,,,,,,,,
1945,1,3,,,,,,,,,,0.0,,,,,0.0,0.0,,71.96,42.980000000000004,,,,,,,,,,,,,999.0,,,,,,,,,,,,,,,,
1945,1,4,,,,,,,,,,0.0,,,,,0.0,0.0,,,,,,,,,,,,,,,,-999.0,,,,,,,,,,,,,,,,
1945,1,6,,,,,,,,,,0.0,,,,,0.0,0.0,,71.06,44.06,,,,,,,,,,,,,9999.0,,,,,,,,,,,,,,,,
1945,1,7,,,,,,,,,,0.0,,,,,0.0,0.0,,,32.0,,,,,,,,,,,,,,,,,,,,,,,,,,,,,
1945,1,9,,,,,,,,,,0.0,,,,,0.0,0.0,,66.02,48.92,,,,,,,,,,,,,1.0,,,,,,,,,,,,,,,,
1945,1,10,,,,,,,,,,0.0,,,,,0.0,0.0,,32.0,32.0,,,,,,,,,,,,,0.0,,,,,,,,,,,,,,,,
1945,1,11,,,,,,,,,,0.0,,,,,0.0,0.0,,71.06,46.94,,,,,,,,,,,,,1.0,,,,,,,,,,,,,,,,
1945,1,12,,,,,,,,,,0.0,,,,,0.0,0.0,,,,,,,,,,,,,,,,0.0,,,,,,,,,,,,,,,,
1945,1,14,,,,,,,,,,0.0,,,,,0.0,0.0,,59.0,50.0,,,,,,,,,,,,,1.0,,,,,,,,,,,,,,,,
1945,1,15,,,,,,,,,,0.0,,,,,0.0,0.0,,,,,,,,,,,,,,,,,,,,,,,,,,,,,,,,
1945,1,16,,,,,,,,,,,,,,,,,,,,,,,,,,,,,,,,99.0,,,,,,,,,,,,,,,,
1945,1,17,,,,,,,,,,0.0,,,,,0.0,0.0,,64.04,50.0,,,,,,,,,,,,,-9999.0,,,,,,,,,,,,,,,,
1945,1,18,,,,,,,,,,0.0,,,,,0.0,0.0,,32.0,32.0,,,,,,,,,,,,,-9.0,,,,,,,,,,,,,,,,
1945,1,19,,,,,,,,,,0.0,,,,,0.0,0.0,,66.02,46.04,,,,,,,,,,,,,999.0,,,,,,,,,,,,,,,,
1945,1,20,,,,,,,,,,0.0,,,,,0.0,0.0,,,,,,,,,,,,,,,,,,,,,,,,,,,,,,,,
1945,1,22,,,,,,,,,,0.0,,,,,0.0,0.0,,64.94,46.94,,,,,,,,,,,,,1.0,,,,,,,,,,,,,,,,
1945,1,23,,,,,,,,,,0.0,,,,,0.0,0.0,,,,,,,,,,,,,,,,0.0,,,,,,,,,,,,,,,,
1945,1,25,,,,,,,,,,0.0,,,,,0.0,0.0,,62.959999999999994,46.94,,,,,,,,,,,,,-9999.0,,,,,,,,,,,,,,,,
1945,1,26,,,,,,,,,,,,,,,0.0,0.0,,32.0,32.0,,,,,,,,,,,,,-9.0,,,,,,,,,,,,,,,,
1945,1,27,,,,,,,,,,0.0,,,,,0.0,0.0,,64.94,42.980000000000004,,,,,,,,,,,,,999.0,,,,,,,,,,,,,,,,
1945,1,28,,,,,,,,,,0.0,,,,,0.0,0.0,,,,,,,,,,,,,,,,-999.0,,,,,,,,,,,,,,,,
1945,1,30,,,,,,,,,,10.0,,,,,0.0,0.0,,60.980000000000004,46.04,,,,,,,,,,,,,9999.0,,,,,,,,,,,,,,,,
1945,1,31,,,,,,,,,,0.0,,,,,0.0,0.0,,,32.0,,,,,,,,,,,,,-99.0,,,,,,,,,,,,,,,,
1945,2,1,,,,,,,,,,30.0,,,,,0.0,0.0,,62.059999999999995,53.96,,,,,,,,,,,,,-9999.0,,-9999.0,,,,,,,,,,,,,,
1945,2,2,,,,,,,,,,0.0,,,,,0.0,0.0,,32.0,32.0,,,,,,,,,,,,,,,-9.0,,,,,,,,,,,,,,
1945,2,3,,,,,,,,,,127.0,,,,,0.0,0.0,,60.980000000000004,55.94,,,,,,,,,,,,,1.0,,999.0,,,,,,,,,,,,,,
1945,2,4,,,,,,,,,,,,,,,0.0,0.0,,,,,,,,,,,,,,,,0.0,,-999.0,,,,,,,,,,,,,,
1945,2,6,,,,,,,,,,0.0,,,,,0.0,0.0,,64.04,48.92,,,,,,,,,,,,,1.0,,9999.0,,,,,,,,,,,,,,
1945,2,7,,,,,,,,,,0.0,,,,,0.0,0.0,,,32.0,,,,,,,,,,,,,0.0,,-99.0,,,,,,,,,,,,,,
1945,2,8,,,,,,,,,,,,,,,,,,,,,,,,,,,,,,,,,,99.0,,,,,,,,,,,,,,
1945,2,9,,,,,,,,,,0.0,,,,,0.0,0.0,,64.94,51.08,,,,,,,,,,,,,-9999.0,,-9999.0,,,,,,,,,,,,,,
1945,2,10,,,,,,,,,,0.0,,,,,0.0,0.0,,32.0,32.0,,,,,,,,,,,,,-9.0,,-9.0,,,,,,,,,,,,,,
1945,2,11,,,,,,,,,,0.0,,,,,0.0,0.0,,77.0,48.92,,,,,,,,,,,,,999.0,,999.0,,,,,,,,,,,,,,
1945,2,12,,,,,,,,,,0.0,,,,,0.0,0.0,,,,,,,,,,,,,,,,,,-999.0,,,,,,,,,,,,,,
1945,2,14,,,,,,,,,,0.0,,,,,0.0,0.0,,75.92,48.92,,,,,,,,,,,,,1.0,,9999.0,,,,,,,,,,,,,,
1945,2,15,,,,,,,,,,0.0,,,,,0.0,0.0,,,,,,,,,,,,,,,,,,-99.0,,,,,,,,,,,,,,
1945,2,16,,,,,,,,,,,,,,,,,,,,,,,,,,,,,,,,99.0,,99.0,,,,,,,,,,,,,,
1945,2,17,,,,,,,,,,0.0,,,,,0.0,0.0,,69.08,48.92,,,,,,,,,,,,,1.0,,-9999.0,,,,,,,,,,,,,,
1945,2,18,,,,,,,,,,0.0,,,,,0.0,0.0,,32.0,32.0,,,,,,,,,,,,,0.0,,-9.0,,,,,,,,,,,,,,
1945,2,19,,,,,,,,,,0.0,,,,,0.0,0.0,,64.94,46.94,,,,,,,,,,,,,1.0,,999.0,,,,,,,,,,,,,,
1945,2,20,,,,,,,,,,0.0,,,,,0.0,0.0,,,,,,,,,,,,,,,,,,-999.0,,,,,,,,,,,,,,
1945,2,22,,,,,,,,,,0.0,,,,,0.0,0.0,,62.059999999999995,53.96,,,,,,,,,,,,,9999.0,,9999.0,,,,,,,,,,,,,,
1945,2,23,,,,,,,,,,0.0,,,,,0.0,0.0,,,,,,,,,,,,,,,,-99.0,,-99.0,,,,,,,,,,,,,,
1945,2,24,,,,,,,,,,,,,,,,,,,,,,,,,,,,,,,,99.0,,99.0,,,,,,,,,,,,,,
1945,2,25,,,,,,,,,,0.0,,,,,0.0,0.0,,64.94,44.96,,,,,,,,,,,,,-9999.0,,-9999.0,,,,,,,,,,,,,,
1945,2,26,,,,,,,,,,0.0,,,,,0.0,0.0,,32.0,32.0,,,,,,,,,,,,,-9.0,,-9.0,,,,,,,,,,,,,,
1945,2,27,,,,,,,,,,0.0,,,,,0.0,0.0,,66.02,51.98,,,,,,,,,,,,,999.0,,999.0,,,,,,,,,,,,,,
1945,2,28,,,,,,,,,,0.0,,,,,0.0,0.0,,,,,,,,,,,,,,,,-999.0,,-999.0,,,,,,,,,,,,,,
1945,2,30,,,,,,,,,,28.0,,,,,0.0,0.0,,60.980000000000004,44.06,,,,,,,,,,,,,9999.0,,9999.0,,,,,,,,,,,,,,
1945,2,31,,,,,,,,,,0.0,,,,,0.0,0.0,,,32.0,,,,,,,,,,,,,-99.0,,-99.0,,,,,,,,,,,,,,
1945,3,1,,,,,,,,,,10.0,,,,,0.0,0.0,,57.92,42.980000000000004,,,,,,,,,,,,,-9999.0,,,,-9999.0,,,,,,,,,,,,
1945,3,2,,,,,,,,,,0.0,,,,,0.0,0.0,,32.0,32.0,,,,,,,,,,,,,-9.0,,,,-9.0,,,,,,,,,,,,
1945,3,3,,,,,,,,,,86.0,,,,,0.0,0.0,,57.02,46.04,,,,,,,,,,,,,999.0,,,,999.0,,,,,,,,,,,,
1945,3,4,,,,,,,,,,,,,,,0.0,0.0,,,,,,,,,,,,,,,,-999.0,,,,-999.0,,,,,,,,,,,,
1945,3,5,,,,,,,,,,,,,,,,,,,,,,,,,,,,,,,,,,,,9.0,,,,,,,,,,,,
1945,3,6,,,,,,,,,,61.0,,,,,0.0,0.0,,57.92,46.94,,,,,,,,,,,,,9999.0,,,,1.0,,,,,,,,,,,,
1945,3,7,,,,,,,,,,0.0,,,,,0.0,0.0,,,32.0,,,,,,,,,,,,,-99.0,,,,0.0,,,,,,,,,,,,
1945,3,8,,,,,,,,,,,,,,,,,,,,,,,,,,,,,,,,99.0,,,,,,,,,,,,,,,,
1945,3,9,,,,,,,,,,0.0,,,,,0.0,0.0,,62.059999999999995,46.04,,,,,,,,,,,,,-9999.0,,,,-9999.0,,,,,,,,,,,,
1945,3,10,,,,,,,,,,0.0,,,,,0.0,0.0,,32.0,32.0,,,,,,,,,,,,,-9.0,,,,-9.0,,,,,,,,,,,,
1945,3,11,,,,,,,,,,0.0,,,,,0.0,0.0,,64.94,42.08,,,,,,,,,,,,,999.0,,,,999.0,,,,,,,,,,,,
1945,3,12,,,,,,,,,,0.0,,,,,0.0,0.0,,,,,,,,,,,,,,,,-999.0,,,,-999.0,,,,,,,,,,,,
1945,3,14,,,,,,,,,,0.0,,,,,0.0,0.0,,69.08,44.96,,,,,,,,,,,,,9999.0,,,,9999.0,,,,,,,,,,,,
1945,3,15,,,,,,,,,,0.0,,,,,0.0,0.0,,,32.0,,,,,,,,,,,,,,,,,-99.0,,,,,,,,,,,,
1945,3,16,,,,,,,,,,,,,,,,,,,,,,,,,,,,,,,,,,,,99.0,,,,,,,,,,,,
1945,3,17,,,,,,,,,,0.0,,,,,0.0,0.0,,64.94,48.92,,,,,,,,,,,,,1.0,,,,-9999.0,,,,,,,,,,,,
1945,3,18,,,,,,,,,,0.0,,,,,0.0,0.0,,32.0,32.0,,,,,,,,,,,,,0.0,,,,-9.0,,,,,,,,,,,,
1945,3,19,,,,,,,,,,0.0,,,,,0.0,0.0,,64.04,51.08,,,,,,,,,,,,,1.0,,,,999.0,,,,,,,,,,,,
1945,3,20,,,,,,,,,,0.0,,,,,0.0,0.0,,,,,,,,,,,,,,,,,,,,-999.0,,,,,,,,,,,,
1945,3,22,,,,,,,,,,,,,,,0.0,0.0,,59.0,53.96,,,,,,,,,,,,,9999.0,,,,9999.0,,,,,,,,,,,,
1945,3,23,,,,,,,,,,,,,,,0.0,0.0,,,,,,,,,,,,,,,,-99.0,,,,-99.0,,,,,,,,,,,,
1945,3,24,,,,,,,,,,,,,,,,,,,,,,,,,,,,,,,,99.0,,,,99.0,,,,,,,,,,,,
1945,3,25,,,,,,,,,,0.0,,,,,0.0,0.0,,60.980000000000004,50.0,,,,,,,,,,,,,-9999.0,,,,-9999.0,,,,,,,,,,,,
1945,3,26,,,,,,,,,,0.0,,,,,0.0,0.0,,32.0,32.0,,,,,,,,,,,,,-9.0,,,,-9.0,,,,,,,,,,,,
1945,3,27,,,,,,,,,,8.0,,,,,0.0,0.0,,60.08,50.0,,,,,,,,,,,,,999.0,,,,999.0,,,,,,,,,,,,
1945,3,28,,,,,,,,,,0.0,,,,,0.0,0.0,,,,,,,,,,,,,,,,-999.0,,,,-999.0,,,,,,,,,,,,
1945,3,30,,,,,,,,,,0.0,,,,,0.0,0.0,,73.94,46.04,,,,,,,,,,,,,9999.0,,,,9999.0,,,,,,,,,,,,
1945,3,31,,,,,,,,,,0.0,,,,,0.0,0.0,,,32.0,,,,,,,,,,,,,-99.0,,,,-99.0,,,,,,,,,,,,
1945,4,1,,,,,,,,,,0.0,,,,,0.0,0.0,,59.0,53.06,,,,,,,,,,,,,1.0,,,,,,,,,,,,,,,,
1945,4,2,,,,,,,,,,,,,,,0.0,0.0,,32.0,32.0,,,,,,,,,,,,,,,,,,,,,,,,,,,,,
1945,4,3,,,,,,,,,,0.0,,,,,0.0,0.0,,64.04,48.02,,,,,,,,,,,,,999.0,,,,,,,,,,,,,,,,
1945,4,4,,,,,,,,,,0.0,,,,,0.0,0.0,,,,,,,,,,,,,,,,-999.0,,,,,,,,,,,,,,,,
1945,4,6,,,,,,,,,,0.0,,,,,0.0,0.0,,71.96,42.980000000000004,,,,,,,,,,,,,9999.0,,,,,,,,,,,,,,,,
1945,4,7,,,,,,,,,,0.0,,,,,0.0,0.0,,,32.0,,,,,,,,,,,,,-99.0,,,,,,,,,,,,,,,,
1945,4,8,,,,,,,,,,,,,,,,,,,,,,,,,,,,,,,,99.0,,,,,,,,,,,,,,,,
1945,4,9,,,,,,,,,,0.0,,,,,0.0,0.0,,78.08,48.92,,,,,,,,,,,,,-9999.0,,,,,,,,,,,,,,,,
1945,4,10,,,,,,,,,,0.0,,,,,0.0,0.0,,32.0,32.0,,,,,,,,,,,,,,,,,,,,,,,,,,,,,
1945,4,11,,,,,,,,,,0.0,,,,,0.0,0.0,,78.08,51.08,,,,,,,,,,,,,1.0,,,,,,,,,,,,,,,,
1945,4,12,,,,,,,,,,0.0,,,,,0.0,0.0,,,,,,,,,,,,,,,,0.0,,,,,,,,,,,,,,,,
1945,4,14,,,,,,,,,,,,,,,0.0,0.0,,59.0,51.08,,,,,,,,,,,,,9999.0,,,,,,,,,,,,,,,,
1945,4,15,,,,,,,,,,0.0,,,,,0.0,0.0,,,32.0,,,,,,,,,,,,,-99.0,,,,,,,,,,,,,,,,
1945,4,16,,,,,,,,,,,,,,,,,,,,,,,,,,,,,,,,99.0,,,,,,,,,,,,,,,,
1945,4,17,,,,,,,,,,0.0,,,,,0.0,0.0,,62.059999999999995,44.06,,,,,,,,,,,,,-9999.0,,,,,,,,,,,,,,,,
1945,4,18,,,,,,,,,,0.0,,,,,0.0,0.0,,32.0,32.0,,,,,,,,,,,,,-9.0,,,,,,,,,,,,,,,,
1945,4,19,,,,,,,,,,,,,,,0.0,0.0,,64.94,51.98,,,,,,,,,,,,,999.0,,,,,,,,,,,,,,,,
1945,4,20,,,,,,,,,,0.0,,,,,0.0,0.0,,,,,,,,,,,,,,,,-999.0,,,,,,,,,,,,,,,,
1945,4,22,,,,,,,,,,0.0,,,,,0.0,0.0,,71.96,44.06,,,,,,,,,,,,,9999.0,,,,,,,,,,,,,,,,
1945,4,23,,,,,,,,,,0.0,,,,,0.0,0.0,,,32.0,,,,,,,,,,,,,,,,,,,,,,,,,,,,,
1945,4,25,,,,,,,,,,0.0,,,,,0.0,0.0,,64.04,51.08,,,,,,,,,,,,,1.0,,,,,,,,,,,,,,,,
1945,4,26,,,,,,,,,,0.0,,,,,0.0,0.0,,32.0,32.0,,,,,,,,,,,,,,,,,,,,,,,,,,,,,
1945,4,27,,,,,,,,,,0.0,,,,,0.0,0.0,,66.02,53.96,,,,,,,,,,,,,999.0,,,,,,,,,,,,,,,,
1945,4,28,,,,,,,,,,0.0,,,,,0.0,0.0,,,,,,,,,,,,,,,,,,,,,,,,,,,,,,,,
1945,4,30,,,,,,,,,,0.0,,,,,0.0,0.0,,62.959999999999994,53.06,,,,,,,,,,,,,1.0,,,,,,,,,,,,,,,,
1945,4,31,,,,,,,,,,0.0,,,,,0.0,0.0,,,,,,,,,,,,,,,,0.0,,,,,,,,,,,,,,,,
1945,5,1,,,,,,,,,,0.0,,,,,0.0,0.0,,68.0,55.04,,,,,,,,,,,,,-9999.0,,,,,,,,,,,,,,,,
1945,5,2,,,,,,,,,,0.0,,,,,0.0,0.0,,32.0,32.0,,,,,,,,,,,,,,,,,,,,,,,,,,,,,
1945,5,3,,,,,,,,,,0.0,,,,,0.0,0.0,,71.96,53.96,,,,,,,,,,,,,1.0,,,,,,,,,,,,,,,,
1945,5,4,,,,,,,,,,0.0,,,,,0.0,0.0,,,,,,,,,,,,,,,,,,,,,,,,,,,,,,,,
1945,5,5,,,,,,,,,,,,,,,,,,,,,,,,,,,,,,,,9.0,,,,,,,,,,,,,,,,
1945,5,6,,,,,,,,,,0.0,,,,,0.0,0.0,,69.98,55.94,,,,,,,,,,,,,1.0,,,,,,,,,,,,,,,,
1945,5,7,,,,,,,,,,0.0,,,,,0.0,0.0,,,,,,,,,,,,,,,,,,,,,,,,,,,,,,,,
1945,5,8,,,,,,,,,,,,,,,,,,,,,,,,,,,,,,,,99.0,,,,,,,,,,,,,,,,
1945,5,9,,,,,,,,,,0.0,,,,,0.0,0.0,,68.0,53.06,,,,,,,,,,,,,-9999.0,,,,,,,,,,,,,,,,
1945,5,10,,,,,,,,,,0.0,,,,,0.0,0.0,,32.0,32.0,,,,,,,,,,,,,-9.0,,,,,,,,,,,,,,,,
1945,5,11,,,,,,,,,,0.0,,,,,0.0,0.0,,68.0,57.92,,,,,,,,,,,,,999.0,,,,,,,,,,,,,,,,
1945,5,12,,,,,,,,,,0.0,,,,,0.0,0.0,,,,,,,,,,,,,,,,-999.0,,,,,,,,,,,,,,,,
1945,5,14,,,,,,,,,,0.0,,,,,0.0,0.0,,68.0,57.02,,,,,,,,,,,,,9999.0,,,,,,,,,,,,,,,,
1945,5,15,,,,,,,,,,0.0,,,,,0.0,0.0,,,,,,,,,,,,,,,,-99.0,,,,,,,,,,,,,,,,
1945,5,16,,,,,,,,,,,,,,,,,,,,,,,,,,,,,,,,99.0,,,,,,,,,,,,,,,,
1945,5,17,,,,,,,,,,0.0,,,,,0.0,0.0,,64.94,57.02,,,,,,,,,,,,,1.0,,,,,,,,,,,,,,,,
1945,5,18,,,,,,,,,,,,,,,0.0,0.0,,32.0,32.0,,,,,,,,,,,,,0.0,,,,,,,,,,,,,,,,
1945,5,19,,,,,,,,,,3.0,,,,,0.0,0.0,,66.92,57.02,,,,,,,,,,,,,1.0,,,,,,,,,,,,,,,,
1945,5,20,,,,,,,,,,0.0,,,,,0.0,0.0,,,,,,,,,,,,,,,,,,,,,,,,,,,,,,,,
1945,5,22,,,,,,,,,,,,,,,0.0,0.0,,71.06,57.92,,,,,,,,,,,,,9999.0,,,,,,,,,,,,,,,,
1945,5,23,,,,,,,,,,0.0,,,,,0.0,0.0,,,,,,,,,,,,,,,,-99.0,,,,,,,,,,,,,,,,
1945,5,24,,,,,,,,,,,,,,,,,,,,,,,,,,,,,,,,99.0,,,,,,,,,,,,,,,,
1945,5,25,,,,,,,,,,0.0,,,,,0.0,0.0,,80.06,55.94,,,,,,,,,,,,,-9999.0,,,,,,,,,,,,,,,,
1945,5,26,,,,,,,,,,0.0,,,,,0.0,0.0,,32.0,32.0,,,,,,,,,,,,,-9.0,,,,,,,,,,,,,,,,
1945,5,27,,,,,,,,,,0.0,,,,,0.0,0.0,,69.98,59.0,,,,,,,,,,,,,999.0,,,,,,,,,,,,,,,,
1945,5,28,,,,,,,,,,0.0,,,,,0.0,0.0,,,,,,,,,,,,,,,,-999.0,,,,,,,,,,,,,,,,
1945,5,30,,,,,,,,,,0.0,,,,,0.0,0.0,,69.08,55.94,,,,,,,,,,,,,9999.0,,,,,,,,,,,,,,,,
1945,5,31,,,,,,,,,,0.0,,,,,0.0,0.0,,,,,,,,,,,,,,,,-99.0,,,,,,,,,,,,,,,,
1945,6,1,,,,,,,,,,0.0,,,,,0.0,0.0,,69.98,57.02,,,,,,,,,,,,,-9999.0,,,,,,,,,,,,,,,,
1945,6,2,,,,,,,,,,0.0,,,,,0.0,0.0,,32.0,32.0,,,,,,,,,,,,,-9.0,,,,,,,,,,,,,,,,
1945,6,3,,,,,,,,,,0.0,,,,,0.0,0.0,,64.94,57.92,,,,,,,,,,,,,999.0,,,,,,,,,,,,,,,,
1945,6,4,,,,,,,,,,0.0,,,,,0.0,0.0,,,,,,,,,,,,,,,,-999.0,,,,,,,,,,,,,,,,
1945,6,5,,,,,,,,,,,,,,,,,,,,,,,,,,,,,,,,9.0,,,,,,,,,,,,,,,,
1945,6,6,,,,,,,,,,30.0,,,,,0.0,0.0,,71.96,57.92,,,,,,,,,,,,,1.0,,,,,,,,,,,,,,,,
1945,6,7,,,,,,,,,,0.0,,,,,0.0,0.0,,,,,,,,,,,,,,,,,,,,,,,,,,,,,,,,
1945,6,8,,,,,,,,,,,,,,,,,,,,,,,,,,,,,,,,99.0,,,,,,,,,,,,,,,,
1945,6,9,,,,,,,,,,0.0,,,,,0.0,0.0,,69.08,57.02,,,,,,,,,,,,,-9999.0,,,,,,,,,,,,,,,,
1945,6,10,,,,,,,,,,0.0,,,,,0.0,0.0,,32.0,32.0,,,,,,,,,,,,,-9.0,,,,,,,,,,,,,,,,
1945,6,11,,,,,,,,,,0.0,,,,,0.0,0.0,,69.98,60.08,,,,,,,,,,,,,999.0,,,,,,,,,,,,,,,,
1945,6,12,,,,,,,,,,0.0,,,,,0.0,0.0,,,,,,,,,,,,,,,,-999.0,,,,,,,,,,,,,,,,
1945,6,14,,,,,,,,,,0.0,,,,,0.0,0.0,,69.98,57.92,,,,,,,,,,,,,9999.0,,,,,,,,,,,,,,,,
1945,6,15,,,,,,,,,,0.0,,,,,0.0,0.0,,,,,,,,,,,,,,,,-99.0,,,,,,,,,,,,,,,,
1945,6,16,,,,,,,,,,,,,,,,,,,,,,,,,,,,,,,,99.0,,,,,,,,,,,,,,,,
1945,6,17,,,,,,,,,,0.0,,,,,0.0,0.0,,71.06,60.08,,,,,,,,,,,,,-9999.0,,,,,,,,,,,,,,,,
1945,6,18,,,,,,,,,,0.0,,,,,0.0,0.0,,32.0,32.0,,,,,,,,,,,,,-9.0,,,,,,,,,,,,,,,,
1945,6,19,,,,,,,,,,0.0,,,,,0.0,0.0,,71.06,60.08,,,,,,,,,,,,,999.0,,,,,,,,,,,,,,,,
1945,6,20,,,,,,,,,,0.0,,,,,0.0,0.0,,,,,,,,,,,,,,,,,,,,,,,,,,,,,,,,
1945,6,22,,,,,,,,,,0.0,,,,,0.0,0.0,,68.0,60.08,,,,,,,,,,,,,9999.0,,,,,,,,,,,,,,,,
1945,6,23,,,,,,,,,,0.0,,,,,0.0,0.0,,,,,,,,,,,,,,,,-99.0,,,,,,,,,,,,,,,,
1945,6,24,,,,,,,,,,,,,,,,,,,,,,,,,,,,,,,,99.0,,,,,,,,,,,,,,,,
1945,6,25,,,,,,,,,,0.0,,,,,0.0,0.0,,71.96,60.08,,,,,,,,,,,,,-9999.0,,,,,,,,,,,,,,,,
1945,6,26,,,,,,,,,,0.0,,,,,0.0,0.0,,32.0,32.0,,,,,,,,,,,,,,,,,,,,,,,,,,,,,
1945,6,27,,,,,,,,,,,,,,,0.0,0.0,,73.04,60.980000000000004,,,,,,,,,,,,,1.0,,,,,,,,,,,,,,,,
1945,6,28,,,,,,,,,,0.0,,,,,0.0,0.0,,,,,,,,,,,,,,,,0.0,,,,,,,,,,,,,,,,
1945,6,30,,,,,,,,,,0.0,,,,,0.0,0.0,,69.98,60.08,,,,,,,,,,,,,1.0,,,,,,,,,,,,,,,,
1945,6,31,,,,,,,,,,0.0,,,,,0.0,0.0,,,,,,,,,,,,,,,,0.0,,,,,,,,,,,,,,,,
1945,7,1,,,,,,,,,,0.0,,,,,0.0,0.0,,68.0,62.059999999999995,,,,,,,,,,,,,-9999.0,,,,,,,,,,,,,,,,
1945,7,2,,,,,,,,,,,,,,,0.0,0.0,,32.0,32.0,,,,,,,,,,,,,-9.0,,,,,,,,,,,,,,,,
1945,7,3,,,,,,,,,,,,,,,0.0,0.0,,69.98,60.980000000000004,,,,,,,,,,,,,999.0,,,,,,,,,,,,,,,,
1945,7,4,,,,,,,,,,0.0,,,,,0.0,0.0,,,,,,,,,,,,,,,,,,,,,,,,,,,,,,,,
1945,7,6,,,,,,,,,,,,,,,0.0,0.0,,73.04,60.980000000000004,,,,,,,,,,,,,1.0,,,,,,,,,,,,,,,,
1945,7,7,,,,,,,,,,0.0,,,,,0.0,0.0,,,,,,,,,,,,,,,,,,,,,,,,,,,,,,,,
1945,7,8,,,,,,,,,,,,,,,,,,,,,,,,,,,,,,,,99.0,,,,,,,,,,,,,,,,
1945,7,9,,,,,,,,,,0.0,,,,,0.0,0.0,,73.04,62.059999999999995,,,,,,,,,,,,,-9999.0,,,,,,,,,,,,,,,,
1945,7,10,,,,,,,,,,0.0,,,,,0.0,0.0,,32.0,32.0,,,,,,,,,,,,,,,,,,,,,,,,,,,,,
1945,7,11,,,,,,,,,,0.0,,,,,0.0,0.0,,69.98,60.980000000000004,,,,,,,,,,,,,1.0,,,,,,,,,,,,,,,,
1945,7,12,,,,,,,,,,0.0,,,,,0.0,0.0,,,,,,,,,,,,,,,,0.0,,,,,,,,,,,,,,,,
1945,7,14,,,,,,,,,,0.0,,,,,0.0,0.0,,77.0,60.08,,,,,,,,,,,,,9999.0,,,,,,,,,,,,,,,,
1945,7,15,,,,,,,,,,0.0,,,,,0.0,0.0,,,,,,,,,,,,,,,,-99.0,,,,,,,,,,,,,,,,
1945,7,16,,,,,,,,,,,,,,,,,,,,,,,,,,,,,,,,99.0,,,,,,,,,,,,,,,,
1945,7,17,,,,,,,,,,0.0,,,,,0.0,0.0,,75.02,64.04,,,,,,,,,,,,,-9999.0,,,,,,,,,,,,,,,,
1945,7,18,,,,,,,,,,0.0,,,,,0.0,0.0,,32.0,32.0,,,,,,,,,,,,,,,,,,,,,,,,,,,,,
1945,7,19,,,,,,,,,,0.0,,,,,0.0,0.0,,73.94,64.04,,,,,,,,,,,,,1.0,,,,,,,,,,,,,,,,
1945,7,20,,,,,,,,,,0.0,,,,,0.0,0.0,,,,,,,,,,,,,,,,0.0,,,,,,,,,,,,,,,,
1945,7,22,,,,,,,,,,,,,,,0.0,0.0,,73.94,62.059999999999995,,,,,,,,,,,,,1.0,,,,,,,,,,,,,,,,
1945,7,23,,,,,,,,,,0.0,,,,,0.0,0.0,,,,,,,,,,,,,,,,,,,,,,,,,,,,,,,,
1945,7,24,,,,,,,,,,,,,,,,,,,,,,,,,,,,,,,,99.0,,,,,,,,,,,,,,,,
1945,7,25,,,,,,,,,,0.0,,,,,0.0,0.0,,73.04,62.059999999999995,,,,,,,,,,,,,-9999.0,,,,,,,,,,,,,,,,
1945,7,26,,,,,,,,,,0.0,,,,,0.0,0.0,,32.0,32.0,,,,,,,,,,,,,-9.0,,,,,,,,,,,,,,,,
1945,7,27,,,,,,,,,,0.0,,,,,0.0,0.0,,73.94,62.959999999999994,,,,,,,,,,,,,999.0,,,,,,,,,,,,,,,,
1945,7,28,,,,,,,,,,0.0,,,,,0.0,0.0,,,,,,,,,,,,,,,,-999.0,,,,,,,,,,,,,,,,
1945,7,30,,,,,,,,,,,,,,,0.0,0.0,,75.02,60.980000000000004,,,,,,,,,,,,,9999.0,,,,,,,,,,,,,,,,
1945,7,31,,,,,,,,,,0.0,,,,,0.0,0.0,,,,,,,,,,,,,,,,-99.0,,,,,,,,,,,,,,,,
1945,8,1,,,,,,,,,,0.0,,,,,0.0,0.0,,78.08,68.0,,,,,,,,,,,,,-9999.0,,,,,,,,,,,,,,,,
1945,8,2,,,,,,,,,,,,,,,,,,,,,,,,,,,,,,,,-9.0,,,,,,,,,,,,,,,,
1945,8,3,,,,,,,,,,,,,,,0.0,0.0,,82.04,69.08,,,,,,,,,,,,,999.0,,,,,,,,,,,,,,,,
1945,8,4,,,,,,,,,,,,,,,,,,,,,,,,,,,,,,,,-999.0,,,,,,,,,,,,,,,,
1945,8,6,,,,,,,,,,0.0,,,,,0.0,0.0,,82.04,68.0,,,,,,,,,,,,,9999.0,,,,,,,,,,,,,,,,
1945,8,7,,,,,,,,,,,,,,,,,,,,,,,,,,,,,,,,-99.0,,,,,,,,,,,,,,,,
1945,8,8,,,,,,,,,,,,,,,,,,,,,,,,,,,,,,,,99.0,,,,,,,,,,,,,,,,
1945,8,9,,,,,,,,,,0.0,,,,,0.0,0.0,,78.08,66.92,,,,,,,,,,,,,-9999.0,,,,,,,,,,,,,,,,
1945,8,10,,,,,,,,,,,,,,,,,,,,,,,,,,,,,,,,-9.0,,,,,,,,,,,,,,,,
1945,8,11,,,,,,,,,,0.0,,,,,0.0,0.0,,77.0,66.02,,,,,,,,,,,,,999.0,,,,,,,,,,,,,,,,
1945,8,12,,,,,,,,,,0.0,,,,,0.0,0.0,,,,,,,,,,,,,,,,-999.0,,,,,,,,,,,,,,,,
1945,8,13,,,,,,,,,,,,,,,,,,,,,,,,,,,,,,,,9.0,,,,,,,,,,,,,,,,
1945,8,14,,,,,,,,,,0.0,,,,,0.0,0.0,,75.92,66.02,,,,,,,,,,,,,1.0,,,,,,,,,,,,,,,,
1945,8,15,,,,,,,,,,0.0,,,,,0.0,0.0,,,,,,,,,,,,,,,,,,,,,,,,,,,,,,,,
1945,8,16,,,,,,,,,,,,,,,,,,,,,,,,,,,,,,,,99.0,,,,,,,,,,,,,,,,
1945,8,17,,,,,,,,,,3.0,,,,,0.0,0.0,,75.92,66.92,,,,,,,,,,,,,-9999.0,,,,,,,,,,,,,,,,
1945,8,18,,,,,,,,,,0.0,,,,,0.0,0.0,,32.0,32.0,,,,,,,,,,,,,-9.0,,,,,,,,,,,,,,,,
1945,8,19,,,,,,,,,,0.0,,,,,0.0,0.0,,77.0,66.02,,,,,,,,,,,,,999.0,,,,,,,,,,,,,,,,
1945,8,20,,,,,,,,,,0.0,,,,,0.0,0.0,,,,,,,,,,,,,,,,-999.0,,,,,,,,,,,,,,,,
1945,8,22,,,,,,,,,,0.0,,,,,0.0,0.0,,77.0,64.94,,,,,,,,,,,,,9999.0,,,,,,,,,,,,,,,,
1945,8,23,,,,,,,,,,0.0,,,,,0.0,0.0,,,,,,,,,,,,,,,,-99.0,,,,,,,,,,,,,,,,
1945,8,24,,,,,,,,,,,,,,,,,,,,,,,,,,,,,,,,99.0,,,,,,,,,,,,,,,,
1945,8,25,,,,,,,,,,0.0,,,,,0.0,0.0,,78.98,62.959999999999994,,,,,,,,,,,,,-9999.0,,,,,,,,,,,,,,,,
1945,8,26,,,,,,,,,,0.0,,,,,0.0,0.0,,32.0,32.0,,,,,,,,,,,,,-9.0,,,,,,,,,,,,,,,,
1945,8,27,,,,,,,,,,,,,,,0.0,0.0,,86.0,68.0,,,,,,,,,,,,,999.0,,,,,,,,,,,,,,,,
1945,8,28,,,,,,,,,,,,,,,0.0,0.0,,,,,,,,,,,,,,,,-999.0,,,,,,,,,,,,,,,,
1945,8,29,,,,,,,,,,,,,,,,,,,,,,,,,,,,,,,,9.0,,,,,,,,,,,,,,,,
1945,8,30,,,,,,,,,,,,,,,0.0,0.0,,80.06,66.92,,,,,,,,,,,,,1.0,,,,,,,,,,,,,,,,
1945,8,31,,,,,,,,,,0.0,,,,,0.0,0.0,,,,,,,,,,,,,,,,0.0,,,,,,,,,,,,,,,,
1945,9,1,,,,,,,,,,0.0,,,,,0.0,0.0,,80.06,66.02,,,,,,,,,,,,,-9999.0,,-9999.0,,,,,,,,,,,,,,
1945,9,2,,,,,,,,,,0.0,,,,,0.0,0.0,,32.0,32.0,,,,,,,,,,,,,-9.0,,,,,,,,,,,,,,,,
1945,9,3,,,,,,,,,,,,,,,0.0,0.0,,84.02,68.0,,,,,,,,,,,,,999.0,,1.0,,,,,,,,,,,,,,
1945,9,4,,,,,,,,,,0.0,,,,,0.0,0.0,,,,,,,,,,,,,,,,-999.0,,,,,,,,,,,,,,,,
1945,9,6,,,,,,,,,,0.0,,,,,0.0,0.0,,89.96000000000001,66.92,,,,,,,,,,,,,9999.0,,9999.0,,,,,,,,,,,,,,
1945,9,7,,,,,,,,,,0.0,,,,,0.0,0.0,,,,,,,,,,,,,,,,,,-99.0,,,,,,,,,,,,,,
1945,9,8,,,,,,,,,,,,,,,,,,,,,,,,,,,,,,,,,,99.0,,,,,,,,,,,,,,
1945,9,9,,,,,,,,,,0.0,,,,,0.0,0.0,,73.94,62.959999999999994,,,,,,,,,,,,,1.0,,-9999.0,,,,,,,,,,,,,,
1945,9,10,,,,,,,,,,,,,,,0.0,0.0,,32.0,32.0,,,,,,,,,,,,,,,-9.0,,,,,,,,,,,,,,
1945,9,11,,,,,,,,,,0.0,,,,,0.0,0.0,,77.0,64.04,,,,,,,,,,,,,999.0,,999.0,,,,,,,,,,,,,,
1945,9,12,,,,,,,,,,0.0,,,,,0.0,0.0,,,,,,,,,,,,,,,,-999.0,,-999.0,,,,,,,,,,,,,,
1945,9,13,,,,,,,,,,,,,,,,,,,,,,,,,,,,,,,,9.0,,,,,,,,,,,,,,,,
1945,9,14,,,,,,,,,,0.0,,,,,0.0,0.0,,80.96,68.0,,,,,,,,,,,,,1.0,,9999.0,,,,,,,,,,,,,,
1945,9,15,,,,,,,,,,0.0,,,,,0.0,0.0,,,,,,,,,,,,,,,,,,-99.0,,,,,,,,,,,,,,
1945,9,16,,,,,,,,,,,,,,,,,,,,,,,,,,,,,,,,99.0,,99.0,,,,,,,,,,,,,,
1945,9,17,,,,,,,,,,0.0,,,,,0.0,0.0,,84.91999999999999,66.92,,,,,,,,,,,,,1.0,,-9999.0,,,,,,,,,,,,,,
1945,9,18,,,,,,,,,,0.0,,,,,0.0,0.0,,32.0,32.0,,,,,,,,,,,,,0.0,,-9.0,,,,,,,,,,,,,,
1945,9,19,,,,,,,,,,0.0,,,,,0.0,0.0,,80.06,66.02,,,,,,,,,,,,,1.0,,999.0,,,,,,,,,,,,,,
1945,9,20,,,,,,,,,,0.0,,,,,0.0,0.0,,,,,,,,,,,,,,,,0.0,,-999.0,,,,,,,,,,,,,,
1945,9,22,,,,,,,,,,0.0,,,,,0.0,0.0,,80.06,64.94,,,,,,,,,,,,,9999.0,,9999.0,,,,,,,,,,,,,,
1945,9,23,,,,,,,,,,0.0,,,,,0.0,0.0,,,,,,,,,,,,,,,,-99.0,,-99.0,,,,,,,,,,,,,,
1945,9,24,,,,,,,,,,,,,,,,,,,,,,,,,,,,,,,,99.0,,99.0,,,,,,,,,,,,,,
1945,9,25,,,,,,,,,,0.0,,,,,0.0,0.0,,75.92,66.92,,,,,,,,,,,,,-9999.0,,-9999.0,,,,,,,,,,,,,,
1945,9,26,,,,,,,,,,0.0,,,,,0.0,0.0,,32.0,32.0,,,,,,,,,,,,,-9.0,,-9.0,,,,,,,,,,,,,,
1945,9,27,,,,,,,,,,0.0,,,,,0.0,0.0,,75.92,66.02,,,,,,,,,,,,,999.0,,999.0,,,,,,,,,,,,,,
1945,9,28,,,,,,,,,,0.0,,,,,0.0,0.0,,,,,,,,,,,,,,,,-999.0,,-999.0,,,,,,,,,,,,,,
1945,9,30,,,,,,,,,,0.0,,,,,0.0,0.0,,73.94,66.02,,,,,,,,,,,,,9999.0,,9999.0,,,,,,,,,,,,,,
1945,9,31,,,,,,,,,,0.0,,,,,0.0,0.0,,,,,,,,,,,,,,,,-99.0,,-99.0,,,,,,,,,,,,,,
1945,10,1,,,,,,,,,,0.0,,,,,0.0,0.0,,87.98,60.08,,,,,,,,,,,,,-9999.0,,,,,,,,,,,,,,,,
1945,10,2,,,,,,,,,,0.0,,,,,0.0,0.0,,32.0,32.0,,,,,,,,,,,,,-9.0,,,,,,,,,,,,,,,,
1945,10,3,,,,,,,,,,0.0,,,,,0.0,0.0,,93.91999999999999,62.059999999999995,,,,,,,,,,,,,999.0,,,,,,,,,,,,,,,,
1945,10,4,,,,,,,,,,0.0,,,,,0.0,0.0,,,,,,,,,,,,,,,,,,,,,,,,,,,,,,,,
1945,10,6,,,,,,,,,,0.0,,,,,0.0,0.0,,71.96,64.04,,,,,,,,,,,,,1.0,,,,,,,,,,,,,,,,
1945,10,7,,,,,,,,,,0.0,,,,,0.0,0.0,,,,,,,,,,,,,,,,,,,,,,,,,,,,,,,,
1945,10,8,,,,,,,,,,,,,,,,,,,,,,,,,,,,,,,,99.0,,,,,,,,,,,,,,,,
1945,10,9,,,,,,,,,,0.0,,,,,0.0,0.0,,75.92,59.0,,,,,,,,,,,,,-9999.0,,,,,,,,,,,,,,,,
1945,10,10,,,,,,,,,,,,,,,0.0,0.0,,32.0,32.0,,,,,,,,,,,,,-9.0,,,,,,,,,,,,,,,,
1945,10,11,,,,,,,,,,0.0,,,,,0.0,0.0,,75.02,62.959999999999994,,,,,,,,,,,,,999.0,,,,,,,,,,,,,,,,
1945,10,12,,,,,,,,,,0.0,,,,,0.0,0.0,,,,,,,,,,,,,,,,-999.0,,,,,,,,,,,,,,,,
1945,10,14,,,,,,,,,,0.0,,,,,0.0,0.0,,73.94,62.059999999999995,,,,,,,,,,,,,9999.0,,,,,,,,,,,,,,,,
1945,10,15,,,,,,,,,,0.0,,,,,0.0,0.0,,,,,,,,,,,,,,,,-99.0,,,,,,,,,,,,,,,,
1945,10,16,,,,,,,,,,,,,,,,,,,,,,,,,,,,,,,,99.0,,,,,,,,,,,,,,,,
1945,10,17,,,,,,,,,,0.0,,,,,0.0,0.0,,73.94,57.92,,,,,,,,,,,,,-9999.0,,,,,,,,,,,,,,,,
1945,10,18,,,,,,,,,,0.0,,,,,0.0,0.0,,32.0,32.0,,,,,,,,,,,,,-9.0,,,,,,,,,,,,,,,,
1945,10,19,,,,,,,,,,0.0,,,,,0.0,0.0,,73.94,57.92,,,,,,,,,,,,,999.0,,,,,,,,,,,,,,,,
1945,10,20,,,,,,,,,,0.0,,,,,0.0,0.0,,,,,,,,,,,,,,,,,,,,,,,,,,,,,,,,
1945,10,22,,,,,,,,,,0.0,,,,,0.0,0.0,,73.94,64.94,,,,,,,,,,,,,9999.0,,,,,,,,,,,,,,,,
1945,10,23,,,,,,,,,,0.0,,,,,0.0,0.0,,,,,,,,,,,,,,,,-99.0,,,,,,,,,,,,,,,,
1945,10,24,,,,,,,,,,,,,,,,,,,,,,,,,,,,,,,,99.0,,,,,,,,,,,,,,,,
1945,10,25,,,,,,,,,,0.0,,,,,0.0,0.0,,69.08,64.04,,,,,,,,,,,,,-9999.0,,,,,,,,,,,,,,,,
1945,10,26,,,,,,,,,,0.0,,,,,0.0,0.0,,32.0,32.0,,,,,,,,,,,,,-9.0,,,,,,,,,,,,,,,,
1945,10,27,,,,,,,,,,,,,,,0.0,0.0,,66.02,62.959999999999994,,,,,,,,,,,,,999.0,,,,,,,,,,,,,,,,
1945,10,28,,,,,,,,,,0.0,,,,,0.0,0.0,,,,,,,,,,,,,,,,-999.0,,,,,,,,,,,,,,,,
1945,10,29,,,,,,,,,,,,,,,,,,,,,,,,,,,,,,,,9.0,,,,,,,,,,,,,,,,
1945,10,30,,,,,,,,,,0.0,,,,,0.0,0.0,,66.02,57.92,,,,,,,,,,,,,1.0,,,,,,,,,,,,,,,,
1945,10,31,,,,,,,,,,0.0,,,,,0.0,0.0,,,,,,,,,,,,,,,,,,,,,,,,,,,,,,,,
1945,11,1,,,,,,,,,,0.0,,,,,0.0,0.0,,71.96,55.04,,,,,,,,,,,,,-9999.0,,,,,,,,,,,,,,,,
1945,11,2,,,,,,,,,,,,,,,0.0,0.0,,32.0,32.0,,,,,,,,,,,,,-9.0,,,,,,,,,,,,,,,,
1945,11,3,,,,,,,,,,0.0,,,,,0.0,0.0,,80.06,51.08,,,,,,,,,,,,,999.0,,,,,,,,,,,,,,,,
1945,11,4,,,,,,,,,,0.0,,,,,0.0,0.0,,,,,,,,,,,,,,,,-999.0,,,,,,,,,,,,,,,,
1945,11,5,,,,,,,,,,,,,,,,,,,,,,,,,,,,,,,,9.0,,,,,,,,,,,,,,,,
1945,11,6,,,,,,,,,,0.0,,,,,0.0,0.0,,77.0,57.02,,,,,,,,,,,,,1.0,,,,,,,,,,,,,,,,
1945,11,7,,,,,,,,,,0.0,,,,,0.0,0.0,,,,,,,,,,,,,,,,,,,,,,,,,,,,,,,,
1945,11,8,,,,,,,,,,,,,,,,,,,,,,,,,,,,,,,,99.0,,,,,,,,,,,,,,,,
1945,11,9,,,,,,,,,,3.0,,,,,0.0,0.0,,66.92,60.08,,,,,,,,,,,,,-9999.0,,,,,,,,,,,,,,,,
1945,11,10,,,,,,,,,,0.0,,,,,0.0,0.0,,32.0,32.0,,,,,,,,,,,,,-9.0,,,,,,,,,,,,,,,,
1945,11,11,,,,,,,,,,0.0,,,,,0.0,0.0,,64.94,53.06,,,,,,,,,,,,,999.0,,,,,,,,,,,,,,,,
1945,11,12,,,,,,,,,,0.0,,,,,0.0,0.0,,,,,,,,,,,,,,,,-999.0,,,,,,,,,,,,,,,,
1945,11,14,,,,,,,,,,0.0,,,,,0.0,0.0,,69.98,44.06,,,,,,,,,,,,,9999.0,,,,,,,,,,,,,,,,
1945,11,15,,,,,,,,,,0.0,,,,,0.0,0.0,,,32.0,,,,,,,,,,,,,,,,,,,,,,,,,,,,,
1945,11,17,,,,,,,,,,3.0,,,,,0.0,0.0,,64.94,50.0,,,,,,,,,,,,,1.0,,,,,,,,,,,,,,,,
1945,11,18,,,,,,,,,,0.0,,,,,0.0,0.0,,32.0,32.0,,,,,,,,,,,,,,,,,,,,,,,,,,,,,
1945,11,19,,,,,,,,,,0.0,,,,,0.0,0.0,,66.02,44.96,,,,,,,,,,,,,999.0,,,,,,,,,,,,,,,,
1945,11,20,,,,,,,,,,0.0,,,,,0.0,0.0,,,,,,,,,,,,,,,,-999.0,,,,,,,,,,,,,,,,
1945,11,22,,,,,,,,,,0.0,,,,,0.0,0.0,,75.02,51.08,,,,,,,,,,,,,9999.0,,,,,,,,,,,,,,,,
1945,11,23,,,,,,,,,,0.0,,,,,0.0,0.0,,,,,,,,,,,,,,,,-99.0,,,,,,,,,,,,,,,,
1945,11,24,,,,,,,,,,,,,,,,,,,,,,,,,,,,,,,,99.0,,,,,,,,,,,,,,,,
1945,11,25,,,,,,,,,,0.0,,,,,0.0,0.0,,66.02,50.0,,,,,,,,,,,,,-9999.0,,,,,,,,,,,,,,,,
1945,11,26,,,,,,,,,,0.0,,,,,0.0,0.0,,32.0,32.0,,,,,,,,,,,,,-9.0,,,,,,,,,,,,,,,,
1945,11,27,,,,,,,,,,0.0,,,,,0.0,0.0,,66.92,46.04,,,,,,,,,,,,,999.0,,,,,,,,,,,,,,,,
1945,11,28,,,,,,,,,,0.0,,,,,0.0,0.0,,,,,,,,,,,,,,,,-999.0,,,,,,,,,,,,,,,,
1945,11,30,,,,,,,,,,0.0,,,,,0.0,0.0,,71.06,44.96,,,,,,,,,,,,,9999.0,,,,,,,,,,,,,,,,
1945,11,31,,,,,,,,,,0.0,,,,,0.0,0.0,,,32.0,,,,,,,,,,,,,-99.0,,,,,,,,,,,,,,,,
1945,12,1,,,,,,,,,,0.0,,,,,0.0,0.0,,62.059999999999995,48.92,,,,,,,,,,,,,-9999.0,,,,,,,,,,,,,,,,
1945,12,2,,,,,,,,,,0.0,,,,,0.0,0.0,,32.0,32.0,,,,,,,,,,,,,-9.0,,,,,,,,,,,,,,,,
1945,12,3,,,,,,,,,,0.0,,,,,0.0,0.0,,69.08,44.06,,,,,,,,,,,,,999.0,,,,,,,,,,,,,,,,
1945,12,4,,,,,,,,,,0.0,,,,,0.0,0.0,,,,,,,,,,,,,,,,-999.0,,,,,,,,,,,,,,,,
1945,12,6,,,,,,,,,,0.0,,,,,0.0,0.0,,68.0,48.02,,,,,,,,,,,,,9999.0,,,,,,,,,,,,,,,,
1945,12,7,,,,,,,,,,0.0,,,,,0.0,0.0,,,,,,,,,,,,,,,,-99.0,,,,,,,,,,,,,,,,
1945,12,8,,,,,,,,,,,,,,,,,,,,,,,,,,,,,,,,99.0,,,,,,,,,,,,,,,,
1945,12,9,,,,,,,,,,0.0,,,,,0.0,0.0,,64.94,50.0,,,,,,,,,,,,,-9999.0,,,,,,,,,,,,,,,,
1945,12,10,,,,,,,,,,,,,,,0.0,0.0,,32.0,32.0,,,,,,,,,,,,,,,,,,,,,,,,,,,,,
1945,12,11,,,,,,,,,,0.0,,,,,0.0,0.0,,64.94,46.04,,,,,,,,,,,,,1.0,,,,,,,,,,,,,,,,
1945,12,12,,,,,,,,,,0.0,,,,,0.0,0.0,,,,,,,,,,,,,,,,0.0,,,,,,,,,,,,,,,,
1945,12,14,,,,,,,,,,0.0,,,,,0.0,0.0,,71.06,46.04,,,,,,,,,,,,,1.0,,,,,,,,,,,,,,,,
1945,12,15,,,,,,,,,,0.0,,,,,0.0,0.0,,,32.0,,,,,,,,,,,,,,,,,,,,,,,,,,,,,
1945,12,16,,,,,,,,,,,,,,,,,,,,,,,,,,,,,,,,99.0,,,,,,,,,,,,,,,,
1945,12,17,,,,,,,,,,8.0,,,,,0.0,0.0,,60.08,48.92,,,,,,,,,,,,,-9999.0,,,,,,,,,,,,,,,,
1945,12,18,,,,,,,,,,0.0,,,,,0.0,0.0,,32.0,32.0,,,,,,,,,,,,,-9.0,,,,,,,,,,,,,,,,
1945,12,19,,,,,,,,,,,,,,,0.0,0.0,,60.08,44.96,,,,,,,,,,,,,999.0,,,,,,,,,,,,,,,,
1945,12,20,,,,,,,,,,0.0,,,,,0.0,0.0,,,,,,,,,,,,,,,,-999.0,,,,,,,,,,,,,,,,
1945,12,22,,,,,,,,,,0.0,,,,,0.0,0.0,,62.059999999999995,39.92,,,,,,,,,,,,,9999.0,,,,,,,,,,,,,,,,
1945,12,23,,,,,,,,,,0.0,,,,,0.0,0.0,,,32.0,,,,,,,,,,,,,-99.0,,,,,,,,,,,,,,,,
1945,12,24,,,,,,,,,,,,,,,,,,,,,,,,,,,,,,,,99.0,,,,,,,,,,,,,,,,
1945,12,25,,,,,,,,,,0.0,,,,,0.0,0.0,,68.0,42.08,,,,,,,,,,,,,-9999.0,,,,,,,,,,,,,,,,
1945,12,26,,,,,,,,,,0.0,,,,,0.0,0.0,,32.0,32.0,,,,,,,,,,,,,-9.0,,,,,,,,,,,,,,,,
1945,12,27,,,,,,,,,,0.0,,,,,0.0,0.0,,69.98,46.04,,,,,,,,,,,,,999.0,,,,,,,,,,,,,,,,
1945,12,28,,,,,,,,,,0.0,,,,,0.0,0.0,,,,,,,,,,,,,,,,-999.0,,,,,,,,,,,,,,,,
1945,12,30,,,,,,,,,,0.0,,,,,0.0,0.0,,75.02,48.02,,,,,,,,,,,,,9999.0,,,,,,,,,,,,,,,,
1945,12,31,,,,,,,,,,0.0,,,,,0.0,0.0,,,,,,,,,,,,,,,,-99.0,,,,,,,,,,,,,,,,
1946,1,1,,,,,,,,,,0.0,,,,,0.0,0.0,,57.92,48.92,,,,,,,,,,,,,1.0,,,,,,,,,,,,,,,,
1946,1,2,,,,,,,,,,0.0,,,,,0.0,0.0,,32.0,32.0,,,,,,,,,,,,,,,,,,,,,,,,,,,,,
1946,1,3,,,,,,,,,,0.0,,,,,0.0,0.0,,62.059999999999995,53.96,,,,,,,,,,,,,999.0,,,,,,,,,,,,,,,,
1946,1,4,,,,,,,,,,,,,,,0.0,0.0,,,,,,,,,,,,,,,,,,,,,,,,,,,,,,,,
1946,1,6,,,,,,,,,,25.0,,,,,0.0,0.0,,62.059999999999995,48.02,,,,,,,,,,,,,1.0,,,,,,,,,,,,,,,,
1946,1,7,,,,,,,,,,0.0,,,,,0.0,0.0,,,,,,,,,,,,,,,,0.0,,,,,,,,,,,,,,,,
1946,1,9,,,,,,,,,,0.0,,,,,0.0,0.0,,64.94,46.94,,,,,,,,,,,,,-9999.0,,,,,,,,,,,,,,,,
1946,1,10,,,,,,,,,,0.0,,,,,0.0,0.0,,32.0,32.0,,,,,,,,,,,,,-9.0,,,,,,,,,,,,,,,,
1946,1,11,,,,,,,,,,0.0,,,,,0.0,0.0,,68.0,42.980000000000004,,,,,,,,,,,,,999.0,,,,,,,,,,,,,,,,
1946,1,12,,,,,,,,,,,,,,,0.0,0.0,,,,,,,,,,,,,,,,-999.0,,,,,,,,,,,,,,,,
1946,1,14,,,,,,,,,,0.0,,,,,0.0,0.0,,66.02,39.92,,,,,,,,,,,,,9999.0,,,,,,,,,,,,,,,,
1946,1,15,,,,,,,,,,0.0,,,,,0.0,0.0,,,32.0,,,,,,,,,,,,,-99.0,,,,,,,,,,,,,,,,
1946,1,16,,,,,,,,,,,,,,,,,,,,,,,,,,,,,,,,99.0,,,,,,,,,,,,,,,,
1946,1,17,,,,,,,,,,0.0,,,,,0.0,0.0,,62.059999999999995,42.08,,,,,,,,,,,,,-9999.0,,,,,,,,,,,,,,,,
1946,1,18,,,,,,,,,,0.0,,,,,0.0,0.0,,32.0,32.0,,,,,,,,,,,,,-9.0,,,,,,,,,,,,,,,,
1946,1,19,,,,,,,,,,0.0,,,,,0.0,0.0,,69.08,46.04,,,,,,,,,,,,,999.0,,,,,,,,,,,,,,,,
1946,1,20,,,,,,,,,,0.0,,,,,0.0,0.0,,,,,,,,,,,,,,,,-999.0,,,,,,,,,,,,,,,,
1946,1,21,,,,,,,,,,,,,,,,,,,,,,,,,,,,,,,,9.0,,,,,,,,,,,,,,,,
1946,1,22,,,,,,,,,,0.0,,,,,0.0,0.0,,62.959999999999994,42.980000000000004,,,,,,,,,,,,,1.0,,,,,,,,,,,,,,,,
1946,1,23,,,,,,,,,,0.0,,,,,0.0,0.0,,,32.0,,,,,,,,,,,,,0.0,,,,,,,,,,,,,,,,
1946,1,25,,,,,,,,,,0.0,,,,,0.0,0.0,,71.96,42.08,,,,,,,,,,,,,-9999.0,,,,,,,,,,,,,,,,
1946,1,26,,,,,,,,,,0.0,,,,,0.0,0.0,,32.0,32.0,,,,,,,,,,,,,-9.0,,,,,,,,,,,,,,,,
1946,1,27,,,,,,,,,,0.0,,,,,0.0,0.0,,64.94,44.96,,,,,,,,,,,,,999.0,,,,,,,,,,,,,,,,
1946,1,28,,,,,,,,,,0.0,,,,,0.0,0.0,,,,,,,,,,,,,,,,-999.0,,,,,,,,,,,,,,,,
1946,1,30,,,,,,,,,,0.0,,,,,0.0,0.0,,62.059999999999995,50.0,,,,,,,,,,,,,9999.0,,,,,,,,,,,,,,,,
1946,1,31,,,,,,,,,,0.0,,,,,0.0,0.0,,,32.0,,,,,,,,,,,,,,,,,,,,,,,,,,,,,
1946,2,1,,,,,,,,,,0.0,,,,,0.0,0.0,,73.04,41.0,,,,,,,,,,,,,-9999.0,,,,,,,,,,,,,,,,
1946,2,2,,,,,,,,,,0.0,,,,,0.0,0.0,,32.0,32.0,,,,,,,,,,,,,-9.0,,,,,,,,,,,,,,,,
1946,2,3,,,,,,,,,,0.0,,,,,0.0,0.0,,62.059999999999995,42.980000000000004,,,,,,,,,,,,,999.0,,,,,,,,,,,,,,,,
1946,2,4,,,,,,,,,,,,,,,0.0,0.0,,,,,,,,,,,,,,,,-999.0,,,,,,,,,,,,,,,,
1946,2,6,,,,,,,,,,,,,,,0.0,0.0,,59.0,44.06,,,,,,,,,,,,,9999.0,,,,,,,,,,,,,,,,
1946,2,7,,,,,,,,,,0.0,,,,,0.0,0.0,,,32.0,,,,,,,,,,,,,-99.0,,,,,,,,,,,,,,,,
1946,2,8,,,,,,,,,,,,,,,,,,,,,,,,,,,,,,,,99.0,,,,,,,,,,,,,,,,
1946,2,9,,,,,,,,,,0.0,,,,,0.0,0.0,,66.02,39.92,,,,,,,,,,,,,1.0,,,,,,,,,,,,,,,,
1946,2,10,,,,,,,,,,0.0,,,,,0.0,0.0,,32.0,32.0,,,,,,,,,,,,,0.0,,,,,,,,,,,,,,,,
1946,2,11,,,,,,,,,,0.0,,,,,0.0,0.0,,62.959999999999994,42.980000000000004,,,,,,,,,,,,,1.0,,,,,,,,,,,,,,,,
1946,2,12,,,,,,,,,,0.0,,,,,0.0,0.0,,,,,,,,,,,,,,,,,,,,,,,,,,,,,,,,
1946,2,14,,,,,,,,,,0.0,,,,,0.0,0.0,,64.94,42.980000000000004,,,,,,,,,,,,,9999.0,,,,,,,,,,,,,,,,
1946,2,15,,,,,,,,,,0.0,,,,,0.0,0.0,,,32.0,,,,,,,,,,,,,-99.0,,,,,,,,,,,,,,,,
1946,2,16,,,,,,,,,,,,,,,,,,,,,,,,,,,,,,,,99.0,,,,,,,,,,,,,,,,
1946,2,17,,,,,,,,,,18.0,,,,,0.0,0.0,,57.02,41.0,,,,,,,,,,,,,-9999.0,,,,,,,,,,,,,,,,
1946,2,18,,,,,,,,,,0.0,,,,,0.0,0.0,,32.0,32.0,,,,,,,,,,,,,-9.0,,,,,,,,,,,,,,,,
1946,2,19,,,,,,,,,,0.0,,,,,0.0,0.0,,60.980000000000004,37.94,,,,,,,,,,,,,999.0,,,,,,,,,,,,,,,,
1946,2,20,,,,,,,,,,0.0,,,,,0.0,0.0,,,,,,,,,,,,,,,,-999.0,,,,,,,,,,,,,,,,
1946,2,22,,,,,,,,,,0.0,,,,,0.0,0.0,,73.04,39.92,,,,,,,,,,,,,9999.0,,,,,,,,,,,,,,,,
1946,2,23,,,,,,,,,,0.0,,,,,0.0,0.0,,,32.0,,,,,,,,,,,,,-99.0,,,,,,,,,,,,,,,,
1946,2,24,,,,,,,,,,,,,,,,,,,,,,,,,,,,,,,,99.0,,,,,,,,,,,,,,,,
1946,2,25,,,,,,,,,,3.0,,,,,0.0,0.0,,60.08,48.92,,,,,,,,,,,,,-9999.0,,,,,,,,,,,,,,,,
1946,2,26,,,,,,,,,,0.0,,,,,0.0,0.0,,32.0,32.0,,,,,,,,,,,,,-9.0,,,,,,,,,,,,,,,,
1946,2,27,,,,,,,,,,0.0,,,,,0.0,0.0,,64.94,41.0,,,,,,,,,,,,,999.0,,,,,,,,,,,,,,,,
1946,2,28,,,,,,,,,,0.0,,,,,0.0,0.0,,,,,,,,,,,,,,,,-999.0,,,,,,,,,,,,,,,,
1946,2,30,,,,,,,,,,0.0,,,,,0.0,0.0,,64.94,46.94,,,,,,,,,,,,,9999.0,,,,,,,,,,,,,,,,
1946,2,31,,,,,,,,,,0.0,,,,,0.0,0.0,,,32.0,,,,,,,,,,,,,,,,,,,,,,,,,,,,,
1946,3,1,,,,,,,,,,0.0,,,,,0.0,0.0,,69.98,48.02,,,,,,,,,,,,,1.0,,,,,,,,,,,,,,,,
1946,3,2,,,,,,,,,,0.0,,,,,0.0,0.0,,32.0,32.0,,,,,,,,,,,,,0.0,,,,,,,,,,,,,,,,
1946,3,3,,,,,,,,,,0.0,,,,,0.0,0.0,,66.92,48.92,,,,,,,,,,,,,1.0,,,,,,,,,,,,,,,,
1946,3,4,,,,,,,,,,0.0,,,,,0.0,0.0,,,,,,,,,,,,,,,,,,,,,,,,,,,,,,,,
1946,3,6,,,,,,,,,,0.0,,,,,0.0,0.0,,64.04,46.04,,,,,,,,,,,,,9999.0,,,,,,,,,,,,,,,,
1946,3,7,,,,,,,,,,0.0,,,,,0.0,0.0,,,32.0,,,,,,,,,,,,,-99.0,,,,,,,,,,,,,,,,
1946,3,8,,,,,,,,,,,,,,,,,,,,,,,,,,,,,,,,99.0,,,,,,,,,,,,,,,,
1946,3,9,,,,,,,,,,0.0,,,,,0.0,0.0,,62.959999999999994,48.02,,,,,,,,,,,,,-9999.0,,,,,,,,,,,,,,,,
1946,3,10,,,,,,,,,,0.0,,,,,0.0,0.0,,32.0,32.0,,,,,,,,,,,,,,,,,,,,,,,,,,,,,
1946,3,11,,,,,,,,,,0.0,,,,,0.0,0.0,,66.02,44.96,,,,,,,,,,,,,1.0,,,,,,,,,,,,,,,,
1946,3,12,,,,,,,,,,0.0,,,,,0.0,0.0,,,,,,,,,,,,,,,,0.0,,,,,,,,,,,,,,,,
1946,3,14,,,,,,,,,,0.0,,,,,0.0,0.0,,78.08,48.92,,,,,,,,,,,,,1.0,,,,,,,,,,,,,,,,
1946,3,15,,,,,,,,,,0.0,,,,,0.0,0.0,,,,,,,,,,,,,,,,0.0,,,,,,,,,,,,,,,,
1946,3,17,,,,,,,,,,0.0,,,,,0.0,0.0,,62.059999999999995,50.0,,,,,,,,,,,,,-9999.0,,,,,,,,,,,,,,,,
1946,3,18,,,,,,,,,,0.0,,,,,0.0,0.0,,32.0,32.0,,,,,,,,,,,,,-9.0,,,,,,,,,,,,,,,,
1946,3,19,,,,,,,,,,0.0,,,,,0.0,0.0,,66.92,46.04,,,,,,,,,,,,,999.0,,,,,,,,,,,,,,,,
1946,3,20,,,,,,,,,,,,,,,0.0,0.0,,,,,,,,,,,,,,,,-999.0,,,,,,,,,,,,,,,,
1946,3,22,,,,,,,,,,0.0,,,,,0.0,0.0,,62.059999999999995,48.92,,,,,,,,,,,,,9999.0,,,,,,,,,,,,,,,,
1946,3,23,,,,,,,,,,0.0,,,,,0.0,0.0,,,32.0,,,,,,,,,,,,,-99.0,,,,,,,,,,,,,,,,
1946,3,24,,,,,,,,,,,,,,,,,,,,,,,,,,,,,,,,99.0,,,,,,,,,,,,,,,,
1946,3,25,,,,,,,,,,0.0,,,,,0.0,0.0,,68.0,44.96,,,,,,,,,,,,,-9999.0,,,,,,,,,,,,,,,,
1946,3,26,,,,,,,,,,0.0,,,,,0.0,0.0,,32.0,32.0,,,,,,,,,,,,,,,,,,,,,,,,,,,,,
1946,3,27,,,,,,,,,,0.0,,,,,0.0,0.0,,62.059999999999995,50.0,,,,,,,,,,,,,1.0,,,,,,,,,,,,,,,,
1946,3,28,,,,,,,,,,0.0,,,,,0.0,0.0,,,,,,,,,,,,,,,,,,,,,,,,,,,,,,,,
1946,3,30,,,,,,,,,,25.0,,,,,0.0,0.0,,60.980000000000004,48.02,,,,,,,,,,,,,9999.0,,,,,,,,,,,,,,,,
1946,3,31,,,,,,,,,,,,,,,0.0,0.0,,,32.0,,,,,,,,,,,,,-99.0,,,,,,,,,,,,,,,,
1946,4,1,,,,,,,,,,97.0,,,,,0.0,0.0,,68.0,51.98,,,,,,,,,,,,,-9999.0,,,,,,,,,,,,,,,,
1946,4,2,,,,,,,,,,0.0,,,,,0.0,0.0,,32.0,32.0,,,,,,,,,,,,,-9.0,,,,,,,,,,,,,,,,
1946,4,3,,,,,,,,,,5.0,,,,,0.0,0.0,,64.94,51.08,,,,,,,,,,,,,999.0,,,,,,,,,,,,,,,,
1946,4,4,,,,,,,,,,0.0,,,,,0.0,0.0,,,,,,,,,,,,,,,,-999.0,,,,,,,,,,,,,,,,
1946,4,5,,,,,,,,,,,,,,,,,,,,,,,,,,,,,,,,9.0,,,,,,,,,,,,,,,,
1946,4,6,,,,,,,,,,0.0,,,,,0.0,0.0,,62.059999999999995,51.98,,,,,,,,,,,,,1.0,,,,,,,,,,,,,,,,
1946,4,7,,,,,,,,,,0.0,,,,,0.0,0.0,,,,,,,,,,,,,,,,,,,,,,,,,,,,,,,,
1946,4,8,,,,,,,,,,,,,,,,,,,,,,,,,,,,,,,,99.0,,,,,,,,,,,,,,,,
1946,4,9,,,,,,,,,,28.0,,,,,0.0,0.0,,69.08,51.98,,,,,,,,,,,,,-9999.0,,,,,,,,,,,,,,,,
1946,4,10,,,,,,,,,,0.0,,,,,0.0,0.0,,32.0,32.0,,,,,,,,,,,,,-9.0,,,,,,,,,,,,,,,,
1946,4,11,,,,,,,,,,3.0,,,,,0.0,0.0,,66.02,55.04,,,,,,,,,,,,,999.0,,,,,,,,,,,,,,,,
1946,4,12,,,,,,,,,,0.0,,,,,0.0,0.0,,,,,,,,,,,,,,,,-999.0,,,,,,,,,,,,,,,,
1946,4,14,,,,,,,,,,0.0,,,,,0.0,0.0,,66.92,50.0,,,,,,,,,,,,,9999.0,,,,,,,,,,,,,,,,
1946,4,15,,,,,,,,,,0.0,,,,,0.0,0.0,,,,,,,,,,,,,,,,-99.0,,,,,,,,,,,,,,,,
1946,4,16,,,,,,,,,,,,,,,,,,,,,,,,,,,,,,,,99.0,,,,,,,,,,,,,,,,
1946,4,17,,,,,,,,,,0.0,,,,,0.0,0.0,,84.91999999999999,53.96,,,,,,,,,,,,,-9999.0,,,,,,,,,,,,,,,,
1946,4,18,,,,,,,,,,0.0,,,,,0.0,0.0,,32.0,32.0,,,,,,,,,,,,,-9.0,,,,,,,,,,,,,,,,
1946,4,19,,,,,,,,,,0.0,,,,,0.0,0.0,,78.08,55.04,,,,,,,,,,,,,999.0,,,,,,,,,,,,,,,,
1946,4,20,,,,,,,,,,0.0,,,,,0.0,0.0,,,,,,,,,,,,,,,,-999.0,,,,,,,,,,,,,,,,
1946,4,22,,,,,,,,,,0.0,,,,,0.0,0.0,,69.08,57.02,,,,,,,,,,,,,9999.0,,,,,,,,,,,,,,,,
1946,4,23,,,,,,,,,,0.0,,,,,0.0,0.0,,,,,,,,,,,,,,,,,,,,,,,,,,,,,,,,
1946,4,25,,,,,,,,,,0.0,,,,,0.0,0.0,,64.04,57.02,,,,,,,,,,,,,1.0,,,,,,,,,,,,,,,,
1946,4,26,,,,,,,,,,,,,,,0.0,0.0,,32.0,32.0,,,,,,,,,,,,,0.0,,,,,,,,,,,,,,,,
1946,4,27,,,,,,,,,,,,,,,0.0,0.0,,66.02,55.94,,,,,,,,,,,,,1.0,,,,,,,,,,,,,,,,
1946,4,28,,,,,,,,,,0.0,,,,,0.0,0.0,,,,,,,,,,,,,,,,0.0,,,,,,,,,,,,,,,,
1946,4,30,,,,,,,,,,0.0,,,,,0.0,0.0,,69.98,57.02,,,,,,,,,,,,,9999.0,,,,,,,,,,,,,,,,
1946,4,31,,,,,,,,,,0.0,,,,,0.0,0.0,,,,,,,,,,,,,,,,-99.0,,,,,,,,,,,,,,,,
1946,5,1,,,,,,,,,,0.0,,,,,0.0,0.0,,71.96,60.08,,,,,,,,,,,,,-9999.0,,,,,,,,,,,,,,,,
1946,5,2,,,,,,,,,,0.0,,,,,0.0,0.0,,32.0,32.0,,,,,,,,,,,,,-9.0,,,,,,,,,,,,,,,,
1946,5,3,,,,,,,,,,0.0,,,,,0.0,0.0,,69.98,57.92,,,,,,,,,,,,,999.0,,,,,,,,,,,,,,,,
1946,5,4,,,,,,,,,,0.0,,,,,0.0,0.0,,,,,,,,,,,,,,,,-999.0,,,,,,,,,,,,,,,,
1946,5,6,,,,,,,,,,0.0,,,,,0.0,0.0,,71.96,60.08,,,,,,,,,,,,,9999.0,,,,,,,,,,,,,,,,
1946,5,7,,,,,,,,,,0.0,,,,,0.0,0.0,,,,,,,,,,,,,,,,,,,,,,,,,,,,,,,,
1946,5,9,,,,,,,,,,0.0,,,,,0.0,0.0,,69.08,59.0,,,,,,,,,,,,,-9999.0,,,,,,,,,,,,,,,,
1946,5,10,,,,,,,,,,0.0,,,,,0.0,0.0,,32.0,32.0,,,,,,,,,,,,,-9.0,,,,,,,,,,,,,,,,
1946,5,11,,,,,,,,,,0.0,,,,,0.0,0.0,,69.98,57.92,,,,,,,,,,,,,999.0,,,,,,,,,,,,,,,,
1946,5,12,,,,,,,,,,0.0,,,,,0.0,0.0,,,,,,,,,,,,,,,,-999.0,,,,,,,,,,,,,,,,
1946,5,14,,,,,,,,,,0.0,,,,,0.0,0.0,,64.94,59.0,,,,,,,,,,,,,9999.0,,,,,,,,,,,,,,,,
1946,5,15,,,,,,,,,,0.0,,,,,0.0,0.0,,,,,,,,,,,,,,,,-99.0,,,,,,,,,,,,,,,,
1946,5,16,,,,,,,,,,,,,,,,,,,,,,,,,,,,,,,,99.0,,,,,,,,,,,,,,,,
1946,5,17,,,,,,,,,,0.0,,,,,0.0,0.0,,68.0,59.0,,,,,,,,,,,,,-9999.0,,,,,,,,,,,,,,,,
1946,5,18,,,,,,,,,,,,,,,0.0,0.0,,32.0,32.0,,,,,,,,,,,,,-9.0,,,,,,,,,,,,,,,,
1946,5,19,,,,,,,,,,,,,,,0.0,0.0,,69.08,59.0,,,,,,,,,,,,,999.0,,,,,,,,,,,,,,,,
1946,5,20,,,,,,,,,,0.0,,,,,0.0,0.0,,,,,,,,,,,,,,,,-999.0,,,,,,,,,,,,,,,,
1946,5,22,,,,,,,,,,0.0,,,,,0.0,0.0,,69.98,57.92,,,,,,,,,,,,,9999.0,,,,,,,,,,,,,,,,
1946,5,23,,,,,,,,,,0.0,,,,,0.0,0.0,,,,,,,,,,,,,,,,-99.0,,,,,,,,,,,,,,,,
1946,5,24,,,,,,,,,,,,,,,,,,,,,,,,,,,,,,,,99.0,,,,,,,,,,,,,,,,
1946,5,25,,,,,,,,,,0.0,,,,,0.0,0.0,,68.0,55.04,,,,,,,,,,,,,-9999.0,,,,,,,,,,,,,,,,
1946,5,26,,,,,,,,,,,,,,,0.0,0.0,,32.0,32.0,,,,,,,,,,,,,-9.0,,,,,,,,,,,,,,,,
1946,5,27,,,,,,,,,,0.0,,,,,0.0,0.0,,69.08,51.08,,,,,,,,,,,,,999.0,,,,,,,,,,,,,,,,
1946,5,28,,,,,,,,,,0.0,,,,,0.0,0.0,,,,,,,,,,,,,,,,-999.0,,,,,,,,,,,,,,,,
1946,5,30,,,,,,,,,,0.0,,,,,0.0,0.0,,69.98,60.08,,,,,,,,,,,,,9999.0,,,,,,,,,,,,,,,,
1946,5,31,,,,,,,,,,0.0,,,,,0.0,0.0,,,,,,,,,,,,,,,,-99.0,,,,,,,,,,,,,,,,
1946,6,1,,,,,,,,,,0.0,,,,,0.0,0.0,,73.94,60.08,,,,,,,,,,,,,-9999.0,,,,,,,,,,,,,,,,
1946,6,2,,,,,,,,,,0.0,,,,,0.0,0.0,,32.0,32.0,,,,,,,,,,,,,-9.0,,,,,,,,,,,,,,,,
1946,6,3,,,,,,,,,,0.0,,,,,0.0,0.0,,75.02,60.980000000000004,,,,,,,,,,,,,999.0,,,,,,,,,,,,,,,,
1946,6,4,,,,,,,,,,0.0,,,,,0.0,0.0,,,,,,,,,,,,,,,,-999.0,,,,,,,,,,,,,,,,
1946,6,5,,,,,,,,,,,,,,,,,,,,,,,,,,,,,,,,9.0,,,,,,,,,,,,,,,,
1946,6,6,,,,,,,,,,0.0,,,,,0.0,0.0,,75.02,57.92,,,,,,,,,,,,,1.0,,,,,,,,,,,,,,,,
1946,6,7,,,,,,,,,,0.0,,,,,0.0,0.0,,,,,,,,,,,,,,,,0.0,,,,,,,,,,,,,,,,
1946,6,9,,,,,,,,,,0.0,,,,,0.0,0.0,,78.98,60.08,,,,,,,,,,,,,1.0,,,,,,,,,,,,,,,,
1946,6,10,,,,,,,,,,0.0,,,,,0.0,0.0,,32.0,32.0,,,,,,,,,,,,,,,,,,,,,,,,,,,,,
1946,6,11,,,,,,,,,,0.0,,,,,0.0,0.0,,71.96,60.980000000000004,,,,,,,,,,,,,999.0,,,,,,,,,,,,,,,,
1946,6,12,,,,,,,,,,0.0,,,,,0.0,0.0,,,,,,,,,,,,,,,,-999.0,,,,,,,,,,,,,,,,
1946,6,14,,,,,,,,,,0.0,,,,,0.0,0.0,,73.94,60.08,,,,,,,,,,,,,9999.0,,,,,,,,,,,,,,,,
1946,6,15,,,,,,,,,,0.0,,,,,0.0,0.0,,,,,,,,,,,,,,,,-99.0,,,,,,,,,,,,,,,,
1946,6,16,,,,,,,,,,,,,,,,,,,,,,,,,,,,,,,,99.0,,,,,,,,,,,,,,,,
1946,6,17,,,,,,,,,,0.0,,,,,0.0,0.0,,78.08,60.08,,,,,,,,,,,,,-9999.0,,,,,,,,,,,,,,,,
1946,6,18,,,,,,,,,,0.0,,,,,0.0,0.0,,32.0,32.0,,,,,,,,,,,,,-9.0,,,,,,,,,,,,,,,,
1946,6,19,,,,,,,,,,0.0,,,,,0.0,0.0,,75.92,59.0,,,,,,,,,,,,,999.0,,,,,,,,,,,,,,,,
1946,6,20,,,,,,,,,,0.0,,,,,0.0,0.0,,,,,,,,,,,,,,,,,,,,,,,,,,,,,,,,
1946,6,22,,,,,,,,,,0.0,,,,,0.0,0.0,,75.02,60.980000000000004,,,,,,,,,,,,,1.0,,,,,,,,,,,,,,,,
1946,6,23,,,,,,,,,,0.0,,,,,0.0,0.0,,,,,,,,,,,,,,,,,,,,,,,,,,,,,,,,
1946,6,24,,,,,,,,,,,,,,,,,,,,,,,,,,,,,,,,99.0,,,,,,,,,,,,,,,,
1946,6,25,,,,,,,,,,0.0,,,,,0.0,0.0,,80.06,62.959999999999994,,,,,,,,,,,,,1.0,,,,,,,,,,,,,,,,
1946,6,26,,,,,,,,,,0.0,,,,,0.0,0.0,,32.0,32.0,,,,,,,,,,,,,0.0,,,,,,,,,,,,,,,,
1946,6,27,,,,,,,,,,0.0,,,,,0.0,0.0,,80.06,62.059999999999995,,,,,,,,,,,,,1.0,,,,,,,,,,,,,,,,
1946,6,28,,,,,,,,,,0.0,,,,,0.0,0.0,,,,,,,,,,,,,,,,0.0,,,,,,,,,,,,,,,,
1946,6,30,,,,,,,,,,0.0,,,,,0.0,0.0,,73.04,60.980000000000004,,,,,,,,,,,,,1.0,,,,,,,,,,,,,,,,
1946,6,31,,,,,,,,,,0.0,,,,,0.0,0.0,,,,,,,,,,,,,,,,0.0,,,,,,,,,,,,,,,,
1946,7,1,,,,,,,,,,0.0,,,,,0.0,0.0,,69.98,62.959999999999994,,,,,,,,,,,,,-9999.0,,,,,,,,,,,,,,,,
1946,7,2,,,,,,,,,,0.0,,,,,0.0,0.0,,32.0,32.0,,,,,,,,,,,,,-9.0,,,,,,,,,,,,,,,,
1946,7,3,,,,,,,,,,0.0,,,,,0.0,0.0,,73.94,62.959999999999994,,,,,,,,,,,,,999.0,,,,,,,,,,,,,,,,
1946,7,4,,,,,,,,,,0.0,,,,,0.0,0.0,,,,,,,,,,,,,,,,,,,,,,,,,,,,,,,,
1946,7,6,,,,,,,,,,0.0,,,,,0.0,0.0,,73.04,62.059999999999995,,,,,,,,,,,,,9999.0,,,,,,,,,,,,,,,,
1946,7,7,,,,,,,,,,0.0,,,,,0.0,0.0,,,,,,,,,,,,,,,,-99.0,,,,,,,,,,,,,,,,
1946,7,8,,,,,,,,,,,,,,,,,,,,,,,,,,,,,,,,99.0,,,,,,,,,,,,,,,,
1946,7,9,,,,,,,,,,0.0,,,,,0.0,0.0,,73.94,62.059999999999995,,,,,,,,,,,,,-9999.0,,,,,,,,,,,,,,,,
1946,7,10,,,,,,,,,,0.0,,,,,0.0,0.0,,32.0,32.0,,,,,,,,,,,,,-9.0,,,,,,,,,,,,,,,,
1946,7,11,,,,,,,,,,0.0,,,,,0.0,0.0,,73.94,62.059999999999995,,,,,,,,,,,,,999.0,,,,,,,,,,,,,,,,
1946,7,12,,,,,,,,,,0.0,,,,,0.0,0.0,,,,,,,,,,,,,,,,-999.0,,,,,,,,,,,,,,,,
1946,7,14,,,,,,,,,,0.0,,,,,0.0,0.0,,73.04,62.059999999999995,,,,,,,,,,,,,9999.0,,,,,,,,,,,,,,,,
1946,7,15,,,,,,,,,,0.0,,,,,0.0,0.0,,,,,,,,,,,,,,,,-99.0,,,,,,,,,,,,,,,,
1946,7,16,,,,,,,,,,,,,,,,,,,,,,,,,,,,,,,,99.0,,,,,,,,,,,,,,,,
1946,7,17,,,,,,,,,,0.0,,,,,0.0,0.0,,78.08,64.94,,,,,,,,,,,,,-9999.0,,,,,,,,,,,,,,,,
1946,7,18,,,,,,,,,,0.0,,,,,0.0,0.0,,32.0,32.0,,,,,,,,,,,,,-9.0,,,,,,,,,,,,,,,,
1946,7,19,,,,,,,,,,0.0,,,,,0.0,0.0,,80.06,64.94,,,,,,,,,,,,,999.0,,,,,,,,,,,,,,,,
1946,7,20,,,,,,,,,,0.0,,,,,0.0,0.0,,,,,,,,,,,,,,,,-999.0,,,,,,,,,,,,,,,,
1946,7,21,,,,,,,,,,,,,,,,,,,,,,,,,,,,,,,,9.0,,,,,,,,,,,,,,,,
1946,7,22,,,,,,,,,,0.0,,,,,0.0,0.0,,82.04,62.059999999999995,,,,,,,,,,,,,1.0,,,,,,,,,,,,,,,,
1946,7,23,,,,,,,,,,0.0,,,,,0.0,0.0,,,,,,,,,,,,,,,,,,,,,,,,,,,,,,,,
1946,7,24,,,,,,,,,,,,,,,,,,,,,,,,,,,,,,,,99.0,,,,,,,,,,,,,,,,
1946,7,25,,,,,,,,,,0.0,,,,,0.0,0.0,,80.06,64.04,,,,,,,,,,,,,-9999.0,,,,,,,,,,,,,,,,
1946,7,26,,,,,,,,,,0.0,,,,,0.0,0.0,,,32.0,,,,,,,,,,,,,-9.0,,,,,,,,,,,,,,,,
1946,7,27,,,,,,,,,,0.0,,,,,0.0,0.0,,211.82,64.94,,,,,,,,,,,,,999.0,,,,,,,,,,,,,,,,
1946,7,28,,,,,,,,,,0.0,,,,,0.0,0.0,,36.14,,,,,,,,,,,,,,-999.0,,,,,,,,,,,,,,,,
1946,7,30,,,,,,,,,,0.0,,,,,0.0,0.0,,77.0,64.94,,,,,,,,,,,,,9999.0,,,,,,,,,,,,,,,,
1946,7,31,,,,,,,,,,0.0,,,,,0.0,0.0,,,,,,,,,,,,,,,,,,,,,,,,,,,,,,,,
1946,8,1,,,,,,,,,,0.0,,,,,0.0,0.0,,80.96,62.059999999999995,,,,,,,,,,,,,1.0,,,,,,,,,,,,,,,,
1946,8,2,,,,,,,,,,0.0,,,,,0.0,0.0,,32.0,32.0,,,,,,,,,,,,,0.0,,,,,,,,,,,,,,,,
1946,8,3,,,,,,,,,,0.0,,,,,0.0,0.0,,82.94,66.92,,,,,,,,,,,,,1.0,,,,,,,,,,,,,,,,
1946,8,4,,,,,,,,,,0.0,,,,,0.0,0.0,,,,,,,,,,,,,,,,,,,,,,,,,,,,,,,,
1946,8,6,,,,,,,,,,0.0,,,,,0.0,0.0,,78.08,64.94,,,,,,,,,,,,,9999.0,,,,,,,,,,,,,,,,
1946,8,7,,,,,,,,,,0.0,,,,,0.0,0.0,,,,,,,,,,,,,,,,-99.0,,,,,,,,,,,,,,,,
1946,8,8,,,,,,,,,,,,,,,,,,,,,,,,,,,,,,,,99.0,,,,,,,,,,,,,,,,
1946,8,9,,,,,,,,,,0.0,,,,,0.0,0.0,,78.08,64.94,,,,,,,,,,,,,-9999.0,,,,,,,,,,,,,,,,
1946,8,10,,,,,,,,,,0.0,,,,,0.0,0.0,,32.0,32.0,,,,,,,,,,,,,-9.0,,,,,,,,,,,,,,,,
1946,8,11,,,,,,,,,,0.0,,,,,0.0,0.0,,75.92,64.94,,,,,,,,,,,,,999.0,,,,,,,,,,,,,,,,
1946,8,12,,,,,,,,,,0.0,,,,,0.0,0.0,,,,,,,,,,,,,,,,-999.0,,,,,,,,,,,,,,,,
1946,8,14,,,,,,,,,,0.0,,,,,0.0,0.0,,80.06,66.02,,,,,,,,,,,,,9999.0,,,,,,,,,,,,,,,,
1946,8,15,,,,,,,,,,0.0,,,,,0.0,0.0,,,,,,,,,,,,,,,,,,,,,,,,,,,,,,,,
1946,8,17,,,,,,,,,,0.0,,,,,0.0,0.0,,84.91999999999999,66.02,,,,,,,,,,,,,1.0,,,,,,,,,,,,,,,,
1946,8,18,,,,,,,,,,0.0,,,,,0.0,0.0,,32.0,32.0,,,,,,,,,,,,,,,,,,,,,,,,,,,,,
1946,8,19,,,,,,,,,,0.0,,,,,0.0,0.0,,87.98,68.0,,,,,,,,,,,,,999.0,,,,,,,,,,,,,,,,
1946,8,20,,,,,,,,,,0.0,,,,,0.0,0.0,,,,,,,,,,,,,,,,-999.0,,,,,,,,,,,,,,,,
1946,8,22,,,,,,,,,,0.0,,,,,0.0,0.0,,80.06,66.92,,,,,,,,,,,,,9999.0,,,,,,,,,,,,,,,,
1946,8,23,,,,,,,,,,0.0,,,,,0.0,0.0,,,,,,,,,,,,,,,,-99.0,,,,,,,,,,,,,,,,
1946,8,24,,,,,,,,,,,,,,,,,,,,,,,,,,,,,,,,99.0,,,,,,,,,,,,,,,,
1946,8,25,,,,,,,,,,0.0,,,,,0.0,0.0,,78.08,64.04,,,,,,,,,,,,,-9999.0,,,,,,,,,,,,,,,,
1946,8,26,,,,,,,,,,0.0,,,,,0.0,0.0,,32.0,32.0,,,,,,,,,,,,,,,,,,,,,,,,,,,,,
1946,8,27,,,,,,,,,,0.0,,,,,0.0,0.0,,78.98,64.94,,,,,,,,,,,,,1.0,,,,,,,,,,,,,,,,
1946,8,28,,,,,,,,,,0.0,,,,,0.0,0.0,,,,,,,,,,,,,,,,0.0,,,,,,,,,,,,,,,,
1946,8,30,,,,,,,,,,0.0,,,,,0.0,0.0,,80.06,64.04,,,,,,,,,,,,,9999.0,,,,,,,,,,,,,,,,
1946,8,31,,,,,,,,,,0.0,,,,,0.0,0.0,,,,,,,,,,,,,,,,-99.0,,,,,,,,,,,,,,,,
1946,9,1,,,,,,,,,,0.0,,,,,0.0,0.0,,75.92,62.059999999999995,,,,,,,,,,,,,-9999.0,,,,,,,,,,,,,,,,
1946,9,2,,,,,,,,,,0.0,,,,,0.0,0.0,,32.0,32.0,,,,,,,,,,,,,-9.0,,,,,,,,,,,,,,,,
1946,9,3,,,,,,,,,,0.0,,,,,0.0,0.0,,78.08,62.059999999999995,,,,,,,,,,,,,999.0,,,,,,,,,,,,,,,,
1946,9,4,,,,,,,,,,0.0,,,,,0.0,0.0,,,,,,,,,,,,,,,,-999.0,,,,,,,,,,,,,,,,
1946,9,6,,,,,,,,,,0.0,,,,,0.0,0.0,,82.94,64.94,,,,,,,,,,,,,9999.0,,,,,,,,,,,,,,,,
1946,9,7,,,,,,,,,,0.0,,,,,0.0,0.0,,,,,,,,,,,,,,,,-99.0,,,,,,,,,,,,,,,,
1946,9,8,,,,,,,,,,,,,,,,,,,,,,,,,,,,,,,,99.0,,,,,,,,,,,,,,,,
1946,9,9,,,,,,,,,,0.0,,,,,0.0,0.0,,78.08,62.059999999999995,,,,,,,,,,,,,1.0,,,,,,,,,,,,,,,,
1946,9,10,,,,,,,,,,0.0,,,,,0.0,0.0,,32.0,32.0,,,,,,,,,,,,,0.0,,,,,,,,,,,,,,,,
1946,9,11,,,,,,,,,,0.0,,,,,0.0,0.0,,77.0,62.059999999999995,,,,,,,,,,,,,1.0,,,,,,,,,,,,,,,,
1946,9,12,,,,,,,,,,0.0,,,,,0.0,0.0,,,,,,,,,,,,,,,,0.0,,,,,,,,,,,,,,,,
1946,9,14,,,,,,,,,,0.0,,,,,0.0,0.0,,75.02,60.980000000000004,,,,,,,,,,,,,1.0,,,,,,,,,,,,,,,,
1946,9,15,,,,,,,,,,0.0,,,,,0.0,0.0,,,,,,,,,,,,,,,,,,,,,,,,,,,,,,,,
1946,9,16,,,,,,,,,,,,,,,,,,,,,,,,,,,,,,,,99.0,,,,,,,,,,,,,,,,
1946,9,17,,,,,,,,,,0.0,,,,,0.0,0.0,,78.08,62.959999999999994,,,,,,,,,,,,,1.0,,,,,,,,,,,,,,,,
1946,9,18,,,,,,,,,,0.0,,,,,0.0,0.0,,32.0,32.0,,,,,,,,,,,,,,,,,,,,,,,,,,,,,
1946,9,19,,,,,,,,,,0.0,,,,,0.0,0.0,,84.02,68.0,,,,,,,,,,,,,999.0,,,,,,,,,,,,,,,,
1946,9,20,,,,,,,,,,0.0,,,,,0.0,0.0,,,,,,,,,,,,,,,,,,,,,,,,,,,,,,,,
1946,9,22,,,,,,,,,,0.0,,,,,0.0,0.0,,82.04,62.959999999999994,,,,,,,,,,,,,1.0,,,,,,,,,,,,,,,,
1946,9,23,,,,,,,,,,0.0,,,,,0.0,0.0,,,,,,,,,,,,,,,,0.0,,,,,,,,,,,,,,,,
1946,9,25,,,,,,,,,,0.0,,,,,0.0,0.0,,73.04,62.059999999999995,,,,,,,,,,,,,-9999.0,,,,,,,,,,,,,,,,
1946,9,26,,,,,,,,,,0.0,,,,,0.0,0.0,,32.0,32.0,,,,,,,,,,,,,-9.0,,,,,,,,,,,,,,,,
1946,9,27,,,,,,,,,,0.0,,,,,0.0,0.0,,77.0,59.0,,,,,,,,,,,,,999.0,,,,,,,,,,,,,,,,
1946,9,28,,,,,,,,,,0.0,,,,,0.0,0.0,,,,,,,,,,,,,,,,-999.0,,,,,,,,,,,,,,,,
1946,9,30,,,,,,,,,,0.0,,,,,0.0,0.0,,75.02,66.02,,,,,,,,,,,,,9999.0,,,,,,,,,,,,,,,,
1946,9,31,,,,,,,,,,0.0,,,,,0.0,0.0,,,,,,,,,,,,,,,,-99.0,,,,,,,,,,,,,,,,
1946,10,1,,,,,,,,,,8.0,,,,,0.0,0.0,,69.98,62.059999999999995,,,,,,,,,,,,,-9999.0,,,,,,,,,,,,,,,,
1946,10,2,,,,,,,,,,0.0,,,,,0.0,0.0,,32.0,32.0,,,,,,,,,,,,,-9.0,,,,,,,,,,,,,,,,
1946,10,3,,,,,,,,,,0.0,,,,,0.0,0.0,,75.02,57.92,,,,,,,,,,,,,999.0,,,,,,,,,,,,,,,,
1946,10,4,,,,,,,,,,0.0,,,,,0.0,0.0,,,,,,,,,,,,,,,,-999.0,,,,,,,,,,,,,,,,
1946,10,6,,,,,,,,,,3.0,,,,,0.0,0.0,,73.94,55.94,,,,,,,,,,,,,9999.0,,,,,,,,,,,,,,,,
1946,10,7,,,,,,,,,,0.0,,,,,0.0,0.0,,,,,,,,,,,,,,,,-99.0,,,,,,,,,,,,,,,,
1946,10,8,,,,,,,,,,,,,,,,,,,,,,,,,,,,,,,,99.0,,,,,,,,,,,,,,,,
1946,10,9,,,,,,,,,,0.0,,,,,0.0,0.0,,73.94,51.98,,,,,,,,,,,,,-9999.0,,,,,,,,,,,,,,,,
1946,10,10,,,,,,,,,,0.0,,,,,0.0,0.0,,32.0,32.0,,,,,,,,,,,,,-9.0,,,,,,,,,,,,,,,,
1946,10,11,,,,,,,,,,0.0,,,,,0.0,0.0,,80.06,53.96,,,,,,,,,,,,,999.0,,,,,,,,,,,,,,,,
1946,10,12,,,,,,,,,,0.0,,,,,0.0,0.0,,,,,,,,,,,,,,,,-999.0,,,,,,,,,,,,,,,,
1946,10,14,,,,,,,,,,0.0,,,,,0.0,0.0,,75.02,55.94,,,,,,,,,,,,,9999.0,,,,,,,,,,,,,,,,
1946,10,15,,,,,,,,,,0.0,,,,,0.0,0.0,,,,,,,,,,,,,,,,-99.0,,,,,,,,,,,,,,,,
1946,10,16,,,,,,,,,,,,,,,,,,,,,,,,,,,,,,,,99.0,,,,,,,,,,,,,,,,
1946,10,17,,,,,,,,,,0.0,,,,,0.0,0.0,,86.0,57.02,,,,,,,,,,,,,-9999.0,,,,,,,,,,,,,,,,
1946,10,18,,,,,,,,,,0.0,,,,,0.0,0.0,,32.0,32.0,,,,,,,,,,,,,,,,,,,,,,,,,,,,,
1946,10,19,,,,,,,,,,0.0,,,,,0.0,0.0,,84.91999999999999,55.94,,,,,,,,,,,,,1.0,,,,,,,,,,,,,,,,
1946,10,20,,,,,,,,,,0.0,,,,,0.0,0.0,,,,,,,,,,,,,,,,0.0,,,,,,,,,,,,,,,,
1946,10,22,,,,,,,,,,0.0,,,,,0.0,0.0,,73.04,57.02,,,,,,,,,,,,,1.0,,,,,,,,,,,,,,,,
1946,10,23,,,,,,,,,,0.0,,,,,0.0,0.0,,,,,,,,,,,,,,,,,,,,,,,,,,,,,,,,
1946,10,24,,,,,,,,,,,,,,,,,,,,,,,,,,,,,,,,99.0,,,,,,,,,,,,,,,,
1946,10,25,,,,,,,,,,46.0,,,,,0.0,0.0,,69.08,57.92,,,,,,,,,,,,,-9999.0,,,,,,,,,,,,,,,,
1946,10,26,,,,,,,,,,0.0,,,,,0.0,0.0,,32.0,32.0,,,,,,,,,,,,,-9.0,,,,,,,,,,,,,,,,
1946,10,27,,,,,,,,,,0.0,,,,,0.0,0.0,,69.08,51.08,,,,,,,,,,,,,999.0,,,,,,,,,,,,,,,,
1946,10,28,,,,,,,,,,0.0,,,,,0.0,0.0,,,,,,,,,,,,,,,,-999.0,,,,,,,,,,,,,,,,
1946,10,30,,,,,,,,,,0.0,,,,,0.0,0.0,,71.96,51.98,,,,,,,,,,,,,9999.0,,,,,,,,,,,,,,,,
1946,10,31,,,,,,,,,,0.0,,,,,0.0,0.0,,,,,,,,,,,,,,,,,,,,,,,,,,,,,,,,
1946,11,1,,,,,,,,,,0.0,,,,,0.0,0.0,,69.98,48.92,,,,,,,,,,,,,-9999.0,,,,,,,,,,,,,,,,
1946,11,2,,,,,,,,,,0.0,,,,,0.0,0.0,,32.0,32.0,,,,,,,,,,,,,-9.0,,,,,,,,,,,,,,,,
1946,11,3,,,,,,,,,,0.0,,,,,0.0,0.0,,73.94,48.02,,,,,,,,,,,,,999.0,,,,,,,,,,,,,,,,
1946,11,4,,,,,,,,,,0.0,,,,,0.0,0.0,,,,,,,,,,,,,,,,-999.0,,,,,,,,,,,,,,,,
1946,11,6,,,,,,,,,,0.0,,,,,0.0,0.0,,71.96,44.96,,,,,,,,,,,,,9999.0,,,,,,,,,,,,,,,,
1946,11,7,,,,,,,,,,0.0,,,,,0.0,0.0,,,32.0,,,,,,,,,,,,,-99.0,,,,,,,,,,,,,,,,
1946,11,8,,,,,,,,,,,,,,,,,,,,,,,,,,,,,,,,99.0,,,,,,,,,,,,,,,,
1946,11,9,,,,,,,,,,0.0,,,,,0.0,0.0,,75.02,48.92,,,,,,,,,,,,,-9999.0,,,,,,,,,,,,,,,,
1946,11,10,,,,,,,,,,0.0,,,,,0.0,0.0,,32.0,32.0,,,,,,,,,,,,,-9.0,,,,,,,,,,,,,,,,
1946,11,11,,,,,,,,,,13.0,,,,,0.0,0.0,,68.0,50.0,,,,,,,,,,,,,999.0,,,,,,,,,,,,,,,,
1946,11,12,,,,,,,,,,,,,,,0.0,0.0,,,,,,,,,,,,,,,,-999.0,,,,,,,,,,,,,,,,
1946,11,14,,,,,,,,,,0.0,,,,,0.0,0.0,,64.94,46.94,,,,,,,,,,,,,9999.0,,,,,,,,,,,,,,,,
1946,11,15,,,,,,,,,,0.0,,,,,0.0,0.0,,,32.0,,,,,,,,,,,,,-99.0,,,,,,,,,,,,,,,,
1946,11,16,,,,,,,,,,,,,,,,,,,,,,,,,,,,,,,,99.0,,,,,,,,,,,,,,,,
1946,11,17,,,,,,,,,,10.0,,,,,0.0,0.0,,62.959999999999994,53.96,,,,,,,,,,,,,-9999.0,,,,,,,,,,,,,,,,
1946,11,18,,,,,,,,,,0.0,,,,,0.0,0.0,,32.0,32.0,,,,,,,,,,,,,-9.0,,,,,,,,,,,,,,,,
1946,11,19,,,,,,,,,,15.0,,,,,0.0,0.0,,64.04,53.06,,,,,,,,,,,,,999.0,,,,,,,,,,,,,,,,
1946,11,20,,,,,,,,,,,,,,,0.0,0.0,,,,,,,,,,,,,,,,,,,,,,,,,,,,,,,,
1946,11,22,,,,,,,,,,69.0,,,,,0.0,0.0,,62.959999999999994,50.0,,,,,,,,,,,,,1.0,,,,,,,,,,,,,,,,
1946,11,23,,,,,,,,,,0.0,,,,,0.0,0.0,,,32.0,,,,,,,,,,,,,,,,,,,,,,,,,,,,,
1946,11,24,,,,,,,,,,,,,,,,,,,,,,,,,,,,,,,,99.0,,,,,,,,,,,,,,,,
1946,11,25,,,,,,,,,,0.0,,,,,0.0,0.0,,71.06,46.04,,,,,,,,,,,,,-9999.0,,,,,,,,,,,,,,,,
1946,11,26,,,,,,,,,,0.0,,,,,0.0,0.0,,32.0,32.0,,,,,,,,,,,,,-9.0,,,,,,,,,,,,,,,,
1946,11,27,,,,,,,,,,0.0,,,,,0.0,0.0,,71.96,46.04,,,,,,,,,,,,,999.0,,,,,,,,,,,,,,,,
1946,11,28,,,,,,,,,,0.0,,,,,0.0,0.0,,,,,,,,,,,,,,,,,,,,,,,,,,,,,,,,
1946,11,30,,,,,,,,,,0.0,,,,,0.0,0.0,,64.94,46.04,,,,,,,,,,,,,1.0,,,,,,,,,,,,,,,,
1946,11,31,,,,,,,,,,0.0,,,,,0.0,0.0,,,,,,,,,,,,,,,,0.0,,,,,,,,,,,,,,,,
1946,12,1,,,,,,,,,,0.0,,,,,0.0,0.0,,62.059999999999995,48.92,,,,,,,,,,,,,1.0,,,,,,,,,,,,,,,,
1946,12,2,,,,,,,,,,0.0,,,,,0.0,0.0,,32.0,32.0,,,,,,,,,,,,,0.0,,,,,,,,,,,,,,,,
1946,12,3,,,,,,,,,,0.0,,,,,0.0,0.0,,64.94,44.06,,,,,,,,,,,,,1.0,,,,,,,,,,,,,,,,
1946,12,4,,,,,,,,,,0.0,,,,,0.0,0.0,,,,,,,,,,,,,,,,0.0,,,,,,,,,,,,,,,,
1946,12,6,,,,,,,,,,0.0,,,,,0.0,0.0,,69.98,55.94,,,,,,,,,,,,,1.0,,,,,,,,,,,,,,,,
1946,12,7,,,,,,,,,,0.0,,,,,0.0,0.0,,,,,,,,,,,,,,,,0.0,,,,,,,,,,,,,,,,
1946,12,9,,,,,,,,,,13.0,,,,,0.0,0.0,,64.94,53.96,,,,,,,,,,,,,1.0,,,,,,,,,,,,,,,,
1946,12,10,,,,,,,,,,0.0,,,,,0.0,0.0,,32.0,32.0,,,,,,,,,,,,,,,,,,,,,,,,,,,,,
1946,12,11,,,,,,,,,,0.0,,,,,0.0,0.0,,60.980000000000004,50.0,,,,,,,,,,,,,999.0,,,,,,,,,,,,,,,,
1946,12,12,,,,,,,,,,0.0,,,,,0.0,0.0,,,,,,,,,,,,,,,,-999.0,,,,,,,,,,,,,,,,
1946,12,14,,,,,,,,,,0.0,,,,,0.0,0.0,,64.04,42.08,,,,,,,,,,,,,9999.0,,,,,,,,,,,,,,,,
1946,12,15,,,,,,,,,,0.0,,,,,0.0,0.0,,,32.0,,,,,,,,,,,,,-99.0,,,,,,,,,,,,,,,,
1946,12,16,,,,,,,,,,,,,,,,,,,,,,,,,,,,,,,,99.0,,,,,,,,,,,,,,,,
1946,12,17,,,,,,,,,,0.0,,,,,0.0,0.0,,71.96,44.96,,,,,,,,,,,,,-9999.0,,,,,,,,,,,,,,,,
1946,12,18,,,,,,,,,,0.0,,,,,0.0,0.0,,32.0,32.0,,,,,,,,,,,,,,,,,,,,,,,,,,,,,
1946,12,19,,,,,,,,,,0.0,,,,,0.0,0.0,,66.92,48.92,,,,,,,,,,,,,1.0,,,,,,,,,,,,,,,,
1946,12,20,,,,,,,,,,0.0,,,,,0.0,0.0,,,,,,,,,,,,,,,,0.0,,,,,,,,,,,,,,,,
1946,12,22,,,,,,,,,,0.0,,,,,0.0,0.0,,60.08,48.02,,,,,,,,,,,,,1.0,,,,,,,,,,,,,,,,
1946,12,23,,,,,,,,,,0.0,,,,,0.0,0.0,,,32.0,,,,,,,,,,,,,0.0,,,,,,,,,,,,,,,,
1946,12,25,,,,,,,,,,0.0,,,,,0.0,0.0,,57.92,48.92,,,,,,,,,,,,,-9999.0,,,,,,,,,,,,,,,,
1946,12,26,,,,,,,,,,0.0,,,,,0.0,0.0,,32.0,32.0,,,,,,,,,,,,,-9.0,,,,,,,,,,,,,,,,
1946,12,27,,,,,,,,,,0.0,,,,,0.0,0.0,,60.980000000000004,48.92,,,,,,,,,,,,,999.0,,,,,,,,,,,,,,,,
1946,12,28,,,,,,,,,,0.0,,,,,0.0,0.0,,,,,,,,,,,,,,,,,,,,,,,,,,,,,,,,
1946,12,30,,,,,,,,,,0.0,,,,,0.0,0.0,,66.92,42.980000000000004,,,,,,,,,,,,,1.0,,,,,,,,,,,,,,,,
1946,12,31,,,,,,,,,,0.0,,,,,0.0,0.0,,,32.0,,,,,,,,,,,,,0.0,,,,,,,,,,,,,,,,
1947,1,1,,,,,,,,,,0.0,,,,,0.0,0.0,,60.980000000000004,44.06,,,,,,,,,,,,,-9999.0,,,,,,,,,,,,,,,,
1947,1,2,,,,,,,,,,0.0,,,,,0.0,0.0,,32.0,32.0,,,,,,,,,,,,,-9.0,,,,,,,,,,,,,,,,
1947,1,3,,,,,,,,,,0.0,,,,,0.0,0.0,,64.94,42.08,,,,,,,,,,,,,999.0,,,,,,,,,,,,,,,,
1947,1,4,,,,,,,,,,0.0,,,,,0.0,0.0,,,,,,,,,,,,,,,,-999.0,,,,,,,,,,,,,,,,
1947,1,6,,,,,,,,,,0.0,,,,,0.0,0.0,,66.92,39.02,,,,,,,,,,,,,9999.0,,,,,,,,,,,,,,,,
1947,1,7,,,,,,,,,,0.0,,,,,0.0,0.0,,,32.0,,,,,,,,,,,,,-99.0,,,,,,,,,,,,,,,,
1947,1,8,,,,,,,,,,,,,,,,,,,,,,,,,,,,,,,,99.0,,,,,,,,,,,,,,,,
1947,1,9,,,,,,,,,,0.0,,,,,0.0,0.0,,59.0,46.04,,,,,,,,,,,,,-9999.0,,,,,,,,,,,,,,,,
1947,1,10,,,,,,,,,,0.0,,,,,0.0,0.0,,32.0,32.0,,,,,,,,,,,,,-9.0,,,,,,,,,,,,,,,,
1947,1,11,,,,,,,,,,0.0,,,,,0.0,0.0,,68.0,44.06,,,,,,,,,,,,,999.0,,,,,,,,,,,,,,,,
1947,1,12,,,,,,,,,,0.0,,,,,0.0,0.0,,,,,,,,,,,,,,,,-999.0,,,,,,,,,,,,,,,,
1947,1,14,,,,,,,,,,0.0,,,,,0.0,0.0,,73.94,42.08,,,,,,,,,,,,,9999.0,,,,,,,,,,,,,,,,
1947,1,15,,,,,,,,,,0.0,,,,,0.0,0.0,,,32.0,,,,,,,,,,,,,-99.0,,,,,,,,,,,,,,,,
1947,1,16,,,,,,,,,,,,,,,,,,,,,,,,,,,,,,,,99.0,,,,,,,,,,,,,,,,
1947,1,17,,,,,,,,,,0.0,,,,,0.0,0.0,,62.959999999999994,44.96,,,,,,,,,,,,,-9999.0,,,,,,,,,,,,,,,,
1947,1,18,,,,,,,,,,0.0,,,,,0.0,0.0,,32.0,32.0,,,,,,,,,,,,,-9.0,,,,,,,,,,,,,,,,
1947,1,19,,,,,,,,,,0.0,,,,,0.0,0.0,,59.0,51.98,,,,,,,,,,,,,999.0,,,,,,,,,,,,,,,,
1947,1,20,,,,,,,,,,,,,,,0.0,0.0,,,,,,,,,,,,,,,,-999.0,,,,,,,,,,,,,,,,
1947,1,22,,,,,,,,,,0.0,,,,,0.0,0.0,,59.0,46.94,,,,,,,,,,,,,9999.0,,,,,,,,,,,,,,,,
1947,1,23,,,,,,,,,,0.0,,,,,0.0,0.0,,,32.0,,,,,,,,,,,,,-99.0,,,,,,,,,,,,,,,,
1947,1,24,,,,,,,,,,,,,,,,,,,,,,,,,,,,,,,,99.0,,,,,,,,,,,,,,,,
1947,1,25,,,,,,,,,,0.0,,,,,0.0,0.0,,60.980000000000004,33.98,,,,,,,,,,,,,-9999.0,,,,,,,,,,,,,,,,
1947,1,26,,,,,,,,,,0.0,,,,,0.0,0.0,,32.0,32.0,,,,,,,,,,,,,-9.0,,,,,,,,,,,,,,,,
1947,1,27,,,,,,,,,,0.0,,,,,0.0,0.0,,66.02,35.96,,,,,,,,,,,,,999.0,,,,,,,,,,,,,,,,
1947,1,28,,,,,,,,,,0.0,,,,,0.0,0.0,,,,,,,,,,,,,,,,-999.0,,,,,,,,,,,,,,,,
1947,1,30,,,,,,,,,,0.0,,,,,0.0,0.0,,62.959999999999994,41.0,,,,,,,,,,,,,9999.0,,,,,,,,,,,,,,,,
1947,1,31,,,,,,,,,,0.0,,,,,0.0,0.0,,,32.0,,,,,,,,,,,,,-99.0,,,,,,,,,,,,,,,,
1947,2,1,,,,,,,,,,0.0,,,,,0.0,0.0,,77.0,44.06,,,,,,,,,,,,,-9999.0,,,,,,,,,,,,,,,,
1947,2,2,,,,,,,,,,0.0,,,,,0.0,0.0,,32.0,32.0,,,,,,,,,,,,,-9.0,,,,,,,,,,,,,,,,
1947,2,3,,,,,,,,,,0.0,,,,,0.0,0.0,,75.02,48.02,,,,,,,,,,,,,999.0,,,,,,,,,,,,,,,,
1947,2,4,,,,,,,,,,0.0,,,,,0.0,0.0,,,,,,,,,,,,,,,,-999.0,,,,,,,,,,,,,,,,
1947,2,6,,,,,,,,,,0.0,,,,,0.0,0.0,,82.04,53.06,,,,,,,,,,,,,9999.0,,,,,,,,,,,,,,,,
1947,2,7,,,,,,,,,,0.0,,,,,0.0,0.0,,,32.0,,,,,,,,,,,,,-99.0,,,,,,,,,,,,,,,,
1947,2,8,,,,,,,,,,,,,,,,,,,,,,,,,,,,,,,,99.0,,,,,,,,,,,,,,,,
1947,2,9,,,,,,,,,,0.0,,,,,0.0,0.0,,68.0,46.04,,,,,,,,,,,,,1.0,,,,,,,,,,,,,,,,
1947,2,10,,,,,,,,,,0.0,,,,,0.0,0.0,,32.0,32.0,,,,,,,,,,,,,0.0,,,,,,,,,,,,,,,,
1947,2,11,,,,,,,,,,0.0,,,,,0.0,0.0,,62.959999999999994,51.08,,,,,,,,,,,,,1.0,,,,,,,,,,,,,,,,
1947,2,12,,,,,,,,,,0.0,,,,,0.0,0.0,,,,,,,,,,,,,,,,,,,,,,,,,,,,,,,,
1947,2,14,,,,,,,,,,79.0,,,,,0.0,0.0,,66.02,51.98,,,,,,,,,,,,,9999.0,,,,,,,,,,,,,,,,
1947,2,15,,,,,,,,,,0.0,,,,,0.0,0.0,,,,,,,,,,,,,,,,-99.0,,,,,,,,,,,,,,,,
1947,2,16,,,,,,,,,,,,,,,,,,,,,,,,,,,,,,,,99.0,,,,,,,,,,,,,,,,
1947,2,17,,,,,,,,,,0.0,,,,,0.0,0.0,,68.0,44.96,,,,,,,,,,,,,1.0,,,,,,,,,,,,,,,,
1947,2,18,,,,,,,,,,0.0,,,,,0.0,0.0,,32.0,32.0,,,,,,,,,,,,,0.0,,,,,,,,,,,,,,,,
1947,2,19,,,,,,,,,,0.0,,,,,0.0,0.0,,69.08,48.02,,,,,,,,,,,,,1.0,,,,,,,,,,,,,,,,
1947,2,20,,,,,,,,,,0.0,,,,,0.0,0.0,,,,,,,,,,,,,,,,0.0,,,,,,,,,,,,,,,,
1947,2,22,,,,,,,,,,0.0,,,,,0.0,0.0,,71.96,50.0,,,,,,,,,,,,,1.0,,,,,,,,,,,,,,,,
1947,2,23,,,,,,,,,,0.0,,,,,0.0,0.0,,,32.0,,,,,,,,,,,,,0.0,,,,,,,,,,,,,,,,
1947,2,25,,,,,,,,,,0.0,,,,,0.0,0.0,,60.980000000000004,51.98,,,,,,,,,,,,,1.0,,,,,,,,,,,,,,,,
1947,2,26,,,,,,,,,,,,,,,0.0,0.0,,32.0,32.0,,,,,,,,,,,,,,,,,,,,,,,,,,,,,
1947,2,27,,,,,,,,,,25.0,,,,,0.0,0.0,,62.059999999999995,50.0,,,,,,,,,,,,,999.0,,,,,,,,,,,,,,,,
1947,2,28,,,,,,,,,,0.0,,,,,0.0,0.0,,,,,,,,,,,,,,,,-999.0,,,,,,,,,,,,,,,,
1947,2,30,,,,,,,,,,0.0,,,,,0.0,0.0,,64.04,44.06,,,,,,,,,,,,,9999.0,,,,,,,,,,,,,,,,
1947,2,31,,,,,,,,,,0.0,,,,,0.0,0.0,,,,,,,,,,,,,,,,-99.0,,,,,,,,,,,,,,,,
1947,3,1,,,,,,,,,,0.0,,,,,0.0,0.0,,66.02,51.08,,,,,,,,,,,,,-9999.0,,,,,,,,,,,,,,,,
1947,3,2,,,,,,,,,,0.0,,,,,0.0,0.0,,32.0,32.0,,,,,,,,,,,,,,,,,,,,,,,,,,,,,
1947,3,3,,,,,,,,,,3.0,,,,,0.0,0.0,,66.92,53.06,,,,,,,,,,,,,1.0,,,,,,,,,,,,,,,,
1947,3,4,,,,,,,,,,0.0,,,,,0.0,0.0,,,,,,,,,,,,,,,,,,,,,,,,,,,,,,,,
1947,3,6,,,,,,,,,,8.0,,,,,0.0,0.0,,62.059999999999995,51.08,,,,,,,,,,,,,9999.0,,,,,,,,,,,,,,,,
1947,3,7,,,,,,,,,,0.0,,,,,0.0,0.0,,,32.0,,,,,,,,,,,,,-99.0,,,,,,,,,,,,,,,,
1947,3,8,,,,,,,,,,,,,,,,,,,,,,,,,,,,,,,,99.0,,,,,,,,,,,,,,,,
1947,3,9,,,,,,,,,,0.0,,,,,0.0,0.0,,64.94,44.96,,,,,,,,,,,,,-9999.0,,,,,,,,,,,,,,,,
1947,3,10,,,,,,,,,,0.0,,,,,0.0,0.0,,32.0,32.0,,,,,,,,,,,,,-9.0,,,,,,,,,,,,,,,,
1947,3,11,,,,,,,,,,0.0,,,,,0.0,0.0,,64.94,48.02,,,,,,,,,,,,,999.0,,,,,,,,,,,,,,,,
1947,3,12,,,,,,,,,,0.0,,,,,0.0,0.0,,,,,,,,,,,,,,,,-999.0,,,,,,,,,,,,,,,,
1947,3,14,,,,,,,,,,0.0,,,,,0.0,0.0,,66.02,50.0,,,,,,,,,,,,,9999.0,,,,,,,,,,,,,,,,
1947,3,15,,,,,,,,,,0.0,,,,,0.0,0.0,,,32.0,,,,,,,,,,,,,-99.0,,,,,,,,,,,,,,,,
1947,3,16,,,,,,,,,,,,,,,,,,,,,,,,,,,,,,,,99.0,,,,,,,,,,,,,,,,
1947,3,17,,,,,,,,,,0.0,,,,,0.0,0.0,,69.08,53.06,,,,,,,,,,,,,-9999.0,,,,,,,,,,,,,,,,
1947,3,18,,,,,,,,,,0.0,,,,,0.0,0.0,,32.0,32.0,,,,,,,,,,,,,,,,,,,,,,,,,,,,,
1947,3,19,,,,,,,,,,0.0,,,,,0.0,0.0,,84.02,50.0,,,,,,,,,,,,,1.0,,,,,,,,,,,,,,,,
1947,3,20,,,,,,,,,,0.0,,,,,0.0,0.0,,,,,,,,,,,,,,,,,,,,,,,,,,,,,,,,
1947,3,22,,,,,,,,,,0.0,,,,,0.0,0.0,,80.06,50.0,,,,,,,,,,,,,9999.0,,,,,,,,,,,,,,,,
1947,3,23,,,,,,,,,,0.0,,,,,0.0,0.0,,,,,,,,,,,,,,,,,,,,,,,,,,,,,,,,
1947,3,25,,,,,,,,,,0.0,,,,,0.0,0.0,,66.92,51.08,,,,,,,,,,,,,1.0,,,,,,,,,,,,,,,,
1947,3,26,,,,,,,,,,0.0,,,,,0.0,0.0,,32.0,32.0,,,,,,,,,,,,,0.0,,,,,,,,,,,,,,,,
1947,3,27,,,,,,,,,,0.0,,,,,0.0,0.0,,69.98,53.96,,,,,,,,,,,,,1.0,,,,,,,,,,,,,,,,
1947,3,28,,,,,,,,,,0.0,,,,,0.0,0.0,,,,,,,,,,,,,,,,,,,,,,,,,,,,,,,,
1947,3,30,,,,,,,,,,8.0,,,,,0.0,0.0,,60.08,55.94,,,,,,,,,,,,,9999.0,,,,,,,,,,,,,,,,
1947,3,31,,,,,,,,,,0.0,,,,,0.0,0.0,,,,,,,,,,,,,,,,-99.0,,,,,,,,,,,,,,,,
1947,4,1,,,,,,,,,,0.0,,,,,0.0,0.0,,64.94,55.04,,,,,,,,,,,,,-9999.0,,,,,,,,,,,,,,,,
1947,4,2,,,,,,,,,,0.0,,,,,0.0,0.0,,32.0,32.0,,,,,,,,,,,,,-9.0,,,,,,,,,,,,,,,,
1947,4,3,,,,,,,,,,0.0,,,,,0.0,0.0,,66.02,53.96,,,,,,,,,,,,,999.0,,,,,,,,,,,,,,,,
1947,4,4,,,,,,,,,,0.0,,,,,0.0,0.0,,,,,,,,,,,,,,,,-999.0,,,,,,,,,,,,,,,,
1947,4,6,,,,,,,,,,0.0,,,,,0.0,0.0,,66.02,50.0,,,,,,,,,,,,,9999.0,,,,,,,,,,,,,,,,
1947,4,7,,,,,,,,,,0.0,,,,,0.0,0.0,,,,,,,,,,,,,,,,-99.0,,,,,,,,,,,,,,,,
1947,4,8,,,,,,,,,,,,,,,,,,,,,,,,,,,,,,,,99.0,,,,,,,,,,,,,,,,
1947,4,9,,,,,,,,,,-9999.0,,,,,-9999.0,-9999.0,,-1767.8200000000002,-1767.8200000000002,,,,,,,,,,,,,-9999.0,,,,,,,,,,,,,,,,
1947,4,10,,,,,,,,,,-9.0,,,,,-9.0,-9.0,,30.38,30.38,,,,,,,,,,,,,-9.0,,,,,,,,,,,,,,,,
1947,4,11,,,,,,,,,,999.0,,,,,999.0,999.0,,211.82,211.82,,,,,,,,,,,,,999.0,,,,,,,,,,,,,,,,
1947,4,12,,,,,,,,,,-999.0,,,,,-999.0,-999.0,,-147.82,-147.82,,,,,,,,,,,,,-999.0,,,,,,,,,,,,,,,,
1947,4,13,,,,,,,,,,9.0,,,,,9.0,9.0,,33.62,33.62,,,,,,,,,,,,,,,,,,,,,,,,,,,,,
1947,4,14,,,,,,,,,,0.0,,,,,0.0,0.0,,66.92,53.96,,,,,,,,,,,,,9999.0,,,,,,,,,,,,,,,,
1947,4,15,,,,,,,,,,0.0,,,,,0.0,0.0,,,32.0,,,,,,,,,,,,,-99.0,,,,,,,,,,,,,,,,
1947,4,16,,,,,,,,,,,,,,,,,,,,,,,,,,,,,,,,99.0,,,,,,,,,,,,,,,,
1947,4,17,,,,,,,,,,0.0,,,,,0.0,0.0,,84.02,53.06,,,,,,,,,,,,,-9999.0,,,,,,,,,,,,,,,,
1947,4,18,,,,,,,,,,0.0,,,,,0.0,0.0,,32.0,32.0,,,,,,,,,,,,,-9.0,,,,,,,,,,,,,,,,
1947,4,19,,,,,,,,,,0.0,,,,,0.0,0.0,,91.94,57.02,,,,,,,,,,,,,999.0,,,,,,,,,,,,,,,,
1947,4,20,,,,,,,,,,0.0,,,,,0.0,0.0,,,,,,,,,,,,,,,,-999.0,,,,,,,,,,,,,,,,
1947,4,22,,,,,,,,,,0.0,,,,,0.0,0.0,,80.06,57.92,,,,,,,,,,,,,9999.0,,,,,,,,,,,,,,,,
1947,4,23,,,,,,,,,,0.0,,,,,0.0,0.0,,,,,,,,,,,,,,,,,,,,,,,,,,,,,,,,
1947,4,25,,,,,,,,,,0.0,,,,,0.0,0.0,,75.02,55.94,,,,,,,,,,,,,1.0,,,,,,,,,,,,,,,,
1947,4,26,,,,,,,,,,0.0,,,,,0.0,0.0,,32.0,32.0,,,,,,,,,,,,,0.0,,,,,,,,,,,,,,,,
1947,4,27,,,,,,,,,,,,,,,0.0,0.0,,71.06,57.02,,,,,,,,,,,,,1.0,,,,,,,,,,,,,,,,
1947,4,28,,,,,,,,,,0.0,,,,,0.0,0.0,,,,,,,,,,,,,,,,,,,,,,,,,,,,,,,,
1947,4,30,,,,,,,,,,0.0,,,,,0.0,0.0,,69.98,57.92,,,,,,,,,,,,,9999.0,,,,,,,,,,,,,,,,
1947,4,31,,,,,,,,,,0.0,,,,,0.0,0.0,,,,,,,,,,,,,,,,-99.0,,,,,,,,,,,,,,,,
1947,5,1,,,,,,,,,,0.0,,,,,0.0,0.0,,78.98,55.94,,,,,,,,,,,,,1.0,,-9999.0,,,,,,,,,,,,,,
1947,5,2,,,,,,,,,,0.0,,,,,0.0,0.0,,32.0,32.0,,,,,,,,,,,,,0.0,,-9.0,,,,,,,,,,,,,,
1947,5,3,,,,,,,,,,0.0,,,,,0.0,0.0,,82.04,57.02,,,,,,,,,,,,,1.0,,999.0,,,,,,,,,,,,,,
1947,5,4,,,,,,,,,,0.0,,,,,0.0,0.0,,,,,,,,,,,,,,,,0.0,,-999.0,,,,,,,,,,,,,,
1947,5,6,,,,,,,,,,0.0,,,,,0.0,0.0,,69.98,55.94,,,,,,,,,,,,,1.0,,9999.0,,,,,,,,,,,,,,
1947,5,7,,,,,,,,,,0.0,,,,,0.0,0.0,,,,,,,,,,,,,,,,,,-99.0,,,,,,,,,,,,,,
1947,5,8,,,,,,,,,,,,,,,,,,,,,,,,,,,,,,,,99.0,,99.0,,,,,,,,,,,,,,
1947,5,9,,,,,,,,,,0.0,,,,,0.0,0.0,,69.98,59.0,,,,,,,,,,,,,-9999.0,,-9999.0,,,,,,,,,,,,,,
1947,5,10,,,,,,,,,,0.0,,,,,0.0,0.0,,32.0,32.0,,,,,,,,,,,,,-9.0,,-9.0,,,,,,,,,,,,,,
1947,5,11,,,,,,,,,,0.0,,,,,0.0,0.0,,69.98,60.08,,,,,,,,,,,,,999.0,,999.0,,,,,,,,,,,,,,
1947,5,12,,,,,,,,,,0.0,,,,,0.0,0.0,,,,,,,,,,,,,,,,-999.0,,-999.0,,,,,,,,,,,,,,
1947,5,14,,,,,,,,,,0.0,,,,,0.0,0.0,,71.06,57.92,,,,,,,,,,,,,9999.0,,9999.0,,,,,,,,,,,,,,
1947,5,15,,,,,,,,,,0.0,,,,,0.0,0.0,,,,,,,,,,,,,,,,-99.0,,-99.0,,,,,,,,,,,,,,
1947,5,16,,,,,,,,,,,,,,,,,,,,,,,,,,,,,,,,99.0,,99.0,,,,,,,,,,,,,,
1947,5,17,,,,,,,,,,0.0,,,,,0.0,0.0,,69.08,55.04,,,,,,,,,,,,,-9999.0,,-9999.0,,,,,,,,,,,,,,
1947,5,18,,,,,,,,,,0.0,,,,,0.0,0.0,,32.0,32.0,,,,,,,,,,,,,-9.0,,-9.0,,,,,,,,,,,,,,
1947,5,19,,,,,,,,,,0.0,,,,,0.0,0.0,,69.98,55.94,,,,,,,,,,,,,999.0,,999.0,,,,,,,,,,,,,,
1947,5,20,,,,,,,,,,,,,,,0.0,0.0,,,,,,,,,,,,,,,,-999.0,,,,,,,,,,,,,,,,
1947,5,22,,,,,,,,,,,,,,,0.0,0.0,,66.02,55.94,,,,,,,,,,,,,9999.0,,1.0,,,,,,,,,,,,,,
1947,5,23,,,,,,,,,,0.0,,,,,0.0,0.0,,,,,,,,,,,,,,,,-99.0,,,,,,,,,,,,,,,,
1947,5,24,,,,,,,,,,,,,,,,,,,,,,,,,,,,,,,,99.0,,99.0,,,,,,,,,,,,,,
1947,5,25,,,,,,,,,,0.0,,,,,0.0,0.0,,68.0,57.02,,,,,,,,,,,,,-9999.0,,-9999.0,,,,,,,,,,,,,,
1947,5,26,,,,,,,,,,0.0,,,,,0.0,0.0,,32.0,32.0,,,,,,,,,,,,,-9.0,,-9.0,,,,,,,,,,,,,,
1947,5,27,,,,,,,,,,0.0,,,,,0.0,0.0,,69.98,57.92,,,,,,,,,,,,,999.0,,999.0,,,,,,,,,,,,,,
1947,5,28,,,,,,,,,,0.0,,,,,0.0,0.0,,,,,,,,,,,,,,,,-999.0,,-999.0,,,,,,,,,,,,,,
1947,5,30,,,,,,,,,,,,,,,0.0,0.0,,69.98,57.92,,,,,,,,,,,,,9999.0,,9999.0,,,,,,,,,,,,,,
1947,5,31,,,,,,,,,,0.0,,,,,0.0,0.0,,,,,,,,,,,,,,,,-99.0,,-99.0,,,,,,,,,,,,,,
1947,6,1,,,,,,,,,,0.0,,,,,0.0,0.0,,73.04,60.08,,,,,,,,,,,,,-9999.0,,,,,,,,,,,,,,,,
1947,6,2,,,,,,,,,,0.0,,,,,0.0,0.0,,32.0,32.0,,,,,,,,,,,,,-9.0,,,,,,,,,,,,,,,,
1947,6,3,,,,,,,,,,0.0,,,,,0.0,0.0,,75.92,60.08,,,,,,,,,,,,,999.0,,,,,,,,,,,,,,,,
1947,6,4,,,,,,,,,,0.0,,,,,0.0,0.0,,,,,,,,,,,,,,,,-999.0,,,,,,,,,,,,,,,,
1947,6,6,,,,,,,,,,0.0,,,,,0.0,0.0,,71.96,59.0,,,,,,,,,,,,,9999.0,,,,,,,,,,,,,,,,
1947,6,7,,,,,,,,,,0.0,,,,,0.0,0.0,,,,,,,,,,,,,,,,-99.0,,,,,,,,,,,,,,,,
1947,6,8,,,,,,,,,,,,,,,,,,,,,,,,,,,,,,,,99.0,,,,,,,,,,,,,,,,
1947,6,9,,,,,,,,,,0.0,,,,,0.0,0.0,,73.04,60.08,,,,,,,,,,,,,-9999.0,,,,,,,,,,,,,,,,
1947,6,10,,,,,,,,,,0.0,,,,,0.0,0.0,,32.0,32.0,,,,,,,,,,,,,-9.0,,,,,,,,,,,,,,,,
1947,6,11,,,,,,,,,,0.0,,,,,0.0,0.0,,73.04,62.059999999999995,,,,,,,,,,,,,999.0,,,,,,,,,,,,,,,,
1947,6,12,,,,,,,,,,0.0,,,,,0.0,0.0,,,,,,,,,,,,,,,,-999.0,,,,,,,,,,,,,,,,
1947,6,14,,,,,,,,,,0.0,,,,,0.0,0.0,,75.02,60.980000000000004,,,,,,,,,,,,,9999.0,,,,,,,,,,,,,,,,
1947,6,15,,,,,,,,,,0.0,,,,,0.0,0.0,,,,,,,,,,,,,,,,-99.0,,,,,,,,,,,,,,,,
1947,6,16,,,,,,,,,,,,,,,,,,,,,,,,,,,,,,,,99.0,,,,,,,,,,,,,,,,
1947,6,17,,,,,,,,,,0.0,,,,,0.0,0.0,,69.98,60.980000000000004,,,,,,,,,,,,,-9999.0,,,,,,,,,,,,,,,,
1947,6,18,,,,,,,,,,0.0,,,,,0.0,0.0,,32.0,32.0,,,,,,,,,,,,,-9.0,,,,,,,,,,,,,,,,
1947,6,19,,,,,,,,,,0.0,,,,,0.0,0.0,,77.0,57.02,,,,,,,,,,,,,999.0,,,,,,,,,,,,,,,,
1947,6,20,,,,,,,,,,0.0,,,,,0.0,0.0,,,,,,,,,,,,,,,,-999.0,,,,,,,,,,,,,,,,
1947,6,22,,,,,,,,,,0.0,,,,,0.0,0.0,,71.06,62.059999999999995,,,,,,,,,,,,,9999.0,,,,,,,,,,,,,,,,
1947,6,23,,,,,,,,,,0.0,,,,,0.0,0.0,,,,,,,,,,,,,,,,-99.0,,,,,,,,,,,,,,,,
1947,6,24,,,,,,,,,,,,,,,,,,,,,,,,,,,,,,,,99.0,,,,,,,,,,,,,,,,
1947,6,25,,,,,,,,,,0.0,,,,,0.0,0.0,,71.96,60.980000000000004,,,,,,,,,,,,,-9999.0,,,,,,,,,,,,,,,,
1947,6,26,,,,,,,,,,0.0,,,,,0.0,0.0,,32.0,32.0,,,,,,,,,,,,,-9.0,,,,,,,,,,,,,,,,
1947,6,27,,,,,,,,,,0.0,,,,,0.0,0.0,,71.06,60.980000000000004,,,,,,,,,,,,,999.0,,,,,,,,,,,,,,,,
1947,6,28,,,,,,,,,,0.0,,,,,0.0,0.0,,,,,,,,,,,,,,,,-999.0,,,,,,,,,,,,,,,,
1947,6,30,,,,,,,,,,,,,,,0.0,0.0,,71.96,60.980000000000004,,,,,,,,,,,,,9999.0,,,,,,,,,,,,,,,,
1947,6,31,,,,,,,,,,0.0,,,,,0.0,0.0,,,,,,,,,,,,,,,,-99.0,,,,,,,,,,,,,,,,
1947,7,1,,,,,,,,,,0.0,,,,,0.0,0.0,,73.94,60.980000000000004,,,,,,,,,,,,,1.0,,,,,,,,,,,,,,,,
1947,7,2,,,,,,,,,,0.0,,,,,0.0,0.0,,32.0,32.0,,,,,,,,,,,,,,,,,,,,,,,,,,,,,
1947,7,3,,,,,,,,,,0.0,,,,,0.0,0.0,,78.08,60.980000000000004,,,,,,,,,,,,,999.0,,,,,,,,,,,,,,,,
1947,7,4,,,,,,,,,,0.0,,,,,0.0,0.0,,,,,,,,,,,,,,,,-999.0,,,,,,,,,,,,,,,,
1947,7,5,,,,,,,,,,,,,,,,,,,,,,,,,,,,,,,,9.0,,,,,,,,,,,,,,,,
1947,7,6,,,,,,,,,,0.0,,,,,0.0,0.0,,78.08,59.0,,,,,,,,,,,,,1.0,,,,,,,,,,,,,,,,
1947,7,7,,,,,,,,,,0.0,,,,,0.0,0.0,,,,,,,,,,,,,,,,,,,,,,,,,,,,,,,,
1947,7,8,,,,,,,,,,,,,,,,,,,,,,,,,,,,,,,,99.0,,,,,,,,,,,,,,,,
1947,7,9,,,,,,,,,,0.0,,,,,0.0,0.0,,75.02,60.08,,,,,,,,,,,,,-9999.0,,,,,,,,,,,,,,,,
1947,7,10,,,,,,,,,,0.0,,,,,0.0,0.0,,32.0,32.0,,,,,,,,,,,,,-9.0,,,,,,,,,,,,,,,,
1947,7,11,,,,,,,,,,0.0,,,,,0.0,0.0,,75.02,60.08,,,,,,,,,,,,,999.0,,,,,,,,,,,,,,,,
1947,7,12,,,,,,,,,,0.0,,,,,0.0,0.0,,,,,,,,,,,,,,,,,,,,,,,,,,,,,,,,
1947,7,14,,,,,,,,,,0.0,,,,,0.0,0.0,,84.02,60.08,,,,,,,,,,,,,9999.0,,,,,,,,,,,,,,,,
1947,7,15,,,,,,,,,,0.0,,,,,0.0,0.0,,,,,,,,,,,,,,,,,,,,,,,,,,,,,,,,
1947,7,17,,,,,,,,,,0.0,,,,,0.0,0.0,,78.08,60.08,,,,,,,,,,,,,-9999.0,,,,,,,,,,,,,,,,
1947,7,18,,,,,,,,,,0.0,,,,,0.0,0.0,,32.0,32.0,,,,,,,,,,,,,-9.0,,,,,,,,,,,,,,,,
1947,7,19,,,,,,,,,,0.0,,,,,0.0,0.0,,75.02,59.0,,,,,,,,,,,,,999.0,,,,,,,,,,,,,,,,
1947,7,20,,,,,,,,,,0.0,,,,,0.0,0.0,,,,,,,,,,,,,,,,-999.0,,,,,,,,,,,,,,,,
1947,7,22,,,,,,,,,,0.0,,,,,0.0,0.0,,73.94,60.08,,,,,,,,,,,,,9999.0,,,,,,,,,,,,,,,,
1947,7,23,,,,,,,,,,0.0,,,,,0.0,0.0,,,,,,,,,,,,,,,,,,,,,,,,,,,,,,,,
1947,7,25,,,,,,,,,,0.0,,,,,0.0,0.0,,75.02,60.08,,,,,,,,,,,,,1.0,,,,,,,,,,,,,,,,
1947,7,26,,,,,,,,,,0.0,,,,,0.0,0.0,,32.0,32.0,,,,,,,,,,,,,0.0,,,,,,,,,,,,,,,,
1947,7,27,,,,,,,,,,0.0,,,,,0.0,0.0,,75.92,59.0,,,,,,,,,,,,,1.0,,,,,,,,,,,,,,,,
1947,7,28,,,,,,,,,,0.0,,,,,0.0,0.0,,,,,,,,,,,,,,,,0.0,,,,,,,,,,,,,,,,
1947,7,30,,,,,,,,,,0.0,,,,,0.0,0.0,,77.0,60.08,,,,,,,,,,,,,1.0,,,,,,,,,,,,,,,,
1947,7,31,,,,,,,,,,0.0,,,,,0.0,0.0,,,,,,,,,,,,,,,,0.0,,,,,,,,,,,,,,,,
1947,8,1,,,,,,,,,,0.0,,,,,0.0,0.0,,77.0,64.94,,,,,,,,,,,,,,,,,,,,,,,,,,,,,
1947,8,2,,,,,,,,,,0.0,,,,,0.0,0.0,,32.0,32.0,,,,,,,,,,,,,,,,,,,,,,,,,,,,,
1947,8,3,,,,,,,,,,0.0,,,,,0.0,0.0,,80.06,64.94,,,,,,,,,,,,,,,,,,,,,,,,,,,,,
1947,8,4,,,,,,,,,,0.0,,,,,0.0,0.0,,,,,,,,,,,,,,,,,,,,,,,,,,,,,,,,
1947,8,6,,,,,,,,,,0.0,,,,,0.0,0.0,,80.06,64.94,,,,,,,,,,,,,,,,,,,,,,,,,,,,,
1947,8,7,,,,,,,,,,0.0,,,,,0.0,0.0,,,,,,,,,,,,,,,,,,,,,,,,,,,,,,,,
1947,8,9,,,,,,,,,,0.0,,,,,0.0,0.0,,80.06,66.02,,,,,,,,,,,,,,,,,,,,,,,,,,,,,
1947,8,10,,,,,,,,,,0.0,,,,,0.0,0.0,,32.0,32.0,,,,,,,,,,,,,,,,,,,,,,,,,,,,,
1947,8,11,,,,,,,,,,0.0,,,,,0.0,0.0,,82.04,66.92,,,,,,,,,,,,,,,,,,,,,,,,,,,,,
1947,8,12,,,,,,,,,,0.0,,,,,0.0,0.0,,,,,,,,,,,,,,,,,,,,,,,,,,,,,,,,
1947,8,14,,,,,,,,,,0.0,,,,,0.0,0.0,,87.08000000000001,73.04,,,,,,,,,,,,,,,,,,,,,,,,,,,,,
1947,8,15,,,,,,,,,,0.0,,,,,0.0,0.0,,,,,,,,,,,,,,,,,,,,,,,,,,,,,,,,
1947,8,17,,,,,,,,,,0.0,,,,,0.0,0.0,,82.04,66.92,,,,,,,,,,,,,,,,,,,,,,,,,,,,,
1947,8,18,,,,,,,,,,0.0,,,,,0.0,0.0,,32.0,32.0,,,,,,,,,,,,,,,,,,,,,,,,,,,,,
1947,8,19,,,,,,,,,,0.0,,,,,0.0,0.0,,80.96,62.959999999999994,,,,,,,,,,,,,,,,,,,,,,,,,,,,,
1947,8,20,,,,,,,,,,0.0,,,,,0.0,0.0,,,,,,,,,,,,,,,,,,,,,,,,,,,,,,,,
1947,8,22,,,,,,,,,,0.0,,,,,0.0,0.0,,78.08,64.04,,,,,,,,,,,,,,,,,,,,,,,,,,,,,
1947,8,23,,,,,,,,,,0.0,,,,,0.0,0.0,,,,,,,,,,,,,,,,,,,,,,,,,,,,,,,,
1947,8,25,,,,,,,,,,0.0,,,,,0.0,0.0,,75.92,64.04,,,,,,,,,,,,,,,,,,,,,,,,,,,,,
1947,8,26,,,,,,,,,,0.0,,,,,0.0,0.0,,32.0,32.0,,,,,,,,,,,,,,,,,,,,,,,,,,,,,
1947,8,27,,,,,,,,,,0.0,,,,,0.0,0.0,,78.08,60.980000000000004,,,,,,,,,,,,,,,,,,,,,,,,,,,,,
1947,8,28,,,,,,,,,,0.0,,,,,0.0,0.0,,,,,,,,,,,,,,,,,,,,,,,,,,,,,,,,
1947,8,30,,,,,,,,,,0.0,,,,,0.0,0.0,,73.04,64.04,,,,,,,,,,,,,,,,,,,,,,,,,,,,,
1947,8,31,,,,,,,,,,0.0,,,,,0.0,0.0,,,,,,,,,,,,,,,,,,,,,,,,,,,,,,,,
1947,9,1,,,,,,,,,,0.0,,,,,0.0,0.0,,87.98,66.02,,,,,,,,,,,,,-9999.0,,,,,,,,,,,,,,,,
1947,9,2,,,,,,,,,,0.0,,,,,0.0,0.0,,32.0,32.0,,,,,,,,,,,,,,,,,,,,,,,,,,,,,
1947,9,3,,,,,,,,,,0.0,,,,,0.0,0.0,,87.98,66.92,,,,,,,,,,,,,1.0,,,,,,,,,,,,,,,,
1947,9,4,,,,,,,,,,0.0,,,,,0.0,0.0,,,,,,,,,,,,,,,,0.0,,,,,,,,,,,,,,,,
1947,9,6,,,,,,,,,,0.0,,,,,0.0,0.0,,80.06,64.04,,,,,,,,,,,,,1.0,,,,,,,,,,,,,,,,
1947,9,7,,,,,,,,,,0.0,,,,,0.0,0.0,,,,,,,,,,,,,,,,0.0,,,,,,,,,,,,,,,,
1947,9,9,,,,,,,,,,0.0,,,,,0.0,0.0,,75.92,62.059999999999995,,,,,,,,,,,,,-9999.0,,,,,,,,,,,,,,,,
1947,9,10,,,,,,,,,,0.0,,,,,0.0,0.0,,32.0,32.0,,,,,,,,,,,,,-9.0,,,,,,,,,,,,,,,,
1947,9,11,,,,,,,,,,0.0,,,,,0.0,0.0,,73.04,62.059999999999995,,,,,,,,,,,,,999.0,,,,,,,,,,,,,,,,
1947,9,12,,,,,,,,,,0.0,,,,,0.0,0.0,,,,,,,,,,,,,,,,-999.0,,,,,,,,,,,,,,,,
1947,9,14,,,,,,,,,,0.0,,,,,0.0,0.0,,73.04,62.959999999999994,,,,,,,,,,,,,9999.0,,,,,,,,,,,,,,,,
1947,9,15,,,,,,,,,,0.0,,,,,0.0,0.0,,,,,,,,,,,,,,,,-99.0,,,,,,,,,,,,,,,,
1947,9,16,,,,,,,,,,,,,,,,,,,,,,,,,,,,,,,,99.0,,,,,,,,,,,,,,,,
1947,9,17,,,,,,,,,,0.0,,,,,0.0,0.0,,75.92,64.94,,,,,,,,,,,,,-9999.0,,,,,,,,,,,,,,,,
1947,9,18,,,,,,,,,,0.0,,,,,0.0,0.0,,32.0,32.0,,,,,,,,,,,,,,,,,,,,,,,,,,,,,
1947,9,19,,,,,,,,,,0.0,,,,,0.0,0.0,,75.02,62.059999999999995,,,,,,,,,,,,,1.0,,,,,,,,,,,,,,,,
1947,9,20,,,,,,,,,,0.0,,,,,0.0,0.0,,,,,,,,,,,,,,,,0.0,,,,,,,,,,,,,,,,
1947,9,22,,,,,,,,,,0.0,,,,,0.0,0.0,,78.08,60.980000000000004,,,,,,,,,,,,,1.0,,,,,,,,,,,,,,,,
1947,9,23,,,,,,,,,,0.0,,,,,0.0,0.0,,,,,,,,,,,,,,,,,,,,,,,,,,,,,,,,
1947,9,24,,,,,,,,,,,,,,,,,,,,,,,,,,,,,,,,99.0,,,,,,,,,,,,,,,,
1947,9,25,,,,,,,,,,0.0,,,,,0.0,0.0,,80.96,64.94,,,,,,,,,,,,,1.0,,,,,,,,,,,,,,,,
1947,9,26,,,,,,,,,,0.0,,,,,0.0,0.0,,32.0,32.0,,,,,,,,,,,,,0.0,,,,,,,,,,,,,,,,
1947,9,27,,,,,,,,,,28.0,,,,,0.0,0.0,,71.06,66.02,,,,,,,,,,,,,1.0,,,,,,,,,,,,,,,,
1947,9,28,,,,,,,,,,0.0,,,,,0.0,0.0,,,,,,,,,,,,,,,,,,,,,,,,,,,,,,,,
1947,9,30,,,,,,,,,,0.0,,,,,0.0,0.0,,75.92,57.92,,,,,,,,,,,,,9999.0,,,,,,,,,,,,,,,,
1947,9,31,,,,,,,,,,0.0,,,,,0.0,0.0,,,,,,,,,,,,,,,,-99.0,,,,,,,,,,,,,,,,
1947,10,1,,,,,,,,,,0.0,,,,,0.0,0.0,,75.02,60.980000000000004,,,,,,,,,,,,,-9999.0,,-9999.0,,,,,,,,,,,,,,
1947,10,2,,,,,,,,,,0.0,,,,,0.0,0.0,,32.0,32.0,,,,,,,,,,,,,-9.0,,-9.0,,,,,,,,,,,,,,
1947,10,3,,,,,,,,,,0.0,,,,,0.0,0.0,,75.02,60.08,,,,,,,,,,,,,999.0,,999.0,,,,,,,,,,,,,,
1947,10,4,,,,,,,,,,0.0,,,,,0.0,0.0,,,,,,,,,,,,,,,,,,-999.0,,,,,,,,,,,,,,
1947,10,6,,,,,,,,,,0.0,,,,,0.0,0.0,,75.02,59.0,,,,,,,,,,,,,1.0,,9999.0,,,,,,,,,,,,,,
1947,10,7,,,,,,,,,,0.0,,,,,0.0,0.0,,,,,,,,,,,,,,,,0.0,,-99.0,,,,,,,,,,,,,,
1947,10,8,,,,,,,,,,,,,,,,,,,,,,,,,,,,,,,,,,99.0,,,,,,,,,,,,,,
1947,10,9,,,,,,,,,,0.0,,,,,0.0,0.0,,75.92,64.04,,,,,,,,,,,,,-9999.0,,-9999.0,,,,,,,,,,,,,,
1947,10,10,,,,,,,,,,0.0,,,,,0.0,0.0,,32.0,32.0,,,,,,,,,,,,,-9.0,,-9.0,,,,,,,,,,,,,,
1947,10,11,,,,,,,,,,0.0,,,,,0.0,0.0,,78.08,60.08,,,,,,,,,,,,,999.0,,999.0,,,,,,,,,,,,,,
1947,10,12,,,,,,,,,,0.0,,,,,0.0,0.0,,,,,,,,,,,,,,,,-999.0,,-999.0,,,,,,,,,,,,,,
1947,10,14,,,,,,,,,,0.0,,,,,0.0,0.0,,75.02,57.92,,,,,,,,,,,,,9999.0,,9999.0,,,,,,,,,,,,,,
1947,10,15,,,,,,,,,,0.0,,,,,0.0,0.0,,,,,,,,,,,,,,,,-99.0,,-99.0,,,,,,,,,,,,,,
1947,10,16,,,,,,,,,,,,,,,,,,,,,,,,,,,,,,,,99.0,,99.0,,,,,,,,,,,,,,
1947,10,17,,,,,,,,,,18.0,,,,,0.0,0.0,,71.96,59.0,,,,,,,,,,,,,-9999.0,,-9999.0,,,,,,,,,,,,,,
1947,10,18,,,,,,,,,,0.0,,,,,0.0,0.0,,32.0,32.0,,,,,,,,,,,,,-9.0,,-9.0,,,,,,,,,,,,,,
1947,10,19,,,,,,,,,,0.0,,,,,0.0,0.0,,75.02,53.96,,,,,,,,,,,,,999.0,,999.0,,,,,,,,,,,,,,
1947,10,20,,,,,,,,,,0.0,,,,,0.0,0.0,,,,,,,,,,,,,,,,-999.0,,,,,,,,,,,,,,,,
1947,10,22,,,,,,,,,,0.0,,,,,0.0,0.0,,75.92,55.04,,,,,,,,,,,,,9999.0,,9999.0,,,,,,,,,,,,,,
1947,10,23,,,,,,,,,,0.0,,,,,0.0,0.0,,,,,,,,,,,,,,,,-99.0,,-99.0,,,,,,,,,,,,,,
1947,10,24,,,,,,,,,,,,,,,,,,,,,,,,,,,,,,,,99.0,,99.0,,,,,,,,,,,,,,
1947,10,25,,,,,,,,,,0.0,,,,,0.0,0.0,,71.96,57.92,,,,,,,,,,,,,-9999.0,,-9999.0,,,,,,,,,,,,,,
1947,10,26,,,,,,,,,,0.0,,,,,0.0,0.0,,32.0,32.0,,,,,,,,,,,,,-9.0,,-9.0,,,,,,,,,,,,,,
1947,10,27,,,,,,,,,,,,,,,0.0,0.0,,75.92,60.08,,,,,,,,,,,,,999.0,,999.0,,,,,,,,,,,,,,
1947,10,28,,,,,,,,,,0.0,,,,,0.0,0.0,,,,,,,,,,,,,,,,,,-999.0,,,,,,,,,,,,,,
1947,10,30,,,,,,,,,,0.0,,,,,0.0,0.0,,75.02,57.92,,,,,,,,,,,,,1.0,,9999.0,,,,,,,,,,,,,,
1947,10,31,,,,,,,,,,0.0,,,,,0.0,0.0,,,,,,,,,,,,,,,,0.0,,-99.0,,,,,,,,,,,,,,
1947,11,1,,,,,,,,,,0.0,,,,,0.0,0.0,,73.04,57.92,,,,,,,,,,,,,-9999.0,,-9999.0,,,,,,,,,,,,,,
1947,11,2,,,,,,,,,,,,,,,0.0,0.0,,32.0,32.0,,,,,,,,,,,,,-9.0,,-9.0,,,,,,,,,,,,,,
1947,11,3,,,,,,,,,,,,,,,0.0,0.0,,68.0,55.94,,,,,,,,,,,,,999.0,,999.0,,,,,,,,,,,,,,
1947,11,4,,,,,,,,,,0.0,,,,,0.0,0.0,,,,,,,,,,,,,,,,-999.0,,-999.0,,,,,,,,,,,,,,
1947,11,6,,,,,,,,,,0.0,,,,,0.0,0.0,,73.04,50.0,,,,,,,,,,,,,9999.0,,9999.0,,,,,,,,,,,,,,
1947,11,7,,,,,,,,,,0.0,,,,,0.0,0.0,,,,,,,,,,,,,,,,-99.0,,-99.0,,,,,,,,,,,,,,
1947,11,8,,,,,,,,,,,,,,,,,,,,,,,,,,,,,,,,99.0,,99.0,,,,,,,,,,,,,,
1947,11,9,,,,,,,,,,0.0,,,,,0.0,0.0,,69.98,48.02,,,,,,,,,,,,,-9999.0,,-9999.0,,,,,,,,,,,,,,
1947,11,10,,,,,,,,,,0.0,,,,,0.0,0.0,,32.0,32.0,,,,,,,,,,,,,-9.0,,-9.0,,,,,,,,,,,,,,
1947,11,11,,,,,,,,,,0.0,,,,,0.0,0.0,,73.04,46.94,,,,,,,,,,,,,999.0,,999.0,,,,,,,,,,,,,,
1947,11,12,,,,,,,,,,0.0,,,,,0.0,0.0,,,,,,,,,,,,,,,,-999.0,,-999.0,,,,,,,,,,,,,,
1947,11,13,,,,,,,,,,,,,,,,,,,,,,,,,,,,,,,,,,9.0,,,,,,,,,,,,,,
1947,11,14,,,,,,,,,,150.0,,,,,0.0,0.0,,64.04,50.0,,,,,,,,,,,,,9999.0,,1.0,,,,,,,,,,,,,,
1947,11,15,,,,,,,,,,0.0,,,,,0.0,0.0,,,32.0,,,,,,,,,,,,,-99.0,,,,,,,,,,,,,,,,
1947,11,16,,,,,,,,,,,,,,,,,,,,,,,,,,,,,,,,99.0,,99.0,,,,,,,,,,,,,,
1947,11,17,,,,,,,,,,0.0,,,,,0.0,0.0,,66.02,46.04,,,,,,,,,,,,,-9999.0,,-9999.0,,,,,,,,,,,,,,
1947,11,18,,,,,,,,,,0.0,,,,,0.0,0.0,,32.0,32.0,,,,,,,,,,,,,-9.0,,-9.0,,,,,,,,,,,,,,
1947,11,19,,,,,,,,,,10.0,,,,,0.0,0.0,,66.02,48.92,,,,,,,,,,,,,999.0,,999.0,,,,,,,,,,,,,,
1947,11,20,,,,,,,,,,0.0,,,,,0.0,0.0,,,,,,,,,,,,,,,,-999.0,,-999.0,,,,,,,,,,,,,,
1947,11,22,,,,,,,,,,0.0,,,,,0.0,0.0,,64.04,51.98,,,,,,,,,,,,,9999.0,,9999.0,,,,,,,,,,,,,,
1947,11,23,,,,,,,,,,0.0,,,,,0.0,0.0,,,,,,,,,,,,,,,,-99.0,,-99.0,,,,,,,,,,,,,,
1947,11,24,,,,,,,,,,,,,,,,,,,,,,,,,,,,,,,,99.0,,99.0,,,,,,,,,,,,,,
1947,11,25,,,,,,,,,,0.0,,,,,0.0,0.0,,64.94,51.98,,,,,,,,,,,,,1.0,,-9999.0,,,,,,,,,,,,,,
1947,11,26,,,,,,,,,,0.0,,,,,0.0,0.0,,32.0,32.0,,,,,,,,,,,,,0.0,,-9.0,,,,,,,,,,,,,,
1947,11,27,,,,,,,,,,0.0,,,,,0.0,0.0,,71.96,48.02,,,,,,,,,,,,,1.0,,999.0,,,,,,,,,,,,,,
1947,11,28,,,,,,,,,,0.0,,,,,0.0,0.0,,,,,,,,,,,,,,,,,,-999.0,,,,,,,,,,,,,,
1947,11,30,,,,,,,,,,,,,,,0.0,0.0,,64.94,51.98,,,,,,,,,,,,,9999.0,,9999.0,,,,,,,,,,,,,,
1947,11,31,,,,,,,,,,0.0,,,,,0.0,0.0,,,32.0,,,,,,,,,,,,,-99.0,,-99.0,,,,,,,,,,,,,,
1947,12,1,,,,,,,,,,218.0,,,,,0.0,0.0,,60.980000000000004,51.98,,,,,,,,,,,,,-9999.0,,1.0,,,,,,,,,,,,,,
1947,12,2,,,,,,,,,,0.0,,,,,0.0,0.0,,32.0,32.0,,,,,,,,,,,,,-9.0,,,,,,,,,,,,,,,,
1947,12,3,,,,,,,,,,,,,,,0.0,0.0,,64.04,53.06,,,,,,,,,,,,,999.0,,999.0,,,,,,,,,,,,,,
1947,12,4,,,,,,,,,,0.0,,,,,0.0,0.0,,,,,,,,,,,,,,,,-999.0,,-999.0,,,,,,,,,,,,,,
1947,12,6,,,,,,,,,,226.0,,,,,0.0,0.0,,59.0,53.96,,,,,,,,,,,,,9999.0,,9999.0,,,,,,,,,,,,,,
1947,12,7,,,,,,,,,,,,,,,0.0,0.0,,,,,,,,,,,,,,,,-99.0,,,,,,,,,,,,,,,,
1947,12,8,,,,,,,,,,,,,,,,,,,,,,,,,,,,,,,,99.0,,,,,,,,,,,,,,,,
1947,12,9,,,,,,,,,,38.0,,,,,0.0,0.0,,60.980000000000004,48.92,,,,,,,,,,,,,-9999.0,,-9999.0,,,,,,,,,,,,,,
1947,12,10,,,,,,,,,,0.0,,,,,0.0,0.0,,32.0,32.0,,,,,,,,,,,,,-9.0,,-9.0,,,,,,,,,,,,,,
1947,12,11,,,,,,,,,,18.0,,,,,0.0,0.0,,60.08,48.02,,,,,,,,,,,,,999.0,,999.0,,,,,,,,,,,,,,
1947,12,12,,,,,,,,,,0.0,,,,,0.0,0.0,,,,,,,,,,,,,,,,-999.0,,-999.0,,,,,,,,,,,,,,
1947,12,14,,,,,,,,,,0.0,,,,,0.0,0.0,,62.959999999999994,41.0,,,,,,,,,,,,,9999.0,,9999.0,,,,,,,,,,,,,,
1947,12,15,,,,,,,,,,0.0,,,,,0.0,0.0,,,32.0,,,,,,,,,,,,,-99.0,,-99.0,,,,,,,,,,,,,,
1947,12,16,,,,,,,,,,,,,,,,,,,,,,,,,,,,,,,,99.0,,99.0,,,,,,,,,,,,,,
1947,12,17,,,,,,,,,,0.0,,,,,0.0,0.0,,62.059999999999995,39.02,,,,,,,,,,,,,-9999.0,,-9999.0,,,,,,,,,,,,,,
1947,12,18,,,,,,,,,,0.0,,,,,0.0,0.0,,32.0,32.0,,,,,,,,,,,,,-9.0,,-9.0,,,,,,,,,,,,,,
1947,12,19,,,,,,,,,,0.0,,,,,0.0,0.0,,69.08,41.0,,,,,,,,,,,,,999.0,,999.0,,,,,,,,,,,,,,
1947,12,20,,,,,,,,,,0.0,,,,,0.0,0.0,,,,,,,,,,,,,,,,-999.0,,-999.0,,,,,,,,,,,,,,
1947,12,22,,,,,,,,,,0.0,,,,,0.0,0.0,,60.08,41.0,,,,,,,,,,,,,9999.0,,9999.0,,,,,,,,,,,,,,
1947,12,23,,,,,,,,,,0.0,,,,,0.0,0.0,,,32.0,,,,,,,,,,,,,-99.0,,-99.0,,,,,,,,,,,,,,
1947,12,24,,,,,,,,,,,,,,,,,,,,,,,,,,,,,,,,99.0,,99.0,,,,,,,,,,,,,,
1947,12,25,,,,,,,,,,0.0,,,,,0.0,0.0,,73.94,42.980000000000004,,,,,,,,,,,,,-9999.0,,-9999.0,,,,,,,,,,,,,,
1947,12,26,,,,,,,,,,0.0,,,,,0.0,0.0,,32.0,32.0,,,,,,,,,,,,,,,-9.0,,,,,,,,,,,,,,
1947,12,27,,,,,,,,,,,,,,,0.0,0.0,,64.04,42.08,,,,,,,,,,,,,1.0,,999.0,,,,,,,,,,,,,,
1947,12,28,,,,,,,,,,0.0,,,,,0.0,0.0,,,,,,,,,,,,,,,,,,-999.0,,,,,,,,,,,,,,
1947,12,30,,,,,,,,,,0.0,,,,,0.0,0.0,,69.08,46.04,,,,,,,,,,,,,9999.0,,9999.0,,,,,,,,,,,,,,
1947,12,31,,,,,,,,,,0.0,,,,,0.0,0.0,,,32.0,,,,,,,,,,,,,-99.0,,-99.0,,,,,,,,,,,,,,
1948,1,1,,,,,,,,,,0.0,,,,,0.0,0.0,,60.980000000000004,39.92,,,,,,,,,,,,,-9999.0,,,,,,-9999.0,,,,,,-9999.0,,,,
1948,1,2,,,,,,,,,,0.0,,,,,0.0,0.0,,32.0,32.0,,,,,,,,,,,,,-9.0,,,,,,,,,,,,,,,,
1948,1,3,,,,,,,,,,,,,,,0.0,0.0,,62.059999999999995,41.0,,,,,,,,,,,,,999.0,,,,,,1.0,,,,,,1.0,,,,
1948,1,4,,,,,,,,,,0.0,,,,,0.0,0.0,,,,,,,,,,,,,,,,-999.0,,,,,,,,,,,,,,,,
1948,1,5,,,,,,,,,,,,,,,,,,,,,,,,,,,,,,,,9.0,,,,,,9.0,,,,,,,,,,
1948,1,6,,,,,,,,,,0.0,,,,,0.0,0.0,,59.0,51.08,,,,,,,,,,,,,1.0,,,,,,1.0,,,,,,9999.0,,,,
1948,1,7,,,,,,,,,,0.0,,,,,0.0,0.0,,,32.0,,,,,,,,,,,,,0.0,,,,,,,,,,,,-99.0,,,,
1948,1,8,,,,,,,,,,,,,,,,,,,,,,,,,,,,,,,,,,,,,,,,,,,,99.0,,,,
1948,1,9,,,,,,,,,,0.0,,,,,0.0,0.0,,69.08,48.02,,,,,,,,,,,,,1.0,,,,,,1.0,,,,,,-9999.0,,,,
1948,1,10,,,,,,,,,,0.0,,,,,0.0,0.0,,32.0,32.0,,,,,,,,,,,,,0.0,,,,,,,,,,,,-9.0,,,,
1948,1,11,,,,,,,,,,0.0,,,,,0.0,0.0,,66.02,46.04,,,,,,,,,,,,,1.0,,,,,,1.0,,,,,,999.0,,,,
1948,1,12,,,,,,,,,,0.0,,,,,0.0,0.0,,,,,,,,,,,,,,,,0.0,,,,,,,,,,,,-999.0,,,,
1948,1,14,,,,,,,,,,0.0,,,,,0.0,0.0,,75.92,50.0,,,,,,,,,,,,,1.0,,,,,,1.0,,,,,,9999.0,,,,
1948,1,15,,,,,,,,,,0.0,,,,,0.0,0.0,,,,,,,,,,,,,,,,0.0,,,,,,,,,,,,-99.0,,,,
1948,1,16,,,,,,,,,,,,,,,,,,,,,,,,,,,,,,,,,,,,,,,,,,,,99.0,,,,
1948,1,17,,,,,,,,,,0.0,,,,,0.0,0.0,,60.08,44.96,,,,,,,,,,,,,1.0,,,,,,1.0,,,,,,-9999.0,,,,
1948,1,18,,,,,,,,,,0.0,,,,,0.0,0.0,,32.0,32.0,,,,,,,,,,,,,0.0,,,,,,,,,,,,-9.0,,,,
1948,1,19,,,,,,,,,,0.0,,,,,0.0,0.0,,69.98,46.04,,,,,,,,,,,,,1.0,,,,,,1.0,,,,,,999.0,,,,
1948,1,20,,,,,,,,,,0.0,,,,,0.0,0.0,,,,,,,,,,,,,,,,0.0,,,,,,,,,,,,-999.0,,,,
1948,1,22,,,,,,,,,,0.0,,,,,0.0,0.0,,77.0,46.94,,,,,,,,,,,,,9999.0,,,,,,9999.0,,,,,,9999.0,,,,
1948,1,23,,,,,,,,,,0.0,,,,,0.0,0.0,,,32.0,,,,,,,,,,,,,-99.0,,,,,,-99.0,,,,,,-99.0,,,,
1948,1,24,,,,,,,,,,,,,,,,,,,,,,,,,,,,,,,,99.0,,,,,,99.0,,,,,,99.0,,,,
1948,1,25,,,,,,,,,,0.0,,,,,0.0,0.0,,80.06,44.96,,,,,,,,,,,,,-9999.0,,,,,,-9999.0,,,,,,-9999.0,,,,
1948,1,26,,,,,,,,,,0.0,,,,,0.0,0.0,,32.0,32.0,,,,,,,,,,,,,,,,,,,-9.0,,,,,,-9.0,,,,
1948,1,27,,,,,,,,,,0.0,,,,,0.0,0.0,,69.98,41.0,,,,,,,,,,,,,1.0,,,,,,999.0,,,,,,999.0,,,,
1948,1,28,,,,,,,,,,0.0,,,,,0.0,0.0,,,,,,,,,,,,,,,,0.0,,,,,,,,,,,,-999.0,,,,
1948,1,30,,,,,,,,,,0.0,,,,,0.0,0.0,,68.0,39.02,,,,,,,,,,,,,1.0,,,,,,1.0,,,,,,9999.0,,,,
1948,1,31,,,,,,,,,,0.0,,,,,0.0,0.0,,,32.0,,,,,,,,,,,,,,,,,,,,,,,,,-99.0,,,,
1948,2,1,,,,,,,,,,0.0,,,,,0.0,0.0,,62.059999999999995,42.08,,,,,,,,,,,,,1.0,,,,-9999.0,,1.0,,,,,,-9999.0,,,,
1948,2,2,,,,,,,,,,0.0,,,,,0.0,0.0,,32.0,32.0,,,,,,,,,,,,,,,,,-9.0,,,,,,,,,,,,
1948,2,3,,,,,,,,,,13.0,,,,,0.0,0.0,,60.08,44.06,,,,,,,,,,,,,999.0,,,,999.0,,999.0,,,,,,1.0,,,,
1948,2,4,,,,,,,,,,0.0,,,,,0.0,0.0,,,,,,,,,,,,,,,,-999.0,,,,-999.0,,-999.0,,,,,,,,,,
1948,2,6,,,,,,,,,,0.0,,,,,0.0,0.0,,60.980000000000004,44.96,,,,,,,,,,,,,9999.0,,,,9999.0,,9999.0,,,,,,9999.0,,,,
1948,2,7,,,,,,,,,,,,,,,0.0,0.0,,,32.0,,,,,,,,,,,,,-99.0,,,,,,-99.0,,,,,,,,,,
1948,2,8,,,,,,,,,,,,,,,,,,,,,,,,,,,,,,,,99.0,,,,,,99.0,,,,,,,,,,
1948,2,9,,,,,,,,,,25.0,,,,,0.0,0.0,,60.08,46.04,,,,,,,,,,,,,-9999.0,,,,-9999.0,,-9999.0,,,,,,1.0,,,,
1948,2,10,,,,,,,,,,0.0,,,,,0.0,0.0,,32.0,32.0,,,,,,,,,,,,,-9.0,,,,-9.0,,-9.0,,,,,,,,,,
1948,2,11,,,,,,,,,,13.0,,,,,0.0,0.0,,59.0,42.08,,,,,,,,,,,,,999.0,,,,999.0,,999.0,,,,,,1.0,,,,
1948,2,12,,,,,,,,,,0.0,,,,,0.0,0.0,,,,,,,,,,,,,,,,-999.0,,,,-999.0,,-999.0,,,,,,,,,,
1948,2,14,,,,,,,,,,0.0,,,,,0.0,0.0,,64.94,41.0,,,,,,,,,,,,,9999.0,,,,9999.0,,9999.0,,,,,,9999.0,,,,
1948,2,15,,,,,,,,,,0.0,,,,,0.0,0.0,,,32.0,,,,,,,,,,,,,-99.0,,,,-99.0,,-99.0,,,,,,-99.0,,,,
1948,2,16,,,,,,,,,,,,,,,,,,,,,,,,,,,,,,,,99.0,,,,99.0,,99.0,,,,,,99.0,,,,
1948,2,17,,,,,,,,,,0.0,,,,,0.0,0.0,,60.980000000000004,41.0,,,,,,,,,,,,,-9999.0,,,,-9999.0,,-9999.0,,,,,,-9999.0,,,,
1948,2,18,,,,,,,,,,0.0,,,,,0.0,0.0,,32.0,32.0,,,,,,,,,,,,,-9.0,,,,-9.0,,-9.0,,,,,,-9.0,,,,
1948,2,19,,,,,,,,,,0.0,,,,,0.0,0.0,,57.92,39.02,,,,,,,,,,,,,999.0,,,,999.0,,999.0,,,,,,999.0,,,,
1948,2,20,,,,,,,,,,0.0,,,,,0.0,0.0,,,,,,,,,,,,,,,,-999.0,,,,-999.0,,,,,,,,-999.0,,,,
1948,2,22,,,,,,,,,,0.0,,,,,0.0,0.0,,64.04,44.96,,,,,,,,,,,,,9999.0,,,,9999.0,,1.0,,,,,,9999.0,,,,
1948,2,23,,,,,,,,,,0.0,,,,,0.0,0.0,,,32.0,,,,,,,,,,,,,,,,,-99.0,,,,,,,,-99.0,,,,
1948,2,24,,,,,,,,,,,,,,,,,,,,,,,,,,,,,,,,,,,,99.0,,99.0,,,,,,99.0,,,,
1948,2,25,,,,,,,,,,0.0,,,,,0.0,0.0,,78.08,46.04,,,,,,,,,,,,,-9999.0,,,,-9999.0,,1.0,,,,,,-9999.0,,,,
1948,2,26,,,,,,,,,,0.0,,,,,0.0,0.0,,32.0,32.0,,,,,,,,,,,,,-9.0,,,,-9.0,,,,,,,,-9.0,,,,
1948,2,27,,,,,,,,,,0.0,,,,,0.0,0.0,,75.92,51.98,,,,,,,,,,,,,999.0,,,,999.0,,1.0,,,,,,999.0,,,,
1948,2,28,,,,,,,,,,0.0,,,,,0.0,0.0,,,,,,,,,,,,,,,,-999.0,,,,-999.0,,,,,,,,-999.0,,,,
1948,2,30,,,,,,,,,,0.0,,,,,0.0,0.0,,62.059999999999995,48.02,,,,,,,,,,,,,9999.0,,,,9999.0,,9999.0,,,,,,9999.0,,,,
1948,2,31,,,,,,,,,,0.0,,,,,0.0,0.0,,,32.0,,,,,,,,,,,,,,,,,-99.0,,-99.0,,,,,,-99.0,,,,
1948,3,1,,,,,,,,,,0.0,,,,,0.0,0.0,,60.08,46.94,,,,,,,,,,,,,-9999.0,,,,,,-9999.0,,,,,,-9999.0,,,,
1948,3,2,,,,,,,,,,0.0,,,,,0.0,0.0,,32.0,32.0,,,,,,,,,,,,,-9.0,,,,,,-9.0,,,,,,,,,,
1948,3,3,,,,,,,,,,,,,,,0.0,0.0,,60.980000000000004,42.980000000000004,,,,,,,,,,,,,999.0,,,,,,999.0,,,,,,1.0,,,,
1948,3,4,,,,,,,,,,0.0,,,,,0.0,0.0,,,,,,,,,,,,,,,,-999.0,,,,,,-999.0,,,,,,,,,,
1948,3,6,,,,,,,,,,0.0,,,,,0.0,0.0,,66.92,44.96,,,,,,,,,,,,,9999.0,,,,,,9999.0,,,,,,9999.0,,,,
1948,3,7,,,,,,,,,,0.0,,,,,0.0,0.0,,,32.0,,,,,,,,,,,,,-99.0,,,,,,-99.0,,,,,,-99.0,,,,
1948,3,8,,,,,,,,,,,,,,,,,,,,,,,,,,,,,,,,99.0,,,,,,99.0,,,,,,99.0,,,,
1948,3,9,,,,,,,,,,0.0,,,,,0.0,0.0,,62.059999999999995,42.08,,,,,,,,,,,,,-9999.0,,,,,,-9999.0,,,,,,-9999.0,,,,
1948,3,10,,,,,,,,,,0.0,,,,,0.0,0.0,,32.0,32.0,,,,,,,,,,,,,-9.0,,,,,,-9.0,,,,,,-9.0,,,,
1948,3,11,,,,,,,,,,0.0,,,,,0.0,0.0,,62.959999999999994,44.96,,,,,,,,,,,,,999.0,,,,,,999.0,,,,,,999.0,,,,
1948,3,12,,,,,,,,,,0.0,,,,,0.0,0.0,,,,,,,,,,,,,,,,-999.0,,,,,,-999.0,,,,,,,,,,
1948,3,14,,,,,,,,,,15.0,,,,,0.0,0.0,,60.980000000000004,53.06,,,,,,,,,,,,,9999.0,,,,,,9999.0,,,,,,1.0,,,,
1948,3,15,,,,,,,,,,0.0,,,,,0.0,0.0,,,,,,,,,,,,,,,,-99.0,,,,,,-99.0,,,,,,,,,,
1948,3,16,,,,,,,,,,,,,,,,,,,,,,,,,,,,,,,,99.0,,,,,,99.0,,,,,,99.0,,,,
1948,3,17,,,,,,,,,,0.0,,,,,0.0,0.0,,71.96,44.96,,,,,,,,,,,,,-9999.0,,,,,,-9999.0,,,,,,-9999.0,,,,
1948,3,18,,,,,,,,,,0.0,,,,,0.0,0.0,,32.0,32.0,,,,,,,,,,,,,-9.0,,,,,,-9.0,,,,,,-9.0,,,,
1948,3,19,,,,,,,,,,0.0,,,,,0.0,0.0,,71.06,44.96,,,,,,,,,,,,,999.0,,,,,,999.0,,,,,,999.0,,,,
1948,3,20,,,,,,,,,,,,,,,0.0,0.0,,,,,,,,,,,,,,,,-999.0,,,,,,-999.0,,,,,,,,,,
1948,3,22,,,,,,,,,,43.0,,,,,0.0,0.0,,62.959999999999994,48.92,,,,,,,,,,,,,9999.0,,,,,,9999.0,,,,,,1.0,,,,
1948,3,23,,,,,,,,,,0.0,,,,,0.0,0.0,,,32.0,,,,,,,,,,,,,-99.0,,,,,,-99.0,,,,,,,,,,
1948,3,24,,,,,,,,,,,,,,,,,,,,,,,,,,,,,,,,99.0,,,,,,99.0,,,,,,,,,,
1948,3,25,,,,,,,,,,0.0,,,,,0.0,0.0,,62.959999999999994,44.96,,,,,,,,,,,,,-9999.0,,,,,,-9999.0,,,,,,-9999.0,,,,
1948,3,26,,,,,,,,,,0.0,,,,,0.0,0.0,,32.0,32.0,,,,,,,,,,,,,-9.0,,,,,,-9.0,,,,,,,,,,
1948,3,27,,,,,,,,,,122.0,,,,,0.0,0.0,,60.980000000000004,48.02,,,,,,,,,,,,,999.0,,,,,,999.0,,,,,,1.0,,,,
1948,3,28,,,,,,,,,,0.0,,,,,0.0,0.0,,,,,,,,,,,,,,,,-999.0,,,,,,-999.0,,,,,,,,,,
1948,3,30,,,,,,,,,,30.0,,,,,0.0,0.0,,59.0,51.08,,,,,,,,,,,,,9999.0,,,,,,9999.0,,,,,,1.0,,,,
1948,3,31,,,,,,,,,,0.0,,,,,0.0,0.0,,,32.0,,,,,,,,,,,,,-99.0,,,,,,-99.0,,,,,,,,,,
1948,4,1,,,,,,,,,,0.0,,,,,0.0,0.0,,66.02,55.04,,,,,,,,,,,,,-9999.0,,,,,,-9999.0,,,,,,-9999.0,,,,
1948,4,2,,,,,,,,,,0.0,,,,,0.0,0.0,,32.0,32.0,,,,,,,,,,,,,-9.0,,,,,,-9.0,,,,,,,,,,
1948,4,3,,,,,,,,,,,,,,,0.0,0.0,,64.04,55.04,,,,,,,,,,,,,999.0,,,,,,999.0,,,,,,1.0,,,,
1948,4,4,,,,,,,,,,,,,,,0.0,0.0,,,,,,,,,,,,,,,,-999.0,,,,,,,,,,,,,,,,
1948,4,6,,,,,,,,,,,,,,,0.0,0.0,,62.059999999999995,50.0,,,,,,,,,,,,,9999.0,,,,,,9999.0,,,,,,1.0,,,,
1948,4,7,,,,,,,,,,0.0,,,,,0.0,0.0,,,32.0,,,,,,,,,,,,,-99.0,,,,,,-99.0,,,,,,,,,,
1948,4,8,,,,,,,,,,,,,,,,,,,,,,,,,,,,,,,,99.0,,,,,,99.0,,,,,,99.0,,,,
1948,4,9,,,,,,,,,,0.0,,,,,0.0,0.0,,64.94,51.98,,,,,,,,,,,,,-9999.0,,,,,,-9999.0,,,,,,1.0,,,,
1948,4,10,,,,,,,,,,,,,,,0.0,0.0,,32.0,32.0,,,,,,,,,,,,,-9.0,,,,,,-9.0,,,,,,,,,,
1948,4,11,,,,,,,,,,0.0,,,,,0.0,0.0,,64.94,48.02,,,,,,,,,,,,,999.0,,,,,,999.0,,,,,,999.0,,,,
1948,4,12,,,,,,,,,,0.0,,,,,0.0,0.0,,,,,,,,,,,,,,,,-999.0,,,,,,-999.0,,,,,,-999.0,,,,
1948,4,14,,,,,,,,,,0.0,,,,,0.0,0.0,,77.0,50.0,,,,,,,,,,,,,9999.0,,,,,,9999.0,,,,,,9999.0,,,,
1948,4,15,,,,,,,,,,0.0,,,,,0.0,0.0,,,,,,,,,,,,,,,,-99.0,,,,,,,,,,,,,,,,
1948,4,16,,,,,,,,,,,,,,,,,,,,,,,,,,,,,,,,99.0,,,,,,,,,,,,,,,,
1948,4,17,,,,,,,,,,0.0,,,,,0.0,0.0,,64.04,50.0,,,,,,,,,,,,,-9999.0,,,,,,-9999.0,,,,,,-9999.0,,,,
1948,4,18,,,,,,,,,,0.0,,,,,0.0,0.0,,32.0,32.0,,,,,,,,,,,,,-9.0,,,,,,-9.0,,,,,,-9.0,,,,
1948,4,19,,,,,,,,,,0.0,,,,,0.0,0.0,,64.94,44.06,,,,,,,,,,,,,999.0,,,,,,999.0,,,,,,999.0,,,,
1948,4,20,,,,,,,,,,0.0,,,,,0.0,0.0,,,,,,,,,,,,,,,,-999.0,,,,,,-999.0,,,,,,-999.0,,,,
1948,4,22,,,,,,,,,,0.0,,,,,0.0,0.0,,84.02,51.98,,,,,,,,,,,,,9999.0,,,,,,9999.0,,,,,,9999.0,,,,
1948,4,23,,,,,,,,,,0.0,,,,,0.0,0.0,,,,,,,,,,,,,,,,-99.0,,,,,,-99.0,,,,,,-99.0,,,,
1948,4,24,,,,,,,,,,,,,,,,,,,,,,,,,,,,,,,,99.0,,,,,,99.0,,,,,,99.0,,,,
1948,4,25,,,,,,,,,,0.0,,,,,0.0,0.0,,87.08000000000001,57.92,,,,,,,,,,,,,-9999.0,,,,,,1.0,,,,,,-9999.0,,,,
1948,4,26,,,,,,,,,,0.0,,,,,0.0,0.0,,32.0,32.0,,,,,,,,,,,,,-9.0,,,,,,,,,,,,-9.0,,,,
1948,4,27,,,,,,,,,,0.0,,,,,0.0,0.0,,78.08,57.02,,,,,,,,,,,,,999.0,,,,,,999.0,,,,,,999.0,,,,
1948,4,28,,,,,,,,,,0.0,,,,,0.0,0.0,,,,,,,,,,,,,,,,-999.0,,,,,,-999.0,,,,,,-999.0,,,,
1948,4,29,,,,,,,,,,,,,,,,,,,,,,,,,,,,,,,,9.0,,,,,,9.0,,,,,,,,,,
1948,4,30,,,,,,,,,,0.0,,,,,0.0,0.0,,66.02,53.96,,,,,,,,,,,,,1.0,,,,,,1.0,,,,,,9999.0,,,,
1948,4,31,,,,,,,,,,0.0,,,,,0.0,0.0,,,,,,,,,,,,,,,,,,,,,,,,,,,,-99.0,,,,
1948,5,1,,,,,,,,,,0.0,,,,,0.0,0.0,,68.0,51.98,,,,,,,,,,,,,-9999.0,,,,,,-9999.0,,,,,,-9999.0,,,,
1948,5,2,,,,,,,,,,0.0,,,,,0.0,0.0,,32.0,32.0,,,,,,,,,,,,,-9.0,,,,,,-9.0,,,,,,-9.0,,,,
1948,5,3,,,,,,,,,,0.0,,,,,0.0,0.0,,69.08,51.98,,,,,,,,,,,,,999.0,,,,,,999.0,,,,,,999.0,,,,
1948,5,4,,,,,,,,,,0.0,,,,,0.0,0.0,,,,,,,,,,,,,,,,,,,,,,-999.0,,,,,,-999.0,,,,
1948,5,5,,,,,,,,,,,,,,,,,,,,,,,,,,,,,,,,,,,,,,9.0,,,,,,,,,,
1948,5,6,,,,,,,,,,0.0,,,,,0.0,0.0,,80.96,55.04,,,,,,,,,,,,,1.0,,,,,,1.0,,,,,,9999.0,,,,
1948,5,7,,,,,,,,,,0.0,,,,,0.0,0.0,,,,,,,,,,,,,,,,0.0,,,,,,,,,,,,-99.0,,,,
1948,5,8,,,,,,,,,,,,,,,,,,,,,,,,,,,,,,,,,,,,,,99.0,,,,,,99.0,,,,
1948,5,9,,,,,,,,,,0.0,,,,,0.0,0.0,,69.98,57.02,,,,,,,,,,,,,1.0,,,,,,1.0,,,,,,-9999.0,,,,
1948,5,10,,,,,,,,,,0.0,,,,,0.0,0.0,,32.0,32.0,,,,,,,,,,,,,,,,,,,,,,,,,-9.0,,,,
1948,5,11,,,,,,,,,,0.0,,,,,0.0,0.0,,68.0,57.02,,,,,,,,,,,,,999.0,,,,,,1.0,,,,,,999.0,,,,
1948,5,12,,,,,,,,,,0.0,,,,,0.0,0.0,,,,,,,,,,,,,,,,-999.0,,,,,,,,,,,,-999.0,,,,
1948,5,14,,,,,,,,,,0.0,,,,,0.0,0.0,,69.08,53.06,,,,,,,,,,,,,9999.0,,,,,,9999.0,,,,,,9999.0,,,,
1948,5,15,,,,,,,,,,0.0,,,,,0.0,0.0,,,,,,,,,,,,,,,,-99.0,,,,,,-99.0,,,,,,-99.0,,,,
1948,5,16,,,,,,,,,,,,,,,,,,,,,,,,,,,,,,,,99.0,,,,,,99.0,,,,,,99.0,,,,
1948,5,17,,,,,,,,,,0.0,,,,,0.0,0.0,,69.98,53.06,,,,,,,,,,,,,-9999.0,,,,,,-9999.0,,,,,,-9999.0,,,,
1948,5,18,,,,,,,,,,0.0,,,,,0.0,0.0,,32.0,32.0,,,,,,,,,,,,,-9.0,,,,,,-9.0,,,,,,-9.0,,,,
1948,5,19,,,,,,,,,,0.0,,,,,0.0,0.0,,71.96,53.96,,,,,,,,,,,,,999.0,,,,,,999.0,,,,,,999.0,,,,
1948,5,20,,,,,,,,,,0.0,,,,,0.0,0.0,,,,,,,,,,,,,,,,,,,,,,,,,,,,-999.0,,,,
1948,5,22,,,,,,,,,,0.0,,,,,0.0,0.0,,77.0,55.94,,,,,,,,,,,,,1.0,,,,,,1.0,,,,,,9999.0,,,,
1948,5,23,,,,,,,,,,0.0,,,,,0.0,0.0,,,,,,,,,,,,,,,,0.0,,,,,,,,,,,,,,,,
1948,5,25,,,,,,,,,,0.0,,,,,0.0,0.0,,75.02,53.96,,,,,,,,,,,,,1.0,,,,,,1.0,,,,,,-9999.0,,,,
1948,5,26,,,,,,,,,,0.0,,,,,0.0,0.0,,32.0,32.0,,,,,,,,,,,,,0.0,,,,,,,,,,,,-9.0,,,,
1948,5,27,,,,,,,,,,0.0,,,,,0.0,0.0,,73.04,53.96,,,,,,,,,,,,,1.0,,,,,,1.0,,,,,,999.0,,,,
1948,5,28,,,,,,,,,,0.0,,,,,0.0,0.0,,,,,,,,,,,,,,,,,,,,,,,,,,,,,,,,
1948,5,30,,,,,,,,,,3.0,,,,,0.0,0.0,,68.0,53.06,,,,,,,,,,,,,9999.0,,,,,,9999.0,,,,,,1.0,,,,
1948,5,31,,,,,,,,,,0.0,,,,,0.0,0.0,,,,,,,,,,,,,,,,-99.0,,,,,,-99.0,,,,,,,,,,
1948,6,1,,,,,,,,,,0.0,,,,,0.0,0.0,,66.02,57.02,,,,,,,,,,,,,-9999.0,,,,,,-9999.0,,,,,,1.0,,,,
1948,6,2,,,,,,,,,,,,,,,0.0,0.0,,32.0,32.0,,,,,,,,,,,,,-9.0,,,,,,-9.0,,,,,,,,,,
1948,6,3,,,,,,,,,,5.0,,,,,0.0,0.0,,71.96,57.02,,,,,,,,,,,,,999.0,,,,,,999.0,,,,,,1.0,,,,
1948,6,4,,,,,,,,,,0.0,,,,,0.0,0.0,,,,,,,,,,,,,,,,-999.0,,,,,,,,,,,,,,,,
1948,6,5,,,,,,,,,,,,,,,,,,,,,,,,,,,,,,,,,,,,,,,,,,,,9.0,,,,
1948,6,6,,,,,,,,,,,,,,,0.0,0.0,,64.94,57.92,,,,,,,,,,,,,9999.0,,,,,,9999.0,,,,,,1.0,,,,
1948,6,7,,,,,,,,,,0.0,,,,,0.0,0.0,,,,,,,,,,,,,,,,-99.0,,,,,,-99.0,,,,,,,,,,
1948,6,8,,,,,,,,,,,,,,,,,,,,,,,,,,,,,,,,99.0,,,,,,99.0,,,,,,99.0,,,,
1948,6,9,,,,,,,,,,0.0,,,,,0.0,0.0,,69.08,51.98,,,,,,,,,,,,,-9999.0,,,,,,-9999.0,,,,,,-9999.0,,,,
1948,6,10,,,,,,,,,,0.0,,,,,0.0,0.0,,32.0,32.0,,,,,,,,,,,,,-9.0,,,,,,-9.0,,,,,,-9.0,,,,
1948,6,11,,,,,,,,,,0.0,,,,,0.0,0.0,,71.06,57.02,,,,,,,,,,,,,999.0,,,,,,999.0,,,,,,999.0,,,,
1948,6,12,,,,,,,,,,0.0,,,,,0.0,0.0,,,,,,,,,,,,,,,,-999.0,,,,,,-999.0,,,,,,-999.0,,,,
1948,6,14,,,,,,,,,,0.0,,,,,0.0,0.0,,71.06,55.04,,,,,,,,,,,,,9999.0,,,,,,9999.0,,,,,,9999.0,,,,
1948,6,15,,,,,,,,,,0.0,,,,,0.0,0.0,,,,,,,,,,,,,,,,-99.0,,,,,,-99.0,,,,,,-99.0,,,,
1948,6,16,,,,,,,,,,,,,,,,,,,,,,,,,,,,,,,,99.0,,,,,,99.0,,,,,,99.0,,,,
1948,6,17,,,,,,,,,,0.0,,,,,0.0,0.0,,73.94,57.92,,,,,,,,,,,,,-9999.0,,,,,,-9999.0,,,,,,-9999.0,,,,
1948,6,18,,,,,,,,,,0.0,,,,,0.0,0.0,,32.0,32.0,,,,,,,,,,,,,-9.0,,,,,,-9.0,,,,,,-9.0,,,,
1948,6,19,,,,,,,,,,0.0,,,,,0.0,0.0,,73.04,60.08,,,,,,,,,,,,,999.0,,,,,,999.0,,,,,,999.0,,,,
1948,6,20,,,,,,,,,,0.0,,,,,0.0,0.0,,,,,,,,,,,,,,,,-999.0,,,,,,,,,,,,-999.0,,,,
1948,6,22,,,,,,,,,,0.0,,,,,0.0,0.0,,71.06,57.92,,,,,,,,,,,,,9999.0,,,,,,9999.0,,,,,,9999.0,,,,
1948,6,23,,,,,,,,,,0.0,,,,,0.0,0.0,,,,,,,,,,,,,,,,-99.0,,,,,,-99.0,,,,,,-99.0,,,,
1948,6,24,,,,,,,,,,,,,,,,,,,,,,,,,,,,,,,,99.0,,,,,,99.0,,,,,,99.0,,,,
1948,6,25,,,,,,,,,,0.0,,,,,0.0,0.0,,73.94,60.08,,,,,,,,,,,,,-9999.0,,,,,,-9999.0,,,,,,-9999.0,,,,
1948,6,26,,,,,,,,,,0.0,,,,,0.0,0.0,,32.0,32.0,,,,,,,,,,,,,-9.0,,,,,,,,,,,,-9.0,,,,
1948,6,27,,,,,,,,,,0.0,,,,,0.0,0.0,,73.04,60.08,,,,,,,,,,,,,999.0,,,,,,1.0,,,,,,999.0,,,,
1948,6,28,,,,,,,,,,0.0,,,,,0.0,0.0,,,,,,,,,,,,,,,,-999.0,,,,,,,,,,,,-999.0,,,,
1948,6,30,,,,,,,,,,0.0,,,,,0.0,0.0,,71.96,59.0,,,,,,,,,,,,,9999.0,,,,,,9999.0,,,,,,9999.0,,,,
1948,6,31,,,,,,,,,,0.0,,,,,0.0,0.0,,,,,,,,,,,,,,,,-99.0,,,,,,-99.0,,,,,,-99.0,,,,
1948,7,1,,,,,,,,,,0.0,,,,,0.0,0.0,,75.92,60.08,,,,,,,,,,,,,1.0,,,,,,1.0,,,,,,-9999.0,,,,
1948,7,2,,,,,,,,,,0.0,,,,,0.0,0.0,,32.0,32.0,,,,,,,,,,,,,,,,,,,,,,,,,-9.0,,,,
1948,7,3,,,,,,,,,,0.0,,,,,0.0,0.0,,71.96,60.08,,,,,,,,,,,,,999.0,,,,,,999.0,,,,,,999.0,,,,
1948,7,4,,,,,,,,,,0.0,,,,,0.0,0.0,,,,,,,,,,,,,,,,-999.0,,,,,,-999.0,,,,,,-999.0,,,,
1948,7,6,,,,,,,,,,0.0,,,,,0.0,0.0,,71.96,57.92,,,,,,,,,,,,,9999.0,,,,,,9999.0,,,,,,9999.0,,,,
1948,7,7,,,,,,,,,,0.0,,,,,0.0,0.0,,,,,,,,,,,,,,,,,,,,,,,,,,,,-99.0,,,,
1948,7,8,,,,,,,,,,,,,,,,,,,,,,,,,,,,,,,,,,,,,,,,,,,,99.0,,,,
1948,7,9,,,,,,,,,,0.0,,,,,0.0,0.0,,78.08,57.02,,,,,,,,,,,,,1.0,,,,,,1.0,,,,,,-9999.0,,,,
1948,7,10,,,,,,,,,,0.0,,,,,0.0,0.0,,32.0,32.0,,,,,,,,,,,,,0.0,,,,,,,,,,,,-9.0,,,,
1948,7,11,,,,,,,,,,0.0,,,,,0.0,0.0,,77.0,57.02,,,,,,,,,,,,,1.0,,,,,,1.0,,,,,,999.0,,,,
1948,7,12,,,,,,,,,,0.0,,,,,0.0,0.0,,,,,,,,,,,,,,,,0.0,,,,,,,,,,,,-999.0,,,,
1948,7,14,,,,,,,,,,0.0,,,,,0.0,0.0,,80.06,57.02,,,,,,,,,,,,,1.0,,,,,,9999.0,,,,,,9999.0,,,,
1948,7,15,,,,,,,,,,0.0,,,,,0.0,0.0,,,,,,,,,,,,,,,,0.0,,,,,,,,,,,,-99.0,,,,
1948,7,16,,,,,,,,,,,,,,,,,,,,,,,,,,,,,,,,,,,,,,,,,,,,99.0,,,,
1948,7,17,,,,,,,,,,0.0,,,,,0.0,0.0,,75.02,60.08,,,,,,,,,,,,,1.0,,,,,,1.0,,,,,,-9999.0,,,,
1948,7,18,,,,,,,,,,0.0,,,,,0.0,0.0,,32.0,32.0,,,,,,,,,,,,,,,,,,,,,,,,,-9.0,,,,
1948,7,19,,,,,,,,,,0.0,,,,,0.0,0.0,,68.0,60.08,,,,,,,,,,,,,999.0,,,,,,1.0,,,,,,999.0,,,,
1948,7,20,,,,,,,,,,0.0,,,,,0.0,0.0,,,,,,,,,,,,,,,,-999.0,,,,,,,,,,,,-999.0,,,,
1948,7,21,,,,,,,,,,,,,,,,,,,,,,,,,,,,,,,,9.0,,,,,,,,,,,,,,,,
1948,7,22,,,,,,,,,,0.0,,,,,0.0,0.0,,73.04,59.0,,,,,,,,,,,,,1.0,,,,,,1.0,,,,,,9999.0,,,,
1948,7,23,,,,,,,,,,0.0,,,,,0.0,0.0,,,,,,,,,,,,,,,,0.0,,,,,,,,,,,,-99.0,,,,
1948,7,24,,,,,,,,,,,,,,,,,,,,,,,,,,,,,,,,,,,,,,,,,,,,99.0,,,,
1948,7,25,,,,,,,,,,0.0,,,,,0.0,0.0,,71.06,60.08,,,,,,,,,,,,,1.0,,,,,,1.0,,,,,,1.0,,,,
1948,7,26,,,,,,,,,,,,,,,0.0,0.0,,32.0,32.0,,,,,,,,,,,,,,,,,,,,,,,,,,,,,
1948,7,27,,,,,,,,,,0.0,,,,,0.0,0.0,,71.96,60.980000000000004,,,,,,,,,,,,,999.0,,,,,,1.0,,,,,,999.0,,,,
1948,7,28,,,,,,,,,,0.0,,,,,0.0,0.0,,,,,,,,,,,,,,,,-999.0,,,,,,,,,,,,-999.0,,,,
1948,7,30,,,,,,,,,,0.0,,,,,0.0,0.0,,68.0,60.08,,,,,,,,,,,,,9999.0,,,,,,9999.0,,,,,,9999.0,,,,
1948,7,31,,,,,,,,,,0.0,,,,,0.0,0.0,,,,,,,,,,,,,,,,-99.0,,,,,,-99.0,,,,,,,,,,
1948,8,1,,,,,,,,,,0.0,,,,,0.0,0.0,,75.02,62.959999999999994,,,,,,,,,,,,,-9999.0,,,,,,1.0,,,,,,,,,,
1948,8,2,,,,,,,,,,0.0,,,,,0.0,0.0,,32.0,32.0,,,,,,,,,,,,,-9.0,,,,,,,,,,,,,,,,
1948,8,3,,,,,,,,,,0.0,,,,,0.0,0.0,,75.02,62.959999999999994,,,,,,,,,,,,,999.0,,,,,,999.0,,,,,,,,,,
1948,8,4,,,,,,,,,,0.0,,,,,0.0,0.0,,,,,,,,,,,,,,,,-999.0,,,,,,,,,,,,,,,,
1948,8,6,,,,,,,,,,0.0,,,,,0.0,0.0,,75.02,64.94,,,,,,,,,,,,,9999.0,,,,,,1.0,,,,,,,,,,
1948,8,7,,,,,,,,,,0.0,,,,,0.0,0.0,,,,,,,,,,,,,,,,-99.0,,,,,,,,,,,,,,,,
1948,8,8,,,,,,,,,,,,,,,,,,,,,,,,,,,,,,,,99.0,,,,,,,,,,,,,,,,
1948,8,9,,,,,,,,,,0.0,,,,,0.0,0.0,,73.94,62.959999999999994,,,,,,,,,,,,,-9999.0,,,,,,1.0,,,,,,,,,,
1948,8,10,,,,,,,,,,0.0,,,,,0.0,0.0,,32.0,32.0,,,,,,,,,,,,,-9.0,,,,,,,,,,,,,,,,
1948,8,11,,,,,,,,,,0.0,,,,,0.0,0.0,,73.94,62.059999999999995,,,,,,,,,,,,,999.0,,,,,,999.0,,,,,,,,,,
1948,8,12,,,,,,,,,,0.0,,,,,0.0,0.0,,,,,,,,,,,,,,,,-999.0,,,,,,-999.0,,,,,,,,,,
1948,8,14,,,,,,,,,,0.0,,,,,0.0,0.0,,75.02,60.08,,,,,,,,,,,,,9999.0,,,,,,9999.0,,,,,,,,,,
1948,8,15,,,,,,,,,,0.0,,,,,0.0,0.0,,,,,,,,,,,,,,,,-99.0,,,,,,,,,,,,,,,,
1948,8,16,,,,,,,,,,,,,,,,,,,,,,,,,,,,,,,,99.0,,,,,,,,,,,,,,,,
1948,8,17,,,,,,,,,,0.0,,,,,0.0,0.0,,75.02,62.059999999999995,,,,,,,,,,,,,-9999.0,,,,,,-9999.0,,,,,,,,,,
1948,8,18,,,,,,,,,,0.0,,,,,0.0,0.0,,32.0,32.0,,,,,,,,,,,,,-9.0,,,,,,-9.0,,,,,,,,,,
1948,8,19,,,,,,,,,,0.0,,,,,0.0,0.0,,73.94,62.059999999999995,,,,,,,,,,,,,999.0,,,,,,999.0,,,,,,,,,,
1948,8,20,,,,,,,,,,0.0,,,,,0.0,0.0,,,,,,,,,,,,,,,,-999.0,,,,,,-999.0,,,,,,,,,,
1948,8,21,,,,,,,,,,,,,,,,,,,,,,,,,,,,,,,,,,,,,,9.0,,,,,,,,,,
1948,8,22,,,,,,,,,,0.0,,,,,0.0,0.0,,73.04,60.980000000000004,,,,,,,,,,,,,9999.0,,,,,,1.0,,,,,,,,,,
1948,8,23,,,,,,,,,,0.0,,,,,0.0,0.0,,,,,,,,,,,,,,,,-99.0,,,,,,,,,,,,,,,,
1948,8,24,,,,,,,,,,,,,,,,,,,,,,,,,,,,,,,,99.0,,,,,,,,,,,,,,,,
1948,8,25,,,,,,,,,,0.0,,,,,0.0,0.0,,75.02,60.980000000000004,,,,,,,,,,,,,-9999.0,,,,,,1.0,,,,,,,,,,
1948,8,26,,,,,,,,,,0.0,,,,,0.0,0.0,,32.0,32.0,,,,,,,,,,,,,,,,,,,,,,,,,,,,,
1948,8,27,,,,,,,,,,0.0,,,,,0.0,0.0,,73.94,60.980000000000004,,,,,,,,,,,,,1.0,,,,,,1.0,,,,,,,,,,
1948,8,28,,,,,,,,,,0.0,,,,,0.0,0.0,,,,,,,,,,,,,,,,,,,,,,,,,,,,,,,,
1948,8,30,,,,,,,,,,0.0,,,,,0.0,0.0,,77.0,60.980000000000004,,,,,,,,,,,,,9999.0,,,,,,9999.0,,,,,,,,,,
1948,8,31,,,,,,,,,,0.0,,,,,0.0,0.0,,,,,,,,,,,,,,,,-99.0,,,,,,,,,,,,,,,,
1948,9,1,,,,,,,,,,0.0,,,,,0.0,0.0,,78.08,62.059999999999995,,,,,,,,,,,,,1.0,,,,,,1.0,,,,,,-9999.0,,,,
1948,9,2,,,,,,,,,,0.0,,,,,0.0,0.0,,32.0,32.0,,,,,,,,,,,,,,,,,,,0.0,,,,,,-9.0,,,,
1948,9,3,,,,,,,,,,0.0,,,,,0.0,0.0,,80.06,62.959999999999994,,,,,,,,,,,,,1.0,,,,,,1.0,,,,,,999.0,,,,
1948,9,4,,,,,,,,,,0.0,,,,,0.0,0.0,,,,,,,,,,,,,,,,,,,,,,0.0,,,,,,-999.0,,,,
1948,9,6,,,,,,,,,,0.0,,,,,0.0,0.0,,75.92,62.959999999999994,,,,,,,,,,,,,1.0,,,,,,1.0,,,,,,9999.0,,,,
1948,9,7,,,,,,,,,,0.0,,,,,0.0,0.0,,,,,,,,,,,,,,,,,,,,,,0.0,,,,,,-99.0,,,,
1948,9,8,,,,,,,,,,,,,,,,,,,,,,,,,,,,,,,,,,,,,,,,,,,,99.0,,,,
1948,9,9,,,,,,,,,,0.0,,,,,0.0,0.0,,73.04,60.980000000000004,,,,,,,,,,,,,-9999.0,,,,,,1.0,,,,,,-9999.0,,,,
1948,9,10,,,,,,,,,,0.0,,,,,0.0,0.0,,32.0,32.0,,,,,,,,,,,,,-9.0,,,,,,,,,,,,-9.0,,,,
1948,9,11,,,,,,,,,,0.0,,,,,0.0,0.0,,71.96,60.08,,,,,,,,,,,,,999.0,,,,,,999.0,,,,,,999.0,,,,
1948,9,12,,,,,,,,,,0.0,,,,,0.0,0.0,,,,,,,,,,,,,,,,-999.0,,,,,,,,,,,,-999.0,,,,
1948,9,13,,,,,,,,,,,,,,,,,,,,,,,,,,,,,,,,9.0,,,,,,,,,,,,,,,,
1948,9,14,,,,,,,,,,0.0,,,,,0.0,0.0,,75.92,60.980000000000004,,,,,,,,,,,,,1.0,,,,,,1.0,,,,,,9999.0,,,,
1948,9,15,,,,,,,,,,0.0,,,,,0.0,0.0,,,,,,,,,,,,,,,,,,,,,,0.0,,,,,,-99.0,,,,
1948,9,16,,,,,,,,,,,,,,,,,,,,,,,,,,,,,,,,,,,,,,,,,,,,99.0,,,,
1948,9,17,,,,,,,,,,0.0,,,,,0.0,0.0,,80.96,62.959999999999994,,,,,,,,,,,,,1.0,,,,,,1.0,,,,,,-9999.0,,,,
1948,9,18,,,,,,,,,,0.0,,,,,0.0,0.0,,32.0,32.0,,,,,,,,,,,,,,,,,,,0.0,,,,,,-9.0,,,,
1948,9,19,,,,,,,,,,0.0,,,,,0.0,0.0,,78.98,60.980000000000004,,,,,,,,,,,,,1.0,,,,,,1.0,,,,,,999.0,,,,
1948,9,20,,,,,,,,,,0.0,,,,,0.0,0.0,,,,,,,,,,,,,,,,,,,,,,0.0,,,,,,,,,,
1948,9,22,,,,,,,,,,0.0,,,,,0.0,0.0,,73.04,62.059999999999995,,,,,,,,,,,,,1.0,,,,,,1.0,,,,,,9999.0,,,,
1948,9,23,,,,,,,,,,0.0,,,,,0.0,0.0,,,,,,,,,,,,,,,,,,,,,,0.0,,,,,,-99.0,,,,
1948,9,24,,,,,,,,,,,,,,,,,,,,,,,,,,,,,,,,,,,,,,,,,,,,99.0,,,,
1948,9,25,,,,,,,,,,0.0,,,,,0.0,0.0,,80.06,64.94,,,,,,,,,,,,,-9999.0,,,,,,1.0,,,,,,-9999.0,,,,
1948,9,26,,,,,,,,,,0.0,,,,,0.0,0.0,,32.0,32.0,,,,,,,,,,,,,-9.0,,,,,,0.0,,,,,,-9.0,,,,
1948,9,27,,,,,,,,,,0.0,,,,,0.0,0.0,,80.06,66.92,,,,,,,,,,,,,999.0,,,,,,1.0,,,,,,999.0,,,,
1948,9,28,,,,,,,,,,0.0,,,,,0.0,0.0,,,,,,,,,,,,,,,,-999.0,,,,,,,,,,,,,,,,
1948,9,30,,,,,,,,,,0.0,,,,,0.0,0.0,,73.94,60.08,,,,,,,,,,,,,9999.0,,,,,,9999.0,,,,,,9999.0,,,,
1948,9,31,,,,,,,,,,0.0,,,,,0.0,0.0,,,,,,,,,,,,,,,,-99.0,,,,,,-99.0,,,,,,-99.0,,,,
1948,10,1,,,,,,,,,,0.0,,,,,0.0,0.0,,71.06,57.92,,,,,,,,,,,,,1.0,,-9999.0,,,,1.0,,,,,,-9999.0,,,,
1948,10,2,,,,,,,,,,0.0,,,,,0.0,0.0,,32.0,32.0,,,,,,,,,,,,,,,-9.0,,,,0.0,,,,,,-9.0,,,,
1948,10,3,,,,,,,,,,0.0,,,,,0.0,0.0,,75.92,60.08,,,,,,,,,,,,,1.0,,999.0,,,,1.0,,,,,,999.0,,,,
1948,10,4,,,,,,,,,,0.0,,,,,0.0,0.0,,,,,,,,,,,,,,,,,,-999.0,,,,0.0,,,,,,-999.0,,,,
1948,10,5,,,,,,,,,,,,,,,,,,,,,,,,,,,,,,,,,,,,,,,,,,,,9.0,,,,
1948,10,6,,,,,,,,,,,,,,,0.0,0.0,,66.92,60.980000000000004,,,,,,,,,,,,,9999.0,,9999.0,,,,9999.0,,,,,,1.0,,,,
1948,10,7,,,,,,,,,,0.0,,,,,0.0,0.0,,,,,,,,,,,,,,,,-99.0,,-99.0,,,,-99.0,,,,,,,,,,
1948,10,8,,,,,,,,,,,,,,,,,,,,,,,,,,,,,,,,99.0,,99.0,,,,99.0,,,,,,99.0,,,,
1948,10,9,,,,,,,,,,0.0,,,,,0.0,0.0,,73.94,60.08,,,,,,,,,,,,,1.0,,-9999.0,,,,1.0,,,,,,-9999.0,,,,
1948,10,10,,,,,,,,,,0.0,,,,,0.0,0.0,,32.0,32.0,,,,,,,,,,,,,,,-9.0,,,,0.0,,,,,,-9.0,,,,
1948,10,11,,,,,,,,,,0.0,,,,,0.0,0.0,,86.0,53.96,,,,,,,,,,,,,1.0,,999.0,,,,1.0,,,,,,999.0,,,,
1948,10,12,,,,,,,,,,0.0,,,,,0.0,0.0,,,,,,,,,,,,,,,,,,-999.0,,,,0.0,,,,,,-999.0,,,,
1948,10,14,,,,,,,,,,0.0,,,,,0.0,0.0,,71.06,60.980000000000004,,,,,,,,,,,,,9999.0,,9999.0,,,,9999.0,,,,,,9999.0,,,,
1948,10,15,,,,,,,,,,0.0,,,,,0.0,0.0,,,,,,,,,,,,,,,,-99.0,,-99.0,,,,-99.0,,,,,,-99.0,,,,
1948,10,16,,,,,,,,,,,,,,,,,,,,,,,,,,,,,,,,99.0,,99.0,,,,99.0,,,,,,99.0,,,,
1948,10,17,,,,,,,,,,0.0,,,,,0.0,0.0,,66.92,59.0,,,,,,,,,,,,,-9999.0,,-9999.0,,,,-9999.0,,,,,,-9999.0,,,,
1948,10,18,,,,,,,,,,0.0,,,,,0.0,0.0,,32.0,32.0,,,,,,,,,,,,,-9.0,,-9.0,,,,-9.0,,,,,,-9.0,,,,
1948,10,19,,,,,,,,,,0.0,,,,,0.0,0.0,,73.04,55.94,,,,,,,,,,,,,999.0,,999.0,,,,999.0,,,,,,999.0,,,,
1948,10,20,,,,,,,,,,0.0,,,,,0.0,0.0,,,,,,,,,,,,,,,,-999.0,,-999.0,,,,-999.0,,,,,,-999.0,,,,
1948,10,22,,,,,,,,,,0.0,,,,,0.0,0.0,,69.98,53.96,,,,,,,,,,,,,9999.0,,9999.0,,,,9999.0,,,,,,9999.0,,,,
1948,10,23,,,,,,,,,,0.0,,,,,0.0,0.0,,,,,,,,,,,,,,,,-99.0,,-99.0,,,,-99.0,,,,,,-99.0,,,,
1948,10,24,,,,,,,,,,,,,,,,,,,,,,,,,,,,,,,,99.0,,99.0,,,,99.0,,,,,,99.0,,,,
1948,10,25,,,,,,,,,,0.0,,,,,0.0,0.0,,69.98,55.94,,,,,,,,,,,,,-9999.0,,-9999.0,,,,1.0,,,,,,-9999.0,,,,
1948,10,26,,,,,,,,,,0.0,,,,,0.0,0.0,,32.0,32.0,,,,,,,,,,,,,,,-9.0,,,,0.0,,,,,,,,,,
1948,10,27,,,,,,,,,,48.0,,,,,0.0,0.0,,69.98,55.94,,,,,,,,,,,,,1.0,,999.0,,,,1.0,,,,,,1.0,,,,
1948,10,28,,,,,,,,,,,,,,,0.0,0.0,,,,,,,,,,,,,,,,,,,,,,0.0,,,,,,,,,,
1948,10,30,,,,,,,,,,0.0,,,,,0.0,0.0,,69.98,57.92,,,,,,,,,,,,,1.0,,9999.0,,,,1.0,,,,,,9999.0,,,,
1948,10,31,,,,,,,,,,0.0,,,,,0.0,0.0,,,,,,,,,,,,,,,,,,-99.0,,,,0.0,,,,,,-99.0,,,,
1948,11,1,,,,,,,,,,0.0,,,,,0.0,0.0,,73.94,51.08,,,,,,,,,,,,,1.0,,,,,,1.0,,,,,,-9999.0,,,,
1948,11,2,,,,,,,,,,0.0,,,,,0.0,0.0,,32.0,32.0,,,,,,,,,,,,,,,,,,,0.0,,,,,,-9.0,,,,
1948,11,3,,,,,,,,,,0.0,,,,,0.0,0.0,,75.02,53.06,,,,,,,,,,,,,999.0,,,,,,1.0,,,,,,999.0,,,,
1948,11,4,,,,,,,,,,,,,,,0.0,0.0,,,,,,,,,,,,,,,,-999.0,,,,,,0.0,,,,,,,,,,
1948,11,6,,,,,,,,,,3.0,,,,,0.0,0.0,,69.98,55.04,,,,,,,,,,,,,9999.0,,,,,,1.0,,,,,,1.0,,,,
1948,11,7,,,,,,,,,,0.0,,,,,0.0,0.0,,,,,,,,,,,,,,,,-99.0,,,,,,0.0,,,,,,,,,,
1948,11,8,,,,,,,,,,,,,,,,,,,,,,,,,,,,,,,,99.0,,,,,,,,,,,,99.0,,,,
1948,11,9,,,,,,,,,,0.0,,,,,0.0,0.0,,78.98,51.08,,,,,,,,,,,,,1.0,,,,,,-9999.0,,,,,,-9999.0,,,,
1948,11,10,,,,,,,,,,0.0,,,,,0.0,0.0,,32.0,32.0,,,,,,,,,,,,,0.0,,,,,,,,,,,,-9.0,,,,
1948,11,11,,,,,,,,,,0.0,,,,,0.0,0.0,,71.06,50.0,,,,,,,,,,,,,1.0,,,,,,1.0,,,,,,999.0,,,,
1948,11,12,,,,,,,,,,0.0,,,,,0.0,0.0,,,,,,,,,,,,,,,,,,,,,,,,,,,,-999.0,,,,
1948,11,14,,,,,,,,,,0.0,,,,,0.0,0.0,,77.0,46.94,,,,,,,,,,,,,9999.0,,,,,,9999.0,,,,,,9999.0,,,,
1948,11,15,,,,,,,,,,0.0,,,,,0.0,0.0,,,32.0,,,,,,,,,,,,,-99.0,,,,,,-99.0,,,,,,-99.0,,,,
1948,11,16,,,,,,,,,,,,,,,,,,,,,,,,,,,,,,,,99.0,,,,,,99.0,,,,,,99.0,,,,
1948,11,17,,,,,,,,,,0.0,,,,,0.0,0.0,,71.96,48.02,,,,,,,,,,,,,1.0,,,,,,-9999.0,,,,,,-9999.0,,,,
1948,11,18,,,,,,,,,,0.0,,,,,0.0,0.0,,32.0,32.0,,,,,,,,,,,,,,,,,,,-9.0,,,,,,-9.0,,,,
1948,11,19,,,,,,,,,,0.0,,,,,0.0,0.0,,77.0,48.92,,,,,,,,,,,,,999.0,,,,,,999.0,,,,,,999.0,,,,
1948,11,20,,,,,,,,,,0.0,,,,,0.0,0.0,,,,,,,,,,,,,,,,-999.0,,,,,,-999.0,,,,,,-999.0,,,,
1948,11,22,,,,,,,,,,0.0,,,,,0.0,0.0,,77.0,44.96,,,,,,,,,,,,,9999.0,,,,,,9999.0,,,,,,9999.0,,,,
1948,11,23,,,,,,,,,,0.0,,,,,0.0,0.0,,,32.0,,,,,,,,,,,,,-99.0,,,,,,,,,,,,-99.0,,,,
1948,11,24,,,,,,,,,,,,,,,,,,,,,,,,,,,,,,,,99.0,,,,,,,,,,,,99.0,,,,
1948,11,25,,,,,,,,,,0.0,,,,,0.0,0.0,,66.92,46.94,,,,,,,,,,,,,1.0,,,,,,1.0,,,,,,-9999.0,,,,
1948,11,26,,,,,,,,,,0.0,,,,,0.0,0.0,,32.0,32.0,,,,,,,,,,,,,,,,,,,0.0,,,,,,-9.0,,,,
1948,11,27,,,,,,,,,,0.0,,,,,0.0,0.0,,66.92,48.02,,,,,,,,,,,,,1.0,,,,,,1.0,,,,,,999.0,,,,
1948,11,28,,,,,,,,,,0.0,,,,,0.0,0.0,,,,,,,,,,,,,,,,,,,,,,0.0,,,,,,-999.0,,,,
1948,11,29,,,,,,,,,,,,,,,,,,,,,,,,,,,,,,,,,,,,,,,,,,,,9.0,,,,
1948,11,30,,,,,,,,,,3.0,,,,,0.0,0.0,,69.98,48.92,,,,,,,,,,,,,9999.0,,,,,,9999.0,,,,,,1.0,,,,
1948,11,31,,,,,,,,,,0.0,,,,,0.0,0.0,,,,,,,,,,,,,,,,-99.0,,,,,,-99.0,,,,,,,,,,
1948,12,1,,,,,,,,,,0.0,,,,,0.0,0.0,,73.94,42.980000000000004,,,,,,,,,,,,,-9999.0,,,,,,-9999.0,,,,,,-9999.0,,,,
1948,12,2,,,,,,,,,,0.0,,,,,0.0,0.0,,32.0,32.0,,,,,,,,,,,,,-9.0,,,,,,-9.0,,,,,,-9.0,,,,
1948,12,3,,,,,,,,,,0.0,,,,,0.0,0.0,,75.92,44.96,,,,,,,,,,,,,999.0,,,,,,999.0,,,,,,999.0,,,,
1948,12,4,,,,,,,,,,,,,,,0.0,0.0,,,,,,,,,,,,,,,,-999.0,,,,,,-999.0,,,,,,,,,,
1948,12,6,,,,,,,,,,,,,,,0.0,0.0,,59.0,46.94,,,,,,,,,,,,,9999.0,,,,,,9999.0,,,,,,1.0,,,,
1948,12,7,,,,,,,,,,0.0,,,,,0.0,0.0,,,32.0,,,,,,,,,,,,,-99.0,,,,,,-99.0,,,,,,,,,,
1948,12,8,,,,,,,,,,,,,,,,,,,,,,,,,,,,,,,,99.0,,,,,,99.0,,,,,,99.0,,,,
1948,12,9,,,,,,,,,,0.0,,,,,0.0,0.0,,60.980000000000004,42.980000000000004,,,,,,,,,,,,,-9999.0,,,,,,-9999.0,,,,,,1.0,,,,
1948,12,10,,,,,,,,,,,,,,,0.0,0.0,,32.0,32.0,,,,,,,,,,,,,-9.0,,,,,,,,,,,,,,,,
1948,12,11,,,,,,,,,,0.0,,,,,0.0,0.0,,64.94,44.06,,,,,,,,,,,,,999.0,,,,,,1.0,,,,,,999.0,,,,
1948,12,12,,,,,,,,,,0.0,,,,,0.0,0.0,,,,,,,,,,,,,,,,,,,,,,0.0,,,,,,-999.0,,,,
1948,12,14,,,,,,,,,,0.0,,,,,0.0,0.0,,75.92,44.96,,,,,,,,,,,,,1.0,,,,,,1.0,,,,,,9999.0,,,,
1948,12,15,,,,,,,,,,0.0,,,,,0.0,0.0,,,32.0,,,,,,,,,,,,,,,,,,,0.0,,,,,,-99.0,,,,
1948,12,16,,,,,,,,,,,,,,,,,,,,,,,,,,,,,,,,,,,,,,,,,,,,99.0,,,,
1948,12,17,,,,,,,,,,0.0,,,,,0.0,0.0,,60.08,48.92,,,,,,,,,,,,,-9999.0,,,,,,1.0,,,,,,-9999.0,,,,
1948,12,18,,,,,,,,,,0.0,,,,,0.0,0.0,,32.0,32.0,,,,,,,,,,,,,-9.0,,,,,,0.0,,,,,,-9.0,,,,
1948,12,19,,,,,,,,,,0.0,,,,,0.0,0.0,,62.059999999999995,48.92,,,,,,,,,,,,,999.0,,,,,,1.0,,,,,,999.0,,,,
1948,12,20,,,,,,,,,,0.0,,,,,0.0,0.0,,,,,,,,,,,,,,,,,,,,,,0.0,,,,,,-999.0,,,,
1948,12,21,,,,,,,,,,,,,,,,,,,,,,,,,,,,,,,,,,,,,,,,,,,,9.0,,,,
1948,12,22,,,,,,,,,,13.0,,,,,0.0,0.0,,60.980000000000004,50.0,,,,,,,,,,,,,9999.0,,,,,,9999.0,,,,,,1.0,,,,
1948,12,23,,,,,,,,,,0.0,,,,,0.0,0.0,,,32.0,,,,,,,,,,,,,-99.0,,,,,,-99.0,,,,,,,,,,
1948,12,24,,,,,,,,,,,,,,,,,,,,,,,,,,,,,,,,99.0,,,,,,99.0,,,,,,,,,,
1948,12,25,,,,,,,,,,0.0,,,,,0.0,0.0,,55.04,41.0,,,,,,,,,,,,,-9999.0,,,,,,-9999.0,,,,,,1.0,,,,
1948,12,26,,,,,,,,,,,,,,,0.0,0.0,,32.0,32.0,,,,,,,,,,,,,-9.0,,,,,,-9.0,,,,,,,,,,
1948,12,27,,,,,,,,,,183.0,,,,,0.0,0.0,,60.08,50.0,,,,,,,,,,,,,999.0,,,,,,999.0,,,,,,1.0,,,,
1948,12,28,,,,,,,,,,0.0,,,,,0.0,0.0,,,,,,,,,,,,,,,,-999.0,,,,,,-999.0,,,,,,,,,,
1948,12,30,,,,,,,,,,0.0,,,,,0.0,0.0,,66.92,42.08,,,,,,,,,,,,,9999.0,,,,,,9999.0,,,,,,9999.0,,,,
1948,12,31,,,,,,,,,,0.0,,,,,0.0,0.0,,,32.0,,,,,,,,,,,,,,,,,,,-99.0,,,,,,-99.0,,,,
1949,1,1,,,,,,,,,,8.0,,,,,0.0,0.0,,60.08,46.04,,,,,,,,,,,,,1.0,,,,,,,,,,,,1.0,-9999.0,,,
1949,1,2,,,,,,,,,,0.0,,,,,0.0,0.0,,32.0,32.0,,,,,,,,,,,,,,,,,,,,,,,,,,-9.0,,,
1949,1,3,,,,,,,,,,3.0,,,,,0.0,0.0,,59.0,42.980000000000004,,,,,,,,,,,,,999.0,,,,,,,,,,,,1.0,999.0,,,
1949,1,4,,,,,,,,,,0.0,,,,,0.0,0.0,,,,,,,,,,,,,,,,-999.0,,,,,,,,,,,,,-999.0,,,
1949,1,6,,,,,,,,,,0.0,,,,,0.0,0.0,,51.98,28.94,,,,,,,,,,,,,9999.0,,,,,,,,,,,,9999.0,9999.0,,,
1949,1,7,,,,,,,,,,0.0,,,,,0.0,0.0,,,,,,,,,,,,,,,,-99.0,,,,,,,,,,,,-99.0,-99.0,,,
1949,1,8,,,,,,,,,,,,,,,,,,,,,,,,,,,,,,,,99.0,,,,,,,,,,,,99.0,99.0,,,
1949,1,9,,,,,,,,,,0.0,,,,,0.0,0.0,,68.0,37.04,,,,,,,,,,,,,-9999.0,,,,,,,,,,,,-9999.0,-9999.0,,,
1949,1,10,,,,,,,,,,0.0,,,,,0.0,0.0,,32.0,32.0,,,,,,,,,,,,,-9.0,,,,,,,,,,,,-9.0,-9.0,,,
1949,1,11,,,,,,,,,,0.0,,,,,0.0,0.0,,60.980000000000004,39.02,,,,,,,,,,,,,999.0,,,,,,,,,,,,999.0,999.0,,,
1949,1,12,,,,,,,,,,0.0,,,,,0.0,0.0,,,,,,,,,,,,,,,,-999.0,,,,,,,,,,,,,-999.0,,,
1949,1,14,,,,,,,,,,28.0,,,,,0.0,0.0,,53.06,41.0,,,,,,,,,,,,,9999.0,,,,,,,,,,,,1.0,9999.0,,,
1949,1,15,,,,,,,,,,0.0,,,,,0.0,0.0,,32.0,32.0,,,,,,,,,,,,,-99.0,,,,,,,,,,,,,,,,
1949,1,16,,,,,,,,,,,,,,,,,,,,,,,,,,,,,,,,99.0,,,,,,,,,,,,,,,,
1949,1,17,,,,,,,,,,165.0,,,,,0.0,0.0,,46.04,37.04,,,,,,,,,,,,,-9999.0,,,,,,,,,,,,1.0,1.0,,,
1949,1,18,,,,,,,,,,0.0,,,,,,0.0,,32.0,32.0,,,,,,,,,,,,,-9.0,,,,,,,,,,,,,,,,
1949,1,19,,,,,,,,,,277.0,,,,,0.0,0.0,,55.04,37.04,,,,,,,,,,,,,999.0,,,,,,,,,,,,1.0,999.0,,,
1949,1,20,,,,,,,,,,,,,,,0.0,0.0,,,,,,,,,,,,,,,,-999.0,,,,,,,,,,,,,-999.0,,,
1949,1,22,,,,,,,,,,64.0,,,,,0.0,0.0,,53.96,42.08,,,,,,,,,,,,,9999.0,,,,,,,,,,,,1.0,9999.0,,,
1949,1,23,,,,,,,,,,0.0,,,,,0.0,0.0,,,32.0,,,,,,,,,,,,,-99.0,,,,,,,,,,,,,-99.0,,,
1949,1,24,,,,,,,,,,,,,,,,,,,,,,,,,,,,,,,,99.0,,,,,,,,,,,,99.0,99.0,,,
1949,1,25,,,,,,,,,,0.0,,,,,0.0,0.0,,57.92,37.04,,,,,,,,,,,,,-9999.0,,,,,,,,,,,,-9999.0,-9999.0,,,
1949,1,26,,,,,,,,,,0.0,,,,,0.0,0.0,,32.0,32.0,,,,,,,,,,,,,-9.0,,,,,,,,,,,,-9.0,-9.0,,,
1949,1,27,,,,,,,,,,0.0,,,,,0.0,0.0,,57.92,37.04,,,,,,,,,,,,,999.0,,,,,,,,,,,,999.0,999.0,,,
1949,1,28,,,,,,,,,,0.0,,,,,0.0,0.0,,,,,,,,,,,,,,,,-999.0,,,,,,,,,,,,-999.0,-999.0,,,
1949,1,29,,,,,,,,,,,,,,,,,,,,,,,,,,,,,,,,9.0,,,,,,,,,,,,9.0,,,,
1949,1,30,,,,,,,,,,8.0,,,,,0.0,0.0,,55.04,44.96,,,,,,,,,,,,,1.0,,,,,,,,,,,,1.0,9999.0,,,
1949,1,31,,,,,,,,,,0.0,,,,,0.0,0.0,,,32.0,,,,,,,,,,,,,0.0,,,,,,,,,,,,,-99.0,,,
1949,2,1,,,,,,,,,,0.0,,,,,0.0,0.0,,60.08,37.94,,,,,,,,,,,,,-9999.0,,,,,,-9999.0,,,,,,1.0,,,,
1949,2,2,,,,,,,,,,,,,,,0.0,0.0,,32.0,32.0,,,,,,,,,,,,,-9.0,,,,,,-9.0,,,,,,,,,,
1949,2,3,,,,,,,,,,20.0,,,,,0.0,0.0,,55.94,46.04,,,,,,,,,,,,,999.0,,,,,,999.0,,,,,,1.0,,,,
1949,2,4,,,,,,,,,,,,,,,0.0,0.0,,,,,,,,,,,,,,,,-999.0,,,,,,-999.0,,,,,,,,,,
1949,2,6,,,,,,,,,,10.0,,,,,0.0,0.0,,57.02,44.06,,,,,,,,,,,,,9999.0,,,,,,9999.0,,,,,,1.0,,,,
1949,2,7,,,,,,,,,,0.0,,,,,0.0,0.0,,,32.0,,,,,,,,,,,,,-99.0,,,,,,-99.0,,,,,,,,,,
1949,2,8,,,,,,,,,,,,,,,,,,,,,,,,,,,,,,,,99.0,,,,,,99.0,,,,,,,,,,
1949,2,9,,,,,,,,,,0.0,,,,,0.0,0.0,,59.0,39.92,,,,,,,,,,,,,-9999.0,,,,,,-9999.0,,,,,,-9999.0,,,,
1949,2,10,,,,,,,,,,0.0,,,,,0.0,0.0,,32.0,32.0,,,,,,,,,,,,,,,,,,,-9.0,,,,,,,,,,
1949,2,11,,,,,,,,,,69.0,,,,,0.0,0.0,,53.06,48.02,,,,,,,,,,,,,1.0,,,,,,999.0,,,,,,1.0,,,,
1949,2,12,,,,,,,,,,0.0,,,,,0.0,0.0,,,,,,,,,,,,,,,,,,,,,,-999.0,,,,,,,,,,
1949,2,14,,,,,,,,,,0.0,,,,,0.0,0.0,,62.959999999999994,39.92,,,,,,,,,,,,,9999.0,,,,,,9999.0,,,,,,9999.0,,,,
1949,2,15,,,,,,,,,,0.0,,,,,0.0,0.0,,,32.0,,,,,,,,,,,,,-99.0,,,,,,-99.0,,,,,,-99.0,,,,
1949,2,16,,,,,,,,,,,,,,,,,,,,,,,,,,,,,,,,99.0,,,,,,99.0,,,,,,99.0,,,,
1949,2,17,,,,,,,,,,69.0,,,,,0.0,0.0,,60.08,42.08,,,,,,,,,,,,,1.0,,,,,,-9999.0,,,,,,1.0,,,,
1949,2,18,,,,,,,,,,0.0,,,,,0.0,0.0,,32.0,32.0,,,,,,,,,,,,,,,,,,,-9.0,,,,,,,,,,
1949,2,19,,,,,,,,,,,,,,,0.0,0.0,,55.04,44.96,,,,,,,,,,,,,999.0,,,,,,999.0,,,,,,1.0,,,,
1949,2,20,,,,,,,,,,0.0,,,,,0.0,0.0,,,,,,,,,,,,,,,,-999.0,,,,,,-999.0,,,,,,,,,,
1949,2,22,,,,,,,,,,0.0,,,,,0.0,0.0,,57.92,37.04,,,,,,,,,,,,,9999.0,,,,,,9999.0,,,,,,9999.0,,,,
1949,2,23,,,,,,,,,,0.0,,,,,0.0,0.0,,,32.0,,,,,,,,,,,,,-99.0,,,,,,-99.0,,,,,,-99.0,,,,
1949,2,24,,,,,,,,,,,,,,,,,,,,,,,,,,,,,,,,99.0,,,,,,99.0,,,,,,99.0,,,,
1949,2,25,,,,,,,,,,0.0,,,,,0.0,0.0,,71.06,41.0,,,,,,,,,,,,,-9999.0,,,,,,-9999.0,,,,,,-9999.0,,,,
1949,2,26,,,,,,,,,,0.0,,,,,0.0,0.0,,32.0,32.0,,,,,,,,,,,,,-9.0,,,,,,,,,,,,-9.0,,,,
1949,2,27,,,,,,,,,,0.0,,,,,0.0,0.0,,73.94,44.06,,,,,,,,,,,,,999.0,,,,,,1.0,,,,,,999.0,,,,
1949,2,28,,,,,,,,,,0.0,,,,,0.0,0.0,,,,,,,,,,,,,,,,-999.0,,,,,,0.0,,,,,,-999.0,,,,
1949,2,29,,,,,,,,,,,,,,,,,,,,,,,,,,,,,,,,9.0,,,,,,,,,,,,,,,,
1949,2,30,,,,,,,,,,0.0,,,,,0.0,0.0,,53.96,50.0,,,,,,,,,,,,,1.0,,,,,,1.0,,,,,,9999.0,,,,
1949,2,31,,,,,,,,,,0.0,,,,,0.0,0.0,,,32.0,,,,,,,,,,,,,,,,,,,,,,,,,-99.0,,,,
1949,3,1,,,,,,,,,,0.0,,,,,0.0,0.0,,62.959999999999994,46.04,,,,,,,,,,,,,-9999.0,,-9999.0,,,,-9999.0,,,,,,-9999.0,,,,
1949,3,2,,,,,,,,,,0.0,,,,,0.0,0.0,,32.0,32.0,,,,,,,,,,,,,-9.0,,-9.0,,,,-9.0,,,,,,-9.0,,,,
1949,3,3,,,,,,,,,,0.0,,,,,0.0,0.0,,64.04,51.98,,,,,,,,,,,,,999.0,,999.0,,,,999.0,,,,,,999.0,,,,
1949,3,4,,,,,,,,,,0.0,,,,,0.0,0.0,,,,,,,,,,,,,,,,-999.0,,-999.0,,,,-999.0,,,,,,-999.0,,,,
1949,3,5,,,,,,,,,,,,,,,,,,,,,,,,,,,,,,,,,,,,,,,,,,,,9.0,,,,
1949,3,6,,,,,,,,,,5.0,,,,,0.0,0.0,,66.02,50.0,,,,,,,,,,,,,9999.0,,9999.0,,,,9999.0,,,,,,1.0,,,,
1949,3,7,,,,,,,,,,0.0,,,,,0.0,0.0,,,,,,,,,,,,,,,,-99.0,,-99.0,,,,-99.0,,,,,,,,,,
1949,3,8,,,,,,,,,,,,,,,,,,,,,,,,,,,,,,,,99.0,,99.0,,,,99.0,,,,,,99.0,,,,
1949,3,9,,,,,,,,,,0.0,,,,,0.0,0.0,,64.04,44.06,,,,,,,,,,,,,-9999.0,,-9999.0,,,,-9999.0,,,,,,-9999.0,,,,
1949,3,10,,,,,,,,,,0.0,,,,,0.0,0.0,,32.0,32.0,,,,,,,,,,,,,-9.0,,-9.0,,,,-9.0,,,,,,,,,,
1949,3,11,,,,,,,,,,,,,,,0.0,0.0,,62.059999999999995,50.0,,,,,,,,,,,,,999.0,,999.0,,,,999.0,,,,,,1.0,,,,
1949,3,12,,,,,,,,,,0.0,,,,,0.0,0.0,,,,,,,,,,,,,,,,-999.0,,-999.0,,,,-999.0,,,,,,,,,,
1949,3,14,,,,,,,,,,0.0,,,,,0.0,0.0,,64.94,44.06,,,,,,,,,,,,,9999.0,,9999.0,,,,9999.0,,,,,,9999.0,,,,
1949,3,15,,,,,,,,,,0.0,,,,,0.0,0.0,,,32.0,,,,,,,,,,,,,-99.0,,-99.0,,,,-99.0,,,,,,-99.0,,,,
1949,3,16,,,,,,,,,,,,,,,,,,,,,,,,,,,,,,,,99.0,,99.0,,,,99.0,,,,,,99.0,,,,
1949,3,17,,,,,,,,,,36.0,,,,,0.0,0.0,,64.04,50.0,,,,,,,,,,,,,1.0,,-9999.0,,,,-9999.0,,,,,,1.0,,,,
1949,3,18,,,,,,,,,,0.0,,,,,0.0,0.0,,32.0,32.0,,,,,,,,,,,,,,,-9.0,,,,-9.0,,,,,,,,,,
1949,3,19,,,,,,,,,,0.0,,,,,0.0,0.0,,62.959999999999994,46.94,,,,,,,,,,,,,999.0,,999.0,,,,999.0,,,,,,999.0,,,,
1949,3,20,,,,,,,,,,0.0,,,,,0.0,0.0,,,,,,,,,,,,,,,,-999.0,,-999.0,,,,-999.0,,,,,,-999.0,,,,
1949,3,21,,,,,,,,,,,,,,,,,,,,,,,,,,,,,,,,9.0,,,,,,9.0,,,,,,,,,,
1949,3,22,,,,,,,,,,0.0,,,,,0.0,0.0,,68.0,48.02,,,,,,,,,,,,,1.0,,9999.0,,,,1.0,,,,,,9999.0,,,,
1949,3,23,,,,,,,,,,0.0,,,,,0.0,0.0,,,,,,,,,,,,,,,,,,-99.0,,,,0.0,,,,,,-99.0,,,,
1949,3,24,,,,,,,,,,,,,,,,,,,,,,,,,,,,,,,,,,99.0,,,,,,,,,,99.0,,,,
1949,3,25,,,,,,,,,,0.0,,,,,0.0,0.0,,66.92,50.0,,,,,,,,,,,,,-9999.0,,-9999.0,,,,-9999.0,,,,,,-9999.0,,,,
1949,3,26,,,,,,,,,,0.0,,,,,0.0,0.0,,32.0,32.0,,,,,,,,,,,,,-9.0,,-9.0,,,,-9.0,,,,,,-9.0,,,,
1949,3,27,,,,,,,,,,0.0,,,,,0.0,0.0,,64.04,51.08,,,,,,,,,,,,,999.0,,999.0,,,,999.0,,,,,,999.0,,,,
1949,3,28,,,,,,,,,,0.0,,,,,0.0,0.0,,,,,,,,,,,,,,,,-999.0,,-999.0,,,,,,,,,,-999.0,,,,
1949,3,29,,,,,,,,,,,,,,,,,,,,,,,,,,,,,,,,9.0,,,,,,,,,,,,9.0,,,,
1949,3,30,,,,,,,,,,10.0,,,,,0.0,0.0,,66.92,48.02,,,,,,,,,,,,,1.0,,9999.0,,,,9999.0,,,,,,1.0,,,,
1949,3,31,,,,,,,,,,0.0,,,,,0.0,0.0,,,,,,,,,,,,,,,,,,-99.0,,,,-99.0,,,,,,,,,,
1949,4,1,,,,,,,,,,0.0,,,,,0.0,0.0,,62.959999999999994,51.08,,,,,,,,,,,,,-9999.0,,,,,,-9999.0,,,,,,-9999.0,,,,
1949,4,2,,,,,,,,,,0.0,,,,,0.0,0.0,,32.0,32.0,,,,,,,,,,,,,-9.0,,,,,,-9.0,,,,,,,,,,
1949,4,3,,,,,,,,,,5.0,,,,,0.0,0.0,,60.08,51.08,,,,,,,,,,,,,999.0,,,,,,999.0,,,,,,1.0,,,,
1949,4,4,,,,,,,,,,0.0,,,,,0.0,0.0,,,,,,,,,,,,,,,,-999.0,,,,,,-999.0,,,,,,,,,,
1949,4,6,,,,,,,,,,0.0,,,,,0.0,0.0,,73.04,48.92,,,,,,,,,,,,,9999.0,,,,,,9999.0,,,,,,9999.0,,,,
1949,4,7,,,,,,,,,,0.0,,,,,0.0,0.0,,,,,,,,,,,,,,,,-99.0,,,,,,-99.0,,,,,,-99.0,,,,
1949,4,8,,,,,,,,,,,,,,,,,,,,,,,,,,,,,,,,99.0,,,,,,99.0,,,,,,99.0,,,,
1949,4,9,,,,,,,,,,0.0,,,,,0.0,0.0,,73.94,55.94,,,,,,,,,,,,,-9999.0,,,,,,-9999.0,,,,,,-9999.0,,,,
1949,4,10,,,,,,,,,,0.0,,,,,0.0,0.0,,32.0,32.0,,,,,,,,,,,,,-9.0,,,,,,,,,,,,,,,,
1949,4,11,,,,,,,,,,,,,,,0.0,0.0,,68.0,55.04,,,,,,,,,,,,,999.0,,,,,,1.0,,,,,,1.0,,,,
1949,4,12,,,,,,,,,,0.0,,,,,0.0,,,,,,,,,,,,,,,,,-999.0,,,,,,,,,,,,,,,,
1949,4,13,,,,,,,,,,,,,,,,9.0,,,,,,,,,,,,,,,,,,,,,,9.0,,,,,,,,,,
1949,4,14,,,,,,,,,,0.0,,,,,0.0,0.0,,71.96,51.08,,,,,,,,,,,,,9999.0,,,,,,1.0,,,,,,9999.0,,,,
1949,4,15,,,,,,,,,,0.0,,,,,0.0,0.0,,,,,,,,,,,,,,,,-99.0,,,,,,,,,,,,-99.0,,,,
1949,4,16,,,,,,,,,,,,,,,,,,,,,,,,,,,,,,,,99.0,,,,,,99.0,,,,,,99.0,,,,
1949,4,17,,,,,,,,,,0.0,,,,,0.0,0.0,,84.91999999999999,51.98,,,,,,,,,,,,,-9999.0,,,,,,-9999.0,,,,,,-9999.0,,,,
1949,4,18,,,,,,,,,,0.0,,,,,0.0,0.0,,32.0,32.0,,,,,,,,,,,,,,,,,,,,,,,,,-9.0,,,,
1949,4,19,,,,,,,,,,0.0,,,,,0.0,0.0,,66.02,53.96,,,,,,,,,,,,,1.0,,,,,,1.0,,,,,,999.0,,,,
1949,4,20,,,,,,,,,,0.0,,,,,0.0,0.0,,,,,,,,,,,,,,,,,,,,,,,,,,,,-999.0,,,,
1949,4,22,,,,,,,,,,0.0,,,,,0.0,0.0,,64.04,55.04,,,,,,,,,,,,,9999.0,,,,,,9999.0,,,,,,9999.0,,,,
1949,4,23,,,,,,,,,,0.0,,,,,0.0,0.0,,,,,,,,,,,,,,,,-99.0,,,,,,-99.0,,,,,,,,,,
1949,4,24,,,,,,,,,,,,,,,,,,,,,,,,,,,,,,,,99.0,,,,,,99.0,,,,,,,,,,
1949,4,25,,,,,,,,,,0.0,,,,,0.0,0.0,,68.0,51.08,,,,,,,,,,,,,-9999.0,,,,,,-9999.0,,,,,,1.0,,,,
1949,4,26,,,,,,,,,,,,,,,0.0,0.0,,32.0,32.0,,,,,,,,,,,,,-9.0,,,,,,-9.0,,,,,,,,,,
1949,4,27,,,,,,,,,,,,,,,0.0,0.0,,69.98,53.96,,,,,,,,,,,,,999.0,,,,,,999.0,,,,,,1.0,,,,
1949,4,28,,,,,,,,,,0.0,,,,,0.0,0.0,,,,,,,,,,,,,,,,-999.0,,,,,,-999.0,,,,,,,,,,
1949,4,29,,,,,,,,,,,,,,,,,,,,,,,,,,,,,,,,9.0,,,,,,,,,,,,,,,,
1949,4,30,,,,,,,,,,18.0,,,,,0.0,0.0,,66.02,55.04,,,,,,,,,,,,,1.0,,,,,,9999.0,,,,,,1.0,,,,
1949,4,31,,,,,,,,,,0.0,,,,,0.0,0.0,,,,,,,,,,,,,,,,,,,,,,-99.0,,,,,,,,,,
1949,5,1,,,,,,,,,,0.0,,,,,0.0,0.0,,68.0,53.06,,,,,,,,,,,,,-9999.0,,,,,,-9999.0,,,,,,-9999.0,,,,
1949,5,2,,,,,,,,,,0.0,,,,,0.0,0.0,,32.0,32.0,,,,,,,,,,,,,-9.0,,,,,,-9.0,,,,,,-9.0,,,,
1949,5,3,,,,,,,,,,0.0,,,,,0.0,0.0,,69.08,53.06,,,,,,,,,,,,,999.0,,,,,,999.0,,,,,,999.0,,,,
1949,5,4,,,,,,,,,,0.0,,,,,0.0,0.0,,,,,,,,,,,,,,,,-999.0,,,,,,-999.0,,,,,,-999.0,,,,
1949,5,6,,,,,,,,,,0.0,,,,,0.0,0.0,,68.0,51.08,,,,,,,,,,,,,9999.0,,,,,,9999.0,,,,,,9999.0,,,,
1949,5,7,,,,,,,,,,0.0,,,,,0.0,0.0,,,,,,,,,,,,,,,,-99.0,,,,,,,,,,,,-99.0,,,,
1949,5,8,,,,,,,,,,,,,,,,,,,,,,,,,,,,,,,,99.0,,,,,,,,,,,,99.0,,,,
1949,5,9,,,,,,,,,,0.0,,,,,0.0,0.0,,82.94,53.96,,,,,,,,,,,,,1.0,,,,,,-9999.0,,,,,,-9999.0,,,,
1949,5,10,,,,,,,,,,0.0,,,,,0.0,0.0,,32.0,32.0,,,,,,,,,,,,,0.0,,,,,,-9.0,,,,,,-9.0,,,,
1949,5,11,,,,,,,,,,0.0,,,,,0.0,0.0,,80.96,53.96,,,,,,,,,,,,,1.0,,,,,,999.0,,,,,,999.0,,,,
1949,5,12,,,,,,,,,,0.0,,,,,0.0,0.0,,,,,,,,,,,,,,,,,,,,,,-999.0,,,,,,-999.0,,,,
1949,5,14,,,,,,,,,,0.0,,,,,0.0,0.0,,66.92,55.94,,,,,,,,,,,,,9999.0,,,,,,9999.0,,,,,,9999.0,,,,
1949,5,15,,,,,,,,,,0.0,,,,,0.0,0.0,,,,,,,,,,,,,,,,-99.0,,,,,,-99.0,,,,,,-99.0,,,,
1949,5,16,,,,,,,,,,,,,,,,,,,,,,,,,,,,,,,,99.0,,,,,,99.0,,,,,,99.0,,,,
1949,5,17,,,,,,,,,,0.0,,,,,0.0,0.0,,68.0,59.0,,,,,,,,,,,,,-9999.0,,,,,,-9999.0,,,,,,-9999.0,,,,
1949,5,18,,,,,,,,,,0.0,,,,,0.0,0.0,,32.0,32.0,,,,,,,,,,,,,-9.0,,,,,,-9.0,,,,,,-9.0,,,,
1949,5,19,,,,,,,,,,0.0,,,,,0.0,0.0,,69.08,57.92,,,,,,,,,,,,,999.0,,,,,,999.0,,,,,,999.0,,,,
1949,5,20,,,,,,,,,,,,,,,0.0,0.0,,,,,,,,,,,,,,,,-999.0,,,,,,-999.0,,,,,,,,,,
1949,5,22,,,,,,,,,,,,,,,0.0,0.0,,66.92,57.92,,,,,,,,,,,,,9999.0,,,,,,9999.0,,,,,,1.0,,,,
1949,5,23,,,,,,,,,,0.0,,,,,0.0,0.0,,,,,,,,,,,,,,,,-99.0,,,,,,-99.0,,,,,,,,,,
1949,5,24,,,,,,,,,,,,,,,,,,,,,,,,,,,,,,,,99.0,,,,,,99.0,,,,,,,,,,
1949,5,25,,,,,,,,,,5.0,,,,,0.0,0.0,,62.059999999999995,55.04,,,,,,,,,,,,,-9999.0,,,,,,-9999.0,,,,,,1.0,,,,
1949,5,26,,,,,,,,,,0.0,,,,,0.0,0.0,,32.0,32.0,,,,,,,,,,,,,,,,,,,-9.0,,,,,,,,,,
1949,5,27,,,,,,,,,,33.0,,,,,0.0,0.0,,62.059999999999995,55.04,,,,,,,,,,,,,1.0,,,,,,999.0,,,,,,1.0,,,,
1949,5,28,,,,,,,,,,,,,,,0.0,0.0,,,,,,,,,,,,,,,,,,,,,,-999.0,,,,,,,,,,
1949,5,30,,,,,,,,,,5.0,,,,,0.0,0.0,,68.0,55.04,,,,,,,,,,,,,9999.0,,,,,,9999.0,,,,,,1.0,,,,
1949,5,31,,,,,,,,,,0.0,,,,,0.0,0.0,,,,,,,,,,,,,,,,-99.0,,,,,,-99.0,,,,,,,,,,
1949,6,1,,,,,,,,,,0.0,,,,,0.0,0.0,,73.04,55.94,,,,,,,,,,,,,-9999.0,,,,,,-9999.0,,,,,,-9999.0,,,,
1949,6,2,,,,,,,,,,0.0,,,,,0.0,0.0,,32.0,32.0,,,,,,,,,,,,,-9.0,,,,,,-9.0,,,,,,-9.0,,,,
1949,6,3,,,,,,,,,,0.0,,,,,0.0,0.0,,73.94,59.0,,,,,,,,,,,,,999.0,,,,,,999.0,,,,,,999.0,,,,
1949,6,4,,,,,,,,,,0.0,,,,,0.0,0.0,,,,,,,,,,,,,,,,-999.0,,,,,,-999.0,,,,,,-999.0,,,,
1949,6,6,,,,,,,,,,0.0,,,,,0.0,0.0,,78.98,57.92,,,,,,,,,,,,,9999.0,,,,,,9999.0,,,,,,9999.0,,,,
1949,6,7,,,,,,,,,,0.0,,,,,0.0,0.0,,,,,,,,,,,,,,,,-99.0,,,,,,-99.0,,,,,,-99.0,,,,
1949,6,8,,,,,,,,,,,,,,,,,,,,,,,,,,,,,,,,99.0,,,,,,99.0,,,,,,99.0,,,,
1949,6,9,,,,,,,,,,0.0,,,,,0.0,0.0,,75.02,60.08,,,,,,,,,,,,,-9999.0,,,,,,-9999.0,,,,,,-9999.0,,,,
1949,6,10,,,,,,,,,,0.0,,,,,0.0,0.0,,32.0,32.0,,,,,,,,,,,,,-9.0,,,,,,-9.0,,,,,,-9.0,,,,
1949,6,11,,,,,,,,,,0.0,,,,,0.0,0.0,,71.96,62.059999999999995,,,,,,,,,,,,,999.0,,,,,,999.0,,,,,,999.0,,,,
1949,6,12,,,,,,,,,,0.0,,,,,0.0,0.0,,,,,,,,,,,,,,,,-999.0,,,,,,-999.0,,,,,,-999.0,,,,
1949,6,13,,,,,,,,,,,,,,,,,,,,,,,,,,,,,,,,,,,,,,9.0,,,,,,,,,,
1949,6,14,,,,,,,,,,0.0,,,,,0.0,0.0,,71.96,60.08,,,,,,,,,,,,,9999.0,,,,,,1.0,,,,,,9999.0,,,,
1949,6,15,,,,,,,,,,0.0,,,,,0.0,0.0,,,,,,,,,,,,,,,,-99.0,,,,,,0.0,,,,,,-99.0,,,,
1949,6,16,,,,,,,,,,,,,,,,,,,,,,,,,,,,,,,,99.0,,,,,,,,,,,,99.0,,,,
1949,6,17,,,,,,,,,,0.0,,,,,0.0,0.0,,69.98,60.980000000000004,,,,,,,,,,,,,1.0,,,,,,1.0,,,,,,1.0,,,,
1949,6,18,,,,,,,,,,,,,,,0.0,0.0,,32.0,32.0,,,,,,,,,,,,,,,,,,,,,,,,,,,,,
1949,6,19,,,,,,,,,,0.0,,,,,0.0,0.0,,71.96,60.08,,,,,,,,,,,,,999.0,,,,,,999.0,,,,,,999.0,,,,
1949,6,20,,,,,,,,,,0.0,,,,,0.0,0.0,,,,,,,,,,,,,,,,-999.0,,,,,,-999.0,,,,,,-999.0,,,,
1949,6,22,,,,,,,,,,0.0,,,,,0.0,0.0,,71.96,62.059999999999995,,,,,,,,,,,,,9999.0,,,,,,9999.0,,,,,,9999.0,,,,
1949,6,23,,,,,,,,,,0.0,,,,,0.0,0.0,,,,,,,,,,,,,,,,-99.0,,,,,,,,,,,,-99.0,,,,
1949,6,24,,,,,,,,,,,,,,,,,,,,,,,,,,,,,,,,99.0,,,,,,,,,,,,99.0,,,,
1949,6,25,,,,,,,,,,0.0,,,,,0.0,0.0,,71.06,62.059999999999995,,,,,,,,,,,,,-9999.0,,,,,,-9999.0,,,,,,-9999.0,,,,
1949,6,26,,,,,,,,,,0.0,,,,,0.0,0.0,,32.0,32.0,,,,,,,,,,,,,-9.0,,,,,,-9.0,,,,,,-9.0,,,,
1949,6,27,,,,,,,,,,0.0,,,,,0.0,0.0,,73.04,62.059999999999995,,,,,,,,,,,,,999.0,,,,,,999.0,,,,,,999.0,,,,
1949,6,28,,,,,,,,,,0.0,,,,,0.0,0.0,,,,,,,,,,,,,,,,-999.0,,,,,,-999.0,,,,,,-999.0,,,,
1949,6,30,,,,,,,,,,0.0,,,,,0.0,0.0,,73.04,59.0,,,,,,,,,,,,,9999.0,,,,,,9999.0,,,,,,9999.0,,,,
1949,6,31,,,,,,,,,,0.0,,,,,0.0,0.0,,,,,,,,,,,,,,,,-99.0,,,,,,-99.0,,,,,,-99.0,,,,
1949,7,1,,,,,,,,,,0.0,,,,,0.0,0.0,,75.92,60.08,,,,,,,,,,,,,1.0,,,,,,1.0,,,,,,1.0,,,,
1949,7,2,,,,,,,,,,,,,,,0.0,0.0,,32.0,32.0,,,,,,,,,,,,,,,,,,,0.0,,,,,,,,,,
1949,7,3,,,,,,,,,,0.0,,,,,0.0,0.0,,77.0,64.04,,,,,,,,,,,,,1.0,,,,,,1.0,,,,,,999.0,,,,
1949,7,4,,,,,,,,,,0.0,,,,,0.0,0.0,,,,,,,,,,,,,,,,,,,,,,0.0,,,,,,-999.0,,,,
1949,7,6,,,,,,,,,,0.0,,,,,0.0,0.0,,73.94,62.959999999999994,,,,,,,,,,,,,9999.0,,,,,,9999.0,,,,,,9999.0,,,,
1949,7,7,,,,,,,,,,0.0,,,,,0.0,0.0,,,,,,,,,,,,,,,,-99.0,,,,,,-99.0,,,,,,-99.0,,,,
1949,7,8,,,,,,,,,,,,,,,,,,,,,,,,,,,,,,,,99.0,,,,,,99.0,,,,,,99.0,,,,
1949,7,9,,,,,,,,,,0.0,,,,,0.0,0.0,,73.94,60.980000000000004,,,,,,,,,,,,,-9999.0,,,,,,-9999.0,,,,,,-9999.0,,,,
1949,7,10,,,,,,,,,,0.0,,,,,0.0,0.0,,32.0,32.0,,,,,,,,,,,,,-9.0,,,,,,,,,,,,-9.0,,,,
1949,7,11,,,,,,,,,,0.0,,,,,0.0,0.0,,73.04,59.0,,,,,,,,,,,,,999.0,,,,,,1.0,,,,,,999.0,,,,
1949,7,12,,,,,,,,,,0.0,,,,,0.0,0.0,,,,,,,,,,,,,,,,,,,,,,0.0,,,,,,-999.0,,,,
1949,7,14,,,,,,,,,,0.0,,,,,0.0,0.0,,75.02,60.08,,,,,,,,,,,,,9999.0,,,,,,1.0,,,,,,9999.0,,,,
1949,7,15,,,,,,,,,,0.0,,,,,0.0,0.0,,,,,,,,,,,,,,,,-99.0,,,,,,,,,,,,-99.0,,,,
1949,7,16,,,,,,,,,,,,,,,,,,,,,,,,,,,,,,,,99.0,,,,,,99.0,,,,,,99.0,,,,
1949,7,17,,,,,,,,,,0.0,,,,,0.0,0.0,,69.98,62.959999999999994,,,,,,,,,,,,,-9999.0,,,,,,-9999.0,,,,,,-9999.0,,,,
1949,7,18,,,,,,,,,,0.0,,,,,0.0,0.0,,32.0,32.0,,,,,,,,,,,,,-9.0,,,,,,,,,,,,-9.0,,,,
1949,7,19,,,,,,,,,,0.0,,,,,0.0,0.0,,75.92,64.04,,,,,,,,,,,,,999.0,,,,,,1.0,,,,,,999.0,,,,
1949,7,20,,,,,,,,,,0.0,,,,,0.0,0.0,,,,,,,,,,,,,,,,-999.0,,,,,,0.0,,,,,,-999.0,,,,
1949,7,22,,,,,,,,,,0.0,,,,,0.0,0.0,,75.02,62.059999999999995,,,,,,,,,,,,,9999.0,,,,,,1.0,,,,,,9999.0,,,,
1949,7,23,,,,,,,,,,0.0,,,,,0.0,0.0,,,,,,,,,,,,,,,,-99.0,,,,,,,,,,,,-99.0,,,,
1949,7,24,,,,,,,,,,,,,,,,,,,,,,,,,,,,,,,,99.0,,,,,,99.0,,,,,,99.0,,,,
1949,7,25,,,,,,,,,,0.0,,,,,0.0,0.0,,78.08,64.04,,,,,,,,,,,,,-9999.0,,,,,,1.0,,,,,,-9999.0,,,,
1949,7,26,,,,,,,,,,0.0,,,,,0.0,0.0,,32.0,32.0,,,,,,,,,,,,,-9.0,,,,,,0.0,,,,,,-9.0,,,,
1949,7,27,,,,,,,,,,0.0,,,,,0.0,0.0,,75.02,64.04,,,,,,,,,,,,,999.0,,,,,,1.0,,,,,,999.0,,,,
1949,7,28,,,,,,,,,,0.0,,,,,0.0,0.0,,,,,,,,,,,,,,,,,,,,,,0.0,,,,,,-999.0,,,,
1949,7,30,,,,,,,,,,0.0,,,,,0.0,0.0,,75.92,64.94,,,,,,,,,,,,,9999.0,,,,,,9999.0,,,,,,9999.0,,,,
1949,7,31,,,,,,,,,,0.0,,,,,0.0,0.0,,,,,,,,,,,,,,,,-99.0,,,,,,,,,,,,-99.0,,,,
1949,8,1,,,,,,,,,,0.0,,,,,0.0,0.0,,78.08,64.94,,,,,,,,,,,,,-9999.0,,,,,,-9999.0,,,,,,-9999.0,,,,
1949,8,2,,,,,,,,,,0.0,,,,,0.0,0.0,,32.0,32.0,,,,,,,,,,,,,,,,,,,-9.0,,,,,,-9.0,,,,
1949,8,3,,,,,,,,,,0.0,,,,,0.0,0.0,,82.04,64.04,,,,,,,,,,,,,1.0,,,,,,999.0,,,,,,999.0,,,,
1949,8,4,,,,,,,,,,0.0,,,,,0.0,0.0,,,,,,,,,,,,,,,,0.0,,,,,,,,,,,,-999.0,,,,
1949,8,6,,,,,,,,,,0.0,,,,,0.0,0.0,,78.08,64.94,,,,,,,,,,,,,9999.0,,,,,,1.0,,,,,,9999.0,,,,
1949,8,7,,,,,,,,,,0.0,,,,,0.0,0.0,,,,,,,,,,,,,,,,-99.0,,,,,,0.0,,,,,,-99.0,,,,
1949,8,8,,,,,,,,,,,,,,,,,,,,,,,,,,,,,,,,99.0,,,,,,,,,,,,99.0,,,,
1949,8,9,,,,,,,,,,0.0,,,,,0.0,0.0,,75.02,64.94,,,,,,,,,,,,,1.0,,,,,,1.0,,,,,,1.0,,,,
1949,8,10,,,,,,,,,,,,,,,0.0,0.0,,32.0,32.0,,,,,,,,,,,,,,,,,,,,,,,,,,,,,
1949,8,11,,,,,,,,,,0.0,,,,,0.0,0.0,,73.94,64.04,,,,,,,,,,,,,999.0,,,,,,999.0,,,,,,999.0,,,,
1949,8,12,,,,,,,,,,0.0,,,,,0.0,0.0,,,,,,,,,,,,,,,,-999.0,,,,,,-999.0,,,,,,,,,,
1949,8,14,,,,,,,,,,,,,,,0.0,0.0,,73.04,62.959999999999994,,,,,,,,,,,,,9999.0,,,,,,9999.0,,,,,,1.0,,,,
1949,8,15,,,,,,,,,,0.0,,,,,0.0,0.0,,,,,,,,,,,,,,,,-99.0,,,,,,-99.0,,,,,,,,,,
1949,8,16,,,,,,,,,,,,,,,,,,,,,,,,,,,,,,,,99.0,,,,,,99.0,,,,,,99.0,,,,
1949,8,17,,,,,,,,,,0.0,,,,,0.0,0.0,,75.92,62.059999999999995,,,,,,,,,,,,,-9999.0,,,,,,-9999.0,,,,,,-9999.0,,,,
1949,8,18,,,,,,,,,,0.0,,,,,0.0,0.0,,32.0,32.0,,,,,,,,,,,,,-9.0,,,,,,-9.0,,,,,,-9.0,,,,
1949,8,19,,,,,,,,,,0.0,,,,,0.0,0.0,,73.94,60.08,,,,,,,,,,,,,999.0,,,,,,999.0,,,,,,999.0,,,,
1949,8,20,,,,,,,,,,0.0,,,,,0.0,0.0,,,,,,,,,,,,,,,,-999.0,,,,,,-999.0,,,,,,-999.0,,,,
1949,8,22,,,,,,,,,,0.0,,,,,0.0,0.0,,73.94,62.059999999999995,,,,,,,,,,,,,9999.0,,,,,,9999.0,,,,,,9999.0,,,,
1949,8,23,,,,,,,,,,0.0,,,,,0.0,0.0,,,,,,,,,,,,,,,,-99.0,,,,,,-99.0,,,,,,-99.0,,,,
1949,8,24,,,,,,,,,,,,,,,,,,,,,,,,,,,,,,,,99.0,,,,,,99.0,,,,,,99.0,,,,
1949,8,25,,,,,,,,,,0.0,,,,,0.0,0.0,,73.94,60.08,,,,,,,,,,,,,-9999.0,,,,,,-9999.0,,,,,,-9999.0,,,,
1949,8,26,,,,,,,,,,0.0,,,,,0.0,0.0,,32.0,32.0,,,,,,,,,,,,,-9.0,,,,,,-9.0,,,,,,-9.0,,,,
1949,8,27,,,,,,,,,,0.0,,,,,0.0,0.0,,73.94,59.0,,,,,,,,,,,,,999.0,,,,,,999.0,,,,,,999.0,,,,
1949,8,28,,,,,,,,,,0.0,,,,,0.0,0.0,,,,,,,,,,,,,,,,-999.0,,,,,,,,,,,,-999.0,,,,
1949,8,29,,,,,,,,,,,,,,,,,,,,,,,,,,,,,,,,9.0,,,,,,,,,,,,,,,,
1949,8,30,,,,,,,,,,0.0,,,,,0.0,0.0,,75.02,62.059999999999995,,,,,,,,,,,,,1.0,,,,,,1.0,,,,,,9999.0,,,,
1949,8,31,,,,,,,,,,0.0,,,,,0.0,0.0,,,,,,,,,,,,,,,,,,,,,,0.0,,,,,,-99.0,,,,
1949,9,1,,,,,,,,,,0.0,,,,,0.0,0.0,,77.0,64.94,,,,,,,,,,,,,1.0,,,,,,1.0,,,,,,-9999.0,,,,
1949,9,2,,,,,,,,,,0.0,,,,,0.0,0.0,,32.0,32.0,,,,,,,,,,,,,,,,,,,0.0,,,,,,,,,,
1949,9,3,,,,,,,,,,,,,,,0.0,0.0,,75.92,64.04,,,,,,,,,,,,,1.0,,,,,,1.0,,,,,,1.0,,,,
1949,9,4,,,,,,,,,,0.0,,,,,0.0,0.0,,,,,,,,,,,,,,,,,,,,,,0.0,,,,,,,,,,
1949,9,6,,,,,,,,,,0.0,,,,,0.0,0.0,,75.92,64.94,,,,,,,,,,,,,9999.0,,,,,,9999.0,,,,,,9999.0,,,,
1949,9,7,,,,,,,,,,0.0,,,,,0.0,0.0,,,,,,,,,,,,,,,,-99.0,,,,,,,,,,,,-99.0,,,,
1949,9,8,,,,,,,,,,,,,,,,,,,,,,,,,,,,,,,,99.0,,,,,,,,,,,,99.0,,,,
1949,9,9,,,,,,,,,,0.0,,,,,0.0,0.0,,84.91999999999999,64.04,,,,,,,,,,,,,-9999.0,,,,,,-9999.0,,,,,,-9999.0,,,,
1949,9,10,,,,,,,,,,0.0,,,,,0.0,0.0,,32.0,32.0,,,,,,,,,,,,,-9.0,,,,,,-9.0,,,,,,-9.0,,,,
1949,9,11,,,,,,,,,,0.0,,,,,0.0,0.0,,91.94,64.04,,,,,,,,,,,,,999.0,,,,,,999.0,,,,,,999.0,,,,
1949,9,12,,,,,,,,,,0.0,,,,,0.0,0.0,,,,,,,,,,,,,,,,-999.0,,,,,,-999.0,,,,,,-999.0,,,,
1949,9,13,,,,,,,,,,,,,,,,,,,,,,,,,,,,,,,,9.0,,,,,,,,,,,,9.0,,,,
1949,9,14,,,,,,,,,,,,,,,0.0,0.0,,82.04,66.92,,,,,,,,,,,,,1.0,,,,,,9999.0,,,,,,1.0,,,,
1949,9,15,,,,,,,,,,0.0,,,,,0.0,0.0,,,,,,,,,,,,,,,,,,,,,,-99.0,,,,,,,,,,
1949,9,16,,,,,,,,,,,,,,,,,,,,,,,,,,,,,,,,99.0,,,,,,99.0,,,,,,99.0,,,,
1949,9,17,,,,,,,,,,0.0,,,,,0.0,0.0,,75.92,62.959999999999994,,,,,,,,,,,,,-9999.0,,,,,,-9999.0,,,,,,-9999.0,,,,
1949,9,18,,,,,,,,,,0.0,,,,,0.0,0.0,,32.0,32.0,,,,,,,,,,,,,-9.0,,,,,,-9.0,,,,,,-9.0,,,,
1949,9,19,,,,,,,,,,0.0,,,,,0.0,0.0,,75.02,62.059999999999995,,,,,,,,,,,,,999.0,,,,,,999.0,,,,,,999.0,,,,
1949,9,20,,,,,,,,,,0.0,,,,,0.0,0.0,,,,,,,,,,,,,,,,-999.0,,,,,,-999.0,,,,,,-999.0,,,,
1949,9,22,,,,,,,,,,0.0,,,,,0.0,0.0,,73.94,60.980000000000004,,,,,,,,,,,,,9999.0,,,,,,9999.0,,,,,,9999.0,,,,
1949,9,23,,,,,,,,,,0.0,,,,,0.0,0.0,,,,,,,,,,,,,,,,-99.0,,,,,,,,,,,,-99.0,,,,
1949,9,24,,,,,,,,,,,,,,,,,,,,,,,,,,,,,,,,99.0,,,,,,,,,,,,99.0,,,,
1949,9,25,,,,,,,,,,0.0,,,,,0.0,0.0,,75.02,64.94,,,,,,,,,,,,,-9999.0,,,,,,1.0,,,,,,-9999.0,,,,
1949,9,26,,,,,,,,,,0.0,,,,,0.0,0.0,,32.0,32.0,,,,,,,,,,,,,-9.0,,,,,,0.0,,,,,,-9.0,,,,
1949,9,27,,,,,,,,,,0.0,,,,,0.0,0.0,,69.08,62.959999999999994,,,,,,,,,,,,,999.0,,,,,,1.0,,,,,,999.0,,,,
1949,9,28,,,,,,,,,,0.0,,,,,0.0,0.0,,,,,,,,,,,,,,,,-999.0,,,,,,0.0,,,,,,-999.0,,,,
1949,9,29,,,,,,,,,,,,,,,,,,,,,,,,,,,,,,,,9.0,,,,,,,,,,,,,,,,
1949,9,30,,,,,,,,,,0.0,,,,,0.0,0.0,,71.06,66.02,,,,,,,,,,,,,1.0,,,,,,1.0,,,,,,9999.0,,,,
1949,9,31,,,,,,,,,,0.0,,,,,0.0,0.0,,,,,,,,,,,,,,,,,,,,,,0.0,,,,,,-99.0,,,,
1949,10,1,,,,,,,,,,0.0,,,,,0.0,0.0,,71.06,60.980000000000004,,,,,,,,,,,,,-9999.0,,,,,,1.0,,,,,,1.0,,,,
1949,10,2,,,,,,,,,,,,,,,0.0,0.0,,32.0,32.0,,,,,,,,,,,,,-9.0,,,,,,,,,,,,,,,,
1949,10,3,,,,,,,,,,0.0,,,,,0.0,0.0,,73.04,62.059999999999995,,,,,,,,,,,,,999.0,,,,,,999.0,,,,,,999.0,,,,
1949,10,4,,,,,,,,,,0.0,,,,,0.0,0.0,,,,,,,,,,,,,,,,-999.0,,,,,,-999.0,,,,,,-999.0,,,,
1949,10,5,,,,,,,,,,,,,,,,,,,,,,,,,,,,,,,,,,,,,,9.0,,,,,,,,,,
1949,10,6,,,,,,,,,,0.0,,,,,0.0,0.0,,69.98,62.059999999999995,,,,,,,,,,,,,9999.0,,,,,,1.0,,,,,,9999.0,,,,
1949,10,7,,,,,,,,,,0.0,,,,,0.0,0.0,,,,,,,,,,,,,,,,-99.0,,,,,,0.0,,,,,,-99.0,,,,
1949,10,8,,,,,,,,,,,,,,,,,,,,,,,,,,,,,,,,99.0,,,,,,,,,,,,99.0,,,,
1949,10,9,,,,,,,,,,0.0,,,,,0.0,0.0,,69.98,64.04,,,,,,,,,,,,,-9999.0,,,,,,-9999.0,,,,,,-9999.0,,,,
1949,10,10,,,,,,,,,,0.0,,,,,0.0,0.0,,32.0,32.0,,,,,,,,,,,,,-9.0,,,,,,-9.0,,,,,,-9.0,,,,
1949,10,11,,,,,,,,,,0.0,,,,,0.0,0.0,,69.08,60.980000000000004,,,,,,,,,,,,,999.0,,,,,,999.0,,,,,,999.0,,,,
1949,10,12,,,,,,,,,,0.0,,,,,0.0,0.0,,,,,,,,,,,,,,,,-999.0,,,,,,-999.0,,,,,,-999.0,,,,
1949,10,14,,,,,,,,,,0.0,,,,,0.0,0.0,,69.08,51.98,,,,,,,,,,,,,9999.0,,,,,,9999.0,,,,,,9999.0,,,,
1949,10,15,,,,,,,,,,0.0,,,,,0.0,0.0,,,,,,,,,,,,,,,,-99.0,,,,,,-99.0,,,,,,-99.0,,,,
1949,10,16,,,,,,,,,,,,,,,,,,,,,,,,,,,,,,,,99.0,,,,,,99.0,,,,,,99.0,,,,
1949,10,17,,,,,,,,,,0.0,,,,,0.0,0.0,,82.94,53.06,,,,,,,,,,,,,-9999.0,,,,,,1.0,,,,,,-9999.0,,,,
1949,10,18,,,,,,,,,,0.0,,,,,0.0,0.0,,32.0,32.0,,,,,,,,,,,,,,,,,,,0.0,,,,,,-9.0,,,,
1949,10,19,,,,,,,,,,0.0,,,,,0.0,0.0,,75.02,55.94,,,,,,,,,,,,,1.0,,,,,,1.0,,,,,,999.0,,,,
1949,10,20,,,,,,,,,,0.0,,,,,0.0,0.0,,,,,,,,,,,,,,,,,,,,,,0.0,,,,,,-999.0,,,,
1949,10,22,,,,,,,,,,0.0,,,,,0.0,0.0,,71.06,60.08,,,,,,,,,,,,,9999.0,,,,,,9999.0,,,,,,9999.0,,,,
1949,10,23,,,,,,,,,,0.0,,,,,0.0,0.0,,,,,,,,,,,,,,,,-99.0,,,,,,,,,,,,-99.0,,,,
1949,10,24,,,,,,,,,,,,,,,,,,,,,,,,,,,,,,,,99.0,,,,,,,,,,,,99.0,,,,
1949,10,25,,,,,,,,,,0.0,,,,,0.0,0.0,,66.02,62.959999999999994,,,,,,,,,,,,,-9999.0,,,,,,1.0,,,,,,1.0,,,,
1949,10,26,,,,,,,,,,,,,,,0.0,0.0,,32.0,32.0,,,,,,,,,,,,,-9.0,,,,,,,,,,,,,,,,
1949,10,27,,,,,,,,,,,,,,,0.0,0.0,,64.94,60.08,,,,,,,,,,,,,999.0,,,,,,999.0,,,,,,1.0,,,,
1949,10,28,,,,,,,,,,0.0,,,,,0.0,0.0,,,,,,,,,,,,,,,,-999.0,,,,,,-999.0,,,,,,,,,,
1949,10,30,,,,,,,,,,58.0,,,,,0.0,0.0,,62.959999999999994,50.0,,,,,,,,,,,,,9999.0,,,,,,9999.0,,,,,,1.0,,,,
1949,10,31,,,,,,,,,,0.0,,,,,0.0,0.0,,,32.0,,,,,,,,,,,,,-99.0,,,,,,-99.0,,,,,,,,,,
1949,11,1,,,,,,,,,,0.0,,,,,0.0,0.0,,84.91999999999999,55.94,,,,,,,,,,,,,-9999.0,,,,,,-9999.0,,,,,,-9999.0,,,,
1949,11,2,,,,,,,,,,0.0,,,,,0.0,0.0,,32.0,32.0,,,,,,,,,,,,,,,,,,,-9.0,,,,,,-9.0,,,,
1949,11,3,,,,,,,,,,0.0,,,,,0.0,0.0,,80.96,55.04,,,,,,,,,,,,,1.0,,,,,,999.0,,,,,,999.0,,,,
1949,11,4,,,,,,,,,,0.0,,,,,0.0,0.0,,,,,,,,,,,,,,,,0.0,,,,,,-999.0,,,,,,-999.0,,,,
1949,11,6,,,,,,,,,,0.0,,,,,0.0,0.0,,91.94,57.02,,,,,,,,,,,,,9999.0,,,,,,9999.0,,,,,,9999.0,,,,
1949,11,7,,,,,,,,,,0.0,,,,,0.0,0.0,,,,,,,,,,,,,,,,-99.0,,,,,,-99.0,,,,,,-99.0,,,,
1949,11,8,,,,,,,,,,,,,,,,,,,,,,,,,,,,,,,,99.0,,,,,,99.0,,,,,,99.0,,,,
1949,11,9,,,,,,,,,,0.0,,,,,0.0,0.0,,89.96000000000001,60.08,,,,,,,,,,,,,-9999.0,,,,,,-9999.0,,,,,,-9999.0,,,,
1949,11,10,,,,,,,,,,0.0,,,,,0.0,0.0,,32.0,32.0,,,,,,,,,,,,,-9.0,,,,,,,,,,,,,,,,
1949,11,11,,,,,,,,,,,,,,,0.0,0.0,,71.96,57.92,,,,,,,,,,,,,999.0,,,,,,1.0,,,,,,1.0,,,,
1949,11,12,,,,,,,,,,,,,,,0.0,0.0,,,,,,,,,,,,,,,,-999.0,,,,,,,,,,,,,,,,
1949,11,13,,,,,,,,,,,,,,,,,,,,,,,,,,,,,,,,9.0,,,,,,,,,,,,,,,,
1949,11,14,,,,,,,,,,36.0,,,,,0.0,0.0,,66.92,55.94,,,,,,,,,,,,,1.0,,,,,,9999.0,,,,,,1.0,,,,
1949,11,15,,,,,,,,,,,,,,,0.0,0.0,,,,,,,,,,,,,,,,,,,,,,-99.0,,,,,,,,,,
1949,11,16,,,,,,,,,,,,,,,,,,,,,,,,,,,,,,,,99.0,,,,,,99.0,,,,,,,,,,
1949,11,17,,,,,,,,,,0.0,,,,,0.0,0.0,,69.98,51.08,,,,,,,,,,,,,-9999.0,,,,,,-9999.0,,,,,,-9999.0,,,,
1949,11,18,,,,,,,,,,0.0,,,,,0.0,0.0,,32.0,32.0,,,,,,,,,,,,,-9.0,,,,,,-9.0,,,,,,-9.0,,,,
1949,11,19,,,,,,,,,,0.0,,,,,0.0,0.0,,78.08,50.0,,,,,,,,,,,,,999.0,,,,,,999.0,,,,,,999.0,,,,
1949,11,20,,,,,,,,,,0.0,,,,,0.0,0.0,,,,,,,,,,,,,,,,-999.0,,,,,,-999.0,,,,,,-999.0,,,,
1949,11,22,,,,,,,,,,0.0,,,,,0.0,0.0,,87.08000000000001,55.04,,,,,,,,,,,,,9999.0,,,,,,9999.0,,,,,,9999.0,,,,
1949,11,23,,,,,,,,,,0.0,,,,,0.0,0.0,,,,,,,,,,,,,,,,-99.0,,,,,,-99.0,,,,,,-99.0,,,,
1949,11,24,,,,,,,,,,,,,,,,,,,,,,,,,,,,,,,,99.0,,,,,,99.0,,,,,,99.0,,,,
1949,11,25,,,,,,,,,,0.0,,,,,0.0,0.0,,80.06,51.98,,,,,,,,,,,,,-9999.0,,,,,,-9999.0,,,,,,-9999.0,,,,
1949,11,26,,,,,,,,,,0.0,,,,,0.0,0.0,,32.0,32.0,,,,,,,,,,,,,-9.0,,,,,,-9.0,,,,,,-9.0,,,,
1949,11,27,,,,,,,,,,0.0,,,,,0.0,0.0,,84.91999999999999,53.96,,,,,,,,,,,,,999.0,,,,,,999.0,,,,,,999.0,,,,
1949,11,28,,,,,,,,,,0.0,,,,,0.0,0.0,,,,,,,,,,,,,,,,-999.0,,,,,,-999.0,,,,,,-999.0,,,,
1949,11,29,,,,,,,,,,,,,,,,,,,,,,,,,,,,,,,,9.0,,,,,,9.0,,,,,,,,,,
1949,11,30,,,,,,,,,,0.0,,,,,0.0,0.0,,71.06,53.06,,,,,,,,,,,,,1.0,,,,,,1.0,,,,,,9999.0,,,,
1949,11,31,,,,,,,,,,0.0,,,,,0.0,0.0,,,,,,,,,,,,,,,,,,,,,,0.0,,,,,,-99.0,,,,
1949,12,1,,,,,,,,,,0.0,,,,,0.0,0.0,,64.94,51.08,,,,,,,,,,,,,1.0,,,,,,1.0,,,,,,-9999.0,,,,
1949,12,2,,,,,,,,,,0.0,,,,,0.0,0.0,,32.0,32.0,,,,,,,,,,,,,,,,,,,0.0,,,,,,-9.0,,,,
1949,12,3,,,,,,,,,,0.0,,,,,0.0,0.0,,66.92,48.92,,,,,,,,,,,,,1.0,,,,,,1.0,,,,,,999.0,,,,
1949,12,4,,,,,,,,,,0.0,,,,,0.0,0.0,,,,,,,,,,,,,,,,,,,,,,0.0,,,,,,-999.0,,,,
1949,12,5,,,,,,,,,,,,,,,,,,,,,,,,,,,,,,,,,,,,,,,,,,,,9.0,,,,
1949,12,6,,,,,,,,,,,,,,,0.0,0.0,,77.0,50.0,,,,,,,,,,,,,1.0,,,,,,1.0,,,,,,1.0,,,,
1949,12,7,,,,,,,,,,0.0,,,,,0.0,0.0,,,,,,,,,,,,,,,,,,,,,,0.0,,,,,,,,,,
1949,12,8,,,,,,,,,,,,,,,,,,,,,,,,,,,,,,,,,,,,,,,,,,,,99.0,,,,
1949,12,9,,,,,,,,,,0.0,,,,,0.0,0.0,,64.94,44.06,,,,,,,,,,,,,1.0,,,,,,1.0,,,,,,-9999.0,,,,
1949,12,10,,,,,,,,,,0.0,,,,,0.0,0.0,,32.0,32.0,,,,,,,,,,,,,,,,,,,,,,,,,-9.0,,,,
1949,12,11,,,,,,,,,,0.0,,,,,0.0,0.0,,64.04,48.02,,,,,,,,,,,,,999.0,,,,,,999.0,,,,,,999.0,,,,
1949,12,12,,,,,,,,,,,,,,,0.0,0.0,,,,,,,,,,,,,,,,-999.0,,,,,,-999.0,,,,,,,,,,
1949,12,14,,,,,,,,,,0.0,,,,,0.0,0.0,,69.98,51.08,,,,,,,,,,,,,9999.0,,,,,,9999.0,,,,,,9999.0,,,,
1949,12,15,,,,,,,,,,0.0,,,,,0.0,0.0,,,32.0,,,,,,,,,,,,,-99.0,,,,,,-99.0,,,,,,,,,,
1949,12,16,,,,,,,,,,,,,,,,,,,,,,,,,,,,,,,,99.0,,,,,,99.0,,,,,,,,,,
1949,12,17,,,,,,,,,,0.0,,,,,0.0,0.0,,57.92,39.92,,,,,,,,,,,,,-9999.0,,,,,,-9999.0,,,,,,-9999.0,,,,
1949,12,18,,,,,,,,,,0.0,,,,,0.0,0.0,,32.0,32.0,,,,,,,,,,,,,-9.0,,,,,,-9.0,,,,,,-9.0,,,,
1949,12,19,,,,,,,,,,0.0,,,,,0.0,0.0,,59.0,35.96,,,,,,,,,,,,,999.0,,,,,,999.0,,,,,,999.0,,,,
1949,12,20,,,,,,,,,,0.0,,,,,0.0,0.0,,,,,,,,,,,,,,,,-999.0,,,,,,-999.0,,,,,,-999.0,,,,
1949,12,22,,,,,,,,,,0.0,,,,,0.0,0.0,,68.0,41.0,,,,,,,,,,,,,9999.0,,,,,,9999.0,,,,,,9999.0,,,,
1949,12,23,,,,,,,,,,0.0,,,,,0.0,0.0,,,32.0,,,,,,,,,,,,,-99.0,,,,,,-99.0,,,,,,,,,,
1949,12,24,,,,,,,,,,,,,,,,,,,,,,,,,,,,,,,,99.0,,,,,,99.0,,,,,,,,,,
1949,12,25,,,,,,,,,,13.0,,,,,0.0,0.0,,60.980000000000004,51.98,,,,,,,,,,,,,-9999.0,,,,,,-9999.0,,,,,,1.0,,,,
1949,12,26,,,,,,,,,,0.0,,,,,0.0,0.0,,32.0,32.0,,,,,,,,,,,,,-9.0,,,,,,-9.0,,,,,,,,,,
1949,12,27,,,,,,,,,,,,,,,0.0,0.0,,62.059999999999995,48.92,,,,,,,,,,,,,999.0,,,,,,999.0,,,,,,1.0,,,,
1949,12,28,,,,,,,,,,,,,,,0.0,0.0,,,,,,,,,,,,,,,,,,,,,,-999.0,,,,,,,,,,
1949,12,30,,,,,,,,,,86.0,,,,,0.0,0.0,,62.059999999999995,51.98,,,,,,,,,,,,,1.0,,,,,,9999.0,,,,,,1.0,,,,
1949,12,31,,,,,,,,,,0.0,,,,,0.0,0.0,,,32.0,,,,,,,,,,,,,,,,,,,-99.0,,,,,,,,,,
1950,1,1,,,,,,,,,,0.0,,,,,0.0,0.0,,60.980000000000004,51.08,,,,,,,,,,,,,1.0,,,,-9999.0,,1.0,,,,,,-9999.0,,,,
1950,1,2,,,,,,,,,,0.0,,,,,0.0,0.0,,32.0,32.0,,,,,,,,,,,,,,,,,-9.0,,,,,,,,,,,,
1950,1,3,,,,,,,,,,13.0,,,,,0.0,0.0,,57.92,50.0,,,,,,,,,,,,,999.0,,,,999.0,,999.0,,,,,,1.0,,,,
1950,1,4,,,,,,,,,,0.0,,,,,0.0,0.0,,,,,,,,,,,,,,,,-999.0,,,,-999.0,,-999.0,,,,,,,,,,
1950,1,6,,,,,,,,,,0.0,,,,,0.0,0.0,,57.02,37.94,,,,,,,,,,,,,9999.0,,,,9999.0,,9999.0,,,,,,9999.0,,,,
1950,1,7,,,,,,,,,,0.0,,,,,0.0,0.0,,,32.0,,,,,,,,,,,,,-99.0,,,,-99.0,,-99.0,,,,,,-99.0,,,,
1950,1,8,,,,,,,,,,,,,,,,,,,,,,,,,,,,,,,,99.0,,,,99.0,,99.0,,,,,,99.0,,,,
1950,1,9,,,,,,,,,,0.0,,,,,0.0,0.0,,62.059999999999995,35.06,,,,,,,,,,,,,-9999.0,,,,-9999.0,,-9999.0,,,,,,-9999.0,,,,
1950,1,10,,,,,,,,,,0.0,,,,,0.0,0.0,,32.0,32.0,,,,,,,,,,,,,-9.0,,,,-9.0,,-9.0,,,,,,-9.0,,,,
1950,1,11,,,,,,,,,,0.0,,,,,0.0,0.0,,57.92,35.96,,,,,,,,,,,,,999.0,,,,999.0,,999.0,,,,,,999.0,,,,
1950,1,12,,,,,,,,,,,,,,,0.0,0.0,,,,,,,,,,,,,,,,-999.0,,,,-999.0,,-999.0,,,,,,,,,,
1950,1,14,,,,,,,,,,8.0,,,,,0.0,0.0,,59.0,44.96,,,,,,,,,,,,,9999.0,,,,9999.0,,9999.0,,,,,,1.0,,,,
1950,1,15,,,,,,,,,,0.0,,,,,0.0,0.0,,,32.0,,,,,,,,,,,,,-99.0,,,,-99.0,,-99.0,,,,,,,,,,
1950,1,16,,,,,,,,,,,,,,,,,,,,,,,,,,,,,,,,99.0,,,,99.0,,99.0,,,,,,99.0,,,,
1950,1,17,,,,,,,,,,46.0,,,,,0.0,0.0,,57.02,39.02,,,,,,,,,,,,,-9999.0,,,,-9999.0,,-9999.0,,,,,,1.0,,,,
1950,1,18,,,,,,,,,,0.0,,,,,0.0,0.0,,32.0,32.0,,,,,,,,,,,,,-9.0,,,,,,-9.0,,,,,,,,,,
1950,1,19,,,,,,,,,,102.0,,,,,,0.0,,57.02,42.980000000000004,,,,,,,,,,,,,999.0,,,,1.0,,999.0,,,,,,1.0,,,,
1950,1,20,,,,,,,,,,0.0,,,,,0.0,0.0,,,,,,,,,,,,,,,,-999.0,,,,,,-999.0,,,,,,,,,,
1950,1,21,,,,,,,,,,,,,,,,,,,,,,,,,,,,,,,,9.0,,,,,,,,,,,,9.0,,,,
1950,1,22,,,,,,,,,,46.0,,,,,0.0,0.0,,57.02,42.08,,,,,,,,,,,,,1.0,,,,9999.0,,9999.0,,,,,,1.0,,,,
1950,1,23,,,,,,,,,,0.0,,,,,0.0,0.0,,,32.0,,,,,,,,,,,,,,,,,-99.0,,-99.0,,,,,,,,,,
1950,1,24,,,,,,,,,,,,,,,,,,,,,,,,,,,,,,,,99.0,,,,99.0,,99.0,,,,,,99.0,,,,
1950,1,25,,,,,,,,,,0.0,,,,,0.0,0.0,,60.980000000000004,41.0,,,,,,,,,,,,,-9999.0,,,,-9999.0,,-9999.0,,,,,,-9999.0,,,,
1950,1,26,,,,,,,,,,0.0,,,,,0.0,0.0,,32.0,32.0,,,,,,,,,,,,,,,,,-9.0,,,,,,,,-9.0,,,,
1950,1,27,,,,,,,,,,0.0,,,,,0.0,0.0,,62.959999999999994,46.04,,,,,,,,,,,,,1.0,,,,999.0,,1.0,,,,,,999.0,,,,
1950,1,28,,,,,,,,,,0.0,,,,,0.0,0.0,,,,,,,,,,,,,,,,,,,,-999.0,,,,,,,,-999.0,,,,
1950,1,30,,,,,,,,,,0.0,,,,,0.0,0.0,,64.94,46.94,,,,,,,,,,,,,1.0,,,,9999.0,,9999.0,,,,,,9999.0,,,,
1950,1,31,,,,,,,,,,0.0,,,,,0.0,0.0,,,32.0,,,,,,,,,,,,,0.0,,,,-99.0,,,,,,,,-99.0,,,,
1950,2,1,,,,,,,,,,0.0,,,,,0.0,0.0,,57.92,37.94,,,,,,,,,,,,,-9999.0,,,,,,-9999.0,,,,,,-9999.0,,,,
1950,2,2,,,,,,,,,,0.0,,,,,0.0,0.0,,32.0,32.0,,,,,,,,,,,,,-9.0,,,,,,,,,,,,-9.0,,,,
1950,2,3,,,,,,,,,,0.0,,,,,0.0,0.0,,60.980000000000004,46.04,,,,,,,,,,,,,999.0,,,,,,1.0,,,,,,999.0,,,,
1950,2,4,,,,,,,,,,0.0,,,,,0.0,0.0,,,,,,,,,,,,,,,,-999.0,,,,,,0.0,,,,,,-999.0,,,,
1950,2,6,,,,,,,,,,0.0,,,,,0.0,0.0,,69.98,46.94,,,,,,,,,,,,,9999.0,,,,,,1.0,,,,,,9999.0,,,,
1950,2,7,,,,,,,,,,0.0,,,,,0.0,0.0,,,32.0,,,,,,,,,,,,,,,,,,,0.0,,,,,,-99.0,,,,
1950,2,8,,,,,,,,,,,,,,,,,,,,,,,,,,,,,,,,,,,,,,,,,,,,99.0,,,,
1950,2,9,,,,,,,,,,333.0,,,,,0.0,0.0,,60.08,51.98,,,,,,,,,,,,,1.0,,,,,,-9999.0,,,,,,1.0,,,,
1950,2,10,,,,,,,,,,0.0,,,,,0.0,0.0,,32.0,32.0,,,,,,,,,,,,,0.0,,,,,,-9.0,,,,,,,,,,
1950,2,11,,,,,,,,,,13.0,,,,,0.0,0.0,,62.959999999999994,46.94,,,,,,,,,,,,,1.0,,,,,,999.0,,,,,,1.0,,,,
1950,2,12,,,,,,,,,,0.0,,,,,0.0,0.0,,,,,,,,,,,,,,,,,,,,,,-999.0,,,,,,,,,,
1950,2,13,,,,,,,,,,,,,,,,,,,,,,,,,,,,,,,,9.0,,,,,,,,,,,,,,,,
1950,2,14,,,,,,,,,,0.0,,,,,0.0,0.0,,62.959999999999994,44.96,,,,,,,,,,,,,1.0,,,,,,9999.0,,,,,,9999.0,,,,
1950,2,15,,,,,,,,,,0.0,,,,,0.0,0.0,,,,,,,,,,,,,,,,0.0,,,,,,,,,,,,,,,,
1950,2,17,,,,,,,,,,8.0,,,,,0.0,0.0,,62.059999999999995,50.0,,,,,,,,,,,,,1.0,,,,,,-9999.0,,,,,,1.0,,,,
1950,2,18,,,,,,,,,,0.0,,,,,0.0,0.0,,32.0,32.0,,,,,,,,,,,,,,,,,,,-9.0,,,,,,,,,,
1950,2,19,,,,,,,,,,0.0,,,,,0.0,0.0,,66.02,44.96,,,,,,,,,,,,,999.0,,,,,,999.0,,,,,,999.0,,,,
1950,2,20,,,,,,,,,,0.0,,,,,0.0,0.0,,,,,,,,,,,,,,,,-999.0,,,,,,-999.0,,,,,,-999.0,,,,
1950,2,21,,,,,,,,,,,,,,,,,,,,,,,,,,,,,,,,9.0,,,,,,,,,,,,,,,,
1950,2,22,,,,,,,,,,0.0,,,,,0.0,0.0,,69.08,46.94,,,,,,,,,,,,,1.0,,,,,,9999.0,,,,,,9999.0,,,,
1950,2,23,,,,,,,,,,0.0,,,,,0.0,0.0,,,32.0,,,,,,,,,,,,,0.0,,,,,,,,,,,,-99.0,,,,
1950,2,24,,,,,,,,,,,,,,,,,,,,,,,,,,,,,,,,,,,,,,,,,,,,99.0,,,,
1950,2,25,,,,,,,,,,0.0,,,,,0.0,0.0,,66.92,44.96,,,,,,,,,,,,,1.0,,,,,,1.0,,,,,,-9999.0,,,,
1950,2,26,,,,,,,,,,0.0,,,,,0.0,0.0,,32.0,32.0,,,,,,,,,,,,,,,,,,,0.0,,,,,,-9.0,,,,
1950,2,27,,,,,,,,,,0.0,,,,,0.0,0.0,,62.059999999999995,42.08,,,,,,,,,,,,,1.0,,,,,,1.0,,,,,,999.0,,,,
1950,2,28,,,,,,,,,,0.0,,,,,0.0,0.0,,,,,,,,,,,,,,,,,,,,,,0.0,,,,,,,,,,
1950,2,30,,,,,,,,,,,,,,,0.0,0.0,,57.02,48.02,,,,,,,,,,,,,1.0,,,,,,1.0,,,,,,1.0,,,,
1950,2,31,,,,,,,,,,0.0,,,,,0.0,0.0,,,,,,,,,,,,,,,,,,,,,,,,,,,,,,,,
1950,3,1,,,,,,,,,,18.0,,,,,0.0,0.0,,62.059999999999995,55.04,,,,,,,,,,,,,-9999.0,,,,-9999.0,,-9999.0,,,,,,1.0,,,,
1950,3,2,,,,,,,,,,0.0,,,,,0.0,0.0,,32.0,32.0,,,,,,,,,,,,,-9.0,,,,-9.0,,-9.0,,,,,,,,,,
1950,3,3,,,,,,,,,,3.0,,,,,0.0,0.0,,64.04,53.96,,,,,,,,,,,,,999.0,,,,999.0,,999.0,,,,,,1.0,,,,
1950,3,4,,,,,,,,,,0.0,,,,,0.0,0.0,,,,,,,,,,,,,,,,,,,,-999.0,,,,,,,,,,,,
1950,3,5,,,,,,,,,,,,,,,,,,,,,,,,,,,,,,,,,,,,,,,,,,,,9.0,,,,
1950,3,6,,,,,,,,,,,,,,,0.0,0.0,,64.94,51.08,,,,,,,,,,,,,1.0,,,,9999.0,,1.0,,,,,,1.0,,,,
1950,3,7,,,,,,,,,,0.0,,,,,0.0,0.0,,,,,,,,,,,,,,,,,,,,-99.0,,0.0,,,,,,,,,,
1950,3,8,,,,,,,,,,,,,,,,,,,,,,,,,,,,,,,,,,,,99.0,,,,,,,,,,,,
1950,3,9,,,,,,,,,,0.0,,,,,0.0,0.0,,64.04,51.08,,,,,,,,,,,,,-9999.0,,,,-9999.0,,-9999.0,,,,,,-9999.0,,,,
1950,3,10,,,,,,,,,,0.0,,,,,0.0,0.0,,32.0,32.0,,,,,,,,,,,,,,,,,-9.0,,,,,,,,-9.0,,,,
1950,3,11,,,,,,,,,,0.0,,,,,0.0,0.0,,64.94,48.02,,,,,,,,,,,,,1.0,,,,999.0,,1.0,,,,,,999.0,,,,
1950,3,12,,,,,,,,,,0.0,,,,,0.0,0.0,,,,,,,,,,,,,,,,,,,,-999.0,,0.0,,,,,,-999.0,,,,
1950,3,14,,,,,,,,,,0.0,,,,,0.0,0.0,,64.04,48.02,,,,,,,,,,,,,9999.0,,,,9999.0,,9999.0,,,,,,9999.0,,,,
1950,3,15,,,,,,,,,,0.0,,,,,0.0,0.0,,,,,,,,,,,,,,,,,,,,-99.0,,-99.0,,,,,,-99.0,,,,
1950,3,16,,,,,,,,,,,,,,,,,,,,,,,,,,,,,,,,,,,,99.0,,99.0,,,,,,99.0,,,,
1950,3,17,,,,,,,,,,0.0,,,,,0.0,0.0,,60.980000000000004,50.0,,,,,,,,,,,,,-9999.0,,,,-9999.0,,-9999.0,,,,,,-9999.0,,,,
1950,3,18,,,,,,,,,,0.0,,,,,0.0,0.0,,32.0,32.0,,,,,,,,,,,,,-9.0,,,,-9.0,,-9.0,,,,,,,,,,
1950,3,19,,,,,,,,,,,,,,,0.0,0.0,,68.0,46.04,,,,,,,,,,,,,999.0,,,,999.0,,999.0,,,,,,1.0,,,,
1950,3,20,,,,,,,,,,0.0,,,,,0.0,0.0,,,,,,,,,,,,,,,,-999.0,,,,-999.0,,-999.0,,,,,,,,,,
1950,3,22,,,,,,,,,,0.0,,,,,0.0,0.0,,62.059999999999995,42.980000000000004,,,,,,,,,,,,,9999.0,,,,9999.0,,9999.0,,,,,,9999.0,,,,
1950,3,23,,,,,,,,,,0.0,,,,,0.0,0.0,,,,,,,,,,,,,,,,-99.0,,,,-99.0,,-99.0,,,,,,-99.0,,,,
1950,3,24,,,,,,,,,,,,,,,,,,,,,,,,,,,,,,,,99.0,,,,99.0,,99.0,,,,,,99.0,,,,
1950,3,25,,,,,,,,,,0.0,,,,,0.0,0.0,,64.04,48.02,,,,,,,,,,,,,-9999.0,,,,-9999.0,,-9999.0,,,,,,-9999.0,,,,
1950,3,26,,,,,,,,,,0.0,,,,,0.0,0.0,,32.0,32.0,,,,,,,,,,,,,,,,,-9.0,,-9.0,,,,,,-9.0,,,,
1950,3,27,,,,,,,,,,0.0,,,,,0.0,0.0,,62.959999999999994,50.0,,,,,,,,,,,,,1.0,,,,999.0,,999.0,,,,,,999.0,,,,
1950,3,28,,,,,,,,,,0.0,,,,,0.0,0.0,,,,,,,,,,,,,,,,0.0,,,,-999.0,,-999.0,,,,,,-999.0,,,,
1950,3,29,,,,,,,,,,,,,,,,,,,,,,,,,,,,,,,,,,,,,,9.0,,,,,,,,,,
1950,3,30,,,,,,,,,,0.0,,,,,0.0,0.0,,73.04,48.92,,,,,,,,,,,,,9999.0,,,,9999.0,,1.0,,,,,,9999.0,,,,
1950,3,31,,,,,,,,,,0.0,,,,,0.0,0.0,,,,,,,,,,,,,,,,,,,,-99.0,,,,,,,,,,,,
1950,4,1,,,,,,,,,,0.0,,,,,0.0,0.0,,73.94,51.98,,,,,,,,,,,,,1.0,,,,,,-9999.0,,,,,,-9999.0,,,,
1950,4,2,,,,,,,,,,0.0,,,,,0.0,0.0,,32.0,32.0,,,,,,,,,,,,,0.0,,,,,,,,,,,,-9.0,,,,
1950,4,3,,,,,,,,,,0.0,,,,,0.0,0.0,,69.98,51.08,,,,,,,,,,,,,1.0,,,,,,1.0,,,,,,999.0,,,,
1950,4,4,,,,,,,,,,0.0,,,,,0.0,0.0,,,,,,,,,,,,,,,,,,,,,,0.0,,,,,,,,,,
1950,4,6,,,,,,,,,,,,,,,0.0,0.0,,62.059999999999995,55.04,,,,,,,,,,,,,1.0,,,,,,9999.0,,,,,,1.0,,,,
1950,4,7,,,,,,,,,,0.0,,,,,0.0,0.0,,,,,,,,,,,,,,,,0.0,,,,,,-99.0,,,,,,,,,,
1950,4,8,,,,,,,,,,,,,,,,,,,,,,,,,,,,,,,,,,,,,,99.0,,,,,,,,,,
1950,4,9,,,,,,,,,,0.0,,,,,0.0,0.0,,69.98,53.06,,,,,,,,,,,,,1.0,,,,,,-9999.0,,,,,,-9999.0,,,,
1950,4,10,,,,,,,,,,0.0,,,,,0.0,0.0,,32.0,32.0,,,,,,,,,,,,,,,,,,,-9.0,,,,,,-9.0,,,,
1950,4,11,,,,,,,,,,0.0,,,,,0.0,0.0,,60.980000000000004,51.98,,,,,,,,,,,,,999.0,,,,,,999.0,,,,,,999.0,,,,
1950,4,12,,,,,,,,,,,,,,,0.0,0.0,,,,,,,,,,,,,,,,-999.0,,,,,,-999.0,,,,,,,,,,
1950,4,14,,,,,,,,,,10.0,,,,,0.0,0.0,,62.059999999999995,50.0,,,,,,,,,,,,,9999.0,,,,,,9999.0,,,,,,1.0,,,,
1950,4,15,,,,,,,,,,0.0,,,,,0.0,0.0,,,32.0,,,,,,,,,,,,,-99.0,,,,,,-99.0,,,,,,,,,,
1950,4,16,,,,,,,,,,,,,,,,,,,,,,,,,,,,,,,,99.0,,,,,,99.0,,,,,,99.0,,,,
1950,4,17,,,,,,,,,,0.0,,,,,0.0,0.0,,69.98,48.92,,,,,,,,,,,,,-9999.0,,,,,,-9999.0,,,,,,-9999.0,,,,
1950,4,18,,,,,,,,,,0.0,,,,,0.0,0.0,,32.0,32.0,,,,,,,,,,,,,-9.0,,,,,,-9.0,,,,,,-9.0,,,,
1950,4,19,,,,,,,,,,0.0,,,,,0.0,0.0,,71.96,50.0,,,,,,,,,,,,,999.0,,,,,,999.0,,,,,,999.0,,,,
1950,4,20,,,,,,,,,,0.0,,,,,0.0,0.0,,,,,,,,,,,,,,,,-999.0,,,,,,-999.0,,,,,,-999.0,,,,
1950,4,22,,,,,,,,,,0.0,,,,,0.0,0.0,,66.92,51.98,,,,,,,,,,,,,9999.0,,,,,,9999.0,,,,,,9999.0,,,,
1950,4,23,,,,,,,,,,0.0,,,,,0.0,0.0,,,,,,,,,,,,,,,,-99.0,,,,,,-99.0,,,,,,-99.0,,,,
1950,4,24,,,,,,,,,,,,,,,,,,,,,,,,,,,,,,,,99.0,,,,,,99.0,,,,,,99.0,,,,
1950,4,25,,,,,,,,,,0.0,,,,,0.0,0.0,,78.08,51.98,,,,,,,,,,,,,-9999.0,,,,,,-9999.0,,,,,,-9999.0,,,,
1950,4,26,,,,,,,,,,0.0,,,,,0.0,0.0,,32.0,32.0,,,,,,,,,,,,,-9.0,,,,,,-9.0,,,,,,-9.0,,,,
1950,4,27,,,,,,,,,,0.0,,,,,0.0,0.0,,78.98,55.04,,,,,,,,,,,,,999.0,,,,,,999.0,,,,,,999.0,,,,
1950,4,28,,,,,,,,,,0.0,,,,,0.0,0.0,,,,,,,,,,,,,,,,,,,,,,-999.0,,,,,,-999.0,,,,
1950,4,29,,,,,,,,,,,,,,,,,,,,,,,,,,,,,,,,,,,,,,9.0,,,,,,,,,,
1950,4,30,,,,,,,,,,0.0,,,,,0.0,0.0,,68.0,57.02,,,,,,,,,,,,,1.0,,,,,,1.0,,,,,,9999.0,,,,
1950,4,31,,,,,,,,,,0.0,,,,,0.0,0.0,,,,,,,,,,,,,,,,,,,,,,0.0,,,,,,-99.0,,,,
1950,5,1,,,,,,,,,,0.0,,,,,0.0,0.0,,64.94,53.96,,,,,,,,,,,,,-9999.0,,,,,,-9999.0,,,,,,-9999.0,,,,
1950,5,2,,,,,,,,,,0.0,,,,,0.0,0.0,,32.0,32.0,,,,,,,,,,,,,-9.0,,,,,,-9.0,,,,,,,,,,
1950,5,3,,,,,,,,,,3.0,,,,,0.0,0.0,,66.02,55.04,,,,,,,,,,,,,999.0,,,,,,999.0,,,,,,1.0,,,,
1950,5,4,,,,,,,,,,,,,,,0.0,0.0,,,,,,,,,,,,,,,,-999.0,,,,,,-999.0,,,,,,,,,,
1950,5,6,,,,,,,,,,0.0,,,,,0.0,0.0,,64.94,51.08,,,,,,,,,,,,,9999.0,,,,,,9999.0,,,,,,9999.0,,,,
1950,5,7,,,,,,,,,,0.0,,,,,0.0,0.0,,,32.0,,,,,,,,,,,,,-99.0,,,,,,-99.0,,,,,,-99.0,,,,
1950,5,8,,,,,,,,,,,,,,,,,,,,,,,,,,,,,,,,99.0,,,,,,99.0,,,,,,99.0,,,,
1950,5,9,,,,,,,,,,0.0,,,,,0.0,0.0,,68.0,53.06,,,,,,,,,,,,,1.0,,,,,,-9999.0,,,,,,-9999.0,,,,
1950,5,10,,,,,,,,,,0.0,,,,,0.0,0.0,,32.0,32.0,,,,,,,,,,,,,,,,,,,-9.0,,,,,,-9.0,,,,
1950,5,11,,,,,,,,,,0.0,,,,,0.0,0.0,,66.02,53.96,,,,,,,,,,,,,999.0,,,,,,999.0,,,,,,999.0,,,,
1950,5,12,,,,,,,,,,0.0,,,,,0.0,0.0,,,,,,,,,,,,,,,,-999.0,,,,,,-999.0,,,,,,-999.0,,,,
1950,5,14,,,,,,,,,,0.0,,,,,0.0,0.0,,71.96,51.08,,,,,,,,,,,,,9999.0,,,,,,9999.0,,,,,,9999.0,,,,
1950,5,15,,,,,,,,,,0.0,,,,,0.0,0.0,,,,,,,,,,,,,,,,,,,,,,-99.0,,,,,,-99.0,,,,
1950,5,16,,,,,,,,,,,,,,,,,,,,,,,,,,,,,,,,,,,,,,99.0,,,,,,99.0,,,,
1950,5,17,,,,,,,,,,0.0,,,,,0.0,0.0,,71.96,55.04,,,,,,,,,,,,,1.0,,,,,,-9999.0,,,,,,-9999.0,,,,
1950,5,18,,,,,,,,,,0.0,,,,,0.0,0.0,,32.0,32.0,,,,,,,,,,,,,,,,,,,-9.0,,,,,,-9.0,,,,
1950,5,19,,,,,,,,,,0.0,,,,,0.0,0.0,,66.92,55.04,,,,,,,,,,,,,999.0,,,,,,999.0,,,,,,999.0,,,,
1950,5,20,,,,,,,,,,0.0,,,,,0.0,0.0,,,,,,,,,,,,,,,,-999.0,,,,,,-999.0,,,,,,-999.0,,,,
1950,5,22,,,,,,,,,,0.0,,,,,0.0,0.0,,64.94,57.92,,,,,,,,,,,,,9999.0,,,,,,9999.0,,,,,,9999.0,,,,
1950,5,23,,,,,,,,,,0.0,,,,,0.0,0.0,,,,,,,,,,,,,,,,-99.0,,,,,,-99.0,,,,,,-99.0,,,,
1950,5,24,,,,,,,,,,,,,,,,,,,,,,,,,,,,,,,,99.0,,,,,,99.0,,,,,,99.0,,,,
1950,5,25,,,,,,,,,,0.0,,,,,0.0,0.0,,60.980000000000004,57.92,,,,,,,,,,,,,-9999.0,,,,,,-9999.0,,,,,,1.0,,,,
1950,5,26,,,,,,,,,,,,,,,0.0,0.0,,32.0,32.0,,,,,,,,,,,,,-9.0,,,,,,-9.0,,,,,,,,,,
1950,5,27,,,,,,,,,,0.0,,,,,0.0,0.0,,64.94,57.02,,,,,,,,,,,,,999.0,,,,,,999.0,,,,,,999.0,,,,
1950,5,28,,,,,,,,,,0.0,,,,,0.0,0.0,,,,,,,,,,,,,,,,-999.0,,,,,,-999.0,,,,,,-999.0,,,,
1950,5,30,,,,,,,,,,0.0,,,,,0.0,0.0,,66.02,57.02,,,,,,,,,,,,,9999.0,,,,,,9999.0,,,,,,9999.0,,,,
1950,5,31,,,,,,,,,,0.0,,,,,0.0,0.0,,,,,,,,,,,,,,,,-99.0,,,,,,-99.0,,,,,,-99.0,,,,
1950,6,1,,,,,,,,,,0.0,,,,,0.0,0.0,,66.02,59.0,,,,,,,,,,,,,-9999.0,,,,,,-9999.0,,,,,,1.0,,,,
1950,6,2,,,,,,,,,,,,,,,0.0,0.0,,32.0,32.0,,,,,,,,,,,,,-9.0,,,,,,-9.0,,,,,,,,,,
1950,6,3,,,,,,,,,,,,,,,0.0,0.0,,66.02,57.92,,,,,,,,,,,,,999.0,,,,,,999.0,,,,,,1.0,,,,
1950,6,4,,,,,,,,,,0.0,,,,,0.0,0.0,,,,,,,,,,,,,,,,-999.0,,,,,,-999.0,,,,,,,,,,
1950,6,6,,,,,,,,,,0.0,,,,,0.0,0.0,,71.06,57.92,,,,,,,,,,,,,9999.0,,,,,,9999.0,,,,,,9999.0,,,,
1950,6,7,,,,,,,,,,0.0,,,,,0.0,0.0,,,,,,,,,,,,,,,,,,,,,,,,,,,,,,,,
1950,6,9,,,,,,,,,,0.0,,,,,0.0,0.0,,64.94,57.92,,,,,,,,,,,,,-9999.0,,,,,,-9999.0,,,,,,1.0,,,,
1950,6,10,,,,,,,,,,,,,,,0.0,0.0,,32.0,32.0,,,,,,,,,,,,,-9.0,,,,,,-9.0,,,,,,,,,,
1950,6,11,,,,,,,,,,0.0,,,,,0.0,0.0,,69.08,55.04,,,,,,,,,,,,,999.0,,,,,,999.0,,,,,,999.0,,,,
1950,6,12,,,,,,,,,,0.0,,,,,0.0,0.0,,,,,,,,,,,,,,,,-999.0,,,,,,-999.0,,,,,,-999.0,,,,
1950,6,13,,,,,,,,,,,,,,,,,,,,,,,,,,,,,,,,9.0,,,,,,,,,,,,,,,,
1950,6,14,,,,,,,,,,0.0,,,,,0.0,0.0,,75.02,53.96,,,,,,,,,,,,,1.0,,,,,,9999.0,,,,,,9999.0,,,,
1950,6,15,,,,,,,,,,0.0,,,,,0.0,0.0,,,,,,,,,,,,,,,,0.0,,,,,,-99.0,,,,,,-99.0,,,,
1950,6,16,,,,,,,,,,,,,,,,,,,,,,,,,,,,,,,,,,,,,,99.0,,,,,,99.0,,,,
1950,6,17,,,,,,,,,,0.0,,,,,0.0,0.0,,69.98,59.0,,,,,,,,,,,,,-9999.0,,,,,,-9999.0,,,,,,-9999.0,,,,
1950,6,18,,,,,,,,,,0.0,,,,,0.0,0.0,,32.0,32.0,,,,,,,,,,,,,-9.0,,,,,,-9.0,,,,,,-9.0,,,,
1950,6,19,,,,,,,,,,0.0,,,,,0.0,0.0,,69.08,57.02,,,,,,,,,,,,,999.0,,,,,,999.0,,,,,,999.0,,,,
1950,6,20,,,,,,,,,,0.0,,,,,0.0,0.0,,,,,,,,,,,,,,,,-999.0,,,,,,-999.0,,,,,,-999.0,,,,
1950,6,22,,,,,,,,,,0.0,,,,,0.0,0.0,,69.08,57.92,,,,,,,,,,,,,9999.0,,,,,,9999.0,,,,,,9999.0,,,,
1950,6,23,,,,,,,,,,0.0,,,,,0.0,0.0,,,,,,,,,,,,,,,,-99.0,,,,,,-99.0,,,,,,-99.0,,,,
1950,6,24,,,,,,,,,,,,,,,,,,,,,,,,,,,,,,,,99.0,,,,,,99.0,,,,,,99.0,,,,
1950,6,25,,,,,,,,,,0.0,,,,,0.0,0.0,,66.92,59.0,,,,,,,,,,,,,-9999.0,,,,,,-9999.0,,,,,,-9999.0,,,,
1950,6,26,,,,,,,,,,0.0,,,,,0.0,0.0,,32.0,32.0,,,,,,,,,,,,,-9.0,,,,,,-9.0,,,,,,-9.0,,,,
1950,6,27,,,,,,,,,,0.0,,,,,0.0,0.0,,69.08,60.08,,,,,,,,,,,,,999.0,,,,,,999.0,,,,,,999.0,,,,
1950,6,28,,,,,,,,,,0.0,,,,,0.0,0.0,,,,,,,,,,,,,,,,-999.0,,,,,,-999.0,,,,,,-999.0,,,,
1950,6,30,,,,,,,,,,0.0,,,,,0.0,0.0,,66.02,59.0,,,,,,,,,,,,,9999.0,,,,,,9999.0,,,,,,9999.0,,,,
1950,6,31,,,,,,,,,,0.0,,,,,0.0,0.0,,,,,,,,,,,,,,,,-99.0,,,,,,-99.0,,,,,,-99.0,,,,
1950,7,1,,,,,,,,,,0.0,,,,,0.0,0.0,,78.08,62.059999999999995,,,,,,,,,,,,,1.0,,,,,,-9999.0,,,,,,1.0,,,,
1950,7,2,,,,,,,,,,,,,,,0.0,0.0,,32.0,32.0,,,,,,,,,,,,,0.0,,,,,,,,,,,,,,,,
1950,7,3,,,,,,,,,,0.0,,,,,0.0,0.0,,73.04,60.980000000000004,,,,,,,,,,,,,1.0,,,,,,1.0,,,,,,999.0,,,,
1950,7,4,,,,,,,,,,0.0,,,,,0.0,0.0,,,,,,,,,,,,,,,,,,,,,,0.0,,,,,,-999.0,,,,
1950,7,6,,,,,,,,,,0.0,,,,,0.0,0.0,,77.0,62.059999999999995,,,,,,,,,,,,,9999.0,,,,,,1.0,,,,,,9999.0,,,,
1950,7,7,,,,,,,,,,0.0,,,,,0.0,0.0,,,,,,,,,,,,,,,,-99.0,,,,,,0.0,,,,,,-99.0,,,,
1950,7,8,,,,,,,,,,,,,,,,,,,,,,,,,,,,,,,,99.0,,,,,,,,,,,,99.0,,,,
1950,7,9,,,,,,,,,,0.0,,,,,0.0,0.0,,82.04,66.92,,,,,,,,,,,,,-9999.0,,,,,,-9999.0,,,,,,-9999.0,,,,
1950,7,10,,,,,,,,,,0.0,,,,,0.0,0.0,,32.0,32.0,,,,,,,,,,,,,-9.0,,,,,,,,,,,,-9.0,,,,
1950,7,11,,,,,,,,,,0.0,,,,,0.0,0.0,,80.96,64.04,,,,,,,,,,,,,999.0,,,,,,1.0,,,,,,999.0,,,,
1950,7,12,,,,,,,,,,,,,,,0.0,0.0,,,,,,,,,,,,,,,,-999.0,,,,,,,,,,,,,,,,
1950,7,14,,,,,,,,,,,,,,,0.0,0.0,,77.0,66.92,,,,,,,,,,,,,9999.0,,,,,,9999.0,,,,,,1.0,,,,
1950,7,15,,,,,,,,,,0.0,,,,,0.0,0.0,,,,,,,,,,,,,,,,,,,,,,,,,,,,,,,,
1950,7,17,,,,,,,,,,0.0,,,,,0.0,0.0,,75.92,64.04,,,,,,,,,,,,,1.0,,,,,,1.0,,,,,,-9999.0,,,,
1950,7,18,,,,,,,,,,0.0,,,,,0.0,0.0,,32.0,32.0,,,,,,,,,,,,,,,,,,,0.0,,,,,,-9.0,,,,
1950,7,19,,,,,,,,,,0.0,,,,,0.0,0.0,,73.94,64.04,,,,,,,,,,,,,1.0,,,,,,1.0,,,,,,999.0,,,,
1950,7,20,,,,,,,,,,0.0,,,,,0.0,0.0,,,,,,,,,,,,,,,,,,,,,,0.0,,,,,,,,,,
1950,7,22,,,,,,,,,,0.0,,,,,0.0,0.0,,75.92,62.959999999999994,,,,,,,,,,,,,9999.0,,,,,,1.0,,,,,,9999.0,,,,
1950,7,23,,,,,,,,,,0.0,,,,,0.0,0.0,,,,,,,,,,,,,,,,,,,,,,0.0,,,,,,-99.0,,,,
1950,7,24,,,,,,,,,,,,,,,,,,,,,,,,,,,,,,,,,,,,,,,,,,,,99.0,,,,
1950,7,25,,,,,,,,,,0.0,,,,,0.0,0.0,,71.96,64.94,,,,,,,,,,,,,-9999.0,,,,,,-9999.0,,,,,,-9999.0,,,,
1950,7,26,,,,,,,,,,0.0,,,,,0.0,0.0,,32.0,32.0,,,,,,,,,,,,,-9.0,,,,,,-9.0,,,,,,-9.0,,,,
1950,7,27,,,,,,,,,,0.0,,,,,0.0,0.0,,73.04,64.94,,,,,,,,,,,,,999.0,,,,,,999.0,,,,,,999.0,,,,
1950,7,28,,,,,,,,,,0.0,,,,,0.0,0.0,,,,,,,,,,,,,,,,-999.0,,,,,,-999.0,,,,,,-999.0,,,,
1950,7,30,,,,,,,,,,0.0,,,,,0.0,0.0,,73.94,62.059999999999995,,,,,,,,,,,,,9999.0,,,,,,9999.0,,,,,,9999.0,,,,
1950,7,31,,,,,,,,,,0.0,,,,,0.0,0.0,,,,,,,,,,,,,,,,-99.0,,,,,,-99.0,,,,,,-99.0,,,,
1950,8,1,,,,,,,,,,0.0,,,,,0.0,0.0,,73.94,62.959999999999994,,,,,,,,,,,,,-9999.0,,,,,,-9999.0,,,,,,,,,,
1950,8,2,,,,,,,,,,0.0,,,,,0.0,0.0,,32.0,32.0,,,,,,,,,,,,,,,,,,,,,,,,,,,,,
1950,8,3,,,,,,,,,,0.0,,,,,0.0,0.0,,75.92,60.08,,,,,,,,,,,,,1.0,,,,,,1.0,,,,,,,,,,
1950,8,4,,,,,,,,,,0.0,,,,,0.0,0.0,,,,,,,,,,,,,,,,,,,,,,0.0,,,,,,,,,,
1950,8,6,,,,,,,,,,0.0,,,,,0.0,0.0,,73.94,62.059999999999995,,,,,,,,,,,,,1.0,,,,,,1.0,,,,,,,,,,
1950,8,7,,,,,,,,,,0.0,,,,,0.0,0.0,,,,,,,,,,,,,,,,,,,,,,0.0,,,,,,,,,,
1950,8,8,,,,,,,,,,,,,,,,,,,,,,,,,,,,,,,,99.0,,,,,,,,,,,,,,,,
1950,8,9,,,,,,,,,,0.0,,,,,0.0,0.0,,73.94,57.92,,,,,,,,,,,,,1.0,,,,,,-9999.0,,,,,,,,,,
1950,8,10,,,,,,,,,,0.0,,,,,0.0,0.0,,32.0,32.0,,,,,,,,,,,,,,,,,,,-9.0,,,,,,,,,,
1950,8,11,,,,,,,,,,0.0,,,,,0.0,0.0,,75.92,60.08,,,,,,,,,,,,,999.0,,,,,,999.0,,,,,,,,,,
1950,8,12,,,,,,,,,,0.0,,,,,0.0,0.0,,,,,,,,,,,,,,,,-999.0,,,,,,-999.0,,,,,,,,,,
1950,8,14,,,,,,,,,,0.0,,,,,0.0,0.0,,80.96,64.04,,,,,,,,,,,,,9999.0,,,,,,9999.0,,,,,,,,,,
1950,8,15,,,,,,,,,,0.0,,,,,0.0,0.0,,,,,,,,,,,,,,,,-99.0,,,,,,-99.0,,,,,,,,,,
1950,8,16,,,,,,,,,,,,,,,,,,,,,,,,,,,,,,,,99.0,,,,,,99.0,,,,,,,,,,
1950,8,17,,,,,,,,,,0.0,,,,,0.0,0.0,,73.04,60.980000000000004,,,,,,,,,,,,,-9999.0,,,,,,-9999.0,,,,,,,,,,
1950,8,18,,,,,,,,,,0.0,,,,,0.0,0.0,,32.0,32.0,,,,,,,,,,,,,-9.0,,,,,,-9.0,,,,,,,,,,
1950,8,19,,,,,,,,,,0.0,,,,,0.0,0.0,,73.04,62.059999999999995,,,,,,,,,,,,,999.0,,,,,,999.0,,,,,,,,,,
1950,8,20,,,,,,,,,,0.0,,,,,0.0,0.0,,,,,,,,,,,,,,,,-999.0,,,,,,-999.0,,,,,,,,,,
1950,8,22,,,,,,,,,,0.0,,,,,0.0,0.0,,73.94,60.08,,,,,,,,,,,,,9999.0,,,,,,9999.0,,,,,,,,,,
1950,8,23,,,,,,,,,,0.0,,,,,0.0,0.0,,,,,,,,,,,,,,,,,,,,,,,,,,,,,,,,
1950,8,25,,,,,,,,,,0.0,,,,,0.0,0.0,,78.08,60.08,,,,,,,,,,,,,1.0,,,,,,-9999.0,,,,,,,,,,
1950,8,26,,,,,,,,,,0.0,,,,,0.0,0.0,,32.0,32.0,,,,,,,,,,,,,0.0,,,,,,,,,,,,,,,,
1950,8,27,,,,,,,,,,0.0,,,,,0.0,0.0,,73.04,62.059999999999995,,,,,,,,,,,,,1.0,,,,,,1.0,,,,,,,,,,
1950,8,28,,,,,,,,,,0.0,,,,,0.0,0.0,,,,,,,,,,,,,,,,,,,,,,0.0,,,,,,,,,,
1950,8,30,,,,,,,,,,0.0,,,,,0.0,0.0,,73.94,62.059999999999995,,,,,,,,,,,,,1.0,,,,,,1.0,,,,,,,,,,
1950,8,31,,,,,,,,,,0.0,,,,,0.0,0.0,,,,,,,,,,,,,,,,,,,,,,0.0,,,,,,,,,,
1950,9,1,,,,,,,,,,0.0,,,,,0.0,0.0,,73.04,64.04,,,,,,,,,,,,,1.0,,-9999.0,,,,1.0,,,,,,-9999.0,,,,
1950,9,2,,,,,,,,,,0.0,,,,,0.0,0.0,,32.0,32.0,,,,,,,,,,,,,,,-9.0,,,,0.0,,,,,,,,,,
1950,9,3,,,,,,,,,,,,,,,0.0,0.0,,73.04,62.059999999999995,,,,,,,,,,,,,1.0,,999.0,,,,1.0,,,,,,1.0,,,,
1950,9,4,,,,,,,,,,0.0,,,,,0.0,0.0,,,,,,,,,,,,,,,,,,,,,,0.0,,,,,,,,,,
1950,9,6,,,,,,,,,,0.0,,,,,0.0,0.0,,69.08,64.94,,,,,,,,,,,,,1.0,,9999.0,,,,1.0,,,,,,9999.0,,,,
1950,9,7,,,,,,,,,,0.0,,,,,0.0,0.0,,,,,,,,,,,,,,,,,,-99.0,,,,0.0,,,,,,-99.0,,,,
1950,9,8,,,,,,,,,,,,,,,,,,,,,,,,,,,,,,,,99.0,,99.0,,,,,,,,,,99.0,,,,
1950,9,9,,,,,,,,,,0.0,,,,,0.0,0.0,,71.06,64.94,,,,,,,,,,,,,1.0,,-9999.0,,,,-9999.0,,,,,,1.0,,,,
1950,9,10,,,,,,,,,,,,,,,0.0,0.0,,32.0,32.0,,,,,,,,,,,,,0.0,,-9.0,,,,,,,,,,,,,,
1950,9,11,,,,,,,,,,,,,,,0.0,0.0,,71.96,64.04,,,,,,,,,,,,,1.0,,999.0,,,,1.0,,,,,,1.0,,,,
1950,9,12,,,,,,,,,,0.0,,,,,0.0,0.0,,,,,,,,,,,,,,,,,,-999.0,,,,,,,,,,,,,,
1950,9,14,,,,,,,,,,0.0,,,,,0.0,0.0,,73.94,60.08,,,,,,,,,,,,,9999.0,,9999.0,,,,9999.0,,,,,,9999.0,,,,
1950,9,15,,,,,,,,,,0.0,,,,,0.0,0.0,,,,,,,,,,,,,,,,-99.0,,-99.0,,,,-99.0,,,,,,-99.0,,,,
1950,9,16,,,,,,,,,,,,,,,,,,,,,,,,,,,,,,,,99.0,,99.0,,,,99.0,,,,,,99.0,,,,
1950,9,17,,,,,,,,,,0.0,,,,,0.0,0.0,,71.96,59.0,,,,,,,,,,,,,-9999.0,,-9999.0,,,,-9999.0,,,,,,-9999.0,,,,
1950,9,18,,,,,,,,,,0.0,,,,,0.0,0.0,,32.0,32.0,,,,,,,,,,,,,-9.0,,-9.0,,,,-9.0,,,,,,-9.0,,,,
1950,9,19,,,,,,,,,,0.0,,,,,0.0,0.0,,73.94,60.08,,,,,,,,,,,,,999.0,,999.0,,,,999.0,,,,,,999.0,,,,
1950,9,20,,,,,,,,,,0.0,,,,,0.0,0.0,,,,,,,,,,,,,,,,-999.0,,-999.0,,,,,,,,,,-999.0,,,,
1950,9,22,,,,,,,,,,0.0,,,,,0.0,0.0,,73.94,60.980000000000004,,,,,,,,,,,,,9999.0,,9999.0,,,,9999.0,,,,,,9999.0,,,,
1950,9,23,,,,,,,,,,0.0,,,,,0.0,0.0,,,,,,,,,,,,,,,,-99.0,,-99.0,,,,-99.0,,,,,,-99.0,,,,
1950,9,24,,,,,,,,,,,,,,,,,,,,,,,,,,,,,,,,99.0,,99.0,,,,99.0,,,,,,99.0,,,,
1950,9,25,,,,,,,,,,0.0,,,,,0.0,0.0,,71.06,62.059999999999995,,,,,,,,,,,,,-9999.0,,-9999.0,,,,-9999.0,,,,,,-9999.0,,,,
1950,9,26,,,,,,,,,,0.0,,,,,0.0,0.0,,32.0,32.0,,,,,,,,,,,,,-9.0,,-9.0,,,,-9.0,,,,,,-9.0,,,,
1950,9,27,,,,,,,,,,0.0,,,,,0.0,0.0,,73.94,62.959999999999994,,,,,,,,,,,,,999.0,,999.0,,,,999.0,,,,,,999.0,,,,
1950,9,28,,,,,,,,,,0.0,,,,,0.0,0.0,,,,,,,,,,,,,,,,-999.0,,-999.0,,,,-999.0,,,,,,-999.0,,,,
1950,9,30,,,,,,,,,,0.0,,,,,0.0,0.0,,75.02,57.92,,,,,,,,,,,,,9999.0,,9999.0,,,,9999.0,,,,,,9999.0,,,,
1950,9,31,,,,,,,,,,0.0,,,,,0.0,0.0,,,,,,,,,,,,,,,,-99.0,,-99.0,,,,-99.0,,,,,,-99.0,,,,
1950,10,1,,,,,,,,,,0.0,,,,,0.0,0.0,,71.96,57.02,,,,,,,,,,,,,-9999.0,,,,,,-9999.0,,,,,,-9999.0,,,,
1950,10,2,,,,,,,,,,0.0,,,,,0.0,0.0,,32.0,32.0,,,,,,,,,,,,,-9.0,,,,,,,,,,,,-9.0,,,,
1950,10,3,,,,,,,,,,0.0,,,,,0.0,0.0,,75.02,53.96,,,,,,,,,,,,,999.0,,,,,,1.0,,,,,,999.0,,,,
1950,10,4,,,,,,,,,,0.0,,,,,0.0,0.0,,,,,,,,,,,,,,,,-999.0,,,,,,0.0,,,,,,-999.0,,,,
1950,10,5,,,,,,,,,,,,,,,,,,,,,,,,,,,,,,,,9.0,,,,,,,,,,,,,,,,
1950,10,6,,,,,,,,,,0.0,,,,,0.0,0.0,,78.98,59.0,,,,,,,,,,,,,1.0,,,,,,1.0,,,,,,9999.0,,,,
1950,10,7,,,,,,,,,,0.0,,,,,0.0,0.0,,,,,,,,,,,,,,,,,,,,,,0.0,,,,,,-99.0,,,,
1950,10,8,,,,,,,,,,,,,,,,,,,,,,,,,,,,,,,,,,,,,,,,,,,,99.0,,,,
1950,10,9,,,,,,,,,,0.0,,,,,0.0,0.0,,69.08,60.980000000000004,,,,,,,,,,,,,-9999.0,,,,,,1.0,,,,,,-9999.0,,,,
1950,10,10,,,,,,,,,,0.0,,,,,0.0,0.0,,32.0,32.0,,,,,,,,,,,,,,,,,,,0.0,,,,,,-9.0,,,,
1950,10,11,,,,,,,,,,0.0,,,,,0.0,0.0,,71.96,59.0,,,,,,,,,,,,,1.0,,,,,,1.0,,,,,,999.0,,,,
1950,10,12,,,,,,,,,,0.0,,,,,0.0,0.0,,,,,,,,,,,,,,,,,,,,,,0.0,,,,,,-999.0,,,,
1950,10,14,,,,,,,,,,0.0,,,,,0.0,0.0,,73.04,60.08,,,,,,,,,,,,,1.0,,,,,,1.0,,,,,,9999.0,,,,
1950,10,15,,,,,,,,,,0.0,,,,,0.0,0.0,,,,,,,,,,,,,,,,,,,,,,0.0,,,,,,-99.0,,,,
1950,10,16,,,,,,,,,,,,,,,,,,,,,,,,,,,,,,,,,,,,,,,,,,,,99.0,,,,
1950,10,17,,,,,,,,,,0.0,,,,,0.0,0.0,,78.08,57.02,,,,,,,,,,,,,1.0,,,,,,1.0,,,,,,-9999.0,,,,
1950,10,18,,,,,,,,,,0.0,,,,,0.0,0.0,,32.0,32.0,,,,,,,,,,,,,,,,,,,0.0,,,,,,-9.0,,,,
1950,10,19,,,,,,,,,,0.0,,,,,0.0,0.0,,89.96000000000001,62.959999999999994,,,,,,,,,,,,,999.0,,,,,,1.0,,,,,,999.0,,,,
1950,10,20,,,,,,,,,,0.0,,,,,0.0,0.0,,,,,,,,,,,,,,,,-999.0,,,,,,0.0,,,,,,-999.0,,,,
1950,10,21,,,,,,,,,,,,,,,,,,,,,,,,,,,,,,,,9.0,,,,,,,,,,,,,,,,
1950,10,22,,,,,,,,,,0.0,,,,,0.0,0.0,,73.94,62.059999999999995,,,,,,,,,,,,,1.0,,,,,,1.0,,,,,,9999.0,,,,
1950,10,23,,,,,,,,,,0.0,,,,,0.0,0.0,,,,,,,,,,,,,,,,,,,,,,0.0,,,,,,-99.0,,,,
1950,10,24,,,,,,,,,,,,,,,,,,,,,,,,,,,,,,,,99.0,,,,,,,,,,,,99.0,,,,
1950,10,25,,,,,,,,,,0.0,,,,,0.0,0.0,,71.96,62.059999999999995,,,,,,,,,,,,,1.0,,,,,,1.0,,,,,,-9999.0,,,,
1950,10,26,,,,,,,,,,0.0,,,,,0.0,0.0,,32.0,32.0,,,,,,,,,,,,,,,,,,,,,,,,,-9.0,,,,
1950,10,27,,,,,,,,,,0.0,,,,,0.0,0.0,,75.02,57.02,,,,,,,,,,,,,1.0,,,,,,999.0,,,,,,999.0,,,,
1950,10,28,,,,,,,,,,0.0,,,,,0.0,0.0,,,,,,,,,,,,,,,,,,,,,,,,,,,,-999.0,,,,
1950,10,29,,,,,,,,,,,,,,,,,,,,,,,,,,,,,,,,9.0,,,,,,,,,,,,,,,,
1950,10,30,,,,,,,,,,0.0,,,,,0.0,0.0,,75.92,51.98,,,,,,,,,,,,,1.0,,,,,,1.0,,,,,,9999.0,,,,
1950,10,31,,,,,,,,,,0.0,,,,,0.0,0.0,,,,,,,,,,,,,,,,,,,,,,,,,,,,-99.0,,,,
1950,11,1,,,,,,,,,,0.0,,,,,0.0,0.0,,73.04,53.06,,,,,,,,,,,,,-9999.0,,,,,,1.0,,,,,,-9999.0,,,,
1950,11,2,,,,,,,,,,0.0,,,,,0.0,0.0,,32.0,32.0,,,,,,,,,,,,,-9.0,,,,,,0.0,,,,,,-9.0,,,,
1950,11,3,,,,,,,,,,0.0,,,,,0.0,0.0,,87.98,57.02,,,,,,,,,,,,,999.0,,,,,,1.0,,,,,,999.0,,,,
1950,11,4,,,,,,,,,,0.0,,,,,0.0,0.0,,,,,,,,,,,,,,,,-999.0,,,,,,,,,,,,-999.0,,,,
1950,11,6,,,,,,,,,,0.0,,,,,0.0,0.0,,91.03999999999999,62.059999999999995,,,,,,,,,,,,,9999.0,,,,,,9999.0,,,,,,9999.0,,,,
1950,11,7,,,,,,,,,,0.0,,,,,0.0,0.0,,,,,,,,,,,,,,,,-99.0,,,,,,-99.0,,,,,,-99.0,,,,
1950,11,8,,,,,,,,,,,,,,,,,,,,,,,,,,,,,,,,99.0,,,,,,99.0,,,,,,99.0,,,,
1950,11,9,,,,,,,,,,0.0,,,,,0.0,0.0,,71.96,53.06,,,,,,,,,,,,,1.0,,,,,,-9999.0,,,,,,-9999.0,,,,
1950,11,10,,,,,,,,,,0.0,,,,,0.0,0.0,,32.0,32.0,,,,,,,,,,,,,0.0,,,,,,,,,,,,-9.0,,,,
1950,11,11,,,,,,,,,,0.0,,,,,0.0,0.0,,69.08,53.96,,,,,,,,,,,,,1.0,,,,,,1.0,,,,,,999.0,,,,
1950,11,12,,,,,,,,,,0.0,,,,,0.0,0.0,,,,,,,,,,,,,,,,,,,,,,0.0,,,,,,-999.0,,,,
1950,11,14,,,,,,,,,,0.0,,,,,0.0,0.0,,66.92,57.02,,,,,,,,,,,,,9999.0,,,,,,1.0,,,,,,9999.0,,,,
1950,11,15,,,,,,,,,,0.0,,,,,0.0,0.0,,,,,,,,,,,,,,,,-99.0,,,,,,,,,,,,-99.0,,,,
1950,11,16,,,,,,,,,,,,,,,,,,,,,,,,,,,,,,,,99.0,,,,,,99.0,,,,,,99.0,,,,
1950,11,17,,,,,,,,,,0.0,,,,,0.0,0.0,,75.02,46.04,,,,,,,,,,,,,-9999.0,,,,,,-9999.0,,,,,,-9999.0,,,,
1950,11,18,,,,,,,,,,0.0,,,,,0.0,0.0,,32.0,32.0,,,,,,,,,,,,,-9.0,,,,,,-9.0,,,,,,-9.0,,,,
1950,11,19,,,,,,,,,,0.0,,,,,0.0,0.0,,69.08,42.980000000000004,,,,,,,,,,,,,999.0,,,,,,999.0,,,,,,999.0,,,,
1950,11,20,,,,,,,,,,,,,,,0.0,0.0,,,,,,,,,,,,,,,,-999.0,,,,,,-999.0,,,,,,,,,,
1950,11,22,,,,,,,,,,3.0,,,,,0.0,0.0,,64.94,55.94,,,,,,,,,,,,,9999.0,,,,,,9999.0,,,,,,1.0,,,,
1950,11,23,,,,,,,,,,0.0,,,,,0.0,0.0,,,,,,,,,,,,,,,,-99.0,,,,,,-99.0,,,,,,,,,,
1950,11,24,,,,,,,,,,,,,,,,,,,,,,,,,,,,,,,,99.0,,,,,,99.0,,,,,,99.0,,,,
1950,11,25,,,,,,,,,,0.0,,,,,0.0,0.0,,66.92,48.92,,,,,,,,,,,,,-9999.0,,,,,,-9999.0,,,,,,-9999.0,,,,
1950,11,26,,,,,,,,,,0.0,,,,,0.0,0.0,,32.0,32.0,,,,,,,,,,,,,-9.0,,,,,,-9.0,,,,,,-9.0,,,,
1950,11,27,,,,,,,,,,0.0,,,,,0.0,0.0,,68.0,50.0,,,,,,,,,,,,,999.0,,,,,,999.0,,,,,,999.0,,,,
1950,11,28,,,,,,,,,,,,,,,0.0,0.0,,,,,,,,,,,,,,,,,,,,,,-999.0,,,,,,,,,,
1950,11,30,,,,,,,,,,15.0,,,,,0.0,0.0,,64.94,60.08,,,,,,,,,,,,,1.0,,,,,,9999.0,,,,,,1.0,,,,
1950,11,31,,,,,,,,,,0.0,,,,,0.0,0.0,,,,,,,,,,,,,,,,0.0,,,,,,-99.0,,,,,,,,,,
1950,12,1,,,,,,,,,,3.0,,,,,0.0,0.0,,64.94,55.04,,,,,,,,,,,,,1.0,,,,,,-9999.0,,,,,,1.0,,,,
1950,12,2,,,,,,,,,,0.0,,,,,0.0,0.0,,32.0,32.0,,,,,,,,,,,,,,,,,,,-9.0,,,,,,,,,,
1950,12,3,,,,,,,,,,0.0,,,,,0.0,0.0,,64.04,51.98,,,,,,,,,,,,,999.0,,,,,,999.0,,,,,,999.0,,,,
1950,12,4,,,,,,,,,,0.0,,,,,0.0,0.0,,,,,,,,,,,,,,,,-999.0,,,,,,-999.0,,,,,,-999.0,,,,
1950,12,5,,,,,,,,,,,,,,,,,,,,,,,,,,,,,,,,9.0,,,,,,,,,,,,9.0,,,,
1950,12,6,,,,,,,,,,,,,,,0.0,0.0,,66.92,55.04,,,,,,,,,,,,,1.0,,,,,,9999.0,,,,,,1.0,,,,
1950,12,7,,,,,,,,,,0.0,,,,,0.0,0.0,,,,,,,,,,,,,,,,0.0,,,,,,,,,,,,,,,,
1950,12,8,,,,,,,,,,,,,,,,,,,,,,,,,,,,,,,,,,,,,,,,,,,,99.0,,,,
1950,12,9,,,,,,,,,,0.0,,,,,0.0,0.0,,75.92,50.0,,,,,,,,,,,,,-9999.0,,,,,,1.0,,,,,,-9999.0,,,,
1950,12,10,,,,,,,,,,0.0,,,,,0.0,0.0,,32.0,32.0,,,,,,,,,,,,,,,,,,,,,,,,,-9.0,,,,
1950,12,11,,,,,,,,,,0.0,,,,,0.0,0.0,,71.06,50.0,,,,,,,,,,,,,1.0,,,,,,999.0,,,,,,999.0,,,,
1950,12,12,,,,,,,,,,0.0,,,,,0.0,0.0,,,,,,,,,,,,,,,,0.0,,,,,,-999.0,,,,,,-999.0,,,,
1950,12,13,,,,,,,,,,,,,,,,,,,,,,,,,,,,,,,,,,,,,,9.0,,,,,,,,,,
1950,12,14,,,,,,,,,,0.0,,,,,0.0,0.0,,80.96,48.92,,,,,,,,,,,,,9999.0,,,,,,1.0,,,,,,9999.0,,,,
1950,12,15,,,,,,,,,,0.0,,,,,0.0,0.0,,,,,,,,,,,,,,,,,,,,,,0.0,,,,,,-99.0,,,,
1950,12,16,,,,,,,,,,,,,,,,,,,,,,,,,,,,,,,,,,,,,,,,,,,,99.0,,,,
1950,12,17,,,,,,,,,,0.0,,,,,0.0,0.0,,71.96,53.06,,,,,,,,,,,,,1.0,,,,,,1.0,,,,,,-9999.0,,,,
1950,12,18,,,,,,,,,,0.0,,,,,0.0,0.0,,32.0,32.0,,,,,,,,,,,,,,,,,,,0.0,,,,,,-9.0,,,,
1950,12,19,,,,,,,,,,0.0,,,,,0.0,0.0,,71.96,53.96,,,,,,,,,,,,,1.0,,,,,,1.0,,,,,,999.0,,,,
1950,12,20,,,,,,,,,,0.0,,,,,0.0,0.0,,,,,,,,,,,,,,,,,,,,,,0.0,,,,,,-999.0,,,,
1950,12,22,,,,,,,,,,0.0,,,,,0.0,0.0,,66.92,55.04,,,,,,,,,,,,,9999.0,,,,,,9999.0,,,,,,9999.0,,,,
1950,12,23,,,,,,,,,,0.0,,,,,0.0,0.0,,,,,,,,,,,,,,,,,,,,,,,,,,,,-99.0,,,,
1950,12,24,,,,,,,,,,,,,,,,,,,,,,,,,,,,,,,,,,,,,,,,,,,,99.0,,,,
1950,12,25,,,,,,,,,,0.0,,,,,0.0,0.0,,69.08,51.08,,,,,,,,,,,,,1.0,,,,,,1.0,,,,,,-9999.0,,,,
1950,12,26,,,,,,,,,,0.0,,,,,0.0,0.0,,32.0,32.0,,,,,,,,,,,,,,,,,,,0.0,,,,,,-9.0,,,,
1950,12,27,,,,,,,,,,0.0,,,,,0.0,0.0,,75.92,48.02,,,,,,,,,,,,,1.0,,,,,,1.0,,,,,,999.0,,,,
1950,12,28,,,,,,,,,,0.0,,,,,0.0,0.0,,,,,,,,,,,,,,,,,,,,,,0.0,,,,,,-999.0,,,,
1950,12,30,,,,,,,,,,0.0,,,,,0.0,0.0,,69.98,51.08,,,,,,,,,,,,,1.0,,,,,,1.0,,,,,,9999.0,,,,
1950,12,31,,,,,,,,,,0.0,,,,,0.0,0.0,,,32.0,,,,,,,,,,,,,,,,,,,0.0,,,,,,-99.0,,,,
1951,1,1,,,,,,,,,,0.0,,,,,0.0,0.0,,60.980000000000004,39.02,,,,,,,,,,,,,-9999.0,,,,,,-9999.0,,,,,,-9999.0,,,,
1951,1,2,,,,,,,,,,0.0,,,,,0.0,0.0,,32.0,32.0,,,,,,,,,,,,,-9.0,,,,,,-9.0,,,,,,-9.0,,,,
1951,1,3,,,,,,,,,,0.0,,,,,0.0,0.0,,60.08,41.0,,,,,,,,,,,,,999.0,,,,,,999.0,,,,,,999.0,,,,
1951,1,4,,,,,,,,,,0.0,,,,,0.0,0.0,,,,,,,,,,,,,,,,-999.0,,,,,,-999.0,,,,,,-999.0,,,,
1951,1,6,,,,,,,,,,0.0,,,,,0.0,0.0,,62.959999999999994,44.96,,,,,,,,,,,,,9999.0,,,,,,9999.0,,,,,,9999.0,,,,
1951,1,7,,,,,,,,,,0.0,,,,,0.0,0.0,,,32.0,,,,,,,,,,,,,-99.0,,,,,,,,,,,,-99.0,,,,
1951,1,8,,,,,,,,,,,,,,,,,,,,,,,,,,,,,,,,99.0,,,,,,,,,,,,99.0,,,,
1951,1,9,,,,,,,,,,0.0,,,,,0.0,0.0,,71.96,44.96,,,,,,,,,,,,,-9999.0,,,,,,1.0,,,,,,-9999.0,,,,
1951,1,10,,,,,,,,,,0.0,,,,,0.0,0.0,,32.0,32.0,,,,,,,,,,,,,-9.0,,,,,,,,,,,,-9.0,,,,
1951,1,11,,,,,,,,,,0.0,,,,,0.0,0.0,,71.06,42.980000000000004,,,,,,,,,,,,,999.0,,,,,,999.0,,,,,,999.0,,,,
1951,1,12,,,,,,,,,,0.0,,,,,0.0,0.0,,,,,,,,,,,,,,,,,,,,,,-999.0,,,,,,-999.0,,,,
1951,1,14,,,,,,,,,,0.0,,,,,0.0,0.0,,64.04,46.94,,,,,,,,,,,,,1.0,,,,,,9999.0,,,,,,9999.0,,,,
1951,1,15,,,,,,,,,,0.0,,,,,0.0,0.0,,,,,,,,,,,,,,,,,,,,,,-99.0,,,,,,,,,,
1951,1,16,,,,,,,,,,,,,,,,,,,,,,,,,,,,,,,,99.0,,,,,,99.0,,,,,,,,,,
1951,1,17,,,,,,,,,,71.0,,,,,0.0,0.0,,60.08,50.0,,,,,,,,,,,,,-9999.0,,,,,,-9999.0,,,,,,1.0,,,,
1951,1,18,,,,,,,,,,0.0,,,,,0.0,0.0,,32.0,32.0,,,,,,,,,,,,,-9.0,,,,,,-9.0,,,,,,,,,,
1951,1,19,,,,,,,,,,23.0,,,,,0.0,0.0,,60.08,46.94,,,,,,,,,,,,,999.0,,,,,,999.0,,,,,,1.0,,,,
1951,1,20,,,,,,,,,,0.0,,,,,0.0,0.0,,,,,,,,,,,,,,,,-999.0,,,,,,-999.0,,,,,,,,,,
1951,1,22,,,,,,,,,,0.0,,,,,0.0,0.0,,66.92,42.980000000000004,,,,,,,,,,,,,9999.0,,,,,,9999.0,,,,,,9999.0,,,,
1951,1,23,,,,,,,,,,0.0,,,,,0.0,0.0,,,32.0,,,,,,,,,,,,,-99.0,,,,,,,,,,,,-99.0,,,,
1951,1,24,,,,,,,,,,,,,,,,,,,,,,,,,,,,,,,,99.0,,,,,,,,,,,,99.0,,,,
1951,1,25,,,,,,,,,,30.0,,,,,0.0,0.0,,60.08,48.02,,,,,,,,,,,,,-9999.0,,,,,,-9999.0,,,,,,1.0,,,,
1951,1,26,,,,,,,,,,0.0,,,,,0.0,0.0,,32.0,32.0,,,,,,,,,,,,,-9.0,,,,,,-9.0,,,,,,,,,,
1951,1,27,,,,,,,,,,0.0,,,,,0.0,0.0,,60.980000000000004,44.06,,,,,,,,,,,,,999.0,,,,,,999.0,,,,,,999.0,,,,
1951,1,28,,,,,,,,,,0.0,,,,,0.0,0.0,,,,,,,,,,,,,,,,-999.0,,,,,,-999.0,,,,,,,,,,
1951,1,29,,,,,,,,,,,,,,,,,,,,,,,,,,,,,,,,9.0,,,,,,,,,,,,,,,,
1951,1,30,,,,,,,,,,25.0,,,,,0.0,0.0,,60.980000000000004,50.0,,,,,,,,,,,,,1.0,,,,,,9999.0,,,,,,1.0,,,,
1951,1,31,,,,,,,,,,0.0,,,,,0.0,0.0,,,32.0,,,,,,,,,,,,,,,,,,,-99.0,,,,,,,,,,
1951,2,1,,,,,,,,,,0.0,,,,,0.0,0.0,,62.959999999999994,42.980000000000004,,,,,,,,,,,,,-9999.0,,,,,,-9999.0,,,,,,-9999.0,,,,
1951,2,2,,,,,,,,,,0.0,,,,,0.0,0.0,,32.0,32.0,,,,,,,,,,,,,-9.0,,,,,,-9.0,,,,,,-9.0,,,,
1951,2,3,,,,,,,,,,0.0,,,,,0.0,0.0,,66.92,41.0,,,,,,,,,,,,,999.0,,,,,,999.0,,,,,,999.0,,,,
1951,2,4,,,,,,,,,,0.0,,,,,0.0,0.0,,,,,,,,,,,,,,,,-999.0,,,,,,,,,,,,-999.0,,,,
1951,2,5,,,,,,,,,,,,,,,,,,,,,,,,,,,,,,,,9.0,,,,,,,,,,,,,,,,
1951,2,6,,,,,,,,,,0.0,,,,,0.0,0.0,,66.02,44.06,,,,,,,,,,,,,1.0,,,,,,1.0,,,,,,9999.0,,,,
1951,2,7,,,,,,,,,,0.0,,,,,0.0,0.0,,,,,,,,,,,,,,,,,,,,,,0.0,,,,,,-99.0,,,,
1951,2,8,,,,,,,,,,,,,,,,,,,,,,,,,,,,,,,,,,,,,,,,,,,,99.0,,,,
1951,2,9,,,,,,,,,,0.0,,,,,0.0,0.0,,66.02,51.98,,,,,,,,,,,,,1.0,,,,,,1.0,,,,,,-9999.0,,,,
1951,2,10,,,,,,,,,,0.0,,,,,0.0,0.0,,32.0,32.0,,,,,,,,,,,,,,,,,,,0.0,,,,,,-9.0,,,,
1951,2,11,,,,,,,,,,0.0,,,,,0.0,0.0,,66.02,50.0,,,,,,,,,,,,,1.0,,,,,,1.0,,,,,,999.0,,,,
1951,2,12,,,,,,,,,,0.0,,,,,0.0,0.0,,,,,,,,,,,,,,,,,,,,,,0.0,,,,,,-999.0,,,,
1951,2,14,,,,,,,,,,0.0,,,,,0.0,0.0,,64.04,46.04,,,,,,,,,,,,,1.0,,,,,,1.0,,,,,,9999.0,,,,
1951,2,15,,,,,,,,,,0.0,,,,,0.0,0.0,,,,,,,,,,,,,,,,,,,,,,0.0,,,,,,-99.0,,,,
1951,2,16,,,,,,,,,,,,,,,,,,,,,,,,,,,,,,,,,,,,,,,,,,,,99.0,,,,
1951,2,17,,,,,,,,,,0.0,,,,,0.0,0.0,,64.94,53.06,,,,,,,,,,,,,-9999.0,,,,,,1.0,,,,,,1.0,,,,
1951,2,18,,,,,,,,,,,,,,,0.0,0.0,,32.0,32.0,,,,,,,,,,,,,-9.0,,,,,,,,,,,,,,,,
1951,2,19,,,,,,,,,,18.0,,,,,0.0,0.0,,62.959999999999994,50.0,,,,,,,,,,,,,999.0,,,,,,999.0,,,,,,1.0,,,,
1951,2,20,,,,,,,,,,0.0,,,,,0.0,0.0,,,,,,,,,,,,,,,,-999.0,,,,,,-999.0,,,,,,,,,,
1951,2,21,,,,,,,,,,,,,,,,,,,,,,,,,,,,,,,,,,,,,,9.0,,,,,,,,,,
1951,2,22,,,,,,,,,,0.0,,,,,0.0,0.0,,73.04,48.02,,,,,,,,,,,,,9999.0,,,,,,1.0,,,,,,9999.0,,,,
1951,2,23,,,,,,,,,,0.0,,,,,0.0,0.0,,,32.0,,,,,,,,,,,,,-99.0,,,,,,,,,,,,-99.0,,,,
1951,2,24,,,,,,,,,,,,,,,,,,,,,,,,,,,,,,,,99.0,,,,,,99.0,,,,,,99.0,,,,
1951,2,25,,,,,,,,,,13.0,,,,,0.0,0.0,,64.94,51.98,,,,,,,,,,,,,-9999.0,,,,,,-9999.0,,,,,,1.0,,,,
1951,2,26,,,,,,,,,,0.0,,,,,0.0,0.0,,32.0,32.0,,,,,,,,,,,,,-9.0,,,,,,-9.0,,,,,,,,,,
1951,2,27,,,,,,,,,,0.0,,,,,0.0,0.0,,66.02,48.02,,,,,,,,,,,,,999.0,,,,,,999.0,,,,,,999.0,,,,
1951,2,28,,,,,,,,,,,,,,,0.0,0.0,,,,,,,,,,,,,,,,-999.0,,,,,,-999.0,,,,,,,,,,
1951,2,30,,,,,,,,,,0.0,,,,,0.0,0.0,,64.04,44.96,,,,,,,,,,,,,9999.0,,,,,,9999.0,,,,,,9999.0,,,,
1951,2,31,,,,,,,,,,0.0,,,,,0.0,0.0,,,32.0,,,,,,,,,,,,,-99.0,,,,,,-99.0,,,,,,-99.0,,,,
1951,3,1,,,,,,,,,,122.0,,,,,0.0,0.0,,59.0,44.96,,,,,,,,,,,,,-9999.0,,1.0,,1.0,,-9999.0,,,,,,1.0,,,,
1951,3,2,,,,,,,,,,0.0,,,,,,0.0,,32.0,32.0,,,,,,,,,,,,,-9.0,,,,,,-9.0,,,,,,,,,,
1951,3,3,,,,,,,,,,3.0,,,,,0.0,0.0,,57.02,46.04,,,,,,,,,,,,,999.0,,999.0,,999.0,,999.0,,,,,,1.0,,,,
1951,3,4,,,,,,,,,,0.0,,,,,0.0,0.0,,,,,,,,,,,,,,,,-999.0,,-999.0,,-999.0,,-999.0,,,,,,,,,,
1951,3,6,,,,,,,,,,0.0,,,,,0.0,0.0,,60.980000000000004,41.0,,,,,,,,,,,,,9999.0,,9999.0,,9999.0,,9999.0,,,,,,9999.0,,,,
1951,3,7,,,,,,,,,,0.0,,,,,0.0,0.0,,,32.0,,,,,,,,,,,,,-99.0,,-99.0,,-99.0,,-99.0,,,,,,-99.0,,,,
1951,3,8,,,,,,,,,,,,,,,,,,,,,,,,,,,,,,,,99.0,,99.0,,99.0,,99.0,,,,,,99.0,,,,
1951,3,9,,,,,,,,,,3.0,,,,,0.0,0.0,,64.04,51.08,,,,,,,,,,,,,-9999.0,,-9999.0,,-9999.0,,-9999.0,,,,,,1.0,,,,
1951,3,10,,,,,,,,,,0.0,,,,,0.0,0.0,,32.0,32.0,,,,,,,,,,,,,-9.0,,-9.0,,-9.0,,-9.0,,,,,,,,,,
1951,3,11,,,,,,,,,,0.0,,,,,0.0,0.0,,64.04,46.04,,,,,,,,,,,,,999.0,,999.0,,999.0,,999.0,,,,,,999.0,,,,
1951,3,12,,,,,,,,,,0.0,,,,,0.0,0.0,,,,,,,,,,,,,,,,-999.0,,-999.0,,-999.0,,-999.0,,,,,,-999.0,,,,
1951,3,14,,,,,,,,,,0.0,,,,,0.0,0.0,,62.959999999999994,51.98,,,,,,,,,,,,,9999.0,,9999.0,,9999.0,,9999.0,,,,,,9999.0,,,,
1951,3,15,,,,,,,,,,0.0,,,,,0.0,0.0,,,,,,,,,,,,,,,,-99.0,,-99.0,,-99.0,,-99.0,,,,,,-99.0,,,,
1951,3,16,,,,,,,,,,,,,,,,,,,,,,,,,,,,,,,,99.0,,99.0,,99.0,,99.0,,,,,,99.0,,,,
1951,3,17,,,,,,,,,,0.0,,,,,0.0,0.0,,69.98,44.96,,,,,,,,,,,,,-9999.0,,-9999.0,,-9999.0,,-9999.0,,,,,,-9999.0,,,,
1951,3,18,,,,,,,,,,0.0,,,,,0.0,0.0,,32.0,32.0,,,,,,,,,,,,,-9.0,,-9.0,,-9.0,,-9.0,,,,,,-9.0,,,,
1951,3,19,,,,,,,,,,0.0,,,,,0.0,0.0,,77.0,48.92,,,,,,,,,,,,,999.0,,999.0,,999.0,,999.0,,,,,,999.0,,,,
1951,3,20,,,,,,,,,,0.0,,,,,0.0,0.0,,,,,,,,,,,,,,,,-999.0,,-999.0,,-999.0,,-999.0,,,,,,-999.0,,,,
1951,3,22,,,,,,,,,,0.0,,,,,0.0,0.0,,82.94,51.98,,,,,,,,,,,,,9999.0,,9999.0,,9999.0,,9999.0,,,,,,9999.0,,,,
1951,3,23,,,,,,,,,,0.0,,,,,0.0,0.0,,,,,,,,,,,,,,,,,,-99.0,,-99.0,,-99.0,,,,,,-99.0,,,,
1951,3,24,,,,,,,,,,,,,,,,,,,,,,,,,,,,,,,,,,99.0,,99.0,,99.0,,,,,,99.0,,,,
1951,3,25,,,,,,,,,,0.0,,,,,0.0,0.0,,60.08,53.06,,,,,,,,,,,,,1.0,,-9999.0,,-9999.0,,-9999.0,,,,,,-9999.0,,,,
1951,3,26,,,,,,,,,,0.0,,,,,0.0,0.0,,32.0,32.0,,,,,,,,,,,,,,,-9.0,,-9.0,,-9.0,,,,,,-9.0,,,,
1951,3,27,,,,,,,,,,0.0,,,,,0.0,0.0,,66.02,53.06,,,,,,,,,,,,,999.0,,999.0,,999.0,,999.0,,,,,,999.0,,,,
1951,3,28,,,,,,,,,,0.0,,,,,0.0,0.0,,,,,,,,,,,,,,,,-999.0,,-999.0,,-999.0,,-999.0,,,,,,-999.0,,,,
1951,3,30,,,,,,,,,,0.0,,,,,0.0,0.0,,78.08,48.92,,,,,,,,,,,,,9999.0,,9999.0,,9999.0,,9999.0,,,,,,9999.0,,,,
1951,3,31,,,,,,,,,,0.0,,,,,0.0,0.0,,,,,,,,,,,,,,,,-99.0,,-99.0,,-99.0,,-99.0,,,,,,-99.0,,,,
1951,4,1,,,,,,,,,,0.0,,,,,0.0,0.0,,64.94,46.04,,,,,,,,,,,,,-9999.0,,,,,,-9999.0,,,,,,-9999.0,,,,
1951,4,2,,,,,,,,,,0.0,,,,,0.0,0.0,,32.0,32.0,,,,,,,,,,,,,-9.0,,,,,,-9.0,,,,,,-9.0,,,,
1951,4,3,,,,,,,,,,0.0,,,,,0.0,0.0,,66.02,51.98,,,,,,,,,,,,,999.0,,,,,,999.0,,,,,,999.0,,,,
1951,4,4,,,,,,,,,,,,,,,0.0,0.0,,,,,,,,,,,,,,,,-999.0,,,,,,-999.0,,,,,,,,,,
1951,4,6,,,,,,,,,,53.0,,,,,0.0,0.0,,66.02,53.96,,,,,,,,,,,,,9999.0,,,,,,9999.0,,,,,,1.0,,,,
1951,4,7,,,,,,,,,,0.0,,,,,0.0,0.0,,,,,,,,,,,,,,,,-99.0,,,,,,-99.0,,,,,,,,,,
1951,4,8,,,,,,,,,,,,,,,,,,,,,,,,,,,,,,,,99.0,,,,,,99.0,,,,,,,,,,
1951,4,9,,,,,,,,,,0.0,,,,,0.0,0.0,,62.959999999999994,57.02,,,,,,,,,,,,,-9999.0,,,,,,-9999.0,,,,,,-9999.0,,,,
1951,4,10,,,,,,,,,,0.0,,,,,0.0,0.0,,32.0,32.0,,,,,,,,,,,,,-9.0,,,,,,-9.0,,,,,,-9.0,,,,
1951,4,11,,,,,,,,,,0.0,,,,,0.0,0.0,,62.959999999999994,57.02,,,,,,,,,,,,,999.0,,,,,,999.0,,,,,,999.0,,,,
1951,4,12,,,,,,,,,,0.0,,,,,0.0,0.0,,,,,,,,,,,,,,,,-999.0,,,,,,,,,,,,-999.0,,,,
1951,4,14,,,,,,,,,,0.0,,,,,0.0,0.0,,64.94,55.94,,,,,,,,,,,,,9999.0,,,,,,1.0,,,,,,9999.0,,,,
1951,4,15,,,,,,,,,,0.0,,,,,0.0,0.0,,,,,,,,,,,,,,,,,,,,,,0.0,,,,,,,,,,
1951,4,17,,,,,,,,,,0.0,,,,,0.0,0.0,,73.04,57.02,,,,,,,,,,,,,-9999.0,,,,,,1.0,,,,,,-9999.0,,,,
1951,4,18,,,,,,,,,,0.0,,,,,0.0,0.0,,32.0,32.0,,,,,,,,,,,,,,,,,,,0.0,,,,,,-9.0,,,,
1951,4,19,,,,,,,,,,0.0,,,,,0.0,0.0,,73.94,55.94,,,,,,,,,,,,,1.0,,,,,,1.0,,,,,,999.0,,,,
1951,4,20,,,,,,,,,,0.0,,,,,0.0,0.0,,,,,,,,,,,,,,,,,,,,,,0.0,,,,,,-999.0,,,,
1951,4,22,,,,,,,,,,0.0,,,,,0.0,0.0,,66.02,55.04,,,,,,,,,,,,,9999.0,,,,,,9999.0,,,,,,9999.0,,,,
1951,4,23,,,,,,,,,,0.0,,,,,0.0,0.0,,,,,,,,,,,,,,,,-99.0,,,,,,-99.0,,,,,,-99.0,,,,
1951,4,24,,,,,,,,,,,,,,,,,,,,,,,,,,,,,,,,99.0,,,,,,99.0,,,,,,99.0,,,,
1951,4,25,,,,,,,,,,0.0,,,,,0.0,0.0,,68.0,57.92,,,,,,,,,,,,,-9999.0,,,,,,-9999.0,,,,,,1.0,,,,
1951,4,26,,,,,,,,,,,,,,,0.0,0.0,,32.0,32.0,,,,,,,,,,,,,-9.0,,,,,,-9.0,,,,,,,,,,
1951,4,27,,,,,,,,,,,,,,,0.0,0.0,,64.94,57.02,,,,,,,,,,,,,999.0,,,,,,999.0,,,,,,1.0,,,,
1951,4,28,,,,,,,,,,0.0,,,,,0.0,0.0,,,,,,,,,,,,,,,,-999.0,,,,,,-999.0,,,,,,,,,,
1951,4,30,,,,,,,,,,5.0,,,,,0.0,0.0,,69.08,55.94,,,,,,,,,,,,,9999.0,,,,,,9999.0,,,,,,1.0,,,,
1951,4,31,,,,,,,,,,0.0,,,,,0.0,0.0,,,,,,,,,,,,,,,,-99.0,,,,,,-99.0,,,,,,,,,,
1951,5,1,,,,,,,,,,0.0,,,,,0.0,0.0,,64.04,53.06,,,,,,,,,,,,,-9999.0,,,,,,-9999.0,,,,,,,,,,
1951,5,2,,,,,,,,,,0.0,,,,,0.0,0.0,,32.0,32.0,,,,,,,,,,,,,-9.0,,,,,,-9.0,,,,,,,,,,
1951,5,3,,,,,,,,,,0.0,,,,,0.0,0.0,,66.92,50.0,,,,,,,,,,,,,999.0,,,,,,999.0,,,,,,,,,,
1951,5,4,,,,,,,,,,0.0,,,,,0.0,0.0,,,,,,,,,,,,,,,,-999.0,,,,,,-999.0,,,,,,,,,,
1951,5,6,,,,,,,,,,0.0,,,,,0.0,0.0,,69.08,51.08,,,,,,,,,,,,,9999.0,,,,,,9999.0,,,,,,,,,,
1951,5,7,,,,,,,,,,0.0,,,,,0.0,0.0,,,,,,,,,,,,,,,,-99.0,,,,,,-99.0,,,,,,,,,,
1951,5,8,,,,,,,,,,,,,,,,,,,,,,,,,,,,,,,,99.0,,,,,,99.0,,,,,,,,,,
1951,5,9,,,,,,,,,,0.0,,,,,0.0,0.0,,68.0,53.06,,,,,,,,,,,,,-9999.0,,,,,,-9999.0,,,,,,,,,,
1951,5,10,,,,,,,,,,0.0,,,,,0.0,0.0,,32.0,32.0,,,,,,,,,,,,,-9.0,,,,,,-9.0,,,,,,,,,,
1951,5,11,,,,,,,,,,0.0,,,,,0.0,0.0,,69.98,55.04,,,,,,,,,,,,,999.0,,,,,,999.0,,,,,,,,,,
1951,5,12,,,,,,,,,,0.0,,,,,0.0,0.0,,,,,,,,,,,,,,,,-999.0,,,,,,-999.0,,,,,,,,,,
1951,5,14,,,,,,,,,,0.0,,,,,0.0,0.0,,64.94,55.94,,,,,,,,,,,,,9999.0,,,,,,9999.0,,,,,,,,,,
1951,5,15,,,,,,,,,,0.0,,,,,0.0,0.0,,,,,,,,,,,,,,,,-99.0,,,,,,-99.0,,,,,,,,,,
1951,5,16,,,,,,,,,,,,,,,,,,,,,,,,,,,,,,,,99.0,,,,,,99.0,,,,,,,,,,
1951,5,17,,,,,,,,,,0.0,,,,,0.0,0.0,,68.0,57.02,,,,,,,,,,,,,-9999.0,,,,,,-9999.0,,,,,,,,,,
1951,5,18,,,,,,,,,,0.0,,,,,0.0,0.0,,32.0,32.0,,,,,,,,,,,,,-9.0,,,,,,-9.0,,,,,,,,,,
1951,5,19,,,,,,,,,,0.0,,,,,0.0,0.0,,69.08,55.94,,,,,,,,,,,,,999.0,,,,,,999.0,,,,,,,,,,
1951,5,20,,,,,,,,,,0.0,,,,,0.0,0.0,,,,,,,,,,,,,,,,-999.0,,,,,,-999.0,,,,,,,,,,
1951,5,22,,,,,,,,,,0.0,,,,,0.0,0.0,,66.02,55.04,,,,,,,,,,,,,9999.0,,,,,,9999.0,,,,,,,,,,
1951,5,23,,,,,,,,,,0.0,,,,,0.0,0.0,,,,,,,,,,,,,,,,-99.0,,,,,,-99.0,,,,,,,,,,
1951,5,24,,,,,,,,,,,,,,,,,,,,,,,,,,,,,,,,99.0,,,,,,99.0,,,,,,,,,,
1951,5,25,,,,,,,,,,0.0,,,,,0.0,0.0,,69.08,51.98,,,,,,,,,,,,,-9999.0,,,,,,-9999.0,,,,,,,,,,
1951,5,26,,,,,,,,,,0.0,,,,,0.0,0.0,,32.0,32.0,,,,,,,,,,,,,-9.0,,,,,,-9.0,,,,,,,,,,
1951,5,27,,,,,,,,,,0.0,,,,,0.0,0.0,,68.0,55.04,,,,,,,,,,,,,999.0,,,,,,999.0,,,,,,,,,,
1951,5,28,,,,,,,,,,0.0,,,,,0.0,0.0,,,,,,,,,,,,,,,,,,,,,,,,,,,,,,,,
1951,5,30,,,,,,,,,,0.0,,,,,0.0,0.0,,66.92,57.02,,,,,,,,,,,,,1.0,,,,,,1.0,,,,,,,,,,
1951,5,31,,,,,,,,,,0.0,,,,,0.0,0.0,,,,,,,,,,,,,,,,,,,,,,,,,,,,,,,,
1951,6,1,,,,,,,,,,0.0,,,,,0.0,0.0,,71.06,57.92,,,,,,,,,,,,,-9999.0,,,,,,-9999.0,,,,,,-9999.0,,,,
1951,6,2,,,,,,,,,,0.0,,,,,0.0,0.0,,32.0,32.0,,,,,,,,,,,,,,,,,,,,,,,,,-9.0,,,,
1951,6,3,,,,,,,,,,0.0,,,,,0.0,0.0,,82.04,55.94,,,,,,,,,,,,,1.0,,,,,,1.0,,,,,,999.0,,,,
1951,6,4,,,,,,,,,,0.0,,,,,0.0,0.0,,,,,,,,,,,,,,,,,,,,,,,,,,,,-999.0,,,,
1951,6,6,,,,,,,,,,0.0,,,,,0.0,0.0,,68.0,60.08,,,,,,,,,,,,,9999.0,,,,,,9999.0,,,,,,9999.0,,,,
1951,6,7,,,,,,,,,,0.0,,,,,0.0,0.0,,,,,,,,,,,,,,,,-99.0,,,,,,-99.0,,,,,,-99.0,,,,
1951,6,8,,,,,,,,,,,,,,,,,,,,,,,,,,,,,,,,99.0,,,,,,99.0,,,,,,99.0,,,,
1951,6,9,,,,,,,,,,0.0,,,,,0.0,0.0,,69.08,60.08,,,,,,,,,,,,,-9999.0,,,,,,-9999.0,,,,,,-9999.0,,,,
1951,6,10,,,,,,,,,,0.0,,,,,0.0,0.0,,32.0,32.0,,,,,,,,,,,,,-9.0,,,,,,-9.0,,,,,,-9.0,,,,
1951,6,11,,,,,,,,,,0.0,,,,,0.0,0.0,,68.0,60.08,,,,,,,,,,,,,999.0,,,,,,999.0,,,,,,999.0,,,,
1951,6,12,,,,,,,,,,0.0,,,,,0.0,0.0,,,,,,,,,,,,,,,,-999.0,,,,,,-999.0,,,,,,-999.0,,,,
1951,6,14,,,,,,,,,,0.0,,,,,0.0,0.0,,71.96,60.08,,,,,,,,,,,,,9999.0,,,,,,9999.0,,,,,,9999.0,,,,
1951,6,15,,,,,,,,,,0.0,,,,,0.0,0.0,,,,,,,,,,,,,,,,-99.0,,,,,,,,,,,,-99.0,,,,
1951,6,16,,,,,,,,,,,,,,,,,,,,,,,,,,,,,,,,99.0,,,,,,,,,,,,99.0,,,,
1951,6,17,,,,,,,,,,0.0,,,,,0.0,0.0,,71.06,60.08,,,,,,,,,,,,,-9999.0,,,,,,1.0,,,,,,-9999.0,,,,
1951,6,18,,,,,,,,,,0.0,,,,,0.0,0.0,,32.0,32.0,,,,,,,,,,,,,-9.0,,,,,,0.0,,,,,,-9.0,,,,
1951,6,19,,,,,,,,,,0.0,,,,,0.0,0.0,,66.92,59.0,,,,,,,,,,,,,999.0,,,,,,1.0,,,,,,999.0,,,,
1951,6,20,,,,,,,,,,0.0,,,,,0.0,0.0,,,,,,,,,,,,,,,,-999.0,,,,,,,,,,,,-999.0,,,,
1951,6,21,,,,,,,,,,,,,,,,,,,,,,,,,,,,,,,,,,,,,,9.0,,,,,,,,,,
1951,6,22,,,,,,,,,,0.0,,,,,0.0,0.0,,71.96,60.08,,,,,,,,,,,,,9999.0,,,,,,1.0,,,,,,9999.0,,,,
1951,6,23,,,,,,,,,,0.0,,,,,0.0,0.0,,,,,,,,,,,,,,,,-99.0,,,,,,0.0,,,,,,-99.0,,,,
1951,6,24,,,,,,,,,,,,,,,,,,,,,,,,,,,,,,,,99.0,,,,,,,,,,,,99.0,,,,
1951,6,25,,,,,,,,,,0.0,,,,,0.0,0.0,,71.06,60.980000000000004,,,,,,,,,,,,,-9999.0,,,,,,-9999.0,,,,,,-9999.0,,,,
1951,6,26,,,,,,,,,,0.0,,,,,0.0,0.0,,32.0,32.0,,,,,,,,,,,,,-9.0,,,,,,-9.0,,,,,,,,,,
1951,6,27,,,,,,,,,,,,,,,0.0,0.0,,73.04,60.08,,,,,,,,,,,,,999.0,,,,,,999.0,,,,,,1.0,,,,
1951,6,28,,,,,,,,,,0.0,,,,,0.0,0.0,,,,,,,,,,,,,,,,-999.0,,,,,,-999.0,,,,,,,,,,
1951,6,30,,,,,,,,,,0.0,,,,,0.0,0.0,,71.06,62.959999999999994,,,,,,,,,,,,,9999.0,,,,,,9999.0,,,,,,9999.0,,,,
1951,6,31,,,,,,,,,,0.0,,,,,0.0,0.0,,,,,,,,,,,,,,,,-99.0,,,,,,-99.0,,,,,,-99.0,,,,
1951,7,1,,,,,,,,,,0.0,,,,,0.0,0.0,,69.98,62.059999999999995,,,,,,,,,,,,,-9999.0,,,,,,-9999.0,,,,,,,,,,
1951,7,2,,,,,,,,,,0.0,,,,,0.0,0.0,,32.0,32.0,,,,,,,,,,,,,-9.0,,,,,,-9.0,,,,,,,,,,
1951,7,3,,,,,,,,,,0.0,,,,,0.0,0.0,,69.08,60.980000000000004,,,,,,,,,,,,,999.0,,,,,,999.0,,,,,,,,,,
1951,7,4,,,,,,,,,,0.0,,,,,0.0,0.0,,,,,,,,,,,,,,,,-999.0,,,,,,-999.0,,,,,,,,,,
1951,7,6,,,,,,,,,,0.0,,,,,0.0,0.0,,71.96,62.059999999999995,,,,,,,,,,,,,9999.0,,,,,,9999.0,,,,,,,,,,
1951,7,7,,,,,,,,,,0.0,,,,,0.0,0.0,,,,,,,,,,,,,,,,-99.0,,,,,,-99.0,,,,,,,,,,
1951,7,8,,,,,,,,,,,,,,,,,,,,,,,,,,,,,,,,99.0,,,,,,99.0,,,,,,,,,,
1951,7,9,,,,,,,,,,0.0,,,,,0.0,0.0,,78.98,59.0,,,,,,,,,,,,,1.0,,,,,,1.0,,,,,,,,,,
1951,7,10,,,,,,,,,,0.0,,,,,0.0,0.0,,32.0,32.0,,,,,,,,,,,,,,,,,,,,,,,,,,,,,
1951,7,11,,,,,,,,,,0.0,,,,,0.0,0.0,,80.06,60.980000000000004,,,,,,,,,,,,,999.0,,,,,,999.0,,,,,,,,,,
1951,7,12,,,,,,,,,,0.0,,,,,0.0,0.0,,,,,,,,,,,,,,,,,,,,,,-999.0,,,,,,,,,,
1951,7,13,,,,,,,,,,,,,,,,,,,,,,,,,,,,,,,,,,,,,,9.0,,,,,,,,,,
1951,7,14,,,,,,,,,,0.0,,,,,0.0,0.0,,71.06,62.059999999999995,,,,,,,,,,,,,9999.0,,,,,,1.0,,,,,,,,,,
1951,7,15,,,,,,,,,,0.0,,,,,0.0,0.0,,,,,,,,,,,,,,,,-99.0,,,,,,,,,,,,,,,,
1951,7,16,,,,,,,,,,,,,,,,,,,,,,,,,,,,,,,,99.0,,,,,,99.0,,,,,,,,,,
1951,7,17,,,,,,,,,,0.0,,,,,0.0,0.0,,71.96,60.980000000000004,,,,,,,,,,,,,-9999.0,,,,,,-9999.0,,,,,,,,,,
1951,7,18,,,,,,,,,,0.0,,,,,0.0,0.0,,32.0,32.0,,,,,,,,,,,,,-9.0,,,,,,-9.0,,,,,,,,,,
1951,7,19,,,,,,,,,,0.0,,,,,0.0,0.0,,73.94,62.059999999999995,,,,,,,,,,,,,999.0,,,,,,999.0,,,,,,,,,,
1951,7,20,,,,,,,,,,0.0,,,,,0.0,0.0,,,,,,,,,,,,,,,,-999.0,,,,,,,,,,,,,,,,
1951,7,21,,,,,,,,,,,,,,,,,,,,,,,,,,,,,,,,9.0,,,,,,,,,,,,,,,,
1951,7,22,,,,,,,,,,0.0,,,,,0.0,0.0,,71.96,62.059999999999995,,,,,,,,,,,,,1.0,,,,,,1.0,,,,,,,,,,
1951,7,23,,,,,,,,,,0.0,,,,,0.0,0.0,,,,,,,,,,,,,,,,,,,,,,0.0,,,,,,,,,,
1951,7,24,,,,,,,,,,,,,,,,,,,,,,,,,,,,,,,,99.0,,,,,,,,,,,,,,,,
1951,7,25,,,,,,,,,,0.0,,,,,0.0,0.0,,71.96,62.959999999999994,,,,,,,,,,,,,-9999.0,,,,,,-9999.0,,,,,,,,,,
1951,7,26,,,,,,,,,,0.0,,,,,0.0,0.0,,32.0,32.0,,,,,,,,,,,,,-9.0,,,,,,-9.0,,,,,,,,,,
1951,7,27,,,,,,,,,,0.0,,,,,0.0,0.0,,82.04,64.94,,,,,,,,,,,,,999.0,,,,,,999.0,,,,,,,,,,
1951,7,28,,,,,,,,,,0.0,,,,,0.0,0.0,,,,,,,,,,,,,,,,-999.0,,,,,,-999.0,,,,,,,,,,
1951,7,30,,,,,,,,,,0.0,,,,,0.0,0.0,,87.08000000000001,66.92,,,,,,,,,,,,,9999.0,,,,,,9999.0,,,,,,,,,,
1951,7,31,,,,,,,,,,0.0,,,,,0.0,0.0,,,,,,,,,,,,,,,,-99.0,,,,,,-99.0,,,,,,,,,,
1951,8,1,,,,,,,,,,0.0,,,,,0.0,0.0,,77.0,64.94,,,,,,,,,,,,,-9999.0,,,,,,-9999.0,,,,,,-9999.0,,,,
1951,8,2,,,,,,,,,,0.0,,,,,0.0,0.0,,32.0,32.0,,,,,,,,,,,,,-9.0,,,,,,,,,,,,-9.0,,,,
1951,8,3,,,,,,,,,,0.0,,,,,0.0,0.0,,75.02,64.04,,,,,,,,,,,,,999.0,,,,,,1.0,,,,,,999.0,,,,
1951,8,4,,,,,,,,,,0.0,,,,,0.0,0.0,,,,,,,,,,,,,,,,-999.0,,,,,,0.0,,,,,,-999.0,,,,
1951,8,5,,,,,,,,,,,,,,,,,,,,,,,,,,,,,,,,9.0,,,,,,,,,,,,,,,,
1951,8,6,,,,,,,,,,0.0,,,,,0.0,0.0,,75.92,60.08,,,,,,,,,,,,,1.0,,,,,,1.0,,,,,,9999.0,,,,
1951,8,7,,,,,,,,,,0.0,,,,,0.0,0.0,,,,,,,,,,,,,,,,,,,,,,,,,,,,-99.0,,,,
1951,8,8,,,,,,,,,,,,,,,,,,,,,,,,,,,,,,,,,,,,,,99.0,,,,,,99.0,,,,
1951,8,9,,,,,,,,,,0.0,,,,,0.0,0.0,,82.94,64.04,,,,,,,,,,,,,-9999.0,,,,,,-9999.0,,,,,,-9999.0,,,,
1951,8,10,,,,,,,,,,0.0,,,,,0.0,0.0,,32.0,32.0,,,,,,,,,,,,,,,,,,,,,,,,,-9.0,,,,
1951,8,11,,,,,,,,,,0.0,,,,,0.0,0.0,,73.04,60.08,,,,,,,,,,,,,1.0,,,,,,1.0,,,,,,999.0,,,,
1951,8,12,,,,,,,,,,0.0,,,,,0.0,0.0,,,,,,,,,,,,,,,,,,,,,,,,,,,,-999.0,,,,
1951,8,14,,,,,,,,,,0.0,,,,,0.0,0.0,,69.98,60.980000000000004,,,,,,,,,,,,,9999.0,,,,,,9999.0,,,,,,9999.0,,,,
1951,8,15,,,,,,,,,,0.0,,,,,0.0,0.0,,,,,,,,,,,,,,,,-99.0,,,,,,-99.0,,,,,,-99.0,,,,
1951,8,16,,,,,,,,,,,,,,,,,,,,,,,,,,,,,,,,99.0,,,,,,99.0,,,,,,99.0,,,,
1951,8,17,,,,,,,,,,0.0,,,,,0.0,0.0,,73.04,60.980000000000004,,,,,,,,,,,,,-9999.0,,,,,,1.0,,,,,,-9999.0,,,,
1951,8,18,,,,,,,,,,0.0,,,,,0.0,0.0,,32.0,32.0,,,,,,,,,,,,,,,,,,,0.0,,,,,,-9.0,,,,
1951,8,19,,,,,,,,,,0.0,,,,,0.0,0.0,,73.94,62.059999999999995,,,,,,,,,,,,,1.0,,,,,,1.0,,,,,,999.0,,,,
1951,8,20,,,,,,,,,,0.0,,,,,0.0,0.0,,,,,,,,,,,,,,,,,,,,,,0.0,,,,,,-999.0,,,,
1951,8,22,,,,,,,,,,0.0,,,,,0.0,0.0,,78.08,64.94,,,,,,,,,,,,,1.0,,,,,,1.0,,,,,,9999.0,,,,
1951,8,23,,,,,,,,,,0.0,,,,,0.0,0.0,,,,,,,,,,,,,,,,,,,,,,0.0,,,,,,-99.0,,,,
1951,8,24,,,,,,,,,,,,,,,,,,,,,,,,,,,,,,,,,,,,,,,,,,,,99.0,,,,
1951,8,25,,,,,,,,,,0.0,,,,,0.0,0.0,,77.0,64.94,,,,,,,,,,,,,-9999.0,,,,,,1.0,,,,,,-9999.0,,,,
1951,8,26,,,,,,,,,,0.0,,,,,0.0,0.0,,32.0,32.0,,,,,,,,,,,,,-9.0,,,,,,,,,,,,-9.0,,,,
1951,8,27,,,,,,,,,,0.0,,,,,0.0,0.0,,77.0,64.94,,,,,,,,,,,,,999.0,,,,,,999.0,,,,,,999.0,,,,
1951,8,28,,,,,,,,,,0.0,,,,,0.0,0.0,,,,,,,,,,,,,,,,,,,,,,-999.0,,,,,,-999.0,,,,
1951,8,29,,,,,,,,,,,,,,,,,,,,,,,,,,,,,,,,,,,,,,9.0,,,,,,,,,,
1951,8,30,,,,,,,,,,0.0,,,,,0.0,0.0,,77.0,64.94,,,,,,,,,,,,,9999.0,,,,,,1.0,,,,,,9999.0,,,,
1951,8,31,,,,,,,,,,0.0,,,,,0.0,0.0,,,,,,,,,,,,,,,,-99.0,,,,,,0.0,,,,,,-99.0,,,,
1951,9,1,,,,,,,,,,0.0,,,,,0.0,0.0,,73.94,62.059999999999995,,,,,,,,,,,,,-9999.0,,-9999.0,,,,1.0,,,,,,-9999.0,,,,
1951,9,2,,,,,,,,,,0.0,,,,,0.0,0.0,,32.0,32.0,,,,,,,,,,,,,-9.0,,-9.0,,,,0.0,,,,,,-9.0,,,,
1951,9,3,,,,,,,,,,0.0,,,,,0.0,0.0,,73.04,62.059999999999995,,,,,,,,,,,,,999.0,,999.0,,,,1.0,,,,,,999.0,,,,
1951,9,4,,,,,,,,,,0.0,,,,,0.0,0.0,,,,,,,,,,,,,,,,,,-999.0,,,,0.0,,,,,,,,,,
1951,9,6,,,,,,,,,,,,,,,0.0,0.0,,71.96,60.08,,,,,,,,,,,,,1.0,,9999.0,,,,1.0,,,,,,1.0,,,,
1951,9,7,,,,,,,,,,0.0,,,,,0.0,0.0,,,,,,,,,,,,,,,,,,-99.0,,,,0.0,,,,,,,,,,
1951,9,8,,,,,,,,,,,,,,,,,,,,,,,,,,,,,,,,,,99.0,,,,,,,,,,,,,,
1951,9,9,,,,,,,,,,0.0,,,,,0.0,0.0,,73.04,60.08,,,,,,,,,,,,,-9999.0,,-9999.0,,,,1.0,,,,,,-9999.0,,,,
1951,9,10,,,,,,,,,,0.0,,,,,0.0,0.0,,32.0,32.0,,,,,,,,,,,,,,,-9.0,,,,0.0,,,,,,,,,,
1951,9,11,,,,,,,,,,,,,,,0.0,0.0,,73.94,60.08,,,,,,,,,,,,,1.0,,999.0,,,,1.0,,,,,,1.0,,,,
1951,9,12,,,,,,,,,,0.0,,,,,0.0,0.0,,,,,,,,,,,,,,,,,,-999.0,,,,0.0,,,,,,,,,,
1951,9,13,,,,,,,,,,,,,,,,,,,,,,,,,,,,,,,,,,,,,,,,,,,,9.0,,,,
1951,9,14,,,,,,,,,,,,,,,0.0,0.0,,75.02,59.0,,,,,,,,,,,,,1.0,,9999.0,,,,1.0,,,,,,1.0,,,,
1951,9,15,,,,,,,,,,0.0,,,,,0.0,0.0,,,,,,,,,,,,,,,,,,-99.0,,,,0.0,,,,,,,,,,
1951,9,16,,,,,,,,,,,,,,,,,,,,,,,,,,,,,,,,,,99.0,,,,,,,,,,99.0,,,,
1951,9,17,,,,,,,,,,0.0,,,,,0.0,0.0,,75.92,62.959999999999994,,,,,,,,,,,,,-9999.0,,-9999.0,,,,1.0,,,,,,-9999.0,,,,
1951,9,18,,,,,,,,,,0.0,,,,,0.0,0.0,,32.0,32.0,,,,,,,,,,,,,-9.0,,-9.0,,,,0.0,,,,,,-9.0,,,,
1951,9,19,,,,,,,,,,0.0,,,,,0.0,0.0,,73.04,62.059999999999995,,,,,,,,,,,,,999.0,,999.0,,,,1.0,,,,,,999.0,,,,
1951,9,20,,,,,,,,,,0.0,,,,,0.0,0.0,,,,,,,,,,,,,,,,,,-999.0,,,,0.0,,,,,,-999.0,,,,
1951,9,22,,,,,,,,,,0.0,,,,,0.0,0.0,,73.04,62.059999999999995,,,,,,,,,,,,,1.0,,9999.0,,,,1.0,,,,,,9999.0,,,,
1951,9,23,,,,,,,,,,0.0,,,,,0.0,0.0,,,,,,,,,,,,,,,,,,-99.0,,,,0.0,,,,,,-99.0,,,,
1951,9,24,,,,,,,,,,,,,,,,,,,,,,,,,,,,,,,,,,99.0,,,,,,,,,,99.0,,,,
1951,9,25,,,,,,,,,,0.0,,,,,0.0,0.0,,75.02,60.980000000000004,,,,,,,,,,,,,1.0,,-9999.0,,,,1.0,,,,,,-9999.0,,,,
1951,9,26,,,,,,,,,,0.0,,,,,0.0,0.0,,32.0,32.0,,,,,,,,,,,,,,,-9.0,,,,0.0,,,,,,-9.0,,,,
1951,9,27,,,,,,,,,,0.0,,,,,0.0,0.0,,78.98,60.980000000000004,,,,,,,,,,,,,1.0,,999.0,,,,1.0,,,,,,999.0,,,,
1951,9,28,,,,,,,,,,0.0,,,,,0.0,0.0,,,,,,,,,,,,,,,,,,-999.0,,,,0.0,,,,,,-999.0,,,,
1951,9,30,,,,,,,,,,0.0,,,,,0.0,0.0,,84.91999999999999,64.04,,,,,,,,,,,,,1.0,,9999.0,,,,9999.0,,,,,,9999.0,,,,
1951,9,31,,,,,,,,,,0.0,,,,,0.0,0.0,,,,,,,,,,,,,,,,0.0,,-99.0,,,,,,,,,,-99.0,,,,
1951,10,1,,,,,,,,,,3.0,,,,,0.0,0.0,,77.0,64.94,,,,,,,,,,,,,-9999.0,,,,,,-9999.0,,,,,,1.0,,,,
1951,10,2,,,,,,,,,,,,,,,,,,,,,,,,,,,,,,,,-9.0,,,,,,-9.0,,,,,,,,,,
1951,10,3,,,,,,,,,,,,,,,0.0,0.0,,73.04,62.959999999999994,,,,,,,,,,,,,999.0,,,,,,999.0,,,,,,1.0,,,,
1951,10,4,,,,,,,,,,,,,,,,,,,,,,,,,,,,,,,,,,,,,,-999.0,,,,,,,,,,
1951,10,5,,,,,,,,,,,,,,,,,,,,,,,,,,,,,,,,,,,,,,9.0,,,,,,,,,,
1951,10,6,,,,,,,,,,0.0,,,,,0.0,0.0,,71.96,60.980000000000004,,,,,,,,,,,,,9999.0,,,,,,1.0,,,,,,9999.0,,,,
1951,10,7,,,,,,,,,,0.0,,,,,0.0,0.0,,,,,,,,,,,,,,,,,,,,,,,,,,,,-99.0,,,,
1951,10,8,,,,,,,,,,,,,,,,,,,,,,,,,,,,,,,,,,,,,,99.0,,,,,,99.0,,,,
1951,10,9,,,,,,,,,,0.0,,,,,0.0,0.0,,87.08000000000001,55.94,,,,,,,,,,,,,1.0,,,,,,-9999.0,,,,,,-9999.0,,,,
1951,10,10,,,,,,,,,,0.0,,,,,0.0,0.0,,32.0,32.0,,,,,,,,,,,,,,,,,,,-9.0,,,,,,-9.0,,,,
1951,10,11,,,,,,,,,,0.0,,,,,0.0,0.0,,91.03999999999999,60.08,,,,,,,,,,,,,999.0,,,,,,999.0,,,,,,999.0,,,,
1951,10,12,,,,,,,,,,0.0,,,,,0.0,0.0,,,,,,,,,,,,,,,,-999.0,,,,,,-999.0,,,,,,-999.0,,,,
1951,10,13,,,,,,,,,,,,,,,,,,,,,,,,,,,,,,,,,,,,,,,,,,,,9.0,,,,
1951,10,14,,,,,,,,,,,,,,,0.0,0.0,,84.91999999999999,64.94,,,,,,,,,,,,,9999.0,,,,,,9999.0,,,,,,1.0,,,,
1951,10,15,,,,,,,,,,0.0,,,,,0.0,0.0,,,,,,,,,,,,,,,,-99.0,,,,,,-99.0,,,,,,,,,,
1951,10,16,,,,,,,,,,,,,,,,,,,,,,,,,,,,,,,,99.0,,,,,,99.0,,,,,,99.0,,,,
1951,10,17,,,,,,,,,,0.0,,,,,0.0,0.0,,71.96,62.059999999999995,,,,,,,,,,,,,-9999.0,,,,,,-9999.0,,,,,,-9999.0,,,,
1951,10,18,,,,,,,,,,0.0,,,,,0.0,0.0,,32.0,32.0,,,,,,,,,,,,,-9.0,,,,,,,,,,,,-9.0,,,,
1951,10,19,,,,,,,,,,0.0,,,,,0.0,0.0,,71.96,59.0,,,,,,,,,,,,,999.0,,,,,,1.0,,,,,,999.0,,,,
1951,10,20,,,,,,,,,,0.0,,,,,0.0,0.0,,,,,,,,,,,,,,,,,,,,,,0.0,,,,,,-999.0,,,,
1951,10,21,,,,,,,,,,,,,,,,,,,,,,,,,,,,,,,,,,,,,,,,,,,,9.0,,,,
1951,10,22,,,,,,,,,,,,,,,0.0,0.0,,75.02,55.94,,,,,,,,,,,,,1.0,,,,,,1.0,,,,,,1.0,,,,
1951,10,23,,,,,,,,,,0.0,,,,,0.0,0.0,,,,,,,,,,,,,,,,,,,,,,0.0,,,,,,,,,,
1951,10,24,,,,,,,,,,,,,,,,,,,,,,,,,,,,,,,,,,,,,,,,,,,,99.0,,,,
1951,10,25,,,,,,,,,,0.0,,,,,0.0,0.0,,68.0,60.980000000000004,,,,,,,,,,,,,-9999.0,,,,,,-9999.0,,,,,,-9999.0,,,,
1951,10,26,,,,,,,,,,0.0,,,,,0.0,0.0,,32.0,32.0,,,,,,,,,,,,,-9.0,,,,,,-9.0,,,,,,-9.0,,,,
1951,10,27,,,,,,,,,,0.0,,,,,0.0,0.0,,73.04,60.980000000000004,,,,,,,,,,,,,999.0,,,,,,999.0,,,,,,999.0,,,,
1951,10,28,,,,,,,,,,0.0,,,,,0.0,0.0,,,,,,,,,,,,,,,,,,,,,,,,,,,,-999.0,,,,
1951,10,30,,,,,,,,,,0.0,,,,,0.0,0.0,,75.92,57.02,,,,,,,,,,,,,1.0,,,,,,1.0,,,,,,9999.0,,,,
1951,10,31,,,,,,,,,,0.0,,,,,0.0,0.0,,,,,,,,,,,,,,,,,,,,,,0.0,,,,,,-99.0,,,,
1951,11,1,,,,,,,,,,0.0,,,,,0.0,0.0,,71.06,57.92,,,,,,,,,,,,,-9999.0,,,,,,-9999.0,,,,,,-9999.0,,,,
1951,11,2,,,,,,,,,,0.0,,,,,0.0,0.0,,32.0,32.0,,,,,,,,,,,,,,,,,,,,,,,,,-9.0,,,,
1951,11,3,,,,,,,,,,0.0,,,,,0.0,0.0,,84.91999999999999,53.96,,,,,,,,,,,,,1.0,,,,,,1.0,,,,,,999.0,,,,
1951,11,4,,,,,,,,,,0.0,,,,,0.0,0.0,,,,,,,,,,,,,,,,,,,,,,,,,,,,-999.0,,,,
1951,11,5,,,,,,,,,,,,,,,,,,,,,,,,,,,,,,,,9.0,,,,,,9.0,,,,,,,,,,
1951,11,6,,,,,,,,,,0.0,,,,,0.0,0.0,,73.94,50.0,,,,,,,,,,,,,1.0,,,,,,1.0,,,,,,9999.0,,,,
1951,11,7,,,,,,,,,,0.0,,,,,0.0,0.0,,,,,,,,,,,,,,,,,,,,,,0.0,,,,,,-99.0,,,,
1951,11,8,,,,,,,,,,,,,,,,,,,,,,,,,,,,,,,,,,,,,,,,,,,,99.0,,,,
1951,11,9,,,,,,,,,,0.0,,,,,0.0,0.0,,80.06,53.06,,,,,,,,,,,,,1.0,,,,,,1.0,,,,,,-9999.0,,,,
1951,11,10,,,,,,,,,,0.0,,,,,0.0,0.0,,32.0,32.0,,,,,,,,,,,,,,,,,,,0.0,,,,,,-9.0,,,,
1951,11,11,,,,,,,,,,0.0,,,,,0.0,0.0,,73.04,57.02,,,,,,,,,,,,,1.0,,,,,,1.0,,,,,,999.0,,,,
1951,11,12,,,,,,,,,,0.0,,,,,0.0,0.0,,,,,,,,,,,,,,,,,,,,,,0.0,,,,,,-999.0,,,,
1951,11,14,,,,,,,,,,0.0,,,,,0.0,0.0,,68.0,55.94,,,,,,,,,,,,,1.0,,,,,,1.0,,,,,,9999.0,,,,
1951,11,15,,,,,,,,,,0.0,,,,,0.0,0.0,,,,,,,,,,,,,,,,,,,,,,0.0,,,,,,-99.0,,,,
1951,11,16,,,,,,,,,,,,,,,,,,,,,,,,,,,,,,,,,,,,,,,,,,,,99.0,,,,
1951,11,17,,,,,,,,,,0.0,,,,,0.0,0.0,,66.92,57.92,,,,,,,,,,,,,-9999.0,,,,,,-9999.0,,,,,,-9999.0,,,,
1951,11,18,,,,,,,,,,0.0,,,,,0.0,0.0,,32.0,32.0,,,,,,,,,,,,,-9.0,,,,,,-9.0,,,,,,,,,,
1951,11,19,,,,,,,,,,33.0,,,,,0.0,0.0,,68.0,55.04,,,,,,,,,,,,,999.0,,,,,,999.0,,,,,,1.0,,,,
1951,11,20,,,,,,,,,,0.0,,,,,0.0,0.0,,,,,,,,,,,,,,,,-999.0,,,,,,-999.0,,,,,,,,,,
1951,11,22,,,,,,,,,,0.0,,,,,0.0,0.0,,69.08,53.96,,,,,,,,,,,,,9999.0,,,,,,9999.0,,,,,,9999.0,,,,
1951,11,23,,,,,,,,,,0.0,,,,,0.0,0.0,,,,,,,,,,,,,,,,-99.0,,,,,,-99.0,,,,,,-99.0,,,,
1951,11,24,,,,,,,,,,,,,,,,,,,,,,,,,,,,,,,,99.0,,,,,,99.0,,,,,,99.0,,,,
1951,11,25,,,,,,,,,,0.0,,,,,0.0,0.0,,77.0,53.06,,,,,,,,,,,,,-9999.0,,,,,,1.0,,,,,,-9999.0,,,,
1951,11,26,,,,,,,,,,0.0,,,,,0.0,0.0,,32.0,32.0,,,,,,,,,,,,,-9.0,,,,,,,,,,,,-9.0,,,,
1951,11,27,,,,,,,,,,0.0,,,,,0.0,0.0,,75.92,53.96,,,,,,,,,,,,,999.0,,,,,,999.0,,,,,,999.0,,,,
1951,11,28,,,,,,,,,,0.0,,,,,0.0,0.0,,,,,,,,,,,,,,,,-999.0,,,,,,-999.0,,,,,,-999.0,,,,
1951,11,29,,,,,,,,,,,,,,,,,,,,,,,,,,,,,,,,,,,,,,,,,,,,9.0,,,,
1951,11,30,,,,,,,,,,5.0,,,,,0.0,0.0,,69.08,55.04,,,,,,,,,,,,,9999.0,,,,,,9999.0,,,,,,1.0,,,,
1951,11,31,,,,,,,,,,,,,,,0.0,0.0,,,,,,,,,,,,,,,,-99.0,,,,,,-99.0,,,,,,,,,,
1951,12,1,,,,,,,,,,30.0,,,,,0.0,0.0,,66.92,51.08,,,,,,,,,,,,,1.0,,,,-9999.0,,1.0,,,,,,1.0,,,,
1951,12,2,,,,,,,,,,0.0,,,,,0.0,0.0,,32.0,32.0,,,,,,,,,,,,,,,,,-9.0,,,,,,,,,,,,
1951,12,3,,,,,,,,,,74.0,,,,,0.0,0.0,,64.04,50.0,,,,,,,,,,,,,1.0,,,,999.0,,999.0,,,,,,1.0,,,,
1951,12,4,,,,,,,,,,0.0,,,,,0.0,0.0,,,,,,,,,,,,,,,,,,,,-999.0,,-999.0,,,,,,,,,,
1951,12,5,,,,,,,,,,,,,,,,,,,,,,,,,,,,,,,,9.0,,,,,,,,,,,,,,,,
1951,12,6,,,,,,,,,,18.0,,,,,0.0,0.0,,64.94,53.96,,,,,,,,,,,,,1.0,,,,9999.0,,9999.0,,,,,,1.0,,,,
1951,12,7,,,,,,,,,,0.0,,,,,0.0,0.0,,,,,,,,,,,,,,,,,,,,-99.0,,-99.0,,,,,,,,,,
1951,12,8,,,,,,,,,,,,,,,,,,,,,,,,,,,,,,,,99.0,,,,99.0,,99.0,,,,,,,,,,
1951,12,9,,,,,,,,,,25.0,,,,,0.0,0.0,,57.92,44.96,,,,,,,,,,,,,-9999.0,,,,1.0,,-9999.0,,,,,,1.0,,,,
1951,12,10,,,,,,,,,,0.0,,,,,,0.0,,32.0,32.0,,,,,,,,,,,,,-9.0,,,,,,-9.0,,,,,,,,,,
1951,12,11,,,,,,,,,,0.0,,,,,0.0,0.0,,60.980000000000004,42.08,,,,,,,,,,,,,999.0,,,,999.0,,999.0,,,,,,999.0,,,,
1951,12,12,,,,,,,,,,0.0,,,,,0.0,0.0,,,,,,,,,,,,,,,,-999.0,,,,-999.0,,-999.0,,,,,,-999.0,,,,
1951,12,14,,,,,,,,,,0.0,,,,,0.0,0.0,,60.08,37.04,,,,,,,,,,,,,9999.0,,,,9999.0,,9999.0,,,,,,9999.0,,,,
1951,12,15,,,,,,,,,,0.0,,,,,0.0,0.0,,,32.0,,,,,,,,,,,,,-99.0,,,,-99.0,,-99.0,,,,,,,,,,
1951,12,16,,,,,,,,,,,,,,,,,,,,,,,,,,,,,,,,99.0,,,,99.0,,99.0,,,,,,,,,,
1951,12,17,,,,,,,,,,104.0,,,,,0.0,0.0,,55.94,51.08,,,,,,,,,,,,,-9999.0,,,,-9999.0,,-9999.0,,,,,,1.0,,,,
1951,12,18,,,,,,,,,,0.0,,,,,0.0,0.0,,32.0,32.0,,,,,,,,,,,,,-9.0,,,,-9.0,,-9.0,,,,,,,,,,
1951,12,19,,,,,,,,,,30.0,,,,,0.0,0.0,,64.04,51.98,,,,,,,,,,,,,999.0,,,,999.0,,999.0,,,,,,1.0,,,,
1951,12,20,,,,,,,,,,0.0,,,,,0.0,0.0,,,,,,,,,,,,,,,,-999.0,,,,-999.0,,-999.0,,,,,,,,,,
1951,12,21,,,,,,,,,,,,,,,,,,,,,,,,,,,,,,,,9.0,,,,,,,,,,,,,,,,
1951,12,22,,,,,,,,,,0.0,,,,,0.0,0.0,,66.92,44.96,,,,,,,,,,,,,1.0,,,,9999.0,,9999.0,,,,,,9999.0,,,,
1951,12,23,,,,,,,,,,0.0,,,,,0.0,0.0,,,32.0,,,,,,,,,,,,,,,,,-99.0,,,,,,,,-99.0,,,,
1951,12,24,,,,,,,,,,,,,,,,,,,,,,,,,,,,,,,,99.0,,,,99.0,,,,,,,,99.0,,,,
1951,12,25,,,,,,,,,,0.0,,,,,0.0,0.0,,60.08,42.980000000000004,,,,,,,,,,,,,1.0,,,,-9999.0,,1.0,,,,,,-9999.0,,,,
1951,12,26,,,,,,,,,,0.0,,,,,0.0,0.0,,32.0,32.0,,,,,,,,,,,,,,,,,-9.0,,0.0,,,,,,-9.0,,,,
1951,12,27,,,,,,,,,,0.0,,,,,0.0,0.0,,64.94,48.92,,,,,,,,,,,,,999.0,,,,999.0,,1.0,,,,,,999.0,,,,
1951,12,28,,,,,,,,,,0.0,,,,,0.0,0.0,,,,,,,,,,,,,,,,-999.0,,,,-999.0,,,,,,,,-999.0,,,,
1951,12,29,,,,,,,,,,,,,,,,,,,,,,,,,,,,,,,,9.0,,,,,,,,,,,,9.0,,,,
1951,12,30,,,,,,,,,,43.0,,,,,0.0,0.0,,60.08,53.06,,,,,,,,,,,,,1.0,,,,9999.0,,9999.0,,,,,,1.0,,,,
1951,12,31,,,,,,,,,,0.0,,,,,0.0,0.0,,,32.0,,,,,,,,,,,,,,,,,-99.0,,-99.0,,,,,,,,,,
1952,1,1,,,,,,,,,,3.0,,,,,0.0,0.0,,57.92,42.08,,,,,,,,,,,,,-9999.0,,,,,,-9999.0,,,,,,1.0,,,,
1952,1,2,,,,,,,,,,0.0,,,,,0.0,0.0,,32.0,32.0,,,,,,,,,,,,,-9.0,,,,,,-9.0,,,,,,,,,,
1952,1,3,,,,,,,,,,0.0,,,,,0.0,0.0,,59.0,39.02,,,,,,,,,,,,,999.0,,,,,,999.0,,,,,,999.0,,,,
1952,1,4,,,,,,,,,,0.0,,,,,0.0,0.0,,,,,,,,,,,,,,,,-999.0,,,,,,-999.0,,,,,,-999.0,,,,
1952,1,6,,,,,,,,,,0.0,,,,,0.0,0.0,,57.92,37.04,,,,,,,,,,,,,9999.0,,,,,,9999.0,,,,,,9999.0,,,,
1952,1,7,,,,,,,,,,0.0,,,,,0.0,0.0,,,32.0,,,,,,,,,,,,,-99.0,,,,,,-99.0,,,,,,-99.0,,,,
1952,1,8,,,,,,,,,,,,,,,,,,,,,,,,,,,,,,,,99.0,,,,,,99.0,,,,,,99.0,,,,
1952,1,9,,,,,,,,,,0.0,,,,,0.0,0.0,,57.02,42.980000000000004,,,,,,,,,,,,,-9999.0,,,,,,1.0,,,,,,1.0,,,,
1952,1,10,,,,,,,,,,,,,,,0.0,0.0,,32.0,32.0,,,,,,,,,,,,,-9.0,,,,,,,,,,,,,,,,
1952,1,11,,,,,,,,,,58.0,,,,,0.0,0.0,,59.0,48.02,,,,,,,,,,,,,999.0,,,,,,999.0,,,,,,1.0,,,,
1952,1,12,,,,,,,,,,,,,,,0.0,0.0,,,,,,,,,,,,,,,,-999.0,,,,,,-999.0,,,,,,,,,,
1952,1,14,,,,,,,,,,0.0,,,,,0.0,0.0,,62.959999999999994,39.92,,,,,,,,,,,,,9999.0,,,,,,9999.0,,,,,,9999.0,,,,
1952,1,15,,,,,,,,,,0.0,,,,,0.0,0.0,,,32.0,,,,,,,,,,,,,-99.0,,,,,,-99.0,,,,,,-99.0,,,,
1952,1,16,,,,,,,,,,,,,,,,,,,,,,,,,,,,,,,,99.0,,,,,,99.0,,,,,,99.0,,,,
1952,1,17,,,,,,,,,,0.0,,,,,0.0,0.0,,59.0,42.08,,,,,,,,,,,,,-9999.0,,,,,,-9999.0,,,,,,-9999.0,,,,
1952,1,18,,,,,,,,,,0.0,,,,,0.0,0.0,,32.0,32.0,,,,,,,,,,,,,-9.0,,,,,,-9.0,,,,,,,,,,
1952,1,19,,,,,,,,,,8.0,,,,,0.0,0.0,,57.92,50.0,,,,,,,,,,,,,999.0,,,,,,999.0,,,,,,1.0,,,,
1952,1,20,,,,,,,,,,,,,,,0.0,0.0,,,,,,,,,,,,,,,,,,,,,,-999.0,,,,,,,,,,
1952,1,22,,,,,,,,,,0.0,,,,,0.0,0.0,,59.0,44.96,,,,,,,,,,,,,9999.0,,,,,,9999.0,,,,,,9999.0,,,,
1952,1,23,,,,,,,,,,0.0,,,,,0.0,0.0,,,32.0,,,,,,,,,,,,,-99.0,,,,,,-99.0,,,,,,-99.0,,,,
1952,1,24,,,,,,,,,,,,,,,,,,,,,,,,,,,,,,,,99.0,,,,,,99.0,,,,,,99.0,,,,
1952,1,25,,,,,,,,,,130.0,,,,,0.0,0.0,,55.94,53.06,,,,,,,,,,,,,1.0,,,,,,-9999.0,,,,,,1.0,,,,
1952,1,26,,,,,,,,,,0.0,,,,,0.0,0.0,,32.0,32.0,,,,,,,,,,,,,0.0,,,,,,-9.0,,,,,,,,,,
1952,1,27,,,,,,,,,,132.0,,,,,0.0,0.0,,62.959999999999994,53.96,,,,,,,,,,,,,1.0,,,,,,999.0,,,,,,1.0,,,,
1952,1,28,,,,,,,,,,,,,,,0.0,0.0,,,,,,,,,,,,,,,,,,,,,,-999.0,,,,,,,,,,
1952,1,30,,,,,,,,,,0.0,,,,,0.0,0.0,,62.959999999999994,51.08,,,,,,,,,,,,,9999.0,,,,,,9999.0,,,,,,9999.0,,,,
1952,1,31,,,,,,,,,,0.0,,,,,0.0,0.0,,,,,,,,,,,,,,,,-99.0,,,,,,-99.0,,,,,,,,,,
1952,2,1,,,,,,,,,,0.0,,,,,0.0,0.0,,62.059999999999995,46.94,,,,,,,,,,,,,1.0,,,,,,1.0,,,,,,-9999.0,,,,
1952,2,2,,,,,,,,,,0.0,,,,,0.0,0.0,,32.0,32.0,,,,,,,,,,,,,,,,,,,0.0,,,,,,,,,,
1952,2,3,,,,,,,,,,,,,,,0.0,0.0,,64.94,51.08,,,,,,,,,,,,,1.0,,,,,,1.0,,,,,,1.0,,,,
1952,2,4,,,,,,,,,,0.0,,,,,0.0,0.0,,,,,,,,,,,,,,,,,,,,,,,,,,,,,,,,
1952,2,6,,,,,,,,,,0.0,,,,,0.0,0.0,,77.0,48.92,,,,,,,,,,,,,9999.0,,,,,,9999.0,,,,,,9999.0,,,,
1952,2,7,,,,,,,,,,0.0,,,,,0.0,0.0,,,32.0,,,,,,,,,,,,,-99.0,,,,,,-99.0,,,,,,-99.0,,,,
1952,2,8,,,,,,,,,,,,,,,,,,,,,,,,,,,,,,,,99.0,,,,,,99.0,,,,,,99.0,,,,
1952,2,9,,,,,,,,,,0.0,,,,,0.0,0.0,,82.94,50.0,,,,,,,,,,,,,-9999.0,,,,,,-9999.0,,,,,,-9999.0,,,,
1952,2,10,,,,,,,,,,0.0,,,,,0.0,0.0,,32.0,32.0,,,,,,,,,,,,,-9.0,,,,,,-9.0,,,,,,-9.0,,,,
1952,2,11,,,,,,,,,,0.0,,,,,0.0,0.0,,78.98,53.06,,,,,,,,,,,,,999.0,,,,,,999.0,,,,,,999.0,,,,
1952,2,12,,,,,,,,,,0.0,,,,,0.0,0.0,,,,,,,,,,,,,,,,-999.0,,,,,,-999.0,,,,,,,,,,
1952,2,14,,,,,,,,,,8.0,,,,,0.0,0.0,,62.059999999999995,53.96,,,,,,,,,,,,,9999.0,,,,,,9999.0,,,,,,1.0,,,,
1952,2,15,,,,,,,,,,0.0,,,,,0.0,0.0,,,32.0,,,,,,,,,,,,,-99.0,,,,,,-99.0,,,,,,,,,,
1952,2,16,,,,,,,,,,,,,,,,,,,,,,,,,,,,,,,,99.0,,,,,,99.0,,,,,,99.0,,,,
1952,2,17,,,,,,,,,,18.0,,,,,0.0,0.0,,62.059999999999995,53.96,,,,,,,,,,,,,-9999.0,,,,,,-9999.0,,,,,,1.0,,,,
1952,2,18,,,,,,,,,,0.0,,,,,0.0,0.0,,32.0,32.0,,,,,,,,,,,,,-9.0,,,,,,-9.0,,,,,,,,,,
1952,2,19,,,,,,,,,,0.0,,,,,0.0,0.0,,62.059999999999995,48.92,,,,,,,,,,,,,999.0,,,,,,999.0,,,,,,999.0,,,,
1952,2,20,,,,,,,,,,0.0,,,,,0.0,0.0,,,,,,,,,,,,,,,,-999.0,,,,,,-999.0,,,,,,-999.0,,,,
1952,2,22,,,,,,,,,,0.0,,,,,0.0,0.0,,66.02,44.06,,,,,,,,,,,,,9999.0,,,,,,9999.0,,,,,,9999.0,,,,
1952,2,23,,,,,,,,,,0.0,,,,,0.0,0.0,,,32.0,,,,,,,,,,,,,-99.0,,,,,,-99.0,,,,,,-99.0,,,,
1952,2,24,,,,,,,,,,,,,,,,,,,,,,,,,,,,,,,,99.0,,,,,,99.0,,,,,,99.0,,,,
1952,2,25,,,,,,,,,,0.0,,,,,0.0,0.0,,64.04,44.96,,,,,,,,,,,,,-9999.0,,,,,,-9999.0,,,,,,-9999.0,,,,
1952,2,26,,,,,,,,,,0.0,,,,,0.0,0.0,,32.0,32.0,,,,,,,,,,,,,,,,,,,-9.0,,,,,,,,,,
1952,2,27,,,,,,,,,,41.0,,,,,0.0,0.0,,62.959999999999994,51.08,,,,,,,,,,,,,1.0,,,,,,999.0,,,,,,1.0,,,,
1952,2,28,,,,,,,,,,0.0,,,,,0.0,0.0,,,,,,,,,,,,,,,,,,,,,,-999.0,,,,,,,,,,
1952,2,30,,,,,,,,,,3.0,,,,,0.0,0.0,,60.08,44.96,,,,,,,,,,,,,9999.0,,,,,,9999.0,,,,,,1.0,,,,
1952,2,31,,,,,,,,,,0.0,,,,,0.0,0.0,,,32.0,,,,,,,,,,,,,-99.0,,,,,,-99.0,,,,,,,,,,
1952,3,1,,,,,,,,,,64.0,,,,,0.0,0.0,,60.08,48.92,,,,,,,,,,,,,,,,,-9999.0,,-9999.0,,,,,,1.0,,,,
1952,3,2,,,,,,,,,,0.0,,,,,0.0,0.0,,32.0,32.0,,,,,,,,,,,,,,,,,-9.0,,-9.0,,,,,,,,,,
1952,3,3,,,,,,,,,,3.0,,,,,0.0,0.0,,59.0,46.94,,,,,,,,,,,,,,,,,999.0,,999.0,,,,,,1.0,,,,
1952,3,4,,,,,,,,,,0.0,,,,,0.0,0.0,,,,,,,,,,,,,,,,,,,,-999.0,,-999.0,,,,,,,,,,
1952,3,5,,,,,,,,,,,,,,,,,,,,,,,,,,,,,,,,,,,,,,,,,,,,9.0,,,,
1952,3,6,,,,,,,,,,3.0,,,,,0.0,0.0,,60.08,48.92,,,,,,,,,,,,,,,,,9999.0,,9999.0,,,,,,1.0,,,,
1952,3,7,,,,,,,,,,0.0,,,,,0.0,0.0,,,32.0,,,,,,,,,,,,,,,,,-99.0,,-99.0,,,,,,,,,,
1952,3,8,,,,,,,,,,,,,,,,,,,,,,,,,,,,,,,,,,,,99.0,,99.0,,,,,,99.0,,,,
1952,3,9,,,,,,,,,,0.0,,,,,0.0,0.0,,60.08,46.94,,,,,,,,,,,,,,,,,-9999.0,,-9999.0,,,,,,-9999.0,,,,
1952,3,10,,,,,,,,,,0.0,,,,,0.0,0.0,,32.0,32.0,,,,,,,,,,,,,,,,,-9.0,,-9.0,,,,,,,,,,
1952,3,11,,,,,,,,,,536.0,,,,,0.0,0.0,,57.92,48.92,,,,,,,,,,,,,,,,,999.0,,999.0,,,,,,1.0,,,,
1952,3,12,,,,,,,,,,,,,,,0.0,0.0,,,,,,,,,,,,,,,,,,,,-999.0,,-999.0,,,,,,,,,,
1952,3,14,,,,,,,,,,3.0,,,,,0.0,0.0,,60.08,46.04,,,,,,,,,,,,,,,,,9999.0,,9999.0,,,,,,1.0,,,,
1952,3,15,,,,,,,,,,0.0,,,,,0.0,0.0,,,,,,,,,,,,,,,,,,,,-99.0,,-99.0,,,,,,,,,,
1952,3,16,,,,,,,,,,,,,,,,,,,,,,,,,,,,,,,,,,,,99.0,,99.0,,,,,,,,,,
1952,3,17,,,,,,,,,,30.0,,,,,0.0,0.0,,59.0,50.0,,,,,,,,,,,,,,,,,1.0,,-9999.0,,,,,,1.0,,,,
1952,3,18,,,,,,,,,,0.0,,,,,,0.0,,32.0,32.0,,,,,,,,,,,,,,,,,,,-9.0,,,,,,,,,,
1952,3,19,,,,,,,,,,18.0,,,,,0.0,0.0,,60.08,50.0,,,,,,,,,,,,,,,,,999.0,,999.0,,,,,,1.0,,,,
1952,3,20,,,,,,,,,,,,,,,0.0,0.0,,,,,,,,,,,,,,,,,,,,-999.0,,-999.0,,,,,,,,,,
1952,3,22,,,,,,,,,,,,,,,0.0,0.0,,59.0,42.08,,,,,,,,,,,,,,,,,9999.0,,9999.0,,,,,,1.0,,,,
1952,3,23,,,,,,,,,,,,,,,0.0,0.0,,,,,,,,,,,,,,,,,,,,-99.0,,-99.0,,,,,,,,,,
1952,3,24,,,,,,,,,,,,,,,,,,,,,,,,,,,,,,,,,,,,99.0,,99.0,,,,,,,,,,
1952,3,25,,,,,,,,,,216.0,,,,,0.0,0.0,,57.92,44.06,,,,,,,,,,,,,,,,,-9999.0,,-9999.0,,,,,,1.0,,,,
1952,3,26,,,,,,,,,,0.0,,,,,0.0,0.0,,32.0,32.0,,,,,,,,,,,,,,,,,-9.0,,-9.0,,,,,,,,,,
1952,3,27,,,,,,,,,,10.0,,,,,0.0,0.0,,62.059999999999995,44.06,,,,,,,,,,,,,,,,,999.0,,999.0,,,,,,1.0,,,,
1952,3,28,,,,,,,,,,0.0,,,,,0.0,0.0,,,,,,,,,,,,,,,,,,,,-999.0,,-999.0,,,,,,,,,,
1952,3,29,,,,,,,,,,,,,,,,,,,,,,,,,,,,,,,,,,,,,,,,,,,,9.0,,,,
1952,3,30,,,,,,,,,,,,,,,0.0,0.0,,62.059999999999995,48.92,,,,,,,,,,,,,,,,,9999.0,,9999.0,,,,,,1.0,,,,
1952,3,31,,,,,,,,,,0.0,,,,,0.0,0.0,,,32.0,,,,,,,,,,,,,,,,,-99.0,,-99.0,,,,,,,,,,
1952,4,1,,,,,,,,,,0.0,,,,,0.0,0.0,,64.94,51.98,,,,,,,,,,,,,-9999.0,,,,,,1.0,,,,,,-9999.0,,,,
1952,4,2,,,,,,,,,,0.0,,,,,0.0,0.0,,32.0,32.0,,,,,,,,,,,,,,,,,,,0.0,,,,,,-9.0,,,,
1952,4,3,,,,,,,,,,0.0,,,,,0.0,0.0,,64.94,55.04,,,,,,,,,,,,,1.0,,,,,,1.0,,,,,,999.0,,,,
1952,4,4,,,,,,,,,,0.0,,,,,0.0,0.0,,,,,,,,,,,,,,,,,,,,,,0.0,,,,,,-999.0,,,,
1952,4,6,,,,,,,,,,0.0,,,,,0.0,0.0,,71.96,53.96,,,,,,,,,,,,,1.0,,,,,,1.0,,,,,,9999.0,,,,
1952,4,7,,,,,,,,,,0.0,,,,,0.0,0.0,,,,,,,,,,,,,,,,,,,,,,0.0,,,,,,-99.0,,,,
1952,4,8,,,,,,,,,,,,,,,,,,,,,,,,,,,,,,,,,,,,,,,,,,,,99.0,,,,
1952,4,9,,,,,,,,,,0.0,,,,,0.0,0.0,,66.02,55.94,,,,,,,,,,,,,-9999.0,,,,,,-9999.0,,,,,,-9999.0,,,,
1952,4,10,,,,,,,,,,0.0,,,,,0.0,0.0,,32.0,32.0,,,,,,,,,,,,,,,,,,,-9.0,,,,,,,,,,
1952,4,11,,,,,,,,,,46.0,,,,,0.0,0.0,,66.02,53.96,,,,,,,,,,,,,1.0,,,,,,999.0,,,,,,1.0,,,,
1952,4,12,,,,,,,,,,0.0,,,,,0.0,0.0,,,,,,,,,,,,,,,,,,,,,,-999.0,,,,,,,,,,
1952,4,14,,,,,,,,,,0.0,,,,,0.0,0.0,,62.059999999999995,55.04,,,,,,,,,,,,,9999.0,,,,,,9999.0,,,,,,9999.0,,,,
1952,4,15,,,,,,,,,,,,,,,0.0,0.0,,,,,,,,,,,,,,,,-99.0,,,,,,-99.0,,,,,,,,,,
1952,4,16,,,,,,,,,,,,,,,,,,,,,,,,,,,,,,,,99.0,,,,,,99.0,,,,,,,,,,
1952,4,17,,,,,,,,,,0.0,,,,,0.0,0.0,,64.04,51.08,,,,,,,,,,,,,-9999.0,,,,,,-9999.0,,,,,,-9999.0,,,,
1952,4,18,,,,,,,,,,0.0,,,,,0.0,0.0,,32.0,32.0,,,,,,,,,,,,,-9.0,,,,,,-9.0,,,,,,-9.0,,,,
1952,4,19,,,,,,,,,,0.0,,,,,0.0,0.0,,62.959999999999994,55.04,,,,,,,,,,,,,999.0,,,,,,999.0,,,,,,999.0,,,,
1952,4,20,,,,,,,,,,0.0,,,,,0.0,0.0,,,,,,,,,,,,,,,,-999.0,,,,,,-999.0,,,,,,-999.0,,,,
1952,4,22,,,,,,,,,,0.0,,,,,0.0,0.0,,66.92,53.06,,,,,,,,,,,,,9999.0,,,,,,9999.0,,,,,,9999.0,,,,
1952,4,23,,,,,,,,,,0.0,,,,,0.0,0.0,,,,,,,,,,,,,,,,-99.0,,,,,,-99.0,,,,,,-99.0,,,,
1952,4,24,,,,,,,,,,,,,,,,,,,,,,,,,,,,,,,,99.0,,,,,,99.0,,,,,,99.0,,,,
1952,4,25,,,,,,,,,,0.0,,,,,0.0,0.0,,73.94,53.06,,,,,,,,,,,,,1.0,,,,,,-9999.0,,,,,,-9999.0,,,,
1952,4,26,,,,,,,,,,0.0,,,,,0.0,0.0,,32.0,32.0,,,,,,,,,,,,,0.0,,,,,,-9.0,,,,,,-9.0,,,,
1952,4,27,,,,,,,,,,0.0,,,,,0.0,0.0,,62.959999999999994,51.98,,,,,,,,,,,,,1.0,,,,,,999.0,,,,,,999.0,,,,
1952,4,28,,,,,,,,,,0.0,,,,,0.0,0.0,,,,,,,,,,,,,,,,0.0,,,,,,-999.0,,,,,,,,,,
1952,4,30,,,,,,,,,,,,,,,0.0,0.0,,62.059999999999995,51.08,,,,,,,,,,,,,9999.0,,,,,,9999.0,,,,,,1.0,,,,
1952,4,31,,,,,,,,,,0.0,,,,,0.0,0.0,,,32.0,,,,,,,,,,,,,-99.0,,,,,,-99.0,,,,,,,,,,
1952,5,1,,,,,,,,,,0.0,,,,,0.0,0.0,,73.04,53.96,,,,,,,,,,,,,1.0,,,,,,1.0,,,,,,,,,,
1952,5,2,,,,,,,,,,0.0,,,,,0.0,0.0,,32.0,32.0,,,,,,,,,,,,,,,,,,,,,,,,,,,,,
1952,5,3,,,,,,,,,,0.0,,,,,0.0,0.0,,77.0,55.94,,,,,,,,,,,,,1.0,,,,,,999.0,,,,,,,,,,
1952,5,4,,,,,,,,,,0.0,,,,,0.0,0.0,,,,,,,,,,,,,,,,,,,,,,-999.0,,,,,,,,,,
1952,5,5,,,,,,,,,,,,,,,,,,,,,,,,,,,,,,,,9.0,,,,,,9.0,,,,,,,,,,
1952,5,6,,,,,,,,,,0.0,,,,,0.0,0.0,,73.04,55.04,,,,,,,,,,,,,1.0,,,,,,1.0,,,,,,,,,,
1952,5,7,,,,,,,,,,0.0,,,,,0.0,0.0,,,,,,,,,,,,,,,,,,,,,,,,,,,,,,,,
1952,5,8,,,,,,,,,,,,,,,,,,,,,,,,,,,,,,,,99.0,,,,,,99.0,,,,,,,,,,
1952,5,9,,,,,,,,,,0.0,,,,,0.0,0.0,,71.06,55.04,,,,,,,,,,,,,-9999.0,,,,,,-9999.0,,,,,,,,,,
1952,5,10,,,,,,,,,,0.0,,,,,0.0,0.0,,32.0,32.0,,,,,,,,,,,,,-9.0,,,,,,-9.0,,,,,,,,,,
1952,5,11,,,,,,,,,,0.0,,,,,0.0,0.0,,69.98,57.92,,,,,,,,,,,,,999.0,,,,,,999.0,,,,,,,,,,
1952,5,12,,,,,,,,,,0.0,,,,,0.0,0.0,,,,,,,,,,,,,,,,-999.0,,,,,,-999.0,,,,,,,,,,
1952,5,14,,,,,,,,,,0.0,,,,,0.0,0.0,,68.0,53.96,,,,,,,,,,,,,9999.0,,,,,,9999.0,,,,,,,,,,
1952,5,15,,,,,,,,,,0.0,,,,,0.0,0.0,,,,,,,,,,,,,,,,,,,,,,-99.0,,,,,,,,,,
1952,5,16,,,,,,,,,,,,,,,,,,,,,,,,,,,,,,,,,,,,,,99.0,,,,,,,,,,
1952,5,17,,,,,,,,,,0.0,,,,,0.0,0.0,,75.02,57.02,,,,,,,,,,,,,1.0,,,,,,1.0,,,,,,,,,,
1952,5,18,,,,,,,,,,0.0,,,,,0.0,0.0,,32.0,32.0,,,,,,,,,,,,,,,,,,,0.0,,,,,,,,,,
1952,5,19,,,,,,,,,,0.0,,,,,0.0,0.0,,69.98,55.04,,,,,,,,,,,,,1.0,,,,,,1.0,,,,,,,,,,
1952,5,20,,,,,,,,,,0.0,,,,,0.0,0.0,,,,,,,,,,,,,,,,,,,,,,0.0,,,,,,,,,,
1952,5,21,,,,,,,,,,,,,,,,,,,,,,,,,,,,,,,,9.0,,,,,,,,,,,,,,,,
1952,5,22,,,,,,,,,,0.0,,,,,0.0,0.0,,66.92,57.02,,,,,,,,,,,,,1.0,,,,,,1.0,,,,,,,,,,
1952,5,23,,,,,,,,,,0.0,,,,,0.0,0.0,,,,,,,,,,,,,,,,,,,,,,,,,,,,,,,,
1952,5,24,,,,,,,,,,,,,,,,,,,,,,,,,,,,,,,,99.0,,,,,,99.0,,,,,,,,,,
1952,5,25,,,,,,,,,,0.0,,,,,0.0,0.0,,66.92,57.92,,,,,,,,,,,,,-9999.0,,,,,,-9999.0,,,,,,,,,,
1952,5,26,,,,,,,,,,0.0,,,,,0.0,0.0,,32.0,32.0,,,,,,,,,,,,,-9.0,,,,,,,,,,,,,,,,
1952,5,27,,,,,,,,,,0.0,,,,,0.0,0.0,,69.98,59.0,,,,,,,,,,,,,999.0,,,,,,1.0,,,,,,,,,,
1952,5,28,,,,,,,,,,0.0,,,,,0.0,0.0,,,,,,,,,,,,,,,,,,,,,,0.0,,,,,,,,,,
1952,5,30,,,,,,,,,,0.0,,,,,0.0,0.0,,73.04,59.0,,,,,,,,,,,,,1.0,,,,,,1.0,,,,,,,,,,
1952,5,31,,,,,,,,,,0.0,,,,,0.0,0.0,,,,,,,,,,,,,,,,,,,,,,0.0,,,,,,,,,,
1952,6,1,,,,,,,,,,0.0,,,,,0.0,0.0,,69.08,59.0,,,,,,,,,,,,,-9999.0,,,,,,-9999.0,,,,,,-9999.0,,,,
1952,6,2,,,,,,,,,,0.0,,,,,0.0,0.0,,32.0,32.0,,,,,,,,,,,,,-9.0,,,,,,-9.0,,,,,,,,,,
1952,6,3,,,,,,,,,,,,,,,0.0,0.0,,66.02,60.08,,,,,,,,,,,,,999.0,,,,,,999.0,,,,,,1.0,,,,
1952,6,4,,,,,,,,,,,,,,,0.0,0.0,,,,,,,,,,,,,,,,,,,,,,-999.0,,,,,,,,,,
1952,6,6,,,,,,,,,,0.0,,,,,0.0,0.0,,69.98,60.980000000000004,,,,,,,,,,,,,9999.0,,,,,,9999.0,,,,,,9999.0,,,,
1952,6,7,,,,,,,,,,0.0,,,,,0.0,0.0,,,,,,,,,,,,,,,,,,,,,,,,,,,,,,,,
1952,6,9,,,,,,,,,,0.0,,,,,0.0,0.0,,69.98,60.08,,,,,,,,,,,,,-9999.0,,,,,,-9999.0,,,,,,-9999.0,,,,
1952,6,10,,,,,,,,,,0.0,,,,,0.0,0.0,,32.0,32.0,,,,,,,,,,,,,-9.0,,,,,,-9.0,,,,,,-9.0,,,,
1952,6,11,,,,,,,,,,0.0,,,,,0.0,0.0,,71.06,59.0,,,,,,,,,,,,,999.0,,,,,,999.0,,,,,,999.0,,,,
1952,6,12,,,,,,,,,,0.0,,,,,0.0,0.0,,,,,,,,,,,,,,,,-999.0,,,,,,-999.0,,,,,,-999.0,,,,
1952,6,14,,,,,,,,,,0.0,,,,,0.0,0.0,,71.06,55.94,,,,,,,,,,,,,9999.0,,,,,,9999.0,,,,,,9999.0,,,,
1952,6,15,,,,,,,,,,0.0,,,,,0.0,0.0,,,,,,,,,,,,,,,,-99.0,,,,,,-99.0,,,,,,-99.0,,,,
1952,6,16,,,,,,,,,,,,,,,,,,,,,,,,,,,,,,,,99.0,,,,,,99.0,,,,,,99.0,,,,
1952,6,17,,,,,,,,,,0.0,,,,,0.0,0.0,,69.08,60.08,,,,,,,,,,,,,-9999.0,,,,,,-9999.0,,,,,,-9999.0,,,,
1952,6,18,,,,,,,,,,0.0,,,,,0.0,0.0,,32.0,32.0,,,,,,,,,,,,,-9.0,,,,,,-9.0,,,,,,-9.0,,,,
1952,6,19,,,,,,,,,,0.0,,,,,0.0,0.0,,71.06,57.92,,,,,,,,,,,,,999.0,,,,,,999.0,,,,,,999.0,,,,
1952,6,20,,,,,,,,,,0.0,,,,,0.0,0.0,,,,,,,,,,,,,,,,-999.0,,,,,,-999.0,,,,,,-999.0,,,,
1952,6,21,,,,,,,,,,,,,,,,,,,,,,,,,,,,,,,,9.0,,,,,,,,,,,,,,,,
1952,6,22,,,,,,,,,,0.0,,,,,0.0,0.0,,71.96,57.02,,,,,,,,,,,,,1.0,,,,,,9999.0,,,,,,9999.0,,,,
1952,6,23,,,,,,,,,,0.0,,,,,0.0,0.0,,,,,,,,,,,,,,,,,,,,,,-99.0,,,,,,-99.0,,,,
1952,6,24,,,,,,,,,,,,,,,,,,,,,,,,,,,,,,,,99.0,,,,,,99.0,,,,,,99.0,,,,
1952,6,25,,,,,,,,,,0.0,,,,,0.0,0.0,,69.08,57.02,,,,,,,,,,,,,-9999.0,,,,,,1.0,,,,,,-9999.0,,,,
1952,6,26,,,,,,,,,,0.0,,,,,0.0,0.0,,32.0,32.0,,,,,,,,,,,,,-9.0,,,,,,,,,,,,-9.0,,,,
1952,6,27,,,,,,,,,,0.0,,,,,0.0,0.0,,68.0,59.0,,,,,,,,,,,,,999.0,,,,,,999.0,,,,,,999.0,,,,
1952,6,28,,,,,,,,,,0.0,,,,,0.0,0.0,,,,,,,,,,,,,,,,,,,,,,,,,,,,-999.0,,,,
1952,6,30,,,,,,,,,,0.0,,,,,0.0,0.0,,69.08,59.0,,,,,,,,,,,,,1.0,,,,,,1.0,,,,,,9999.0,,,,
1952,6,31,,,,,,,,,,0.0,,,,,0.0,0.0,,,,,,,,,,,,,,,,,,,,,,0.0,,,,,,-99.0,,,,
1952,7,1,,,,,,,,,,0.0,,,,,0.0,0.0,,69.98,60.08,,,,,,,,,,,,,1.0,,,,,,1.0,,,,,,-9999.0,,,,
1952,7,2,,,,,,,,,,0.0,,,,,0.0,0.0,,32.0,32.0,,,,,,,,,,,,,,,,,,,0.0,,,,,,-9.0,,,,
1952,7,3,,,,,,,,,,0.0,,,,,0.0,0.0,,71.06,59.0,,,,,,,,,,,,,1.0,,,,,,1.0,,,,,,999.0,,,,
1952,7,4,,,,,,,,,,0.0,,,,,0.0,0.0,,,,,,,,,,,,,,,,,,,,,,0.0,,,,,,-999.0,,,,
1952,7,6,,,,,,,,,,0.0,,,,,0.0,0.0,,71.96,60.08,,,,,,,,,,,,,1.0,,,,,,1.0,,,,,,9999.0,,,,
1952,7,7,,,,,,,,,,0.0,,,,,0.0,0.0,,,,,,,,,,,,,,,,,,,,,,0.0,,,,,,-99.0,,,,
1952,7,8,,,,,,,,,,,,,,,,,,,,,,,,,,,,,,,,,,,,,,,,,,,,99.0,,,,
1952,7,9,,,,,,,,,,0.0,,,,,0.0,0.0,,71.96,60.08,,,,,,,,,,,,,1.0,,,,,,1.0,,,,,,1.0,,,,
1952,7,10,,,,,,,,,,,,,,,0.0,0.0,,32.0,32.0,,,,,,,,,,,,,,,,,,,0.0,,,,,,,,,,
1952,7,11,,,,,,,,,,,,,,,0.0,0.0,,71.06,57.92,,,,,,,,,,,,,1.0,,,,,,1.0,,,,,,1.0,,,,
1952,7,12,,,,,,,,,,0.0,,,,,0.0,0.0,,,,,,,,,,,,,,,,,,,,,,0.0,,,,,,,,,,
1952,7,13,,,,,,,,,,,,,,,,,,,,,,,,,,,,,,,,9.0,,,,,,,,,,,,,,,,
1952,7,14,,,,,,,,,,0.0,,,,,0.0,0.0,,77.0,57.92,,,,,,,,,,,,,1.0,,,,,,1.0,,,,,,9999.0,,,,
1952,7,15,,,,,,,,,,0.0,,,,,0.0,0.0,,,,,,,,,,,,,,,,,,,,,,0.0,,,,,,-99.0,,,,
1952,7,16,,,,,,,,,,,,,,,,,,,,,,,,,,,,,,,,,,,,,,,,,,,,99.0,,,,
1952,7,17,,,,,,,,,,0.0,,,,,0.0,0.0,,75.02,57.92,,,,,,,,,,,,,1.0,,,,,,1.0,,,,,,-9999.0,,,,
1952,7,18,,,,,,,,,,0.0,,,,,0.0,0.0,,32.0,32.0,,,,,,,,,,,,,,,,,,,,,,,,,-9.0,,,,
1952,7,19,,,,,,,,,,0.0,,,,,0.0,0.0,,77.0,57.92,,,,,,,,,,,,,999.0,,,,,,999.0,,,,,,999.0,,,,
1952,7,20,,,,,,,,,,0.0,,,,,0.0,0.0,,,,,,,,,,,,,,,,,,,,,,,,,,,,-999.0,,,,
1952,7,22,,,,,,,,,,0.0,,,,,0.0,0.0,,71.06,60.980000000000004,,,,,,,,,,,,,9999.0,,,,,,9999.0,,,,,,9999.0,,,,
1952,7,23,,,,,,,,,,0.0,,,,,0.0,0.0,,,,,,,,,,,,,,,,-99.0,,,,,,,,,,,,-99.0,,,,
1952,7,24,,,,,,,,,,,,,,,,,,,,,,,,,,,,,,,,99.0,,,,,,,,,,,,99.0,,,,
1952,7,25,,,,,,,,,,0.0,,,,,0.0,0.0,,69.98,59.0,,,,,,,,,,,,,-9999.0,,,,,,1.0,,,,,,1.0,,,,
1952,7,26,,,,,,,,,,,,,,,0.0,0.0,,32.0,32.0,,,,,,,,,,,,,-9.0,,,,,,0.0,,,,,,,,,,
1952,7,27,,,,,,,,,,0.0,,,,,0.0,0.0,,73.04,60.08,,,,,,,,,,,,,999.0,,,,,,1.0,,,,,,999.0,,,,
1952,7,28,,,,,,,,,,0.0,,,,,0.0,0.0,,,,,,,,,,,,,,,,-999.0,,,,,,0.0,,,,,,-999.0,,,,
1952,7,29,,,,,,,,,,,,,,,,,,,,,,,,,,,,,,,,9.0,,,,,,,,,,,,,,,,
1952,7,30,,,,,,,,,,0.0,,,,,0.0,0.0,,71.96,60.980000000000004,,,,,,,,,,,,,1.0,,,,,,1.0,,,,,,9999.0,,,,
1952,7,31,,,,,,,,,,0.0,,,,,0.0,0.0,,,,,,,,,,,,,,,,,,,,,,0.0,,,,,,,,,,
1952,8,1,,,,,,,,,,0.0,,,,,0.0,0.0,,75.02,66.02,,,,,,,,,,,,,1.0,,,,,,1.0,,,,,,-9999.0,,,,
1952,8,2,,,,,,,,,,0.0,,,,,0.0,0.0,,32.0,32.0,,,,,,,,,,,,,,,,,,,0.0,,,,,,-9.0,,,,
1952,8,3,,,,,,,,,,0.0,,,,,0.0,0.0,,75.02,64.94,,,,,,,,,,,,,999.0,,,,,,1.0,,,,,,999.0,,,,
1952,8,4,,,,,,,,,,0.0,,,,,0.0,0.0,,,,,,,,,,,,,,,,,,,,,,0.0,,,,,,-999.0,,,,
1952,8,5,,,,,,,,,,,,,,,,,,,,,,,,,,,,,,,,,,,,,,,,,,,,9.0,,,,
1952,8,6,,,,,,,,,,,,,,,0.0,0.0,,73.04,62.059999999999995,,,,,,,,,,,,,1.0,,,,,,1.0,,,,,,1.0,,,,
1952,8,7,,,,,,,,,,0.0,,,,,0.0,0.0,,,,,,,,,,,,,,,,,,,,,,0.0,,,,,,,,,,
1952,8,8,,,,,,,,,,,,,,,,,,,,,,,,,,,,,,,,99.0,,,,,,,,,,,,99.0,,,,
1952,8,9,,,,,,,,,,0.0,,,,,0.0,0.0,,75.02,64.04,,,,,,,,,,,,,-9999.0,,,,,,-9999.0,,,,,,-9999.0,,,,
1952,8,10,,,,,,,,,,0.0,,,,,0.0,0.0,,32.0,32.0,,,,,,,,,,,,,-9.0,,,,,,,,,,,,-9.0,,,,
1952,8,11,,,,,,,,,,0.0,,,,,0.0,0.0,,77.0,64.94,,,,,,,,,,,,,999.0,,,,,,1.0,,,,,,999.0,,,,
1952,8,12,,,,,,,,,,0.0,,,,,0.0,0.0,,,,,,,,,,,,,,,,-999.0,,,,,,0.0,,,,,,-999.0,,,,
1952,8,14,,,,,,,,,,0.0,,,,,0.0,0.0,,73.94,64.04,,,,,,,,,,,,,9999.0,,,,,,9999.0,,,,,,9999.0,,,,
1952,8,15,,,,,,,,,,0.0,,,,,0.0,0.0,,,,,,,,,,,,,,,,-99.0,,,,,,-99.0,,,,,,,,,,
1952,8,16,,,,,,,,,,,,,,,,,,,,,,,,,,,,,,,,99.0,,,,,,99.0,,,,,,,,,,
1952,8,17,,,,,,,,,,0.0,,,,,0.0,0.0,,71.06,62.959999999999994,,,,,,,,,,,,,-9999.0,,,,,,-9999.0,,,,,,-9999.0,,,,
1952,8,18,,,,,,,,,,0.0,,,,,0.0,0.0,,32.0,32.0,,,,,,,,,,,,,-9.0,,,,,,-9.0,,,,,,-9.0,,,,
1952,8,19,,,,,,,,,,0.0,,,,,0.0,0.0,,73.04,62.059999999999995,,,,,,,,,,,,,999.0,,,,,,999.0,,,,,,999.0,,,,
1952,8,20,,,,,,,,,,0.0,,,,,0.0,0.0,,,,,,,,,,,,,,,,,,,,,,,,,,,,-999.0,,,,
1952,8,22,,,,,,,,,,0.0,,,,,0.0,0.0,,73.04,60.980000000000004,,,,,,,,,,,,,9999.0,,,,,,1.0,,,,,,9999.0,,,,
1952,8,23,,,,,,,,,,0.0,,,,,0.0,0.0,,,,,,,,,,,,,,,,,,,,,,0.0,,,,,,-99.0,,,,
1952,8,24,,,,,,,,,,,,,,,,,,,,,,,,,,,,,,,,,,,,,,,,,,,,99.0,,,,
1952,8,25,,,,,,,,,,0.0,,,,,0.0,0.0,,78.08,64.94,,,,,,,,,,,,,-9999.0,,,,,,1.0,,,,,,-9999.0,,,,
1952,8,26,,,,,,,,,,0.0,,,,,0.0,0.0,,32.0,32.0,,,,,,,,,,,,,,,,,,,0.0,,,,,,-9.0,,,,
1952,8,27,,,,,,,,,,0.0,,,,,0.0,0.0,,75.92,62.059999999999995,,,,,,,,,,,,,1.0,,,,,,1.0,,,,,,999.0,,,,
1952,8,28,,,,,,,,,,0.0,,,,,0.0,0.0,,,,,,,,,,,,,,,,,,,,,,0.0,,,,,,-999.0,,,,
1952,8,30,,,,,,,,,,0.0,,,,,0.0,0.0,,73.04,62.059999999999995,,,,,,,,,,,,,1.0,,,,,,1.0,,,,,,9999.0,,,,
1952,8,31,,,,,,,,,,0.0,,,,,0.0,0.0,,,,,,,,,,,,,,,,,,,,,,,,,,,,-99.0,,,,
1952,9,1,,,,,,,,,,0.0,,,,,0.0,0.0,,84.02,64.94,,,,,,,,,,,,,1.0,,,,,,1.0,,,,,,-9999.0,,,,
1952,9,2,,,,,,,,,,0.0,,,,,0.0,0.0,,32.0,32.0,,,,,,,,,,,,,,,,,,,0.0,,,,,,-9.0,,,,
1952,9,3,,,,,,,,,,0.0,,,,,0.0,0.0,,87.08000000000001,68.0,,,,,,,,,,,,,999.0,,,,,,1.0,,,,,,999.0,,,,
1952,9,4,,,,,,,,,,0.0,,,,,0.0,0.0,,,,,,,,,,,,,,,,-999.0,,,,,,,,,,,,-999.0,,,,
1952,9,6,,,,,,,,,,0.0,,,,,0.0,0.0,,82.04,64.94,,,,,,,,,,,,,9999.0,,,,,,9999.0,,,,,,9999.0,,,,
1952,9,7,,,,,,,,,,0.0,,,,,0.0,0.0,,,,,,,,,,,,,,,,-99.0,,,,,,-99.0,,,,,,-99.0,,,,
1952,9,8,,,,,,,,,,,,,,,,,,,,,,,,,,,,,,,,99.0,,,,,,99.0,,,,,,99.0,,,,
1952,9,9,,,,,,,,,,0.0,,,,,0.0,0.0,,89.96000000000001,66.92,,,,,,,,,,,,,-9999.0,,,,,,-9999.0,,,,,,1.0,,,,
1952,9,10,,,,,,,,,,,,,,,0.0,0.0,,32.0,32.0,,,,,,,,,,,,,-9.0,,,,,,-9.0,,,,,,,,,,
1952,9,11,,,,,,,,,,0.0,,,,,0.0,0.0,,82.04,66.02,,,,,,,,,,,,,999.0,,,,,,999.0,,,,,,999.0,,,,
1952,9,12,,,,,,,,,,0.0,,,,,0.0,0.0,,,,,,,,,,,,,,,,-999.0,,,,,,,,,,,,-999.0,,,,
1952,9,13,,,,,,,,,,,,,,,,,,,,,,,,,,,,,,,,9.0,,,,,,,,,,,,,,,,
1952,9,14,,,,,,,,,,0.0,,,,,0.0,0.0,,77.0,60.980000000000004,,,,,,,,,,,,,1.0,,,,,,1.0,,,,,,9999.0,,,,
1952,9,15,,,,,,,,,,0.0,,,,,0.0,0.0,,,,,,,,,,,,,,,,,,,,,,,,,,,,-99.0,,,,
1952,9,16,,,,,,,,,,,,,,,,,,,,,,,,,,,,,,,,99.0,,,,,,99.0,,,,,,99.0,,,,
1952,9,17,,,,,,,,,,0.0,,,,,0.0,0.0,,71.06,57.92,,,,,,,,,,,,,-9999.0,,,,,,-9999.0,,,,,,-9999.0,,,,
1952,9,18,,,,,,,,,,0.0,,,,,0.0,0.0,,32.0,32.0,,,,,,,,,,,,,-9.0,,,,,,-9.0,,,,,,-9.0,,,,
1952,9,19,,,,,,,,,,0.0,,,,,0.0,0.0,,73.04,55.04,,,,,,,,,,,,,999.0,,,,,,999.0,,,,,,999.0,,,,
1952,9,20,,,,,,,,,,0.0,,,,,0.0,0.0,,,,,,,,,,,,,,,,,,,,,,-999.0,,,,,,-999.0,,,,
1952,9,21,,,,,,,,,,,,,,,,,,,,,,,,,,,,,,,,,,,,,,9.0,,,,,,,,,,
1952,9,22,,,,,,,,,,0.0,,,,,0.0,0.0,,75.02,55.04,,,,,,,,,,,,,1.0,,,,,,1.0,,,,,,9999.0,,,,
1952,9,23,,,,,,,,,,0.0,,,,,0.0,0.0,,,,,,,,,,,,,,,,,,,,,,0.0,,,,,,-99.0,,,,
1952,9,24,,,,,,,,,,,,,,,,,,,,,,,,,,,,,,,,,,,,,,,,,,,,99.0,,,,
1952,9,25,,,,,,,,,,0.0,,,,,0.0,0.0,,78.08,60.08,,,,,,,,,,,,,-9999.0,,,,,,-9999.0,,,,,,-9999.0,,,,
1952,9,26,,,,,,,,,,0.0,,,,,0.0,0.0,,32.0,32.0,,,,,,,,,,,,,-9.0,,,,,,,,,,,,-9.0,,,,
1952,9,27,,,,,,,,,,0.0,,,,,0.0,0.0,,82.04,60.980000000000004,,,,,,,,,,,,,999.0,,,,,,1.0,,,,,,999.0,,,,
1952,9,28,,,,,,,,,,0.0,,,,,0.0,0.0,,,,,,,,,,,,,,,,-999.0,,,,,,0.0,,,,,,-999.0,,,,
1952,9,29,,,,,,,,,,,,,,,,,,,,,,,,,,,,,,,,,,,,,,,,,,,,9.0,,,,
1952,9,30,,,,,,,,,,,,,,,0.0,0.0,,89.96000000000001,66.02,,,,,,,,,,,,,9999.0,,,,,,9999.0,,,,,,1.0,,,,
1952,9,31,,,,,,,,,,0.0,,,,,0.0,0.0,,,,,,,,,,,,,,,,-99.0,,,,,,,,,,,,,,,,
1952,10,1,,,,,,,,,,0.0,,,,,0.0,0.0,,71.06,60.08,,,,,,,,,,,,,1.0,,,,,,1.0,,,,,,-9999.0,,,,
1952,10,2,,,,,,,,,,0.0,,,,,0.0,0.0,,32.0,32.0,,,,,,,,,,,,,,,,,,,0.0,,,,,,-9.0,,,,
1952,10,3,,,,,,,,,,0.0,,,,,0.0,0.0,,71.96,59.0,,,,,,,,,,,,,1.0,,,,,,1.0,,,,,,999.0,,,,
1952,10,4,,,,,,,,,,0.0,,,,,0.0,0.0,,,,,,,,,,,,,,,,,,,,,,0.0,,,,,,-999.0,,,,
1952,10,6,,,,,,,,,,0.0,,,,,0.0,0.0,,75.92,62.059999999999995,,,,,,,,,,,,,1.0,,,,,,1.0,,,,,,9999.0,,,,
1952,10,7,,,,,,,,,,0.0,,,,,0.0,0.0,,,,,,,,,,,,,,,,,,,,,,0.0,,,,,,-99.0,,,,
1952,10,8,,,,,,,,,,,,,,,,,,,,,,,,,,,,,,,,,,,,,,,,,,,,99.0,,,,
1952,10,9,,,,,,,,,,0.0,,,,,0.0,0.0,,75.92,60.08,,,,,,,,,,,,,1.0,,,,,,1.0,,,,,,-9999.0,,,,
1952,10,10,,,,,,,,,,0.0,,,,,0.0,0.0,,32.0,32.0,,,,,,,,,,,,,,,,,,,0.0,,,,,,-9.0,,,,
1952,10,11,,,,,,,,,,0.0,,,,,0.0,0.0,,78.08,60.08,,,,,,,,,,,,,1.0,,,,,,1.0,,,,,,999.0,,,,
1952,10,12,,,,,,,,,,0.0,,,,,0.0,0.0,,,,,,,,,,,,,,,,,,,,,,,,,,,,-999.0,,,,
1952,10,13,,,,,,,,,,,,,,,,,,,,,,,,,,,,,,,,9.0,,,,,,9.0,,,,,,,,,,
1952,10,14,,,,,,,,,,0.0,,,,,0.0,0.0,,75.02,57.02,,,,,,,,,,,,,1.0,,,,,,1.0,,,,,,9999.0,,,,
1952,10,15,,,,,,,,,,0.0,,,,,0.0,0.0,,,,,,,,,,,,,,,,,,,,,,0.0,,,,,,-99.0,,,,
1952,10,16,,,,,,,,,,,,,,,,,,,,,,,,,,,,,,,,,,,,,,,,,,,,99.0,,,,
1952,10,17,,,,,,,,,,0.0,,,,,0.0,0.0,,71.06,59.0,,,,,,,,,,,,,-9999.0,,,,,,1.0,,,,,,-9999.0,,,,
1952,10,18,,,,,,,,,,0.0,,,,,0.0,0.0,,32.0,32.0,,,,,,,,,,,,,,,,,,,0.0,,,,,,-9.0,,,,
1952,10,19,,,,,,,,,,0.0,,,,,0.0,0.0,,68.0,60.08,,,,,,,,,,,,,1.0,,,,,,1.0,,,,,,999.0,,,,
1952,10,20,,,,,,,,,,0.0,,,,,0.0,0.0,,,,,,,,,,,,,,,,,,,,,,0.0,,,,,,,,,,
1952,10,22,,,,,,,,,,,,,,,0.0,0.0,,68.0,57.92,,,,,,,,,,,,,1.0,,,,,,1.0,,,,,,1.0,,,,
1952,10,23,,,,,,,,,,0.0,,,,,0.0,0.0,,,,,,,,,,,,,,,,,,,,,,0.0,,,,,,,,,,
1952,10,24,,,,,,,,,,,,,,,,,,,,,,,,,,,,,,,,,,,,,,,,,,,,99.0,,,,
1952,10,25,,,,,,,,,,0.0,,,,,0.0,0.0,,71.06,57.92,,,,,,,,,,,,,1.0,,,,,,1.0,,,,,,-9999.0,,,,
1952,10,26,,,,,,,,,,0.0,,,,,0.0,0.0,,32.0,32.0,,,,,,,,,,,,,,,,,,,0.0,,,,,,-9.0,,,,
1952,10,27,,,,,,,,,,0.0,,,,,0.0,0.0,,69.98,62.059999999999995,,,,,,,,,,,,,1.0,,,,,,1.0,,,,,,999.0,,,,
1952,10,28,,,,,,,,,,0.0,,,,,0.0,0.0,,,,,,,,,,,,,,,,,,,,,,0.0,,,,,,-999.0,,,,
1952,10,30,,,,,,,,,,0.0,,,,,0.0,0.0,,69.98,55.04,,,,,,,,,,,,,1.0,,,,,,1.0,,,,,,9999.0,,,,
1952,10,31,,,,,,,,,,0.0,,,,,0.0,0.0,,,,,,,,,,,,,,,,,,,,,,0.0,,,,,,-99.0,,,,
1952,11,1,,,,,,,,,,0.0,,,,,0.0,0.0,,68.0,60.980000000000004,,,,,,,,,,,,,-9999.0,,-9999.0,,,,1.0,,,,,,-9999.0,,,,
1952,11,2,,,,,,,,,,0.0,,,,,0.0,0.0,,32.0,32.0,,,,,,,,,,,,,-9.0,,-9.0,,,,0.0,,,,,,-9.0,,,,
1952,11,3,,,,,,,,,,0.0,,,,,0.0,0.0,,68.0,55.94,,,,,,,,,,,,,999.0,,999.0,,,,1.0,,,,,,999.0,,,,
1952,11,4,,,,,,,,,,0.0,,,,,0.0,0.0,,,,,,,,,,,,,,,,-999.0,,-999.0,,,,0.0,,,,,,-999.0,,,,
1952,11,6,,,,,,,,,,0.0,,,,,0.0,0.0,,86.0,55.94,,,,,,,,,,,,,9999.0,,9999.0,,,,1.0,,,,,,9999.0,,,,
1952,11,7,,,,,,,,,,0.0,,,,,0.0,0.0,,,,,,,,,,,,,,,,-99.0,,-99.0,,,,,,,,,,-99.0,,,,
1952,11,8,,,,,,,,,,,,,,,,,,,,,,,,,,,,,,,,99.0,,99.0,,,,99.0,,,,,,99.0,,,,
1952,11,9,,,,,,,,,,0.0,,,,,0.0,0.0,,77.0,55.04,,,,,,,,,,,,,-9999.0,,-9999.0,,,,-9999.0,,,,,,-9999.0,,,,
1952,11,10,,,,,,,,,,0.0,,,,,0.0,0.0,,32.0,32.0,,,,,,,,,,,,,-9.0,,-9.0,,,,-9.0,,,,,,,,,,
1952,11,11,,,,,,,,,,5.0,,,,,0.0,0.0,,68.0,62.059999999999995,,,,,,,,,,,,,999.0,,999.0,,,,999.0,,,,,,1.0,,,,
1952,11,12,,,,,,,,,,,,,,,0.0,0.0,,,,,,,,,,,,,,,,,,-999.0,,,,,,,,,,,,,,
1952,11,14,,,,,,,,,,0.0,,,,,0.0,0.0,,69.08,57.02,,,,,,,,,,,,,1.0,,9999.0,,,,1.0,,,,,,9999.0,,,,
1952,11,15,,,,,,,,,,0.0,,,,,0.0,0.0,,,32.0,,,,,,,,,,,,,,,-99.0,,,,0.0,,,,,,-99.0,,,,
1952,11,16,,,,,,,,,,,,,,,,,,,,,,,,,,,,,,,,,,99.0,,,,,,,,,,99.0,,,,
1952,11,17,,,,,,,,,,0.0,,,,,0.0,0.0,,71.06,48.92,,,,,,,,,,,,,1.0,,-9999.0,,,,1.0,,,,,,-9999.0,,,,
1952,11,18,,,,,,,,,,0.0,,,,,0.0,0.0,,32.0,32.0,,,,,,,,,,,,,,,-9.0,,,,0.0,,,,,,-9.0,,,,
1952,11,19,,,,,,,,,,0.0,,,,,0.0,0.0,,66.92,51.08,,,,,,,,,,,,,1.0,,999.0,,,,1.0,,,,,,999.0,,,,
1952,11,20,,,,,,,,,,0.0,,,,,0.0,0.0,,,,,,,,,,,,,,,,,,-999.0,,,,,,,,,,-999.0,,,,
1952,11,21,,,,,,,,,,,,,,,,,,,,,,,,,,,,,,,,9.0,,,,,,,,,,,,9.0,,,,
1952,11,22,,,,,,,,,,46.0,,,,,0.0,0.0,,64.94,55.94,,,,,,,,,,,,,1.0,,9999.0,,,,9999.0,,,,,,1.0,,,,
1952,11,23,,,,,,,,,,,,,,,0.0,0.0,,,,,,,,,,,,,,,,0.0,,-99.0,,,,-99.0,,,,,,,,,,
1952,11,24,,,,,,,,,,,,,,,,,,,,,,,,,,,,,,,,,,99.0,,,,99.0,,,,,,,,,,
1952,11,25,,,,,,,,,,51.0,,,,,0.0,0.0,,60.980000000000004,51.98,,,,,,,,,,,,,-9999.0,,-9999.0,,,,-9999.0,,,,,,1.0,,,,
1952,11,26,,,,,,,,,,0.0,,,,,0.0,0.0,,32.0,32.0,,,,,,,,,,,,,-9.0,,-9.0,,,,-9.0,,,,,,,,,,
1952,11,27,,,,,,,,,,0.0,,,,,0.0,0.0,,64.94,46.04,,,,,,,,,,,,,999.0,,999.0,,,,999.0,,,,,,999.0,,,,
1952,11,28,,,,,,,,,,0.0,,,,,0.0,0.0,,,,,,,,,,,,,,,,-999.0,,-999.0,,,,-999.0,,,,,,-999.0,,,,
1952,11,30,,,,,,,,,,0.0,,,,,0.0,0.0,,71.06,46.04,,,,,,,,,,,,,9999.0,,9999.0,,,,9999.0,,,,,,9999.0,,,,
1952,11,31,,,,,,,,,,0.0,,,,,0.0,0.0,,,32.0,,,,,,,,,,,,,-99.0,,-99.0,,,,-99.0,,,,,,-99.0,,,,
1952,12,1,,,,,,,,,,28.0,,,,,0.0,0.0,,64.94,46.94,,,,,,,,,,,-9999.0,,-9999.0,,,,-9999.0,,-9999.0,,,,,,1.0,,,,
1952,12,2,,,,,,,,,,0.0,,,,,0.0,0.0,,32.0,32.0,,,,,,,,,,,-9.0,,-9.0,,,,-9.0,,-9.0,,,,,,,,,,
1952,12,3,,,,,,,,,,69.0,,,,,0.0,0.0,,62.059999999999995,48.92,,,,,,,,,,,999.0,,999.0,,,,999.0,,999.0,,,,,,1.0,,,,
1952,12,4,,,,,,,,,,0.0,,,,,0.0,0.0,,,,,,,,,,,,,,-999.0,,-999.0,,,,-999.0,,-999.0,,,,,,,,,,
1952,12,6,,,,,,,,,,0.0,,,,,0.0,0.0,,71.06,44.06,,,,,,,,,,,9999.0,,9999.0,,,,9999.0,,9999.0,,,,,,9999.0,,,,
1952,12,7,,,,,,,,,,0.0,,,,,0.0,0.0,,,32.0,,,,,,,,,,,1.0,,-99.0,,,,-99.0,,-99.0,,,,,,-99.0,,,,
1952,12,8,,,,,,,,,,,,,,,,,,,,,,,,,,,,,,,,99.0,,,,99.0,,99.0,,,,,,99.0,,,,
1952,12,9,,,,,,,,,,18.0,,,,,0.0,0.0,,62.059999999999995,48.02,,,,,,,,,,,-9999.0,,1.0,,,,-9999.0,,-9999.0,,,,,,1.0,,,,
1952,12,10,,,,,,,,,,0.0,,,,,0.0,0.0,,32.0,32.0,,,,,,,,,,,-9.0,,,,,,-9.0,,,,,,,,,,,,
1952,12,11,,,,,,,,,,,,,,,0.0,0.0,,62.059999999999995,44.96,,,,,,,,,,,999.0,,999.0,,,,999.0,,1.0,,,,,,1.0,,,,
1952,12,12,,,,,,,,,,0.0,,,,,0.0,0.0,,,,,,,,,,,,,,-999.0,,-999.0,,,,-999.0,,0.0,,,,,,,,,,
1952,12,14,,,,,,,,,,0.0,,,,,0.0,0.0,,66.92,46.04,,,,,,,,,,,9999.0,,9999.0,,,,9999.0,,1.0,,,,,,9999.0,,,,
1952,12,15,,,,,,,,,,0.0,,,,,0.0,0.0,,,32.0,,,,,,,,,,,-99.0,,-99.0,,,,-99.0,,0.0,,,,,,-99.0,,,,
1952,12,16,,,,,,,,,,,,,,,,,,,,,,,,,,,,,,99.0,,99.0,,,,99.0,,,,,,,,99.0,,,,
1952,12,17,,,,,,,,,,0.0,,,,,0.0,0.0,,73.94,48.92,,,,,,,,,,,-9999.0,,-9999.0,,,,-9999.0,,1.0,,,,,,-9999.0,,,,
1952,12,18,,,,,,,,,,0.0,,,,,0.0,0.0,,32.0,32.0,,,,,,,,,,,-9.0,,-9.0,,,,-9.0,,,,,,,,-9.0,,,,
1952,12,19,,,,,,,,,,0.0,,,,,0.0,0.0,,80.96,50.0,,,,,,,,,,,999.0,,999.0,,,,999.0,,999.0,,,,,,999.0,,,,
1952,12,20,,,,,,,,,,0.0,,,,,0.0,0.0,,,,,,,,,,,,,,-999.0,,-999.0,,,,-999.0,,-999.0,,,,,,-999.0,,,,
1952,12,22,,,,,,,,,,0.0,,,,,0.0,0.0,,75.02,53.06,,,,,,,,,,,9999.0,,9999.0,,,,9999.0,,9999.0,,,,,,9999.0,,,,
1952,12,23,,,,,,,,,,0.0,,,,,0.0,0.0,,,,,,,,,,,,,,-99.0,,,,,,-99.0,,-99.0,,,,,,-99.0,,,,
1952,12,24,,,,,,,,,,,,,,,,,,,,,,,,,,,,,,99.0,,,,,,99.0,,99.0,,,,,,99.0,,,,
1952,12,25,,,,,,,,,,0.0,,,,,0.0,0.0,,62.959999999999994,48.02,,,,,,,,,,,-9999.0,,1.0,,,,-9999.0,,-9999.0,,,,,,-9999.0,,,,
1952,12,26,,,,,,,,,,0.0,,,,,0.0,0.0,,32.0,32.0,,,,,,,,,,,-9.0,,,,,,-9.0,,-9.0,,,,,,,,,,
1952,12,27,,,,,,,,,,36.0,,,,,0.0,0.0,,64.04,51.08,,,,,,,,,,,999.0,,999.0,,,,999.0,,999.0,,,,,,1.0,,,,
1952,12,28,,,,,,,,,,0.0,,,,,0.0,0.0,,,,,,,,,,,,,,-999.0,,-999.0,,,,-999.0,,-999.0,,,,,,,,,,
1952,12,30,,,,,,,,,,0.0,,,,,0.0,0.0,,60.980000000000004,53.96,,,,,,,,,,,9999.0,,9999.0,,,,9999.0,,9999.0,,,,,,9999.0,,,,
1952,12,31,,,,,,,,,,,,,,,0.0,0.0,,,,,,,,,,,,,,-99.0,,-99.0,,,,-99.0,,-99.0,,,,,,,,,,
1953,1,1,,,,,,,,,,0.0,,,,,0.0,0.0,,62.959999999999994,42.980000000000004,,,,,,,,,,,,,-9999.0,,,,,,-9999.0,,,,,,-9999.0,,,,
1953,1,2,,,,,,,,,,0.0,,,,,0.0,0.0,,32.0,32.0,,,,,,,,,,,,,-9.0,,,,,,-9.0,,,,,,-9.0,,,,
1953,1,3,,,,,,,,,,0.0,,,,,0.0,0.0,,71.96,46.04,,,,,,,,,,,,,999.0,,,,,,999.0,,,,,,999.0,,,,
1953,1,4,,,,,,,,,,0.0,,,,,0.0,0.0,,,,,,,,,,,,,,,,-999.0,,,,,,-999.0,,,,,,-999.0,,,,
1953,1,6,,,,,,,,,,0.0,,,,,0.0,0.0,,80.06,50.0,,,,,,,,,,,,,9999.0,,,,,,9999.0,,,,,,9999.0,,,,
1953,1,7,,,,,,,,,,0.0,,,,,0.0,0.0,,,32.0,,,,,,,,,,,,,-99.0,,,,,,-99.0,,,,,,-99.0,,,,
1953,1,8,,,,,,,,,,,,,,,,,,,,,,,,,,,,,,,,99.0,,,,,,99.0,,,,,,99.0,,,,
1953,1,9,,,,,,,,,,79.0,,,,,0.0,0.0,,59.0,53.96,,,,,,,,,,,,,1.0,,,,,,-9999.0,,,,,,1.0,,,,
1953,1,10,,,,,,,,,,0.0,,,,,0.0,0.0,,32.0,32.0,,,,,,,,,,,,,0.0,,,,,,-9.0,,,,,,,,,,
1953,1,11,,,,,,,,,,30.0,,,,,0.0,0.0,,60.08,55.04,,,,,,,,,,,,,1.0,,,,,,999.0,,,,,,1.0,,,,
1953,1,12,,,,,,,,,,,,,,,0.0,0.0,,,,,,,,,,,,,,,,0.0,,,,,,,,,,,,,,,,
1953,1,14,,,,,,,,,,,,,,,0.0,0.0,,71.96,53.06,,,,,,,,,,,,,1.0,,,,,,1.0,,,,,,1.0,,,,
1953,1,15,,,,,,,,,,0.0,,,,,0.0,0.0,,,,,,,,,,,,,,,,,,,,,,0.0,,,,,,,,,,
1953,1,16,,,,,,,,,,,,,,,,,,,,,,,,,,,,,,,,99.0,,,,,,,,,,,,99.0,,,,
1953,1,17,,,,,,,,,,0.0,,,,,0.0,0.0,,75.02,55.04,,,,,,,,,,,,,1.0,,,,,,1.0,,,,,,-9999.0,,,,
1953,1,18,,,,,,,,,,0.0,,,,,0.0,0.0,,32.0,32.0,,,,,,,,,,,,,,,,,,,0.0,,,,,,-9.0,,,,
1953,1,19,,,,,,,,,,0.0,,,,,0.0,0.0,,60.08,53.96,,,,,,,,,,,,,999.0,,,,,,1.0,,,,,,999.0,,,,
1953,1,20,,,,,,,,,,,,,,,0.0,0.0,,,,,,,,,,,,,,,,,,,,,,0.0,,,,,,,,,,
1953,1,22,,,,,,,,,,,,,,,0.0,0.0,,62.059999999999995,55.04,,,,,,,,,,,,,9999.0,,,,,,9999.0,,,,,,1.0,,,,
1953,1,23,,,,,,,,,,0.0,,,,,0.0,0.0,,,32.0,,,,,,,,,,,,,-99.0,,,,,,-99.0,,,,,,,,,,
1953,1,24,,,,,,,,,,,,,,,,,,,,,,,,,,,,,,,,99.0,,,,,,99.0,,,,,,99.0,,,,
1953,1,25,,,,,,,,,,0.0,,,,,0.0,0.0,,68.0,44.96,,,,,,,,,,,,,-9999.0,,,,,,1.0,,,,,,-9999.0,,,,
1953,1,26,,,,,,,,,,0.0,,,,,0.0,0.0,,32.0,32.0,,,,,,,,,,,,,-9.0,,,,,,0.0,,,,,,-9.0,,,,
1953,1,27,,,,,,,,,,0.0,,,,,0.0,0.0,,64.94,44.96,,,,,,,,,,,,,999.0,,,,,,1.0,,,,,,999.0,,,,
1953,1,28,,,,,,,,,,0.0,,,,,0.0,0.0,,,,,,,,,,,,,,,,-999.0,,,,,,0.0,,,,,,-999.0,,,,
1953,1,29,,,,,,,,,,,,,,,,,,,,,,,,,,,,,,,,9.0,,,,,,,,,,,,,,,,
1953,1,30,,,,,,,,,,0.0,,,,,0.0,0.0,,62.959999999999994,50.0,,,,,,,,,,,,,1.0,,,,,,1.0,,,,,,9999.0,,,,
1953,1,31,,,,,,,,,,0.0,,,,,0.0,0.0,,,,,,,,,,,,,,,,,,,,,,0.0,,,,,,-99.0,,,,
1953,2,1,,,,,,,,,,0.0,,,,,0.0,0.0,,75.02,50.0,,,,,,,,,,,,,-9999.0,,-9999.0,,-9999.0,,-9999.0,,,,,,-9999.0,,,,
1953,2,2,,,,,,,,,,0.0,,,,,0.0,0.0,,32.0,32.0,,,,,,,,,,,,,,,-9.0,,-9.0,,-9.0,,,,,,-9.0,,,,
1953,2,3,,,,,,,,,,0.0,,,,,0.0,0.0,,73.04,48.02,,,,,,,,,,,,,1.0,,999.0,,999.0,,999.0,,,,,,999.0,,,,
1953,2,4,,,,,,,,,,0.0,,,,,0.0,0.0,,,,,,,,,,,,,,,,0.0,,-999.0,,-999.0,,,,,,,,-999.0,,,,
1953,2,6,,,,,,,,,,0.0,,,,,0.0,0.0,,68.0,46.94,,,,,,,,,,,,,1.0,,9999.0,,9999.0,,1.0,,,,,,9999.0,,,,
1953,2,7,,,,,,,,,,0.0,,,,,0.0,0.0,,,,,,,,,,,,,,,,,,-99.0,,-99.0,,0.0,,,,,,-99.0,,,,
1953,2,8,,,,,,,,,,,,,,,,,,,,,,,,,,,,,,,,,,99.0,,99.0,,,,,,,,99.0,,,,
1953,2,9,,,,,,,,,,0.0,,,,,0.0,0.0,,78.98,51.98,,,,,,,,,,,,,-9999.0,,-9999.0,,-9999.0,,1.0,,,,,,-9999.0,,,,
1953,2,10,,,,,,,,,,0.0,,,,,0.0,0.0,,32.0,32.0,,,,,,,,,,,,,-9.0,,-9.0,,-9.0,,,,,,,,-9.0,,,,
1953,2,11,,,,,,,,,,0.0,,,,,0.0,0.0,,84.02,55.04,,,,,,,,,,,,,999.0,,999.0,,999.0,,999.0,,,,,,999.0,,,,
1953,2,12,,,,,,,,,,0.0,,,,,0.0,0.0,,,,,,,,,,,,,,,,,,-999.0,,-999.0,,,,,,,,-999.0,,,,
1953,2,14,,,,,,,,,,0.0,,,,,0.0,0.0,,64.94,46.04,,,,,,,,,,,,,9999.0,,9999.0,,9999.0,,9999.0,,,,,,9999.0,,,,
1953,2,15,,,,,,,,,,0.0,,,,,0.0,0.0,,,32.0,,,,,,,,,,,,,-99.0,,-99.0,,-99.0,,-99.0,,,,,,-99.0,,,,
1953,2,16,,,,,,,,,,,,,,,,,,,,,,,,,,,,,,,,99.0,,99.0,,99.0,,99.0,,,,,,99.0,,,,
1953,2,17,,,,,,,,,,0.0,,,,,0.0,0.0,,68.0,44.96,,,,,,,,,,,,,-9999.0,,-9999.0,,-9999.0,,-9999.0,,,,,,-9999.0,,,,
1953,2,18,,,,,,,,,,0.0,,,,,0.0,0.0,,32.0,32.0,,,,,,,,,,,,,-9.0,,-9.0,,-9.0,,-9.0,,,,,,-9.0,,,,
1953,2,19,,,,,,,,,,0.0,,,,,0.0,0.0,,68.0,42.980000000000004,,,,,,,,,,,,,999.0,,999.0,,999.0,,999.0,,,,,,999.0,,,,
1953,2,20,,,,,,,,,,0.0,,,,,0.0,0.0,,,,,,,,,,,,,,,,-999.0,,-999.0,,-999.0,,-999.0,,,,,,-999.0,,,,
1953,2,22,,,,,,,,,,0.0,,,,,0.0,0.0,,64.94,46.04,,,,,,,,,,,,,9999.0,,9999.0,,9999.0,,9999.0,,,,,,9999.0,,,,
1953,2,23,,,,,,,,,,0.0,,,,,0.0,0.0,,,32.0,,,,,,,,,,,,,,,-99.0,,-99.0,,,,,,,,-99.0,,,,
1953,2,24,,,,,,,,,,,,,,,,,,,,,,,,,,,,,,,,,,99.0,,99.0,,,,,,,,99.0,,,,
1953,2,25,,,,,,,,,,0.0,,,,,0.0,0.0,,73.94,46.04,,,,,,,,,,,,,1.0,,-9999.0,,-9999.0,,1.0,,,,,,-9999.0,,,,
1953,2,26,,,,,,,,,,0.0,,,,,0.0,0.0,,32.0,32.0,,,,,,,,,,,,,,,-9.0,,-9.0,,,,,,,,-9.0,,,,
1953,2,27,,,,,,,,,,0.0,,,,,0.0,0.0,,77.0,48.92,,,,,,,,,,,,,999.0,,999.0,,999.0,,999.0,,,,,,999.0,,,,
1953,2,28,,,,,,,,,,0.0,,,,,0.0,0.0,,,,,,,,,,,,,,,,,,-999.0,,-999.0,,-999.0,,,,,,-999.0,,,,
1953,2,30,,,,,,,,,,0.0,,,,,0.0,0.0,,62.059999999999995,44.06,,,,,,,,,,,,,9999.0,,9999.0,,9999.0,,9999.0,,,,,,9999.0,,,,
1953,2,31,,,,,,,,,,0.0,,,,,0.0,0.0,,,32.0,,,,,,,,,,,,,-99.0,,-99.0,,-99.0,,-99.0,,,,,,-99.0,,,,
1953,3,1,,,,,,,,,,150.0,,,,,0.0,0.0,,57.92,44.06,,,,,,,,,,,,,-9999.0,,,,1.0,,-9999.0,,,,,,1.0,,,,
1953,3,2,,,,,,,,,,0.0,,,,,,0.0,,32.0,32.0,,,,,,,,,,,,,-9.0,,,,,,-9.0,,,,,,,,,,
1953,3,3,,,,,,,,,,,,,,,0.0,0.0,,57.92,44.96,,,,,,,,,,,,,999.0,,,,999.0,,999.0,,,,,,1.0,,,,
1953,3,4,,,,,,,,,,0.0,,,,,0.0,0.0,,,,,,,,,,,,,,,,-999.0,,,,-999.0,,-999.0,,,,,,,,,,
1953,3,6,,,,,,,,,,0.0,,,,,0.0,0.0,,69.98,42.980000000000004,,,,,,,,,,,,,9999.0,,,,9999.0,,9999.0,,,,,,9999.0,,,,
1953,3,7,,,,,,,,,,0.0,,,,,0.0,0.0,,,32.0,,,,,,,,,,,,,-99.0,,,,-99.0,,-99.0,,,,,,-99.0,,,,
1953,3,8,,,,,,,,,,,,,,,,,,,,,,,,,,,,,,,,99.0,,,,99.0,,99.0,,,,,,99.0,,,,
1953,3,9,,,,,,,,,,0.0,,,,,0.0,0.0,,73.94,48.92,,,,,,,,,,,,,1.0,,,,-9999.0,,1.0,,,,,,-9999.0,,,,
1953,3,10,,,,,,,,,,0.0,,,,,0.0,0.0,,,,,,,,,,,,,,,,,,,,-9.0,,0.0,,,,,,-9.0,,,,
1953,3,11,,,,,,,,,,0.0,,,,,0.0,0.0,,69.98,48.02,,,,,,,,,,,,,1.0,,,,999.0,,1.0,,,,,,999.0,,,,
1953,3,12,,,,,,,,,,0.0,,,,,0.0,0.0,,,,,,,,,,,,,,,,,,,,-999.0,,0.0,,,,,,-999.0,,,,
1953,3,14,,,,,,,,,,0.0,,,,,0.0,0.0,,60.980000000000004,48.92,,,,,,,,,,,,,1.0,,,,9999.0,,1.0,,,,,,9999.0,,,,
1953,3,15,,,,,,,,,,0.0,,,,,0.0,0.0,,,,,,,,,,,,,,,,,,,,-99.0,,,,,,,,,,,,
1953,3,16,,,,,,,,,,,,,,,,,,,,,,,,,,,,,,,,99.0,,,,99.0,,99.0,,,,,,,,,,
1953,3,17,,,,,,,,,,0.0,,,,,0.0,0.0,,64.04,50.0,,,,,,,,,,,,,-9999.0,,,,-9999.0,,-9999.0,,,,,,-9999.0,,,,
1953,3,18,,,,,,,,,,0.0,,,,,0.0,0.0,,32.0,32.0,,,,,,,,,,,,,-9.0,,,,-9.0,,-9.0,,,,,,-9.0,,,,
1953,3,19,,,,,,,,,,0.0,,,,,0.0,0.0,,62.059999999999995,50.0,,,,,,,,,,,,,999.0,,,,999.0,,999.0,,,,,,999.0,,,,
1953,3,20,,,,,,,,,,0.0,,,,,0.0,0.0,,,,,,,,,,,,,,,,-999.0,,,,-999.0,,-999.0,,,,,,,,,,
1953,3,21,,,,,,,,,,,,,,,,,,,,,,,,,,,,,,,,,,,,,,9.0,,,,,,,,,,
1953,3,22,,,,,,,,,,0.0,,,,,0.0,0.0,,66.02,46.04,,,,,,,,,,,,,9999.0,,,,9999.0,,1.0,,,,,,9999.0,,,,
1953,3,23,,,,,,,,,,0.0,,,,,0.0,0.0,,,32.0,,,,,,,,,,,,,,,,,-99.0,,0.0,,,,,,-99.0,,,,
1953,3,24,,,,,,,,,,,,,,,,,,,,,,,,,,,,,,,,,,,,99.0,,,,,,,,99.0,,,,
1953,3,25,,,,,,,,,,0.0,,,,,0.0,0.0,,64.94,46.04,,,,,,,,,,,,,1.0,,,,-9999.0,,1.0,,,,,,-9999.0,,,,
1953,3,26,,,,,,,,,,0.0,,,,,0.0,0.0,,32.0,32.0,,,,,,,,,,,,,,,,,-9.0,,,,,,,,-9.0,,,,
1953,3,27,,,,,,,,,,0.0,,,,,0.0,0.0,,64.04,51.08,,,,,,,,,,,,,999.0,,,,999.0,,999.0,,,,,,999.0,,,,
1953,3,28,,,,,,,,,,0.0,,,,,0.0,0.0,,,,,,,,,,,,,,,,-999.0,,,,-999.0,,-999.0,,,,,,-999.0,,,,
1953,3,29,,,,,,,,,,,,,,,,,,,,,,,,,,,,,,,,,,,,,,,,,,,,9.0,,,,
1953,3,30,,,,,,,,,,,,,,,0.0,0.0,,64.04,53.06,,,,,,,,,,,,,9999.0,,,,9999.0,,9999.0,,,,,,1.0,,,,
1953,3,31,,,,,,,,,,0.0,,,,,0.0,0.0,,,,,,,,,,,,,,,,-99.0,,,,-99.0,,-99.0,,,,,,,,,,
1953,4,1,,,,,,,,,,0.0,,,,,0.0,0.0,,62.959999999999994,50.0,,,,,,,,,,,,,1.0,,,,,,1.0,,,,,,-9999.0,,,,
1953,4,2,,,,,,,,,,0.0,,,,,0.0,0.0,,32.0,32.0,,,,,,,,,,,,,,,,,,,,,,,,,-9.0,,,,
1953,4,3,,,,,,,,,,0.0,,,,,0.0,0.0,,62.959999999999994,53.96,,,,,,,,,,,,,999.0,,,,,,999.0,,,,,,999.0,,,,
1953,4,4,,,,,,,,,,0.0,,,,,0.0,0.0,,,,,,,,,,,,,,,,-999.0,,,,,,-999.0,,,,,,-999.0,,,,
1953,4,5,,,,,,,,,,,,,,,,,,,,,,,,,,,,,,,,,,,,,,9.0,,,,,,,,,,
1953,4,6,,,,,,,,,,0.0,,,,,0.0,0.0,,60.08,55.94,,,,,,,,,,,,,9999.0,,,,,,1.0,,,,,,9999.0,,,,
1953,4,7,,,,,,,,,,0.0,,,,,0.0,0.0,,,,,,,,,,,,,,,,-99.0,,,,,,,,,,,,,,,,
1953,4,8,,,,,,,,,,,,,,,,,,,,,,,,,,,,,,,,99.0,,,,,,99.0,,,,,,,,,,
1953,4,9,,,,,,,,,,5.0,,,,,0.0,0.0,,60.08,53.96,,,,,,,,,,,,,-9999.0,,,,,,-9999.0,,,,,,1.0,,,,
1953,4,10,,,,,,,,,,0.0,,,,,0.0,0.0,,32.0,32.0,,,,,,,,,,,,,-9.0,,,,,,-9.0,,,,,,,,,,
1953,4,11,,,,,,,,,,,,,,,0.0,0.0,,64.04,53.06,,,,,,,,,,,,,999.0,,,,,,999.0,,,,,,1.0,,,,
1953,4,12,,,,,,,,,,0.0,,,,,0.0,0.0,,,,,,,,,,,,,,,,-999.0,,,,,,-999.0,,,,,,,,,,
1953,4,14,,,,,,,,,,0.0,,,,,0.0,0.0,,62.959999999999994,44.06,,,,,,,,,,,,,9999.0,,,,,,9999.0,,,,,,9999.0,,,,
1953,4,15,,,,,,,,,,0.0,,,,,0.0,0.0,,,32.0,,,,,,,,,,,,,-99.0,,,,,,-99.0,,,,,,-99.0,,,,
1953,4,16,,,,,,,,,,,,,,,,,,,,,,,,,,,,,,,,99.0,,,,,,99.0,,,,,,99.0,,,,
1953,4,17,,,,,,,,,,0.0,,,,,0.0,0.0,,64.04,46.94,,,,,,,,,,,,,-9999.0,,,,,,-9999.0,,,,,,-9999.0,,,,
1953,4,18,,,,,,,,,,0.0,,,,,0.0,0.0,,32.0,32.0,,,,,,,,,,,,,-9.0,,,,,,-9.0,,,,,,-9.0,,,,
1953,4,19,,,,,,,,,,0.0,,,,,0.0,0.0,,69.98,44.96,,,,,,,,,,,,,999.0,,,,,,999.0,,,,,,999.0,,,,
1953,4,20,,,,,,,,,,0.0,,,,,0.0,0.0,,,,,,,,,,,,,,,,-999.0,,,,,,-999.0,,,,,,-999.0,,,,
1953,4,22,,,,,,,,,,0.0,,,,,0.0,0.0,,66.92,51.08,,,,,,,,,,,,,9999.0,,,,,,9999.0,,,,,,9999.0,,,,
1953,4,23,,,,,,,,,,0.0,,,,,0.0,0.0,,,,,,,,,,,,,,,,,,,,,,,,,,,,-99.0,,,,
1953,4,24,,,,,,,,,,,,,,,,,,,,,,,,,,,,,,,,,,,,,,,,,,,,99.0,,,,
1953,4,25,,,,,,,,,,0.0,,,,,0.0,0.0,,64.94,53.96,,,,,,,,,,,,,-9999.0,,,,,,1.0,,,,,,-9999.0,,,,
1953,4,26,,,,,,,,,,0.0,,,,,0.0,0.0,,32.0,32.0,,,,,,,,,,,,,-9.0,,,,,,,,,,,,,,,,
1953,4,27,,,,,,,,,,,,,,,0.0,0.0,,64.94,55.94,,,,,,,,,,,,,999.0,,,,,,999.0,,,,,,1.0,,,,
1953,4,28,,,,,,,,,,0.0,,,,,0.0,0.0,,,,,,,,,,,,,,,,-999.0,,,,,,-999.0,,,,,,,,,,
1953,4,30,,,,,,,,,,0.0,,,,,0.0,0.0,,66.02,55.94,,,,,,,,,,,,,9999.0,,,,,,9999.0,,,,,,9999.0,,,,
1953,4,31,,,,,,,,,,0.0,,,,,0.0,0.0,,,,,,,,,,,,,,,,-99.0,,,,,,-99.0,,,,,,,,,,
1953,5,1,,,,,,,,,,0.0,,,,,0.0,0.0,,66.92,53.06,,,,,,,,,,,,,-9999.0,,,,,,-9999.0,,,,,,-9999.0,,,,
1953,5,2,,,,,,,,,,0.0,,,,,0.0,0.0,,32.0,32.0,,,,,,,,,,,,,-9.0,,,,,,-9.0,,,,,,-9.0,,,,
1953,5,3,,,,,,,,,,0.0,,,,,0.0,0.0,,75.92,51.08,,,,,,,,,,,,,999.0,,,,,,999.0,,,,,,999.0,,,,
1953,5,4,,,,,,,,,,0.0,,,,,0.0,0.0,,,,,,,,,,,,,,,,-999.0,,,,,,-999.0,,,,,,-999.0,,,,
1953,5,6,,,,,,,,,,0.0,,,,,0.0,0.0,,89.96000000000001,57.92,,,,,,,,,,,,,9999.0,,,,,,9999.0,,,,,,9999.0,,,,
1953,5,7,,,,,,,,,,0.0,,,,,0.0,0.0,,,,,,,,,,,,,,,,-99.0,,,,,,-99.0,,,,,,-99.0,,,,
1953,5,8,,,,,,,,,,,,,,,,,,,,,,,,,,,,,,,,99.0,,,,,,99.0,,,,,,99.0,,,,
1953,5,9,,,,,,,,,,0.0,,,,,0.0,0.0,,84.91999999999999,60.980000000000004,,,,,,,,,,,,,-9999.0,,,,,,-9999.0,,,,,,-9999.0,,,,
1953,5,10,,,,,,,,,,0.0,,,,,0.0,0.0,,32.0,32.0,,,,,,,,,,,,,-9.0,,,,,,-9.0,,,,,,-9.0,,,,
1953,5,11,,,,,,,,,,0.0,,,,,0.0,0.0,,69.98,57.92,,,,,,,,,,,,,999.0,,,,,,999.0,,,,,,999.0,,,,
1953,5,12,,,,,,,,,,0.0,,,,,0.0,0.0,,,,,,,,,,,,,,,,-999.0,,,,,,-999.0,,,,,,-999.0,,,,
1953,5,14,,,,,,,,,,0.0,,,,,0.0,0.0,,68.0,53.06,,,,,,,,,,,,,9999.0,,,,,,9999.0,,,,,,9999.0,,,,
1953,5,15,,,,,,,,,,0.0,,,,,0.0,0.0,,,,,,,,,,,,,,,,-99.0,,,,,,-99.0,,,,,,-99.0,,,,
1953,5,16,,,,,,,,,,,,,,,,,,,,,,,,,,,,,,,,99.0,,,,,,99.0,,,,,,99.0,,,,
1953,5,17,,,,,,,,,,0.0,,,,,0.0,0.0,,73.04,53.96,,,,,,,,,,,,,-9999.0,,,,,,-9999.0,,,,,,-9999.0,,,,
1953,5,18,,,,,,,,,,0.0,,,,,0.0,0.0,,32.0,32.0,,,,,,,,,,,,,-9.0,,,,,,-9.0,,,,,,-9.0,,,,
1953,5,19,,,,,,,,,,0.0,,,,,0.0,0.0,,77.0,53.06,,,,,,,,,,,,,999.0,,,,,,999.0,,,,,,999.0,,,,
1953,5,20,,,,,,,,,,0.0,,,,,0.0,0.0,,,,,,,,,,,,,,,,-999.0,,,,,,-999.0,,,,,,-999.0,,,,
1953,5,21,,,,,,,,,,,,,,,,,,,,,,,,,,,,,,,,,,,,,,,,,,,,9.0,,,,
1953,5,22,,,,,,,,,,,,,,,0.0,0.0,,62.959999999999994,55.04,,,,,,,,,,,,,9999.0,,,,,,9999.0,,,,,,1.0,,,,
1953,5,23,,,,,,,,,,0.0,,,,,0.0,0.0,,,,,,,,,,,,,,,,-99.0,,,,,,-99.0,,,,,,,,,,
1953,5,24,,,,,,,,,,,,,,,,,,,,,,,,,,,,,,,,99.0,,,,,,99.0,,,,,,,,,,
1953,5,25,,,,,,,,,,0.0,,,,,0.0,0.0,,64.04,55.04,,,,,,,,,,,,,-9999.0,,,,,,-9999.0,,,,,,-9999.0,,,,
1953,5,26,,,,,,,,,,0.0,,,,,0.0,0.0,,32.0,32.0,,,,,,,,,,,,,-9.0,,,,,,-9.0,,,,,,,,,,
1953,5,27,,,,,,,,,,,,,,,0.0,0.0,,66.92,55.94,,,,,,,,,,,,,999.0,,,,,,999.0,,,,,,1.0,,,,
1953,5,28,,,,,,,,,,0.0,,,,,0.0,0.0,,,,,,,,,,,,,,,,-999.0,,,,,,-999.0,,,,,,,,,,
1953,5,29,,,,,,,,,,,,,,,,,,,,,,,,,,,,,,,,,,,,,,9.0,,,,,,,,,,
1953,5,30,,,,,,,,,,0.0,,,,,0.0,0.0,,66.92,55.94,,,,,,,,,,,,,9999.0,,,,,,1.0,,,,,,9999.0,,,,
1953,5,31,,,,,,,,,,0.0,,,,,0.0,0.0,,,,,,,,,,,,,,,,,,,,,,,,,,,,,,,,
1953,6,1,,,,,,,,,,0.0,,,,,0.0,0.0,,66.02,55.94,,,,,,,,,,,,,-9999.0,,,,,,-9999.0,,,,,,-9999.0,,,,
1953,6,2,,,,,,,,,,0.0,,,,,0.0,0.0,,32.0,32.0,,,,,,,,,,,,,-9.0,,,,,,-9.0,,,,,,-9.0,,,,
1953,6,3,,,,,,,,,,0.0,,,,,0.0,0.0,,66.92,55.94,,,,,,,,,,,,,999.0,,,,,,999.0,,,,,,999.0,,,,
1953,6,4,,,,,,,,,,0.0,,,,,0.0,0.0,,,,,,,,,,,,,,,,-999.0,,,,,,-999.0,,,,,,-999.0,,,,
1953,6,6,,,,,,,,,,0.0,,,,,0.0,0.0,,66.92,55.04,,,,,,,,,,,,,9999.0,,,,,,9999.0,,,,,,9999.0,,,,
1953,6,7,,,,,,,,,,0.0,,,,,0.0,0.0,,,,,,,,,,,,,,,,-99.0,,,,,,-99.0,,,,,,-99.0,,,,
1953,6,8,,,,,,,,,,,,,,,,,,,,,,,,,,,,,,,,99.0,,,,,,99.0,,,,,,99.0,,,,
1953,6,9,,,,,,,,,,0.0,,,,,0.0,0.0,,66.92,59.0,,,,,,,,,,,,,1.0,,,,,,-9999.0,,,,,,1.0,,,,
1953,6,10,,,,,,,,,,,,,,,0.0,0.0,,32.0,32.0,,,,,,,,,,,,,0.0,,,,,,-9.0,,,,,,,,,,
1953,6,11,,,,,,,,,,15.0,,,,,0.0,0.0,,69.98,59.0,,,,,,,,,,,,,1.0,,,,,,999.0,,,,,,1.0,,,,
1953,6,12,,,,,,,,,,0.0,,,,,0.0,0.0,,,,,,,,,,,,,,,,,,,,,,-999.0,,,,,,,,,,
1953,6,14,,,,,,,,,,0.0,,,,,0.0,0.0,,69.08,57.92,,,,,,,,,,,,,9999.0,,,,,,9999.0,,,,,,9999.0,,,,
1953,6,15,,,,,,,,,,0.0,,,,,0.0,0.0,,,,,,,,,,,,,,,,-99.0,,,,,,-99.0,,,,,,-99.0,,,,
1953,6,16,,,,,,,,,,,,,,,,,,,,,,,,,,,,,,,,99.0,,,,,,99.0,,,,,,99.0,,,,
1953,6,17,,,,,,,,,,0.0,,,,,0.0,0.0,,71.06,55.94,,,,,,,,,,,,,-9999.0,,,,,,-9999.0,,,,,,-9999.0,,,,
1953,6,18,,,,,,,,,,0.0,,,,,0.0,0.0,,32.0,32.0,,,,,,,,,,,,,-9.0,,,,,,-9.0,,,,,,-9.0,,,,
1953,6,19,,,,,,,,,,0.0,,,,,0.0,0.0,,73.94,59.0,,,,,,,,,,,,,999.0,,,,,,999.0,,,,,,999.0,,,,
1953,6,20,,,,,,,,,,0.0,,,,,0.0,0.0,,,,,,,,,,,,,,,,-999.0,,,,,,-999.0,,,,,,-999.0,,,,
1953,6,21,,,,,,,,,,,,,,,,,,,,,,,,,,,,,,,,9.0,,,,,,,,,,,,,,,,
1953,6,22,,,,,,,,,,0.0,,,,,0.0,0.0,,73.04,59.0,,,,,,,,,,,,,1.0,,,,,,9999.0,,,,,,9999.0,,,,
1953,6,23,,,,,,,,,,0.0,,,,,0.0,0.0,,,,,,,,,,,,,,,,,,,,,,-99.0,,,,,,-99.0,,,,
1953,6,24,,,,,,,,,,,,,,,,,,,,,,,,,,,,,,,,99.0,,,,,,99.0,,,,,,99.0,,,,
1953,6,25,,,,,,,,,,0.0,,,,,0.0,0.0,,64.94,59.0,,,,,,,,,,,,,-9999.0,,,,,,-9999.0,,,,,,1.0,,,,
1953,6,26,,,,,,,,,,,,,,,0.0,0.0,,32.0,32.0,,,,,,,,,,,,,-9.0,,,,,,-9.0,,,,,,,,,,
1953,6,27,,,,,,,,,,,,,,,0.0,0.0,,66.92,60.08,,,,,,,,,,,,,999.0,,,,,,999.0,,,,,,1.0,,,,
1953,6,28,,,,,,,,,,,,,,,0.0,0.0,,,,,,,,,,,,,,,,-999.0,,,,,,-999.0,,,,,,,,,,
1953,6,30,,,,,,,,,,,,,,,0.0,0.0,,69.08,60.980000000000004,,,,,,,,,,,,,9999.0,,,,,,9999.0,,,,,,1.0,,,,
1953,6,31,,,,,,,,,,0.0,,,,,0.0,0.0,,,,,,,,,,,,,,,,-99.0,,,,,,-99.0,,,,,,,,,,
1953,7,1,,,,,,,,,,0.0,,,,,0.0,0.0,,75.02,62.059999999999995,,,,,,,,,,,,,-9999.0,,,,,,1.0,,,,,,-9999.0,,,,
1953,7,2,,,,,,,,,,0.0,,,,,0.0,0.0,,32.0,32.0,,,,,,,,,,,,,-9.0,,,,,,0.0,,,,,,-9.0,,,,
1953,7,3,,,,,,,,,,0.0,,,,,0.0,0.0,,73.04,62.959999999999994,,,,,,,,,,,,,999.0,,,,,,1.0,,,,,,999.0,,,,
1953,7,4,,,,,,,,,,0.0,,,,,0.0,0.0,,,,,,,,,,,,,,,,-999.0,,,,,,0.0,,,,,,-999.0,,,,
1953,7,5,,,,,,,,,,,,,,,,,,,,,,,,,,,,,,,,,,,,,,,,,,,,9.0,,,,
1953,7,6,,,,,,,,,,,,,,,0.0,0.0,,71.96,60.08,,,,,,,,,,,,,9999.0,,,,,,1.0,,,,,,1.0,,,,
1953,7,7,,,,,,,,,,0.0,,,,,0.0,0.0,,,,,,,,,,,,,,,,,,,,,,0.0,,,,,,,,,,
1953,7,8,,,,,,,,,,,,,,,,,,,,,,,,,,,,,,,,,,,,,,,,,,,,99.0,,,,
1953,7,9,,,,,,,,,,0.0,,,,,0.0,0.0,,69.98,60.980000000000004,,,,,,,,,,,,,1.0,,,,,,1.0,,,,,,-9999.0,,,,
1953,7,10,,,,,,,,,,0.0,,,,,0.0,0.0,,32.0,32.0,,,,,,,,,,,,,,,,,,,0.0,,,,,,-9.0,,,,
1953,7,11,,,,,,,,,,0.0,,,,,0.0,0.0,,75.02,60.08,,,,,,,,,,,,,999.0,,,,,,1.0,,,,,,999.0,,,,
1953,7,12,,,,,,,,,,0.0,,,,,0.0,0.0,,,,,,,,,,,,,,,,-999.0,,,,,,,,,,,,-999.0,,,,
1953,7,13,,,,,,,,,,,,,,,,,,,,,,,,,,,,,,,,9.0,,,,,,9.0,,,,,,,,,,
1953,7,14,,,,,,,,,,0.0,,,,,0.0,0.0,,80.06,64.94,,,,,,,,,,,,,1.0,,,,,,1.0,,,,,,9999.0,,,,
1953,7,15,,,,,,,,,,0.0,,,,,0.0,0.0,,,,,,,,,,,,,,,,,,,,,,0.0,,,,,,-99.0,,,,
1953,7,16,,,,,,,,,,,,,,,,,,,,,,,,,,,,,,,,,,,,,,,,,,,,99.0,,,,
1953,7,17,,,,,,,,,,0.0,,,,,0.0,0.0,,80.06,66.02,,,,,,,,,,,,,-9999.0,,,,,,-9999.0,,,,,,-9999.0,,,,
1953,7,18,,,,,,,,,,0.0,,,,,0.0,0.0,,32.0,32.0,,,,,,,,,,,,,-9.0,,,,,,-9.0,,,,,,-9.0,,,,
1953,7,19,,,,,,,,,,0.0,,,,,0.0,0.0,,82.94,68.0,,,,,,,,,,,,,999.0,,,,,,999.0,,,,,,999.0,,,,
1953,7,20,,,,,,,,,,0.0,,,,,0.0,0.0,,,,,,,,,,,,,,,,-999.0,,,,,,-999.0,,,,,,-999.0,,,,
1953,7,21,,,,,,,,,,,,,,,,,,,,,,,,,,,,,,,,,,,,,,9.0,,,,,,,,,,
1953,7,22,,,,,,,,,,0.0,,,,,0.0,0.0,,77.0,66.92,,,,,,,,,,,,,9999.0,,,,,,1.0,,,,,,9999.0,,,,
1953,7,23,,,,,,,,,,0.0,,,,,0.0,0.0,,,,,,,,,,,,,,,,-99.0,,,,,,,,,,,,-99.0,,,,
1953,7,24,,,,,,,,,,,,,,,,,,,,,,,,,,,,,,,,99.0,,,,,,99.0,,,,,,99.0,,,,
1953,7,25,,,,,,,,,,0.0,,,,,0.0,0.0,,77.0,66.92,,,,,,,,,,,,,-9999.0,,,,,,-9999.0,,,,,,-9999.0,,,,
1953,7,26,,,,,,,,,,0.0,,,,,0.0,0.0,,32.0,32.0,,,,,,,,,,,,,-9.0,,,,,,-9.0,,,,,,-9.0,,,,
1953,7,27,,,,,,,,,,0.0,,,,,0.0,0.0,,75.92,66.92,,,,,,,,,,,,,999.0,,,,,,999.0,,,,,,999.0,,,,
1953,7,28,,,,,,,,,,0.0,,,,,0.0,0.0,,,,,,,,,,,,,,,,-999.0,,,,,,-999.0,,,,,,-999.0,,,,
1953,7,29,,,,,,,,,,,,,,,,,,,,,,,,,,,,,,,,,,,,,,9.0,,,,,,,,,,
1953,7,30,,,,,,,,,,0.0,,,,,0.0,0.0,,75.92,66.02,,,,,,,,,,,,,9999.0,,,,,,1.0,,,,,,9999.0,,,,
1953,7,31,,,,,,,,,,0.0,,,,,0.0,0.0,,,,,,,,,,,,,,,,-99.0,,,,,,0.0,,,,,,-99.0,,,,
1953,8,1,,,,,,,,,,0.0,,,,,0.0,0.0,,75.02,66.92,,,,,,,,,,,,,-9999.0,,,,,,-9999.0,,,,,,1.0,,,,
1953,8,2,,,,,,,,,,,,,,,0.0,0.0,,32.0,32.0,,,,,,,,,,,,,-9.0,,,,,,-9.0,,,,,,,,,,
1953,8,3,,,,,,,,,,0.0,,,,,0.0,0.0,,75.92,66.92,,,,,,,,,,,,,999.0,,,,,,999.0,,,,,,999.0,,,,
1953,8,4,,,,,,,,,,0.0,,,,,0.0,0.0,,,,,,,,,,,,,,,,-999.0,,,,,,-999.0,,,,,,-999.0,,,,
1953,8,6,,,,,,,,,,0.0,,,,,0.0,0.0,,75.02,62.059999999999995,,,,,,,,,,,,,9999.0,,,,,,9999.0,,,,,,9999.0,,,,
1953,8,7,,,,,,,,,,0.0,,,,,0.0,0.0,,,,,,,,,,,,,,,,-99.0,,,,,,-99.0,,,,,,-99.0,,,,
1953,8,8,,,,,,,,,,,,,,,,,,,,,,,,,,,,,,,,99.0,,,,,,99.0,,,,,,99.0,,,,
1953,8,9,,,,,,,,,,0.0,,,,,0.0,0.0,,77.0,62.959999999999994,,,,,,,,,,,,,-9999.0,,,,,,1.0,,,,,,-9999.0,,,,
1953,8,10,,,,,,,,,,0.0,,,,,0.0,0.0,,32.0,32.0,,,,,,,,,,,,,-9.0,,,,,,0.0,,,,,,-9.0,,,,
1953,8,11,,,,,,,,,,0.0,,,,,0.0,0.0,,75.02,64.94,,,,,,,,,,,,,999.0,,,,,,1.0,,,,,,999.0,,,,
1953,8,12,,,,,,,,,,0.0,,,,,0.0,0.0,,,,,,,,,,,,,,,,-999.0,,,,,,0.0,,,,,,-999.0,,,,
1953,8,14,,,,,,,,,,0.0,,,,,0.0,0.0,,73.94,64.04,,,,,,,,,,,,,9999.0,,,,,,9999.0,,,,,,9999.0,,,,
1953,8,15,,,,,,,,,,0.0,,,,,0.0,0.0,,,,,,,,,,,,,,,,-99.0,,,,,,-99.0,,,,,,-99.0,,,,
1953,8,16,,,,,,,,,,,,,,,,,,,,,,,,,,,,,,,,99.0,,,,,,99.0,,,,,,99.0,,,,
1953,8,17,,,,,,,,,,0.0,,,,,0.0,0.0,,73.04,66.02,,,,,,,,,,,,,-9999.0,,,,,,1.0,,,,,,-9999.0,,,,
1953,8,18,,,,,,,,,,0.0,,,,,0.0,0.0,,32.0,32.0,,,,,,,,,,,,,-9.0,,,,,,0.0,,,,,,-9.0,,,,
1953,8,19,,,,,,,,,,0.0,,,,,0.0,0.0,,73.04,64.94,,,,,,,,,,,,,999.0,,,,,,1.0,,,,,,999.0,,,,
1953,8,20,,,,,,,,,,0.0,,,,,0.0,0.0,,,,,,,,,,,,,,,,-999.0,,,,,,0.0,,,,,,-999.0,,,,
1953,8,21,,,,,,,,,,,,,,,,,,,,,,,,,,,,,,,,9.0,,,,,,,,,,,,,,,,
1953,8,22,,,,,,,,,,0.0,,,,,0.0,0.0,,75.92,64.94,,,,,,,,,,,,,1.0,,,,,,1.0,,,,,,9999.0,,,,
1953,8,23,,,,,,,,,,0.0,,,,,0.0,0.0,,,,,,,,,,,,,,,,,,,,,,0.0,,,,,,-99.0,,,,
1953,8,24,,,,,,,,,,,,,,,,,,,,,,,,,,,,,,,,99.0,,,,,,,,,,,,99.0,,,,
1953,8,25,,,,,,,,,,0.0,,,,,0.0,0.0,,77.0,64.94,,,,,,,,,,,,,-9999.0,,,,,,1.0,,,,,,-9999.0,,,,
1953,8,26,,,,,,,,,,0.0,,,,,0.0,0.0,,32.0,32.0,,,,,,,,,,,,,-9.0,,,,,,0.0,,,,,,-9.0,,,,
1953,8,27,,,,,,,,,,0.0,,,,,0.0,0.0,,77.0,62.959999999999994,,,,,,,,,,,,,999.0,,,,,,1.0,,,,,,999.0,,,,
1953,8,28,,,,,,,,,,0.0,,,,,0.0,0.0,,,,,,,,,,,,,,,,,,,,,,0.0,,,,,,-999.0,,,,
1953,8,30,,,,,,,,,,0.0,,,,,0.0,0.0,,73.04,64.94,,,,,,,,,,,,,9999.0,,,,,,1.0,,,,,,9999.0,,,,
1953,8,31,,,,,,,,,,0.0,,,,,0.0,0.0,,,,,,,,,,,,,,,,-99.0,,,,,,0.0,,,,,,-99.0,,,,
1953,9,1,,,,,,,,,,0.0,,,,,0.0,0.0,,73.04,62.059999999999995,,,,,,,,,,,,,-9999.0,,,,,,-9999.0,,,,,,-9999.0,,,,
1953,9,2,,,,,,,,,,0.0,,,,,0.0,0.0,,32.0,32.0,,,,,,,,,,,,,-9.0,,,,,,-9.0,,,,,,-9.0,,,,
1953,9,3,,,,,,,,,,0.0,,,,,0.0,0.0,,71.06,64.04,,,,,,,,,,,,,999.0,,,,,,999.0,,,,,,999.0,,,,
1953,9,4,,,,,,,,,,0.0,,,,,0.0,0.0,,,,,,,,,,,,,,,,-999.0,,,,,,,,,,,,,,,,
1953,9,6,,,,,,,,,,0.0,,,,,0.0,0.0,,71.96,64.04,,,,,,,,,,,,,9999.0,,,,,,1.0,,,,,,9999.0,,,,
1953,9,7,,,,,,,,,,0.0,,,,,0.0,0.0,,,,,,,,,,,,,,,,,,,,,,0.0,,,,,,-99.0,,,,
1953,9,8,,,,,,,,,,,,,,,,,,,,,,,,,,,,,,,,,,,,,,,,,,,,99.0,,,,
1953,9,9,,,,,,,,,,0.0,,,,,0.0,0.0,,77.0,62.059999999999995,,,,,,,,,,,,,1.0,,,,,,1.0,,,,,,-9999.0,,,,
1953,9,10,,,,,,,,,,0.0,,,,,0.0,0.0,,32.0,32.0,,,,,,,,,,,,,,,,,,,0.0,,,,,,-9.0,,,,
1953,9,11,,,,,,,,,,0.0,,,,,0.0,0.0,,80.06,62.959999999999994,,,,,,,,,,,,,999.0,,,,,,1.0,,,,,,999.0,,,,
1953,9,12,,,,,,,,,,0.0,,,,,0.0,0.0,,,,,,,,,,,,,,,,-999.0,,,,,,,,,,,,-999.0,,,,
1953,9,14,,,,,,,,,,0.0,,,,,0.0,0.0,,77.0,62.959999999999994,,,,,,,,,,,,,9999.0,,,,,,9999.0,,,,,,9999.0,,,,
1953,9,15,,,,,,,,,,0.0,,,,,0.0,0.0,,,,,,,,,,,,,,,,-99.0,,,,,,,,,,,,-99.0,,,,
1953,9,16,,,,,,,,,,,,,,,,,,,,,,,,,,,,,,,,99.0,,,,,,,,,,,,99.0,,,,
1953,9,17,,,,,,,,,,0.0,,,,,0.0,0.0,,86.0,64.94,,,,,,,,,,,,,-9999.0,,,,,,1.0,,,,,,-9999.0,,,,
1953,9,18,,,,,,,,,,0.0,,,,,0.0,0.0,,32.0,32.0,,,,,,,,,,,,,-9.0,,,,,,,,,,,,-9.0,,,,
1953,9,19,,,,,,,,,,0.0,,,,,0.0,0.0,,87.08000000000001,66.02,,,,,,,,,,,,,999.0,,,,,,999.0,,,,,,999.0,,,,
1953,9,20,,,,,,,,,,0.0,,,,,0.0,0.0,,,,,,,,,,,,,,,,,,,,,,-999.0,,,,,,-999.0,,,,
1953,9,21,,,,,,,,,,,,,,,,,,,,,,,,,,,,,,,,,,,,,,9.0,,,,,,,,,,
1953,9,22,,,,,,,,,,0.0,,,,,0.0,0.0,,75.02,62.959999999999994,,,,,,,,,,,,,1.0,,,,,,1.0,,,,,,9999.0,,,,
1953,9,23,,,,,,,,,,0.0,,,,,0.0,0.0,,,,,,,,,,,,,,,,,,,,,,0.0,,,,,,-99.0,,,,
1953,9,24,,,,,,,,,,,,,,,,,,,,,,,,,,,,,,,,,,,,,,,,,,,,99.0,,,,
1953,9,25,,,,,,,,,,0.0,,,,,0.0,0.0,,73.04,62.059999999999995,,,,,,,,,,,,,1.0,,,,,,1.0,,,,,,-9999.0,,,,
1953,9,26,,,,,,,,,,0.0,,,,,0.0,0.0,,32.0,32.0,,,,,,,,,,,,,,,,,,,,,,,,,,,,,
1953,9,27,,,,,,,,,,,,,,,0.0,0.0,,69.08,62.959999999999994,,,,,,,,,,,,,999.0,,,,,,999.0,,,,,,1.0,,,,
1953,9,28,,,,,,,,,,0.0,,,,,0.0,0.0,,,,,,,,,,,,,,,,-999.0,,,,,,-999.0,,,,,,,,,,
1953,9,30,,,,,,,,,,0.0,,,,,0.0,0.0,,75.02,60.08,,,,,,,,,,,,,9999.0,,,,,,9999.0,,,,,,9999.0,,,,
1953,9,31,,,,,,,,,,0.0,,,,,0.0,0.0,,,,,,,,,,,,,,,,-99.0,,,,,,-99.0,,,,,,-99.0,,,,
1953,10,1,,,,,,,,,,0.0,,,,,0.0,0.0,,71.96,62.059999999999995,,,,,,,,,,,,,-9999.0,,,,,,1.0,,,,,,-9999.0,,,,
1953,10,2,,,,,,,,,,0.0,,,,,0.0,0.0,,32.0,32.0,,,,,,,,,,,,,,,,,,,0.0,,,,,,-9.0,,,,
1953,10,3,,,,,,,,,,0.0,,,,,0.0,0.0,,69.98,59.0,,,,,,,,,,,,,1.0,,,,,,1.0,,,,,,999.0,,,,
1953,10,4,,,,,,,,,,0.0,,,,,0.0,0.0,,,,,,,,,,,,,,,,,,,,,,0.0,,,,,,-999.0,,,,
1953,10,6,,,,,,,,,,0.0,,,,,0.0,0.0,,93.91999999999999,60.08,,,,,,,,,,,,,9999.0,,,,,,1.0,,,,,,9999.0,,,,
1953,10,7,,,,,,,,,,0.0,,,,,0.0,0.0,,,,,,,,,,,,,,,,-99.0,,,,,,,,,,,,-99.0,,,,
1953,10,8,,,,,,,,,,,,,,,,,,,,,,,,,,,,,,,,99.0,,,,,,99.0,,,,,,99.0,,,,
1953,10,9,,,,,,,,,,0.0,,,,,0.0,0.0,,84.02,64.04,,,,,,,,,,,,,-9999.0,,,,,,1.0,,,,,,-9999.0,,,,
1953,10,10,,,,,,,,,,0.0,,,,,0.0,0.0,,32.0,32.0,,,,,,,,,,,,,,,,,,,0.0,,,,,,-9.0,,,,
1953,10,11,,,,,,,,,,0.0,,,,,0.0,0.0,,80.06,60.980000000000004,,,,,,,,,,,,,1.0,,,,,,1.0,,,,,,999.0,,,,
1953,10,12,,,,,,,,,,0.0,,,,,0.0,0.0,,,,,,,,,,,,,,,,,,,,,,,,,,,,-999.0,,,,
1953,10,14,,,,,,,,,,0.0,,,,,0.0,0.0,,82.94,60.980000000000004,,,,,,,,,,,,,9999.0,,,,,,9999.0,,,,,,9999.0,,,,
1953,10,15,,,,,,,,,,0.0,,,,,0.0,0.0,,,,,,,,,,,,,,,,-99.0,,,,,,-99.0,,,,,,-99.0,,,,
1953,10,16,,,,,,,,,,,,,,,,,,,,,,,,,,,,,,,,99.0,,,,,,99.0,,,,,,99.0,,,,
1953,10,17,,,,,,,,,,0.0,,,,,0.0,0.0,,69.98,62.059999999999995,,,,,,,,,,,,,-9999.0,,,,,,-9999.0,,,,,,-9999.0,,,,
1953,10,18,,,,,,,,,,0.0,,,,,0.0,0.0,,32.0,32.0,,,,,,,,,,,,,-9.0,,,,,,-9.0,,,,,,-9.0,,,,
1953,10,19,,,,,,,,,,0.0,,,,,0.0,0.0,,71.06,62.959999999999994,,,,,,,,,,,,,999.0,,,,,,999.0,,,,,,999.0,,,,
1953,10,20,,,,,,,,,,0.0,,,,,0.0,0.0,,,,,,,,,,,,,,,,-999.0,,,,,,-999.0,,,,,,-999.0,,,,
1953,10,22,,,,,,,,,,0.0,,,,,0.0,0.0,,73.04,60.08,,,,,,,,,,,,,9999.0,,,,,,9999.0,,,,,,9999.0,,,,
1953,10,23,,,,,,,,,,0.0,,,,,0.0,0.0,,,,,,,,,,,,,,,,-99.0,,,,,,-99.0,,,,,,-99.0,,,,
1953,10,24,,,,,,,,,,,,,,,,,,,,,,,,,,,,,,,,99.0,,,,,,99.0,,,,,,99.0,,,,
1953,10,25,,,,,,,,,,0.0,,,,,0.0,0.0,,73.04,55.94,,,,,,,,,,,,,1.0,,,,,,1.0,,,,,,-9999.0,,,,
1953,10,26,,,,,,,,,,0.0,,,,,0.0,0.0,,32.0,32.0,,,,,,,,,,,,,,,,,,,0.0,,,,,,-9.0,,,,
1953,10,27,,,,,,,,,,0.0,,,,,0.0,0.0,,73.04,57.92,,,,,,,,,,,,,999.0,,,,,,1.0,,,,,,999.0,,,,
1953,10,28,,,,,,,,,,0.0,,,,,0.0,0.0,,,,,,,,,,,,,,,,,,,,,,0.0,,,,,,-999.0,,,,
1953,10,30,,,,,,,,,,0.0,,,,,0.0,0.0,,69.98,57.92,,,,,,,,,,,,,9999.0,,,,,,9999.0,,,,,,9999.0,,,,
1953,10,31,,,,,,,,,,0.0,,,,,0.0,0.0,,,,,,,,,,,,,,,,-99.0,,,,,,-99.0,,,,,,-99.0,,,,
1953,11,1,,,,,,,,,,0.0,,,,,0.0,0.0,,75.92,57.02,,,,,,,,,,,,,1.0,,,,,,1.0,,,,,,-9999.0,,,,
1953,11,2,,,,,,,,,,0.0,,,,,0.0,0.0,,32.0,32.0,,,,,,,,,,,,,,,,,,,0.0,,,,,,,,,,
1953,11,3,,,,,,,,,,,,,,,0.0,0.0,,80.06,60.980000000000004,,,,,,,,,,,,,999.0,,,,,,1.0,,,,,,1.0,,,,
1953,11,4,,,,,,,,,,0.0,,,,,0.0,0.0,,,,,,,,,,,,,,,,-999.0,,,,,,0.0,,,,,,,,,,
1953,11,6,,,,,,,,,,0.0,,,,,0.0,0.0,,64.94,55.94,,,,,,,,,,,,,9999.0,,,,,,1.0,,,,,,9999.0,,,,
1953,11,7,,,,,,,,,,0.0,,,,,0.0,0.0,,,,,,,,,,,,,,,,,,,,,,,,,,,,,,,,
1953,11,8,,,,,,,,,,,,,,,,,,,,,,,,,,,,,,,,,,,,,,99.0,,,,,,,,,,
1953,11,9,,,,,,,,,,0.0,,,,,0.0,0.0,,68.0,53.06,,,,,,,,,,,,,-9999.0,,,,,,-9999.0,,,,,,-9999.0,,,,
1953,11,10,,,,,,,,,,0.0,,,,,0.0,0.0,,32.0,32.0,,,,,,,,,,,,,-9.0,,,,,,-9.0,,,,,,-9.0,,,,
1953,11,11,,,,,,,,,,0.0,,,,,0.0,0.0,,78.08,51.08,,,,,,,,,,,,,999.0,,,,,,999.0,,,,,,999.0,,,,
1953,11,12,,,,,,,,,,0.0,,,,,0.0,0.0,,,,,,,,,,,,,,,,-999.0,,,,,,-999.0,,,,,,-999.0,,,,
1953,11,14,,,,,,,,,,0.0,,,,,0.0,0.0,,86.0,57.02,,,,,,,,,,,,,9999.0,,,,,,9999.0,,,,,,9999.0,,,,
1953,11,15,,,,,,,,,,0.0,,,,,0.0,0.0,,,,,,,,,,,,,,,,-99.0,,,,,,-99.0,,,,,,-99.0,,,,
1953,11,16,,,,,,,,,,,,,,,,,,,,,,,,,,,,,,,,99.0,,,,,,99.0,,,,,,99.0,,,,
1953,11,17,,,,,,,,,,0.0,,,,,0.0,0.0,,69.08,55.04,,,,,,,,,,,,,1.0,,,,,,1.0,,,,,,-9999.0,,,,
1953,11,18,,,,,,,,,,0.0,,,,,0.0,0.0,,32.0,32.0,,,,,,,,,,,,,,,,,,,0.0,,,,,,-9.0,,,,
1953,11,19,,,,,,,,,,0.0,,,,,0.0,0.0,,71.96,55.04,,,,,,,,,,,,,1.0,,,,,,1.0,,,,,,999.0,,,,
1953,11,20,,,,,,,,,,0.0,,,,,0.0,0.0,,,,,,,,,,,,,,,,,,,,,,0.0,,,,,,-999.0,,,,
1953,11,21,,,,,,,,,,,,,,,,,,,,,,,,,,,,,,,,9.0,,,,,,,,,,,,9.0,,,,
1953,11,22,,,,,,,,,,107.0,,,,,0.0,0.0,,68.0,55.94,,,,,,,,,,,,,1.0,,,,,,1.0,,,,,,1.0,,,,
1953,11,23,,,,,,,,,,0.0,,,,,0.0,0.0,,,,,,,,,,,,,,,,,,,,,,0.0,,,,,,,,,,
1953,11,25,,,,,,,,,,0.0,,,,,0.0,0.0,,77.0,55.94,,,,,,,,,,,,,1.0,,,,,,1.0,,,,,,-9999.0,,,,
1953,11,26,,,,,,,,,,0.0,,,,,0.0,0.0,,32.0,32.0,,,,,,,,,,,,,,,,,,,,,,,,,,,,,
1953,11,27,,,,,,,,,,,,,,,0.0,0.0,,64.94,57.02,,,,,,,,,,,,,1.0,,,,,,999.0,,,,,,1.0,,,,
1953,11,28,,,,,,,,,,0.0,,,,,0.0,0.0,,,,,,,,,,,,,,,,,,,,,,-999.0,,,,,,,,,,
1953,11,30,,,,,,,,,,0.0,,,,,0.0,0.0,,66.92,44.96,,,,,,,,,,,,,9999.0,,,,,,9999.0,,,,,,9999.0,,,,
1953,11,31,,,,,,,,,,0.0,,,,,0.0,0.0,,,32.0,,,,,,,,,,,,,-99.0,,,,,,-99.0,,,,,,,,,,
1953,12,1,,,,,,,,,,0.0,,,,,0.0,0.0,,64.04,51.98,,,,,,,,,,,,,-9999.0,,,,,,-9999.0,,,,,,-9999.0,,,,
1953,12,2,,,,,,,,,,0.0,,,,,0.0,0.0,,32.0,32.0,,,,,,,,,,,,,-9.0,,,,,,-9.0,,,,,,-9.0,,,,
1953,12,3,,,,,,,,,,0.0,,,,,0.0,0.0,,68.0,48.02,,,,,,,,,,,,,999.0,,,,,,999.0,,,,,,999.0,,,,
1953,12,4,,,,,,,,,,0.0,,,,,0.0,0.0,,,,,,,,,,,,,,,,-999.0,,,,,,,,,,,,-999.0,,,,
1953,12,5,,,,,,,,,,,,,,,,,,,,,,,,,,,,,,,,,,,,,,,,,,,,9.0,,,,
1953,12,6,,,,,,,,,,8.0,,,,,0.0,0.0,,62.059999999999995,48.92,,,,,,,,,,,,,9999.0,,,,,,1.0,,,,,,1.0,,,,
1953,12,7,,,,,,,,,,0.0,,,,,0.0,0.0,,,32.0,,,,,,,,,,,,,-99.0,,,,,,,,,,,,,,,,
1953,12,8,,,,,,,,,,,,,,,,,,,,,,,,,,,,,,,,99.0,,,,,,99.0,,,,,,99.0,,,,
1953,12,9,,,,,,,,,,0.0,,,,,0.0,0.0,,66.92,44.06,,,,,,,,,,,,,-9999.0,,,,,,-9999.0,,,,,,-9999.0,,,,
1953,12,10,,,,,,,,,,0.0,,,,,0.0,0.0,,32.0,32.0,,,,,,,,,,,,,-9.0,,,,,,-9.0,,,,,,-9.0,,,,
1953,12,11,,,,,,,,,,0.0,,,,,0.0,0.0,,64.04,44.06,,,,,,,,,,,,,999.0,,,,,,999.0,,,,,,999.0,,,,
1953,12,12,,,,,,,,,,0.0,,,,,0.0,0.0,,,,,,,,,,,,,,,,-999.0,,,,,,-999.0,,,,,,-999.0,,,,
1953,12,14,,,,,,,,,,0.0,,,,,0.0,0.0,,73.04,46.04,,,,,,,,,,,,,9999.0,,,,,,9999.0,,,,,,9999.0,,,,
1953,12,15,,,,,,,,,,0.0,,,,,0.0,0.0,,,,,,,,,,,,,,,,-99.0,,,,,,-99.0,,,,,,-99.0,,,,
1953,12,16,,,,,,,,,,,,,,,,,,,,,,,,,,,,,,,,99.0,,,,,,99.0,,,,,,99.0,,,,
1953,12,17,,,,,,,,,,0.0,,,,,0.0,0.0,,73.04,46.94,,,,,,,,,,,,,-9999.0,,,,,,-9999.0,,,,,,-9999.0,,,,
1953,12,18,,,,,,,,,,0.0,,,,,0.0,0.0,,32.0,32.0,,,,,,,,,,,,,-9.0,,,,,,-9.0,,,,,,-9.0,,,,
1953,12,19,,,,,,,,,,0.0,,,,,0.0,0.0,,71.06,44.96,,,,,,,,,,,,,999.0,,,,,,999.0,,,,,,999.0,,,,
1953,12,20,,,,,,,,,,0.0,,,,,0.0,0.0,,,,,,,,,,,,,,,,-999.0,,,,,,-999.0,,,,,,-999.0,,,,
1953,12,22,,,,,,,,,,0.0,,,,,0.0,0.0,,82.94,50.0,,,,,,,,,,,,,9999.0,,,,,,9999.0,,,,,,9999.0,,,,
1953,12,23,,,,,,,,,,0.0,,,,,0.0,0.0,,,,,,,,,,,,,,,,-99.0,,,,,,-99.0,,,,,,-99.0,,,,
1953,12,24,,,,,,,,,,,,,,,,,,,,,,,,,,,,,,,,99.0,,,,,,99.0,,,,,,99.0,,,,
1953,12,25,,,,,,,,,,0.0,,,,,0.0,0.0,,80.06,53.06,,,,,,,,,,,,,-9999.0,,,,,,1.0,,,,,,-9999.0,,,,
1953,12,26,,,,,,,,,,0.0,,,,,0.0,0.0,,32.0,32.0,,,,,,,,,,,,,-9.0,,,,,,0.0,,,,,,-9.0,,,,
1953,12,27,,,,,,,,,,0.0,,,,,0.0,0.0,,71.96,48.92,,,,,,,,,,,,,999.0,,,,,,1.0,,,,,,999.0,,,,
1953,12,28,,,,,,,,,,0.0,,,,,0.0,0.0,,,,,,,,,,,,,,,,,,,,,,0.0,,,,,,-999.0,,,,
1953,12,30,,,,,,,,,,0.0,,,,,0.0,0.0,,68.0,46.04,,,,,,,,,,,,,1.0,,,,,,1.0,,,,,,9999.0,,,,
1953,12,31,,,,,,,,,,0.0,,,,,0.0,0.0,,,32.0,,,,,,,,,,,,,,,,,,,0.0,,,,,,-99.0,,,,
1954,1,1,,,,,,,,,,0.0,,,,,0.0,0.0,,62.059999999999995,42.08,,,,,,,,,,,,,-9999.0,,-9999.0,,,,1.0,,,,,,-9999.0,,,,
1954,1,2,,,,,,,,,,0.0,,,,,0.0,0.0,,32.0,32.0,,,,,,,,,,,,,,,-9.0,,,,0.0,,,,,,-9.0,,,,
1954,1,3,,,,,,,,,,0.0,,,,,0.0,0.0,,60.08,42.980000000000004,,,,,,,,,,,,,1.0,,999.0,,,,1.0,,,,,,999.0,,,,
1954,1,4,,,,,,,,,,0.0,,,,,0.0,0.0,,,,,,,,,,,,,,,,,,-999.0,,,,0.0,,,,,,-999.0,,,,
1954,1,6,,,,,,,,,,0.0,,,,,0.0,0.0,,66.92,42.980000000000004,,,,,,,,,,,,,9999.0,,9999.0,,,,1.0,,,,,,9999.0,,,,
1954,1,7,,,,,,,,,,0.0,,,,,0.0,0.0,,,32.0,,,,,,,,,,,,,-99.0,,-99.0,,,,0.0,,,,,,-99.0,,,,
1954,1,8,,,,,,,,,,,,,,,,,,,,,,,,,,,,,,,,99.0,,99.0,,,,,,,,,,99.0,,,,
1954,1,9,,,,,,,,,,0.0,,,,,0.0,0.0,,71.96,51.98,,,,,,,,,,,,,1.0,,-9999.0,,,,1.0,,,,,,-9999.0,,,,
1954,1,10,,,,,,,,,,0.0,,,,,0.0,0.0,,32.0,32.0,,,,,,,,,,,,,,,-9.0,,,,0.0,,,,,,,,,,
1954,1,11,,,,,,,,,,,,,,,0.0,0.0,,64.04,50.0,,,,,,,,,,,,,1.0,,999.0,,,,1.0,,,,,,1.0,,,,
1954,1,12,,,,,,,,,,0.0,,,,,0.0,0.0,,,,,,,,,,,,,,,,,,-999.0,,,,,,,,,,,,,,
1954,1,14,,,,,,,,,,0.0,,,,,0.0,0.0,,64.04,48.02,,,,,,,,,,,,,9999.0,,9999.0,,,,9999.0,,,,,,9999.0,,,,
1954,1,15,,,,,,,,,,0.0,,,,,0.0,0.0,,,32.0,,,,,,,,,,,,,-99.0,,-99.0,,,,-99.0,,,,,,-99.0,,,,
1954,1,16,,,,,,,,,,,,,,,,,,,,,,,,,,,,,,,,99.0,,99.0,,,,99.0,,,,,,99.0,,,,
1954,1,17,,,,,,,,,,56.0,,,,,0.0,0.0,,62.059999999999995,42.980000000000004,,,,,,,,,,,,,-9999.0,,-9999.0,,,,-9999.0,,,,,,1.0,,,,
1954,1,18,,,,,,,,,,0.0,,,,,0.0,0.0,,32.0,32.0,,,,,,,,,,,,,-9.0,,,,,,-9.0,,,,,,,,,,
1954,1,19,,,,,,,,,,191.0,,,,,0.0,0.0,,57.02,48.92,,,,,,,,,,,,,999.0,,1.0,,,,999.0,,,,,,1.0,,,,
1954,1,20,,,,,,,,,,,,,,,0.0,0.0,,,,,,,,,,,,,,,,-999.0,,,,,,-999.0,,,,,,,,,,
1954,1,22,,,,,,,,,,0.0,,,,,0.0,0.0,,66.02,42.980000000000004,,,,,,,,,,,,,9999.0,,9999.0,,,,9999.0,,,,,,9999.0,,,,
1954,1,23,,,,,,,,,,0.0,,,,,0.0,0.0,,,32.0,,,,,,,,,,,,,-99.0,,-99.0,,,,-99.0,,,,,,-99.0,,,,
1954,1,24,,,,,,,,,,,,,,,,,,,,,,,,,,,,,,,,99.0,,99.0,,,,99.0,,,,,,99.0,,,,
1954,1,25,,,,,,,,,,0.0,,,,,0.0,0.0,,64.04,42.980000000000004,,,,,,,,,,,,,1.0,,-9999.0,,,,1.0,,,,,,-9999.0,,,,
1954,1,26,,,,,,,,,,0.0,,,,,0.0,0.0,,32.0,32.0,,,,,,,,,,,,,,,-9.0,,,,0.0,,,,,,-9.0,,,,
1954,1,27,,,,,,,,,,0.0,,,,,0.0,0.0,,62.959999999999994,46.94,,,,,,,,,,,,,1.0,,999.0,,,,1.0,,,,,,999.0,,,,
1954,1,28,,,,,,,,,,,,,,,0.0,0.0,,,,,,,,,,,,,,,,,,-999.0,,,,,,,,,,,,,,
1954,1,30,,,,,,,,,,130.0,,,,,0.0,0.0,,57.92,51.08,,,,,,,,,,,,,9999.0,,9999.0,,,,9999.0,,,,,,1.0,,,,
1954,1,31,,,,,,,,,,0.0,,,,,0.0,0.0,,,,,,,,,,,,,,,,-99.0,,-99.0,,,,-99.0,,,,,,,,,,
1954,2,1,,,,,,,,,,0.0,,,,,0.0,0.0,,68.0,48.02,,,,,,,,,,,,,1.0,,,,,,1.0,,,,,,-9999.0,,,,
1954,2,2,,,,,,,,,,0.0,,,,,0.0,0.0,,32.0,32.0,,,,,,,,,,,,,,,,,,,,,,,,,-9.0,,,,
1954,2,3,,,,,,,,,,0.0,,,,,0.0,0.0,,82.04,48.02,,,,,,,,,,,,,1.0,,,,,,999.0,,,,,,999.0,,,,
1954,2,4,,,,,,,,,,0.0,,,,,0.0,0.0,,,,,,,,,,,,,,,,,,,,,,-999.0,,,,,,-999.0,,,,
1954,2,6,,,,,,,,,,0.0,,,,,0.0,0.0,,78.98,50.0,,,,,,,,,,,,,9999.0,,,,,,9999.0,,,,,,9999.0,,,,
1954,2,7,,,,,,,,,,0.0,,,,,0.0,0.0,,,,,,,,,,,,,,,,,,,,,,-99.0,,,,,,-99.0,,,,
1954,2,8,,,,,,,,,,,,,,,,,,,,,,,,,,,,,,,,,,,,,,99.0,,,,,,99.0,,,,
1954,2,9,,,,,,,,,,0.0,,,,,0.0,0.0,,66.92,48.02,,,,,,,,,,,,,1.0,,,,,,1.0,,,,,,-9999.0,,,,
1954,2,10,,,,,,,,,,0.0,,,,,0.0,0.0,,32.0,32.0,,,,,,,,,,,,,,,,,,,,,,,,,-9.0,,,,
1954,2,11,,,,,,,,,,0.0,,,,,0.0,0.0,,87.98,48.02,,,,,,,,,,,,,1.0,,,,,,999.0,,,,,,999.0,,,,
1954,2,12,,,,,,,,,,0.0,,,,,0.0,0.0,,,,,,,,,,,,,,,,,,,,,,-999.0,,,,,,-999.0,,,,
1954,2,13,,,,,,,,,,,,,,,,,,,,,,,,,,,,,,,,9.0,,,,,,,,,,,,,,,,
1954,2,14,,,,,,,,,,0.0,,,,,0.0,0.0,,62.959999999999994,55.04,,,,,,,,,,,,,1.0,,,,,,9999.0,,,,,,9999.0,,,,
1954,2,15,,,,,,,,,,0.0,,,,,0.0,0.0,,,,,,,,,,,,,,,,,,,,,,-99.0,,,,,,-99.0,,,,
1954,2,16,,,,,,,,,,,,,,,,,,,,,,,,,,,,,,,,99.0,,,,,,99.0,,,,,,99.0,,,,
1954,2,17,,,,,,,,,,0.0,,,,,0.0,0.0,,64.04,48.02,,,,,,,,,,,,,1.0,,,,,,1.0,,,,,,-9999.0,,,,
1954,2,18,,,,,,,,,,0.0,,,,,0.0,0.0,,32.0,32.0,,,,,,,,,,,,,,,,,,,0.0,,,,,,-9.0,,,,
1954,2,19,,,,,,,,,,0.0,,,,,0.0,0.0,,64.04,51.08,,,,,,,,,,,,,1.0,,,,,,1.0,,,,,,999.0,,,,
1954,2,20,,,,,,,,,,,,,,,0.0,0.0,,,,,,,,,,,,,,,,,,,,,,,,,,,,,,,,
1954,2,22,,,,,,,,,,20.0,,,,,0.0,0.0,,62.059999999999995,53.96,,,,,,,,,,,,,1.0,,,,,,9999.0,,,,,,1.0,,,,
1954,2,23,,,,,,,,,,0.0,,,,,0.0,0.0,,,32.0,,,,,,,,,,,,,,,,,,,-99.0,,,,,,,,,,
1954,2,24,,,,,,,,,,,,,,,,,,,,,,,,,,,,,,,,99.0,,,,,,99.0,,,,,,99.0,,,,
1954,2,25,,,,,,,,,,0.0,,,,,0.0,0.0,,64.94,48.02,,,,,,,,,,,,,-9999.0,,,,,,-9999.0,,,,,,-9999.0,,,,
1954,2,26,,,,,,,,,,0.0,,,,,0.0,0.0,,32.0,32.0,,,,,,,,,,,,,-9.0,,,,,,-9.0,,,,,,-9.0,,,,
1954,2,27,,,,,,,,,,0.0,,,,,0.0,0.0,,66.02,46.04,,,,,,,,,,,,,999.0,,,,,,999.0,,,,,,999.0,,,,
1954,2,28,,,,,,,,,,0.0,,,,,0.0,0.0,,,,,,,,,,,,,,,,-999.0,,,,,,-999.0,,,,,,-999.0,,,,
1954,2,30,,,,,,,,,,0.0,,,,,0.0,0.0,,69.98,44.96,,,,,,,,,,,,,9999.0,,,,,,9999.0,,,,,,9999.0,,,,
1954,2,31,,,,,,,,,,0.0,,,,,0.0,0.0,,,32.0,,,,,,,,,,,,,-99.0,,,,,,-99.0,,,,,,-99.0,,,,
1954,3,1,,,,,,,,,,0.0,,,,,0.0,0.0,,64.94,50.0,,,,,,,,,,,,,1.0,,,,-9999.0,,1.0,,,,,,-9999.0,,,,
1954,3,2,,,,,,,,,,0.0,,,,,0.0,0.0,,32.0,32.0,,,,,,,,,,,,,,,,,-9.0,,0.0,,,,,,-9.0,,,,
1954,3,3,,,,,,,,,,0.0,,,,,0.0,0.0,,64.04,53.96,,,,,,,,,,,,,999.0,,,,999.0,,1.0,,,,,,999.0,,,,
1954,3,4,,,,,,,,,,0.0,,,,,0.0,0.0,,,,,,,,,,,,,,,,-999.0,,,,-999.0,,,,,,,,,,,,
1954,3,5,,,,,,,,,,,,,,,,,,,,,,,,,,,,,,,,,,,,,,9.0,,,,,,,,,,
1954,3,6,,,,,,,,,,0.0,,,,,0.0,0.0,,66.02,51.98,,,,,,,,,,,,,9999.0,,,,9999.0,,1.0,,,,,,9999.0,,,,
1954,3,7,,,,,,,,,,0.0,,,,,0.0,0.0,,,,,,,,,,,,,,,,,,,,-99.0,,0.0,,,,,,,,,,
1954,3,8,,,,,,,,,,,,,,,,,,,,,,,,,,,,,,,,,,,,99.0,,,,,,,,,,,,
1954,3,9,,,,,,,,,,0.0,,,,,0.0,0.0,,68.0,53.96,,,,,,,,,,,,,1.0,,,,-9999.0,,1.0,,,,,,-9999.0,,,,
1954,3,10,,,,,,,,,,0.0,,,,,0.0,0.0,,32.0,32.0,,,,,,,,,,,,,,,,,-9.0,,0.0,,,,,,-9.0,,,,
1954,3,11,,,,,,,,,,0.0,,,,,0.0,0.0,,66.92,51.98,,,,,,,,,,,,,1.0,,,,999.0,,1.0,,,,,,999.0,,,,
1954,3,12,,,,,,,,,,0.0,,,,,0.0,0.0,,,,,,,,,,,,,,,,,,,,-999.0,,0.0,,,,,,-999.0,,,,
1954,3,13,,,,,,,,,,,,,,,,,,,,,,,,,,,,,,,,,,,,,,,,,,,,9.0,,,,
1954,3,14,,,,,,,,,,,,,,,0.0,0.0,,73.94,55.04,,,,,,,,,,,,,1.0,,,,9999.0,,1.0,,,,,,1.0,,,,
1954,3,15,,,,,,,,,,0.0,,,,,0.0,0.0,,,,,,,,,,,,,,,,,,,,-99.0,,0.0,,,,,,,,,,
1954,3,16,,,,,,,,,,,,,,,,,,,,,,,,,,,,,,,,,,,,99.0,,,,,,,,,,,,
1954,3,17,,,,,,,,,,0.0,,,,,0.0,0.0,,60.08,53.06,,,,,,,,,,,,,-9999.0,,,,-9999.0,,-9999.0,,,,,,1.0,,,,
1954,3,18,,,,,,,,,,,,,,,0.0,0.0,,32.0,32.0,,,,,,,,,,,,,-9.0,,,,-9.0,,-9.0,,,,,,,,,,
1954,3,19,,,,,,,,,,0.0,,,,,0.0,0.0,,62.959999999999994,50.0,,,,,,,,,,,,,999.0,,,,999.0,,999.0,,,,,,999.0,,,,
1954,3,20,,,,,,,,,,0.0,,,,,0.0,0.0,,,,,,,,,,,,,,,,-999.0,,,,-999.0,,-999.0,,,,,,-999.0,,,,
1954,3,22,,,,,,,,,,0.0,,,,,0.0,0.0,,69.98,44.06,,,,,,,,,,,,,9999.0,,,,9999.0,,9999.0,,,,,,9999.0,,,,
1954,3,23,,,,,,,,,,0.0,,,,,0.0,0.0,,,32.0,,,,,,,,,,,,,-99.0,,,,-99.0,,-99.0,,,,,,-99.0,,,,
1954,3,24,,,,,,,,,,,,,,,,,,,,,,,,,,,,,,,,99.0,,,,99.0,,99.0,,,,,,99.0,,,,
1954,3,25,,,,,,,,,,185.0,,,,,0.0,0.0,,62.959999999999994,46.94,,,,,,,,,,,,,-9999.0,,,,-9999.0,,-9999.0,,,,,,1.0,,,,
1954,3,26,,,,,,,,,,0.0,,,,,0.0,0.0,,32.0,32.0,,,,,,,,,,,,,-9.0,,,,,,-9.0,,,,,,,,,,
1954,3,27,,,,,,,,,,28.0,,,,,,0.0,,57.92,48.02,,,,,,,,,,,,,999.0,,,,1.0,,999.0,,,,,,1.0,,,,
1954,3,28,,,,,,,,,,0.0,,,,,0.0,0.0,,,,,,,,,,,,,,,,-999.0,,,,,,-999.0,,,,,,,,,,
1954,3,30,,,,,,,,,,0.0,,,,,0.0,0.0,,60.980000000000004,48.02,,,,,,,,,,,,,9999.0,,,,9999.0,,9999.0,,,,,,9999.0,,,,
1954,3,31,,,,,,,,,,0.0,,,,,0.0,0.0,,,,,,,,,,,,,,,,-99.0,,,,-99.0,,-99.0,,,,,,,,,,
1954,4,1,,,,,,,,,,0.0,,,,,0.0,0.0,,64.94,51.98,,,,,,,,,,,,,1.0,,,,,,1.0,,,,,,-9999.0,,,,
1954,4,2,,,,,,,,,,0.0,,,,,0.0,0.0,,32.0,32.0,,,,,,,,,,,,,,,,,,,0.0,,,,,,-9.0,,,,
1954,4,3,,,,,,,,,,0.0,,,,,0.0,0.0,,64.94,51.98,,,,,,,,,,,,,1.0,,,,,,1.0,,,,,,999.0,,,,
1954,4,4,,,,,,,,,,0.0,,,,,0.0,0.0,,,,,,,,,,,,,,,,,,,,,,0.0,,,,,,-999.0,,,,
1954,4,6,,,,,,,,,,0.0,,,,,0.0,0.0,,68.0,50.0,,,,,,,,,,,,,9999.0,,,,,,1.0,,,,,,9999.0,,,,
1954,4,7,,,,,,,,,,0.0,,,,,0.0,0.0,,,,,,,,,,,,,,,,,,,,,,,,,,,,,,,,
1954,4,8,,,,,,,,,,,,,,,,,,,,,,,,,,,,,,,,,,,,,,99.0,,,,,,,,,,
1954,4,9,,,,,,,,,,0.0,,,,,0.0,0.0,,66.02,53.96,,,,,,,,,,,,,-9999.0,,,,,,-9999.0,,,,,,-9999.0,,,,
1954,4,10,,,,,,,,,,0.0,,,,,0.0,0.0,,32.0,32.0,,,,,,,,,,,,,-9.0,,,,,,-9.0,,,,,,-9.0,,,,
1954,4,11,,,,,,,,,,0.0,,,,,0.0,0.0,,69.08,51.08,,,,,,,,,,,,,999.0,,,,,,999.0,,,,,,999.0,,,,
1954,4,12,,,,,,,,,,0.0,,,,,0.0,0.0,,,,,,,,,,,,,,,,,,,,,,,,,,,,-999.0,,,,
1954,4,14,,,,,,,,,,0.0,,,,,0.0,0.0,,69.08,53.06,,,,,,,,,,,,,1.0,,,,,,1.0,,,,,,9999.0,,,,
1954,4,15,,,,,,,,,,0.0,,,,,0.0,0.0,,,,,,,,,,,,,,,,,,,,,,,,,,,,-99.0,,,,
1954,4,16,,,,,,,,,,,,,,,,,,,,,,,,,,,,,,,,99.0,,,,,,99.0,,,,,,99.0,,,,
1954,4,17,,,,,,,,,,0.0,,,,,0.0,0.0,,66.02,55.94,,,,,,,,,,,,,-9999.0,,,,,,-9999.0,,,,,,-9999.0,,,,
1954,4,18,,,,,,,,,,0.0,,,,,0.0,0.0,,32.0,32.0,,,,,,,,,,,,,-9.0,,,,,,,,,,,,-9.0,,,,
1954,4,19,,,,,,,,,,0.0,,,,,0.0,0.0,,66.92,55.94,,,,,,,,,,,,,999.0,,,,,,1.0,,,,,,999.0,,,,
1954,4,20,,,,,,,,,,0.0,,,,,0.0,0.0,,,,,,,,,,,,,,,,,,,,,,0.0,,,,,,-999.0,,,,
1954,4,21,,,,,,,,,,,,,,,,,,,,,,,,,,,,,,,,,,,,,,,,,,,,9.0,,,,
1954,4,22,,,,,,,,,,,,,,,0.0,0.0,,62.059999999999995,57.02,,,,,,,,,,,,,1.0,,,,,,1.0,,,,,,1.0,,,,
1954,4,23,,,,,,,,,,0.0,,,,,0.0,0.0,,,,,,,,,,,,,,,,,,,,,,0.0,,,,,,,,,,
1954,4,25,,,,,,,,,,0.0,,,,,0.0,0.0,,73.94,57.02,,,,,,,,,,,,,1.0,,,,,,1.0,,,,,,-9999.0,,,,
1954,4,26,,,,,,,,,,0.0,,,,,0.0,0.0,,32.0,32.0,,,,,,,,,,,,,,,,,,,0.0,,,,,,-9.0,,,,
1954,4,27,,,,,,,,,,0.0,,,,,0.0,0.0,,69.08,55.94,,,,,,,,,,,,,1.0,,,,,,1.0,,,,,,999.0,,,,
1954,4,28,,,,,,,,,,0.0,,,,,0.0,0.0,,,,,,,,,,,,,,,,,,,,,,0.0,,,,,,-999.0,,,,
1954,4,30,,,,,,,,,,0.0,,,,,0.0,0.0,,68.0,55.94,,,,,,,,,,,,,9999.0,,,,,,9999.0,,,,,,9999.0,,,,
1954,4,31,,,,,,,,,,0.0,,,,,0.0,0.0,,,,,,,,,,,,,,,,-99.0,,,,,,-99.0,,,,,,-99.0,,,,
1954,5,1,,,,,,,,,,0.0,,,,,0.0,0.0,,66.02,51.98,,,,,,,,,,,,,-9999.0,,,,,,-9999.0,,,,,,1.0,,,,
1954,5,2,,,,,,,,,,,,,,,0.0,0.0,,32.0,32.0,,,,,,,,,,,,,-9.0,,,,,,-9.0,,,,,,,,,,
1954,5,3,,,,,,,,,,0.0,,,,,0.0,0.0,,75.02,50.0,,,,,,,,,,,,,999.0,,,,,,999.0,,,,,,999.0,,,,
1954,5,4,,,,,,,,,,0.0,,,,,0.0,0.0,,,,,,,,,,,,,,,,-999.0,,,,,,-999.0,,,,,,-999.0,,,,
1954,5,5,,,,,,,,,,,,,,,,,,,,,,,,,,,,,,,,9.0,,,,,,,,,,,,,,,,
1954,5,6,,,,,,,,,,0.0,,,,,0.0,0.0,,69.98,53.06,,,,,,,,,,,,,1.0,,,,,,9999.0,,,,,,9999.0,,,,
1954,5,7,,,,,,,,,,0.0,,,,,0.0,0.0,,,,,,,,,,,,,,,,,,,,,,,,,,,,-99.0,,,,
1954,5,8,,,,,,,,,,,,,,,,,,,,,,,,,,,,,,,,99.0,,,,,,,,,,,,99.0,,,,
1954,5,9,,,,,,,,,,0.0,,,,,0.0,0.0,,68.0,57.02,,,,,,,,,,,,,-9999.0,,,,,,-9999.0,,,,,,-9999.0,,,,
1954,5,10,,,,,,,,,,0.0,,,,,0.0,0.0,,32.0,32.0,,,,,,,,,,,,,-9.0,,,,,,,,,,,,-9.0,,,,
1954,5,11,,,,,,,,,,0.0,,,,,0.0,0.0,,66.92,57.02,,,,,,,,,,,,,999.0,,,,,,1.0,,,,,,999.0,,,,
1954,5,12,,,,,,,,,,0.0,,,,,0.0,0.0,,,,,,,,,,,,,,,,-999.0,,,,,,,,,,,,,,,,
1954,5,14,,,,,,,,,,0.0,,,,,0.0,0.0,,69.98,57.92,,,,,,,,,,,,,9999.0,,,,,,9999.0,,,,,,9999.0,,,,
1954,5,15,,,,,,,,,,0.0,,,,,0.0,0.0,,,,,,,,,,,,,,,,-99.0,,,,,,-99.0,,,,,,,,,,
1954,5,16,,,,,,,,,,,,,,,,,,,,,,,,,,,,,,,,99.0,,,,,,99.0,,,,,,,,,,
1954,5,17,,,,,,,,,,0.0,,,,,0.0,0.0,,69.08,55.94,,,,,,,,,,,,,1.0,,,,,,1.0,,,,,,-9999.0,,,,
1954,5,18,,,,,,,,,,0.0,,,,,0.0,0.0,,32.0,32.0,,,,,,,,,,,,,,,,,,,0.0,,,,,,,,,,
1954,5,19,,,,,,,,,,,,,,,0.0,0.0,,66.02,57.02,,,,,,,,,,,,,1.0,,,,,,1.0,,,,,,1.0,,,,
1954,5,20,,,,,,,,,,0.0,,,,,0.0,0.0,,,,,,,,,,,,,,,,,,,,,,,,,,,,,,,,
1954,5,21,,,,,,,,,,,,,,,,,,,,,,,,,,,,,,,,,,,,,,,,,,,,9.0,,,,
1954,5,22,,,,,,,,,,,,,,,0.0,0.0,,66.92,57.92,,,,,,,,,,,,,9999.0,,,,,,9999.0,,,,,,1.0,,,,
1954,5,23,,,,,,,,,,0.0,,,,,0.0,0.0,,,,,,,,,,,,,,,,-99.0,,,,,,-99.0,,,,,,,,,,
1954,5,24,,,,,,,,,,,,,,,,,,,,,,,,,,,,,,,,99.0,,,,,,99.0,,,,,,,,,,
1954,5,25,,,,,,,,,,0.0,,,,,0.0,0.0,,68.0,57.02,,,,,,,,,,,,,-9999.0,,,,,,-9999.0,,,,,,1.0,,,,
1954,5,26,,,,,,,,,,,,,,,0.0,0.0,,32.0,32.0,,,,,,,,,,,,,-9.0,,,,,,-9.0,,,,,,,,,,
1954,5,27,,,,,,,,,,,,,,,0.0,0.0,,64.04,57.92,,,,,,,,,,,,,999.0,,,,,,999.0,,,,,,1.0,,,,
1954,5,28,,,,,,,,,,0.0,,,,,0.0,0.0,,,,,,,,,,,,,,,,-999.0,,,,,,,,,,,,,,,,
1954,5,30,,,,,,,,,,0.0,,,,,0.0,0.0,,71.06,60.08,,,,,,,,,,,,,9999.0,,,,,,1.0,,,,,,9999.0,,,,
1954,5,31,,,,,,,,,,0.0,,,,,0.0,0.0,,,,,,,,,,,,,,,,-99.0,,,,,,0.0,,,,,,-99.0,,,,
1954,6,1,,,,,,,,,,0.0,,,,,0.0,0.0,,69.08,60.980000000000004,,,,,,,,,,,,,-9999.0,,,,,,-9999.0,,,,,,-9999.0,,,,
1954,6,2,,,,,,,,,,0.0,,,,,0.0,0.0,,32.0,32.0,,,,,,,,,,,,,-9.0,,,,,,-9.0,,,,,,-9.0,,,,
1954,6,3,,,,,,,,,,0.0,,,,,0.0,0.0,,68.0,59.0,,,,,,,,,,,,,999.0,,,,,,999.0,,,,,,999.0,,,,
1954,6,4,,,,,,,,,,0.0,,,,,0.0,0.0,,,,,,,,,,,,,,,,-999.0,,,,,,-999.0,,,,,,,,,,
1954,6,6,,,,,,,,,,,,,,,0.0,0.0,,69.08,62.059999999999995,,,,,,,,,,,,,9999.0,,,,,,9999.0,,,,,,1.0,,,,
1954,6,7,,,,,,,,,,0.0,,,,,0.0,0.0,,,,,,,,,,,,,,,,-99.0,,,,,,-99.0,,,,,,,,,,
1954,6,8,,,,,,,,,,,,,,,,,,,,,,,,,,,,,,,,99.0,,,,,,99.0,,,,,,99.0,,,,
1954,6,9,,,,,,,,,,0.0,,,,,0.0,0.0,,71.96,53.96,,,,,,,,,,,,,-9999.0,,,,,,-9999.0,,,,,,-9999.0,,,,
1954,6,10,,,,,,,,,,0.0,,,,,0.0,0.0,,32.0,32.0,,,,,,,,,,,,,-9.0,,,,,,-9.0,,,,,,-9.0,,,,
1954,6,11,,,,,,,,,,0.0,,,,,0.0,0.0,,73.94,57.02,,,,,,,,,,,,,999.0,,,,,,999.0,,,,,,999.0,,,,
1954,6,12,,,,,,,,,,0.0,,,,,0.0,0.0,,,,,,,,,,,,,,,,-999.0,,,,,,-999.0,,,,,,-999.0,,,,
1954,6,13,,,,,,,,,,,,,,,,,,,,,,,,,,,,,,,,,,,,,,,,,,,,9.0,,,,
1954,6,14,,,,,,,,,,3.0,,,,,0.0,0.0,,66.92,57.02,,,,,,,,,,,,,9999.0,,,,,,9999.0,,,,,,1.0,,,,
1954,6,15,,,,,,,,,,0.0,,,,,0.0,0.0,,,,,,,,,,,,,,,,-99.0,,,,,,-99.0,,,,,,,,,,
1954,6,16,,,,,,,,,,,,,,,,,,,,,,,,,,,,,,,,99.0,,,,,,99.0,,,,,,99.0,,,,
1954,6,17,,,,,,,,,,0.0,,,,,0.0,0.0,,71.96,55.94,,,,,,,,,,,,,-9999.0,,,,,,-9999.0,,,,,,-9999.0,,,,
1954,6,18,,,,,,,,,,0.0,,,,,0.0,0.0,,32.0,32.0,,,,,,,,,,,,,-9.0,,,,,,-9.0,,,,,,-9.0,,,,
1954,6,19,,,,,,,,,,0.0,,,,,0.0,0.0,,66.92,60.08,,,,,,,,,,,,,999.0,,,,,,999.0,,,,,,999.0,,,,
1954,6,20,,,,,,,,,,0.0,,,,,0.0,0.0,,,,,,,,,,,,,,,,,,,,,,-999.0,,,,,,,,,,
1954,6,22,,,,,,,,,,0.0,,,,,0.0,0.0,,71.06,55.04,,,,,,,,,,,,,9999.0,,,,,,9999.0,,,,,,9999.0,,,,
1954,6,23,,,,,,,,,,0.0,,,,,0.0,0.0,,,,,,,,,,,,,,,,-99.0,,,,,,,,,,,,-99.0,,,,
1954,6,24,,,,,,,,,,,,,,,,,,,,,,,,,,,,,,,,99.0,,,,,,,,,,,,99.0,,,,
1954,6,25,,,,,,,,,,0.0,,,,,0.0,0.0,,69.98,60.08,,,,,,,,,,,,,-9999.0,,,,,,1.0,,,,,,-9999.0,,,,
1954,6,26,,,,,,,,,,0.0,,,,,0.0,0.0,,32.0,32.0,,,,,,,,,,,,,-9.0,,,,,,0.0,,,,,,,,,,
1954,6,27,,,,,,,,,,,,,,,0.0,0.0,,71.06,60.980000000000004,,,,,,,,,,,,,999.0,,,,,,1.0,,,,,,1.0,,,,
1954,6,28,,,,,,,,,,0.0,,,,,0.0,0.0,,,,,,,,,,,,,,,,-999.0,,,,,,0.0,,,,,,,,,,
1954,6,29,,,,,,,,,,,,,,,,,,,,,,,,,,,,,,,,9.0,,,,,,,,,,,,,,,,
1954,6,30,,,,,,,,,,0.0,,,,,0.0,0.0,,71.96,60.980000000000004,,,,,,,,,,,,,1.0,,,,,,1.0,,,,,,9999.0,,,,
1954,6,31,,,,,,,,,,0.0,,,,,0.0,0.0,,,,,,,,,,,,,,,,,,,,,,0.0,,,,,,-99.0,,,,
1954,7,1,,,,,,,,,,0.0,,,,,0.0,0.0,,73.04,62.059999999999995,,,,,,,,,,,,,-9999.0,,-9999.0,,,,1.0,-9999.0,,,,,-9999.0,,,,
1954,7,2,,,,,,,,,,0.0,,,,,0.0,0.0,,32.0,32.0,,,,,,,,,,,,,-9.0,,-9.0,,,,0.0,-9.0,,,,,-9.0,,,,
1954,7,3,,,,,,,,,,0.0,,,,,0.0,0.0,,73.04,60.980000000000004,,,,,,,,,,,,,999.0,,999.0,,,,1.0,999.0,,,,,999.0,,,,
1954,7,4,,,,,,,,,,0.0,,,,,0.0,0.0,,,,,,,,,,,,,,,,-999.0,,-999.0,,,,0.0,-999.0,,,,,-999.0,,,,
1954,7,6,,,,,,,,,,0.0,,,,,0.0,0.0,,73.04,62.959999999999994,,,,,,,,,,,,,9999.0,,9999.0,,,,1.0,9999.0,,,,,9999.0,,,,
1954,7,7,,,,,,,,,,0.0,,,,,0.0,0.0,,,,,,,,,,,,,,,,,,-99.0,,,,0.0,-99.0,,,,,-99.0,,,,
1954,7,8,,,,,,,,,,,,,,,,,,,,,,,,,,,,,,,,,,99.0,,,,,99.0,,,,,99.0,,,,
1954,7,9,,,,,,,,,,0.0,,,,,0.0,0.0,,80.96,60.980000000000004,,,,,,,,,,,,,1.0,,-9999.0,,,,1.0,-9999.0,,,,,-9999.0,,,,
1954,7,10,,,,,,,,,,0.0,,,,,0.0,0.0,,32.0,32.0,,,,,,,,,,,,,,,-9.0,,,,,-9.0,,,,,-9.0,,,,
1954,7,11,,,,,,,,,,0.0,,,,,0.0,0.0,,86.0,64.04,,,,,,,,,,,,,999.0,,999.0,,,,999.0,999.0,,,,,999.0,,,,
1954,7,12,,,,,,,,,,0.0,,,,,0.0,0.0,,,,,,,,,,,,,,,,-999.0,,-999.0,,,,,-999.0,,,,,-999.0,,,,
1954,7,14,,,,,,,,,,0.0,,,,,0.0,0.0,,71.96,64.04,,,,,,,,,,,,,9999.0,,9999.0,,,,1.0,9999.0,,,,,9999.0,,,,
1954,7,15,,,,,,,,,,0.0,,,,,0.0,0.0,,,,,,,,,,,,,,,,-99.0,,-99.0,,,,0.0,-99.0,,,,,-99.0,,,,
1954,7,16,,,,,,,,,,,,,,,,,,,,,,,,,,,,,,,,99.0,,99.0,,,,,99.0,,,,,99.0,,,,
1954,7,17,,,,,,,,,,0.0,,,,,0.0,0.0,,77.0,64.04,,,,,,,,,,,,,-9999.0,,-9999.0,,,,1.0,-9999.0,,,,,-9999.0,,,,
1954,7,18,,,,,,,,,,0.0,,,,,0.0,0.0,,32.0,32.0,,,,,,,,,,,,,-9.0,,,,,,,-9.0,,,,,,,,,
1954,7,19,,,,,,,,,,,,,,,0.0,0.0,,80.06,66.02,,,,,,,,,,,,,999.0,,1.0,,,,999.0,999.0,,,,,1.0,,,,
1954,7,20,,,,,,,,,,0.0,,,,,0.0,0.0,,,,,,,,,,,,,,,,-999.0,,,,,,-999.0,,,,,,,,,,
1954,7,22,,,,,,,,,,0.0,,,,,0.0,0.0,,82.04,68.0,,,,,,,,,,,,,9999.0,,9999.0,,,,9999.0,9999.0,,,,,9999.0,,,,
1954,7,23,,,,,,,,,,0.0,,,,,0.0,0.0,,,,,,,,,,,,,,,,-99.0,,-99.0,,,,-99.0,-99.0,,,,,-99.0,,,,
1954,7,24,,,,,,,,,,,,,,,,,,,,,,,,,,,,,,,,99.0,,99.0,,,,99.0,99.0,,,,,99.0,,,,
1954,7,25,,,,,,,,,,0.0,,,,,0.0,0.0,,78.08,68.0,,,,,,,,,,,,,1.0,,-9999.0,,,,1.0,-9999.0,,,,,-9999.0,,,,
1954,7,26,,,,,,,,,,0.0,,,,,0.0,0.0,,32.0,32.0,,,,,,,,,,,,,,,-9.0,,,,0.0,-9.0,,,,,-9.0,,,,
1954,7,27,,,,,,,,,,0.0,,,,,0.0,0.0,,82.94,66.92,,,,,,,,,,,,,999.0,,999.0,,,,1.0,999.0,,,,,999.0,,,,
1954,7,28,,,,,,,,,,0.0,,,,,0.0,0.0,,,,,,,,,,,,,,,,-999.0,,-999.0,,,,,-999.0,,,,,-999.0,,,,
1954,7,30,,,,,,,,,,0.0,,,,,0.0,0.0,,77.0,68.0,,,,,,,,,,,,,9999.0,,9999.0,,,,9999.0,9999.0,,,,,9999.0,,,,
1954,7,31,,,,,,,,,,0.0,,,,,0.0,0.0,,,,,,,,,,,,,,,,-99.0,,-99.0,,,,-99.0,-99.0,,,,,-99.0,,,,
1954,8,1,,,,,,,,,,0.0,,,,,0.0,0.0,,73.94,66.92,,,,,,,,,,,,,1.0,,,,,,1.0,,,,,,1.0,,,,
1954,8,2,,,,,,,,,,,,,,,0.0,0.0,,32.0,32.0,,,,,,,,,,,,,,,,,,,0.0,,,,,,,,,,
1954,8,3,,,,,,,,,,0.0,,,,,0.0,0.0,,78.08,66.02,,,,,,,,,,,,,999.0,,,,,,1.0,,,,,,999.0,,,,
1954,8,4,,,,,,,,,,0.0,,,,,0.0,0.0,,,,,,,,,,,,,,,,-999.0,,,,,,,,,,,,,,,,
1954,8,6,,,,,,,,,,0.0,,,,,0.0,0.0,,75.92,68.0,,,,,,,,,,,,,9999.0,,,,,,9999.0,,,,,,9999.0,,,,
1954,8,7,,,,,,,,,,0.0,,,,,0.0,0.0,,,,,,,,,,,,,,,,-99.0,,,,,,-99.0,,,,,,-99.0,,,,
1954,8,8,,,,,,,,,,,,,,,,,,,,,,,,,,,,,,,,99.0,,,,,,99.0,,,,,,99.0,,,,
1954,8,9,,,,,,,,,,0.0,,,,,0.0,0.0,,77.0,66.92,,,,,,,,,,,,,-9999.0,,,,,,-9999.0,,,,,,-9999.0,,,,
1954,8,10,,,,,,,,,,0.0,,,,,0.0,0.0,,32.0,32.0,,,,,,,,,,,,,-9.0,,,,,,,,,,,,-9.0,,,,
1954,8,11,,,,,,,,,,0.0,,,,,0.0,0.0,,75.92,66.92,,,,,,,,,,,,,999.0,,,,,,1.0,,,,,,999.0,,,,
1954,8,12,,,,,,,,,,0.0,,,,,0.0,0.0,,,,,,,,,,,,,,,,-999.0,,,,,,0.0,,,,,,-999.0,,,,
1954,8,14,,,,,,,,,,0.0,,,,,0.0,0.0,,75.92,66.02,,,,,,,,,,,,,9999.0,,,,,,9999.0,,,,,,9999.0,,,,
1954,8,15,,,,,,,,,,0.0,,,,,0.0,0.0,,,,,,,,,,,,,,,,-99.0,,,,,,-99.0,,,,,,-99.0,,,,
1954,8,16,,,,,,,,,,,,,,,,,,,,,,,,,,,,,,,,99.0,,,,,,99.0,,,,,,99.0,,,,
1954,8,17,,,,,,,,,,0.0,,,,,0.0,0.0,,75.02,66.92,,,,,,,,,,,,,-9999.0,,,,,,-9999.0,,,,,,-9999.0,,,,
1954,8,18,,,,,,,,,,0.0,,,,,0.0,0.0,,32.0,32.0,,,,,,,,,,,,,-9.0,,,,,,-9.0,,,,,,-9.0,,,,
1954,8,19,,,,,,,,,,0.0,,,,,0.0,0.0,,75.02,66.92,,,,,,,,,,,,,999.0,,,,,,999.0,,,,,,999.0,,,,
1954,8,20,,,,,,,,,,0.0,,,,,0.0,0.0,,,,,,,,,,,,,,,,-999.0,,,,,,-999.0,,,,,,-999.0,,,,
1954,8,22,,,,,,,,,,0.0,,,,,0.0,0.0,,75.92,60.08,,,,,,,,,,,,,9999.0,,,,,,9999.0,,,,,,9999.0,,,,
1954,8,23,,,,,,,,,,0.0,,,,,0.0,0.0,,,,,,,,,,,,,,,,,,,,,,,,,,,,-99.0,,,,
1954,8,24,,,,,,,,,,,,,,,,,,,,,,,,,,,,,,,,,,,,,,,,,,,,99.0,,,,
1954,8,25,,,,,,,,,,0.0,,,,,0.0,0.0,,78.08,64.04,,,,,,,,,,,,,1.0,,,,,,1.0,,,,,,-9999.0,,,,
1954,8,26,,,,,,,,,,0.0,,,,,0.0,0.0,,32.0,32.0,,,,,,,,,,,,,,,,,,,0.0,,,,,,-9.0,,,,
1954,8,27,,,,,,,,,,0.0,,,,,0.0,0.0,,75.92,64.04,,,,,,,,,,,,,999.0,,,,,,1.0,,,,,,999.0,,,,
1954,8,28,,,,,,,,,,0.0,,,,,0.0,0.0,,,,,,,,,,,,,,,,-999.0,,,,,,0.0,,,,,,-999.0,,,,
1954,8,30,,,,,,,,,,0.0,,,,,0.0,0.0,,75.02,62.959999999999994,,,,,,,,,,,,,9999.0,,,,,,9999.0,,,,,,9999.0,,,,
1954,8,31,,,,,,,,,,,,,,,,,,,,,,,,,,,,,,,,-99.0,,,,,,-99.0,,,,,,-99.0,,,,
1954,9,1,,,,,,,,,,0.0,,,,,0.0,0.0,,87.08000000000001,71.96,,,,,,,,,,,,,-9999.0,,,,,,-9999.0,,,,,,,,,,
1954,9,2,,,,,,,,,,0.0,,,,,0.0,0.0,,32.0,32.0,,,,,,,,,,,,,-9.0,,,,,,,,,,,,,,,,
1954,9,3,,,,,,,,,,0.0,,,,,0.0,0.0,,82.94,69.08,,,,,,,,,,,,,999.0,,,,,,1.0,,,,,,,,,,
1954,9,4,,,,,,,,,,0.0,,,,,0.0,0.0,,,,,,,,,,,,,,,,-999.0,,,,,,0.0,,,,,,,,,,
1954,9,6,,,,,,,,,,0.0,,,,,0.0,0.0,,77.0,64.94,,,,,,,,,,,,,9999.0,,,,,,1.0,,,,,,,,,,
1954,9,7,,,,,,,,,,0.0,,,,,0.0,0.0,,,,,,,,,,,,,,,,-99.0,,,,,,,,,,,,,,,,
1954,9,8,,,,,,,,,,,,,,,,,,,,,,,,,,,,,,,,99.0,,,,,,99.0,,,,,,,,,,
1954,9,9,,,,,,,,,,0.0,,,,,0.0,0.0,,77.0,64.94,,,,,,,,,,,,,-9999.0,,,,,,1.0,,,,,,,,,,
1954,9,10,,,,,,,,,,0.0,,,,,0.0,0.0,,32.0,32.0,,,,,,,,,,,,,-9.0,,,,,,0.0,,,,,,,,,,
1954,9,11,,,,,,,,,,0.0,,,,,0.0,0.0,,80.06,64.04,,,,,,,,,,,,,999.0,,,,,,1.0,,,,,,,,,,
1954,9,12,,,,,,,,,,0.0,,,,,0.0,0.0,,,,,,,,,,,,,,,,-999.0,,,,,,0.0,,,,,,,,,,
1954,9,14,,,,,,,,,,0.0,,,,,0.0,0.0,,75.02,64.94,,,,,,,,,,,,,9999.0,,,,,,1.0,,,,,,,,,,
1954,9,15,,,,,,,,,,0.0,,,,,0.0,0.0,,,,,,,,,,,,,,,,-99.0,,,,,,0.0,,,,,,,,,,
1954,9,16,,,,,,,,,,,,,,,,,,,,,,,,,,,,,,,,99.0,,,,,,,,,,,,,,,,
1954,9,17,,,,,,,,,,0.0,,,,,0.0,0.0,,75.92,66.02,,,,,,,,,,,,,-9999.0,,,,,,1.0,,,,,,,,,,
1954,9,18,,,,,,,,,,0.0,,,,,0.0,0.0,,32.0,32.0,,,,,,,,,,,,,-9.0,,,,,,,,,,,,,,,,
1954,9,19,,,,,,,,,,0.0,,,,,0.0,0.0,,73.94,60.980000000000004,,,,,,,,,,,,,999.0,,,,,,999.0,,,,,,,,,,
1954,9,20,,,,,,,,,,0.0,,,,,0.0,0.0,,,,,,,,,,,,,,,,-999.0,,,,,,-999.0,,,,,,,,,,
1954,9,21,,,,,,,,,,,,,,,,,,,,,,,,,,,,,,,,,,,,,,9.0,,,,,,,,,,
1954,9,22,,,,,,,,,,0.0,,,,,0.0,0.0,,75.02,60.980000000000004,,,,,,,,,,,,,9999.0,,,,,,1.0,,,,,,,,,,
1954,9,23,,,,,,,,,,0.0,,,,,0.0,0.0,,,,,,,,,,,,,,,,-99.0,,,,,,0.0,,,,,,,,,,
1954,9,24,,,,,,,,,,,,,,,,,,,,,,,,,,,,,,,,99.0,,,,,,,,,,,,,,,,
1954,9,25,,,,,,,,,,0.0,,,,,0.0,0.0,,73.94,62.059999999999995,,,,,,,,,,,,,-9999.0,,,,,,-9999.0,,,,,,,,,,
1954,9,26,,,,,,,,,,0.0,,,,,0.0,0.0,,32.0,32.0,,,,,,,,,,,,,-9.0,,,,,,,,,,,,,,,,
1954,9,27,,,,,,,,,,0.0,,,,,0.0,0.0,,75.92,57.92,,,,,,,,,,,,,999.0,,,,,,1.0,,,,,,,,,,
1954,9,28,,,,,,,,,,0.0,,,,,0.0,0.0,,,,,,,,,,,,,,,,-999.0,,,,,,,,,,,,,,,,
1954,9,29,,,,,,,,,,,,,,,,,,,,,,,,,,,,,,,,,,,,,,9.0,,,,,,,,,,
1954,9,30,,,,,,,,,,0.0,,,,,0.0,0.0,,80.96,59.0,,,,,,,,,,,,,9999.0,,,,,,1.0,,,,,,,,,,
1954,9,31,,,,,,,,,,0.0,,,,,0.0,0.0,,,,,,,,,,,,,,,,,,,,,,0.0,,,,,,,,,,
1954,10,1,,,,,,,,,,0.0,,,,,0.0,0.0,,69.08,62.059999999999995,,,,,,,,,,,,,-9999.0,,,,,,1.0,,,,,,,,,,
1954,10,2,,,,,,,,,,0.0,,,,,0.0,0.0,,32.0,32.0,,,,,,,,,,,,,-9.0,,,,,,,,,,,,,,,,
1954,10,3,,,,,,,,,,0.0,,,,,0.0,0.0,,69.98,60.980000000000004,,,,,,,,,,,,,999.0,,,,,,999.0,,,,,,,,,,
1954,10,4,,,,,,,,,,0.0,,,,,0.0,0.0,,,,,,,,,,,,,,,,-999.0,,,,,,-999.0,,,,,,,,,,
1954,10,6,,,,,,,,,,0.0,,,,,0.0,0.0,,73.04,57.02,,,,,,,,,,,,,9999.0,,,,,,9999.0,,,,,,,,,,
1954,10,7,,,,,,,,,,0.0,,,,,0.0,0.0,,,,,,,,,,,,,,,,-99.0,,,,,,,,,,,,,,,,
1954,10,8,,,,,,,,,,,,,,,,,,,,,,,,,,,,,,,,99.0,,,,,,,,,,,,,,,,
1954,10,9,,,,,,,,,,0.0,,,,,0.0,0.0,,71.06,62.059999999999995,,,,,,,,,,,,,-9999.0,,,,,,-9999.0,,,,,,,,,,
1954,10,10,,,,,,,,,,0.0,,,,,0.0,0.0,,32.0,32.0,,,,,,,,,,,,,-9.0,,,,,,,,,,,,,,,,
1954,10,11,,,,,,,,,,0.0,,,,,0.0,0.0,,71.96,60.08,,,,,,,,,,,,,999.0,,,,,,1.0,,,,,,,,,,
1954,10,12,,,,,,,,,,0.0,,,,,0.0,0.0,,,,,,,,,,,,,,,,,,,,,,0.0,,,,,,,,,,
1954,10,14,,,,,,,,,,0.0,,,,,0.0,0.0,,71.96,57.02,,,,,,,,,,,,,1.0,,,,,,1.0,,,,,,,,,,
1954,10,15,,,,,,,,,,0.0,,,,,0.0,0.0,,,,,,,,,,,,,,,,,,,,,,0.0,,,,,,,,,,
1954,10,17,,,,,,,,,,0.0,,,,,0.0,0.0,,68.0,57.02,,,,,,,,,,,,,1.0,,,,,,1.0,,,,,,,,,,
1954,10,18,,,,,,,,,,0.0,,,,,0.0,0.0,,32.0,32.0,,,,,,,,,,,,,,,,,,,0.0,,,,,,,,,,
1954,10,19,,,,,,,,,,0.0,,,,,0.0,0.0,,66.92,57.92,,,,,,,,,,,,,1.0,,,,,,1.0,,,,,,,,,,
1954,10,20,,,,,,,,,,0.0,,,,,0.0,0.0,,,,,,,,,,,,,,,,,,,,,,0.0,,,,,,,,,,
1954,10,22,,,,,,,,,,0.0,,,,,0.0,0.0,,71.96,57.02,,,,,,,,,,,,,1.0,,,,,,1.0,,,,,,,,,,
1954,10,23,,,,,,,,,,0.0,,,,,0.0,0.0,,,,,,,,,,,,,,,,,,,,,,0.0,,,,,,,,,,
1954,10,25,,,,,,,,,,0.0,,,,,0.0,0.0,,73.94,53.06,,,,,,,,,,,,,1.0,,,,,,1.0,,,,,,,,,,
1954,10,26,,,,,,,,,,0.0,,,,,0.0,0.0,,32.0,32.0,,,,,,,,,,,,,,,,,,,0.0,,,,,,,,,,
1954,10,27,,,,,,,,,,0.0,,,,,0.0,0.0,,78.08,55.94,,,,,,,,,,,,,1.0,,,,,,1.0,,,,,,,,,,
1954,10,28,,,,,,,,,,0.0,,,,,0.0,0.0,,,,,,,,,,,,,,,,,,,,,,,,,,,,,,,,
1954,10,30,,,,,,,,,,0.0,,,,,0.0,0.0,,77.0,57.02,,,,,,,,,,,,,9999.0,,,,,,9999.0,,,,,,,,,,
1954,10,31,,,,,,,,,,0.0,,,,,0.0,0.0,,,,,,,,,,,,,,,,,,,,,,,,,,,,,,,,
1954,11,1,,,,,,,,,,0.0,,,,,0.0,0.0,,69.08,55.04,,,,,,,,,,,,,-9999.0,,,,,,-9999.0,,,,,,-9999.0,,,,
1954,11,2,,,,,,,,,,0.0,,,,,0.0,0.0,,32.0,32.0,,,,,,,,,,,,,-9.0,,,,,,-9.0,,,,,,-9.0,,,,
1954,11,3,,,,,,,,,,0.0,,,,,0.0,0.0,,68.0,57.92,,,,,,,,,,,,,999.0,,,,,,999.0,,,,,,999.0,,,,
1954,11,4,,,,,,,,,,0.0,,,,,0.0,0.0,,,,,,,,,,,,,,,,-999.0,,,,,,-999.0,,,,,,-999.0,,,,
1954,11,5,,,,,,,,,,,,,,,,,,,,,,,,,,,,,,,,,,,,,,9.0,,,,,,,,,,
1954,11,6,,,,,,,,,,0.0,,,,,0.0,0.0,,75.02,51.98,,,,,,,,,,,,,9999.0,,,,,,1.0,,,,,,9999.0,,,,
1954,11,7,,,,,,,,,,0.0,,,,,0.0,0.0,,,,,,,,,,,,,,,,-99.0,,,,,,0.0,,,,,,-99.0,,,,
1954,11,8,,,,,,,,,,,,,,,,,,,,,,,,,,,,,,,,99.0,,,,,,,,,,,,99.0,,,,
1954,11,9,,,,,,,,,,0.0,,,,,0.0,0.0,,78.08,53.96,,,,,,,,,,,,,1.0,,,,,,1.0,,,,,,-9999.0,,,,
1954,11,10,,,,,,,,,,0.0,,,,,0.0,0.0,,32.0,32.0,,,,,,,,,,,,,,,,,,,0.0,,,,,,-9.0,,,,
1954,11,11,,,,,,,,,,0.0,,,,,0.0,0.0,,69.98,53.06,,,,,,,,,,,,,1.0,,,,,,1.0,,,,,,999.0,,,,
1954,11,12,,,,,,,,,,0.0,,,,,0.0,0.0,,,,,,,,,,,,,,,,,,,,,,0.0,,,,,,-999.0,,,,
1954,11,14,,,,,,,,,,0.0,,,,,0.0,0.0,,80.96,53.06,,,,,,,,,,,,,9999.0,,,,,,9999.0,,,,,,9999.0,,,,
1954,11,15,,,,,,,,,,0.0,,,,,0.0,0.0,,,,,,,,,,,,,,,,,,,,,,,,,,,,,,,,
1954,11,17,,,,,,,,,,97.0,,,,,0.0,0.0,,69.98,60.980000000000004,,,,,,,,,,,,,-9999.0,,,,,,-9999.0,,,,,,1.0,,,,
1954,11,18,,,,,,,,,,0.0,,,,,0.0,0.0,,32.0,32.0,,,,,,,,,,,,,-9.0,,,,,,-9.0,,,,,,,,,,
1954,11,19,,,,,,,,,,0.0,,,,,0.0,0.0,,69.98,60.08,,,,,,,,,,,,,999.0,,,,,,999.0,,,,,,999.0,,,,
1954,11,20,,,,,,,,,,0.0,,,,,0.0,0.0,,,,,,,,,,,,,,,,-999.0,,,,,,,,,,,,-999.0,,,,
1954,11,21,,,,,,,,,,,,,,,,,,,,,,,,,,,,,,,,9.0,,,,,,,,,,,,,,,,
1954,11,22,,,,,,,,,,0.0,,,,,0.0,0.0,,73.04,53.06,,,,,,,,,,,,,1.0,,,,,,1.0,,,,,,9999.0,,,,
1954,11,23,,,,,,,,,,0.0,,,,,0.0,0.0,,,,,,,,,,,,,,,,,,,,,,0.0,,,,,,,,,,
1954,11,25,,,,,,,,,,0.0,,,,,0.0,0.0,,69.08,55.04,,,,,,,,,,,,,-9999.0,,,,,,1.0,,,,,,1.0,,,,
1954,11,26,,,,,,,,,,,,,,,0.0,0.0,,32.0,32.0,,,,,,,,,,,,,-9.0,,,,,,,,,,,,,,,,
1954,11,27,,,,,,,,,,0.0,,,,,0.0,0.0,,75.02,51.08,,,,,,,,,,,,,999.0,,,,,,999.0,,,,,,999.0,,,,
1954,11,28,,,,,,,,,,0.0,,,,,0.0,0.0,,,,,,,,,,,,,,,,-999.0,,,,,,-999.0,,,,,,-999.0,,,,
1954,11,30,,,,,,,,,,0.0,,,,,0.0,0.0,,82.94,53.96,,,,,,,,,,,,,9999.0,,,,,,9999.0,,,,,,9999.0,,,,
1954,11,31,,,,,,,,,,0.0,,,,,0.0,0.0,,,,,,,,,,,,,,,,-99.0,,,,,,-99.0,,,,,,-99.0,,,,
1954,12,1,,,,,,,,,,0.0,,,,,0.0,0.0,,69.08,48.92,,,,,,,,,,,,,-9999.0,,,,,,-9999.0,,,,,,-9999.0,,,,
1954,12,2,,,,,,,,,,0.0,,,,,0.0,0.0,,32.0,32.0,,,,,,,,,,,,,-9.0,,,,,,-9.0,,,,,,-9.0,,,,
1954,12,3,,,,,,,,,,0.0,,,,,0.0,0.0,,66.92,51.98,,,,,,,,,,,,,999.0,,,,,,999.0,,,,,,999.0,,,,
1954,12,4,,,,,,,,,,0.0,,,,,0.0,0.0,,,,,,,,,,,,,,,,-999.0,,,,,,-999.0,,,,,,,,,,
1954,12,6,,,,,,,,,,,,,,,0.0,0.0,,68.0,53.06,,,,,,,,,,,,,9999.0,,,,,,9999.0,,,,,,1.0,,,,
1954,12,7,,,,,,,,,,0.0,,,,,0.0,0.0,,,32.0,,,,,,,,,,,,,,,,,,,,,,,,,,,,,
1954,12,8,,,,,,,,,,,,,,,,,,,,,,,,,,,,,,,,,,,,,,,,,,,,99.0,,,,
1954,12,9,,,,,,,,,,0.0,,,,,0.0,0.0,,64.94,51.98,,,,,,,,,,,,,1.0,,,,,,1.0,,,,,,-9999.0,,,,
1954,12,10,,,,,,,,,,0.0,,,,,0.0,0.0,,32.0,32.0,,,,,,,,,,,,,,,,,,,0.0,,,,,,-9.0,,,,
1954,12,11,,,,,,,,,,0.0,,,,,0.0,0.0,,66.92,51.98,,,,,,,,,,,,,1.0,,,,,,1.0,,,,,,999.0,,,,
1954,12,12,,,,,,,,,,0.0,,,,,0.0,0.0,,,,,,,,,,,,,,,,,,,,,,0.0,,,,,,-999.0,,,,
1954,12,13,,,,,,,,,,,,,,,,,,,,,,,,,,,,,,,,,,,,,,,,,,,,9.0,,,,
1954,12,14,,,,,,,,,,137.0,,,,,0.0,0.0,,66.02,55.04,,,,,,,,,,,,,1.0,,,,,,1.0,,,,,,1.0,,,,
1954,12,15,,,,,,,,,,0.0,,,,,0.0,0.0,,,32.0,,,,,,,,,,,,,,,,,,,,,,,,,,,,,
1954,12,16,,,,,,,,,,,,,,,,,,,,,,,,,,,,,,,,99.0,,,,,,99.0,,,,,,,,,,
1954,12,17,,,,,,,,,,0.0,,,,,0.0,0.0,,66.02,44.06,,,,,,,,,,,,,-9999.0,,,,,,-9999.0,,,,,,-9999.0,,,,
1954,12,18,,,,,,,,,,0.0,,,,,0.0,0.0,,32.0,32.0,,,,,,,,,,,,,-9.0,,,,,,-9.0,,,,,,-9.0,,,,
1954,12,19,,,,,,,,,,0.0,,,,,0.0,0.0,,71.96,46.04,,,,,,,,,,,,,999.0,,,,,,999.0,,,,,,999.0,,,,
1954,12,20,,,,,,,,,,0.0,,,,,0.0,0.0,,,,,,,,,,,,,,,,-999.0,,,,,,-999.0,,,,,,-999.0,,,,
1954,12,21,,,,,,,,,,,,,,,,,,,,,,,,,,,,,,,,,,,,,,,,,,,,9.0,,,,
1954,12,22,,,,,,,,,,,,,,,0.0,0.0,,73.94,48.92,,,,,,,,,,,,,9999.0,,,,,,9999.0,,,,,,1.0,,,,
1954,12,23,,,,,,,,,,0.0,,,,,0.0,0.0,,,,,,,,,,,,,,,,,,,,,,,,,,,,,,,,
1954,12,25,,,,,,,,,,0.0,,,,,0.0,0.0,,73.04,51.08,,,,,,,,,,,,,1.0,,,,,,1.0,,,,,,-9999.0,,,,
1954,12,26,,,,,,,,,,0.0,,,,,0.0,0.0,,32.0,32.0,,,,,,,,,,,,,,,,,,,,,,,,,-9.0,,,,
1954,12,27,,,,,,,,,,0.0,,,,,0.0,0.0,,73.04,48.92,,,,,,,,,,,,,999.0,,,,,,999.0,,,,,,999.0,,,,
1954,12,28,,,,,,,,,,0.0,,,,,0.0,0.0,,,,,,,,,,,,,,,,-999.0,,,,,,-999.0,,,,,,-999.0,,,,
1954,12,30,,,,,,,,,,0.0,,,,,0.0,0.0,,80.06,48.02,,,,,,,,,,,,,9999.0,,,,,,9999.0,,,,,,9999.0,,,,
1954,12,31,,,,,,,,,,0.0,,,,,0.0,0.0,,,,,,,,,,,,,,,,-99.0,,,,,,-99.0,,,,,,-99.0,,,,
1955,1,1,,,,,,,,,,104.0,,,,,0.0,0.0,,60.08,51.98,,,,,,,,,,,,,-9999.0,,,,,,-9999.0,,,,,,1.0,,,,
1955,1,2,,,,,,,,,,0.0,,,,,0.0,0.0,,32.0,32.0,,,,,,,,,,,,,-9.0,,,,,,-9.0,,,,,,,,,,
1955,1,3,,,,,,,,,,25.0,,,,,0.0,0.0,,60.08,50.0,,,,,,,,,,,,,999.0,,,,,,999.0,,,,,,1.0,,,,
1955,1,4,,,,,,,,,,0.0,,,,,0.0,0.0,,,,,,,,,,,,,,,,-999.0,,,,,,-999.0,,,,,,,,,,
1955,1,6,,,,,,,,,,10.0,,,,,0.0,0.0,,60.08,44.96,,,,,,,,,,,,,9999.0,,,,,,9999.0,,,,,,1.0,,,,
1955,1,7,,,,,,,,,,0.0,,,,,0.0,0.0,,,32.0,,,,,,,,,,,,,-99.0,,,,,,-99.0,,,,,,,,,,
1955,1,8,,,,,,,,,,,,,,,,,,,,,,,,,,,,,,,,99.0,,,,,,99.0,,,,,,,,,,
1955,1,9,,,,,,,,,,23.0,,,,,0.0,0.0,,57.02,44.96,,,,,,,,,,,,,-9999.0,,,,,,-9999.0,,,,,,1.0,,,,
1955,1,10,,,,,,,,,,0.0,,,,,0.0,0.0,,32.0,32.0,,,,,,,,,,,,,-9.0,,,,,,-9.0,,,,,,,,,,
1955,1,11,,,,,,,,,,3.0,,,,,0.0,0.0,,60.08,44.96,,,,,,,,,,,,,999.0,,,,,,999.0,,,,,,1.0,,,,
1955,1,12,,,,,,,,,,0.0,,,,,0.0,0.0,,,,,,,,,,,,,,,,-999.0,,,,,,-999.0,,,,,,,,,,
1955,1,13,,,,,,,,,,,,,,,,,,,,,,,,,,,,,,,,,,,,,,,,,,,,9.0,,,,
1955,1,14,,,,,,,,,,5.0,,,,,0.0,0.0,,60.08,39.92,,,,,,,,,,,,,9999.0,,,,,,9999.0,,,,,,1.0,,,,
1955,1,15,,,,,,,,,,,,,,,0.0,0.0,,,32.0,,,,,,,,,,,,,,,,,,,-99.0,,,,,,,,,,
1955,1,16,,,,,,,,,,,,,,,,,,,,,,,,,,,,,,,,,,,,,,99.0,,,,,,,,,,
1955,1,17,,,,,,,,,,10.0,,,,,0.0,0.0,,60.980000000000004,46.94,,,,,,,,,,,,,-9999.0,,,,,,-9999.0,,,,,,1.0,,,,
1955,1,18,,,,,,,,,,0.0,,,,,0.0,0.0,,32.0,32.0,,,,,,,,,,,,,-9.0,,,,,,-9.0,,,,,,,,,,
1955,1,19,,,,,,,,,,0.0,,,,,0.0,0.0,,62.959999999999994,41.0,,,,,,,,,,,,,999.0,,,,,,999.0,,,,,,999.0,,,,
1955,1,20,,,,,,,,,,0.0,,,,,0.0,0.0,,,,,,,,,,,,,,,,-999.0,,,,,,-999.0,,,,,,-999.0,,,,
1955,1,22,,,,,,,,,,0.0,,,,,0.0,0.0,,62.059999999999995,42.980000000000004,,,,,,,,,,,,,9999.0,,,,,,9999.0,,,,,,9999.0,,,,
1955,1,23,,,,,,,,,,0.0,,,,,0.0,0.0,,,32.0,,,,,,,,,,,,,-99.0,,,,,,-99.0,,,,,,,,,,
1955,1,24,,,,,,,,,,,,,,,,,,,,,,,,,,,,,,,,99.0,,,,,,99.0,,,,,,,,,,
1955,1,25,,,,,,,,,,91.0,,,,,0.0,0.0,,57.02,48.02,,,,,,,,,,,,,1.0,,,,,,-9999.0,,,,,,1.0,,,,
1955,1,26,,,,,,,,,,0.0,,,,,0.0,0.0,,32.0,32.0,,,,,,,,,,,,,,,,,,,-9.0,,,,,,,,,,
1955,1,27,,,,,,,,,,0.0,,,,,0.0,0.0,,60.08,39.92,,,,,,,,,,,,,999.0,,,,,,999.0,,,,,,999.0,,,,
1955,1,28,,,,,,,,,,,,,,,0.0,0.0,,,,,,,,,,,,,,,,,,,,,,-999.0,,,,,,,,,,
1955,1,30,,,,,,,,,,30.0,,,,,0.0,0.0,,57.92,44.96,,,,,,,,,,,,,9999.0,,,,,,9999.0,,,,,,1.0,,,,
1955,1,31,,,,,,,,,,0.0,,,,,0.0,0.0,,,32.0,,,,,,,,,,,,,-99.0,,,,,,-99.0,,,,,,,,,,
1955,2,1,,,,,,,,,,0.0,,,,,0.0,0.0,,62.059999999999995,51.98,,,,,,,,,,,,,-9999.0,,,,,,-9999.0,,,,,,1.0,,,,
1955,2,2,,,,,,,,,,,,,,,0.0,0.0,,32.0,32.0,,,,,,,,,,,,,-9.0,,,,,,-9.0,,,,,,,,,,
1955,2,3,,,,,,,,,,,,,,,0.0,0.0,,57.92,44.96,,,,,,,,,,,,,999.0,,,,,,999.0,,,,,,1.0,,,,
1955,2,4,,,,,,,,,,0.0,,,,,0.0,0.0,,,,,,,,,,,,,,,,-999.0,,,,,,-999.0,,,,,,,,,,
1955,2,6,,,,,,,,,,0.0,,,,,0.0,0.0,,60.08,37.94,,,,,,,,,,,,,9999.0,,,,,,9999.0,,,,,,9999.0,,,,
1955,2,7,,,,,,,,,,0.0,,,,,0.0,0.0,,,32.0,,,,,,,,,,,,,-99.0,,,,,,-99.0,,,,,,-99.0,,,,
1955,2,8,,,,,,,,,,,,,,,,,,,,,,,,,,,,,,,,99.0,,,,,,99.0,,,,,,99.0,,,,
1955,2,9,,,,,,,,,,0.0,,,,,0.0,0.0,,62.959999999999994,39.02,,,,,,,,,,,,,-9999.0,,,,,,-9999.0,,,,,,-9999.0,,,,
1955,2,10,,,,,,,,,,0.0,,,,,0.0,0.0,,32.0,32.0,,,,,,,,,,,,,-9.0,,,,,,-9.0,,,,,,-9.0,,,,
1955,2,11,,,,,,,,,,0.0,,,,,0.0,0.0,,66.92,42.08,,,,,,,,,,,,,999.0,,,,,,999.0,,,,,,999.0,,,,
1955,2,12,,,,,,,,,,0.0,,,,,0.0,0.0,,,,,,,,,,,,,,,,-999.0,,,,,,,,,,,,-999.0,,,,
1955,2,13,,,,,,,,,,,,,,,,,,,,,,,,,,,,,,,,9.0,,,,,,,,,,,,,,,,
1955,2,14,,,,,,,,,,0.0,,,,,0.0,0.0,,64.94,44.96,,,,,,,,,,,,,1.0,,,,,,1.0,,,,,,9999.0,,,,
1955,2,15,,,,,,,,,,0.0,,,,,0.0,0.0,,,32.0,,,,,,,,,,,,,,,,,,,0.0,,,,,,-99.0,,,,
1955,2,16,,,,,,,,,,,,,,,,,,,,,,,,,,,,,,,,,,,,,,,,,,,,99.0,,,,
1955,2,17,,,,,,,,,,0.0,,,,,0.0,0.0,,78.98,46.94,,,,,,,,,,,,,-9999.0,,,,,,-9999.0,,,,,,-9999.0,,,,
1955,2,18,,,,,,,,,,0.0,,,,,0.0,0.0,,32.0,32.0,,,,,,,,,,,,,-9.0,,,,,,,,,,,,-9.0,,,,
1955,2,19,,,,,,,,,,0.0,,,,,0.0,0.0,,71.96,48.02,,,,,,,,,,,,,999.0,,,,,,1.0,,,,,,999.0,,,,
1955,2,20,,,,,,,,,,0.0,,,,,0.0,0.0,,,,,,,,,,,,,,,,-999.0,,,,,,0.0,,,,,,-999.0,,,,
1955,2,22,,,,,,,,,,0.0,,,,,0.0,0.0,,75.02,50.0,,,,,,,,,,,,,9999.0,,,,,,1.0,,,,,,9999.0,,,,
1955,2,23,,,,,,,,,,0.0,,,,,0.0,0.0,,,,,,,,,,,,,,,,-99.0,,,,,,0.0,,,,,,-99.0,,,,
1955,2,24,,,,,,,,,,,,,,,,,,,,,,,,,,,,,,,,99.0,,,,,,,,,,,,99.0,,,,
1955,2,25,,,,,,,,,,20.0,,,,,0.0,0.0,,64.94,55.04,,,,,,,,,,,,,1.0,,,,,,1.0,,,,,,1.0,,,,
1955,2,26,,,,,,,,,,0.0,,,,,0.0,0.0,,32.0,32.0,,,,,,,,,,,,,,,,,,,,,,,,,,,,,
1955,2,27,,,,,,,,,,43.0,,,,,0.0,0.0,,60.980000000000004,55.94,,,,,,,,,,,,,1.0,,,,,,999.0,,,,,,1.0,,,,
1955,2,28,,,,,,,,,,,,,,,0.0,0.0,,,,,,,,,,,,,,,,0.0,,,,,,-999.0,,,,,,,,,,
1955,2,30,,,,,,,,,,0.0,,,,,0.0,0.0,,59.0,37.94,,,,,,,,,,,,,9999.0,,,,,,9999.0,,,,,,9999.0,,,,
1955,2,31,,,,,,,,,,0.0,,,,,0.0,0.0,,,32.0,,,,,,,,,,,,,-99.0,,,,,,-99.0,,,,,,-99.0,,,,
1955,3,1,,,,,,,,,,0.0,,,,,0.0,0.0,,64.04,44.06,,,,,,,,,,,,,-9999.0,,,,,,-9999.0,,,,,,-9999.0,,,,
1955,3,2,,,,,,,,,,0.0,,,,,0.0,0.0,,32.0,32.0,,,,,,,,,,,,,-9.0,,,,,,,,,,,,-9.0,,,,
1955,3,3,,,,,,,,,,0.0,,,,,0.0,0.0,,62.059999999999995,46.94,,,,,,,,,,,,,999.0,,,,,,1.0,,,,,,999.0,,,,
1955,3,4,,,,,,,,,,0.0,,,,,0.0,0.0,,,,,,,,,,,,,,,,-999.0,,,,,,,,,,,,-999.0,,,,
1955,3,6,,,,,,,,,,0.0,,,,,0.0,0.0,,62.959999999999994,51.08,,,,,,,,,,,,,9999.0,,,,,,9999.0,,,,,,9999.0,,,,
1955,3,7,,,,,,,,,,0.0,,,,,0.0,0.0,,,,,,,,,,,,,,,,-99.0,,,,,,,,,,,,-99.0,,,,
1955,3,8,,,,,,,,,,,,,,,,,,,,,,,,,,,,,,,,99.0,,,,,,,,,,,,99.0,,,,
1955,3,9,,,,,,,,,,0.0,,,,,0.0,0.0,,78.08,48.02,,,,,,,,,,,,,-9999.0,,,,,,1.0,,,,,,-9999.0,,,,
1955,3,10,,,,,,,,,,0.0,,,,,0.0,0.0,,32.0,32.0,,,,,,,,,,,,,-9.0,,,,,,,,,,,,-9.0,,,,
1955,3,11,,,,,,,,,,0.0,,,,,0.0,0.0,,80.96,51.08,,,,,,,,,,,,,999.0,,,,,,999.0,,,,,,999.0,,,,
1955,3,12,,,,,,,,,,0.0,,,,,0.0,0.0,,,,,,,,,,,,,,,,-999.0,,,,,,-999.0,,,,,,-999.0,,,,
1955,3,14,,,,,,,,,,0.0,,,,,0.0,0.0,,66.02,53.96,,,,,,,,,,,,,9999.0,,,,,,9999.0,,,,,,9999.0,,,,
1955,3,15,,,,,,,,,,0.0,,,,,0.0,0.0,,,,,,,,,,,,,,,,-99.0,,,,,,-99.0,,,,,,,,,,
1955,3,16,,,,,,,,,,,,,,,,,,,,,,,,,,,,,,,,99.0,,,,,,99.0,,,,,,,,,,
1955,3,17,,,,,,,,,,51.0,,,,,0.0,0.0,,66.02,55.94,,,,,,,,,,,,,-9999.0,,,,,,-9999.0,,,,,,1.0,,,,
1955,3,18,,,,,,,,,,0.0,,,,,0.0,0.0,,32.0,32.0,,,,,,,,,,,,,-9.0,,,,,,-9.0,,,,,,,,,,
1955,3,19,,,,,,,,,,0.0,,,,,0.0,0.0,,64.94,53.06,,,,,,,,,,,,,999.0,,,,,,999.0,,,,,,999.0,,,,
1955,3,20,,,,,,,,,,0.0,,,,,0.0,0.0,,,,,,,,,,,,,,,,-999.0,,,,,,-999.0,,,,,,-999.0,,,,
1955,3,22,,,,,,,,,,0.0,,,,,0.0,0.0,,64.94,55.94,,,,,,,,,,,,,9999.0,,,,,,9999.0,,,,,,9999.0,,,,
1955,3,23,,,,,,,,,,0.0,,,,,0.0,0.0,,,,,,,,,,,,,,,,-99.0,,,,,,-99.0,,,,,,-99.0,,,,
1955,3,24,,,,,,,,,,,,,,,,,,,,,,,,,,,,,,,,99.0,,,,,,99.0,,,,,,99.0,,,,
1955,3,25,,,,,,,,,,0.0,,,,,0.0,0.0,,60.980000000000004,51.08,,,,,,,,,,,,,-9999.0,,,,,,-9999.0,,,,,,-9999.0,,,,
1955,3,26,,,,,,,,,,0.0,,,,,0.0,0.0,,32.0,32.0,,,,,,,,,,,,,-9.0,,,,,,-9.0,,,,,,-9.0,,,,
1955,3,27,,,,,,,,,,0.0,,,,,0.0,0.0,,64.94,46.04,,,,,,,,,,,,,999.0,,,,,,999.0,,,,,,999.0,,,,
1955,3,28,,,,,,,,,,0.0,,,,,0.0,0.0,,,,,,,,,,,,,,,,-999.0,,,,,,-999.0,,,,,,-999.0,,,,
1955,3,30,,,,,,,,,,0.0,,,,,0.0,0.0,,64.94,46.94,,,,,,,,,,,,,9999.0,,,,,,9999.0,,,,,,9999.0,,,,
1955,3,31,,,,,,,,,,0.0,,,,,0.0,0.0,,,,,,,,,,,,,,,,-99.0,,,,,,-99.0,,,,,,,,,,
1955,4,1,,,,,,,,,,0.0,,,,,0.0,0.0,,75.92,53.96,,,,,,,,,,,,,-9999.0,,,,,,-9999.0,,,,,,-9999.0,,,,
1955,4,2,,,,,,,,,,0.0,,,,,0.0,0.0,,32.0,32.0,,,,,,,,,,,,,-9.0,,,,,,-9.0,,,,,,-9.0,,,,
1955,4,3,,,,,,,,,,0.0,,,,,0.0,0.0,,64.94,53.06,,,,,,,,,,,,,999.0,,,,,,999.0,,,,,,999.0,,,,
1955,4,4,,,,,,,,,,0.0,,,,,0.0,0.0,,,,,,,,,,,,,,,,-999.0,,,,,,-999.0,,,,,,-999.0,,,,
1955,4,5,,,,,,,,,,,,,,,,,,,,,,,,,,,,,,,,,,,,,,,,,,,,9.0,,,,
1955,4,6,,,,,,,,,,3.0,,,,,0.0,0.0,,62.959999999999994,50.0,,,,,,,,,,,,,9999.0,,,,,,9999.0,,,,,,1.0,,,,
1955,4,7,,,,,,,,,,0.0,,,,,0.0,0.0,,,32.0,,,,,,,,,,,,,-99.0,,,,,,-99.0,,,,,,,,,,
1955,4,8,,,,,,,,,,,,,,,,,,,,,,,,,,,,,,,,99.0,,,,,,99.0,,,,,,99.0,,,,
1955,4,9,,,,,,,,,,0.0,,,,,0.0,0.0,,71.06,48.02,,,,,,,,,,,,,-9999.0,,,,,,-9999.0,,,,,,-9999.0,,,,
1955,4,10,,,,,,,,,,0.0,,,,,0.0,0.0,,32.0,32.0,,,,,,,,,,,,,-9.0,,,,,,-9.0,,,,,,-9.0,,,,
1955,4,11,,,,,,,,,,0.0,,,,,0.0,0.0,,69.08,50.0,,,,,,,,,,,,,999.0,,,,,,999.0,,,,,,999.0,,,,
1955,4,12,,,,,,,,,,0.0,,,,,0.0,0.0,,,,,,,,,,,,,,,,,,,,,,-999.0,,,,,,-999.0,,,,
1955,4,13,,,,,,,,,,,,,,,,,,,,,,,,,,,,,,,,,,,,,,9.0,,,,,,,,,,
1955,4,14,,,,,,,,,,0.0,,,,,0.0,0.0,,73.94,51.08,,,,,,,,,,,,,1.0,,,,,,1.0,,,,,,9999.0,,,,
1955,4,15,,,,,,,,,,0.0,,,,,0.0,0.0,,,,,,,,,,,,,,,,,,,,,,,,,,,,-99.0,,,,
1955,4,16,,,,,,,,,,,,,,,,,,,,,,,,,,,,,,,,,,,,,,99.0,,,,,,99.0,,,,
1955,4,17,,,,,,,,,,0.0,,,,,0.0,0.0,,71.06,53.06,,,,,,,,,,,,,1.0,,,,,,1.0,,,,,,-9999.0,,,,
1955,4,18,,,,,,,,,,0.0,,,,,0.0,0.0,,32.0,32.0,,,,,,,,,,,,,,,,,,,,,,,,,-9.0,,,,
1955,4,19,,,,,,,,,,0.0,,,,,0.0,0.0,,82.04,51.98,,,,,,,,,,,,,999.0,,,,,,999.0,,,,,,999.0,,,,
1955,4,20,,,,,,,,,,0.0,,,,,0.0,0.0,,,,,,,,,,,,,,,,-999.0,,,,,,-999.0,,,,,,-999.0,,,,
1955,4,21,,,,,,,,,,,,,,,,,,,,,,,,,,,,,,,,,,,,,,9.0,,,,,,,,,,
1955,4,22,,,,,,,,,,0.0,,,,,0.0,0.0,,69.98,53.96,,,,,,,,,,,,,9999.0,,,,,,1.0,,,,,,9999.0,,,,
1955,4,23,,,,,,,,,,0.0,,,,,0.0,0.0,,,,,,,,,,,,,,,,,,,,,,,,,,,,-99.0,,,,
1955,4,24,,,,,,,,,,,,,,,,,,,,,,,,,,,,,,,,,,,,,,99.0,,,,,,99.0,,,,
1955,4,25,,,,,,,,,,0.0,,,,,0.0,0.0,,69.98,51.08,,,,,,,,,,,,,-9999.0,,,,,,1.0,,,,,,-9999.0,,,,
1955,4,26,,,,,,,,,,0.0,,,,,0.0,0.0,,32.0,32.0,,,,,,,,,,,,,-9.0,,,,,,,,,,,,-9.0,,,,
1955,4,27,,,,,,,,,,0.0,,,,,0.0,0.0,,64.94,55.04,,,,,,,,,,,,,999.0,,,,,,999.0,,,,,,999.0,,,,
1955,4,28,,,,,,,,,,,,,,,0.0,0.0,,,,,,,,,,,,,,,,-999.0,,,,,,-999.0,,,,,,,,,,
1955,4,30,,,,,,,,,,0.0,,,,,0.0,0.0,,64.04,48.02,,,,,,,,,,,,,9999.0,,,,,,9999.0,,,,,,9999.0,,,,
1955,4,31,,,,,,,,,,0.0,,,,,0.0,0.0,,,32.0,,,,,,,,,,,,,-99.0,,,,,,-99.0,,,,,,-99.0,,,,
1955,5,1,,,,,,,,,,69.0,,,,,0.0,0.0,,62.959999999999994,51.08,,,,,,,,,,,,,-9999.0,,,,,,-9999.0,,,,,,1.0,,,,
1955,5,2,,,,,,,,,,0.0,,,,,0.0,0.0,,32.0,32.0,,,,,,,,,,,,,-9.0,,,,,,-9.0,,,,,,,,,,
1955,5,3,,,,,,,,,,30.0,,,,,0.0,0.0,,62.959999999999994,51.98,,,,,,,,,,,,,999.0,,,,,,999.0,,,,,,1.0,,,,
1955,5,4,,,,,,,,,,0.0,,,,,0.0,0.0,,,,,,,,,,,,,,,,-999.0,,,,,,-999.0,,,,,,,,,,
1955,5,6,,,,,,,,,,0.0,,,,,0.0,0.0,,66.02,53.96,,,,,,,,,,,,,9999.0,,,,,,9999.0,,,,,,9999.0,,,,
1955,5,7,,,,,,,,,,0.0,,,,,0.0,0.0,,,,,,,,,,,,,,,,-99.0,,,,,,-99.0,,,,,,-99.0,,,,
1955,5,8,,,,,,,,,,,,,,,,,,,,,,,,,,,,,,,,99.0,,,,,,99.0,,,,,,99.0,,,,
1955,5,9,,,,,,,,,,0.0,,,,,0.0,0.0,,69.08,55.04,,,,,,,,,,,,,-9999.0,,,,,,-9999.0,,,,,,-9999.0,,,,
1955,5,10,,,,,,,,,,0.0,,,,,0.0,0.0,,32.0,32.0,,,,,,,,,,,,,-9.0,,,,,,-9.0,,,,,,,,,,
1955,5,11,,,,,,,,,,20.0,,,,,0.0,0.0,,66.92,55.94,,,,,,,,,,,,,999.0,,,,,,999.0,,,,,,1.0,,,,
1955,5,12,,,,,,,,,,0.0,,,,,0.0,0.0,,,,,,,,,,,,,,,,-999.0,,,,,,-999.0,,,,,,,,,,
1955,5,14,,,,,,,,,,0.0,,,,,0.0,0.0,,68.0,57.02,,,,,,,,,,,,,9999.0,,,,,,9999.0,,,,,,9999.0,,,,
1955,5,15,,,,,,,,,,0.0,,,,,0.0,0.0,,,,,,,,,,,,,,,,-99.0,,,,,,,,,,,,-99.0,,,,
1955,5,16,,,,,,,,,,,,,,,,,,,,,,,,,,,,,,,,99.0,,,,,,,,,,,,99.0,,,,
1955,5,17,,,,,,,,,,0.0,,,,,0.0,0.0,,68.0,57.92,,,,,,,,,,,,,1.0,,,,,,1.0,,,,,,-9999.0,,,,
1955,5,18,,,,,,,,,,0.0,,,,,0.0,0.0,,32.0,32.0,,,,,,,,,,,,,,,,,,,0.0,,,,,,-9.0,,,,
1955,5,19,,,,,,,,,,0.0,,,,,0.0,0.0,,68.0,57.02,,,,,,,,,,,,,1.0,,,,,,1.0,,,,,,999.0,,,,
1955,5,20,,,,,,,,,,0.0,,,,,0.0,0.0,,,,,,,,,,,,,,,,,,,,,,0.0,,,,,,,,,,
1955,5,22,,,,,,,,,,0.0,,,,,0.0,0.0,,64.94,55.04,,,,,,,,,,,,,9999.0,,,,,,9999.0,,,,,,9999.0,,,,
1955,5,23,,,,,,,,,,0.0,,,,,0.0,0.0,,,,,,,,,,,,,,,,-99.0,,,,,,-99.0,,,,,,-99.0,,,,
1955,5,24,,,,,,,,,,,,,,,,,,,,,,,,,,,,,,,,99.0,,,,,,99.0,,,,,,99.0,,,,
1955,5,25,,,,,,,,,,0.0,,,,,0.0,0.0,,69.08,51.08,,,,,,,,,,,,,-9999.0,,,,,,-9999.0,,,,,,-9999.0,,,,
1955,5,26,,,,,,,,,,0.0,,,,,0.0,0.0,,32.0,32.0,,,,,,,,,,,,,-9.0,,,,,,-9.0,,,,,,-9.0,,,,
1955,5,27,,,,,,,,,,0.0,,,,,0.0,0.0,,69.98,55.04,,,,,,,,,,,,,999.0,,,,,,999.0,,,,,,999.0,,,,
1955,5,28,,,,,,,,,,0.0,,,,,0.0,0.0,,,,,,,,,,,,,,,,-999.0,,,,,,-999.0,,,,,,-999.0,,,,
1955,5,30,,,,,,,,,,0.0,,,,,0.0,0.0,,80.06,59.0,,,,,,,,,,,,,9999.0,,,,,,9999.0,,,,,,9999.0,,,,
1955,5,31,,,,,,,,,,0.0,,,,,0.0,0.0,,,,,,,,,,,,,,,,-99.0,,,,,,-99.0,,,,,,-99.0,,,,
1955,6,1,,,,,,,,,,0.0,,,,,0.0,0.0,,66.02,55.04,,,,,,,,,,,,,-9999.0,,,,,,-9999.0,,,,,,-9999.0,,,,
1955,6,2,,,,,,,,,,0.0,,,,,0.0,0.0,,32.0,32.0,,,,,,,,,,,,,-9.0,,,,,,-9.0,,,,,,-9.0,,,,
1955,6,3,,,,,,,,,,0.0,,,,,0.0,0.0,,69.08,57.02,,,,,,,,,,,,,999.0,,,,,,999.0,,,,,,999.0,,,,
1955,6,4,,,,,,,,,,0.0,,,,,0.0,0.0,,,,,,,,,,,,,,,,-999.0,,,,,,,,,,,,-999.0,,,,
1955,6,5,,,,,,,,,,,,,,,,,,,,,,,,,,,,,,,,9.0,,,,,,,,,,,,,,,,
1955,6,6,,,,,,,,,,0.0,,,,,0.0,0.0,,71.06,59.0,,,,,,,,,,,,,1.0,,,,,,1.0,,,,,,9999.0,,,,
1955,6,7,,,,,,,,,,0.0,,,,,0.0,0.0,,,,,,,,,,,,,,,,,,,,,,,,,,,,-99.0,,,,
1955,6,8,,,,,,,,,,,,,,,,,,,,,,,,,,,,,,,,99.0,,,,,,99.0,,,,,,99.0,,,,
1955,6,9,,,,,,,,,,0.0,,,,,0.0,0.0,,71.06,60.08,,,,,,,,,,,,,-9999.0,,,,,,-9999.0,,,,,,-9999.0,,,,
1955,6,10,,,,,,,,,,0.0,,,,,0.0,0.0,,32.0,32.0,,,,,,,,,,,,,-9.0,,,,,,,,,,,,-9.0,,,,
1955,6,11,,,,,,,,,,0.0,,,,,0.0,0.0,,71.06,60.980000000000004,,,,,,,,,,,,,999.0,,,,,,1.0,,,,,,999.0,,,,
1955,6,12,,,,,,,,,,0.0,,,,,0.0,0.0,,,,,,,,,,,,,,,,,,,,,,0.0,,,,,,-999.0,,,,
1955,6,13,,,,,,,,,,,,,,,,,,,,,,,,,,,,,,,,,,,,,,,,,,,,9.0,,,,
1955,6,14,,,,,,,,,,,,,,,0.0,0.0,,69.08,57.92,,,,,,,,,,,,,1.0,,,,,,1.0,,,,,,1.0,,,,
1955,6,15,,,,,,,,,,0.0,,,,,0.0,0.0,,,,,,,,,,,,,,,,,,,,,,,,,,,,,,,,
1955,6,16,,,,,,,,,,,,,,,,,,,,,,,,,,,,,,,,99.0,,,,,,99.0,,,,,,,,,,
1955,6,17,,,,,,,,,,0.0,,,,,0.0,0.0,,68.0,59.0,,,,,,,,,,,,,-9999.0,,,,,,-9999.0,,,,,,-9999.0,,,,
1955,6,18,,,,,,,,,,0.0,,,,,0.0,0.0,,32.0,32.0,,,,,,,,,,,,,-9.0,,,,,,-9.0,,,,,,-9.0,,,,
1955,6,19,,,,,,,,,,0.0,,,,,0.0,0.0,,68.0,60.08,,,,,,,,,,,,,999.0,,,,,,999.0,,,,,,999.0,,,,
1955,6,20,,,,,,,,,,0.0,,,,,0.0,0.0,,,,,,,,,,,,,,,,-999.0,,,,,,-999.0,,,,,,-999.0,,,,
1955,6,22,,,,,,,,,,0.0,,,,,0.0,0.0,,69.98,60.08,,,,,,,,,,,,,9999.0,,,,,,9999.0,,,,,,9999.0,,,,
1955,6,23,,,,,,,,,,0.0,,,,,0.0,0.0,,,,,,,,,,,,,,,,-99.0,,,,,,-99.0,,,,,,,,,,
1955,6,24,,,,,,,,,,,,,,,,,,,,,,,,,,,,,,,,99.0,,,,,,99.0,,,,,,,,,,
1955,6,25,,,,,,,,,,0.0,,,,,0.0,0.0,,71.06,60.08,,,,,,,,,,,,,-9999.0,,,,,,-9999.0,,,,,,-9999.0,,,,
1955,6,26,,,,,,,,,,0.0,,,,,0.0,0.0,,32.0,32.0,,,,,,,,,,,,,-9.0,,,,,,-9.0,,,,,,-9.0,,,,
1955,6,27,,,,,,,,,,0.0,,,,,0.0,0.0,,71.06,59.0,,,,,,,,,,,,,999.0,,,,,,999.0,,,,,,999.0,,,,
1955,6,28,,,,,,,,,,0.0,,,,,0.0,0.0,,,,,,,,,,,,,,,,,,,,,,,,,,,,,,,,
1955,6,30,,,,,,,,,,0.0,,,,,0.0,0.0,,71.06,57.92,,,,,,,,,,,,,9999.0,,,,,,1.0,,,,,,9999.0,,,,
1955,6,31,,,,,,,,,,0.0,,,,,0.0,0.0,,,,,,,,,,,,,,,,-99.0,,,,,,0.0,,,,,,-99.0,,,,
1955,7,1,,,,,,,,,,0.0,,,,,0.0,0.0,,69.08,60.980000000000004,,,,,,,,,,,,,,,,,,,-9999.0,,,,,,-9999.0,,,,
1955,7,2,,,,,,,,,,0.0,,,,,0.0,0.0,,32.0,32.0,,,,,,,,,,,,,,,,,,,-9.0,,,,,,-9.0,,,,
1955,7,3,,,,,,,,,,0.0,,,,,0.0,0.0,,69.98,62.059999999999995,,,,,,,,,,,,,,,,,,,999.0,,,,,,999.0,,,,
1955,7,4,,,,,,,,,,0.0,,,,,0.0,0.0,,,,,,,,,,,,,,,,,,,,,,-999.0,,,,,,,,,,
1955,7,5,,,,,,,,,,,,,,,,,,,,,,,,,,,,,,,,,,,,,,9.0,,,,,,,,,,
1955,7,6,,,,,,,,,,0.0,,,,,0.0,0.0,,69.98,60.08,,,,,,,,,,,,,,,,,,,1.0,,,,,,9999.0,,,,
1955,7,7,,,,,,,,,,0.0,,,,,0.0,0.0,,,,,,,,,,,,,,,,,,,,,,,,,,,,-99.0,,,,
1955,7,8,,,,,,,,,,,,,,,,,,,,,,,,,,,,,,,,,,,,,,99.0,,,,,,99.0,,,,
1955,7,9,,,,,,,,,,0.0,,,,,0.0,0.0,,73.94,60.08,,,,,,,,,,,,,,,,,,,1.0,,,,,,-9999.0,,,,
1955,7,10,,,,,,,,,,0.0,,,,,0.0,0.0,,32.0,32.0,,,,,,,,,,,,,,,,,,,0.0,,,,,,-9.0,,,,
1955,7,11,,,,,,,,,,0.0,,,,,0.0,0.0,,71.06,60.08,,,,,,,,,,,,,,,,,,,1.0,,,,,,999.0,,,,
1955,7,12,,,,,,,,,,0.0,,,,,0.0,0.0,,,,,,,,,,,,,,,,,,,,,,0.0,,,,,,-999.0,,,,
1955,7,14,,,,,,,,,,0.0,,,,,0.0,0.0,,71.06,60.08,,,,,,,,,,,,,,,,,,,1.0,,,,,,9999.0,,,,
1955,7,15,,,,,,,,,,0.0,,,,,0.0,0.0,,,,,,,,,,,,,,,,,,,,,,,,,,,,-99.0,,,,
1955,7,16,,,,,,,,,,,,,,,,,,,,,,,,,,,,,,,,,,,,,,99.0,,,,,,99.0,,,,
1955,7,17,,,,,,,,,,0.0,,,,,0.0,0.0,,69.08,62.959999999999994,,,,,,,,,,,,,,,,,,,-9999.0,,,,,,-9999.0,,,,
1955,7,18,,,,,,,,,,0.0,,,,,0.0,0.0,,32.0,32.0,,,,,,,,,,,,,,,,,,,,,,,,,-9.0,,,,
1955,7,19,,,,,,,,,,0.0,,,,,0.0,0.0,,73.04,60.980000000000004,,,,,,,,,,,,,,,,,,,1.0,,,,,,999.0,,,,
1955,7,20,,,,,,,,,,0.0,,,,,0.0,0.0,,,,,,,,,,,,,,,,,,,,,,0.0,,,,,,-999.0,,,,
1955,7,22,,,,,,,,,,0.0,,,,,0.0,0.0,,78.08,64.94,,,,,,,,,,,,,,,,,,,9999.0,,,,,,9999.0,,,,
1955,7,23,,,,,,,,,,0.0,,,,,0.0,0.0,,,,,,,,,,,,,,,,,,,,,,,,,,,,-99.0,,,,
1955,7,24,,,,,,,,,,,,,,,,,,,,,,,,,,,,,,,,,,,,,,,,,,,,99.0,,,,
1955,7,25,,,,,,,,,,0.0,,,,,0.0,0.0,,77.0,64.94,,,,,,,,,,,,,,,,,,,-9999.0,,,,,,-9999.0,,,,
1955,7,26,,,,,,,,,,0.0,,,,,0.0,0.0,,32.0,32.0,,,,,,,,,,,,,,,,,,,,,,,,,-9.0,,,,
1955,7,27,,,,,,,,,,0.0,,,,,0.0,0.0,,71.96,62.059999999999995,,,,,,,,,,,,,,,,,,,1.0,,,,,,999.0,,,,
1955,7,28,,,,,,,,,,0.0,,,,,0.0,0.0,,,,,,,,,,,,,,,,,,,,,,0.0,,,,,,,,,,
1955,7,30,,,,,,,,,,,,,,,0.0,0.0,,77.0,69.08,,,,,,,,,,,,,,,,,,,1.0,,,,,,1.0,,,,
1955,7,31,,,,,,,,,,0.0,,,,,0.0,0.0,,,,,,,,,,,,,,,,,,,,,,,,,,,,,,,,
1955,8,1,,,,,,,,,,0.0,,,,,0.0,0.0,,75.02,64.04,,,,,,,,,,,,,-9999.0,,,,,,-9999.0,,,,,,-9999.0,,,,
1955,8,2,,,,,,,,,,0.0,,,,,0.0,0.0,,32.0,32.0,,,,,,,,,,,,,-9.0,,,,,,,,,,,,-9.0,,,,
1955,8,3,,,,,,,,,,0.0,,,,,0.0,0.0,,80.96,66.02,,,,,,,,,,,,,999.0,,,,,,1.0,,,,,,999.0,,,,
1955,8,4,,,,,,,,,,0.0,,,,,0.0,0.0,,,,,,,,,,,,,,,,-999.0,,,,,,,,,,,,,,,,
1955,8,6,,,,,,,,,,0.0,,,,,0.0,0.0,,80.96,66.02,,,,,,,,,,,,,9999.0,,,,,,9999.0,,,,,,9999.0,,,,
1955,8,7,,,,,,,,,,0.0,,,,,0.0,0.0,,,,,,,,,,,,,,,,-99.0,,,,,,-99.0,,,,,,-99.0,,,,
1955,8,8,,,,,,,,,,,,,,,,,,,,,,,,,,,,,,,,99.0,,,,,,99.0,,,,,,99.0,,,,
1955,8,9,,,,,,,,,,0.0,,,,,0.0,0.0,,82.04,68.0,,,,,,,,,,,,,-9999.0,,,,,,-9999.0,,,,,,-9999.0,,,,
1955,8,10,,,,,,,,,,0.0,,,,,0.0,0.0,,32.0,32.0,,,,,,,,,,,,,-9.0,,,,,,-9.0,,,,,,-9.0,,,,
1955,8,11,,,,,,,,,,0.0,,,,,0.0,0.0,,75.92,66.92,,,,,,,,,,,,,999.0,,,,,,999.0,,,,,,999.0,,,,
1955,8,12,,,,,,,,,,0.0,,,,,0.0,0.0,,,,,,,,,,,,,,,,-999.0,,,,,,,,,,,,-999.0,,,,
1955,8,14,,,,,,,,,,0.0,,,,,0.0,0.0,,78.98,66.92,,,,,,,,,,,,,9999.0,,,,,,1.0,,,,,,9999.0,,,,
1955,8,15,,,,,,,,,,0.0,,,,,0.0,0.0,,,,,,,,,,,,,,,,-99.0,,,,,,0.0,,,,,,-99.0,,,,
1955,8,16,,,,,,,,,,,,,,,,,,,,,,,,,,,,,,,,99.0,,,,,,,,,,,,99.0,,,,
1955,8,17,,,,,,,,,,0.0,,,,,0.0,0.0,,78.08,69.08,,,,,,,,,,,,,-9999.0,,,,,,-9999.0,,,,,,1.0,,,,
1955,8,18,,,,,,,,,,,,,,,0.0,0.0,,32.0,32.0,,,,,,,,,,,,,-9.0,,,,,,,,,,,,,,,,
1955,8,19,,,,,,,,,,0.0,,,,,0.0,0.0,,75.92,66.92,,,,,,,,,,,,,999.0,,,,,,1.0,,,,,,999.0,,,,
1955,8,20,,,,,,,,,,0.0,,,,,0.0,0.0,,,,,,,,,,,,,,,,-999.0,,,,,,0.0,,,,,,-999.0,,,,
1955,8,22,,,,,,,,,,0.0,,,,,0.0,0.0,,78.08,66.02,,,,,,,,,,,,,9999.0,,,,,,9999.0,,,,,,9999.0,,,,
1955,8,23,,,,,,,,,,0.0,,,,,0.0,0.0,,,,,,,,,,,,,,,,-99.0,,,,,,,,,,,,-99.0,,,,
1955,8,24,,,,,,,,,,,,,,,,,,,,,,,,,,,,,,,,99.0,,,,,,,,,,,,99.0,,,,
1955,8,25,,,,,,,,,,0.0,,,,,0.0,0.0,,78.98,68.0,,,,,,,,,,,,,-9999.0,,,,,,-9999.0,,,,,,-9999.0,,,,
1955,8,26,,,,,,,,,,0.0,,,,,0.0,0.0,,32.0,32.0,,,,,,,,,,,,,-9.0,,,,,,-9.0,,,,,,-9.0,,,,
1955,8,27,,,,,,,,,,0.0,,,,,0.0,0.0,,80.06,69.08,,,,,,,,,,,,,999.0,,,,,,999.0,,,,,,999.0,,,,
1955,8,28,,,,,,,,,,0.0,,,,,0.0,0.0,,,,,,,,,,,,,,,,-999.0,,,,,,-999.0,,,,,,-999.0,,,,
1955,8,30,,,,,,,,,,0.0,,,,,0.0,0.0,,80.96,68.0,,,,,,,,,,,,,9999.0,,,,,,9999.0,,,,,,9999.0,,,,
1955,8,31,,,,,,,,,,0.0,,,,,0.0,0.0,,,,,,,,,,,,,,,,-99.0,,,,,,-99.0,,,,,,-99.0,,,,
1955,9,1,,,,,,,,,,0.0,,,,,0.0,0.0,,104.0,69.98,,,,,,,,,,,,,-9999.0,,,,,,-9999.0,,,,,,-9999.0,,,,
1955,9,2,,,,,,,,,,0.0,,,,,0.0,0.0,,32.0,32.0,,,,,,,,,,,,,-9.0,,,,,,-9.0,,,,,,-9.0,,,,
1955,9,3,,,,,,,,,,0.0,,,,,0.0,0.0,,98.96000000000001,75.92,,,,,,,,,,,,,999.0,,,,,,999.0,,,,,,999.0,,,,
1955,9,4,,,,,,,,,,0.0,,,,,0.0,0.0,,,,,,,,,,,,,,,,-999.0,,,,,,-999.0,,,,,,-999.0,,,,
1955,9,6,,,,,,,,,,0.0,,,,,0.0,0.0,,84.02,68.0,,,,,,,,,,,,,9999.0,,,,,,9999.0,,,,,,9999.0,,,,
1955,9,7,,,,,,,,,,0.0,,,,,0.0,0.0,,,,,,,,,,,,,,,,-99.0,,,,,,-99.0,,,,,,-99.0,,,,
1955,9,8,,,,,,,,,,,,,,,,,,,,,,,,,,,,,,,,99.0,,,,,,99.0,,,,,,99.0,,,,
1955,9,9,,,,,,,,,,0.0,,,,,0.0,0.0,,87.08000000000001,68.0,,,,,,,,,,,,,-9999.0,,,,,,-9999.0,,,,,,-9999.0,,,,
1955,9,10,,,,,,,,,,0.0,,,,,0.0,0.0,,32.0,32.0,,,,,,,,,,,,,,,,,,,,,,,,,-9.0,,,,
1955,9,11,,,,,,,,,,0.0,,,,,0.0,0.0,,84.91999999999999,68.0,,,,,,,,,,,,,1.0,,,,,,1.0,,,,,,999.0,,,,
1955,9,12,,,,,,,,,,0.0,,,,,0.0,0.0,,,,,,,,,,,,,,,,,,,,,,0.0,,,,,,-999.0,,,,
1955,9,14,,,,,,,,,,0.0,,,,,0.0,0.0,,75.92,66.92,,,,,,,,,,,,,1.0,,,,,,1.0,,,,,,9999.0,,,,
1955,9,15,,,,,,,,,,0.0,,,,,0.0,0.0,,,,,,,,,,,,,,,,,,,,,,0.0,,,,,,-99.0,,,,
1955,9,16,,,,,,,,,,,,,,,,,,,,,,,,,,,,,,,,99.0,,,,,,,,,,,,99.0,,,,
1955,9,17,,,,,,,,,,0.0,,,,,0.0,0.0,,84.02,66.02,,,,,,,,,,,,,1.0,,,,,,1.0,,,,,,-9999.0,,,,
1955,9,18,,,,,,,,,,0.0,,,,,0.0,0.0,,32.0,32.0,,,,,,,,,,,,,,,,,,,0.0,,,,,,-9.0,,,,
1955,9,19,,,,,,,,,,0.0,,,,,0.0,0.0,,82.04,66.02,,,,,,,,,,,,,1.0,,,,,,1.0,,,,,,999.0,,,,
1955,9,20,,,,,,,,,,0.0,,,,,0.0,0.0,,,,,,,,,,,,,,,,,,,,,,0.0,,,,,,-999.0,,,,
1955,9,22,,,,,,,,,,0.0,,,,,0.0,0.0,,86.0,68.0,,,,,,,,,,,,,9999.0,,,,,,1.0,,,,,,9999.0,,,,
1955,9,23,,,,,,,,,,0.0,,,,,0.0,0.0,,,,,,,,,,,,,,,,,,,,,,0.0,,,,,,-99.0,,,,
1955,9,24,,,,,,,,,,,,,,,,,,,,,,,,,,,,,,,,,,,,,,,,,,,,99.0,,,,
1955,9,25,,,,,,,,,,0.0,,,,,0.0,0.0,,73.04,64.94,,,,,,,,,,,,,-9999.0,,,,,,-9999.0,,,,,,-9999.0,,,,
1955,9,26,,,,,,,,,,0.0,,,,,0.0,0.0,,32.0,32.0,,,,,,,,,,,,,-9.0,,,,,,-9.0,,,,,,-9.0,,,,
1955,9,27,,,,,,,,,,0.0,,,,,0.0,0.0,,71.06,62.959999999999994,,,,,,,,,,,,,999.0,,,,,,999.0,,,,,,999.0,,,,
1955,9,28,,,,,,,,,,0.0,,,,,0.0,0.0,,,,,,,,,,,,,,,,-999.0,,,,,,-999.0,,,,,,-999.0,,,,
1955,9,30,,,,,,,,,,0.0,,,,,0.0,0.0,,73.04,57.02,,,,,,,,,,,,,9999.0,,,,,,9999.0,,,,,,9999.0,,,,
1955,9,31,,,,,,,,,,0.0,,,,,0.0,0.0,,,,,,,,,,,,,,,,-99.0,,,,,,,,,,,,-99.0,,,,
1955,10,1,,,,,,,,,,0.0,,,,,0.0,0.0,,71.96,57.02,,,,,,,,,,,,,1.0,,,,,,1.0,,,,,,-9999.0,,,,
1955,10,2,,,,,,,,,,0.0,,,,,0.0,0.0,,32.0,32.0,,,,,,,,,,,,,,,,,,,0.0,,,,,,-9.0,,,,
1955,10,3,,,,,,,,,,0.0,,,,,0.0,0.0,,71.06,60.08,,,,,,,,,,,,,1.0,,,,,,1.0,,,,,,999.0,,,,
1955,10,4,,,,,,,,,,0.0,,,,,0.0,0.0,,,,,,,,,,,,,,,,,,,,,,0.0,,,,,,-999.0,,,,
1955,10,6,,,,,,,,,,0.0,,,,,0.0,0.0,,66.02,59.0,,,,,,,,,,,,,9999.0,,,,,,9999.0,,,,,,9999.0,,,,
1955,10,7,,,,,,,,,,0.0,,,,,0.0,0.0,,,,,,,,,,,,,,,,-99.0,,,,,,-99.0,,,,,,-99.0,,,,
1955,10,8,,,,,,,,,,,,,,,,,,,,,,,,,,,,,,,,99.0,,,,,,99.0,,,,,,99.0,,,,
1955,10,9,,,,,,,,,,0.0,,,,,0.0,0.0,,71.96,53.96,,,,,,,,,,,,,1.0,,,,,,1.0,,,,,,-9999.0,,,,
1955,10,10,,,,,,,,,,0.0,,,,,0.0,0.0,,32.0,32.0,,,,,,,,,,,,,,,,,,,0.0,,,,,,-9.0,,,,
1955,10,11,,,,,,,,,,0.0,,,,,0.0,0.0,,73.94,55.94,,,,,,,,,,,,,1.0,,,,,,1.0,,,,,,999.0,,,,
1955,10,12,,,,,,,,,,0.0,,,,,0.0,0.0,,,,,,,,,,,,,,,,,,,,,,0.0,,,,,,-999.0,,,,
1955,10,14,,,,,,,,,,0.0,,,,,0.0,0.0,,68.0,59.0,,,,,,,,,,,,,9999.0,,,,,,1.0,,,,,,9999.0,,,,
1955,10,15,,,,,,,,,,0.0,,,,,0.0,0.0,,,,,,,,,,,,,,,,,,,,,,0.0,,,,,,,,,,
1955,10,17,,,,,,,,,,0.0,,,,,0.0,0.0,,69.08,57.02,,,,,,,,,,,,,-9999.0,,,,,,1.0,,,,,,-9999.0,,,,
1955,10,18,,,,,,,,,,0.0,,,,,0.0,0.0,,32.0,32.0,,,,,,,,,,,,,,,,,,,0.0,,,,,,,,,,
1955,10,19,,,,,,,,,,,,,,,0.0,0.0,,68.0,55.04,,,,,,,,,,,,,1.0,,,,,,1.0,,,,,,1.0,,,,
1955,10,20,,,,,,,,,,0.0,,,,,0.0,0.0,,,,,,,,,,,,,,,,,,,,,,0.0,,,,,,,,,,
1955,10,21,,,,,,,,,,,,,,,,,,,,,,,,,,,,,,,,9.0,,,,,,,,,,,,9.0,,,,
1955,10,22,,,,,,,,,,,,,,,0.0,0.0,,64.94,59.0,,,,,,,,,,,,,1.0,,,,,,1.0,,,,,,1.0,,,,
1955,10,23,,,,,,,,,,0.0,,,,,0.0,0.0,,,,,,,,,,,,,,,,,,,,,,0.0,,,,,,,,,,
1955,10,24,,,,,,,,,,,,,,,,,,,,,,,,,,,,,,,,99.0,,,,,,,,,,,,99.0,,,,
1955,10,25,,,,,,,,,,0.0,,,,,0.0,0.0,,66.92,60.08,,,,,,,,,,,,,-9999.0,,,,,,1.0,,,,,,-9999.0,,,,
1955,10,26,,,,,,,,,,0.0,,,,,0.0,0.0,,32.0,32.0,,,,,,,,,,,,,-9.0,,,,,,0.0,,,,,,-9.0,,,,
1955,10,27,,,,,,,,,,0.0,,,,,0.0,0.0,,64.94,60.08,,,,,,,,,,,,,999.0,,,,,,1.0,,,,,,999.0,,,,
1955,10,28,,,,,,,,,,0.0,,,,,0.0,0.0,,,,,,,,,,,,,,,,-999.0,,,,,,0.0,,,,,,-999.0,,,,
1955,10,30,,,,,,,,,,0.0,,,,,0.0,0.0,,69.08,59.0,,,,,,,,,,,,,9999.0,,,,,,9999.0,,,,,,9999.0,,,,
1955,10,31,,,,,,,,,,0.0,,,,,0.0,0.0,,,,,,,,,,,,,,,,-99.0,,,,,,-99.0,,,,,,,,,,
1955,11,1,,,,,,,,,,0.0,,,,,0.0,0.0,,66.02,57.92,,,,,,,,,,,,,-9999.0,,,,,,-9999.0,,,,,,-9999.0,,,,
1955,11,2,,,,,,,,,,0.0,,,,,0.0,0.0,,32.0,32.0,,,,,,,,,,,,,-9.0,,,,,,,,,,,,-9.0,,,,
1955,11,3,,,,,,,,,,0.0,,,,,0.0,0.0,,66.92,51.08,,,,,,,,,,,,,999.0,,,,,,1.0,,,,,,999.0,,,,
1955,11,4,,,,,,,,,,0.0,,,,,0.0,0.0,,,,,,,,,,,,,,,,,,,,,,0.0,,,,,,-999.0,,,,
1955,11,6,,,,,,,,,,0.0,,,,,0.0,0.0,,73.04,50.0,,,,,,,,,,,,,1.0,,,,,,1.0,,,,,,9999.0,,,,
1955,11,7,,,,,,,,,,0.0,,,,,0.0,0.0,,,32.0,,,,,,,,,,,,,,,,,,,0.0,,,,,,-99.0,,,,
1955,11,8,,,,,,,,,,,,,,,,,,,,,,,,,,,,,,,,,,,,,,,,,,,,99.0,,,,
1955,11,9,,,,,,,,,,0.0,,,,,0.0,0.0,,77.0,53.06,,,,,,,,,,,,,1.0,,,,,,-9999.0,,,,,,-9999.0,,,,
1955,11,10,,,,,,,,,,0.0,,,,,0.0,0.0,,32.0,32.0,,,,,,,,,,,,,0.0,,,,,,,,,,,,-9.0,,,,
1955,11,11,,,,,,,,,,0.0,,,,,0.0,0.0,,80.96,55.04,,,,,,,,,,,,,1.0,,,,,,1.0,,,,,,999.0,,,,
1955,11,12,,,,,,,,,,0.0,,,,,0.0,0.0,,,,,,,,,,,,,,,,,,,,,,,,,,,,-999.0,,,,
1955,11,14,,,,,,,,,,0.0,,,,,0.0,0.0,,80.96,53.06,,,,,,,,,,,,,9999.0,,,,,,9999.0,,,,,,9999.0,,,,
1955,11,15,,,,,,,,,,0.0,,,,,0.0,0.0,,,,,,,,,,,,,,,,,,,,,,-99.0,,,,,,-99.0,,,,
1955,11,16,,,,,,,,,,,,,,,,,,,,,,,,,,,,,,,,,,,,,,99.0,,,,,,99.0,,,,
1955,11,17,,,,,,,,,,0.0,,,,,0.0,0.0,,64.04,57.02,,,,,,,,,,,,,1.0,,,,,,-9999.0,,,,,,1.0,,,,
1955,11,18,,,,,,,,,,,,,,,0.0,0.0,,32.0,32.0,,,,,,,,,,,,,,,,,,,-9.0,,,,,,,,,,
1955,11,19,,,,,,,,,,,,,,,0.0,0.0,,66.92,57.92,,,,,,,,,,,,,999.0,,,,,,999.0,,,,,,1.0,,,,
1955,11,20,,,,,,,,,,0.0,,,,,0.0,0.0,,,,,,,,,,,,,,,,-999.0,,,,,,-999.0,,,,,,,,,,
1955,11,21,,,,,,,,,,,,,,,,,,,,,,,,,,,,,,,,9.0,,,,,,,,,,,,9.0,,,,
1955,11,22,,,,,,,,,,99.0,,,,,0.0,0.0,,62.059999999999995,53.96,,,,,,,,,,,,,1.0,,,,,,9999.0,,,,,,1.0,,,,
1955,11,23,,,,,,,,,,0.0,,,,,0.0,0.0,,,32.0,,,,,,,,,,,,,,,,,,,-99.0,,,,,,,,,,
1955,11,24,,,,,,,,,,,,,,,,,,,,,,,,,,,,,,,,99.0,,,,,,99.0,,,,,,99.0,,,,
1955,11,25,,,,,,,,,,0.0,,,,,0.0,0.0,,62.959999999999994,44.06,,,,,,,,,,,,,-9999.0,,,,,,-9999.0,,,,,,-9999.0,,,,
1955,11,26,,,,,,,,,,0.0,,,,,0.0,0.0,,32.0,32.0,,,,,,,,,,,,,,,,,,,-9.0,,,,,,,,,,
1955,11,27,,,,,,,,,,23.0,,,,,0.0,0.0,,57.92,51.08,,,,,,,,,,,,,1.0,,,,,,999.0,,,,,,1.0,,,,
1955,11,28,,,,,,,,,,0.0,,,,,0.0,0.0,,,,,,,,,,,,,,,,,,,,,,-999.0,,,,,,,,,,
1955,11,29,,,,,,,,,,,,,,,,,,,,,,,,,,,,,,,,9.0,,,,,,9.0,,,,,,,,,,
1955,11,30,,,,,,,,,,0.0,,,,,0.0,0.0,,71.96,51.98,,,,,,,,,,,,,1.0,,,,,,1.0,,,,,,9999.0,,,,
1955,11,31,,,,,,,,,,0.0,,,,,0.0,0.0,,,,,,,,,,,,,,,,,,,,,,0.0,,,,,,-99.0,,,,
1955,12,1,,,,,,,,,,5.0,,,,,0.0,0.0,,62.959999999999994,55.94,,,,,,,,,,,,,1.0,,,,,,-9999.0,,,,,,1.0,,,,
1955,12,2,,,,,,,,,,0.0,,,,,0.0,0.0,,32.0,32.0,,,,,,,,,,,,,,,,,,,-9.0,,,,,,,,,,
1955,12,3,,,,,,,,,,3.0,,,,,0.0,0.0,,60.980000000000004,50.0,,,,,,,,,,,,,999.0,,,,,,999.0,,,,,,1.0,,,,
1955,12,4,,,,,,,,,,0.0,,,,,0.0,0.0,,,,,,,,,,,,,,,,-999.0,,,,,,-999.0,,,,,,,,,,
1955,12,5,,,,,,,,,,,,,,,,,,,,,,,,,,,,,,,,,,,,,,,,,,,,9.0,,,,
1955,12,6,,,,,,,,,,51.0,,,,,0.0,0.0,,60.08,48.92,,,,,,,,,,,,,9999.0,,,,,,9999.0,,,,,,1.0,,,,
1955,12,7,,,,,,,,,,0.0,,,,,0.0,0.0,,,,,,,,,,,,,,,,-99.0,,,,,,-99.0,,,,,,,,,,
1955,12,8,,,,,,,,,,,,,,,,,,,,,,,,,,,,,,,,99.0,,,,,,99.0,,,,,,,,,,
1955,12,9,,,,,,,,,,10.0,,,,,0.0,0.0,,62.959999999999994,55.94,,,,,,,,,,,,,1.0,,,,,,-9999.0,,,,,,1.0,,,,
1955,12,10,,,,,,,,,,0.0,,,,,0.0,0.0,,32.0,32.0,,,,,,,,,,,,,0.0,,,,,,,,,,,,,,,,
1955,12,11,,,,,,,,,,5.0,,,,,0.0,0.0,,64.94,51.08,,,,,,,,,,,,,1.0,,,,,,1.0,,,,,,1.0,,,,
1955,12,12,,,,,,,,,,0.0,,,,,0.0,0.0,,,,,,,,,,,,,,,,,,,,,,0.0,,,,,,,,,,
1955,12,13,,,,,,,,,,,,,,,,,,,,,,,,,,,,,,,,,,,,,,,,,,,,9.0,,,,
1955,12,14,,,,,,,,,,5.0,,,,,0.0,0.0,,64.94,51.98,,,,,,,,,,,,,1.0,,,,,,9999.0,,,,,,1.0,,,,
1955,12,15,,,,,,,,,,0.0,,,,,0.0,0.0,,,32.0,,,,,,,,,,,,,0.0,,,,,,,,,,,,,,,,
1955,12,16,,,,,,,,,,,,,,,,,,,,,,,,,,,,,,,,,,,,,,,,,,,,99.0,,,,
1955,12,17,,,,,,,,,,0.0,,,,,0.0,0.0,,73.94,46.04,,,,,,,,,,,,,1.0,,,,,,1.0,,,,,,-9999.0,,,,
1955,12,18,,,,,,,,,,0.0,,,,,0.0,0.0,,32.0,32.0,,,,,,,,,,,,,,,,,,,,,,,,,-9.0,,,,
1955,12,19,,,,,,,,,,0.0,,,,,0.0,0.0,,75.02,50.0,,,,,,,,,,,,,999.0,,,,,,999.0,,,,,,999.0,,,,
1955,12,20,,,,,,,,,,0.0,,,,,0.0,0.0,,,,,,,,,,,,,,,,,,,,,,,,,,,,-999.0,,,,
1955,12,22,,,,,,,,,,0.0,,,,,0.0,0.0,,64.04,48.02,,,,,,,,,,,,,1.0,,,,,,1.0,,,,,,9999.0,,,,
1955,12,23,,,,,,,,,,0.0,,,,,0.0,0.0,,,,,,,,,,,,,,,,,,,,,,0.0,,,,,,-99.0,,,,
1955,12,24,,,,,,,,,,,,,,,,,,,,,,,,,,,,,,,,,,,,,,,,,,,,99.0,,,,
1955,12,25,,,,,,,,,,0.0,,,,,0.0,0.0,,57.92,48.92,,,,,,,,,,,,,-9999.0,,,,,,1.0,,,,,,-9999.0,,,,
1955,12,26,,,,,,,,,,0.0,,,,,0.0,0.0,,32.0,32.0,,,,,,,,,,,,,-9.0,,,,,,0.0,,,,,,-9.0,,,,
1955,12,27,,,,,,,,,,0.0,,,,,0.0,0.0,,62.059999999999995,51.08,,,,,,,,,,,,,999.0,,,,,,1.0,,,,,,999.0,,,,
1955,12,28,,,,,,,,,,0.0,,,,,0.0,0.0,,,,,,,,,,,,,,,,-999.0,,,,,,0.0,,,,,,-999.0,,,,
1955,12,30,,,,,,,,,,0.0,,,,,0.0,0.0,,60.08,46.94,,,,,,,,,,,,,9999.0,,,,,,1.0,,,,,,9999.0,,,,
1955,12,31,,,,,,,,,,0.0,,,,,0.0,0.0,,,32.0,,,,,,,,,,,,,,,,,,,0.0,,,,,,-99.0,,,,
1956,1,1,,,,,,,,,,0.0,,,,,0.0,0.0,,62.059999999999995,42.980000000000004,,,,,,,,,,,,,-9999.0,,,,,,-9999.0,,,,,,-9999.0,,,,
1956,1,2,,,,,,,,,,0.0,,,,,0.0,0.0,,32.0,32.0,,,,,,,,,,,,,,,,,,,,,,,,,-9.0,,,,
1956,1,3,,,,,,,,,,0.0,,,,,0.0,0.0,,64.94,44.06,,,,,,,,,,,,,1.0,,,,,,1.0,,,,,,999.0,,,,
1956,1,4,,,,,,,,,,0.0,,,,,0.0,0.0,,,,,,,,,,,,,,,,,,,,,,0.0,,,,,,-999.0,,,,
1956,1,6,,,,,,,,,,0.0,,,,,0.0,0.0,,68.0,44.96,,,,,,,,,,,,,1.0,,,,,,1.0,,,,,,9999.0,,,,
1956,1,7,,,,,,,,,,0.0,,,,,0.0,0.0,,,32.0,,,,,,,,,,,,,,,,,,,0.0,,,,,,-99.0,,,,
1956,1,8,,,,,,,,,,,,,,,,,,,,,,,,,,,,,,,,,,,,,,,,,,,,99.0,,,,
1956,1,9,,,,,,,,,,0.0,,,,,0.0,0.0,,60.980000000000004,42.980000000000004,,,,,,,,,,,,,1.0,,,,,,1.0,,,,,,-9999.0,,,,
1956,1,10,,,,,,,,,,0.0,,,,,0.0,0.0,,32.0,32.0,,,,,,,,,,,,,,,,,,,0.0,,,,,,-9.0,,,,
1956,1,11,,,,,,,,,,0.0,,,,,0.0,0.0,,60.08,42.980000000000004,,,,,,,,,,,,,1.0,,,,,,1.0,,,,,,999.0,,,,
1956,1,12,,,,,,,,,,0.0,,,,,0.0,0.0,,,,,,,,,,,,,,,,,,,,,,0.0,,,,,,-999.0,,,,
1956,1,14,,,,,,,,,,0.0,,,,,0.0,0.0,,62.059999999999995,44.96,,,,,,,,,,,,,1.0,,,,,,1.0,,,,,,9999.0,,,,
1956,1,15,,,,,,,,,,0.0,,,,,0.0,0.0,,,32.0,,,,,,,,,,,,,,,,,,,0.0,,,,,,-99.0,,,,
1956,1,16,,,,,,,,,,,,,,,,,,,,,,,,,,,,,,,,,,,,,,,,,,,,99.0,,,,
1956,1,17,,,,,,,,,,0.0,,,,,0.0,0.0,,69.08,48.92,,,,,,,,,,,,,1.0,,,,,,1.0,,,,,,-9999.0,,,,
1956,1,18,,,,,,,,,,0.0,,,,,0.0,0.0,,32.0,32.0,,,,,,,,,,,,,,,,,,,0.0,,,,,,-9.0,,,,
1956,1,19,,,,,,,,,,0.0,,,,,0.0,0.0,,68.0,51.98,,,,,,,,,,,,,999.0,,,,,,1.0,,,,,,999.0,,,,
1956,1,20,,,,,,,,,,0.0,,,,,0.0,0.0,,,,,,,,,,,,,,,,,,,,,,0.0,,,,,,-999.0,,,,
1956,1,22,,,,,,,,,,0.0,,,,,0.0,0.0,,57.02,51.98,,,,,,,,,,,,,1.0,,,,,,1.0,,,,,,9999.0,,,,
1956,1,23,,,,,,,,,,0.0,,,,,0.0,0.0,,,,,,,,,,,,,,,,,,,,,,0.0,,,,,,,,,,
1956,1,25,,,,,,,,,,0.0,,,,,0.0,0.0,,60.980000000000004,50.0,,,,,,,,,,,,,1.0,,,,,,1.0,,,,,,1.0,,,,
1956,1,26,,,,,,,,,,,,,,,0.0,0.0,,32.0,32.0,,,,,,,,,,,,,,,,,,,,,,,,,,,,,
1956,1,27,,,,,,,,,,0.0,,,,,0.0,0.0,,64.94,46.04,,,,,,,,,,,,,999.0,,,,,,999.0,,,,,,999.0,,,,
1956,1,28,,,,,,,,,,0.0,,,,,0.0,0.0,,,,,,,,,,,,,,,,-999.0,,,,,,-999.0,,,,,,-999.0,,,,
1956,1,29,,,,,,,,,,,,,,,,,,,,,,,,,,,,,,,,,,,,,,9.0,,,,,,,,,,
1956,1,30,,,,,,,,,,0.0,,,,,0.0,0.0,,60.08,46.04,,,,,,,,,,,,,9999.0,,,,,,1.0,,,,,,9999.0,,,,
1956,1,31,,,,,,,,,,0.0,,,,,0.0,0.0,,,,,,,,,,,,,,,,,,,,,,,,,,,,,,,,
1956,2,1,,,,,,,,,,0.0,,,,,0.0,0.0,,64.94,46.04,,,,,,,,,,,,,-9999.0,,,,,,-9999.0,,,,,,-9999.0,,,,
1956,2,2,,,,,,,,,,0.0,,,,,0.0,0.0,,32.0,32.0,,,,,,,,,,,,,-9.0,,,,,,-9.0,,,,,,-9.0,,,,
1956,2,3,,,,,,,,,,0.0,,,,,0.0,0.0,,64.94,41.0,,,,,,,,,,,,,999.0,,,,,,999.0,,,,,,999.0,,,,
1956,2,4,,,,,,,,,,0.0,,,,,0.0,0.0,,,,,,,,,,,,,,,,-999.0,,,,,,-999.0,,,,,,-999.0,,,,
1956,2,6,,,,,,,,,,0.0,,,,,0.0,0.0,,62.959999999999994,41.0,,,,,,,,,,,,,9999.0,,,,,,9999.0,,,,,,9999.0,,,,
1956,2,7,,,,,,,,,,0.0,,,,,0.0,0.0,,,32.0,,,,,,,,,,,,,-99.0,,,,,,,,,,,,,,,,
1956,2,8,,,,,,,,,,,,,,,,,,,,,,,,,,,,,,,,99.0,,,,,,,,,,,,,,,,
1956,2,9,,,,,,,,,,0.0,,,,,0.0,0.0,,62.059999999999995,48.02,,,,,,,,,,,,,1.0,,,,,,1.0,,,,,,-9999.0,,,,
1956,2,10,,,,,,,,,,0.0,,,,,0.0,0.0,,32.0,32.0,,,,,,,,,,,,,,,,,,,0.0,,,,,,-9.0,,,,
1956,2,11,,,,,,,,,,0.0,,,,,0.0,0.0,,62.059999999999995,44.96,,,,,,,,,,,,,1.0,,,,,,1.0,,,,,,999.0,,,,
1956,2,12,,,,,,,,,,0.0,,,,,0.0,0.0,,,,,,,,,,,,,,,,,,,,,,,,,,,,-999.0,,,,
1956,2,14,,,,,,,,,,0.0,,,,,0.0,0.0,,66.02,42.980000000000004,,,,,,,,,,,,,9999.0,,,,,,9999.0,,,,,,9999.0,,,,
1956,2,15,,,,,,,,,,0.0,,,,,0.0,0.0,,,32.0,,,,,,,,,,,,,-99.0,,,,,,-99.0,,,,,,-99.0,,,,
1956,2,16,,,,,,,,,,,,,,,,,,,,,,,,,,,,,,,,99.0,,,,,,99.0,,,,,,99.0,,,,
1956,2,17,,,,,,,,,,0.0,,,,,0.0,0.0,,66.92,44.06,,,,,,,,,,,,,1.0,,,,,,-9999.0,,,,,,-9999.0,,,,
1956,2,18,,,,,,,,,,0.0,,,,,0.0,0.0,,32.0,32.0,,,,,,,,,,,,,0.0,,,,,,,,,,,,-9.0,,,,
1956,2,19,,,,,,,,,,0.0,,,,,0.0,0.0,,62.059999999999995,46.04,,,,,,,,,,,,,1.0,,,,,,1.0,,,,,,999.0,,,,
1956,2,20,,,,,,,,,,0.0,,,,,0.0,0.0,,,,,,,,,,,,,,,,,,,,,,,,,,,,-999.0,,,,
1956,2,21,,,,,,,,,,,,,,,,,,,,,,,,,,,,,,,,,,,,,,,,,,,,9.0,,,,
1956,2,22,,,,,,,,,,,,,,,0.0,0.0,,60.980000000000004,53.96,,,,,,,,,,,,,9999.0,,,,,,9999.0,,,,,,1.0,,,,
1956,2,23,,,,,,,,,,0.0,,,,,0.0,0.0,,,,,,,,,,,,,,,,-99.0,,,,,,,,,,,,,,,,
1956,2,24,,,,,,,,,,,,,,,,,,,,,,,,,,,,,,,,99.0,,,,,,,,,,,,,,,,
1956,2,25,,,,,,,,,,0.0,,,,,0.0,0.0,,57.02,42.980000000000004,,,,,,,,,,,,,-9999.0,,,,,,-9999.0,,,,,,1.0,,,,
1956,2,26,,,,,,,,,,,,,,,0.0,0.0,,32.0,32.0,,,,,,,,,,,,,-9.0,,,,,,-9.0,,,,,,,,,,
1956,2,27,,,,,,,,,,0.0,,,,,0.0,0.0,,59.0,37.94,,,,,,,,,,,,,999.0,,,,,,999.0,,,,,,999.0,,,,
1956,2,28,,,,,,,,,,0.0,,,,,0.0,0.0,,,,,,,,,,,,,,,,-999.0,,,,,,-999.0,,,,,,,,,,
1956,2,30,,,,,,,,,,0.0,,,,,0.0,0.0,,59.0,44.96,,,,,,,,,,,,,9999.0,,,,,,9999.0,,,,,,9999.0,,,,
1956,2,31,,,,,,,,,,0.0,,,,,0.0,0.0,,,32.0,,,,,,,,,,,,,-99.0,,,,,,-99.0,,,,,,-99.0,,,,
1956,3,1,,,,,,,,,,0.0,,,,,0.0,0.0,,62.059999999999995,44.06,,,,,,,,,,,,,-9999.0,,,,,,1.0,,,,,,-9999.0,,,,
1956,3,2,,,,,,,,,,0.0,,,,,0.0,0.0,,32.0,32.0,,,,,,,,,,,,,,,,,,,0.0,,,,,,-9.0,,,,
1956,3,3,,,,,,,,,,0.0,,,,,0.0,0.0,,71.06,46.94,,,,,,,,,,,,,1.0,,,,,,1.0,,,,,,999.0,,,,
1956,3,4,,,,,,,,,,0.0,,,,,0.0,0.0,,,,,,,,,,,,,,,,,,,,,,0.0,,,,,,-999.0,,,,
1956,3,6,,,,,,,,,,0.0,,,,,0.0,0.0,,62.059999999999995,51.98,,,,,,,,,,,,,1.0,,,,,,1.0,,,,,,9999.0,,,,
1956,3,7,,,,,,,,,,0.0,,,,,0.0,0.0,,,,,,,,,,,,,,,,,,,,,,,,,,,,-99.0,,,,
1956,3,8,,,,,,,,,,,,,,,,,,,,,,,,,,,,,,,,99.0,,,,,,99.0,,,,,,99.0,,,,
1956,3,9,,,,,,,,,,0.0,,,,,0.0,0.0,,60.980000000000004,48.02,,,,,,,,,,,,,-9999.0,,,,,,-9999.0,,,,,,1.0,,,,
1956,3,10,,,,,,,,,,,,,,,0.0,0.0,,32.0,32.0,,,,,,,,,,,,,-9.0,,,,,,-9.0,,,,,,,,,,
1956,3,11,,,,,,,,,,0.0,,,,,0.0,0.0,,69.08,46.04,,,,,,,,,,,,,999.0,,,,,,999.0,,,,,,999.0,,,,
1956,3,12,,,,,,,,,,0.0,,,,,0.0,0.0,,,,,,,,,,,,,,,,-999.0,,,,,,-999.0,,,,,,-999.0,,,,
1956,3,13,,,,,,,,,,,,,,,,,,,,,,,,,,,,,,,,9.0,,,,,,9.0,,,,,,,,,,
1956,3,14,,,,,,,,,,0.0,,,,,0.0,0.0,,66.02,48.02,,,,,,,,,,,,,1.0,,,,,,1.0,,,,,,9999.0,,,,
1956,3,15,,,,,,,,,,0.0,,,,,0.0,0.0,,,32.0,,,,,,,,,,,,,,,,,,,,,,,,,-99.0,,,,
1956,3,16,,,,,,,,,,,,,,,,,,,,,,,,,,,,,,,,,,,,,,99.0,,,,,,99.0,,,,
1956,3,17,,,,,,,,,,0.0,,,,,0.0,0.0,,60.08,51.08,,,,,,,,,,,,,-9999.0,,,,,,-9999.0,,,,,,-9999.0,,,,
1956,3,18,,,,,,,,,,0.0,,,,,0.0,0.0,,32.0,32.0,,,,,,,,,,,,,-9.0,,,,,,-9.0,,,,,,-9.0,,,,
1956,3,19,,,,,,,,,,0.0,,,,,0.0,0.0,,66.02,48.02,,,,,,,,,,,,,999.0,,,,,,999.0,,,,,,999.0,,,,
1956,3,20,,,,,,,,,,0.0,,,,,0.0,0.0,,,,,,,,,,,,,,,,-999.0,,,,,,-999.0,,,,,,-999.0,,,,
1956,3,22,,,,,,,,,,0.0,,,,,0.0,0.0,,60.980000000000004,48.92,,,,,,,,,,,,,9999.0,,,,,,9999.0,,,,,,9999.0,,,,
1956,3,23,,,,,,,,,,0.0,,,,,0.0,0.0,,,32.0,,,,,,,,,,,,,-99.0,,,,,,-99.0,,,,,,-99.0,,,,
1956,3,24,,,,,,,,,,,,,,,,,,,,,,,,,,,,,,,,99.0,,,,,,99.0,,,,,,99.0,,,,
1956,3,25,,,,,,,,,,0.0,,,,,0.0,0.0,,78.98,48.02,,,,,,,,,,,,,-9999.0,,,,,,-9999.0,,,,,,-9999.0,,,,
1956,3,26,,,,,,,,,,0.0,,,,,0.0,0.0,,32.0,32.0,,,,,,,,,,,,,,,,,,,,,,,,,-9.0,,,,
1956,3,27,,,,,,,,,,0.0,,,,,0.0,0.0,,80.06,51.08,,,,,,,,,,,,,1.0,,,,,,1.0,,,,,,999.0,,,,
1956,3,28,,,,,,,,,,0.0,,,,,0.0,0.0,,,,,,,,,,,,,,,,,,,,,,0.0,,,,,,-999.0,,,,
1956,3,30,,,,,,,,,,0.0,,,,,0.0,0.0,,64.04,50.0,,,,,,,,,,,,,9999.0,,,,,,1.0,,,,,,9999.0,,,,
1956,3,31,,,,,,,,,,0.0,,,,,0.0,0.0,,,32.0,,,,,,,,,,,,,,,,,,,0.0,,,,,,-99.0,,,,
1956,4,1,,,,,,,,,,91.0,,,,,0.0,0.0,,59.0,44.96,,,,,,,,,,,,,-9999.0,,,,1.0,,-9999.0,,,,,,1.0,,,,
1956,4,2,,,,,,,,,,0.0,,,,,0.0,0.0,,32.0,32.0,,,,,,,,,,,,,-9.0,,,,,,-9.0,,,,,,,,,,
1956,4,3,,,,,,,,,,,,,,,0.0,0.0,,62.959999999999994,44.06,,,,,,,,,,,,,999.0,,,,999.0,,999.0,,,,,,1.0,,,,
1956,4,4,,,,,,,,,,0.0,,,,,0.0,0.0,,,,,,,,,,,,,,,,-999.0,,,,-999.0,,-999.0,,,,,,,,,,
1956,4,6,,,,,,,,,,0.0,,,,,0.0,0.0,,69.08,46.94,,,,,,,,,,,,,9999.0,,,,9999.0,,9999.0,,,,,,9999.0,,,,
1956,4,7,,,,,,,,,,0.0,,,,,0.0,0.0,,,,,,,,,,,,,,,,-99.0,,,,-99.0,,-99.0,,,,,,-99.0,,,,
1956,4,8,,,,,,,,,,,,,,,,,,,,,,,,,,,,,,,,99.0,,,,99.0,,99.0,,,,,,99.0,,,,
1956,4,9,,,,,,,,,,0.0,,,,,0.0,0.0,,66.02,51.98,,,,,,,,,,,,,1.0,,,,-9999.0,,1.0,,,,,,-9999.0,,,,
1956,4,10,,,,,,,,,,0.0,,,,,0.0,0.0,,32.0,32.0,,,,,,,,,,,,,,,,,-9.0,,0.0,,,,,,-9.0,,,,
1956,4,11,,,,,,,,,,0.0,,,,,0.0,0.0,,64.94,51.98,,,,,,,,,,,,,1.0,,,,999.0,,1.0,,,,,,999.0,,,,
1956,4,12,,,,,,,,,,0.0,,,,,0.0,0.0,,,,,,,,,,,,,,,,,,,,-999.0,,,,,,,,-999.0,,,,
1956,4,14,,,,,,,,,,0.0,,,,,0.0,0.0,,62.959999999999994,55.04,,,,,,,,,,,,,9999.0,,,,9999.0,,9999.0,,,,,,9999.0,,,,
1956,4,15,,,,,,,,,,0.0,,,,,0.0,0.0,,,,,,,,,,,,,,,,,,,,-99.0,,-99.0,,,,,,,,,,
1956,4,16,,,,,,,,,,,,,,,,,,,,,,,,,,,,,,,,,,,,99.0,,99.0,,,,,,,,,,
1956,4,17,,,,,,,,,,3.0,,,,,0.0,0.0,,62.059999999999995,48.92,,,,,,,,,,,,,-9999.0,,,,-9999.0,,-9999.0,,,,,,1.0,,,,
1956,4,18,,,,,,,,,,0.0,,,,,0.0,0.0,,32.0,32.0,,,,,,,,,,,,,-9.0,,,,-9.0,,-9.0,,,,,,,,,,
1956,4,19,,,,,,,,,,211.0,,,,,0.0,0.0,,64.04,50.0,,,,,,,,,,,,,999.0,,,,999.0,,999.0,,,,,,1.0,,,,
1956,4,20,,,,,,,,,,,,,,,0.0,0.0,,,,,,,,,,,,,,,,-999.0,,,,,,-999.0,,,,,,,,,,
1956,4,22,,,,,,,,,,0.0,,,,,0.0,0.0,,64.04,50.0,,,,,,,,,,,,,9999.0,,,,9999.0,,9999.0,,,,,,9999.0,,,,
1956,4,23,,,,,,,,,,0.0,,,,,0.0,0.0,,,,,,,,,,,,,,,,-99.0,,,,-99.0,,-99.0,,,,,,-99.0,,,,
1956,4,24,,,,,,,,,,,,,,,,,,,,,,,,,,,,,,,,99.0,,,,99.0,,99.0,,,,,,99.0,,,,
1956,4,25,,,,,,,,,,0.0,,,,,0.0,0.0,,60.980000000000004,55.04,,,,,,,,,,,,,-9999.0,,,,-9999.0,,-9999.0,,,,,,-9999.0,,,,
1956,4,26,,,,,,,,,,0.0,,,,,0.0,0.0,,32.0,32.0,,,,,,,,,,,,,-9.0,,,,-9.0,,-9.0,,,,,,,,,,
1956,4,27,,,,,,,,,,,,,,,0.0,0.0,,64.04,55.04,,,,,,,,,,,,,999.0,,,,999.0,,999.0,,,,,,1.0,,,,
1956,4,28,,,,,,,,,,0.0,,,,,0.0,0.0,,,,,,,,,,,,,,,,-999.0,,,,-999.0,,-999.0,,,,,,,,,,
1956,4,29,,,,,,,,,,,,,,,,,,,,,,,,,,,,,,,,,,,,,,9.0,,,,,,,,,,
1956,4,30,,,,,,,,,,0.0,,,,,0.0,0.0,,68.0,55.04,,,,,,,,,,,,,9999.0,,,,9999.0,,1.0,,,,,,9999.0,,,,
1956,4,31,,,,,,,,,,0.0,,,,,0.0,0.0,,,,,,,,,,,,,,,,,,,,-99.0,,0.0,,,,,,-99.0,,,,
1956,5,1,,,,,,,,,,0.0,,,,,0.0,0.0,,66.92,57.92,,,,,,,,,,,,,-9999.0,,,,,,-9999.0,,,,,,-9999.0,,,,
1956,5,2,,,,,,,,,,0.0,,,,,0.0,0.0,,32.0,32.0,,,,,,,,,,,,,-9.0,,,,,,,,,,,,-9.0,,,,
1956,5,3,,,,,,,,,,0.0,,,,,0.0,0.0,,66.02,59.0,,,,,,,,,,,,,999.0,,,,,,1.0,,,,,,999.0,,,,
1956,5,4,,,,,,,,,,0.0,,,,,0.0,0.0,,,,,,,,,,,,,,,,,,,,,,0.0,,,,,,,,,,
1956,5,6,,,,,,,,,,,,,,,0.0,0.0,,71.96,55.94,,,,,,,,,,,,,9999.0,,,,,,1.0,,,,,,1.0,,,,
1956,5,7,,,,,,,,,,0.0,,,,,0.0,0.0,,,,,,,,,,,,,,,,-99.0,,,,,,0.0,,,,,,,,,,
1956,5,8,,,,,,,,,,,,,,,,,,,,,,,,,,,,,,,,99.0,,,,,,,,,,,,,,,,
1956,5,9,,,,,,,,,,0.0,,,,,0.0,0.0,,69.08,59.0,,,,,,,,,,,,,-9999.0,,,,,,-9999.0,,,,,,-9999.0,,,,
1956,5,10,,,,,,,,,,0.0,,,,,0.0,0.0,,32.0,32.0,,,,,,,,,,,,,-9.0,,,,,,-9.0,,,,,,-9.0,,,,
1956,5,11,,,,,,,,,,0.0,,,,,0.0,0.0,,68.0,57.02,,,,,,,,,,,,,999.0,,,,,,999.0,,,,,,999.0,,,,
1956,5,12,,,,,,,,,,0.0,,,,,0.0,0.0,,,,,,,,,,,,,,,,-999.0,,,,,,-999.0,,,,,,-999.0,,,,
1956,5,13,,,,,,,,,,,,,,,,,,,,,,,,,,,,,,,,,,,,,,,,,,,,9.0,,,,
1956,5,14,,,,,,,,,,23.0,,,,,0.0,0.0,,66.02,57.92,,,,,,,,,,,,,9999.0,,,,,,9999.0,,,,,,1.0,,,,
1956,5,15,,,,,,,,,,0.0,,,,,0.0,0.0,,,,,,,,,,,,,,,,-99.0,,,,,,-99.0,,,,,,,,,,
1956,5,16,,,,,,,,,,,,,,,,,,,,,,,,,,,,,,,,99.0,,,,,,99.0,,,,,,,,,,
1956,5,17,,,,,,,,,,0.0,,,,,0.0,0.0,,66.92,57.02,,,,,,,,,,,,,-9999.0,,,,,,-9999.0,,,,,,-9999.0,,,,
1956,5,18,,,,,,,,,,0.0,,,,,0.0,0.0,,32.0,32.0,,,,,,,,,,,,,-9.0,,,,,,-9.0,,,,,,-9.0,,,,
1956,5,19,,,,,,,,,,0.0,,,,,0.0,0.0,,66.92,55.94,,,,,,,,,,,,,999.0,,,,,,999.0,,,,,,999.0,,,,
1956,5,20,,,,,,,,,,0.0,,,,,0.0,0.0,,,,,,,,,,,,,,,,-999.0,,,,,,-999.0,,,,,,-999.0,,,,
1956,5,22,,,,,,,,,,0.0,,,,,0.0,0.0,,87.08000000000001,57.92,,,,,,,,,,,,,9999.0,,,,,,9999.0,,,,,,9999.0,,,,
1956,5,23,,,,,,,,,,0.0,,,,,0.0,0.0,,,,,,,,,,,,,,,,-99.0,,,,,,-99.0,,,,,,-99.0,,,,
1956,5,24,,,,,,,,,,,,,,,,,,,,,,,,,,,,,,,,99.0,,,,,,99.0,,,,,,99.0,,,,
1956,5,25,,,,,,,,,,0.0,,,,,0.0,0.0,,91.94,60.08,,,,,,,,,,,,,-9999.0,,,,,,-9999.0,,,,,,-9999.0,,,,
1956,5,26,,,,,,,,,,0.0,,,,,0.0,0.0,,32.0,32.0,,,,,,,,,,,,,-9.0,,,,,,-9.0,,,,,,,,,,
1956,5,27,,,,,,,,,,,,,,,0.0,0.0,,93.91999999999999,64.04,,,,,,,,,,,,,999.0,,,,,,999.0,,,,,,1.0,,,,
1956,5,28,,,,,,,,,,0.0,,,,,0.0,0.0,,,,,,,,,,,,,,,,-999.0,,,,,,,,,,,,,,,,
1956,5,30,,,,,,,,,,0.0,,,,,0.0,0.0,,69.98,57.92,,,,,,,,,,,,,9999.0,,,,,,1.0,,,,,,9999.0,,,,
1956,5,31,,,,,,,,,,0.0,,,,,0.0,0.0,,,,,,,,,,,,,,,,-99.0,,,,,,,,,,,,-99.0,,,,
1956,6,1,,,,,,,,,,0.0,,,,,0.0,0.0,,73.04,55.04,,,,,,,,,,,,,-9999.0,,,,,,-9999.0,,,,,,-9999.0,,,,
1956,6,2,,,,,,,,,,0.0,,,,,0.0,0.0,,32.0,32.0,,,,,,,,,,,,,,,,,,,-9.0,,,,,,,,,,
1956,6,3,,,,,,,,,,,,,,,0.0,0.0,,80.06,60.08,,,,,,,,,,,,,1.0,,,,,,999.0,,,,,,1.0,,,,
1956,6,4,,,,,,,,,,0.0,,,,,0.0,0.0,,,,,,,,,,,,,,,,0.0,,,,,,,,,,,,,,,,
1956,6,6,,,,,,,,,,0.0,,,,,0.0,0.0,,69.98,59.0,,,,,,,,,,,,,1.0,,,,,,9999.0,,,,,,9999.0,,,,
1956,6,7,,,,,,,,,,0.0,,,,,0.0,0.0,,,,,,,,,,,,,,,,,,,,,,-99.0,,,,,,-99.0,,,,
1956,6,8,,,,,,,,,,,,,,,,,,,,,,,,,,,,,,,,99.0,,,,,,99.0,,,,,,99.0,,,,
1956,6,9,,,,,,,,,,0.0,,,,,0.0,0.0,,71.06,57.92,,,,,,,,,,,,,-9999.0,,,,,,-9999.0,,,,,,-9999.0,,,,
1956,6,10,,,,,,,,,,0.0,,,,,0.0,0.0,,32.0,32.0,,,,,,,,,,,,,-9.0,,,,,,-9.0,,,,,,-9.0,,,,
1956,6,11,,,,,,,,,,0.0,,,,,0.0,0.0,,69.08,59.0,,,,,,,,,,,,,999.0,,,,,,999.0,,,,,,999.0,,,,
1956,6,12,,,,,,,,,,0.0,,,,,0.0,0.0,,,,,,,,,,,,,,,,-999.0,,,,,,,,,,,,-999.0,,,,
1956,6,14,,,,,,,,,,0.0,,,,,0.0,0.0,,69.98,60.08,,,,,,,,,,,,,9999.0,,,,,,1.0,,,,,,9999.0,,,,
1956,6,15,,,,,,,,,,0.0,,,,,0.0,0.0,,,,,,,,,,,,,,,,,,,,,,0.0,,,,,,-99.0,,,,
1956,6,16,,,,,,,,,,,,,,,,,,,,,,,,,,,,,,,,,,,,,,,,,,,,99.0,,,,
1956,6,17,,,,,,,,,,0.0,,,,,0.0,0.0,,75.02,57.92,,,,,,,,,,,,,1.0,,,,,,1.0,,,,,,-9999.0,,,,
1956,6,18,,,,,,,,,,0.0,,,,,0.0,0.0,,32.0,32.0,,,,,,,,,,,,,,,,,,,,,,,,,-9.0,,,,
1956,6,19,,,,,,,,,,0.0,,,,,0.0,0.0,,80.06,57.02,,,,,,,,,,,,,1.0,,,,,,999.0,,,,,,999.0,,,,
1956,6,20,,,,,,,,,,0.0,,,,,0.0,0.0,,,,,,,,,,,,,,,,,,,,,,-999.0,,,,,,-999.0,,,,
1956,6,21,,,,,,,,,,,,,,,,,,,,,,,,,,,,,,,,,,,,,,,,,,,,9.0,,,,
1956,6,22,,,,,,,,,,,,,,,0.0,0.0,,69.98,60.980000000000004,,,,,,,,,,,,,9999.0,,,,,,9999.0,,,,,,1.0,,,,
1956,6,23,,,,,,,,,,0.0,,,,,0.0,0.0,,,,,,,,,,,,,,,,-99.0,,,,,,-99.0,,,,,,,,,,
1956,6,24,,,,,,,,,,,,,,,,,,,,,,,,,,,,,,,,99.0,,,,,,99.0,,,,,,99.0,,,,
1956,6,25,,,,,,,,,,0.0,,,,,0.0,0.0,,69.98,60.980000000000004,,,,,,,,,,,,,-9999.0,,,,,,-9999.0,,,,,,-9999.0,,,,
1956,6,26,,,,,,,,,,0.0,,,,,0.0,0.0,,32.0,32.0,,,,,,,,,,,,,-9.0,,,,,,-9.0,,,,,,-9.0,,,,
1956,6,27,,,,,,,,,,0.0,,,,,0.0,0.0,,68.0,60.08,,,,,,,,,,,,,999.0,,,,,,999.0,,,,,,999.0,,,,
1956,6,28,,,,,,,,,,0.0,,,,,0.0,0.0,,,,,,,,,,,,,,,,-999.0,,,,,,-999.0,,,,,,-999.0,,,,
1956,6,30,,,,,,,,,,0.0,,,,,0.0,0.0,,71.96,62.959999999999994,,,,,,,,,,,,,9999.0,,,,,,9999.0,,,,,,9999.0,,,,
1956,6,31,,,,,,,,,,0.0,,,,,0.0,0.0,,,,,,,,,,,,,,,,-99.0,,,,,,-99.0,,,,,,-99.0,,,,
1956,7,1,,,,,,,,,,0.0,,,,,0.0,0.0,,73.94,62.959999999999994,,,,,,,,,,,,,,,,,,,-9999.0,,,,,,-9999.0,,,,
1956,7,2,,,,,,,,,,0.0,,,,,0.0,0.0,,32.0,32.0,,,,,,,,,,,,,,,,,,,-9.0,,,,,,-9.0,,,,
1956,7,3,,,,,,,,,,0.0,,,,,0.0,0.0,,71.96,62.059999999999995,,,,,,,,,,,,,,,,,,,999.0,,,,,,999.0,,,,
1956,7,4,,,,,,,,,,0.0,,,,,0.0,0.0,,,,,,,,,,,,,,,,,,,,,,-999.0,,,,,,-999.0,,,,
1956,7,6,,,,,,,,,,0.0,,,,,0.0,0.0,,73.94,60.08,,,,,,,,,,,,,,,,,,,9999.0,,,,,,9999.0,,,,
1956,7,7,,,,,,,,,,0.0,,,,,0.0,0.0,,,,,,,,,,,,,,,,,,,,,,-99.0,,,,,,-99.0,,,,
1956,7,8,,,,,,,,,,,,,,,,,,,,,,,,,,,,,,,,,,,,,,99.0,,,,,,99.0,,,,
1956,7,9,,,,,,,,,,0.0,,,,,0.0,0.0,,75.02,62.959999999999994,,,,,,,,,,,,,,,,,,,-9999.0,,,,,,-9999.0,,,,
1956,7,10,,,,,,,,,,0.0,,,,,0.0,0.0,,32.0,32.0,,,,,,,,,,,,,,,,,,,,,,,,,-9.0,,,,
1956,7,11,,,,,,,,,,0.0,,,,,0.0,0.0,,73.04,62.959999999999994,,,,,,,,,,,,,,,,,,,1.0,,,,,,999.0,,,,
1956,7,12,,,,,,,,,,0.0,,,,,0.0,0.0,,,,,,,,,,,,,,,,,,,,,,0.0,,,,,,-999.0,,,,
1956,7,14,,,,,,,,,,0.0,,,,,0.0,0.0,,73.94,64.04,,,,,,,,,,,,,,,,,,,1.0,,,,,,9999.0,,,,
1956,7,15,,,,,,,,,,0.0,,,,,0.0,0.0,,,,,,,,,,,,,,,,,,,,,,0.0,,,,,,-99.0,,,,
1956,7,16,,,,,,,,,,,,,,,,,,,,,,,,,,,,,,,,,,,,,,,,,,,,99.0,,,,
1956,7,17,,,,,,,,,,0.0,,,,,0.0,0.0,,73.04,62.059999999999995,,,,,,,,,,,,,,,,,,,1.0,,,,,,-9999.0,,,,
1956,7,18,,,,,,,,,,0.0,,,,,0.0,0.0,,32.0,32.0,,,,,,,,,,,,,,,,,,,,,,,,,-9.0,,,,
1956,7,19,,,,,,,,,,0.0,,,,,0.0,0.0,,71.06,62.059999999999995,,,,,,,,,,,,,,,,,,,999.0,,,,,,999.0,,,,
1956,7,20,,,,,,,,,,0.0,,,,,0.0,0.0,,,,,,,,,,,,,,,,,,,,,,-999.0,,,,,,-999.0,,,,
1956,7,22,,,,,,,,,,0.0,,,,,0.0,0.0,,75.02,64.04,,,,,,,,,,,,,,,,,,,9999.0,,,,,,9999.0,,,,
1956,7,23,,,,,,,,,,0.0,,,,,0.0,0.0,,,,,,,,,,,,,,,,,,,,,,-99.0,,,,,,-99.0,,,,
1956,7,24,,,,,,,,,,,,,,,,,,,,,,,,,,,,,,,,,,,,,,99.0,,,,,,99.0,,,,
1956,7,25,,,,,,,,,,0.0,,,,,0.0,0.0,,73.94,64.04,,,,,,,,,,,,,,,,,,,1.0,,,,,,-9999.0,,,,
1956,7,26,,,,,,,,,,0.0,,,,,0.0,0.0,,32.0,32.0,,,,,,,,,,,,,,,,,,,,,,,,,-9.0,,,,
1956,7,27,,,,,,,,,,0.0,,,,,0.0,0.0,,75.02,62.959999999999994,,,,,,,,,,,,,,,,,,,999.0,,,,,,999.0,,,,
1956,7,28,,,,,,,,,,0.0,,,,,0.0,0.0,,,,,,,,,,,,,,,,,,,,,,-999.0,,,,,,-999.0,,,,
1956,7,30,,,,,,,,,,0.0,,,,,0.0,0.0,,77.0,62.959999999999994,,,,,,,,,,,,,,,,,,,9999.0,,,,,,9999.0,,,,
1956,7,31,,,,,,,,,,0.0,,,,,0.0,0.0,,,,,,,,,,,,,,,,,,,,,,,,,,,,-99.0,,,,
1956,8,1,,,,,,,,,,0.0,,,,,0.0,0.0,,73.04,62.959999999999994,,,,,,,,,,,,,-9999.0,,,,,,-9999.0,,,,,,-9999.0,,,,
1956,8,2,,,,,,,,,,0.0,,,,,0.0,0.0,,32.0,32.0,,,,,,,,,,,,,-9.0,,,,,,-9.0,,,,,,-9.0,,,,
1956,8,3,,,,,,,,,,0.0,,,,,0.0,0.0,,71.96,64.04,,,,,,,,,,,,,999.0,,,,,,999.0,,,,,,999.0,,,,
1956,8,4,,,,,,,,,,0.0,,,,,0.0,0.0,,,,,,,,,,,,,,,,-999.0,,,,,,-999.0,,,,,,-999.0,,,,
1956,8,6,,,,,,,,,,0.0,,,,,0.0,0.0,,75.02,60.08,,,,,,,,,,,,,9999.0,,,,,,9999.0,,,,,,9999.0,,,,
1956,8,7,,,,,,,,,,0.0,,,,,0.0,0.0,,,,,,,,,,,,,,,,-99.0,,,,,,-99.0,,,,,,-99.0,,,,
1956,8,8,,,,,,,,,,,,,,,,,,,,,,,,,,,,,,,,99.0,,,,,,99.0,,,,,,99.0,,,,
1956,8,9,,,,,,,,,,0.0,,,,,0.0,0.0,,75.92,64.04,,,,,,,,,,,,,-9999.0,,,,,,-9999.0,,,,,,-9999.0,,,,
1956,8,10,,,,,,,,,,0.0,,,,,0.0,0.0,,32.0,32.0,,,,,,,,,,,,,-9.0,,,,,,,,,,,,-9.0,,,,
1956,8,11,,,,,,,,,,0.0,,,,,0.0,0.0,,75.02,62.959999999999994,,,,,,,,,,,,,999.0,,,,,,1.0,,,,,,999.0,,,,
1956,8,12,,,,,,,,,,0.0,,,,,0.0,0.0,,,,,,,,,,,,,,,,-999.0,,,,,,0.0,,,,,,-999.0,,,,
1956,8,14,,,,,,,,,,0.0,,,,,0.0,0.0,,75.92,64.04,,,,,,,,,,,,,9999.0,,,,,,1.0,,,,,,9999.0,,,,
1956,8,15,,,,,,,,,,0.0,,,,,0.0,0.0,,,,,,,,,,,,,,,,-99.0,,,,,,0.0,,,,,,-99.0,,,,
1956,8,16,,,,,,,,,,,,,,,,,,,,,,,,,,,,,,,,99.0,,,,,,,,,,,,99.0,,,,
1956,8,17,,,,,,,,,,0.0,,,,,0.0,0.0,,73.04,64.04,,,,,,,,,,,,,-9999.0,,,,,,-9999.0,,,,,,-9999.0,,,,
1956,8,18,,,,,,,,,,0.0,,,,,0.0,0.0,,32.0,32.0,,,,,,,,,,,,,-9.0,,,,,,-9.0,,,,,,-9.0,,,,
1956,8,19,,,,,,,,,,0.0,,,,,0.0,0.0,,73.94,64.94,,,,,,,,,,,,,999.0,,,,,,999.0,,,,,,999.0,,,,
1956,8,20,,,,,,,,,,0.0,,,,,0.0,0.0,,,,,,,,,,,,,,,,-999.0,,,,,,-999.0,,,,,,-999.0,,,,
1956,8,22,,,,,,,,,,0.0,,,,,0.0,0.0,,75.92,64.94,,,,,,,,,,,,,9999.0,,,,,,9999.0,,,,,,9999.0,,,,
1956,8,23,,,,,,,,,,0.0,,,,,0.0,0.0,,,,,,,,,,,,,,,,,,,,,,,,,,,,-99.0,,,,
1956,8,24,,,,,,,,,,,,,,,,,,,,,,,,,,,,,,,,,,,,,,,,,,,,99.0,,,,
1956,8,25,,,,,,,,,,0.0,,,,,0.0,0.0,,73.04,64.94,,,,,,,,,,,,,-9999.0,,,,,,-9999.0,,,,,,-9999.0,,,,
1956,8,26,,,,,,,,,,0.0,,,,,0.0,0.0,,32.0,32.0,,,,,,,,,,,,,-9.0,,,,,,-9.0,,,,,,-9.0,,,,
1956,8,27,,,,,,,,,,0.0,,,,,0.0,0.0,,75.02,64.94,,,,,,,,,,,,,999.0,,,,,,999.0,,,,,,999.0,,,,
1956,8,28,,,,,,,,,,0.0,,,,,0.0,0.0,,,,,,,,,,,,,,,,-999.0,,,,,,-999.0,,,,,,-999.0,,,,
1956,8,30,,,,,,,,,,0.0,,,,,0.0,0.0,,75.92,64.04,,,,,,,,,,,,,9999.0,,,,,,9999.0,,,,,,9999.0,,,,
1956,8,31,,,,,,,,,,0.0,,,,,0.0,0.0,,,,,,,,,,,,,,,,-99.0,,,,,,-99.0,,,,,,-99.0,,,,
1956,9,1,,,,,,,,,,0.0,,,,,0.0,0.0,,77.0,64.94,,,,,,,,,,,,,-9999.0,,,,,,1.0,,,,,,-9999.0,,,,
1956,9,2,,,,,,,,,,0.0,,,,,0.0,0.0,,32.0,32.0,,,,,,,,,,,,,-9.0,,,,,,0.0,,,,,,-9.0,,,,
1956,9,3,,,,,,,,,,0.0,,,,,0.0,0.0,,75.92,64.94,,,,,,,,,,,,,999.0,,,,,,1.0,,,,,,999.0,,,,
1956,9,4,,,,,,,,,,0.0,,,,,0.0,0.0,,,,,,,,,,,,,,,,,,,,,,0.0,,,,,,-999.0,,,,
1956,9,6,,,,,,,,,,0.0,,,,,0.0,0.0,,77.0,64.04,,,,,,,,,,,,,1.0,,,,,,1.0,,,,,,9999.0,,,,
1956,9,7,,,,,,,,,,0.0,,,,,0.0,0.0,,,,,,,,,,,,,,,,,,,,,,0.0,,,,,,-99.0,,,,
1956,9,8,,,,,,,,,,,,,,,,,,,,,,,,,,,,,,,,99.0,,,,,,,,,,,,99.0,,,,
1956,9,9,,,,,,,,,,0.0,,,,,0.0,0.0,,77.0,62.959999999999994,,,,,,,,,,,,,-9999.0,,,,,,1.0,,,,,,-9999.0,,,,
1956,9,10,,,,,,,,,,0.0,,,,,0.0,0.0,,32.0,32.0,,,,,,,,,,,,,,,,,,,0.0,,,,,,-9.0,,,,
1956,9,11,,,,,,,,,,0.0,,,,,0.0,0.0,,80.96,57.92,,,,,,,,,,,,,1.0,,,,,,1.0,,,,,,999.0,,,,
1956,9,12,,,,,,,,,,0.0,,,,,0.0,0.0,,,,,,,,,,,,,,,,,,,,,,0.0,,,,,,-999.0,,,,
1956,9,14,,,,,,,,,,0.0,,,,,0.0,0.0,,96.08000000000001,64.94,,,,,,,,,,,,,9999.0,,,,,,9999.0,,,,,,9999.0,,,,
1956,9,15,,,,,,,,,,0.0,,,,,0.0,0.0,,,,,,,,,,,,,,,,-99.0,,,,,,-99.0,,,,,,-99.0,,,,
1956,9,16,,,,,,,,,,,,,,,,,,,,,,,,,,,,,,,,99.0,,,,,,99.0,,,,,,99.0,,,,
1956,9,17,,,,,,,,,,0.0,,,,,0.0,0.0,,80.96,66.02,,,,,,,,,,,,,-9999.0,,,,,,-9999.0,,,,,,-9999.0,,,,
1956,9,18,,,,,,,,,,0.0,,,,,0.0,0.0,,32.0,32.0,,,,,,,,,,,,,-9.0,,,,,,-9.0,,,,,,-9.0,,,,
1956,9,19,,,,,,,,,,0.0,,,,,0.0,0.0,,78.08,64.04,,,,,,,,,,,,,999.0,,,,,,999.0,,,,,,999.0,,,,
1956,9,20,,,,,,,,,,0.0,,,,,0.0,0.0,,,,,,,,,,,,,,,,-999.0,,,,,,,,,,,,-999.0,,,,
1956,9,22,,,,,,,,,,0.0,,,,,0.0,0.0,,80.96,62.059999999999995,,,,,,,,,,,,,9999.0,,,,,,9999.0,,,,,,9999.0,,,,
1956,9,23,,,,,,,,,,0.0,,,,,0.0,0.0,,,,,,,,,,,,,,,,-99.0,,,,,,-99.0,,,,,,-99.0,,,,
1956,9,24,,,,,,,,,,,,,,,,,,,,,,,,,,,,,,,,99.0,,,,,,99.0,,,,,,99.0,,,,
1956,9,25,,,,,,,,,,0.0,,,,,0.0,0.0,,82.94,64.04,,,,,,,,,,,,,-9999.0,,,,,,1.0,,,,,,-9999.0,,,,
1956,9,26,,,,,,,,,,0.0,,,,,0.0,0.0,,32.0,32.0,,,,,,,,,,,,,,,,,,,0.0,,,,,,-9.0,,,,
1956,9,27,,,,,,,,,,0.0,,,,,0.0,0.0,,82.94,62.959999999999994,,,,,,,,,,,,,1.0,,,,,,1.0,,,,,,999.0,,,,
1956,9,28,,,,,,,,,,0.0,,,,,0.0,0.0,,,,,,,,,,,,,,,,,,,,,,,,,,,,-999.0,,,,
1956,9,30,,,,,,,,,,0.0,,,,,0.0,0.0,,82.04,64.94,,,,,,,,,,,,,9999.0,,,,,,9999.0,,,,,,9999.0,,,,
1956,9,31,,,,,,,,,,0.0,,,,,0.0,0.0,,,,,,,,,,,,,,,,-99.0,,,,,,-99.0,,,,,,-99.0,,,,
1956,10,1,,,,,,,,,,0.0,,,,,0.0,0.0,,75.02,64.94,,,,,,,,,,,,,-9999.0,,,,,,1.0,,,,,,1.0,,,,
1956,10,2,,,,,,,,,,,,,,,0.0,0.0,,32.0,32.0,,,,,,,,,,,,,-9.0,,,,,,,,,,,,,,,,
1956,10,3,,,,,,,,,,0.0,,,,,0.0,0.0,,80.96,68.0,,,,,,,,,,,,,999.0,,,,,,999.0,,,,,,999.0,,,,
1956,10,4,,,,,,,,,,0.0,,,,,0.0,0.0,,,,,,,,,,,,,,,,-999.0,,,,,,-999.0,,,,,,-999.0,,,,
1956,10,5,,,,,,,,,,,,,,,,,,,,,,,,,,,,,,,,,,,,,,,,,,,,9.0,,,,
1956,10,6,,,,,,,,,,,,,,,0.0,0.0,,73.94,66.02,,,,,,,,,,,,,9999.0,,,,,,9999.0,,,,,,1.0,,,,
1956,10,7,,,,,,,,,,0.0,,,,,0.0,0.0,,,,,,,,,,,,,,,,-99.0,,,,,,-99.0,,,,,,,,,,
1956,10,8,,,,,,,,,,,,,,,,,,,,,,,,,,,,,,,,99.0,,,,,,99.0,,,,,,99.0,,,,
1956,10,9,,,,,,,,,,0.0,,,,,0.0,0.0,,73.94,62.059999999999995,,,,,,,,,,,,,-9999.0,,,,,,-9999.0,,,,,,1.0,,,,
1956,10,10,,,,,,,,,,,,,,,0.0,0.0,,32.0,32.0,,,,,,,,,,,,,-9.0,,,,,,-9.0,,,,,,,,,,
1956,10,11,,,,,,,,,,0.0,,,,,0.0,0.0,,75.02,57.92,,,,,,,,,,,,,999.0,,,,,,999.0,,,,,,999.0,,,,
1956,10,12,,,,,,,,,,0.0,,,,,0.0,0.0,,,,,,,,,,,,,,,,-999.0,,,,,,,,,,,,-999.0,,,,
1956,10,14,,,,,,,,,,0.0,,,,,0.0,0.0,,75.02,60.980000000000004,,,,,,,,,,,,,9999.0,,,,,,1.0,,,,,,9999.0,,,,
1956,10,15,,,,,,,,,,0.0,,,,,0.0,0.0,,,,,,,,,,,,,,,,,,,,,,0.0,,,,,,-99.0,,,,
1956,10,16,,,,,,,,,,,,,,,,,,,,,,,,,,,,,,,,,,,,,,,,,,,,99.0,,,,
1956,10,17,,,,,,,,,,0.0,,,,,0.0,0.0,,71.96,60.980000000000004,,,,,,,,,,,,,-9999.0,,,,,,-9999.0,,,,,,-9999.0,,,,
1956,10,18,,,,,,,,,,0.0,,,,,0.0,0.0,,32.0,32.0,,,,,,,,,,,,,-9.0,,,,,,-9.0,,,,,,-9.0,,,,
1956,10,19,,,,,,,,,,0.0,,,,,0.0,0.0,,71.96,60.08,,,,,,,,,,,,,999.0,,,,,,999.0,,,,,,999.0,,,,
1956,10,20,,,,,,,,,,0.0,,,,,0.0,0.0,,,,,,,,,,,,,,,,-999.0,,,,,,-999.0,,,,,,-999.0,,,,
1956,10,21,,,,,,,,,,,,,,,,,,,,,,,,,,,,,,,,,,,,,,9.0,,,,,,,,,,
1956,10,22,,,,,,,,,,0.0,,,,,0.0,0.0,,71.96,62.059999999999995,,,,,,,,,,,,,9999.0,,,,,,1.0,,,,,,9999.0,,,,
1956,10,23,,,,,,,,,,0.0,,,,,0.0,0.0,,,,,,,,,,,,,,,,-99.0,,,,,,0.0,,,,,,-99.0,,,,
1956,10,24,,,,,,,,,,,,,,,,,,,,,,,,,,,,,,,,99.0,,,,,,,,,,,,99.0,,,,
1956,10,25,,,,,,,,,,0.0,,,,,0.0,0.0,,71.96,60.08,,,,,,,,,,,,,1.0,,,,,,1.0,,,,,,-9999.0,,,,
1956,10,26,,,,,,,,,,0.0,,,,,0.0,0.0,,32.0,32.0,,,,,,,,,,,,,,,,,,,0.0,,,,,,-9.0,,,,
1956,10,27,,,,,,,,,,0.0,,,,,0.0,0.0,,71.06,60.08,,,,,,,,,,,,,999.0,,,,,,1.0,,,,,,999.0,,,,
1956,10,28,,,,,,,,,,0.0,,,,,0.0,0.0,,,,,,,,,,,,,,,,-999.0,,,,,,0.0,,,,,,-999.0,,,,
1956,10,30,,,,,,,,,,0.0,,,,,0.0,0.0,,71.06,59.0,,,,,,,,,,,,,9999.0,,,,,,1.0,,,,,,9999.0,,,,
1956,10,31,,,,,,,,,,0.0,,,,,0.0,0.0,,,,,,,,,,,,,,,,,,,,,,0.0,,,,,,-99.0,,,,
1956,11,1,,,,,,,,,,0.0,,,,,0.0,0.0,,66.92,50.0,,,,,,,,,,,,,-9999.0,,,,,,-9999.0,,,,,,,,,,
1956,11,2,,,,,,,,,,0.0,,,,,0.0,0.0,,32.0,32.0,,,,,,,,,,,,,-9.0,,,,,,-9.0,,,,,,,,,,
1956,11,3,,,,,,,,,,0.0,,,,,0.0,0.0,,69.08,48.92,,,,,,,,,,,,,999.0,,,,,,999.0,,,,,,,,,,
1956,11,4,,,,,,,,,,0.0,,,,,0.0,0.0,,,,,,,,,,,,,,,,-999.0,,,,,,-999.0,,,,,,,,,,
1956,11,6,,,,,,,,,,0.0,,,,,0.0,0.0,,68.0,46.04,,,,,,,,,,,,,9999.0,,,,,,9999.0,,,,,,,,,,
1956,11,7,,,,,,,,,,0.0,,,,,0.0,0.0,,,32.0,,,,,,,,,,,,,-99.0,,,,,,-99.0,,,,,,,,,,
1956,11,8,,,,,,,,,,,,,,,,,,,,,,,,,,,,,,,,99.0,,,,,,99.0,,,,,,,,,,
1956,11,9,,,,,,,,,,0.0,,,,,0.0,0.0,,80.06,51.08,,,,,,,,,,,,,-9999.0,,,,,,1.0,,,,,,,,,,
1956,11,10,,,,,,,,,,0.0,,,,,0.0,0.0,,32.0,32.0,,,,,,,,,,,,,-9.0,,,,,,,,,,,,,,,,
1956,11,11,,,,,,,,,,0.0,,,,,0.0,0.0,,89.06,57.92,,,,,,,,,,,,,999.0,,,,,,999.0,,,,,,,,,,
1956,11,12,,,,,,,,,,0.0,,,,,0.0,0.0,,,,,,,,,,,,,,,,-999.0,,,,,,-999.0,,,,,,,,,,
1956,11,14,,,,,,,,,,0.0,,,,,0.0,0.0,,96.08000000000001,59.0,,,,,,,,,,,,,9999.0,,,,,,9999.0,,,,,,,,,,
1956,11,15,,,,,,,,,,0.0,,,,,0.0,0.0,,,,,,,,,,,,,,,,-99.0,,,,,,-99.0,,,,,,,,,,
1956,11,16,,,,,,,,,,,,,,,,,,,,,,,,,,,,,,,,99.0,,,,,,99.0,,,,,,,,,,
1956,11,17,,,,,,,,,,0.0,,,,,0.0,0.0,,82.04,57.02,,,,,,,,,,,,,1.0,,,,,,-9999.0,,,,,,,,,,
1956,11,18,,,,,,,,,,0.0,,,,,0.0,0.0,,32.0,32.0,,,,,,,,,,,,,0.0,,,,,,,,,,,,,,,,
1956,11,19,,,,,,,,,,0.0,,,,,0.0,0.0,,69.98,51.08,,,,,,,,,,,,,1.0,,,,,,1.0,,,,,,,,,,
1956,11,20,,,,,,,,,,0.0,,,,,0.0,0.0,,,,,,,,,,,,,,,,,,,,,,0.0,,,,,,,,,,
1956,11,22,,,,,,,,,,0.0,,,,,0.0,0.0,,68.0,53.06,,,,,,,,,,,,,9999.0,,,,,,1.0,,,,,,,,,,
1956,11,23,,,,,,,,,,0.0,,,,,0.0,0.0,,,32.0,,,,,,,,,,,,,-99.0,,,,,,0.0,,,,,,,,,,
1956,11,24,,,,,,,,,,,,,,,,,,,,,,,,,,,,,,,,99.0,,,,,,,,,,,,,,,,
1956,11,25,,,,,,,,,,0.0,,,,,0.0,0.0,,77.0,46.04,,,,,,,,,,,,,-9999.0,,,,,,-9999.0,,,,,,,,,,
1956,11,26,,,,,,,,,,0.0,,,,,0.0,0.0,,32.0,32.0,,,,,,,,,,,,,-9.0,,,,,,-9.0,,,,,,,,,,
1956,11,27,,,,,,,,,,0.0,,,,,0.0,0.0,,80.96,51.08,,,,,,,,,,,,,999.0,,,,,,999.0,,,,,,,,,,
1956,11,28,,,,,,,,,,0.0,,,,,0.0,0.0,,,,,,,,,,,,,,,,-999.0,,,,,,,,,,,,,,,,
1956,11,30,,,,,,,,,,0.0,,,,,0.0,0.0,,71.06,53.06,,,,,,,,,,,,,9999.0,,,,,,9999.0,,,,,,,,,,
1956,11,31,,,,,,,,,,0.0,,,,,0.0,0.0,,,32.0,,,,,,,,,,,,,-99.0,,,,,,-99.0,,,,,,,,,,
1956,12,1,,,,,,,,,,0.0,,,,,0.0,0.0,,75.92,48.92,,,,,,,,,,,,,-9999.0,,,,,,-9999.0,,,,,,-9999.0,,,,
1956,12,2,,,,,,,,,,0.0,,,,,0.0,0.0,,32.0,32.0,,,,,,,,,,,,,,,,,,,,,,,,,-9.0,,,,
1956,12,3,,,,,,,,,,0.0,,,,,0.0,0.0,,71.06,48.02,,,,,,,,,,,,,1.0,,,,,,1.0,,,,,,999.0,,,,
1956,12,4,,,,,,,,,,0.0,,,,,0.0,0.0,,,,,,,,,,,,,,,,,,,,,,0.0,,,,,,-999.0,,,,
1956,12,6,,,,,,,,,,0.0,,,,,0.0,0.0,,66.02,50.0,,,,,,,,,,,,,1.0,,,,,,1.0,,,,,,9999.0,,,,
1956,12,7,,,,,,,,,,0.0,,,,,0.0,0.0,,,,,,,,,,,,,,,,,,,,,,0.0,,,,,,-99.0,,,,
1956,12,8,,,,,,,,,,,,,,,,,,,,,,,,,,,,,,,,,,,,,,,,,,,,99.0,,,,
1956,12,9,,,,,,,,,,38.0,,,,,0.0,0.0,,62.959999999999994,55.04,,,,,,,,,,,,,-9999.0,,,,,,-9999.0,,,,,,1.0,,,,
1956,12,10,,,,,,,,,,0.0,,,,,0.0,0.0,,32.0,32.0,,,,,,,,,,,,,-9.0,,,,,,-9.0,,,,,,,,,,
1956,12,11,,,,,,,,,,8.0,,,,,0.0,0.0,,62.059999999999995,48.02,,,,,,,,,,,,,999.0,,,,,,999.0,,,,,,1.0,,,,
1956,12,12,,,,,,,,,,0.0,,,,,0.0,0.0,,,,,,,,,,,,,,,,-999.0,,,,,,-999.0,,,,,,,,,,
1956,12,14,,,,,,,,,,0.0,,,,,0.0,0.0,,69.08,41.0,,,,,,,,,,,,,9999.0,,,,,,9999.0,,,,,,9999.0,,,,
1956,12,15,,,,,,,,,,0.0,,,,,0.0,0.0,,,32.0,,,,,,,,,,,,,-99.0,,,,,,-99.0,,,,,,-99.0,,,,
1956,12,16,,,,,,,,,,,,,,,,,,,,,,,,,,,,,,,,99.0,,,,,,99.0,,,,,,99.0,,,,
1956,12,17,,,,,,,,,,0.0,,,,,0.0,0.0,,66.92,48.02,,,,,,,,,,,,,-9999.0,,,,,,-9999.0,,,,,,-9999.0,,,,
1956,12,18,,,,,,,,,,0.0,,,,,0.0,0.0,,32.0,32.0,,,,,,,,,,,,,-9.0,,,,,,-9.0,,,,,,-9.0,,,,
1956,12,19,,,,,,,,,,0.0,,,,,0.0,0.0,,69.98,48.02,,,,,,,,,,,,,999.0,,,,,,999.0,,,,,,999.0,,,,
1956,12,20,,,,,,,,,,0.0,,,,,0.0,0.0,,,,,,,,,,,,,,,,,,,,,,-999.0,,,,,,-999.0,,,,
1956,12,21,,,,,,,,,,,,,,,,,,,,,,,,,,,,,,,,,,,,,,9.0,,,,,,,,,,
1956,12,22,,,,,,,,,,0.0,,,,,0.0,0.0,,66.02,55.04,,,,,,,,,,,,,1.0,,,,,,1.0,,,,,,9999.0,,,,
1956,12,23,,,,,,,,,,0.0,,,,,0.0,0.0,,,,,,,,,,,,,,,,,,,,,,0.0,,,,,,-99.0,,,,
1956,12,24,,,,,,,,,,,,,,,,,,,,,,,,,,,,,,,,,,,,,,,,,,,,99.0,,,,
1956,12,25,,,,,,,,,,0.0,,,,,0.0,0.0,,73.94,48.02,,,,,,,,,,,,,1.0,,,,,,1.0,,,,,,-9999.0,,,,
1956,12,26,,,,,,,,,,0.0,,,,,0.0,0.0,,32.0,32.0,,,,,,,,,,,,,,,,,,,0.0,,,,,,-9.0,,,,
1956,12,27,,,,,,,,,,0.0,,,,,0.0,0.0,,80.96,46.04,,,,,,,,,,,,,1.0,,,,,,1.0,,,,,,999.0,,,,
1956,12,28,,,,,,,,,,0.0,,,,,0.0,0.0,,,,,,,,,,,,,,,,,,,,,,,,,,,,-999.0,,,,
1956,12,30,,,,,,,,,,0.0,,,,,0.0,0.0,,71.06,51.98,,,,,,,,,,,,,9999.0,,,,,,9999.0,,,,,,9999.0,,,,
1956,12,31,,,,,,,,,,0.0,,,,,0.0,0.0,,,32.0,,,,,,,,,,,,,-99.0,,,,,,-99.0,,,,,,-99.0,,,,
1957,1,1,,,,,,,,,,0.0,,,,,0.0,0.0,,68.0,51.98,,,,,,,,,,,,,-9999.0,,-9999.0,,-9999.0,,-9999.0,,,,,,-9999.0,,,,
1957,1,2,,,,,,,,,,0.0,,,,,0.0,0.0,,32.0,32.0,,,,,,,,,,,,,-9.0,,-9.0,,-9.0,,-9.0,,,,,,,,,,
1957,1,3,,,,,,,,,,,,,,,0.0,0.0,,66.02,46.94,,,,,,,,,,,,,999.0,,999.0,,999.0,,999.0,,,,,,1.0,,,,
1957,1,4,,,,,,,,,,0.0,,,,,0.0,0.0,,,,,,,,,,,,,,,,-999.0,,-999.0,,-999.0,,-999.0,,,,,,,,,,
1957,1,6,,,,,,,,,,8.0,,,,,0.0,0.0,,60.08,53.96,,,,,,,,,,,,,9999.0,,9999.0,,9999.0,,9999.0,,,,,,1.0,,,,
1957,1,7,,,,,,,,,,,,,,,0.0,0.0,,,,,,,,,,,,,,,,-99.0,,-99.0,,-99.0,,-99.0,,,,,,,,,,
1957,1,8,,,,,,,,,,,,,,,,,,,,,,,,,,,,,,,,99.0,,99.0,,99.0,,99.0,,,,,,,,,,
1957,1,9,,,,,,,,,,0.0,,,,,0.0,0.0,,68.0,50.0,,,,,,,,,,,,,-9999.0,,-9999.0,,-9999.0,,1.0,,,,,,-9999.0,,,,
1957,1,10,,,,,,,,,,0.0,,,,,0.0,0.0,,32.0,32.0,,,,,,,,,,,,,,,-9.0,,-9.0,,0.0,,,,,,,,,,
1957,1,11,,,,,,,,,,323.0,,,,,0.0,0.0,,57.02,53.96,,,,,,,,,,,,,1.0,,999.0,,999.0,,1.0,,,,,,1.0,,,,
1957,1,12,,,,,,,,,,,,,,,0.0,0.0,,,,,,,,,,,,,,,,,,-999.0,,-999.0,,,,,,,,,,,,
1957,1,13,,,,,,,,,,,,,,,,,,,,,,,,,,,,,,,,,,,,,,9.0,,,,,,,,,,
1957,1,14,,,,,,,,,,48.0,,,,,0.0,0.0,,64.04,53.96,,,,,,,,,,,,,1.0,,9999.0,,9999.0,,1.0,,,,,,1.0,,,,
1957,1,15,,,,,,,,,,0.0,,,,,0.0,0.0,,,,,,,,,,,,,,,,,,-99.0,,-99.0,,,,,,,,,,,,
1957,1,16,,,,,,,,,,,,,,,,,,,,,,,,,,,,,,,,99.0,,99.0,,99.0,,99.0,,,,,,,,,,
1957,1,17,,,,,,,,,,0.0,,,,,0.0,0.0,,64.04,53.96,,,,,,,,,,,,,-9999.0,,-9999.0,,-9999.0,,-9999.0,,,,,,1.0,,,,
1957,1,18,,,,,,,,,,,,,,,0.0,0.0,,32.0,32.0,,,,,,,,,,,,,-9.0,,-9.0,,-9.0,,-9.0,,,,,,,,,,
1957,1,19,,,,,,,,,,10.0,,,,,0.0,0.0,,66.92,57.02,,,,,,,,,,,,,999.0,,999.0,,999.0,,999.0,,,,,,1.0,,,,
1957,1,20,,,,,,,,,,,,,,,0.0,0.0,,,,,,,,,,,,,,,,,,-999.0,,-999.0,,-999.0,,,,,,,,,,
1957,1,22,,,,,,,,,,0.0,,,,,0.0,0.0,,62.959999999999994,53.06,,,,,,,,,,,,,9999.0,,9999.0,,9999.0,,9999.0,,,,,,9999.0,,,,
1957,1,23,,,,,,,,,,0.0,,,,,0.0,0.0,,,32.0,,,,,,,,,,,,,-99.0,,-99.0,,-99.0,,,,,,,,-99.0,,,,
1957,1,24,,,,,,,,,,,,,,,,,,,,,,,,,,,,,,,,99.0,,99.0,,99.0,,,,,,,,99.0,,,,
1957,1,25,,,,,,,,,,0.0,,,,,0.0,0.0,,71.96,46.94,,,,,,,,,,,,,-9999.0,,-9999.0,,-9999.0,,1.0,,,,,,-9999.0,,,,
1957,1,26,,,,,,,,,,0.0,,,,,0.0,0.0,,32.0,32.0,,,,,,,,,,,,,-9.0,,-9.0,,-9.0,,,,,,,,-9.0,,,,
1957,1,27,,,,,,,,,,0.0,,,,,0.0,0.0,,71.06,50.0,,,,,,,,,,,,,999.0,,999.0,,999.0,,999.0,,,,,,999.0,,,,
1957,1,28,,,,,,,,,,0.0,,,,,0.0,0.0,,,,,,,,,,,,,,,,-999.0,,-999.0,,-999.0,,-999.0,,,,,,-999.0,,,,
1957,1,30,,,,,,,,,,0.0,,,,,0.0,0.0,,69.98,46.04,,,,,,,,,,,,,9999.0,,9999.0,,9999.0,,9999.0,,,,,,9999.0,,,,
1957,1,31,,,,,,,,,,0.0,,,,,0.0,0.0,,,32.0,,,,,,,,,,,,,-99.0,,-99.0,,-99.0,,-99.0,,,,,,,,,,
1957,2,1,,,,,,,,,,0.0,,,,,0.0,0.0,,62.959999999999994,42.980000000000004,,,,,,,,,,,,,-9999.0,,,,,,-9999.0,,,,,,-9999.0,,,,
1957,2,2,,,,,,,,,,0.0,,,,,0.0,0.0,,32.0,32.0,,,,,,,,,,,,,-9.0,,,,,,,,,,,,-9.0,,,,
1957,2,3,,,,,,,,,,0.0,,,,,0.0,0.0,,59.0,44.96,,,,,,,,,,,,,999.0,,,,,,1.0,,,,,,999.0,,,,
1957,2,4,,,,,,,,,,0.0,,,,,0.0,0.0,,,,,,,,,,,,,,,,-999.0,,,,,,,,,,,,-999.0,,,,
1957,2,5,,,,,,,,,,,,,,,,,,,,,,,,,,,,,,,,,,,,,,9.0,,,,,,,,,,
1957,2,6,,,,,,,,,,0.0,,,,,0.0,0.0,,66.92,46.04,,,,,,,,,,,,,9999.0,,,,,,1.0,,,,,,9999.0,,,,
1957,2,7,,,,,,,,,,0.0,,,,,0.0,0.0,,,32.0,,,,,,,,,,,,,-99.0,,,,,,0.0,,,,,,-99.0,,,,
1957,2,8,,,,,,,,,,,,,,,,,,,,,,,,,,,,,,,,99.0,,,,,,,,,,,,99.0,,,,
1957,2,9,,,,,,,,,,0.0,,,,,0.0,0.0,,69.08,46.94,,,,,,,,,,,,,-9999.0,,,,,,1.0,,,,,,-9999.0,,,,
1957,2,10,,,,,,,,,,0.0,,,,,0.0,0.0,,32.0,32.0,,,,,,,,,,,,,,,,,,,0.0,,,,,,-9.0,,,,
1957,2,11,,,,,,,,,,0.0,,,,,0.0,0.0,,62.959999999999994,46.94,,,,,,,,,,,,,1.0,,,,,,1.0,,,,,,999.0,,,,
1957,2,12,,,,,,,,,,0.0,,,,,0.0,0.0,,,,,,,,,,,,,,,,,,,,,,0.0,,,,,,-999.0,,,,
1957,2,13,,,,,,,,,,,,,,,,,,,,,,,,,,,,,,,,,,,,,,,,,,,,9.0,,,,
1957,2,14,,,,,,,,,,,,,,,0.0,0.0,,73.04,57.02,,,,,,,,,,,,,9999.0,,,,,,1.0,,,,,,1.0,,,,
1957,2,15,,,,,,,,,,0.0,,,,,0.0,0.0,,,,,,,,,,,,,,,,-99.0,,,,,,0.0,,,,,,,,,,
1957,2,16,,,,,,,,,,,,,,,,,,,,,,,,,,,,,,,,99.0,,,,,,,,,,,,99.0,,,,
1957,2,17,,,,,,,,,,0.0,,,,,0.0,0.0,,78.98,57.92,,,,,,,,,,,,,-9999.0,,,,,,1.0,,,,,,-9999.0,,,,
1957,2,18,,,,,,,,,,0.0,,,,,0.0,0.0,,32.0,32.0,,,,,,,,,,,,,-9.0,,,,,,0.0,,,,,,-9.0,,,,
1957,2,19,,,,,,,,,,0.0,,,,,0.0,0.0,,80.06,57.92,,,,,,,,,,,,,999.0,,,,,,1.0,,,,,,999.0,,,,
1957,2,20,,,,,,,,,,0.0,,,,,0.0,0.0,,,,,,,,,,,,,,,,-999.0,,,,,,0.0,,,,,,-999.0,,,,
1957,2,21,,,,,,,,,,,,,,,,,,,,,,,,,,,,,,,,9.0,,,,,,,,,,,,9.0,,,,
1957,2,22,,,,,,,,,,,,,,,0.0,0.0,,69.98,53.06,,,,,,,,,,,,,1.0,,,,,,1.0,,,,,,1.0,,,,
1957,2,23,,,,,,,,,,0.0,,,,,0.0,0.0,,,,,,,,,,,,,,,,,,,,,,0.0,,,,,,,,,,
1957,2,25,,,,,,,,,,0.0,,,,,0.0,0.0,,60.980000000000004,57.02,,,,,,,,,,,,,-9999.0,,,,,,-9999.0,,,,,,1.0,,,,
1957,2,26,,,,,,,,,,,,,,,0.0,0.0,,32.0,32.0,,,,,,,,,,,,,-9.0,,,,,,-9.0,,,,,,,,,,
1957,2,27,,,,,,,,,,,,,,,0.0,0.0,,60.08,57.02,,,,,,,,,,,,,999.0,,,,,,999.0,,,,,,1.0,,,,
1957,2,28,,,,,,,,,,0.0,,,,,0.0,0.0,,,,,,,,,,,,,,,,,,,,,,-999.0,,,,,,,,,,
1957,2,30,,,,,,,,,,,,,,,0.0,0.0,,64.94,55.94,,,,,,,,,,,,,9999.0,,,,,,9999.0,,,,,,1.0,,,,
1957,2,31,,,,,,,,,,0.0,,,,,0.0,0.0,,,,,,,,,,,,,,,,-99.0,,,,,,-99.0,,,,,,,,,,
1957,3,1,,,,,,,,,,51.0,,,,,0.0,0.0,,64.94,55.04,,,,,,,,,,,,,-9999.0,,,,,,-9999.0,,,,,,1.0,,,,
1957,3,2,,,,,,,,,,0.0,,,,,0.0,0.0,,32.0,32.0,,,,,,,,,,,,,-9.0,,,,,,-9.0,,,,,,,,,,
1957,3,3,,,,,,,,,,,,,,,0.0,0.0,,64.94,55.04,,,,,,,,,,,,,999.0,,,,,,999.0,,,,,,1.0,,,,
1957,3,4,,,,,,,,,,,,,,,0.0,0.0,,,,,,,,,,,,,,,,-999.0,,,,,,-999.0,,,,,,,,,,
1957,3,6,,,,,,,,,,,,,,,0.0,0.0,,66.92,53.06,,,,,,,,,,,,,9999.0,,,,,,9999.0,,,,,,1.0,,,,
1957,3,7,,,,,,,,,,0.0,,,,,0.0,0.0,,,,,,,,,,,,,,,,-99.0,,,,,,,,,,,,,,,,
1957,3,8,,,,,,,,,,,,,,,,,,,,,,,,,,,,,,,,99.0,,,,,,,,,,,,99.0,,,,
1957,3,9,,,,,,,,,,0.0,,,,,0.0,0.0,,68.0,57.02,,,,,,,,,,,,,-9999.0,,,,,,1.0,,,,,,-9999.0,,,,
1957,3,10,,,,,,,,,,0.0,,,,,0.0,0.0,,32.0,32.0,,,,,,,,,,,,,,,,,,,0.0,,,,,,-9.0,,,,
1957,3,11,,,,,,,,,,0.0,,,,,0.0,0.0,,75.02,55.04,,,,,,,,,,,,,1.0,,,,,,1.0,,,,,,999.0,,,,
1957,3,12,,,,,,,,,,0.0,,,,,0.0,0.0,,,,,,,,,,,,,,,,,,,,,,0.0,,,,,,-999.0,,,,
1957,3,13,,,,,,,,,,,,,,,,,,,,,,,,,,,,,,,,,,,,,,,,,,,,9.0,,,,
1957,3,14,,,,,,,,,,28.0,,,,,0.0,0.0,,62.059999999999995,55.04,,,,,,,,,,,,,9999.0,,,,,,9999.0,,,,,,1.0,,,,
1957,3,15,,,,,,,,,,0.0,,,,,0.0,0.0,,,32.0,,,,,,,,,,,,,-99.0,,,,,,-99.0,,,,,,,,,,
1957,3,16,,,,,,,,,,,,,,,,,,,,,,,,,,,,,,,,99.0,,,,,,99.0,,,,,,99.0,,,,
1957,3,17,,,,,,,,,,0.0,,,,,0.0,0.0,,64.04,50.0,,,,,,,,,,,,,-9999.0,,,,,,-9999.0,,,,,,-9999.0,,,,
1957,3,18,,,,,,,,,,0.0,,,,,0.0,0.0,,32.0,32.0,,,,,,,,,,,,,-9.0,,,,,,-9.0,,,,,,-9.0,,,,
1957,3,19,,,,,,,,,,0.0,,,,,0.0,0.0,,66.02,55.04,,,,,,,,,,,,,999.0,,,,,,999.0,,,,,,999.0,,,,
1957,3,20,,,,,,,,,,0.0,,,,,0.0,0.0,,,,,,,,,,,,,,,,-999.0,,,,,,-999.0,,,,,,-999.0,,,,
1957,3,22,,,,,,,,,,0.0,,,,,0.0,0.0,,66.92,48.02,,,,,,,,,,,,,9999.0,,,,,,9999.0,,,,,,9999.0,,,,
1957,3,23,,,,,,,,,,0.0,,,,,0.0,0.0,,,,,,,,,,,,,,,,-99.0,,,,,,,,,,,,-99.0,,,,
1957,3,24,,,,,,,,,,,,,,,,,,,,,,,,,,,,,,,,99.0,,,,,,,,,,,,99.0,,,,
1957,3,25,,,,,,,,,,71.0,,,,,0.0,0.0,,60.980000000000004,50.0,,,,,,,,,,,,,1.0,,,,,,-9999.0,,,,,,1.0,,,,
1957,3,26,,,,,,,,,,0.0,,,,,0.0,0.0,,32.0,32.0,,,,,,,,,,,,,,,,,,,-9.0,,,,,,,,,,
1957,3,27,,,,,,,,,,0.0,,,,,0.0,0.0,,60.980000000000004,48.02,,,,,,,,,,,,,999.0,,,,,,999.0,,,,,,999.0,,,,
1957,3,28,,,,,,,,,,0.0,,,,,0.0,0.0,,,,,,,,,,,,,,,,-999.0,,,,,,-999.0,,,,,,,,,,
1957,3,30,,,,,,,,,,25.0,,,,,0.0,0.0,,64.04,53.96,,,,,,,,,,,,,9999.0,,,,,,9999.0,,,,,,1.0,,,,
1957,3,31,,,,,,,,,,0.0,,,,,0.0,0.0,,,,,,,,,,,,,,,,-99.0,,,,,,,,,,,,,,,,
1957,4,1,,,,,,,,,,0.0,,,,,0.0,0.0,,66.92,55.94,,,,,,,,,,,,,-9999.0,,-9999.0,,,,-9999.0,,,,,,1.0,,,,
1957,4,2,,,,,,,,,,,,,,,0.0,0.0,,32.0,32.0,,,,,,,,,,,,,-9.0,,-9.0,,,,-9.0,,,,,,,,,,
1957,4,3,,,,,,,,,,0.0,,,,,0.0,0.0,,69.08,50.0,,,,,,,,,,,,,999.0,,999.0,,,,999.0,,,,,,999.0,,,,
1957,4,4,,,,,,,,,,0.0,,,,,0.0,0.0,,,,,,,,,,,,,,,,-999.0,,-999.0,,,,-999.0,,,,,,-999.0,,,,
1957,4,6,,,,,,,,,,0.0,,,,,0.0,0.0,,71.06,53.96,,,,,,,,,,,,,9999.0,,9999.0,,,,9999.0,,,,,,9999.0,,,,
1957,4,7,,,,,,,,,,0.0,,,,,0.0,0.0,,,,,,,,,,,,,,,,-99.0,,-99.0,,,,,,,,,,-99.0,,,,
1957,4,8,,,,,,,,,,,,,,,,,,,,,,,,,,,,,,,,99.0,,99.0,,,,,,,,,,99.0,,,,
1957,4,9,,,,,,,,,,0.0,,,,,0.0,0.0,,62.059999999999995,57.02,,,,,,,,,,,,,-9999.0,,-9999.0,,,,1.0,,,,,,-9999.0,,,,
1957,4,10,,,,,,,,,,0.0,,,,,0.0,0.0,,32.0,32.0,,,,,,,,,,,,,-9.0,,-9.0,,,,,,,,,,-9.0,,,,
1957,4,11,,,,,,,,,,0.0,,,,,0.0,0.0,,64.94,53.06,,,,,,,,,,,,,999.0,,999.0,,,,999.0,,,,,,999.0,,,,
1957,4,12,,,,,,,,,,0.0,,,,,0.0,0.0,,,,,,,,,,,,,,,,-999.0,,-999.0,,,,-999.0,,,,,,-999.0,,,,
1957,4,14,,,,,,,,,,0.0,,,,,0.0,0.0,,64.04,53.06,,,,,,,,,,,,,9999.0,,9999.0,,,,9999.0,,,,,,9999.0,,,,
1957,4,15,,,,,,,,,,0.0,,,,,0.0,0.0,,,,,,,,,,,,,,,,-99.0,,-99.0,,,,-99.0,,,,,,-99.0,,,,
1957,4,16,,,,,,,,,,,,,,,,,,,,,,,,,,,,,,,,99.0,,99.0,,,,99.0,,,,,,99.0,,,,
1957,4,17,,,,,,,,,,0.0,,,,,0.0,0.0,,64.94,57.02,,,,,,,,,,,,,-9999.0,,-9999.0,,,,-9999.0,,,,,,-9999.0,,,,
1957,4,18,,,,,,,,,,0.0,,,,,0.0,0.0,,32.0,32.0,,,,,,,,,,,,,-9.0,,-9.0,,,,-9.0,,,,,,-9.0,,,,
1957,4,19,,,,,,,,,,0.0,,,,,0.0,0.0,,66.92,57.02,,,,,,,,,,,,,999.0,,999.0,,,,999.0,,,,,,999.0,,,,
1957,4,20,,,,,,,,,,0.0,,,,,0.0,0.0,,,,,,,,,,,,,,,,-999.0,,-999.0,,,,-999.0,,,,,,-999.0,,,,
1957,4,21,,,,,,,,,,,,,,,,,,,,,,,,,,,,,,,,9.0,,,,,,9.0,,,,,,9.0,,,,
1957,4,22,,,,,,,,,,5.0,,,,,0.0,0.0,,71.96,55.04,,,,,,,,,,,,,1.0,,9999.0,,,,1.0,,,,,,1.0,,,,
1957,4,23,,,,,,,,,,0.0,,,,,0.0,0.0,,,,,,,,,,,,,,,,,,-99.0,,,,,,,,,,,,,,
1957,4,24,,,,,,,,,,,,,,,,,,,,,,,,,,,,,,,,99.0,,99.0,,,,99.0,,,,,,,,,,
1957,4,25,,,,,,,,,,0.0,,,,,0.0,0.0,,66.02,55.04,,,,,,,,,,,,,-9999.0,,-9999.0,,,,-9999.0,,,,,,-9999.0,,,,
1957,4,26,,,,,,,,,,0.0,,,,,0.0,0.0,,32.0,32.0,,,,,,,,,,,,,-9.0,,-9.0,,,,-9.0,,,,,,-9.0,,,,
1957,4,27,,,,,,,,,,0.0,,,,,0.0,0.0,,69.98,51.08,,,,,,,,,,,,,999.0,,999.0,,,,999.0,,,,,,999.0,,,,
1957,4,28,,,,,,,,,,,,,,,0.0,0.0,,,,,,,,,,,,,,,,-999.0,,-999.0,,,,-999.0,,,,,,,,,,
1957,4,30,,,,,,,,,,,,,,,0.0,0.0,,64.94,53.06,,,,,,,,,,,,,9999.0,,9999.0,,,,9999.0,,,,,,1.0,,,,
1957,4,31,,,,,,,,,,0.0,,,,,0.0,0.0,,,32.0,,,,,,,,,,,,,-99.0,,-99.0,,,,-99.0,,,,,,,,,,
1957,5,1,,,,,,,,,,0.0,,,,,0.0,0.0,,68.0,55.94,,,,,,,,,,,,,-9999.0,,,,,,-9999.0,,,,,,-9999.0,,,,
1957,5,2,,,,,,,,,,0.0,,,,,0.0,0.0,,32.0,32.0,,,,,,,,,,,,,-9.0,,,,,,-9.0,,,,,,-9.0,,,,
1957,5,3,,,,,,,,,,0.0,,,,,0.0,0.0,,69.08,55.04,,,,,,,,,,,,,999.0,,,,,,999.0,,,,,,999.0,,,,
1957,5,4,,,,,,,,,,0.0,,,,,0.0,0.0,,,,,,,,,,,,,,,,-999.0,,,,,,-999.0,,,,,,-999.0,,,,
1957,5,5,,,,,,,,,,,,,,,,,,,,,,,,,,,,,,,,9.0,,,,,,,,,,,,,,,,
1957,5,6,,,,,,,,,,0.0,,,,,0.0,0.0,,66.92,57.92,,,,,,,,,,,,,1.0,,,,,,9999.0,,,,,,9999.0,,,,
1957,5,7,,,,,,,,,,0.0,,,,,0.0,0.0,,,,,,,,,,,,,,,,,,,,,,-99.0,,,,,,-99.0,,,,
1957,5,8,,,,,,,,,,,,,,,,,,,,,,,,,,,,,,,,99.0,,,,,,99.0,,,,,,99.0,,,,
1957,5,9,,,,,,,,,,0.0,,,,,0.0,0.0,,68.0,60.08,,,,,,,,,,,,,-9999.0,,,,,,-9999.0,,,,,,-9999.0,,,,
1957,5,10,,,,,,,,,,0.0,,,,,0.0,0.0,,32.0,32.0,,,,,,,,,,,,,-9.0,,,,,,-9.0,,,,,,-9.0,,,,
1957,5,11,,,,,,,,,,0.0,,,,,0.0,0.0,,68.0,60.08,,,,,,,,,,,,,999.0,,,,,,999.0,,,,,,999.0,,,,
1957,5,12,,,,,,,,,,0.0,,,,,0.0,0.0,,,,,,,,,,,,,,,,-999.0,,,,,,-999.0,,,,,,,,,,
1957,5,14,,,,,,,,,,20.0,,,,,0.0,0.0,,69.08,57.02,,,,,,,,,,,,,9999.0,,,,,,9999.0,,,,,,1.0,,,,
1957,5,15,,,,,,,,,,0.0,,,,,0.0,0.0,,,,,,,,,,,,,,,,-99.0,,,,,,-99.0,,,,,,,,,,
1957,5,16,,,,,,,,,,,,,,,,,,,,,,,,,,,,,,,,99.0,,,,,,99.0,,,,,,,,,,
1957,5,17,,,,,,,,,,107.0,,,,,0.0,0.0,,66.02,55.94,,,,,,,,,,,,,-9999.0,,,,,,-9999.0,,,,,,1.0,,,,
1957,5,18,,,,,,,,,,0.0,,,,,0.0,0.0,,32.0,32.0,,,,,,,,,,,,,-9.0,,,,,,-9.0,,,,,,,,,,
1957,5,19,,,,,,,,,,,,,,,0.0,0.0,,66.92,53.06,,,,,,,,,,,,,999.0,,,,,,999.0,,,,,,1.0,,,,
1957,5,20,,,,,,,,,,0.0,,,,,0.0,0.0,,,,,,,,,,,,,,,,-999.0,,,,,,-999.0,,,,,,,,,,
1957,5,22,,,,,,,,,,10.0,,,,,0.0,0.0,,66.92,57.02,,,,,,,,,,,,,9999.0,,,,,,9999.0,,,,,,1.0,,,,
1957,5,23,,,,,,,,,,0.0,,,,,0.0,0.0,,,,,,,,,,,,,,,,-99.0,,,,,,-99.0,,,,,,,,,,
1957,5,24,,,,,,,,,,,,,,,,,,,,,,,,,,,,,,,,99.0,,,,,,99.0,,,,,,,,,,
1957,5,25,,,,,,,,,,0.0,,,,,0.0,0.0,,71.96,55.04,,,,,,,,,,,,,-9999.0,,,,,,-9999.0,,,,,,-9999.0,,,,
1957,5,26,,,,,,,,,,0.0,,,,,0.0,0.0,,32.0,32.0,,,,,,,,,,,,,-9.0,,,,,,-9.0,,,,,,-9.0,,,,
1957,5,27,,,,,,,,,,0.0,,,,,0.0,0.0,,68.0,60.980000000000004,,,,,,,,,,,,,999.0,,,,,,999.0,,,,,,999.0,,,,
1957,5,28,,,,,,,,,,0.0,,,,,0.0,0.0,,,,,,,,,,,,,,,,-999.0,,,,,,-999.0,,,,,,-999.0,,,,
1957,5,29,,,,,,,,,,,,,,,,,,,,,,,,,,,,,,,,9.0,,,,,,,,,,,,9.0,,,,
1957,5,30,,,,,,,,,,23.0,,,,,0.0,0.0,,68.0,60.08,,,,,,,,,,,,,1.0,,,,,,9999.0,,,,,,1.0,,,,
1957,5,31,,,,,,,,,,0.0,,,,,0.0,0.0,,,,,,,,,,,,,,,,,,,,,,-99.0,,,,,,,,,,
1957,6,1,,,,,,,,,,0.0,,,,,0.0,0.0,,73.04,60.08,,,,,,,,,,,,,1.0,,,,,,1.0,,,,,,-9999.0,,,,
1957,6,2,,,,,,,,,,0.0,,,,,0.0,0.0,,32.0,32.0,,,,,,,,,,,,,,,,,,,0.0,,,,,,-9.0,,,,
1957,6,3,,,,,,,,,,0.0,,,,,0.0,0.0,,75.92,59.0,,,,,,,,,,,,,1.0,,,,,,1.0,,,,,,999.0,,,,
1957,6,4,,,,,,,,,,0.0,,,,,0.0,0.0,,,,,,,,,,,,,,,,,,,,,,0.0,,,,,,-999.0,,,,
1957,6,6,,,,,,,,,,0.0,,,,,0.0,0.0,,78.08,59.0,,,,,,,,,,,,,1.0,,,,,,1.0,,,,,,9999.0,,,,
1957,6,7,,,,,,,,,,0.0,,,,,0.0,0.0,,,,,,,,,,,,,,,,,,,,,,0.0,,,,,,-99.0,,,,
1957,6,8,,,,,,,,,,,,,,,,,,,,,,,,,,,,,,,,,,,,,,,,,,,,99.0,,,,
1957,6,9,,,,,,,,,,0.0,,,,,0.0,0.0,,71.06,60.08,,,,,,,,,,,,,-9999.0,,,,,,1.0,,,,,,-9999.0,,,,
1957,6,10,,,,,,,,,,0.0,,,,,0.0,0.0,,32.0,32.0,,,,,,,,,,,,,-9.0,,,,,,,,,,,,-9.0,,,,
1957,6,11,,,,,,,,,,0.0,,,,,0.0,0.0,,66.92,60.08,,,,,,,,,,,,,999.0,,,,,,999.0,,,,,,999.0,,,,
1957,6,12,,,,,,,,,,0.0,,,,,0.0,0.0,,,,,,,,,,,,,,,,-999.0,,,,,,-999.0,,,,,,,,,,
1957,6,13,,,,,,,,,,,,,,,,,,,,,,,,,,,,,,,,9.0,,,,,,,,,,,,,,,,
1957,6,14,,,,,,,,,,30.0,,,,,0.0,0.0,,69.08,62.059999999999995,,,,,,,,,,,,,1.0,,,,,,9999.0,,,,,,1.0,,,,
1957,6,15,,,,,,,,,,0.0,,,,,0.0,0.0,,,,,,,,,,,,,,,,0.0,,,,,,-99.0,,,,,,,,,,
1957,6,16,,,,,,,,,,,,,,,,,,,,,,,,,,,,,,,,,,,,,,99.0,,,,,,,,,,
1957,6,17,,,,,,,,,,0.0,,,,,0.0,0.0,,71.06,62.059999999999995,,,,,,,,,,,,,-9999.0,,,,,,-9999.0,,,,,,-9999.0,,,,
1957,6,18,,,,,,,,,,0.0,,,,,0.0,0.0,,32.0,32.0,,,,,,,,,,,,,-9.0,,,,,,,,,,,,-9.0,,,,
1957,6,19,,,,,,,,,,0.0,,,,,0.0,0.0,,71.06,62.059999999999995,,,,,,,,,,,,,999.0,,,,,,1.0,,,,,,999.0,,,,
1957,6,20,,,,,,,,,,0.0,,,,,0.0,0.0,,,,,,,,,,,,,,,,-999.0,,,,,,0.0,,,,,,-999.0,,,,
1957,6,22,,,,,,,,,,0.0,,,,,0.0,0.0,,69.08,62.059999999999995,,,,,,,,,,,,,9999.0,,,,,,9999.0,,,,,,9999.0,,,,
1957,6,23,,,,,,,,,,0.0,,,,,0.0,0.0,,,,,,,,,,,,,,,,-99.0,,,,,,-99.0,,,,,,-99.0,,,,
1957,6,24,,,,,,,,,,,,,,,,,,,,,,,,,,,,,,,,99.0,,,,,,99.0,,,,,,99.0,,,,
1957,6,25,,,,,,,,,,0.0,,,,,0.0,0.0,,75.92,60.08,,,,,,,,,,,,,-9999.0,,,,,,-9999.0,,,,,,-9999.0,,,,
1957,6,26,,,,,,,,,,0.0,,,,,0.0,0.0,,32.0,32.0,,,,,,,,,,,,,,,,,,,-9.0,,,,,,-9.0,,,,
1957,6,27,,,,,,,,,,0.0,,,,,0.0,0.0,,93.02,60.08,,,,,,,,,,,,,1.0,,,,,,999.0,,,,,,999.0,,,,
1957,6,28,,,,,,,,,,0.0,,,,,0.0,0.0,,,,,,,,,,,,,,,,,,,,,,-999.0,,,,,,-999.0,,,,
1957,6,30,,,,,,,,,,0.0,,,,,0.0,0.0,,89.96000000000001,64.94,,,,,,,,,,,,,9999.0,,,,,,9999.0,,,,,,9999.0,,,,
1957,6,31,,,,,,,,,,0.0,,,,,0.0,0.0,,,,,,,,,,,,,,,,-99.0,,,,,,-99.0,,,,,,-99.0,,,,
1957,7,1,,,,,,,,,,0.0,,,,,0.0,0.0,,77.0,62.959999999999994,,,,,,,,,,,,,-9999.0,,-9999.0,,,,1.0,,,,,,-9999.0,,,,
1957,7,2,,,,,,,,,,0.0,,,,,0.0,0.0,,32.0,32.0,,,,,,,,,,,,,-9.0,,,,,,0.0,,,,,,,,,,
1957,7,3,,,,,,,,,,,,,,,0.0,0.0,,82.94,64.94,,,,,,,,,,,,,999.0,,1.0,,,,1.0,,,,,,1.0,,,,
1957,7,4,,,,,,,,,,0.0,,,,,0.0,0.0,,,,,,,,,,,,,,,,,,,,,,0.0,,,,,,,,,,
1957,7,6,,,,,,,,,,0.0,,,,,0.0,0.0,,89.06,66.02,,,,,,,,,,,,,9999.0,,9999.0,,,,9999.0,,,,,,9999.0,,,,
1957,7,7,,,,,,,,,,0.0,,,,,0.0,0.0,,,,,,,,,,,,,,,,,,-99.0,,,,,,,,,,-99.0,,,,
1957,7,8,,,,,,,,,,,,,,,,,,,,,,,,,,,,,,,,,,99.0,,,,,,,,,,99.0,,,,
1957,7,9,,,,,,,,,,0.0,,,,,0.0,0.0,,75.02,66.02,,,,,,,,,,,,,1.0,,-9999.0,,,,1.0,,,,,,-9999.0,,,,
1957,7,10,,,,,,,,,,0.0,,,,,0.0,0.0,,32.0,32.0,,,,,,,,,,,,,,,-9.0,,,,0.0,,,,,,-9.0,,,,
1957,7,11,,,,,,,,,,0.0,,,,,0.0,0.0,,78.98,64.94,,,,,,,,,,,,,1.0,,999.0,,,,1.0,,,,,,999.0,,,,
1957,7,12,,,,,,,,,,0.0,,,,,0.0,0.0,,,,,,,,,,,,,,,,,,-999.0,,,,0.0,,,,,,-999.0,,,,
1957,7,14,,,,,,,,,,0.0,,,,,0.0,0.0,,73.94,64.04,,,,,,,,,,,,,9999.0,,9999.0,,,,1.0,,,,,,9999.0,,,,
1957,7,15,,,,,,,,,,0.0,,,,,0.0,0.0,,,,,,,,,,,,,,,,-99.0,,-99.0,,,,,,,,,,-99.0,,,,
1957,7,16,,,,,,,,,,,,,,,,,,,,,,,,,,,,,,,,99.0,,99.0,,,,99.0,,,,,,99.0,,,,
1957,7,17,,,,,,,,,,0.0,,,,,0.0,0.0,,78.08,64.94,,,,,,,,,,,,,1.0,,-9999.0,,,,1.0,,,,,,-9999.0,,,,
1957,7,18,,,,,,,,,,0.0,,,,,0.0,0.0,,32.0,32.0,,,,,,,,,,,,,,,-9.0,,,,0.0,,,,,,-9.0,,,,
1957,7,19,,,,,,,,,,0.0,,,,,0.0,0.0,,75.02,64.04,,,,,,,,,,,,,999.0,,999.0,,,,1.0,,,,,,999.0,,,,
1957,7,20,,,,,,,,,,0.0,,,,,0.0,0.0,,,,,,,,,,,,,,,,-999.0,,-999.0,,,,0.0,,,,,,-999.0,,,,
1957,7,21,,,,,,,,,,,,,,,,,,,,,,,,,,,,,,,,9.0,,,,,,,,,,,,,,,,
1957,7,22,,,,,,,,,,0.0,,,,,0.0,0.0,,80.06,64.04,,,,,,,,,,,,,1.0,,9999.0,,,,1.0,,,,,,9999.0,,,,
1957,7,23,,,,,,,,,,0.0,,,,,0.0,0.0,,,,,,,,,,,,,,,,,,-99.0,,,,0.0,,,,,,-99.0,,,,
1957,7,24,,,,,,,,,,,,,,,,,,,,,,,,,,,,,,,,,,99.0,,,,,,,,,,99.0,,,,
1957,7,25,,,,,,,,,,0.0,,,,,0.0,0.0,,73.94,64.04,,,,,,,,,,,,,1.0,,-9999.0,,,,1.0,,,,,,-9999.0,,,,
1957,7,26,,,,,,,,,,0.0,,,,,0.0,0.0,,32.0,32.0,,,,,,,,,,,,,,,-9.0,,,,,,,,,,-9.0,,,,
1957,7,27,,,,,,,,,,0.0,,,,,0.0,0.0,,73.94,66.02,,,,,,,,,,,,,999.0,,999.0,,,,999.0,,,,,,999.0,,,,
1957,7,28,,,,,,,,,,0.0,,,,,0.0,0.0,,,,,,,,,,,,,,,,-999.0,,-999.0,,,,-999.0,,,,,,-999.0,,,,
1957,7,30,,,,,,,,,,0.0,,,,,0.0,0.0,,75.02,64.94,,,,,,,,,,,,,9999.0,,9999.0,,,,9999.0,,,,,,9999.0,,,,
1957,7,31,,,,,,,,,,0.0,,,,,0.0,0.0,,,,,,,,,,,,,,,,-99.0,,-99.0,,,,-99.0,,,,,,-99.0,,,,
1957,8,1,,,,,,,,,,0.0,,,,,0.0,0.0,,82.04,68.0,,,,,,,,,,,,,-9999.0,,,,,,-9999.0,,,,,,-9999.0,,,,
1957,8,2,,,,,,,,,,0.0,,,,,0.0,0.0,,32.0,32.0,,,,,,,,,,,,,-9.0,,,,,,,,,,,,-9.0,,,,
1957,8,3,,,,,,,,,,0.0,,,,,0.0,0.0,,80.06,66.92,,,,,,,,,,,,,999.0,,,,,,1.0,,,,,,999.0,,,,
1957,8,4,,,,,,,,,,0.0,,,,,0.0,0.0,,,,,,,,,,,,,,,,-999.0,,,,,,0.0,,,,,,-999.0,,,,
1957,8,6,,,,,,,,,,0.0,,,,,0.0,0.0,,75.02,66.02,,,,,,,,,,,,,9999.0,,,,,,9999.0,,,,,,9999.0,,,,
1957,8,7,,,,,,,,,,0.0,,,,,0.0,0.0,,,,,,,,,,,,,,,,-99.0,,,,,,-99.0,,,,,,-99.0,,,,
1957,8,8,,,,,,,,,,,,,,,,,,,,,,,,,,,,,,,,99.0,,,,,,99.0,,,,,,99.0,,,,
1957,8,9,,,,,,,,,,0.0,,,,,0.0,0.0,,73.94,64.04,,,,,,,,,,,,,-9999.0,,,,,,-9999.0,,,,,,-9999.0,,,,
1957,8,10,,,,,,,,,,0.0,,,,,0.0,0.0,,32.0,32.0,,,,,,,,,,,,,-9.0,,,,,,-9.0,,,,,,-9.0,,,,
1957,8,11,,,,,,,,,,0.0,,,,,0.0,0.0,,77.0,60.980000000000004,,,,,,,,,,,,,999.0,,,,,,999.0,,,,,,999.0,,,,
1957,8,12,,,,,,,,,,0.0,,,,,0.0,0.0,,,,,,,,,,,,,,,,-999.0,,,,,,-999.0,,,,,,-999.0,,,,
1957,8,13,,,,,,,,,,,,,,,,,,,,,,,,,,,,,,,,,,,,,,9.0,,,,,,,,,,
1957,8,14,,,,,,,,,,0.0,,,,,0.0,0.0,,75.92,64.94,,,,,,,,,,,,,9999.0,,,,,,1.0,,,,,,9999.0,,,,
1957,8,15,,,,,,,,,,0.0,,,,,0.0,0.0,,,,,,,,,,,,,,,,-99.0,,,,,,0.0,,,,,,-99.0,,,,
1957,8,16,,,,,,,,,,,,,,,,,,,,,,,,,,,,,,,,99.0,,,,,,,,,,,,99.0,,,,
1957,8,17,,,,,,,,,,0.0,,,,,0.0,0.0,,77.0,66.02,,,,,,,,,,,,,-9999.0,,,,,,1.0,,,,,,-9999.0,,,,
1957,8,18,,,,,,,,,,0.0,,,,,0.0,0.0,,32.0,32.0,,,,,,,,,,,,,-9.0,,,,,,,,,,,,-9.0,,,,
1957,8,19,,,,,,,,,,0.0,,,,,0.0,0.0,,80.96,64.94,,,,,,,,,,,,,999.0,,,,,,999.0,,,,,,999.0,,,,
1957,8,20,,,,,,,,,,0.0,,,,,0.0,0.0,,,,,,,,,,,,,,,,,,,,,,,,,,,,-999.0,,,,
1957,8,22,,,,,,,,,,0.0,,,,,0.0,0.0,,82.04,66.92,,,,,,,,,,,,,9999.0,,,,,,1.0,,,,,,9999.0,,,,
1957,8,23,,,,,,,,,,0.0,,,,,0.0,0.0,,,,,,,,,,,,,,,,-99.0,,,,,,,,,,,,-99.0,,,,
1957,8,24,,,,,,,,,,,,,,,,,,,,,,,,,,,,,,,,99.0,,,,,,99.0,,,,,,99.0,,,,
1957,8,25,,,,,,,,,,0.0,,,,,0.0,0.0,,80.96,69.98,,,,,,,,,,,,,-9999.0,,,,,,1.0,,,,,,-9999.0,,,,
1957,8,26,,,,,,,,,,0.0,,,,,0.0,0.0,,32.0,32.0,,,,,,,,,,,,,-9.0,,,,,,0.0,,,,,,-9.0,,,,
1957,8,27,,,,,,,,,,0.0,,,,,0.0,0.0,,80.96,69.08,,,,,,,,,,,,,999.0,,,,,,1.0,,,,,,999.0,,,,
1957,8,28,,,,,,,,,,0.0,,,,,0.0,0.0,,,,,,,,,,,,,,,,-999.0,,,,,,,,,,,,-999.0,,,,
1957,8,29,,,,,,,,,,,,,,,,,,,,,,,,,,,,,,,,,,,,,,9.0,,,,,,,,,,
1957,8,30,,,,,,,,,,0.0,,,,,0.0,0.0,,78.98,69.08,,,,,,,,,,,,,9999.0,,,,,,1.0,,,,,,9999.0,,,,
1957,8,31,,,,,,,,,,0.0,,,,,0.0,0.0,,,,,,,,,,,,,,,,-99.0,,,,,,,,,,,,-99.0,,,,
1957,9,1,,,,,,,,,,0.0,,,,,0.0,0.0,,78.08,62.959999999999994,,,,,,,,,,,,,-9999.0,,-9999.0,,-9999.0,,-9999.0,,,,,,-9999.0,,,,
1957,9,2,,,,,,,,,,0.0,,,,,0.0,0.0,,32.0,32.0,,,,,,,,,,,,,-9.0,,-9.0,,-9.0,,-9.0,,,,,,-9.0,,,,
1957,9,3,,,,,,,,,,0.0,,,,,0.0,0.0,,77.0,64.94,,,,,,,,,,,,,999.0,,999.0,,999.0,,999.0,,,,,,999.0,,,,
1957,9,4,,,,,,,,,,0.0,,,,,0.0,0.0,,,,,,,,,,,,,,,,-999.0,,-999.0,,-999.0,,,,,,,,-999.0,,,,
1957,9,6,,,,,,,,,,0.0,,,,,0.0,0.0,,75.92,66.02,,,,,,,,,,,,,9999.0,,9999.0,,9999.0,,1.0,,,,,,9999.0,,,,
1957,9,7,,,,,,,,,,0.0,,,,,0.0,0.0,,,,,,,,,,,,,,,,,,-99.0,,-99.0,,0.0,,,,,,-99.0,,,,
1957,9,8,,,,,,,,,,,,,,,,,,,,,,,,,,,,,,,,,,99.0,,99.0,,,,,,,,99.0,,,,
1957,9,9,,,,,,,,,,0.0,,,,,0.0,0.0,,78.98,62.959999999999994,,,,,,,,,,,,,1.0,,1.0,,-9999.0,,1.0,,,,,,1.0,,,,
1957,9,10,,,,,,,,,,,,,,,0.0,0.0,,32.0,32.0,,,,,,,,,,,,,,,0.0,,,,0.0,,,,,,,,,,
1957,9,11,,,,,,,,,,94.0,,,,,0.0,0.0,,77.0,66.02,,,,,,,,,,,,,1.0,,1.0,,1.0,,1.0,,,,,,1.0,,,,
1957,9,12,,,,,,,,,,0.0,,,,,0.0,0.0,,,,,,,,,,,,,,,,,,,,,,0.0,,,,,,,,,,
1957,9,14,,,,,,,,,,0.0,,,,,0.0,0.0,,78.08,66.02,,,,,,,,,,,,,9999.0,,9999.0,,9999.0,,9999.0,,,,,,9999.0,,,,
1957,9,15,,,,,,,,,,0.0,,,,,0.0,0.0,,,,,,,,,,,,,,,,-99.0,,-99.0,,-99.0,,-99.0,,,,,,-99.0,,,,
1957,9,16,,,,,,,,,,,,,,,,,,,,,,,,,,,,,,,,99.0,,99.0,,99.0,,99.0,,,,,,99.0,,,,
1957,9,17,,,,,,,,,,0.0,,,,,0.0,0.0,,77.0,62.059999999999995,,,,,,,,,,,,,-9999.0,,-9999.0,,-9999.0,,-9999.0,,,,,,-9999.0,,,,
1957,9,18,,,,,,,,,,0.0,,,,,0.0,0.0,,32.0,32.0,,,,,,,,,,,,,-9.0,,-9.0,,-9.0,,,,,,,,-9.0,,,,
1957,9,19,,,,,,,,,,0.0,,,,,0.0,0.0,,78.08,62.059999999999995,,,,,,,,,,,,,999.0,,999.0,,999.0,,1.0,,,,,,999.0,,,,
1957,9,20,,,,,,,,,,0.0,,,,,0.0,0.0,,,,,,,,,,,,,,,,-999.0,,-999.0,,-999.0,,,,,,,,,,,,
1957,9,22,,,,,,,,,,0.0,,,,,0.0,0.0,,75.92,66.02,,,,,,,,,,,,,9999.0,,9999.0,,9999.0,,9999.0,,,,,,9999.0,,,,
1957,9,23,,,,,,,,,,0.0,,,,,0.0,0.0,,,,,,,,,,,,,,,,-99.0,,-99.0,,-99.0,,-99.0,,,,,,-99.0,,,,
1957,9,24,,,,,,,,,,,,,,,,,,,,,,,,,,,,,,,,99.0,,99.0,,99.0,,99.0,,,,,,99.0,,,,
1957,9,25,,,,,,,,,,0.0,,,,,0.0,0.0,,75.02,64.94,,,,,,,,,,,,,-9999.0,,-9999.0,,-9999.0,,-9999.0,,,,,,-9999.0,,,,
1957,9,26,,,,,,,,,,0.0,,,,,0.0,0.0,,32.0,32.0,,,,,,,,,,,,,-9.0,,-9.0,,-9.0,,-9.0,,,,,,-9.0,,,,
1957,9,27,,,,,,,,,,0.0,,,,,0.0,0.0,,75.02,64.94,,,,,,,,,,,,,999.0,,999.0,,999.0,,999.0,,,,,,999.0,,,,
1957,9,28,,,,,,,,,,0.0,,,,,0.0,0.0,,,,,,,,,,,,,,,,-999.0,,-999.0,,-999.0,,-999.0,,,,,,-999.0,,,,
1957,9,30,,,,,,,,,,0.0,,,,,0.0,0.0,,73.94,66.02,,,,,,,,,,,,,9999.0,,9999.0,,9999.0,,9999.0,,,,,,9999.0,,,,
1957,9,31,,,,,,,,,,0.0,,,,,0.0,0.0,,,,,,,,,,,,,,,,-99.0,,-99.0,,-99.0,,-99.0,,,,,,-99.0,,,,
1957,10,1,,,,,,,,,,0.0,,,,,0.0,0.0,,73.94,60.08,,,,,,,,,,,,,-9999.0,,-9999.0,,,,-9999.0,,,,,,-9999.0,,,,
1957,10,2,,,,,,,,,,0.0,,,,,0.0,0.0,,32.0,32.0,,,,,,,,,,,,,-9.0,,-9.0,,,,-9.0,,,,,,-9.0,,,,
1957,10,3,,,,,,,,,,0.0,,,,,0.0,0.0,,73.04,60.980000000000004,,,,,,,,,,,,,999.0,,999.0,,,,999.0,,,,,,999.0,,,,
1957,10,4,,,,,,,,,,0.0,,,,,0.0,0.0,,,,,,,,,,,,,,,,-999.0,,-999.0,,,,-999.0,,,,,,,,,,
1957,10,6,,,,,,,,,,0.0,,,,,0.0,0.0,,73.94,55.94,,,,,,,,,,,,,9999.0,,9999.0,,,,9999.0,,,,,,9999.0,,,,
1957,10,7,,,,,,,,,,0.0,,,,,0.0,0.0,,,,,,,,,,,,,,,,-99.0,,-99.0,,,,-99.0,,,,,,-99.0,,,,
1957,10,8,,,,,,,,,,,,,,,,,,,,,,,,,,,,,,,,99.0,,99.0,,,,99.0,,,,,,99.0,,,,
1957,10,9,,,,,,,,,,0.0,,,,,0.0,0.0,,71.06,57.92,,,,,,,,,,,,,-9999.0,,-9999.0,,,,-9999.0,,,,,,-9999.0,,,,
1957,10,10,,,,,,,,,,0.0,,,,,0.0,0.0,,32.0,32.0,,,,,,,,,,,,,-9.0,,-9.0,,,,-9.0,,,,,,-9.0,,,,
1957,10,11,,,,,,,,,,0.0,,,,,0.0,0.0,,73.94,55.04,,,,,,,,,,,,,999.0,,999.0,,,,999.0,,,,,,999.0,,,,
1957,10,12,,,,,,,,,,0.0,,,,,0.0,0.0,,,,,,,,,,,,,,,,-999.0,,-999.0,,,,-999.0,,,,,,-999.0,,,,
1957,10,13,,,,,,,,,,,,,,,,,,,,,,,,,,,,,,,,9.0,,,,,,9.0,,,,,,,,,,
1957,10,14,,,,,,,,,,0.0,,,,,0.0,0.0,,73.04,59.0,,,,,,,,,,,,,1.0,,9999.0,,,,1.0,,,,,,9999.0,,,,
1957,10,15,,,,,,,,,,0.0,,,,,0.0,0.0,,,,,,,,,,,,,,,,,,-99.0,,,,,,,,,,-99.0,,,,
1957,10,16,,,,,,,,,,,,,,,,,,,,,,,,,,,,,,,,99.0,,99.0,,,,99.0,,,,,,99.0,,,,
1957,10,17,,,,,,,,,,43.0,,,,,0.0,0.0,,69.98,60.980000000000004,,,,,,,,,,,,,1.0,,-9999.0,,,,-9999.0,,,,,,1.0,,,,
1957,10,18,,,,,,,,,,0.0,,,,,0.0,0.0,,32.0,32.0,,,,,,,,,,,,,,,-9.0,,,,-9.0,,,,,,,,,,
1957,10,19,,,,,,,,,,58.0,,,,,0.0,0.0,,69.98,59.0,,,,,,,,,,,,,999.0,,999.0,,,,999.0,,,,,,1.0,,,,
1957,10,20,,,,,,,,,,,,,,,0.0,0.0,,,,,,,,,,,,,,,,-999.0,,-999.0,,,,-999.0,,,,,,,,,,
1957,10,21,,,,,,,,,,,,,,,,,,,,,,,,,,,,,,,,9.0,,,,,,,,,,,,,,,,
1957,10,22,,,,,,,,,,91.0,,,,,0.0,0.0,,69.98,60.08,,,,,,,,,,,,,1.0,,9999.0,,,,9999.0,,,,,,1.0,,,,
1957,10,23,,,,,,,,,,0.0,,,,,0.0,0.0,,,,,,,,,,,,,,,,,,-99.0,,,,-99.0,,,,,,,,,,
1957,10,24,,,,,,,,,,,,,,,,,,,,,,,,,,,,,,,,99.0,,99.0,,,,99.0,,,,,,,,,,
1957,10,25,,,,,,,,,,0.0,,,,,0.0,0.0,,73.04,60.08,,,,,,,,,,,,,-9999.0,,-9999.0,,,,-9999.0,,,,,,-9999.0,,,,
1957,10,26,,,,,,,,,,0.0,,,,,0.0,0.0,,32.0,32.0,,,,,,,,,,,,,-9.0,,-9.0,,,,,,,,,,-9.0,,,,
1957,10,27,,,,,,,,,,0.0,,,,,0.0,0.0,,73.04,60.08,,,,,,,,,,,,,999.0,,999.0,,,,1.0,,,,,,999.0,,,,
1957,10,28,,,,,,,,,,0.0,,,,,0.0,0.0,,,,,,,,,,,,,,,,-999.0,,-999.0,,,,0.0,,,,,,,,,,
1957,10,29,,,,,,,,,,,,,,,,,,,,,,,,,,,,,,,,9.0,,,,,,,,,,,,,,,,
1957,10,30,,,,,,,,,,,,,,,0.0,0.0,,69.08,62.059999999999995,,,,,,,,,,,,,1.0,,9999.0,,,,1.0,,,,,,1.0,,,,
1957,10,31,,,,,,,,,,0.0,,,,,0.0,0.0,,,,,,,,,,,,,,,,,,-99.0,,,,,,,,,,,,,,
1957,11,1,,,,,,,,,,0.0,,,,,0.0,0.0,,68.0,60.980000000000004,,,,,,,,,,,,,-9999.0,,-9999.0,,-9999.0,,1.0,,,,,,-9999.0,,,,
1957,11,2,,,,,,,,,,0.0,,,,,0.0,0.0,,32.0,32.0,,,,,,,,,,,,,,,-9.0,,-9.0,,,,,,,,,,,,
1957,11,3,,,,,,,,,,13.0,,,,,0.0,0.0,,68.0,57.92,,,,,,,,,,,,,1.0,,999.0,,999.0,,999.0,,,,,,1.0,,,,
1957,11,4,,,,,,,,,,0.0,,,,,0.0,0.0,,,,,,,,,,,,,,,,,,-999.0,,-999.0,,-999.0,,,,,,,,,,
1957,11,6,,,,,,,,,,71.0,,,,,0.0,0.0,,64.04,53.06,,,,,,,,,,,,,9999.0,,9999.0,,9999.0,,9999.0,,,,,,1.0,,,,
1957,11,7,,,,,,,,,,0.0,,,,,0.0,0.0,,,,,,,,,,,,,,,,-99.0,,-99.0,,-99.0,,-99.0,,,,,,,,,,
1957,11,8,,,,,,,,,,,,,,,,,,,,,,,,,,,,,,,,99.0,,99.0,,99.0,,99.0,,,,,,,,,,
1957,11,9,,,,,,,,,,0.0,,,,,0.0,0.0,,66.02,48.02,,,,,,,,,,,,,-9999.0,,-9999.0,,-9999.0,,-9999.0,,,,,,-9999.0,,,,
1957,11,10,,,,,,,,,,0.0,,,,,0.0,0.0,,32.0,32.0,,,,,,,,,,,,,-9.0,,-9.0,,-9.0,,-9.0,,,,,,-9.0,,,,
1957,11,11,,,,,,,,,,0.0,,,,,0.0,0.0,,69.08,48.92,,,,,,,,,,,,,999.0,,999.0,,999.0,,999.0,,,,,,999.0,,,,
1957,11,12,,,,,,,,,,0.0,,,,,0.0,0.0,,,,,,,,,,,,,,,,-999.0,,-999.0,,-999.0,,,,,,,,-999.0,,,,
1957,11,14,,,,,,,,,,0.0,,,,,0.0,0.0,,69.08,51.08,,,,,,,,,,,,,9999.0,,9999.0,,9999.0,,1.0,,,,,,9999.0,,,,
1957,11,15,,,,,,,,,,0.0,,,,,0.0,0.0,,,,,,,,,,,,,,,,,,-99.0,,-99.0,,0.0,,,,,,-99.0,,,,
1957,11,16,,,,,,,,,,,,,,,,,,,,,,,,,,,,,,,,,,99.0,,99.0,,,,,,,,99.0,,,,
1957,11,17,,,,,,,,,,0.0,,,,,0.0,0.0,,68.0,55.94,,,,,,,,,,,,,-9999.0,,-9999.0,,-9999.0,,1.0,,,,,,-9999.0,,,,
1957,11,18,,,,,,,,,,0.0,,,,,0.0,0.0,,32.0,32.0,,,,,,,,,,,,,-9.0,,-9.0,,-9.0,,0.0,,,,,,-9.0,,,,
1957,11,19,,,,,,,,,,0.0,,,,,0.0,0.0,,69.08,51.98,,,,,,,,,,,,,999.0,,999.0,,999.0,,1.0,,,,,,999.0,,,,
1957,11,20,,,,,,,,,,0.0,,,,,0.0,0.0,,,,,,,,,,,,,,,,-999.0,,-999.0,,-999.0,,0.0,,,,,,-999.0,,,,
1957,11,21,,,,,,,,,,,,,,,,,,,,,,,,,,,,,,,,9.0,,,,,,,,,,,,9.0,,,,
1957,11,22,,,,,,,,,,10.0,,,,,0.0,0.0,,66.92,55.04,,,,,,,,,,,,,1.0,,9999.0,,9999.0,,1.0,,,,,,1.0,,,,
1957,11,23,,,,,,,,,,0.0,,,,,0.0,0.0,,,,,,,,,,,,,,,,,,-99.0,,-99.0,,,,,,,,,,,,
1957,11,24,,,,,,,,,,,,,,,,,,,,,,,,,,,,,,,,99.0,,99.0,,99.0,,99.0,,,,,,,,,,
1957,11,25,,,,,,,,,,56.0,,,,,0.0,0.0,,62.959999999999994,50.0,,,,,,,,,,,,,-9999.0,,1.0,,1.0,,-9999.0,,,,,,1.0,,,,
1957,11,26,,,,,,,,,,0.0,,,,,0.0,0.0,,32.0,32.0,,,,,,,,,,,,,-9.0,,,,,,-9.0,,,,,,,,,,
1957,11,27,,,,,,,,,,0.0,,,,,0.0,0.0,,64.94,44.96,,,,,,,,,,,,,999.0,,999.0,,999.0,,999.0,,,,,,999.0,,,,
1957,11,28,,,,,,,,,,0.0,,,,,0.0,0.0,,,,,,,,,,,,,,,,-999.0,,-999.0,,-999.0,,-999.0,,,,,,-999.0,,,,
1957,11,30,,,,,,,,,,0.0,,,,,0.0,0.0,,69.08,48.92,,,,,,,,,,,,,9999.0,,9999.0,,9999.0,,9999.0,,,,,,9999.0,,,,
1957,11,31,,,,,,,,,,0.0,,,,,0.0,0.0,,,,,,,,,,,,,,,,-99.0,,-99.0,,-99.0,,,,,,,,-99.0,,,,
1957,12,1,,,,,,,,,,0.0,,,,,0.0,0.0,,71.06,46.04,,,,,,,,,,,,,-9999.0,,,,,,-9999.0,,,,,,-9999.0,,,,
1957,12,2,,,,,,,,,,0.0,,,,,0.0,0.0,,32.0,32.0,,,,,,,,,,,,,-9.0,,,,,,-9.0,,,,,,-9.0,,,,
1957,12,3,,,,,,,,,,0.0,,,,,0.0,0.0,,75.02,48.92,,,,,,,,,,,,,999.0,,,,,,999.0,,,,,,999.0,,,,
1957,12,4,,,,,,,,,,0.0,,,,,0.0,0.0,,,,,,,,,,,,,,,,-999.0,,,,,,-999.0,,,,,,-999.0,,,,
1957,12,5,,,,,,,,,,,,,,,,,,,,,,,,,,,,,,,,,,,,,,,,,,,,9.0,,,,
1957,12,6,,,,,,,,,,5.0,,,,,0.0,0.0,,69.08,57.92,,,,,,,,,,,,,9999.0,,,,,,9999.0,,,,,,1.0,,,,
1957,12,7,,,,,,,,,,,,,,,0.0,0.0,,,,,,,,,,,,,,,,-99.0,,,,,,-99.0,,,,,,,,,,
1957,12,8,,,,,,,,,,,,,,,,,,,,,,,,,,,,,,,,99.0,,,,,,99.0,,,,,,,,,,
1957,12,9,,,,,,,,,,0.0,,,,,0.0,0.0,,66.02,51.08,,,,,,,,,,,,,-9999.0,,,,,,-9999.0,,,,,,-9999.0,,,,
1957,12,10,,,,,,,,,,0.0,,,,,0.0,0.0,,32.0,32.0,,,,,,,,,,,,,-9.0,,,,,,-9.0,,,,,,-9.0,,,,
1957,12,11,,,,,,,,,,0.0,,,,,0.0,0.0,,75.02,46.94,,,,,,,,,,,,,999.0,,,,,,999.0,,,,,,999.0,,,,
1957,12,12,,,,,,,,,,0.0,,,,,0.0,0.0,,,,,,,,,,,,,,,,-999.0,,,,,,-999.0,,,,,,-999.0,,,,
1957,12,14,,,,,,,,,,0.0,,,,,0.0,0.0,,84.02,55.04,,,,,,,,,,,,,9999.0,,,,,,9999.0,,,,,,9999.0,,,,
1957,12,15,,,,,,,,,,0.0,,,,,0.0,0.0,,,,,,,,,,,,,,,,-99.0,,,,,,,,,,,,-99.0,,,,
1957,12,16,,,,,,,,,,,,,,,,,,,,,,,,,,,,,,,,99.0,,,,,,,,,,,,99.0,,,,
1957,12,17,,,,,,,,,,0.0,,,,,0.0,0.0,,80.96,51.98,,,,,,,,,,,,,-9999.0,,,,,,-9999.0,,,,,,-9999.0,,,,
1957,12,18,,,,,,,,,,0.0,,,,,0.0,0.0,,32.0,32.0,,,,,,,,,,,,,,,,,,,,,,,,,-9.0,,,,
1957,12,19,,,,,,,,,,0.0,,,,,0.0,0.0,,71.96,51.98,,,,,,,,,,,,,1.0,,,,,,1.0,,,,,,999.0,,,,
1957,12,20,,,,,,,,,,0.0,,,,,0.0,0.0,,,,,,,,,,,,,,,,,,,,,,0.0,,,,,,-999.0,,,,
1957,12,22,,,,,,,,,,0.0,,,,,0.0,0.0,,69.98,51.98,,,,,,,,,,,,,9999.0,,,,,,9999.0,,,,,,9999.0,,,,
1957,12,23,,,,,,,,,,0.0,,,,,0.0,0.0,,,,,,,,,,,,,,,,-99.0,,,,,,-99.0,,,,,,,,,,
1957,12,24,,,,,,,,,,,,,,,,,,,,,,,,,,,,,,,,99.0,,,,,,99.0,,,,,,,,,,
1957,12,25,,,,,,,,,,0.0,,,,,0.0,0.0,,68.0,62.059999999999995,,,,,,,,,,,,,-9999.0,,,,,,-9999.0,,,,,,1.0,,,,
1957,12,26,,,,,,,,,,,,,,,0.0,0.0,,32.0,32.0,,,,,,,,,,,,,-9.0,,,,,,-9.0,,,,,,,,,,
1957,12,27,,,,,,,,,,86.0,,,,,0.0,0.0,,66.92,55.04,,,,,,,,,,,,,999.0,,,,,,999.0,,,,,,1.0,,,,
1957,12,28,,,,,,,,,,0.0,,,,,0.0,0.0,,,,,,,,,,,,,,,,-999.0,,,,,,-999.0,,,,,,,,,,
1957,12,30,,,,,,,,,,0.0,,,,,0.0,0.0,,68.0,51.98,,,,,,,,,,,,,9999.0,,,,,,9999.0,,,,,,9999.0,,,,
1957,12,31,,,,,,,,,,0.0,,,,,0.0,0.0,,,32.0,,,,,,,,,,,,,,,,,,,,,,,,,-99.0,,,,
1958,1,1,,,,,,,,,,0.0,,,,,0.0,0.0,,66.92,48.02,,,,,,,,,,,,,1.0,,,,,,1.0,,,,,,-9999.0,,,,
1958,1,2,,,,,,,,,,0.0,,,,,0.0,0.0,,32.0,32.0,,,,,,,,,,,,,,,,,,,0.0,,,,,,-9.0,,,,
1958,1,3,,,,,,,,,,0.0,,,,,0.0,0.0,,66.02,51.08,,,,,,,,,,,,,999.0,,,,,,1.0,,,,,,999.0,,,,
1958,1,4,,,,,,,,,,0.0,,,,,0.0,0.0,,,,,,,,,,,,,,,,-999.0,,,,,,0.0,,,,,,-999.0,,,,
1958,1,6,,,,,,,,,,0.0,,,,,0.0,0.0,,73.04,46.04,,,,,,,,,,,,,9999.0,,,,,,1.0,,,,,,9999.0,,,,
1958,1,7,,,,,,,,,,0.0,,,,,0.0,0.0,,,,,,,,,,,,,,,,-99.0,,,,,,,,,,,,-99.0,,,,
1958,1,8,,,,,,,,,,,,,,,,,,,,,,,,,,,,,,,,99.0,,,,,,99.0,,,,,,99.0,,,,
1958,1,9,,,,,,,,,,0.0,,,,,0.0,0.0,,78.08,53.06,,,,,,,,,,,,,-9999.0,,,,,,-9999.0,,,,,,-9999.0,,,,
1958,1,10,,,,,,,,,,0.0,,,,,0.0,0.0,,32.0,32.0,,,,,,,,,,,,,-9.0,,,,,,,,,,,,-9.0,,,,
1958,1,11,,,,,,,,,,0.0,,,,,0.0,0.0,,80.96,51.98,,,,,,,,,,,,,999.0,,,,,,1.0,,,,,,999.0,,,,
1958,1,12,,,,,,,,,,0.0,,,,,0.0,0.0,,,,,,,,,,,,,,,,-999.0,,,,,,,,,,,,-999.0,,,,
1958,1,14,,,,,,,,,,0.0,,,,,0.0,0.0,,69.08,50.0,,,,,,,,,,,,,9999.0,,,,,,9999.0,,,,,,9999.0,,,,
1958,1,15,,,,,,,,,,0.0,,,,,0.0,0.0,,,,,,,,,,,,,,,,-99.0,,,,,,-99.0,,,,,,-99.0,,,,
1958,1,16,,,,,,,,,,,,,,,,,,,,,,,,,,,,,,,,99.0,,,,,,99.0,,,,,,99.0,,,,
1958,1,17,,,,,,,,,,0.0,,,,,0.0,0.0,,66.02,50.0,,,,,,,,,,,,,-9999.0,,,,,,1.0,,,,,,-9999.0,,,,
1958,1,18,,,,,,,,,,0.0,,,,,0.0,0.0,,32.0,32.0,,,,,,,,,,,,,-9.0,,,,,,0.0,,,,,,-9.0,,,,
1958,1,19,,,,,,,,,,0.0,,,,,0.0,0.0,,64.04,46.04,,,,,,,,,,,,,999.0,,,,,,1.0,,,,,,999.0,,,,
1958,1,20,,,,,,,,,,0.0,,,,,0.0,0.0,,,,,,,,,,,,,,,,-999.0,,,,,,0.0,,,,,,-999.0,,,,
1958,1,22,,,,,,,,,,0.0,,,,,0.0,0.0,,71.06,46.94,,,,,,,,,,,,,9999.0,,,,,,9999.0,,,,,,9999.0,,,,
1958,1,23,,,,,,,,,,0.0,,,,,0.0,0.0,,,32.0,,,,,,,,,,,,,-99.0,,,,,,-99.0,,,,,,-99.0,,,,
1958,1,24,,,,,,,,,,,,,,,,,,,,,,,,,,,,,,,,99.0,,,,,,99.0,,,,,,99.0,,,,
1958,1,25,,,,,,,,,,0.0,,,,,0.0,0.0,,75.92,48.02,,,,,,,,,,,,,-9999.0,,,,,,1.0,,,,,,-9999.0,,,,
1958,1,26,,,,,,,,,,0.0,,,,,0.0,0.0,,32.0,32.0,,,,,,,,,,,,,-9.0,,,,,,0.0,,,,,,-9.0,,,,
1958,1,27,,,,,,,,,,0.0,,,,,0.0,0.0,,75.92,50.0,,,,,,,,,,,,,999.0,,,,,,1.0,,,,,,999.0,,,,
1958,1,28,,,,,,,,,,0.0,,,,,0.0,0.0,,,,,,,,,,,,,,,,-999.0,,,,,,,,,,,,-999.0,,,,
1958,1,30,,,,,,,,,,0.0,,,,,0.0,0.0,,68.0,46.94,,,,,,,,,,,,,9999.0,,,,,,9999.0,,,,,,9999.0,,,,
1958,1,31,,,,,,,,,,0.0,,,,,0.0,0.0,,,32.0,,,,,,,,,,,,,-99.0,,,,,,,,,,,,-99.0,,,,
1958,2,1,,,,,,,,,,0.0,,,,,0.0,0.0,,80.06,55.04,,,,,,,,,,,,,-9999.0,,-9999.0,,,,-9999.0,,,,,,-9999.0,,,,
1958,2,2,,,,,,,,,,0.0,,,,,0.0,0.0,,32.0,32.0,,,,,,,,,,,,,-9.0,,-9.0,,,,-9.0,,,,,,,,,,
1958,2,3,,,,,,,,,,,,,,,0.0,0.0,,69.08,51.98,,,,,,,,,,,,,999.0,,999.0,,,,999.0,,,,,,1.0,,,,
1958,2,4,,,,,,,,,,,,,,,0.0,0.0,,,,,,,,,,,,,,,,,,-999.0,,,,-999.0,,,,,,,,,,
1958,2,5,,,,,,,,,,,,,,,,,,,,,,,,,,,,,,,,,,9.0,,,,,,,,,,,,,,
1958,2,6,,,,,,,,,,145.0,,,,,0.0,0.0,,64.04,53.96,,,,,,,,,,,,,9999.0,,1.0,,,,9999.0,,,,,,1.0,,,,
1958,2,7,,,,,,,,,,0.0,,,,,0.0,0.0,,,,,,,,,,,,,,,,-99.0,,,,,,-99.0,,,,,,,,,,
1958,2,8,,,,,,,,,,,,,,,,,,,,,,,,,,,,,,,,99.0,,99.0,,,,99.0,,,,,,,,,,
1958,2,9,,,,,,,,,,0.0,,,,,0.0,0.0,,66.92,50.0,,,,,,,,,,,,,-9999.0,,-9999.0,,,,-9999.0,,,,,,-9999.0,,,,
1958,2,10,,,,,,,,,,0.0,,,,,0.0,0.0,,32.0,32.0,,,,,,,,,,,,,-9.0,,-9.0,,,,,,,,,,-9.0,,,,
1958,2,11,,,,,,,,,,0.0,,,,,0.0,0.0,,66.92,51.08,,,,,,,,,,,,,999.0,,999.0,,,,1.0,,,,,,999.0,,,,
1958,2,12,,,,,,,,,,,,,,,0.0,0.0,,,,,,,,,,,,,,,,-999.0,,-999.0,,,,0.0,,,,,,,,,,
1958,2,14,,,,,,,,,,0.0,,,,,0.0,0.0,,66.92,55.04,,,,,,,,,,,,,9999.0,,9999.0,,,,9999.0,,,,,,9999.0,,,,
1958,2,15,,,,,,,,,,0.0,,,,,0.0,0.0,,,,,,,,,,,,,,,,-99.0,,-99.0,,,,-99.0,,,,,,-99.0,,,,
1958,2,16,,,,,,,,,,,,,,,,,,,,,,,,,,,,,,,,99.0,,99.0,,,,99.0,,,,,,99.0,,,,
1958,2,17,,,,,,,,,,0.0,,,,,0.0,0.0,,68.0,51.08,,,,,,,,,,,,,1.0,,-9999.0,,,,1.0,,,,,,-9999.0,,,,
1958,2,18,,,,,,,,,,0.0,,,,,0.0,0.0,,32.0,32.0,,,,,,,,,,,,,,,-9.0,,,,0.0,,,,,,,,,,
1958,2,19,,,,,,,,,,15.0,,,,,0.0,0.0,,66.02,55.94,,,,,,,,,,,,,1.0,,999.0,,,,1.0,,,,,,1.0,,,,
1958,2,20,,,,,,,,,,,,,,,0.0,0.0,,,,,,,,,,,,,,,,,,-999.0,,,,,,,,,,,,,,
1958,2,22,,,,,,,,,,0.0,,,,,0.0,0.0,,66.92,50.0,,,,,,,,,,,,,9999.0,,9999.0,,,,9999.0,,,,,,9999.0,,,,
1958,2,23,,,,,,,,,,0.0,,,,,0.0,0.0,,,,,,,,,,,,,,,,-99.0,,-99.0,,,,,,,,,,-99.0,,,,
1958,2,24,,,,,,,,,,,,,,,,,,,,,,,,,,,,,,,,99.0,,99.0,,,,,,,,,,99.0,,,,
1958,2,25,,,,,,,,,,0.0,,,,,0.0,0.0,,71.96,51.08,,,,,,,,,,,,,1.0,,-9999.0,,,,1.0,,,,,,-9999.0,,,,
1958,2,26,,,,,,,,,,0.0,,,,,0.0,0.0,,32.0,32.0,,,,,,,,,,,,,,,-9.0,,,,0.0,,,,,,-9.0,,,,
1958,2,27,,,,,,,,,,0.0,,,,,0.0,0.0,,73.04,51.08,,,,,,,,,,,,,1.0,,999.0,,,,1.0,,,,,,999.0,,,,
1958,2,28,,,,,,,,,,0.0,,,,,0.0,0.0,,,,,,,,,,,,,,,,,,-999.0,,,,0.0,,,,,,-999.0,,,,
1958,2,29,,,,,,,,,,,,,,,,,,,,,,,,,,,,,,,,,,,,,,,,,,,,9.0,,,,
1958,2,30,,,,,,,,,,178.0,,,,,0.0,0.0,,62.959999999999994,55.04,,,,,,,,,,,,,1.0,,9999.0,,,,9999.0,,,,,,1.0,,,,
1958,2,31,,,,,,,,,,0.0,,,,,0.0,0.0,,,,,,,,,,,,,,,,,,-99.0,,,,-99.0,,,,,,,,,,
1958,3,1,,,,,,,,,,0.0,,,,,0.0,0.0,,66.92,46.04,,,,,,,,,,,,,-9999.0,,-9999.0,,,,-9999.0,,,,,,-9999.0,,,,
1958,3,2,,,,,,,,,,0.0,,,,,0.0,0.0,,32.0,32.0,,,,,,,,,,,,,-9.0,,-9.0,,,,-9.0,,,,,,,,,,
1958,3,3,,,,,,,,,,3.0,,,,,0.0,0.0,,64.04,50.0,,,,,,,,,,,,,999.0,,999.0,,,,999.0,,,,,,1.0,,,,
1958,3,4,,,,,,,,,,0.0,,,,,0.0,0.0,,,,,,,,,,,,,,,,-999.0,,-999.0,,,,-999.0,,,,,,,,,,
1958,3,6,,,,,,,,,,0.0,,,,,0.0,0.0,,68.0,48.02,,,,,,,,,,,,,9999.0,,9999.0,,,,9999.0,,,,,,9999.0,,,,
1958,3,7,,,,,,,,,,0.0,,,,,0.0,0.0,,,32.0,,,,,,,,,,,,,-99.0,,-99.0,,,,-99.0,,,,,,-99.0,,,,
1958,3,8,,,,,,,,,,,,,,,,,,,,,,,,,,,,,,,,99.0,,99.0,,,,99.0,,,,,,99.0,,,,
1958,3,9,,,,,,,,,,175.0,,,,,0.0,0.0,,57.92,44.96,,,,,,,,,,,,,-9999.0,,1.0,,,,-9999.0,,,,,,1.0,,,,
1958,3,10,,,,,,,,,,0.0,,,,,0.0,0.0,,32.0,32.0,,,,,,,,,,,,,-9.0,,,,,,-9.0,,,,,,,,,,
1958,3,11,,,,,,,,,,3.0,,,,,0.0,0.0,,62.959999999999994,42.08,,,,,,,,,,,,,999.0,,999.0,,,,999.0,,,,,,1.0,,,,
1958,3,12,,,,,,,,,,0.0,,,,,0.0,0.0,,,,,,,,,,,,,,,,-999.0,,-999.0,,,,-999.0,,,,,,,,,,
1958,3,14,,,,,,,,,,0.0,,,,,0.0,0.0,,64.04,48.92,,,,,,,,,,,,,9999.0,,9999.0,,,,9999.0,,,,,,9999.0,,,,
1958,3,15,,,,,,,,,,0.0,,,,,0.0,0.0,,,32.0,,,,,,,,,,,,,-99.0,,-99.0,,,,-99.0,,,,,,,,,,
1958,3,16,,,,,,,,,,,,,,,,,,,,,,,,,,,,,,,,99.0,,99.0,,,,99.0,,,,,,,,,,
1958,3,17,,,,,,,,,,89.0,,,,,0.0,0.0,,60.08,48.02,,,,,,,,,,,,,-9999.0,,-9999.0,,,,-9999.0,,,,,,1.0,,,,
1958,3,18,,,,,,,,,,0.0,,,,,0.0,0.0,,32.0,32.0,,,,,,,,,,,,,-9.0,,,,,,-9.0,,,,,,,,,,
1958,3,19,,,,,,,,,,13.0,,,,,0.0,0.0,,62.059999999999995,48.02,,,,,,,,,,,,,999.0,,1.0,,,,999.0,,,,,,1.0,,,,
1958,3,20,,,,,,,,,,0.0,,,,,0.0,0.0,,,,,,,,,,,,,,,,-999.0,,,,,,-999.0,,,,,,,,,,
1958,3,22,,,,,,,,,,0.0,,,,,0.0,0.0,,64.94,46.94,,,,,,,,,,,,,9999.0,,9999.0,,,,9999.0,,,,,,9999.0,,,,
1958,3,23,,,,,,,,,,0.0,,,,,0.0,0.0,,,,,,,,,,,,,,,,-99.0,,-99.0,,,,-99.0,,,,,,,,,,
1958,3,24,,,,,,,,,,,,,,,,,,,,,,,,,,,,,,,,99.0,,99.0,,,,99.0,,,,,,,,,,
1958,3,25,,,,,,,,,,335.0,,,,,0.0,0.0,,62.959999999999994,55.04,,,,,,,,,,,,,1.0,,1.0,,,,-9999.0,,,,,,1.0,,,,
1958,3,26,,,,,,,,,,0.0,,,,,0.0,0.0,,32.0,32.0,,,,,,,,,,,,,,,,,,,-9.0,,,,,,,,,,
1958,3,27,,,,,,,,,,5.0,,,,,0.0,0.0,,66.02,53.96,,,,,,,,,,,,,999.0,,999.0,,,,999.0,,,,,,1.0,,,,
1958,3,28,,,,,,,,,,0.0,,,,,0.0,0.0,,,,,,,,,,,,,,,,-999.0,,-999.0,,,,-999.0,,,,,,,,,,
1958,3,29,,,,,,,,,,,,,,,,,,,,,,,,,,,,,,,,,,,,,,9.0,,,,,,,,,,
1958,3,30,,,,,,,,,,0.0,,,,,0.0,0.0,,69.08,53.96,,,,,,,,,,,,,9999.0,,9999.0,,,,1.0,,,,,,9999.0,,,,
1958,3,31,,,,,,,,,,0.0,,,,,0.0,0.0,,,,,,,,,,,,,,,,,,-99.0,,,,0.0,,,,,,,,,,
1958,4,1,,,,,,,,,,196.0,,,,,0.0,0.0,,62.059999999999995,53.06,,,,,,,,,,,,,1.0,,-9999.0,,-9999.0,,-9999.0,,,,,,1.0,,,,
1958,4,2,,,,,,,,,,0.0,,,,,0.0,0.0,,32.0,32.0,,,,,,,,,,,,,,,-9.0,,-9.0,,-9.0,,,,,,,,,,
1958,4,3,,,,,,,,,,8.0,,,,,0.0,0.0,,64.94,51.98,,,,,,,,,,,,,999.0,,999.0,,999.0,,999.0,,,,,,1.0,,,,
1958,4,4,,,,,,,,,,,,,,,0.0,0.0,,,,,,,,,,,,,,,,,,-999.0,,-999.0,,-999.0,,,,,,,,,,
1958,4,6,,,,,,,,,,43.0,,,,,0.0,0.0,,62.959999999999994,51.08,,,,,,,,,,,,,9999.0,,9999.0,,9999.0,,9999.0,,,,,,1.0,,,,
1958,4,7,,,,,,,,,,0.0,,,,,0.0,0.0,,,32.0,,,,,,,,,,,,,-99.0,,-99.0,,-99.0,,-99.0,,,,,,,,,,
1958,4,8,,,,,,,,,,,,,,,,,,,,,,,,,,,,,,,,99.0,,99.0,,99.0,,99.0,,,,,,99.0,,,,
1958,4,9,,,,,,,,,,36.0,,,,,0.0,0.0,,64.94,46.94,,,,,,,,,,,,,-9999.0,,-9999.0,,-9999.0,,-9999.0,,,,,,1.0,,,,
1958,4,10,,,,,,,,,,0.0,,,,,0.0,0.0,,32.0,32.0,,,,,,,,,,,,,-9.0,,,,,,-9.0,,,,,,,,,,
1958,4,11,,,,,,,,,,89.0,,,,,0.0,0.0,,62.959999999999994,53.06,,,,,,,,,,,,,999.0,,1.0,,1.0,,999.0,,,,,,1.0,,,,
1958,4,12,,,,,,,,,,0.0,,,,,0.0,0.0,,,,,,,,,,,,,,,,-999.0,,,,,,-999.0,,,,,,,,,,
1958,4,14,,,,,,,,,,0.0,,,,,0.0,0.0,,69.08,51.98,,,,,,,,,,,,,9999.0,,9999.0,,9999.0,,9999.0,,,,,,9999.0,,,,
1958,4,15,,,,,,,,,,0.0,,,,,0.0,0.0,,,,,,,,,,,,,,,,-99.0,,-99.0,,-99.0,,-99.0,,,,,,-99.0,,,,
1958,4,16,,,,,,,,,,,,,,,,,,,,,,,,,,,,,,,,99.0,,99.0,,99.0,,99.0,,,,,,99.0,,,,
1958,4,17,,,,,,,,,,0.0,,,,,0.0,0.0,,82.04,55.04,,,,,,,,,,,,,-9999.0,,-9999.0,,-9999.0,,1.0,,,,,,-9999.0,,,,
1958,4,18,,,,,,,,,,0.0,,,,,0.0,0.0,,32.0,32.0,,,,,,,,,,,,,-9.0,,-9.0,,-9.0,,0.0,,,,,,-9.0,,,,
1958,4,19,,,,,,,,,,0.0,,,,,0.0,0.0,,82.94,57.02,,,,,,,,,,,,,999.0,,999.0,,999.0,,1.0,,,,,,999.0,,,,
1958,4,20,,,,,,,,,,0.0,,,,,0.0,0.0,,,,,,,,,,,,,,,,-999.0,,-999.0,,-999.0,,,,,,,,-999.0,,,,
1958,4,22,,,,,,,,,,0.0,,,,,0.0,0.0,,84.91999999999999,55.94,,,,,,,,,,,,,9999.0,,9999.0,,9999.0,,9999.0,,,,,,9999.0,,,,
1958,4,23,,,,,,,,,,0.0,,,,,0.0,0.0,,,,,,,,,,,,,,,,-99.0,,-99.0,,-99.0,,-99.0,,,,,,-99.0,,,,
1958,4,24,,,,,,,,,,,,,,,,,,,,,,,,,,,,,,,,99.0,,99.0,,99.0,,99.0,,,,,,99.0,,,,
1958,4,25,,,,,,,,,,0.0,,,,,0.0,0.0,,69.98,60.980000000000004,,,,,,,,,,,,,-9999.0,,-9999.0,,-9999.0,,-9999.0,,,,,,-9999.0,,,,
1958,4,26,,,,,,,,,,0.0,,,,,0.0,0.0,,32.0,32.0,,,,,,,,,,,,,-9.0,,-9.0,,-9.0,,-9.0,,,,,,-9.0,,,,
1958,4,27,,,,,,,,,,0.0,,,,,0.0,0.0,,71.06,62.059999999999995,,,,,,,,,,,,,999.0,,999.0,,999.0,,999.0,,,,,,999.0,,,,
1958,4,28,,,,,,,,,,0.0,,,,,0.0,0.0,,,,,,,,,,,,,,,,-999.0,,-999.0,,-999.0,,,,,,,,-999.0,,,,
1958,4,30,,,,,,,,,,0.0,,,,,0.0,0.0,,75.92,60.08,,,,,,,,,,,,,9999.0,,9999.0,,9999.0,,1.0,,,,,,9999.0,,,,
1958,4,31,,,,,,,,,,0.0,,,,,0.0,0.0,,,,,,,,,,,,,,,,,,-99.0,,-99.0,,0.0,,,,,,-99.0,,,,
1958,5,1,,,,,,,,,,0.0,,,,,0.0,0.0,,68.0,60.08,,,,,,,,,,,,,-9999.0,,-9999.0,,,,1.0,,,,,,1.0,,,,
1958,5,2,,,,,,,,,,,,,,,0.0,0.0,,32.0,32.0,,,,,,,,,,,,,-9.0,,-9.0,,,,,,,,,,,,,,
1958,5,3,,,,,,,,,,,,,,,0.0,0.0,,68.0,59.0,,,,,,,,,,,,,999.0,,999.0,,,,999.0,,,,,,1.0,,,,
1958,5,4,,,,,,,,,,0.0,,,,,0.0,0.0,,,,,,,,,,,,,,,,-999.0,,-999.0,,,,,,,,,,,,,,
1958,5,5,,,,,,,,,,,,,,,,,,,,,,,,,,,,,,,,9.0,,,,,,,,,,,,,,,,
1958,5,6,,,,,,,,,,0.0,,,,,0.0,0.0,,77.0,59.0,,,,,,,,,,,,,1.0,,9999.0,,,,1.0,,,,,,9999.0,,,,
1958,5,7,,,,,,,,,,0.0,,,,,0.0,0.0,,,,,,,,,,,,,,,,,,-99.0,,,,0.0,,,,,,,,,,
1958,5,8,,,,,,,,,,,,,,,,,,,,,,,,,,,,,,,,,,99.0,,,,,,,,,,,,,,
1958,5,9,,,,,,,,,,0.0,,,,,0.0,0.0,,69.08,59.0,,,,,,,,,,,,,-9999.0,,-9999.0,,,,1.0,,,,,,-9999.0,,,,
1958,5,10,,,,,,,,,,0.0,,,,,0.0,0.0,,32.0,32.0,,,,,,,,,,,,,-9.0,,-9.0,,,,,,,,,,-9.0,,,,
1958,5,11,,,,,,,,,,0.0,,,,,0.0,0.0,,66.92,59.0,,,,,,,,,,,,,999.0,,999.0,,,,999.0,,,,,,999.0,,,,
1958,5,12,,,,,,,,,,0.0,,,,,0.0,0.0,,,,,,,,,,,,,,,,-999.0,,-999.0,,,,-999.0,,,,,,-999.0,,,,
1958,5,13,,,,,,,,,,,,,,,,,,,,,,,,,,,,,,,,,,,,,,,,,,,,9.0,,,,
1958,5,14,,,,,,,,,,,,,,,0.0,0.0,,69.08,62.059999999999995,,,,,,,,,,,,,9999.0,,9999.0,,,,9999.0,,,,,,1.0,,,,
1958,5,15,,,,,,,,,,0.0,,,,,0.0,0.0,,,,,,,,,,,,,,,,-99.0,,-99.0,,,,-99.0,,,,,,,,,,
1958,5,16,,,,,,,,,,,,,,,,,,,,,,,,,,,,,,,,99.0,,99.0,,,,99.0,,,,,,99.0,,,,
1958,5,17,,,,,,,,,,86.0,,,,,0.0,0.0,,69.08,57.02,,,,,,,,,,,,,-9999.0,,1.0,,,,-9999.0,,,,,,1.0,,,,
1958,5,18,,,,,,,,,,0.0,,,,,0.0,0.0,,32.0,32.0,,,,,,,,,,,,,-9.0,,,,,,-9.0,,,,,,,,,,
1958,5,19,,,,,,,,,,15.0,,,,,0.0,0.0,,69.98,59.0,,,,,,,,,,,,,999.0,,999.0,,,,999.0,,,,,,1.0,,,,
1958,5,20,,,,,,,,,,0.0,,,,,0.0,0.0,,,,,,,,,,,,,,,,-999.0,,-999.0,,,,-999.0,,,,,,,,,,
1958,5,22,,,,,,,,,,0.0,,,,,0.0,0.0,,73.04,55.04,,,,,,,,,,,,,9999.0,,9999.0,,,,9999.0,,,,,,9999.0,,,,
1958,5,23,,,,,,,,,,0.0,,,,,0.0,0.0,,,,,,,,,,,,,,,,-99.0,,-99.0,,,,,,,,,,-99.0,,,,
1958,5,24,,,,,,,,,,,,,,,,,,,,,,,,,,,,,,,,99.0,,99.0,,,,,,,,,,99.0,,,,
1958,5,25,,,,,,,,,,0.0,,,,,0.0,0.0,,71.06,60.08,,,,,,,,,,,,,-9999.0,,-9999.0,,,,1.0,,,,,,-9999.0,,,,
1958,5,26,,,,,,,,,,0.0,,,,,0.0,0.0,,32.0,32.0,,,,,,,,,,,,,-9.0,,-9.0,,,,0.0,,,,,,-9.0,,,,
1958,5,27,,,,,,,,,,0.0,,,,,0.0,0.0,,73.94,60.980000000000004,,,,,,,,,,,,,999.0,,999.0,,,,1.0,,,,,,999.0,,,,
1958,5,28,,,,,,,,,,0.0,,,,,0.0,0.0,,,,,,,,,,,,,,,,-999.0,,-999.0,,,,0.0,,,,,,-999.0,,,,
1958,5,30,,,,,,,,,,0.0,,,,,0.0,0.0,,71.96,60.980000000000004,,,,,,,,,,,,,9999.0,,9999.0,,,,1.0,,,,,,9999.0,,,,
1958,5,31,,,,,,,,,,0.0,,,,,0.0,0.0,,,,,,,,,,,,,,,,-99.0,,-99.0,,,,0.0,,,,,,-99.0,,,,
1958,6,1,,,,,,,,,,0.0,,,,,0.0,0.0,,71.06,60.08,,,,,,,,,,,,,-9999.0,,,,,,-9999.0,,,,,,-9999.0,,,,
1958,6,2,,,,,,,,,,0.0,,,,,0.0,0.0,,32.0,32.0,,,,,,,,,,,,,-9.0,,,,,,-9.0,,,,,,-9.0,,,,
1958,6,3,,,,,,,,,,0.0,,,,,0.0,0.0,,73.04,60.980000000000004,,,,,,,,,,,,,999.0,,,,,,999.0,,,,,,999.0,,,,
1958,6,4,,,,,,,,,,0.0,,,,,0.0,0.0,,,,,,,,,,,,,,,,-999.0,,,,,,-999.0,,,,,,-999.0,,,,
1958,6,6,,,,,,,,,,0.0,,,,,0.0,0.0,,71.96,59.0,,,,,,,,,,,,,9999.0,,,,,,9999.0,,,,,,9999.0,,,,
1958,6,7,,,,,,,,,,0.0,,,,,0.0,0.0,,,,,,,,,,,,,,,,-99.0,,,,,,-99.0,,,,,,-99.0,,,,
1958,6,8,,,,,,,,,,,,,,,,,,,,,,,,,,,,,,,,99.0,,,,,,99.0,,,,,,99.0,,,,
1958,6,9,,,,,,,,,,0.0,,,,,0.0,0.0,,73.94,62.059999999999995,,,,,,,,,,,,,-9999.0,,,,,,-9999.0,,,,,,-9999.0,,,,
1958,6,10,,,,,,,,,,0.0,,,,,0.0,0.0,,32.0,32.0,,,,,,,,,,,,,-9.0,,,,,,-9.0,,,,,,-9.0,,,,
1958,6,11,,,,,,,,,,0.0,,,,,0.0,0.0,,71.96,60.08,,,,,,,,,,,,,999.0,,,,,,999.0,,,,,,999.0,,,,
1958,6,12,,,,,,,,,,0.0,,,,,0.0,0.0,,,,,,,,,,,,,,,,-999.0,,,,,,-999.0,,,,,,-999.0,,,,
1958,6,14,,,,,,,,,,0.0,,,,,0.0,0.0,,73.04,60.08,,,,,,,,,,,,,9999.0,,,,,,9999.0,,,,,,9999.0,,,,
1958,6,15,,,,,,,,,,0.0,,,,,0.0,0.0,,,,,,,,,,,,,,,,-99.0,,,,,,-99.0,,,,,,-99.0,,,,
1958,6,16,,,,,,,,,,,,,,,,,,,,,,,,,,,,,,,,99.0,,,,,,99.0,,,,,,99.0,,,,
1958,6,17,,,,,,,,,,0.0,,,,,0.0,0.0,,71.96,62.059999999999995,,,,,,,,,,,,,-9999.0,,,,,,-9999.0,,,,,,-9999.0,,,,
1958,6,18,,,,,,,,,,0.0,,,,,0.0,0.0,,32.0,32.0,,,,,,,,,,,,,-9.0,,,,,,-9.0,,,,,,-9.0,,,,
1958,6,19,,,,,,,,,,0.0,,,,,0.0,0.0,,71.96,62.059999999999995,,,,,,,,,,,,,999.0,,,,,,999.0,,,,,,999.0,,,,
1958,6,20,,,,,,,,,,0.0,,,,,0.0,0.0,,,,,,,,,,,,,,,,-999.0,,,,,,-999.0,,,,,,-999.0,,,,
1958,6,22,,,,,,,,,,0.0,,,,,0.0,0.0,,73.04,60.08,,,,,,,,,,,,,9999.0,,,,,,9999.0,,,,,,9999.0,,,,
1958,6,23,,,,,,,,,,0.0,,,,,0.0,0.0,,,,,,,,,,,,,,,,-99.0,,,,,,,,,,,,,,,,
1958,6,24,,,,,,,,,,,,,,,,,,,,,,,,,,,,,,,,99.0,,,,,,,,,,,,,,,,
1958,6,25,,,,,,,,,,0.0,,,,,0.0,0.0,,73.04,64.94,,,,,,,,,,,,,-9999.0,,,,,,1.0,,,,,,-9999.0,,,,
1958,6,26,,,,,,,,,,0.0,,,,,0.0,0.0,,32.0,32.0,,,,,,,,,,,,,-9.0,,,,,,0.0,,,,,,-9.0,,,,
1958,6,27,,,,,,,,,,0.0,,,,,0.0,0.0,,73.94,64.04,,,,,,,,,,,,,999.0,,,,,,1.0,,,,,,999.0,,,,
1958,6,28,,,,,,,,,,0.0,,,,,0.0,0.0,,,,,,,,,,,,,,,,-999.0,,,,,,,,,,,,-999.0,,,,
1958,6,29,,,,,,,,,,,,,,,,,,,,,,,,,,,,,,,,9.0,,,,,,9.0,,,,,,,,,,
1958,6,30,,,,,,,,,,0.0,,,,,0.0,0.0,,75.02,62.959999999999994,,,,,,,,,,,,,1.0,,,,,,1.0,,,,,,9999.0,,,,
1958,6,31,,,,,,,,,,0.0,,,,,0.0,0.0,,,,,,,,,,,,,,,,,,,,,,,,,,,,-99.0,,,,
1958,7,1,,,,,,,,,,0.0,,,,,0.0,0.0,,73.04,62.059999999999995,,,,,,,,,,,,,-9999.0,,,,,,-9999.0,,,,,,-9999.0,,,,
1958,7,2,,,,,,,,,,0.0,,,,,0.0,0.0,,32.0,32.0,,,,,,,,,,,,,-9.0,,,,,,,,,,,,-9.0,,,,
1958,7,3,,,,,,,,,,0.0,,,,,0.0,0.0,,73.04,62.059999999999995,,,,,,,,,,,,,999.0,,,,,,1.0,,,,,,999.0,,,,
1958,7,4,,,,,,,,,,0.0,,,,,0.0,0.0,,,,,,,,,,,,,,,,-999.0,,,,,,,,,,,,-999.0,,,,
1958,7,6,,,,,,,,,,0.0,,,,,0.0,0.0,,73.94,64.94,,,,,,,,,,,,,9999.0,,,,,,9999.0,,,,,,9999.0,,,,
1958,7,7,,,,,,,,,,0.0,,,,,0.0,0.0,,,,,,,,,,,,,,,,-99.0,,,,,,-99.0,,,,,,-99.0,,,,
1958,7,8,,,,,,,,,,,,,,,,,,,,,,,,,,,,,,,,99.0,,,,,,99.0,,,,,,99.0,,,,
1958,7,9,,,,,,,,,,0.0,,,,,0.0,0.0,,75.02,64.04,,,,,,,,,,,,,-9999.0,,,,,,-9999.0,,,,,,-9999.0,,,,
1958,7,10,,,,,,,,,,0.0,,,,,0.0,0.0,,32.0,32.0,,,,,,,,,,,,,,,,,,,,,,,,,-9.0,,,,
1958,7,11,,,,,,,,,,0.0,,,,,0.0,0.0,,77.0,64.94,,,,,,,,,,,,,1.0,,,,,,1.0,,,,,,999.0,,,,
1958,7,12,,,,,,,,,,0.0,,,,,0.0,0.0,,,,,,,,,,,,,,,,,,,,,,0.0,,,,,,-999.0,,,,
1958,7,14,,,,,,,,,,0.0,,,,,0.0,0.0,,80.96,64.04,,,,,,,,,,,,,9999.0,,,,,,1.0,,,,,,9999.0,,,,
1958,7,15,,,,,,,,,,0.0,,,,,0.0,0.0,,,,,,,,,,,,,,,,,,,,,,0.0,,,,,,-99.0,,,,
1958,7,16,,,,,,,,,,,,,,,,,,,,,,,,,,,,,,,,,,,,,,,,,,,,99.0,,,,
1958,7,17,,,,,,,,,,0.0,,,,,0.0,0.0,,73.04,62.059999999999995,,,,,,,,,,,,,1.0,,,,,,1.0,,,,,,-9999.0,,,,
1958,7,18,,,,,,,,,,0.0,,,,,0.0,0.0,,32.0,32.0,,,,,,,,,,,,,,,,,,,0.0,,,,,,,,,,
1958,7,19,,,,,,,,,,,,,,,0.0,0.0,,75.02,62.959999999999994,,,,,,,,,,,,,1.0,,,,,,1.0,,,,,,1.0,,,,
1958,7,20,,,,,,,,,,0.0,,,,,0.0,0.0,,,,,,,,,,,,,,,,,,,,,,0.0,,,,,,,,,,
1958,7,22,,,,,,,,,,0.0,,,,,0.0,0.0,,71.06,62.959999999999994,,,,,,,,,,,,,9999.0,,,,,,9999.0,,,,,,9999.0,,,,
1958,7,23,,,,,,,,,,0.0,,,,,0.0,0.0,,,,,,,,,,,,,,,,-99.0,,,,,,,,,,,,-99.0,,,,
1958,7,24,,,,,,,,,,,,,,,,,,,,,,,,,,,,,,,,99.0,,,,,,,,,,,,99.0,,,,
1958,7,25,,,,,,,,,,0.0,,,,,0.0,0.0,,75.02,64.04,,,,,,,,,,,,,-9999.0,,,,,,-9999.0,,,,,,-9999.0,,,,
1958,7,26,,,,,,,,,,0.0,,,,,0.0,0.0,,32.0,32.0,,,,,,,,,,,,,-9.0,,,,,,-9.0,,,,,,-9.0,,,,
1958,7,27,,,,,,,,,,0.0,,,,,0.0,0.0,,75.02,64.94,,,,,,,,,,,,,999.0,,,,,,999.0,,,,,,999.0,,,,
1958,7,28,,,,,,,,,,0.0,,,,,0.0,0.0,,,,,,,,,,,,,,,,-999.0,,,,,,,,,,,,-999.0,,,,
1958,7,30,,,,,,,,,,0.0,,,,,0.0,0.0,,75.02,62.959999999999994,,,,,,,,,,,,,9999.0,,,,,,9999.0,,,,,,9999.0,,,,
1958,7,31,,,,,,,,,,0.0,,,,,0.0,0.0,,,,,,,,,,,,,,,,-99.0,,,,,,,,,,,,-99.0,,,,
1958,8,1,,,,,,,,,,0.0,,,,,0.0,0.0,,78.08,66.92,,,,,,,,,,,,,-9999.0,,-9999.0,,,,-9999.0,,,,,,-9999.0,,,,
1958,8,2,,,,,,,,,,0.0,,,,,0.0,0.0,,32.0,32.0,,,,,,,,,,,,,-9.0,,-9.0,,,,-9.0,,,,,,-9.0,,,,
1958,8,3,,,,,,,,,,0.0,,,,,0.0,0.0,,78.98,66.02,,,,,,,,,,,,,999.0,,999.0,,,,999.0,,,,,,999.0,,,,
1958,8,4,,,,,,,,,,0.0,,,,,0.0,0.0,,,,,,,,,,,,,,,,-999.0,,-999.0,,,,,,,,,,-999.0,,,,
1958,8,6,,,,,,,,,,0.0,,,,,0.0,0.0,,73.94,64.04,,,,,,,,,,,,,9999.0,,9999.0,,,,1.0,,,,,,9999.0,,,,
1958,8,7,,,,,,,,,,0.0,,,,,0.0,0.0,,,,,,,,,,,,,,,,,,-99.0,,,,0.0,,,,,,-99.0,,,,
1958,8,8,,,,,,,,,,,,,,,,,,,,,,,,,,,,,,,,,,99.0,,,,,,,,,,99.0,,,,
1958,8,9,,,,,,,,,,0.0,,,,,0.0,0.0,,75.02,64.94,,,,,,,,,,,,,-9999.0,,-9999.0,,,,-9999.0,,,,,,-9999.0,,,,
1958,8,10,,,,,,,,,,0.0,,,,,0.0,0.0,,32.0,32.0,,,,,,,,,,,,,-9.0,,-9.0,,,,-9.0,,,,,,-9.0,,,,
1958,8,11,,,,,,,,,,0.0,,,,,0.0,0.0,,75.02,66.92,,,,,,,,,,,,,999.0,,999.0,,,,999.0,,,,,,999.0,,,,
1958,8,12,,,,,,,,,,0.0,,,,,0.0,0.0,,,,,,,,,,,,,,,,-999.0,,-999.0,,,,,,,,,,-999.0,,,,
1958,8,14,,,,,,,,,,0.0,,,,,0.0,0.0,,82.04,66.02,,,,,,,,,,,,,9999.0,,9999.0,,,,9999.0,,,,,,9999.0,,,,
1958,8,15,,,,,,,,,,0.0,,,,,0.0,0.0,,,,,,,,,,,,,,,,-99.0,,-99.0,,,,-99.0,,,,,,-99.0,,,,
1958,8,16,,,,,,,,,,,,,,,,,,,,,,,,,,,,,,,,99.0,,99.0,,,,99.0,,,,,,99.0,,,,
1958,8,17,,,,,,,,,,0.0,,,,,0.0,0.0,,80.06,66.92,,,,,,,,,,,,,-9999.0,,-9999.0,,,,-9999.0,,,,,,-9999.0,,,,
1958,8,18,,,,,,,,,,0.0,,,,,0.0,0.0,,32.0,32.0,,,,,,,,,,,,,-9.0,,-9.0,,,,,,,,,,-9.0,,,,
1958,8,19,,,,,,,,,,0.0,,,,,0.0,0.0,,78.08,66.92,,,,,,,,,,,,,999.0,,999.0,,,,1.0,,,,,,999.0,,,,
1958,8,20,,,,,,,,,,0.0,,,,,0.0,0.0,,,,,,,,,,,,,,,,-999.0,,-999.0,,,,,,,,,,-999.0,,,,
1958,8,21,,,,,,,,,,,,,,,,,,,,,,,,,,,,,,,,,,9.0,,,,,,,,,,9.0,,,,
1958,8,22,,,,,,,,,,,,,,,0.0,0.0,,84.02,69.98,,,,,,,,,,,,,9999.0,,1.0,,,,9999.0,,,,,,1.0,,,,
1958,8,23,,,,,,,,,,0.0,,,,,0.0,0.0,,,,,,,,,,,,,,,,-99.0,,,,,,-99.0,,,,,,,,,,
1958,8,24,,,,,,,,,,,,,,,,,,,,,,,,,,,,,,,,99.0,,99.0,,,,99.0,,,,,,99.0,,,,
1958,8,25,,,,,,,,,,0.0,,,,,0.0,0.0,,80.06,71.06,,,,,,,,,,,,,-9999.0,,-9999.0,,,,-9999.0,,,,,,-9999.0,,,,
1958,8,26,,,,,,,,,,0.0,,,,,0.0,0.0,,32.0,32.0,,,,,,,,,,,,,-9.0,,-9.0,,,,-9.0,,,,,,-9.0,,,,
1958,8,27,,,,,,,,,,0.0,,,,,0.0,0.0,,78.08,69.98,,,,,,,,,,,,,999.0,,999.0,,,,999.0,,,,,,999.0,,,,
1958,8,28,,,,,,,,,,0.0,,,,,0.0,0.0,,,,,,,,,,,,,,,,-999.0,,-999.0,,,,-999.0,,,,,,-999.0,,,,
1958,8,29,,,,,,,,,,,,,,,,,,,,,,,,,,,,,,,,,,,,,,9.0,,,,,,,,,,
1958,8,30,,,,,,,,,,0.0,,,,,0.0,0.0,,77.0,69.98,,,,,,,,,,,,,9999.0,,9999.0,,,,1.0,,,,,,9999.0,,,,
1958,8,31,,,,,,,,,,0.0,,,,,0.0,0.0,,,,,,,,,,,,,,,,-99.0,,-99.0,,,,0.0,,,,,,-99.0,,,,
1958,9,1,,,,,,,,,,0.0,,,,,0.0,0.0,,78.08,66.02,,,,,,,,,,,,,1.0,,,,,,1.0,,,,,,-9999.0,,,,
1958,9,2,,,,,,,,,,0.0,,,,,0.0,0.0,,32.0,32.0,,,,,,,,,,,,,,,,,,,,,,,,,-9.0,,,,
1958,9,3,,,,,,,,,,0.0,,,,,0.0,0.0,,78.08,68.0,,,,,,,,,,,,,999.0,,,,,,999.0,,,,,,999.0,,,,
1958,9,4,,,,,,,,,,0.0,,,,,0.0,0.0,,,,,,,,,,,,,,,,-999.0,,,,,,-999.0,,,,,,-999.0,,,,
1958,9,5,,,,,,,,,,,,,,,,,,,,,,,,,,,,,,,,,,,,,,9.0,,,,,,,,,,
1958,9,6,,,,,,,,,,0.0,,,,,0.0,0.0,,78.98,66.02,,,,,,,,,,,,,9999.0,,,,,,1.0,,,,,,9999.0,,,,
1958,9,7,,,,,,,,,,0.0,,,,,0.0,0.0,,,,,,,,,,,,,,,,-99.0,,,,,,0.0,,,,,,-99.0,,,,
1958,9,8,,,,,,,,,,,,,,,,,,,,,,,,,,,,,,,,99.0,,,,,,,,,,,,99.0,,,,
1958,9,9,,,,,,,,,,0.0,,,,,0.0,0.0,,87.08000000000001,69.98,,,,,,,,,,,,,-9999.0,,,,,,-9999.0,,,,,,1.0,,,,
1958,9,10,,,,,,,,,,,,,,,0.0,0.0,,32.0,32.0,,,,,,,,,,,,,-9.0,,,,,,-9.0,,,,,,,,,,
1958,9,11,,,,,,,,,,0.0,,,,,0.0,0.0,,91.03999999999999,71.06,,,,,,,,,,,,,999.0,,,,,,999.0,,,,,,999.0,,,,
1958,9,12,,,,,,,,,,0.0,,,,,0.0,0.0,,,,,,,,,,,,,,,,-999.0,,,,,,,,,,,,-999.0,,,,
1958,9,13,,,,,,,,,,,,,,,,,,,,,,,,,,,,,,,,9.0,,,,,,,,,,,,,,,,
1958,9,14,,,,,,,,,,0.0,,,,,0.0,0.0,,84.02,68.0,,,,,,,,,,,,,1.0,,,,,,1.0,,,,,,9999.0,,,,
1958,9,15,,,,,,,,,,0.0,,,,,0.0,0.0,,,,,,,,,,,,,,,,,,,,,,,,,,,,-99.0,,,,
1958,9,16,,,,,,,,,,,,,,,,,,,,,,,,,,,,,,,,99.0,,,,,,99.0,,,,,,99.0,,,,
1958,9,17,,,,,,,,,,0.0,,,,,0.0,0.0,,78.08,64.04,,,,,,,,,,,,,1.0,,,,,,1.0,,,,,,-9999.0,,,,
1958,9,18,,,,,,,,,,0.0,,,,,0.0,0.0,,32.0,32.0,,,,,,,,,,,,,,,,,,,0.0,,,,,,-9.0,,,,
1958,9,19,,,,,,,,,,0.0,,,,,0.0,0.0,,78.08,64.04,,,,,,,,,,,,,999.0,,,,,,1.0,,,,,,999.0,,,,
1958,9,20,,,,,,,,,,0.0,,,,,0.0,0.0,,,,,,,,,,,,,,,,-999.0,,,,,,,,,,,,-999.0,,,,
1958,9,21,,,,,,,,,,,,,,,,,,,,,,,,,,,,,,,,,,,,,,9.0,,,,,,,,,,
1958,9,22,,,,,,,,,,0.0,,,,,0.0,0.0,,80.06,60.980000000000004,,,,,,,,,,,,,9999.0,,,,,,1.0,,,,,,9999.0,,,,
1958,9,23,,,,,,,,,,0.0,,,,,0.0,0.0,,,,,,,,,,,,,,,,-99.0,,,,,,0.0,,,,,,-99.0,,,,
1958,9,24,,,,,,,,,,,,,,,,,,,,,,,,,,,,,,,,99.0,,,,,,,,,,,,99.0,,,,
1958,9,25,,,,,,,,,,0.0,,,,,0.0,0.0,,87.98,64.94,,,,,,,,,,,,,-9999.0,,,,,,-9999.0,,,,,,-9999.0,,,,
1958,9,26,,,,,,,,,,0.0,,,,,0.0,0.0,,32.0,32.0,,,,,,,,,,,,,,,,,,,,,,,,,-9.0,,,,
1958,9,27,,,,,,,,,,0.0,,,,,0.0,0.0,,80.96,64.94,,,,,,,,,,,,,1.0,,,,,,1.0,,,,,,999.0,,,,
1958,9,28,,,,,,,,,,0.0,,,,,0.0,0.0,,,,,,,,,,,,,,,,,,,,,,0.0,,,,,,-999.0,,,,
1958,9,30,,,,,,,,,,0.0,,,,,0.0,0.0,,80.06,60.08,,,,,,,,,,,,,1.0,,,,,,1.0,,,,,,9999.0,,,,
1958,9,31,,,,,,,,,,0.0,,,,,0.0,0.0,,,,,,,,,,,,,,,,,,,,,,0.0,,,,,,-99.0,,,,
1958,10,1,,,,,,,,,,0.0,,,,,0.0,0.0,,80.06,64.94,,,,,,,,,,,,,1.0,,,,,,1.0,,,,,,-9999.0,,,,
1958,10,2,,,,,,,,,,0.0,,,,,0.0,0.0,,32.0,32.0,,,,,,,,,,,,,,,,,,,0.0,,,,,,-9.0,,,,
1958,10,3,,,,,,,,,,0.0,,,,,0.0,0.0,,84.02,64.94,,,,,,,,,,,,,1.0,,,,,,1.0,,,,,,999.0,,,,
1958,10,4,,,,,,,,,,0.0,,,,,0.0,0.0,,,,,,,,,,,,,,,,,,,,,,0.0,,,,,,-999.0,,,,
1958,10,6,,,,,,,,,,0.0,,,,,0.0,0.0,,87.08000000000001,62.959999999999994,,,,,,,,,,,,,1.0,,,,,,1.0,,,,,,9999.0,,,,
1958,10,7,,,,,,,,,,0.0,,,,,0.0,0.0,,,,,,,,,,,,,,,,,,,,,,0.0,,,,,,-99.0,,,,
1958,10,8,,,,,,,,,,,,,,,,,,,,,,,,,,,,,,,,,,,,,,,,,,,,99.0,,,,
1958,10,9,,,,,,,,,,0.0,,,,,0.0,0.0,,77.0,66.92,,,,,,,,,,,,,-9999.0,,,,,,-9999.0,,,,,,-9999.0,,,,
1958,10,10,,,,,,,,,,0.0,,,,,0.0,0.0,,32.0,32.0,,,,,,,,,,,,,-9.0,,,,,,-9.0,,,,,,-9.0,,,,
1958,10,11,,,,,,,,,,0.0,,,,,0.0,0.0,,75.02,64.94,,,,,,,,,,,,,999.0,,,,,,999.0,,,,,,999.0,,,,
1958,10,12,,,,,,,,,,0.0,,,,,0.0,0.0,,,,,,,,,,,,,,,,-999.0,,,,,,,,,,,,-999.0,,,,
1958,10,14,,,,,,,,,,0.0,,,,,0.0,0.0,,75.02,64.94,,,,,,,,,,,,,9999.0,,,,,,1.0,,,,,,9999.0,,,,
1958,10,15,,,,,,,,,,0.0,,,,,0.0,0.0,,,,,,,,,,,,,,,,,,,,,,0.0,,,,,,-99.0,,,,
1958,10,16,,,,,,,,,,,,,,,,,,,,,,,,,,,,,,,,,,,,,,,,,,,,99.0,,,,
1958,10,17,,,,,,,,,,0.0,,,,,0.0,0.0,,75.92,64.04,,,,,,,,,,,,,-9999.0,,,,,,1.0,,,,,,-9999.0,,,,
1958,10,18,,,,,,,,,,0.0,,,,,0.0,0.0,,32.0,32.0,,,,,,,,,,,,,,,,,,,0.0,,,,,,-9.0,,,,
1958,10,19,,,,,,,,,,0.0,,,,,0.0,0.0,,75.02,64.04,,,,,,,,,,,,,1.0,,,,,,1.0,,,,,,999.0,,,,
1958,10,20,,,,,,,,,,0.0,,,,,0.0,0.0,,,,,,,,,,,,,,,,,,,,,,0.0,,,,,,-999.0,,,,
1958,10,22,,,,,,,,,,0.0,,,,,0.0,0.0,,80.06,64.04,,,,,,,,,,,,,1.0,,,,,,1.0,,,,,,9999.0,,,,
1958,10,23,,,,,,,,,,0.0,,,,,0.0,0.0,,,,,,,,,,,,,,,,,,,,,,0.0,,,,,,-99.0,,,,
1958,10,24,,,,,,,,,,,,,,,,,,,,,,,,,,,,,,,,99.0,,,,,,,,,,,,99.0,,,,
1958,10,25,,,,,,,,,,0.0,,,,,0.0,0.0,,96.98,68.0,,,,,,,,,,,,,-9999.0,,,,,,1.0,,,,,,-9999.0,,,,
1958,10,26,,,,,,,,,,0.0,,,,,0.0,0.0,,32.0,32.0,,,,,,,,,,,,,-9.0,,,,,,0.0,,,,,,-9.0,,,,
1958,10,27,,,,,,,,,,0.0,,,,,0.0,0.0,,98.06,68.0,,,,,,,,,,,,,999.0,,,,,,1.0,,,,,,999.0,,,,
1958,10,28,,,,,,,,,,0.0,,,,,0.0,0.0,,,,,,,,,,,,,,,,,,,,,,0.0,,,,,,-999.0,,,,
1958,10,30,,,,,,,,,,0.0,,,,,0.0,0.0,,77.0,62.959999999999994,,,,,,,,,,,,,1.0,,,,,,1.0,,,,,,9999.0,,,,
1958,10,31,,,,,,,,,,0.0,,,,,0.0,0.0,,,,,,,,,,,,,,,,,,,,,,,,,,,,-99.0,,,,
1958,11,1,,,,,,,,,,0.0,,,,,0.0,0.0,,75.92,55.94,,,,,,,,,,,,,-9999.0,,-9999.0,,-9999.0,,-9999.0,,,,,,-9999.0,,,,
1958,11,2,,,,,,,,,,0.0,,,,,0.0,0.0,,32.0,32.0,,,,,,,,,,,,,-9.0,,-9.0,,-9.0,,,,,,,,-9.0,,,,
1958,11,3,,,,,,,,,,0.0,,,,,0.0,0.0,,77.0,53.96,,,,,,,,,,,,,999.0,,999.0,,999.0,,1.0,,,,,,999.0,,,,
1958,11,4,,,,,,,,,,0.0,,,,,0.0,0.0,,,,,,,,,,,,,,,,-999.0,,-999.0,,-999.0,,0.0,,,,,,-999.0,,,,
1958,11,5,,,,,,,,,,,,,,,,,,,,,,,,,,,,,,,,9.0,,,,,,,,,,,,,,,,
1958,11,6,,,,,,,,,,0.0,,,,,0.0,0.0,,77.0,57.02,,,,,,,,,,,,,1.0,,9999.0,,9999.0,,9999.0,,,,,,9999.0,,,,
1958,11,7,,,,,,,,,,0.0,,,,,0.0,0.0,,,,,,,,,,,,,,,,0.0,,-99.0,,-99.0,,,,,,,,-99.0,,,,
1958,11,8,,,,,,,,,,,,,,,,,,,,,,,,,,,,,,,,,,99.0,,99.0,,,,,,,,99.0,,,,
1958,11,9,,,,,,,,,,0.0,,,,,0.0,0.0,,73.04,55.04,,,,,,,,,,,,,1.0,,-9999.0,,-9999.0,,1.0,,,,,,-9999.0,,,,
1958,11,10,,,,,,,,,,0.0,,,,,0.0,0.0,,32.0,32.0,,,,,,,,,,,,,,,-9.0,,-9.0,,0.0,,,,,,-9.0,,,,
1958,11,11,,,,,,,,,,0.0,,,,,0.0,0.0,,71.06,57.02,,,,,,,,,,,,,1.0,,999.0,,999.0,,1.0,,,,,,999.0,,,,
1958,11,12,,,,,,,,,,0.0,,,,,0.0,0.0,,,,,,,,,,,,,,,,,,-999.0,,-999.0,,0.0,,,,,,-999.0,,,,
1958,11,14,,,,,,,,,,0.0,,,,,0.0,0.0,,68.0,55.94,,,,,,,,,,,,,1.0,,9999.0,,9999.0,,1.0,,,,,,9999.0,,,,
1958,11,15,,,,,,,,,,0.0,,,,,0.0,0.0,,,,,,,,,,,,,,,,,,-99.0,,-99.0,,,,,,,,,,,,
1958,11,16,,,,,,,,,,,,,,,,,,,,,,,,,,,,,,,,99.0,,99.0,,99.0,,99.0,,,,,,,,,,
1958,11,17,,,,,,,,,,81.0,,,,,0.0,0.0,,66.02,55.04,,,,,,,,,,,,,-9999.0,,1.0,,-9999.0,,-9999.0,,,,,,1.0,,,,
1958,11,18,,,,,,,,,,0.0,,,,,0.0,0.0,,32.0,32.0,,,,,,,,,,,,,-9.0,,,,-9.0,,-9.0,,,,,,,,,,
1958,11,19,,,,,,,,,,0.0,,,,,0.0,0.0,,69.08,57.02,,,,,,,,,,,,,999.0,,999.0,,999.0,,999.0,,,,,,999.0,,,,
1958,11,20,,,,,,,,,,0.0,,,,,0.0,0.0,,,,,,,,,,,,,,,,-999.0,,-999.0,,-999.0,,-999.0,,,,,,-999.0,,,,
1958,11,21,,,,,,,,,,,,,,,,,,,,,,,,,,,,,,,,,,,,,,9.0,,,,,,,,,,
1958,11,22,,,,,,,,,,0.0,,,,,0.0,0.0,,69.98,55.04,,,,,,,,,,,,,9999.0,,9999.0,,9999.0,,1.0,,,,,,9999.0,,,,
1958,11,23,,,,,,,,,,0.0,,,,,0.0,0.0,,,,,,,,,,,,,,,,-99.0,,-99.0,,-99.0,,,,,,,,,,,,
1958,11,24,,,,,,,,,,,,,,,,,,,,,,,,,,,,,,,,99.0,,99.0,,99.0,,99.0,,,,,,,,,,
1958,11,25,,,,,,,,,,18.0,,,,,0.0,0.0,,59.0,42.08,,,,,,,,,,,,,-9999.0,,-9999.0,,1.0,,-9999.0,,,,,,1.0,,,,
1958,11,26,,,,,,,,,,0.0,,,,,0.0,0.0,,32.0,32.0,,,,,,,,,,,,,-9.0,,-9.0,,,,-9.0,,,,,,,,,,
1958,11,27,,,,,,,,,,0.0,,,,,0.0,0.0,,64.04,41.0,,,,,,,,,,,,,999.0,,999.0,,999.0,,999.0,,,,,,999.0,,,,
1958,11,28,,,,,,,,,,0.0,,,,,0.0,0.0,,,,,,,,,,,,,,,,-999.0,,-999.0,,-999.0,,-999.0,,,,,,-999.0,,,,
1958,11,30,,,,,,,,,,0.0,,,,,0.0,0.0,,73.94,44.96,,,,,,,,,,,,,9999.0,,9999.0,,9999.0,,9999.0,,,,,,9999.0,,,,
1958,11,31,,,,,,,,,,0.0,,,,,0.0,0.0,,,32.0,,,,,,,,,,,,,-99.0,,-99.0,,-99.0,,-99.0,,,,,,-99.0,,,,
1958,12,1,,,,,,,,,,0.0,,,,,0.0,0.0,,73.04,48.92,,,,,,,,,,,,,-9999.0,,,,,,-9999.0,,,,,,-9999.0,,,,
1958,12,2,,,,,,,,,,0.0,,,,,0.0,0.0,,32.0,32.0,,,,,,,,,,,,,-9.0,,,,,,-9.0,,,,,,-9.0,,,,
1958,12,3,,,,,,,,,,0.0,,,,,0.0,0.0,,78.98,50.0,,,,,,,,,,,,,999.0,,,,,,999.0,,,,,,999.0,,,,
1958,12,4,,,,,,,,,,0.0,,,,,0.0,0.0,,,,,,,,,,,,,,,,,,,,,,-999.0,,,,,,-999.0,,,,
1958,12,5,,,,,,,,,,,,,,,,,,,,,,,,,,,,,,,,,,,,,,9.0,,,,,,,,,,
1958,12,6,,,,,,,,,,0.0,,,,,0.0,0.0,,68.0,51.98,,,,,,,,,,,,,9999.0,,,,,,1.0,,,,,,9999.0,,,,
1958,12,7,,,,,,,,,,0.0,,,,,0.0,0.0,,,,,,,,,,,,,,,,-99.0,,,,,,,,,,,,-99.0,,,,
1958,12,8,,,,,,,,,,,,,,,,,,,,,,,,,,,,,,,,99.0,,,,,,99.0,,,,,,99.0,,,,
1958,12,9,,,,,,,,,,0.0,,,,,0.0,0.0,,66.92,55.94,,,,,,,,,,,,,1.0,,,,,,1.0,,,,,,-9999.0,,,,
1958,12,10,,,,,,,,,,0.0,,,,,0.0,0.0,,32.0,32.0,,,,,,,,,,,,,,,,,,,0.0,,,,,,-9.0,,,,
1958,12,11,,,,,,,,,,0.0,,,,,0.0,0.0,,68.0,53.06,,,,,,,,,,,,,1.0,,,,,,1.0,,,,,,999.0,,,,
1958,12,12,,,,,,,,,,0.0,,,,,0.0,0.0,,,,,,,,,,,,,,,,,,,,,,0.0,,,,,,-999.0,,,,
1958,12,14,,,,,,,,,,0.0,,,,,0.0,0.0,,68.0,51.98,,,,,,,,,,,,,1.0,,,,,,1.0,,,,,,9999.0,,,,
1958,12,15,,,,,,,,,,0.0,,,,,0.0,0.0,,,,,,,,,,,,,,,,,,,,,,0.0,,,,,,-99.0,,,,
1958,12,16,,,,,,,,,,,,,,,,,,,,,,,,,,,,,,,,99.0,,,,,,,,,,,,99.0,,,,
1958,12,17,,,,,,,,,,0.0,,,,,0.0,0.0,,84.02,57.02,,,,,,,,,,,,,-9999.0,,,,,,-9999.0,,,,,,-9999.0,,,,
1958,12,18,,,,,,,,,,0.0,,,,,0.0,0.0,,32.0,32.0,,,,,,,,,,,,,,,,,,,-9.0,,,,,,-9.0,,,,
1958,12,19,,,,,,,,,,0.0,,,,,0.0,0.0,,75.92,55.94,,,,,,,,,,,,,1.0,,,,,,999.0,,,,,,999.0,,,,
1958,12,20,,,,,,,,,,0.0,,,,,0.0,0.0,,,,,,,,,,,,,,,,0.0,,,,,,,,,,,,-999.0,,,,
1958,12,22,,,,,,,,,,0.0,,,,,0.0,0.0,,80.96,53.06,,,,,,,,,,,,,1.0,,,,,,9999.0,,,,,,9999.0,,,,
1958,12,23,,,,,,,,,,0.0,,,,,0.0,0.0,,,,,,,,,,,,,,,,,,,,,,-99.0,,,,,,-99.0,,,,
1958,12,24,,,,,,,,,,,,,,,,,,,,,,,,,,,,,,,,99.0,,,,,,99.0,,,,,,99.0,,,,
1958,12,25,,,,,,,,,,0.0,,,,,0.0,0.0,,80.96,48.02,,,,,,,,,,,,,-9999.0,,,,,,1.0,,,,,,-9999.0,,,,
1958,12,26,,,,,,,,,,0.0,,,,,0.0,0.0,,32.0,32.0,,,,,,,,,,,,,,,,,,,0.0,,,,,,-9.0,,,,
1958,12,27,,,,,,,,,,0.0,,,,,0.0,0.0,,75.92,48.02,,,,,,,,,,,,,1.0,,,,,,1.0,,,,,,999.0,,,,
1958,12,28,,,,,,,,,,0.0,,,,,0.0,0.0,,,,,,,,,,,,,,,,,,,,,,0.0,,,,,,-999.0,,,,
1958,12,30,,,,,,,,,,0.0,,,,,0.0,0.0,,71.06,46.04,,,,,,,,,,,,,1.0,,,,,,1.0,,,,,,9999.0,,,,
1958,12,31,,,,,,,,,,0.0,,,,,0.0,0.0,,,32.0,,,,,,,,,,,,,,,,,,,0.0,,,,,,-99.0,,,,
1959,1,1,,,,,,,,,,0.0,,,,,0.0,0.0,,69.08,50.0,,,,,,,,,,,,,-9999.0,,,,,,-9999.0,,,,,,-9999.0,,,,
1959,1,2,,,,,,,,,,0.0,,,,,0.0,0.0,,32.0,32.0,,,,,,,,,,,,,-9.0,,,,,,-9.0,,,,,,-9.0,,,,
1959,1,3,,,,,,,,,,0.0,,,,,0.0,0.0,,64.94,55.94,,,,,,,,,,,,,999.0,,,,,,999.0,,,,,,999.0,,,,
1959,1,4,,,,,,,,,,0.0,,,,,0.0,0.0,,,,,,,,,,,,,,,,-999.0,,,,,,-999.0,,,,,,-999.0,,,,
1959,1,6,,,,,,,,,,0.0,,,,,0.0,0.0,,64.94,48.92,,,,,,,,,,,,,9999.0,,,,,,9999.0,,,,,,9999.0,,,,
1959,1,7,,,,,,,,,,0.0,,,,,0.0,0.0,,,,,,,,,,,,,,,,-99.0,,,,,,-99.0,,,,,,,,,,
1959,1,8,,,,,,,,,,,,,,,,,,,,,,,,,,,,,,,,99.0,,,,,,99.0,,,,,,,,,,
1959,1,9,,,,,,,,,,20.0,,,,,0.0,0.0,,66.02,53.96,,,,,,,,,,,,,-9999.0,,,,,,-9999.0,,,,,,1.0,,,,
1959,1,10,,,,,,,,,,0.0,,,,,0.0,0.0,,32.0,32.0,,,,,,,,,,,,,-9.0,,,,,,-9.0,,,,,,,,,,
1959,1,11,,,,,,,,,,0.0,,,,,0.0,0.0,,66.92,48.92,,,,,,,,,,,,,999.0,,,,,,999.0,,,,,,999.0,,,,
1959,1,12,,,,,,,,,,0.0,,,,,0.0,0.0,,,,,,,,,,,,,,,,-999.0,,,,,,,,,,,,-999.0,,,,
1959,1,13,,,,,,,,,,,,,,,,,,,,,,,,,,,,,,,,9.0,,,,,,,,,,,,,,,,
1959,1,14,,,,,,,,,,0.0,,,,,0.0,0.0,,69.08,53.96,,,,,,,,,,,,,1.0,,,,,,1.0,,,,,,9999.0,,,,
1959,1,15,,,,,,,,,,0.0,,,,,0.0,0.0,,,,,,,,,,,,,,,,,,,,,,0.0,,,,,,-99.0,,,,
1959,1,16,,,,,,,,,,,,,,,,,,,,,,,,,,,,,,,,,,,,,,,,,,,,99.0,,,,
1959,1,17,,,,,,,,,,0.0,,,,,0.0,0.0,,73.94,50.0,,,,,,,,,,,,,1.0,,,,,,1.0,,,,,,-9999.0,,,,
1959,1,18,,,,,,,,,,0.0,,,,,0.0,0.0,,32.0,32.0,,,,,,,,,,,,,,,,,,,0.0,,,,,,-9.0,,,,
1959,1,19,,,,,,,,,,0.0,,,,,0.0,0.0,,69.08,51.08,,,,,,,,,,,,,1.0,,,,,,1.0,,,,,,999.0,,,,
1959,1,20,,,,,,,,,,0.0,,,,,0.0,0.0,,,,,,,,,,,,,,,,,,,,,,0.0,,,,,,-999.0,,,,
1959,1,22,,,,,,,,,,0.0,,,,,0.0,0.0,,66.92,51.98,,,,,,,,,,,,,1.0,,,,,,1.0,,,,,,9999.0,,,,
1959,1,23,,,,,,,,,,0.0,,,,,0.0,0.0,,,32.0,,,,,,,,,,,,,,,,,,,0.0,,,,,,-99.0,,,,
1959,1,24,,,,,,,,,,,,,,,,,,,,,,,,,,,,,,,,,,,,,,,,,,,,99.0,,,,
1959,1,25,,,,,,,,,,0.0,,,,,0.0,0.0,,77.0,51.98,,,,,,,,,,,,,1.0,,,,,,1.0,,,,,,-9999.0,,,,
1959,1,26,,,,,,,,,,0.0,,,,,0.0,0.0,,32.0,32.0,,,,,,,,,,,,,,,,,,,0.0,,,,,,-9.0,,,,
1959,1,27,,,,,,,,,,0.0,,,,,0.0,0.0,,75.92,50.0,,,,,,,,,,,,,1.0,,,,,,1.0,,,,,,999.0,,,,
1959,1,28,,,,,,,,,,0.0,,,,,0.0,0.0,,,,,,,,,,,,,,,,,,,,,,0.0,,,,,,-999.0,,,,
1959,1,30,,,,,,,,,,0.0,,,,,0.0,0.0,,60.980000000000004,55.04,,,,,,,,,,,,,1.0,,,,,,1.0,,,,,,9999.0,,,,
1959,1,31,,,,,,,,,,0.0,,,,,0.0,0.0,,,,,,,,,,,,,,,,,,,,,,,,,,,,-99.0,,,,
1959,2,1,,,,,,,,,,0.0,,,,,0.0,0.0,,64.04,46.94,,,,,,,,,,,,,-9999.0,,,,-9999.0,,-9999.0,,,,,,-9999.0,,,,
1959,2,2,,,,,,,,,,0.0,,,,,0.0,0.0,,32.0,32.0,,,,,,,,,,,,,-9.0,,,,-9.0,,-9.0,,,,,,-9.0,,,,
1959,2,3,,,,,,,,,,0.0,,,,,0.0,0.0,,64.04,46.94,,,,,,,,,,,,,999.0,,,,999.0,,999.0,,,,,,999.0,,,,
1959,2,4,,,,,,,,,,0.0,,,,,0.0,0.0,,,,,,,,,,,,,,,,-999.0,,,,-999.0,,-999.0,,,,,,-999.0,,,,
1959,2,6,,,,,,,,,,0.0,,,,,0.0,0.0,,62.959999999999994,44.96,,,,,,,,,,,,,9999.0,,,,9999.0,,9999.0,,,,,,9999.0,,,,
1959,2,7,,,,,,,,,,0.0,,,,,0.0,0.0,,,32.0,,,,,,,,,,,,,-99.0,,,,-99.0,,-99.0,,,,,,-99.0,,,,
1959,2,8,,,,,,,,,,,,,,,,,,,,,,,,,,,,,,,,99.0,,,,99.0,,99.0,,,,,,99.0,,,,
1959,2,9,,,,,,,,,,0.0,,,,,0.0,0.0,,64.04,48.02,,,,,,,,,,,,,-9999.0,,,,-9999.0,,-9999.0,,,,,,-9999.0,,,,
1959,2,10,,,,,,,,,,0.0,,,,,0.0,0.0,,32.0,32.0,,,,,,,,,,,,,-9.0,,,,-9.0,,-9.0,,,,,,,,,,
1959,2,11,,,,,,,,,,36.0,,,,,0.0,0.0,,64.04,53.96,,,,,,,,,,,,,999.0,,,,999.0,,999.0,,,,,,1.0,,,,
1959,2,12,,,,,,,,,,,,,,,0.0,0.0,,,,,,,,,,,,,,,,-999.0,,,,-999.0,,-999.0,,,,,,,,,,
1959,2,13,,,,,,,,,,,,,,,,,,,,,,,,,,,,,,,,,,,,9.0,,,,,,,,,,,,
1959,2,14,,,,,,,,,,,,,,,0.0,0.0,,60.980000000000004,48.92,,,,,,,,,,,,,9999.0,,,,1.0,,9999.0,,,,,,1.0,,,,
1959,2,15,,,,,,,,,,0.0,,,,,0.0,0.0,,,32.0,,,,,,,,,,,,,-99.0,,,,,,-99.0,,,,,,,,,,
1959,2,16,,,,,,,,,,,,,,,,,,,,,,,,,,,,,,,,99.0,,,,99.0,,99.0,,,,,,99.0,,,,
1959,2,17,,,,,,,,,,218.0,,,,,0.0,0.0,,60.08,53.96,,,,,,,,,,,,,-9999.0,,,,-9999.0,,-9999.0,,,,,,1.0,,,,
1959,2,18,,,,,,,,,,0.0,,,,,0.0,0.0,,32.0,32.0,,,,,,,,,,,,,-9.0,,,,-9.0,,-9.0,,,,,,,,,,
1959,2,19,,,,,,,,,,53.0,,,,,0.0,0.0,,60.980000000000004,48.92,,,,,,,,,,,,,999.0,,,,999.0,,999.0,,,,,,1.0,,,,
1959,2,20,,,,,,,,,,0.0,,,,,0.0,0.0,,,,,,,,,,,,,,,,-999.0,,,,-999.0,,-999.0,,,,,,,,,,
1959,2,22,,,,,,,,,,0.0,,,,,0.0,0.0,,66.02,44.96,,,,,,,,,,,,,9999.0,,,,9999.0,,9999.0,,,,,,9999.0,,,,
1959,2,23,,,,,,,,,,0.0,,,,,0.0,0.0,,,32.0,,,,,,,,,,,,,-99.0,,,,-99.0,,-99.0,,,,,,,,,,
1959,2,24,,,,,,,,,,,,,,,,,,,,,,,,,,,,,,,,99.0,,,,99.0,,99.0,,,,,,,,,,
1959,2,25,,,,,,,,,,229.0,,,,,0.0,0.0,,66.92,51.98,,,,,,,,,,,,,1.0,,,,-9999.0,,-9999.0,,,,,,1.0,,,,
1959,2,26,,,,,,,,,,0.0,,,,,0.0,0.0,,32.0,32.0,,,,,,,,,,,,,0.0,,,,-9.0,,-9.0,,,,,,,,,,
1959,2,27,,,,,,,,,,,,,,,0.0,0.0,,64.04,57.92,,,,,,,,,,,,,1.0,,,,999.0,,999.0,,,,,,1.0,,,,
1959,2,28,,,,,,,,,,0.0,,,,,0.0,0.0,,,,,,,,,,,,,,,,,,,,-999.0,,-999.0,,,,,,,,,,
1959,2,30,,,,,,,,,,0.0,,,,,0.0,0.0,,66.02,53.96,,,,,,,,,,,,,9999.0,,,,9999.0,,9999.0,,,,,,9999.0,,,,
1959,2,31,,,,,,,,,,0.0,,,,,0.0,0.0,,,,,,,,,,,,,,,,-99.0,,,,-99.0,,-99.0,,,,,,-99.0,,,,
1959,3,1,,,,,,,,,,0.0,,,,,0.0,0.0,,77.0,55.04,,,,,,,,,,,,,1.0,,,,,,1.0,,,,,,-9999.0,,,,
1959,3,2,,,,,,,,,,0.0,,,,,0.0,0.0,,32.0,32.0,,,,,,,,,,,,,,,,,,,0.0,,,,,,-9.0,,,,
1959,3,3,,,,,,,,,,0.0,,,,,0.0,0.0,,69.08,53.96,,,,,,,,,,,,,1.0,,,,,,1.0,,,,,,999.0,,,,
1959,3,4,,,,,,,,,,0.0,,,,,0.0,0.0,,,,,,,,,,,,,,,,,,,,,,0.0,,,,,,-999.0,,,,
1959,3,6,,,,,,,,,,0.0,,,,,0.0,0.0,,78.98,53.96,,,,,,,,,,,,,1.0,,,,,,1.0,,,,,,9999.0,,,,
1959,3,7,,,,,,,,,,0.0,,,,,0.0,0.0,,,,,,,,,,,,,,,,,,,,,,,,,,,,-99.0,,,,
1959,3,8,,,,,,,,,,,,,,,,,,,,,,,,,,,,,,,,99.0,,,,,,99.0,,,,,,99.0,,,,
1959,3,9,,,,,,,,,,0.0,,,,,0.0,0.0,,68.0,51.08,,,,,,,,,,,,,-9999.0,,,,,,-9999.0,,,,,,-9999.0,,,,
1959,3,10,,,,,,,,,,0.0,,,,,0.0,0.0,,32.0,32.0,,,,,,,,,,,,,-9.0,,,,,,,,,,,,-9.0,,,,
1959,3,11,,,,,,,,,,0.0,,,,,0.0,0.0,,64.94,55.04,,,,,,,,,,,,,999.0,,,,,,1.0,,,,,,999.0,,,,
1959,3,12,,,,,,,,,,0.0,,,,,0.0,0.0,,,,,,,,,,,,,,,,,,,,,,0.0,,,,,,-999.0,,,,
1959,3,14,,,,,,,,,,0.0,,,,,0.0,0.0,,69.98,51.98,,,,,,,,,,,,,1.0,,,,,,1.0,,,,,,9999.0,,,,
1959,3,15,,,,,,,,,,0.0,,,,,0.0,0.0,,,,,,,,,,,,,,,,,,,,,,0.0,,,,,,-99.0,,,,
1959,3,16,,,,,,,,,,,,,,,,,,,,,,,,,,,,,,,,,,,,,,,,,,,,99.0,,,,
1959,3,17,,,,,,,,,,0.0,,,,,0.0,0.0,,87.98,55.04,,,,,,,,,,,,,-9999.0,,,,,,1.0,,,,,,-9999.0,,,,
1959,3,18,,,,,,,,,,0.0,,,,,0.0,0.0,,32.0,32.0,,,,,,,,,,,,,-9.0,,,,,,,,,,,,-9.0,,,,
1959,3,19,,,,,,,,,,0.0,,,,,0.0,0.0,,80.96,53.96,,,,,,,,,,,,,999.0,,,,,,999.0,,,,,,999.0,,,,
1959,3,20,,,,,,,,,,0.0,,,,,0.0,0.0,,,,,,,,,,,,,,,,-999.0,,,,,,-999.0,,,,,,-999.0,,,,
1959,3,22,,,,,,,,,,0.0,,,,,0.0,0.0,,68.0,57.92,,,,,,,,,,,,,9999.0,,,,,,9999.0,,,,,,9999.0,,,,
1959,3,23,,,,,,,,,,0.0,,,,,0.0,0.0,,,,,,,,,,,,,,,,-99.0,,,,,,,,,,,,-99.0,,,,
1959,3,24,,,,,,,,,,,,,,,,,,,,,,,,,,,,,,,,99.0,,,,,,,,,,,,99.0,,,,
1959,3,25,,,,,,,,,,0.0,,,,,0.0,0.0,,82.04,55.04,,,,,,,,,,,,,-9999.0,,,,,,1.0,,,,,,-9999.0,,,,
1959,3,26,,,,,,,,,,0.0,,,,,0.0,0.0,,32.0,32.0,,,,,,,,,,,,,-9.0,,,,,,,,,,,,-9.0,,,,
1959,3,27,,,,,,,,,,0.0,,,,,0.0,0.0,,78.08,55.04,,,,,,,,,,,,,999.0,,,,,,999.0,,,,,,999.0,,,,
1959,3,28,,,,,,,,,,0.0,,,,,0.0,0.0,,,,,,,,,,,,,,,,,,,,,,-999.0,,,,,,-999.0,,,,
1959,3,30,,,,,,,,,,0.0,,,,,0.0,0.0,,69.08,57.92,,,,,,,,,,,,,9999.0,,,,,,9999.0,,,,,,9999.0,,,,
1959,3,31,,,,,,,,,,0.0,,,,,0.0,0.0,,,,,,,,,,,,,,,,-99.0,,,,,,,,,,,,-99.0,,,,
1959,4,1,,,,,,,,,,0.0,,,,,0.0,0.0,,82.94,55.04,,,,,,,,,,,,,-9999.0,,,,,,-9999.0,,,,,,-9999.0,,,,
1959,4,2,,,,,,,,,,0.0,,,,,0.0,0.0,,32.0,32.0,,,,,,,,,,,,,-9.0,,,,,,,,,,,,-9.0,,,,
1959,4,3,,,,,,,,,,0.0,,,,,0.0,0.0,,84.02,57.92,,,,,,,,,,,,,999.0,,,,,,1.0,,,,,,999.0,,,,
1959,4,4,,,,,,,,,,0.0,,,,,0.0,0.0,,,,,,,,,,,,,,,,-999.0,,,,,,,,,,,,-999.0,,,,
1959,4,5,,,,,,,,,,,,,,,,,,,,,,,,,,,,,,,,,,,,,,9.0,,,,,,,,,,
1959,4,6,,,,,,,,,,0.0,,,,,0.0,0.0,,73.94,59.0,,,,,,,,,,,,,9999.0,,,,,,1.0,,,,,,9999.0,,,,
1959,4,7,,,,,,,,,,0.0,,,,,0.0,0.0,,,,,,,,,,,,,,,,-99.0,,,,,,,,,,,,,,,,
1959,4,8,,,,,,,,,,,,,,,,,,,,,,,,,,,,,,,,99.0,,,,,,99.0,,,,,,,,,,
1959,4,9,,,,,,,,,,18.0,,,,,0.0,0.0,,64.94,57.02,,,,,,,,,,,,,-9999.0,,,,,,-9999.0,,,,,,1.0,,,,
1959,4,10,,,,,,,,,,0.0,,,,,0.0,0.0,,32.0,32.0,,,,,,,,,,,,,-9.0,,,,,,-9.0,,,,,,,,,,
1959,4,11,,,,,,,,,,3.0,,,,,0.0,0.0,,66.02,57.92,,,,,,,,,,,,,999.0,,,,,,999.0,,,,,,1.0,,,,
1959,4,12,,,,,,,,,,0.0,,,,,0.0,0.0,,,,,,,,,,,,,,,,-999.0,,,,,,-999.0,,,,,,,,,,
1959,4,13,,,,,,,,,,,,,,,,,,,,,,,,,,,,,,,,,,,,,,9.0,,,,,,,,,,
1959,4,14,,,,,,,,,,0.0,,,,,0.0,0.0,,69.98,60.08,,,,,,,,,,,,,9999.0,,,,,,1.0,,,,,,9999.0,,,,
1959,4,15,,,,,,,,,,0.0,,,,,0.0,0.0,,,,,,,,,,,,,,,,-99.0,,,,,,0.0,,,,,,-99.0,,,,
1959,4,16,,,,,,,,,,,,,,,,,,,,,,,,,,,,,,,,99.0,,,,,,,,,,,,99.0,,,,
1959,4,17,,,,,,,,,,0.0,,,,,0.0,0.0,,71.96,55.04,,,,,,,,,,,,,1.0,,,,,,1.0,,,,,,-9999.0,,,,
1959,4,18,,,,,,,,,,0.0,,,,,0.0,0.0,,32.0,32.0,,,,,,,,,,,,,,,,,,,0.0,,,,,,-9.0,,,,
1959,4,19,,,,,,,,,,0.0,,,,,0.0,0.0,,69.08,57.92,,,,,,,,,,,,,1.0,,,,,,1.0,,,,,,999.0,,,,
1959,4,20,,,,,,,,,,0.0,,,,,0.0,0.0,,,,,,,,,,,,,,,,,,,,,,0.0,,,,,,-999.0,,,,
1959,4,22,,,,,,,,,,0.0,,,,,0.0,0.0,,66.92,57.92,,,,,,,,,,,,,9999.0,,,,,,1.0,,,,,,9999.0,,,,
1959,4,23,,,,,,,,,,0.0,,,,,0.0,0.0,,,,,,,,,,,,,,,,-99.0,,,,,,,,,,,,-99.0,,,,
1959,4,24,,,,,,,,,,,,,,,,,,,,,,,,,,,,,,,,99.0,,,,,,99.0,,,,,,99.0,,,,
1959,4,25,,,,,,,,,,0.0,,,,,0.0,0.0,,66.02,57.02,,,,,,,,,,,,,-9999.0,,,,,,-9999.0,,,,,,-9999.0,,,,
1959,4,26,,,,,,,,,,0.0,,,,,0.0,0.0,,32.0,32.0,,,,,,,,,,,,,-9.0,,,,,,-9.0,,,,,,-9.0,,,,
1959,4,27,,,,,,,,,,0.0,,,,,0.0,0.0,,66.02,57.92,,,,,,,,,,,,,999.0,,,,,,999.0,,,,,,999.0,,,,
1959,4,28,,,,,,,,,,0.0,,,,,0.0,0.0,,,,,,,,,,,,,,,,-999.0,,,,,,-999.0,,,,,,-999.0,,,,
1959,4,30,,,,,,,,,,0.0,,,,,0.0,0.0,,66.02,59.0,,,,,,,,,,,,,9999.0,,,,,,9999.0,,,,,,9999.0,,,,
1959,4,31,,,,,,,,,,0.0,,,,,0.0,0.0,,,,,,,,,,,,,,,,-99.0,,,,,,-99.0,,,,,,-99.0,,,,
1959,5,1,,,,,,,,,,0.0,,,,,0.0,0.0,,69.08,60.980000000000004,,,,,,,,,,,,,,,,,,,,,,,,,1.0,,,,
1959,5,2,,,,,,,,,,,,,,,0.0,0.0,,32.0,32.0,,,,,,,,,,,,,,,,,,,,,,,,,,,,,
1959,5,3,,,,,,,,,,0.0,,,,,0.0,0.0,,64.94,57.92,,,,,,,,,,,,,,,,,,,,,,,,,999.0,,,,
1959,5,4,,,,,,,,,,0.0,,,,,0.0,0.0,,,,,,,,,,,,,,,,,,,,,,,,,,,,-999.0,,,,
1959,5,6,,,,,,,,,,0.0,,,,,0.0,0.0,,66.92,55.94,,,,,,,,,,,,,,,,,,,,,,,,,9999.0,,,,
1959,5,7,,,,,,,,,,0.0,,,,,0.0,0.0,,,,,,,,,,,,,,,,,,,,,,,,,,,,-99.0,,,,
1959,5,8,,,,,,,,,,,,,,,,,,,,,,,,,,,,,,,,,,,,,,,,,,,,99.0,,,,
1959,5,9,,,,,,,,,,0.0,,,,,0.0,0.0,,75.92,55.04,,,,,,,,,,,,,,,,,,,,,,,,,-9999.0,,,,
1959,5,10,,,,,,,,,,0.0,,,,,0.0,0.0,,32.0,32.0,,,,,,,,,,,,,,,,,,,,,,,,,-9.0,,,,
1959,5,11,,,,,,,,,,0.0,,,,,0.0,0.0,,69.98,57.02,,,,,,,,,,,,,,,,,,,,,,,,,999.0,,,,
1959,5,12,,,,,,,,,,0.0,,,,,0.0,0.0,,,,,,,,,,,,,,,,,,,,,,,,,,,,-999.0,,,,
1959,5,14,,,,,,,,,,0.0,,,,,0.0,0.0,,66.02,59.0,,,,,,,,,,,,,,,,,,,,,,,,,9999.0,,,,
1959,5,15,,,,,,,,,,0.0,,,,,0.0,0.0,,,,,,,,,,,,,,,,,,,,,,,,,,,,-99.0,,,,
1959,5,16,,,,,,,,,,,,,,,,,,,,,,,,,,,,,,,,,,,,,,,,,,,,99.0,,,,
1959,5,17,,,,,,,,,,0.0,,,,,0.0,0.0,,69.98,60.08,,,,,,,,,,,,,,,,,,,,,,,,,-9999.0,,,,
1959,5,18,,,,,,,,,,0.0,,,,,0.0,0.0,,32.0,32.0,,,,,,,,,,,,,,,,,,,,,,,,,,,,,
1959,5,19,,,,,,,,,,,,,,,0.0,0.0,,69.08,62.959999999999994,,,,,,,,,,,,,,,,,,,,,,,,,1.0,,,,
1959,5,20,,,,,,,,,,0.0,,,,,0.0,0.0,,,,,,,,,,,,,,,,,,,,,,,,,,,,,,,,
1959,5,22,,,,,,,,,,0.0,,,,,0.0,0.0,,71.96,60.08,,,,,,,,,,,,,,,,,,,,,,,,,9999.0,,,,
1959,5,23,,,,,,,,,,0.0,,,,,0.0,0.0,,,,,,,,,,,,,,,,,,,,,,,,,,,,-99.0,,,,
1959,5,24,,,,,,,,,,,,,,,,,,,,,,,,,,,,,,,,,,,,,,,,,,,,99.0,,,,
1959,5,25,,,,,,,,,,0.0,,,,,0.0,0.0,,71.06,60.08,,,,,,,,,,,,,,,,,,,,,,,,,-9999.0,,,,
1959,5,26,,,,,,,,,,0.0,,,,,0.0,0.0,,32.0,32.0,,,,,,,,,,,,,,,,,,,,,,,,,-9.0,,,,
1959,5,27,,,,,,,,,,0.0,,,,,0.0,0.0,,69.98,60.08,,,,,,,,,,,,,,,,,,,,,,,,,999.0,,,,
1959,5,28,,,,,,,,,,0.0,,,,,0.0,0.0,,,,,,,,,,,,,,,,,,,,,,,,,,,,-999.0,,,,
1959,5,30,,,,,,,,,,0.0,,,,,0.0,0.0,,69.08,57.92,,,,,,,,,,,,,,,,,,,,,,,,,9999.0,,,,
1959,5,31,,,,,,,,,,0.0,,,,,0.0,0.0,,,,,,,,,,,,,,,,,,,,,,,,,,,,-99.0,,,,
1959,6,1,,,,,,,,,,0.0,,,,,0.0,0.0,,73.04,59.0,,,,,,,,,,,,,-9999.0,,,,,,-9999.0,,,,,,-9999.0,,,,
1959,6,2,,,,,,,,,,0.0,,,,,0.0,0.0,,32.0,32.0,,,,,,,,,,,,,-9.0,,,,,,-9.0,,,,,,-9.0,,,,
1959,6,3,,,,,,,,,,0.0,,,,,0.0,0.0,,75.02,62.059999999999995,,,,,,,,,,,,,999.0,,,,,,999.0,,,,,,999.0,,,,
1959,6,4,,,,,,,,,,0.0,,,,,0.0,0.0,,,,,,,,,,,,,,,,-999.0,,,,,,-999.0,,,,,,-999.0,,,,
1959,6,6,,,,,,,,,,0.0,,,,,0.0,0.0,,71.06,62.059999999999995,,,,,,,,,,,,,9999.0,,,,,,9999.0,,,,,,9999.0,,,,
1959,6,7,,,,,,,,,,0.0,,,,,0.0,0.0,,,,,,,,,,,,,,,,-99.0,,,,,,-99.0,,,,,,-99.0,,,,
1959,6,8,,,,,,,,,,,,,,,,,,,,,,,,,,,,,,,,99.0,,,,,,99.0,,,,,,99.0,,,,
1959,6,9,,,,,,,,,,0.0,,,,,0.0,0.0,,69.98,62.059999999999995,,,,,,,,,,,,,-9999.0,,,,,,-9999.0,,,,,,-9999.0,,,,
1959,6,10,,,,,,,,,,0.0,,,,,0.0,0.0,,32.0,32.0,,,,,,,,,,,,,-9.0,,,,,,-9.0,,,,,,-9.0,,,,
1959,6,11,,,,,,,,,,0.0,,,,,0.0,0.0,,71.96,62.959999999999994,,,,,,,,,,,,,999.0,,,,,,999.0,,,,,,999.0,,,,
1959,6,12,,,,,,,,,,0.0,,,,,0.0,0.0,,,,,,,,,,,,,,,,-999.0,,,,,,-999.0,,,,,,-999.0,,,,
1959,6,14,,,,,,,,,,0.0,,,,,0.0,0.0,,69.98,62.059999999999995,,,,,,,,,,,,,9999.0,,,,,,9999.0,,,,,,9999.0,,,,
1959,6,15,,,,,,,,,,0.0,,,,,0.0,0.0,,,,,,,,,,,,,,,,-99.0,,,,,,-99.0,,,,,,-99.0,,,,
1959,6,16,,,,,,,,,,,,,,,,,,,,,,,,,,,,,,,,99.0,,,,,,99.0,,,,,,99.0,,,,
1959,6,17,,,,,,,,,,0.0,,,,,0.0,0.0,,71.06,60.08,,,,,,,,,,,,,-9999.0,,,,,,1.0,,,,,,-9999.0,,,,
1959,6,18,,,,,,,,,,0.0,,,,,0.0,0.0,,32.0,32.0,,,,,,,,,,,,,-9.0,,,,,,0.0,,,,,,-9.0,,,,
1959,6,19,,,,,,,,,,0.0,,,,,0.0,0.0,,75.02,60.980000000000004,,,,,,,,,,,,,999.0,,,,,,1.0,,,,,,999.0,,,,
1959,6,20,,,,,,,,,,0.0,,,,,0.0,0.0,,,,,,,,,,,,,,,,-999.0,,,,,,0.0,,,,,,,,,,
1959,6,21,,,,,,,,,,,,,,,,,,,,,,,,,,,,,,,,9.0,,,,,,,,,,,,,,,,
1959,6,22,,,,,,,,,,0.0,,,,,0.0,0.0,,78.08,62.059999999999995,,,,,,,,,,,,,1.0,,,,,,1.0,,,,,,9999.0,,,,
1959,6,23,,,,,,,,,,0.0,,,,,0.0,0.0,,,,,,,,,,,,,,,,,,,,,,,,,,,,-99.0,,,,
1959,6,24,,,,,,,,,,,,,,,,,,,,,,,,,,,,,,,,99.0,,,,,,99.0,,,,,,99.0,,,,
1959,6,25,,,,,,,,,,0.0,,,,,0.0,0.0,,75.02,62.959999999999994,,,,,,,,,,,,,-9999.0,,,,,,-9999.0,,,,,,-9999.0,,,,
1959,6,26,,,,,,,,,,0.0,,,,,0.0,0.0,,32.0,32.0,,,,,,,,,,,,,-9.0,,,,,,,,,,,,-9.0,,,,
1959,6,27,,,,,,,,,,0.0,,,,,0.0,0.0,,78.98,62.059999999999995,,,,,,,,,,,,,999.0,,,,,,1.0,,,,,,999.0,,,,
1959,6,28,,,,,,,,,,0.0,,,,,0.0,0.0,,,,,,,,,,,,,,,,,,,,,,0.0,,,,,,-999.0,,,,
1959,6,30,,,,,,,,,,0.0,,,,,0.0,0.0,,75.92,62.959999999999994,,,,,,,,,,,,,9999.0,,,,,,1.0,,,,,,9999.0,,,,
1959,6,31,,,,,,,,,,0.0,,,,,0.0,0.0,,,,,,,,,,,,,,,,-99.0,,,,,,0.0,,,,,,-99.0,,,,
1959,7,1,,,,,,,,,,0.0,,,,,0.0,0.0,,80.06,68.0,,,,,,,,,,,,,-9999.0,,,,,,-9999.0,,,,,,-9999.0,,,,
1959,7,2,,,,,,,,,,0.0,,,,,0.0,0.0,,32.0,32.0,,,,,,,,,,,,,,,,,,,,,,,,,-9.0,,,,
1959,7,3,,,,,,,,,,0.0,,,,,0.0,0.0,,78.08,68.0,,,,,,,,,,,,,1.0,,,,,,1.0,,,,,,999.0,,,,
1959,7,4,,,,,,,,,,0.0,,,,,0.0,0.0,,,,,,,,,,,,,,,,,,,,,,0.0,,,,,,-999.0,,,,
1959,7,6,,,,,,,,,,0.0,,,,,0.0,0.0,,80.06,66.92,,,,,,,,,,,,,1.0,,,,,,1.0,,,,,,9999.0,,,,
1959,7,7,,,,,,,,,,0.0,,,,,0.0,0.0,,,,,,,,,,,,,,,,,,,,,,,,,,,,-99.0,,,,
1959,7,8,,,,,,,,,,,,,,,,,,,,,,,,,,,,,,,,99.0,,,,,,99.0,,,,,,99.0,,,,
1959,7,9,,,,,,,,,,0.0,,,,,0.0,0.0,,78.98,66.02,,,,,,,,,,,,,-9999.0,,,,,,-9999.0,,,,,,-9999.0,,,,
1959,7,10,,,,,,,,,,0.0,,,,,0.0,0.0,,32.0,32.0,,,,,,,,,,,,,-9.0,,,,,,-9.0,,,,,,-9.0,,,,
1959,7,11,,,,,,,,,,0.0,,,,,0.0,0.0,,80.96,66.92,,,,,,,,,,,,,999.0,,,,,,999.0,,,,,,999.0,,,,
1959,7,12,,,,,,,,,,0.0,,,,,0.0,0.0,,,,,,,,,,,,,,,,-999.0,,,,,,,,,,,,-999.0,,,,
1959,7,13,,,,,,,,,,,,,,,,,,,,,,,,,,,,,,,,9.0,,,,,,,,,,,,9.0,,,,
1959,7,14,,,,,,,,,,,,,,,0.0,0.0,,80.06,64.94,,,,,,,,,,,,,1.0,,,,,,1.0,,,,,,1.0,,,,
1959,7,15,,,,,,,,,,0.0,,,,,0.0,0.0,,,,,,,,,,,,,,,,,,,,,,0.0,,,,,,,,,,
1959,7,16,,,,,,,,,,,,,,,,,,,,,,,,,,,,,,,,99.0,,,,,,,,,,,,99.0,,,,
1959,7,17,,,,,,,,,,0.0,,,,,0.0,0.0,,89.06,71.06,,,,,,,,,,,,,-9999.0,,,,,,-9999.0,,,,,,-9999.0,,,,
1959,7,18,,,,,,,,,,0.0,,,,,0.0,0.0,,32.0,32.0,,,,,,,,,,,,,-9.0,,,,,,-9.0,,,,,,-9.0,,,,
1959,7,19,,,,,,,,,,0.0,,,,,0.0,0.0,,80.06,69.08,,,,,,,,,,,,,999.0,,,,,,999.0,,,,,,999.0,,,,
1959,7,20,,,,,,,,,,0.0,,,,,0.0,0.0,,,,,,,,,,,,,,,,-999.0,,,,,,-999.0,,,,,,-999.0,,,,
1959,7,22,,,,,,,,,,0.0,,,,,0.0,0.0,,77.0,68.0,,,,,,,,,,,,,9999.0,,,,,,9999.0,,,,,,9999.0,,,,
1959,7,23,,,,,,,,,,0.0,,,,,0.0,0.0,,,,,,,,,,,,,,,,-99.0,,,,,,,,,,,,-99.0,,,,
1959,7,24,,,,,,,,,,,,,,,,,,,,,,,,,,,,,,,,99.0,,,,,,,,,,,,99.0,,,,
1959,7,25,,,,,,,,,,0.0,,,,,0.0,0.0,,77.0,68.0,,,,,,,,,,,,,-9999.0,,,,,,-9999.0,,,,,,-9999.0,,,,
1959,7,26,,,,,,,,,,0.0,,,,,0.0,0.0,,32.0,32.0,,,,,,,,,,,,,-9.0,,,,,,-9.0,,,,,,-9.0,,,,
1959,7,27,,,,,,,,,,0.0,,,,,0.0,0.0,,78.08,68.0,,,,,,,,,,,,,999.0,,,,,,999.0,,,,,,999.0,,,,
1959,7,28,,,,,,,,,,0.0,,,,,0.0,0.0,,,,,,,,,,,,,,,,-999.0,,,,,,-999.0,,,,,,-999.0,,,,
1959,7,30,,,,,,,,,,0.0,,,,,0.0,0.0,,78.08,68.0,,,,,,,,,,,,,9999.0,,,,,,9999.0,,,,,,9999.0,,,,
1959,7,31,,,,,,,,,,0.0,,,,,0.0,0.0,,,,,,,,,,,,,,,,-99.0,,,,,,-99.0,,,,,,-99.0,,,,
1959,8,1,,,,,,,,,,0.0,,,,,0.0,0.0,,87.98,69.98,,,,,,,,,,,,,-9999.0,,,,,,1.0,,,,,,-9999.0,,,,
1959,8,2,,,,,,,,,,0.0,,,,,0.0,0.0,,32.0,32.0,,,,,,,,,,,,,-9.0,,,,,,0.0,,,,,,-9.0,,,,
1959,8,3,,,,,,,,,,0.0,,,,,0.0,0.0,,80.96,69.08,,,,,,,,,,,,,999.0,,,,,,1.0,,,,,,999.0,,,,
1959,8,4,,,,,,,,,,0.0,,,,,0.0,0.0,,,,,,,,,,,,,,,,-999.0,,,,,,,,,,,,-999.0,,,,
1959,8,6,,,,,,,,,,0.0,,,,,0.0,0.0,,78.08,66.92,,,,,,,,,,,,,9999.0,,,,,,9999.0,,,,,,9999.0,,,,
1959,8,7,,,,,,,,,,0.0,,,,,0.0,0.0,,,,,,,,,,,,,,,,-99.0,,,,,,-99.0,,,,,,-99.0,,,,
1959,8,8,,,,,,,,,,,,,,,,,,,,,,,,,,,,,,,,99.0,,,,,,99.0,,,,,,99.0,,,,
1959,8,9,,,,,,,,,,0.0,,,,,0.0,0.0,,78.08,66.92,,,,,,,,,,,,,-9999.0,,,,,,1.0,,,,,,-9999.0,,,,
1959,8,10,,,,,,,,,,0.0,,,,,0.0,0.0,,32.0,32.0,,,,,,,,,,,,,-9.0,,,,,,,,,,,,-9.0,,,,
1959,8,11,,,,,,,,,,0.0,,,,,0.0,0.0,,80.96,66.92,,,,,,,,,,,,,999.0,,,,,,999.0,,,,,,999.0,,,,
1959,8,12,,,,,,,,,,0.0,,,,,0.0,0.0,,,,,,,,,,,,,,,,-999.0,,,,,,-999.0,,,,,,-999.0,,,,
1959,8,14,,,,,,,,,,0.0,,,,,0.0,0.0,,82.94,69.98,,,,,,,,,,,,,9999.0,,,,,,9999.0,,,,,,9999.0,,,,
1959,8,15,,,,,,,,,,0.0,,,,,0.0,0.0,,,,,,,,,,,,,,,,-99.0,,,,,,-99.0,,,,,,-99.0,,,,
1959,8,16,,,,,,,,,,,,,,,,,,,,,,,,,,,,,,,,99.0,,,,,,99.0,,,,,,99.0,,,,
1959,8,17,,,,,,,,,,0.0,,,,,0.0,0.0,,78.98,69.08,,,,,,,,,,,,,-9999.0,,,,,,-9999.0,,,,,,-9999.0,,,,
1959,8,18,,,,,,,,,,0.0,,,,,0.0,0.0,,32.0,32.0,,,,,,,,,,,,,-9.0,,,,,,,,,,,,-9.0,,,,
1959,8,19,,,,,,,,,,0.0,,,,,0.0,0.0,,80.06,69.08,,,,,,,,,,,,,999.0,,,,,,1.0,,,,,,999.0,,,,
1959,8,20,,,,,,,,,,0.0,,,,,0.0,0.0,,,,,,,,,,,,,,,,-999.0,,,,,,,,,,,,-999.0,,,,
1959,8,22,,,,,,,,,,0.0,,,,,0.0,0.0,,75.92,66.92,,,,,,,,,,,,,9999.0,,,,,,9999.0,,,,,,9999.0,,,,
1959,8,23,,,,,,,,,,0.0,,,,,0.0,0.0,,,,,,,,,,,,,,,,-99.0,,,,,,-99.0,,,,,,-99.0,,,,
1959,8,24,,,,,,,,,,,,,,,,,,,,,,,,,,,,,,,,99.0,,,,,,99.0,,,,,,99.0,,,,
1959,8,25,,,,,,,,,,0.0,,,,,0.0,0.0,,78.08,68.0,,,,,,,,,,,,,-9999.0,,,,,,-9999.0,,,,,,-9999.0,,,,
1959,8,26,,,,,,,,,,0.0,,,,,0.0,0.0,,32.0,32.0,,,,,,,,,,,,,-9.0,,,,,,-9.0,,,,,,-9.0,,,,
1959,8,27,,,,,,,,,,0.0,,,,,0.0,0.0,,77.0,69.08,,,,,,,,,,,,,999.0,,,,,,999.0,,,,,,999.0,,,,
1959,8,28,,,,,,,,,,0.0,,,,,0.0,0.0,,,,,,,,,,,,,,,,-999.0,,,,,,-999.0,,,,,,-999.0,,,,
1959,8,30,,,,,,,,,,0.0,,,,,0.0,0.0,,75.92,66.92,,,,,,,,,,,,,9999.0,,,,,,9999.0,,,,,,9999.0,,,,
1959,8,31,,,,,,,,,,0.0,,,,,0.0,0.0,,,,,,,,,,,,,,,,-99.0,,,,,,-99.0,,,,,,-99.0,,,,
1959,9,1,,,,,,,,,,0.0,,,,,0.0,0.0,,77.0,66.92,,,,,,,,,,,,,-9999.0,,,,,,-9999.0,,,,,,-9999.0,,,,
1959,9,2,,,,,,,,,,0.0,,,,,0.0,0.0,,32.0,32.0,,,,,,,,,,,,,-9.0,,,,,,-9.0,,,,,,-9.0,,,,
1959,9,3,,,,,,,,,,0.0,,,,,0.0,0.0,,78.08,66.92,,,,,,,,,,,,,999.0,,,,,,999.0,,,,,,999.0,,,,
1959,9,4,,,,,,,,,,0.0,,,,,0.0,0.0,,,,,,,,,,,,,,,,-999.0,,,,,,-999.0,,,,,,-999.0,,,,
1959,9,5,,,,,,,,,,,,,,,,,,,,,,,,,,,,,,,,,,,,,,9.0,,,,,,,,,,
1959,9,6,,,,,,,,,,0.0,,,,,0.0,0.0,,80.06,66.92,,,,,,,,,,,,,9999.0,,,,,,1.0,,,,,,9999.0,,,,
1959,9,7,,,,,,,,,,0.0,,,,,0.0,0.0,,,,,,,,,,,,,,,,,,,,,,0.0,,,,,,-99.0,,,,
1959,9,8,,,,,,,,,,,,,,,,,,,,,,,,,,,,,,,,,,,,,,,,,,,,99.0,,,,
1959,9,9,,,,,,,,,,0.0,,,,,0.0,0.0,,75.92,66.02,,,,,,,,,,,,,-9999.0,,,,,,-9999.0,,,,,,-9999.0,,,,
1959,9,10,,,,,,,,,,0.0,,,,,0.0,0.0,,32.0,32.0,,,,,,,,,,,,,-9.0,,,,,,-9.0,,,,,,-9.0,,,,
1959,9,11,,,,,,,,,,0.0,,,,,0.0,0.0,,75.92,66.02,,,,,,,,,,,,,999.0,,,,,,999.0,,,,,,999.0,,,,
1959,9,12,,,,,,,,,,0.0,,,,,0.0,0.0,,,,,,,,,,,,,,,,-999.0,,,,,,-999.0,,,,,,-999.0,,,,
1959,9,13,,,,,,,,,,,,,,,,,,,,,,,,,,,,,,,,,,,,,,9.0,,,,,,,,,,
1959,9,14,,,,,,,,,,0.0,,,,,0.0,0.0,,78.98,64.94,,,,,,,,,,,,,9999.0,,,,,,1.0,,,,,,9999.0,,,,
1959,9,15,,,,,,,,,,0.0,,,,,0.0,0.0,,,,,,,,,,,,,,,,-99.0,,,,,,0.0,,,,,,,,,,
1959,9,16,,,,,,,,,,,,,,,,,,,,,,,,,,,,,,,,99.0,,,,,,,,,,,,,,,,
1959,9,17,,,,,,,,,,0.0,,,,,0.0,0.0,,102.02,73.04,,,,,,,,,,,,,-9999.0,,,,,,-9999.0,,,,,,1.0,,,,
1959,9,18,,,,,,,,,,,,,,,0.0,0.0,,32.0,32.0,,,,,,,,,,,,,-9.0,,,,,,-9.0,,,,,,,,,,
1959,9,19,,,,,,,,,,5.0,,,,,0.0,0.0,,78.08,71.96,,,,,,,,,,,,,999.0,,,,,,999.0,,,,,,1.0,,,,
1959,9,20,,,,,,,,,,0.0,,,,,0.0,0.0,,,,,,,,,,,,,,,,,,,,,,,,,,,,,,,,
1959,9,22,,,,,,,,,,0.0,,,,,0.0,0.0,,77.0,66.92,,,,,,,,,,,,,9999.0,,,,,,1.0,,,,,,9999.0,,,,
1959,9,23,,,,,,,,,,0.0,,,,,0.0,0.0,,,,,,,,,,,,,,,,-99.0,,,,,,,,,,,,-99.0,,,,
1959,9,24,,,,,,,,,,,,,,,,,,,,,,,,,,,,,,,,99.0,,,,,,99.0,,,,,,99.0,,,,
1959,9,25,,,,,,,,,,0.0,,,,,0.0,0.0,,73.04,64.04,,,,,,,,,,,,,-9999.0,,,,,,-9999.0,,,,,,-9999.0,,,,
1959,9,26,,,,,,,,,,0.0,,,,,0.0,0.0,,32.0,32.0,,,,,,,,,,,,,-9.0,,,,,,-9.0,,,,,,-9.0,,,,
1959,9,27,,,,,,,,,,0.0,,,,,0.0,0.0,,73.94,64.04,,,,,,,,,,,,,999.0,,,,,,999.0,,,,,,999.0,,,,
1959,9,28,,,,,,,,,,0.0,,,,,0.0,0.0,,,,,,,,,,,,,,,,-999.0,,,,,,-999.0,,,,,,-999.0,,,,
1959,9,30,,,,,,,,,,0.0,,,,,0.0,0.0,,78.98,66.02,,,,,,,,,,,,,9999.0,,,,,,9999.0,,,,,,9999.0,,,,
1959,9,31,,,,,,,,,,0.0,,,,,0.0,0.0,,,,,,,,,,,,,,,,-99.0,,,,,,-99.0,,,,,,,,,,
1959,10,1,,,,,,,,,,5.0,,,,,0.0,0.0,,73.04,60.980000000000004,,,,,,,,,,,,,-9999.0,,,,,,-9999.0,,,,,,1.0,,,,
1959,10,2,,,,,,,,,,0.0,,,,,0.0,0.0,,32.0,32.0,,,,,,,,,,,,,-9.0,,,,,,-9.0,,,,,,,,,,
1959,10,3,,,,,,,,,,0.0,,,,,0.0,0.0,,75.02,57.02,,,,,,,,,,,,,999.0,,,,,,999.0,,,,,,999.0,,,,
1959,10,4,,,,,,,,,,0.0,,,,,0.0,0.0,,,,,,,,,,,,,,,,-999.0,,,,,,,,,,,,-999.0,,,,
1959,10,5,,,,,,,,,,,,,,,,,,,,,,,,,,,,,,,,9.0,,,,,,,,,,,,,,,,
1959,10,6,,,,,,,,,,0.0,,,,,0.0,0.0,,82.04,59.0,,,,,,,,,,,,,1.0,,,,,,1.0,,,,,,9999.0,,,,
1959,10,7,,,,,,,,,,0.0,,,,,0.0,0.0,,,,,,,,,,,,,,,,,,,,,,,,,,,,-99.0,,,,
1959,10,8,,,,,,,,,,,,,,,,,,,,,,,,,,,,,,,,,,,,,,99.0,,,,,,99.0,,,,
1959,10,9,,,,,,,,,,0.0,,,,,0.0,0.0,,75.02,62.059999999999995,,,,,,,,,,,,,1.0,,,,,,1.0,,,,,,-9999.0,,,,
1959,10,10,,,,,,,,,,0.0,,,,,0.0,0.0,,32.0,32.0,,,,,,,,,,,,,,,,,,,,,,,,,-9.0,,,,
1959,10,11,,,,,,,,,,0.0,,,,,0.0,0.0,,71.96,62.059999999999995,,,,,,,,,,,,,999.0,,,,,,999.0,,,,,,999.0,,,,
1959,10,12,,,,,,,,,,0.0,,,,,0.0,0.0,,,,,,,,,,,,,,,,-999.0,,,,,,,,,,,,-999.0,,,,
1959,10,14,,,,,,,,,,0.0,,,,,0.0,0.0,,73.94,59.0,,,,,,,,,,,,,9999.0,,,,,,1.0,,,,,,9999.0,,,,
1959,10,15,,,,,,,,,,0.0,,,,,0.0,0.0,,,,,,,,,,,,,,,,,,,,,,0.0,,,,,,-99.0,,,,
1959,10,16,,,,,,,,,,,,,,,,,,,,,,,,,,,,,,,,,,,,,,,,,,,,99.0,,,,
1959,10,17,,,,,,,,,,0.0,,,,,0.0,0.0,,75.92,62.959999999999994,,,,,,,,,,,,,-9999.0,,,,,,1.0,,,,,,-9999.0,,,,
1959,10,18,,,,,,,,,,0.0,,,,,0.0,0.0,,32.0,32.0,,,,,,,,,,,,,,,,,,,0.0,,,,,,-9.0,,,,
1959,10,19,,,,,,,,,,0.0,,,,,0.0,0.0,,75.02,62.959999999999994,,,,,,,,,,,,,1.0,,,,,,1.0,,,,,,999.0,,,,
1959,10,20,,,,,,,,,,0.0,,,,,0.0,0.0,,,,,,,,,,,,,,,,,,,,,,0.0,,,,,,-999.0,,,,
1959,10,22,,,,,,,,,,0.0,,,,,0.0,0.0,,84.91999999999999,55.94,,,,,,,,,,,,,1.0,,,,,,1.0,,,,,,9999.0,,,,
1959,10,23,,,,,,,,,,0.0,,,,,0.0,0.0,,,,,,,,,,,,,,,,,,,,,,0.0,,,,,,-99.0,,,,
1959,10,24,,,,,,,,,,,,,,,,,,,,,,,,,,,,,,,,,,,,,,,,,,,,99.0,,,,
1959,10,25,,,,,,,,,,0.0,,,,,0.0,0.0,,77.0,57.92,,,,,,,,,,,,,1.0,,,,,,1.0,,,,,,-9999.0,,,,
1959,10,26,,,,,,,,,,0.0,,,,,0.0,0.0,,32.0,32.0,,,,,,,,,,,,,,,,,,,0.0,,,,,,-9.0,,,,
1959,10,27,,,,,,,,,,0.0,,,,,0.0,0.0,,73.94,60.08,,,,,,,,,,,,,1.0,,,,,,1.0,,,,,,999.0,,,,
1959,10,28,,,,,,,,,,0.0,,,,,0.0,0.0,,,,,,,,,,,,,,,,,,,,,,0.0,,,,,,-999.0,,,,
1959,10,30,,,,,,,,,,0.0,,,,,0.0,0.0,,69.98,62.959999999999994,,,,,,,,,,,,,9999.0,,,,,,9999.0,,,,,,9999.0,,,,
1959,10,31,,,,,,,,,,0.0,,,,,0.0,0.0,,,,,,,,,,,,,,,,-99.0,,,,,,-99.0,,,,,,-99.0,,,,
1959,11,1,,,,,,,,,,0.0,,,,,0.0,0.0,,71.06,51.08,,,,,,,,,,,,,-9999.0,,,,,,-9999.0,,,,,,1.0,,,,
1959,11,2,,,,,,,,,,,,,,,0.0,0.0,,32.0,32.0,,,,,,,,,,,,,-9.0,,,,,,-9.0,,,,,,,,,,
1959,11,3,,,,,,,,,,5.0,,,,,0.0,0.0,,68.0,57.02,,,,,,,,,,,,,999.0,,,,,,999.0,,,,,,1.0,,,,
1959,11,4,,,,,,,,,,0.0,,,,,0.0,0.0,,,,,,,,,,,,,,,,-999.0,,,,,,-999.0,,,,,,,,,,
1959,11,5,,,,,,,,,,,,,,,,,,,,,,,,,,,,,,,,,,,,,,,,,,,,9.0,,,,
1959,11,6,,,,,,,,,,,,,,,0.0,0.0,,69.08,59.0,,,,,,,,,,,,,9999.0,,,,,,9999.0,,,,,,1.0,,,,
1959,11,7,,,,,,,,,,0.0,,,,,0.0,0.0,,,,,,,,,,,,,,,,-99.0,,,,,,-99.0,,,,,,,,,,
1959,11,8,,,,,,,,,,,,,,,,,,,,,,,,,,,,,,,,99.0,,,,,,99.0,,,,,,99.0,,,,
1959,11,9,,,,,,,,,,0.0,,,,,0.0,0.0,,82.04,53.96,,,,,,,,,,,,,-9999.0,,,,,,-9999.0,,,,,,-9999.0,,,,
1959,11,10,,,,,,,,,,0.0,,,,,0.0,0.0,,32.0,32.0,,,,,,,,,,,,,-9.0,,,,,,-9.0,,,,,,-9.0,,,,
1959,11,11,,,,,,,,,,0.0,,,,,0.0,0.0,,82.94,53.06,,,,,,,,,,,,,999.0,,,,,,999.0,,,,,,999.0,,,,
1959,11,12,,,,,,,,,,0.0,,,,,0.0,0.0,,,,,,,,,,,,,,,,-999.0,,,,,,-999.0,,,,,,-999.0,,,,
1959,11,14,,,,,,,,,,0.0,,,,,0.0,0.0,,84.91999999999999,55.04,,,,,,,,,,,,,9999.0,,,,,,9999.0,,,,,,9999.0,,,,
1959,11,15,,,,,,,,,,0.0,,,,,0.0,0.0,,,,,,,,,,,,,,,,,,,,,,,,,,,,-99.0,,,,
1959,11,16,,,,,,,,,,,,,,,,,,,,,,,,,,,,,,,,,,,,,,,,,,,,99.0,,,,
1959,11,17,,,,,,,,,,0.0,,,,,0.0,0.0,,73.94,55.94,,,,,,,,,,,,,1.0,,,,,,1.0,,,,,,-9999.0,,,,
1959,11,18,,,,,,,,,,0.0,,,,,0.0,0.0,,32.0,32.0,,,,,,,,,,,,,,,,,,,0.0,,,,,,-9.0,,,,
1959,11,19,,,,,,,,,,0.0,,,,,0.0,0.0,,75.02,53.06,,,,,,,,,,,,,1.0,,,,,,1.0,,,,,,999.0,,,,
1959,11,20,,,,,,,,,,0.0,,,,,0.0,0.0,,,,,,,,,,,,,,,,,,,,,,0.0,,,,,,-999.0,,,,
1959,11,22,,,,,,,,,,0.0,,,,,0.0,0.0,,69.98,55.04,,,,,,,,,,,,,1.0,,,,,,1.0,,,,,,9999.0,,,,
1959,11,23,,,,,,,,,,0.0,,,,,0.0,0.0,,,,,,,,,,,,,,,,,,,,,,,,,,,,-99.0,,,,
1959,11,24,,,,,,,,,,,,,,,,,,,,,,,,,,,,,,,,99.0,,,,,,99.0,,,,,,99.0,,,,
1959,11,25,,,,,,,,,,0.0,,,,,0.0,0.0,,69.08,51.08,,,,,,,,,,,,,-9999.0,,,,,,-9999.0,,,,,,-9999.0,,,,
1959,11,26,,,,,,,,,,0.0,,,,,0.0,0.0,,32.0,32.0,,,,,,,,,,,,,-9.0,,,,,,,,,,,,-9.0,,,,
1959,11,27,,,,,,,,,,0.0,,,,,0.0,0.0,,75.92,55.04,,,,,,,,,,,,,999.0,,,,,,1.0,,,,,,999.0,,,,
1959,11,28,,,,,,,,,,0.0,,,,,0.0,0.0,,,,,,,,,,,,,,,,-999.0,,,,,,0.0,,,,,,-999.0,,,,
1959,11,29,,,,,,,,,,,,,,,,,,,,,,,,,,,,,,,,9.0,,,,,,,,,,,,,,,,
1959,11,30,,,,,,,,,,0.0,,,,,0.0,0.0,,69.08,60.08,,,,,,,,,,,,,1.0,,,,,,1.0,,,,,,9999.0,,,,
1959,11,31,,,,,,,,,,0.0,,,,,0.0,0.0,,,,,,,,,,,,,,,,,,,,,,0.0,,,,,,-99.0,,,,
1959,12,1,,,,,,,,,,0.0,,,,,0.0,0.0,,82.94,53.06,,,,,,,,,,,,,-9999.0,,,,,,-9999.0,,,,,,-9999.0,,,,
1959,12,2,,,,,,,,,,0.0,,,,,0.0,0.0,,32.0,32.0,,,,,,,,,,,,,-9.0,,,,,,-9.0,,,,,,-9.0,,,,
1959,12,3,,,,,,,,,,0.0,,,,,0.0,0.0,,82.94,55.04,,,,,,,,,,,,,999.0,,,,,,999.0,,,,,,999.0,,,,
1959,12,4,,,,,,,,,,0.0,,,,,0.0,0.0,,,,,,,,,,,,,,,,,,,,,,-999.0,,,,,,-999.0,,,,
1959,12,6,,,,,,,,,,0.0,,,,,0.0,0.0,,73.94,48.92,,,,,,,,,,,,,1.0,,,,,,9999.0,,,,,,9999.0,,,,
1959,12,7,,,,,,,,,,0.0,,,,,0.0,0.0,,,,,,,,,,,,,,,,,,,,,,-99.0,,,,,,-99.0,,,,
1959,12,8,,,,,,,,,,,,,,,,,,,,,,,,,,,,,,,,99.0,,,,,,99.0,,,,,,99.0,,,,
1959,12,9,,,,,,,,,,0.0,,,,,0.0,0.0,,80.06,48.92,,,,,,,,,,,,,-9999.0,,,,,,-9999.0,,,,,,-9999.0,,,,
1959,12,10,,,,,,,,,,0.0,,,,,0.0,0.0,,32.0,32.0,,,,,,,,,,,,,-9.0,,,,,,-9.0,,,,,,-9.0,,,,
1959,12,11,,,,,,,,,,0.0,,,,,0.0,0.0,,75.92,53.96,,,,,,,,,,,,,999.0,,,,,,999.0,,,,,,999.0,,,,
1959,12,12,,,,,,,,,,,,,,,0.0,0.0,,,,,,,,,,,,,,,,-999.0,,,,,,-999.0,,,,,,,,,,
1959,12,14,,,,,,,,,,5.0,,,,,0.0,0.0,,68.0,55.04,,,,,,,,,,,,,9999.0,,,,,,9999.0,,,,,,1.0,,,,
1959,12,15,,,,,,,,,,0.0,,,,,0.0,0.0,,,,,,,,,,,,,,,,-99.0,,,,,,-99.0,,,,,,,,,,
1959,12,16,,,,,,,,,,,,,,,,,,,,,,,,,,,,,,,,99.0,,,,,,99.0,,,,,,,,,,
1959,12,17,,,,,,,,,,0.0,,,,,0.0,0.0,,69.98,51.08,,,,,,,,,,,,,1.0,,,,,,1.0,,,,,,-9999.0,,,,
1959,12,18,,,,,,,,,,0.0,,,,,0.0,0.0,,32.0,32.0,,,,,,,,,,,,,,,,,,,0.0,,,,,,-9.0,,,,
1959,12,19,,,,,,,,,,0.0,,,,,0.0,0.0,,71.06,48.92,,,,,,,,,,,,,1.0,,,,,,1.0,,,,,,999.0,,,,
1959,12,20,,,,,,,,,,0.0,,,,,0.0,0.0,,,,,,,,,,,,,,,,,,,,,,0.0,,,,,,-999.0,,,,
1959,12,22,,,,,,,,,,0.0,,,,,0.0,0.0,,64.94,44.96,,,,,,,,,,,,,9999.0,,,,,,9999.0,,,,,,9999.0,,,,
1959,12,23,,,,,,,,,,0.0,,,,,0.0,0.0,,,32.0,,,,,,,,,,,,,-99.0,,,,,,-99.0,,,,,,-99.0,,,,
1959,12,24,,,,,,,,,,,,,,,,,,,,,,,,,,,,,,,,99.0,,,,,,99.0,,,,,,99.0,,,,
1959,12,25,,,,,,,,,,0.0,,,,,0.0,0.0,,66.92,48.02,,,,,,,,,,,,,-9999.0,,,,,,-9999.0,,,,,,-9999.0,,,,
1959,12,26,,,,,,,,,,0.0,,,,,0.0,0.0,,32.0,32.0,,,,,,,,,,,,,-9.0,,,,,,-9.0,,,,,,-9.0,,,,
1959,12,27,,,,,,,,,,0.0,,,,,0.0,0.0,,69.08,48.92,,,,,,,,,,,,,999.0,,,,,,999.0,,,,,,999.0,,,,
1959,12,28,,,,,,,,,,0.0,,,,,0.0,0.0,,,,,,,,,,,,,,,,,,,,,,,,,,,,-999.0,,,,
1959,12,30,,,,,,,,,,0.0,,,,,0.0,0.0,,78.98,53.06,,,,,,,,,,,,,1.0,,,,,,1.0,,,,,,9999.0,,,,
1959,12,31,,,,,,,,,,0.0,,,,,0.0,0.0,,,,,,,,,,,,,,,,,,,,,,0.0,,,,,,,,,,
1960,1,1,,,,,,,,,,8.0,,,,,0.0,0.0,,55.94,42.08,,,,,,,,,,,,,-9999.0,,,,,,-9999.0,,,,,,1.0,,,,
1960,1,2,,,,,,,,,,0.0,,,,,0.0,0.0,,32.0,32.0,,,,,,,,,,,,,-9.0,,,,,,-9.0,,,,,,,,,,
1960,1,3,,,,,,,,,,0.0,,,,,0.0,0.0,,57.92,37.94,,,,,,,,,,,,,999.0,,,,,,999.0,,,,,,999.0,,,,
1960,1,4,,,,,,,,,,0.0,,,,,0.0,0.0,,,,,,,,,,,,,,,,-999.0,,,,,,-999.0,,,,,,,,,,
1960,1,6,,,,,,,,,,0.0,,,,,0.0,0.0,,62.959999999999994,44.96,,,,,,,,,,,,,9999.0,,,,,,9999.0,,,,,,9999.0,,,,
1960,1,7,,,,,,,,,,0.0,,,,,0.0,0.0,,,32.0,,,,,,,,,,,,,-99.0,,,,,,-99.0,,,,,,-99.0,,,,
1960,1,8,,,,,,,,,,,,,,,,,,,,,,,,,,,,,,,,99.0,,,,,,99.0,,,,,,99.0,,,,
1960,1,9,,,,,,,,,,0.0,,,,,0.0,0.0,,66.02,42.980000000000004,,,,,,,,,,,,,-9999.0,,,,,,-9999.0,,,,,,-9999.0,,,,
1960,1,10,,,,,,,,,,0.0,,,,,0.0,0.0,,32.0,32.0,,,,,,,,,,,,,-9.0,,,,,,,,,,,,-9.0,,,,
1960,1,11,,,,,,,,,,0.0,,,,,0.0,0.0,,64.94,44.96,,,,,,,,,,,,,999.0,,,,,,1.0,,,,,,999.0,,,,
1960,1,12,,,,,,,,,,0.0,,,,,0.0,0.0,,,,,,,,,,,,,,,,,,,,,,0.0,,,,,,-999.0,,,,
1960,1,14,,,,,,,,,,0.0,,,,,0.0,0.0,,62.959999999999994,50.0,,,,,,,,,,,,,9999.0,,,,,,1.0,,,,,,9999.0,,,,
1960,1,15,,,,,,,,,,,,,,,0.0,0.0,,,,,,,,,,,,,,,,,,,,,,,,,,,,,,,,
1960,1,16,,,,,,,,,,,,,,,,,,,,,,,,,,,,,,,,,,,,,,99.0,,,,,,,,,,
1960,1,17,,,,,,,,,,8.0,,,,,0.0,0.0,,60.980000000000004,51.08,,,,,,,,,,,,,-9999.0,,,,,,-9999.0,,,,,,1.0,,,,
1960,1,18,,,,,,,,,,0.0,,,,,0.0,0.0,,32.0,32.0,,,,,,,,,,,,,-9.0,,,,,,-9.0,,,,,,,,,,
1960,1,19,,,,,,,,,,307.0,,,,,0.0,0.0,,59.0,46.94,,,,,,,,,,,,,999.0,,,,,,999.0,,,,,,1.0,,,,
1960,1,20,,,,,,,,,,0.0,,,,,0.0,0.0,,,,,,,,,,,,,,,,-999.0,,,,,,-999.0,,,,,,,,,,
1960,1,22,,,,,,,,,,140.0,,,,,0.0,0.0,,60.08,42.08,,,,,,,,,,,,,9999.0,,,,,,9999.0,,,,,,1.0,,,,
1960,1,23,,,,,,,,,,0.0,,,,,0.0,0.0,,,32.0,,,,,,,,,,,,,-99.0,,,,,,-99.0,,,,,,,,,,
1960,1,24,,,,,,,,,,,,,,,,,,,,,,,,,,,,,,,,99.0,,,,,,99.0,,,,,,,,,,
1960,1,25,,,,,,,,,,0.0,,,,,0.0,0.0,,57.92,39.92,,,,,,,,,,,,,-9999.0,,,,,,-9999.0,,,,,,-9999.0,,,,
1960,1,26,,,,,,,,,,0.0,,,,,0.0,0.0,,32.0,32.0,,,,,,,,,,,,,-9.0,,,,,,-9.0,,,,,,-9.0,,,,
1960,1,27,,,,,,,,,,0.0,,,,,0.0,0.0,,60.980000000000004,39.92,,,,,,,,,,,,,999.0,,,,,,999.0,,,,,,999.0,,,,
1960,1,28,,,,,,,,,,0.0,,,,,0.0,0.0,,,,,,,,,,,,,,,,-999.0,,,,,,-999.0,,,,,,-999.0,,,,
1960,1,30,,,,,,,,,,0.0,,,,,0.0,0.0,,62.959999999999994,42.980000000000004,,,,,,,,,,,,,9999.0,,,,,,9999.0,,,,,,9999.0,,,,
1960,1,31,,,,,,,,,,0.0,,,,,0.0,0.0,,,32.0,,,,,,,,,,,,,-99.0,,,,,,-99.0,,,,,,-99.0,,,,
1960,2,1,,,,,,,,,,170.0,,,,,0.0,0.0,,62.959999999999994,53.06,,,,,,,,,,,,,-9999.0,,,,,,-9999.0,,,,,,1.0,,,,
1960,2,2,,,,,,,,,,0.0,,,,,0.0,0.0,,32.0,32.0,,,,,,,,,,,,,-9.0,,,,,,-9.0,,,,,,,,,,
1960,2,3,,,,,,,,,,8.0,,,,,0.0,0.0,,64.94,53.06,,,,,,,,,,,,,999.0,,,,,,999.0,,,,,,1.0,,,,
1960,2,4,,,,,,,,,,0.0,,,,,0.0,0.0,,,,,,,,,,,,,,,,-999.0,,,,,,-999.0,,,,,,,,,,
1960,2,5,,,,,,,,,,,,,,,,,,,,,,,,,,,,,,,,9.0,,,,,,,,,,,,,,,,
1960,2,6,,,,,,,,,,3.0,,,,,0.0,0.0,,66.02,53.06,,,,,,,,,,,,,1.0,,,,,,9999.0,,,,,,1.0,,,,
1960,2,7,,,,,,,,,,0.0,,,,,0.0,0.0,,,,,,,,,,,,,,,,0.0,,,,,,,,,,,,,,,,
1960,2,8,,,,,,,,,,,,,,,,,,,,,,,,,,,,,,,,,,,,,,,,,,,,99.0,,,,
1960,2,9,,,,,,,,,,0.0,,,,,0.0,0.0,,66.92,55.94,,,,,,,,,,,,,1.0,,,,,,1.0,,,,,,1.0,,,,
1960,2,10,,,,,,,,,,,,,,,0.0,0.0,,32.0,32.0,,,,,,,,,,,,,,,,,,,0.0,,,,,,,,,,
1960,2,11,,,,,,,,,,0.0,,,,,0.0,0.0,,64.04,55.04,,,,,,,,,,,,,1.0,,,,,,1.0,,,,,,999.0,,,,
1960,2,12,,,,,,,,,,,,,,,0.0,0.0,,,,,,,,,,,,,,,,,,,,,,0.0,,,,,,,,,,
1960,2,14,,,,,,,,,,8.0,,,,,0.0,0.0,,62.959999999999994,53.96,,,,,,,,,,,,,9999.0,,,,,,9999.0,,,,,,1.0,,,,
1960,2,15,,,,,,,,,,0.0,,,,,0.0,0.0,,,,,,,,,,,,,,,,-99.0,,,,,,-99.0,,,,,,,,,,
1960,2,16,,,,,,,,,,,,,,,,,,,,,,,,,,,,,,,,99.0,,,,,,99.0,,,,,,,,,,
1960,2,17,,,,,,,,,,0.0,,,,,0.0,0.0,,66.92,44.96,,,,,,,,,,,,,-9999.0,,,,,,-9999.0,,,,,,-9999.0,,,,
1960,2,18,,,,,,,,,,0.0,,,,,0.0,0.0,,32.0,32.0,,,,,,,,,,,,,-9.0,,,,,,-9.0,,,,,,-9.0,,,,
1960,2,19,,,,,,,,,,0.0,,,,,0.0,0.0,,71.96,46.04,,,,,,,,,,,,,999.0,,,,,,999.0,,,,,,999.0,,,,
1960,2,20,,,,,,,,,,0.0,,,,,0.0,0.0,,,,,,,,,,,,,,,,-999.0,,,,,,-999.0,,,,,,-999.0,,,,
1960,2,22,,,,,,,,,,0.0,,,,,0.0,0.0,,69.98,44.96,,,,,,,,,,,,,9999.0,,,,,,9999.0,,,,,,9999.0,,,,
1960,2,23,,,,,,,,,,0.0,,,,,0.0,0.0,,,32.0,,,,,,,,,,,,,-99.0,,,,,,-99.0,,,,,,-99.0,,,,
1960,2,24,,,,,,,,,,,,,,,,,,,,,,,,,,,,,,,,99.0,,,,,,99.0,,,,,,99.0,,,,
1960,2,25,,,,,,,,,,0.0,,,,,0.0,0.0,,69.08,44.96,,,,,,,,,,,,,-9999.0,,,,,,1.0,,,,,,-9999.0,,,,
1960,2,26,,,,,,,,,,0.0,,,,,0.0,0.0,,32.0,32.0,,,,,,,,,,,,,-9.0,,,,,,,,,,,,-9.0,,,,
1960,2,27,,,,,,,,,,0.0,,,,,0.0,0.0,,73.94,48.92,,,,,,,,,,,,,999.0,,,,,,999.0,,,,,,999.0,,,,
1960,2,28,,,,,,,,,,0.0,,,,,0.0,0.0,,,,,,,,,,,,,,,,-999.0,,,,,,-999.0,,,,,,,,,,
1960,2,30,,,,,,,,,,,,,,,0.0,0.0,,60.08,51.08,,,,,,,,,,,,,9999.0,,,,,,9999.0,,,,,,1.0,,,,
1960,2,31,,,,,,,,,,0.0,,,,,0.0,0.0,,,32.0,,,,,,,,,,,,,-99.0,,,,,,-99.0,,,,,,,,,,
1960,3,1,,,,,,,,,,18.0,,,,,0.0,0.0,,60.980000000000004,53.06,,,,,,,,,,,,,-9999.0,,,,,,-9999.0,,,,,,1.0,,,,
1960,3,2,,,,,,,,,,0.0,,,,,0.0,0.0,,32.0,32.0,,,,,,,,,,,,,-9.0,,,,,,-9.0,,,,,,,,,,
1960,3,3,,,,,,,,,,0.0,,,,,0.0,0.0,,64.04,51.08,,,,,,,,,,,,,999.0,,,,,,999.0,,,,,,999.0,,,,
1960,3,4,,,,,,,,,,0.0,,,,,0.0,0.0,,,,,,,,,,,,,,,,-999.0,,,,,,-999.0,,,,,,-999.0,,,,
1960,3,5,,,,,,,,,,,,,,,,,,,,,,,,,,,,,,,,9.0,,,,,,9.0,,,,,,,,,,
1960,3,6,,,,,,,,,,0.0,,,,,0.0,0.0,,64.04,50.0,,,,,,,,,,,,,1.0,,,,,,1.0,,,,,,9999.0,,,,
1960,3,7,,,,,,,,,,0.0,,,,,0.0,0.0,,,32.0,,,,,,,,,,,,,,,,,,,0.0,,,,,,-99.0,,,,
1960,3,8,,,,,,,,,,,,,,,,,,,,,,,,,,,,,,,,99.0,,,,,,,,,,,,99.0,,,,
1960,3,9,,,,,,,,,,0.0,,,,,0.0,0.0,,69.08,48.02,,,,,,,,,,,,,1.0,,,,,,1.0,,,,,,-9999.0,,,,
1960,3,10,,,,,,,,,,0.0,,,,,0.0,0.0,,32.0,32.0,,,,,,,,,,,,,,,,,,,0.0,,,,,,-9.0,,,,
1960,3,11,,,,,,,,,,0.0,,,,,0.0,0.0,,60.980000000000004,50.0,,,,,,,,,,,,,1.0,,,,,,1.0,,,,,,999.0,,,,
1960,3,12,,,,,,,,,,0.0,,,,,0.0,0.0,,,,,,,,,,,,,,,,,,,,,,0.0,,,,,,-999.0,,,,
1960,3,14,,,,,,,,,,0.0,,,,,0.0,0.0,,62.959999999999994,51.98,,,,,,,,,,,,,1.0,,,,,,1.0,,,,,,9999.0,,,,
1960,3,15,,,,,,,,,,0.0,,,,,0.0,0.0,,,,,,,,,,,,,,,,,,,,,,0.0,,,,,,-99.0,,,,
1960,3,16,,,,,,,,,,,,,,,,,,,,,,,,,,,,,,,,99.0,,,,,,,,,,,,99.0,,,,
1960,3,17,,,,,,,,,,0.0,,,,,0.0,0.0,,62.959999999999994,51.08,,,,,,,,,,,,,1.0,,,,,,1.0,,,,,,-9999.0,,,,
1960,3,18,,,,,,,,,,0.0,,,,,0.0,0.0,,32.0,32.0,,,,,,,,,,,,,,,,,,,0.0,,,,,,-9.0,,,,
1960,3,19,,,,,,,,,,0.0,,,,,0.0,0.0,,64.94,51.98,,,,,,,,,,,,,1.0,,,,,,1.0,,,,,,999.0,,,,
1960,3,20,,,,,,,,,,,,,,,0.0,0.0,,,,,,,,,,,,,,,,,,,,,,,,,,,,,,,,
1960,3,21,,,,,,,,,,,,,,,,,,,,,,,,,,,,,,,,,,,,,,9.0,,,,,,,,,,
1960,3,22,,,,,,,,,,0.0,,,,,0.0,0.0,,66.92,50.0,,,,,,,,,,,,,9999.0,,,,,,1.0,,,,,,9999.0,,,,
1960,3,23,,,,,,,,,,0.0,,,,,0.0,0.0,,,,,,,,,,,,,,,,,,,,,,0.0,,,,,,-99.0,,,,
1960,3,24,,,,,,,,,,,,,,,,,,,,,,,,,,,,,,,,,,,,,,,,,,,,99.0,,,,
1960,3,25,,,,,,,,,,0.0,,,,,0.0,0.0,,75.02,50.0,,,,,,,,,,,,,1.0,,,,,,1.0,,,,,,-9999.0,,,,
1960,3,26,,,,,,,,,,0.0,,,,,0.0,0.0,,32.0,32.0,,,,,,,,,,,,,,,,,,,,,,,,,-9.0,,,,
1960,3,27,,,,,,,,,,0.0,,,,,0.0,0.0,,78.98,53.06,,,,,,,,,,,,,999.0,,,,,,999.0,,,,,,999.0,,,,
1960,3,28,,,,,,,,,,0.0,,,,,0.0,0.0,,,,,,,,,,,,,,,,-999.0,,,,,,-999.0,,,,,,-999.0,,,,
1960,3,30,,,,,,,,,,0.0,,,,,0.0,0.0,,82.04,53.96,,,,,,,,,,,,,9999.0,,,,,,9999.0,,,,,,9999.0,,,,
1960,3,31,,,,,,,,,,0.0,,,,,0.0,0.0,,,,,,,,,,,,,,,,,,,,,,,,,,,,-99.0,,,,
1960,4,1,,,,,,,,,,0.0,,,,,0.0,0.0,,77.0,53.06,,,,,,,,,,,,,-9999.0,,,,,,-9999.0,,,,,,-9999.0,,,,
1960,4,2,,,,,,,,,,0.0,,,,,0.0,0.0,,32.0,32.0,,,,,,,,,,,,,-9.0,,,,,,-9.0,,,,,,-9.0,,,,
1960,4,3,,,,,,,,,,0.0,,,,,0.0,0.0,,91.94,57.92,,,,,,,,,,,,,999.0,,,,,,999.0,,,,,,999.0,,,,
1960,4,4,,,,,,,,,,0.0,,,,,0.0,0.0,,,,,,,,,,,,,,,,-999.0,,,,,,-999.0,,,,,,-999.0,,,,
1960,4,6,,,,,,,,,,0.0,,,,,0.0,0.0,,82.94,57.92,,,,,,,,,,,,,9999.0,,,,,,9999.0,,,,,,9999.0,,,,
1960,4,7,,,,,,,,,,0.0,,,,,0.0,0.0,,,,,,,,,,,,,,,,,,,,,,,,,,,,-99.0,,,,
1960,4,8,,,,,,,,,,,,,,,,,,,,,,,,,,,,,,,,,,,,,,,,,,,,99.0,,,,
1960,4,9,,,,,,,,,,0.0,,,,,0.0,0.0,,73.04,53.06,,,,,,,,,,,,,1.0,,,,,,1.0,,,,,,-9999.0,,,,
1960,4,10,,,,,,,,,,0.0,,,,,0.0,0.0,,32.0,32.0,,,,,,,,,,,,,,,,,,,0.0,,,,,,-9.0,,,,
1960,4,11,,,,,,,,,,0.0,,,,,0.0,0.0,,69.98,51.98,,,,,,,,,,,,,1.0,,,,,,1.0,,,,,,999.0,,,,
1960,4,12,,,,,,,,,,0.0,,,,,0.0,0.0,,,,,,,,,,,,,,,,,,,,,,,,,,,,-999.0,,,,
1960,4,13,,,,,,,,,,,,,,,,,,,,,,,,,,,,,,,,,,,,,,9.0,,,,,,,,,,
1960,4,14,,,,,,,,,,0.0,,,,,0.0,0.0,,69.98,59.0,,,,,,,,,,,,,9999.0,,,,,,1.0,,,,,,9999.0,,,,
1960,4,15,,,,,,,,,,0.0,,,,,0.0,0.0,,,,,,,,,,,,,,,,-99.0,,,,,,0.0,,,,,,-99.0,,,,
1960,4,16,,,,,,,,,,,,,,,,,,,,,,,,,,,,,,,,99.0,,,,,,,,,,,,99.0,,,,
1960,4,17,,,,,,,,,,0.0,,,,,0.0,0.0,,64.04,57.02,,,,,,,,,,,,,-9999.0,,,,,,-9999.0,,,,,,-9999.0,,,,
1960,4,18,,,,,,,,,,0.0,,,,,0.0,0.0,,32.0,32.0,,,,,,,,,,,,,-9.0,,,,,,-9.0,,,,,,-9.0,,,,
1960,4,19,,,,,,,,,,0.0,,,,,0.0,0.0,,66.92,53.96,,,,,,,,,,,,,999.0,,,,,,999.0,,,,,,999.0,,,,
1960,4,20,,,,,,,,,,0.0,,,,,0.0,0.0,,,,,,,,,,,,,,,,-999.0,,,,,,-999.0,,,,,,-999.0,,,,
1960,4,21,,,,,,,,,,,,,,,,,,,,,,,,,,,,,,,,9.0,,,,,,9.0,,,,,,,,,,
1960,4,22,,,,,,,,,,0.0,,,,,0.0,0.0,,75.02,53.96,,,,,,,,,,,,,1.0,,,,,,1.0,,,,,,9999.0,,,,
1960,4,23,,,,,,,,,,0.0,,,,,0.0,0.0,,,,,,,,,,,,,,,,,,,,,,0.0,,,,,,-99.0,,,,
1960,4,24,,,,,,,,,,,,,,,,,,,,,,,,,,,,,,,,99.0,,,,,,,,,,,,99.0,,,,
1960,4,25,,,,,,,,,,0.0,,,,,0.0,0.0,,71.06,55.04,,,,,,,,,,,,,-9999.0,,,,,,1.0,,,,,,-9999.0,,,,
1960,4,26,,,,,,,,,,0.0,,,,,0.0,0.0,,32.0,32.0,,,,,,,,,,,,,-9.0,,,,,,0.0,,,,,,-9.0,,,,
1960,4,27,,,,,,,,,,0.0,,,,,0.0,0.0,,75.02,55.04,,,,,,,,,,,,,999.0,,,,,,1.0,,,,,,999.0,,,,
1960,4,28,,,,,,,,,,0.0,,,,,0.0,0.0,,,,,,,,,,,,,,,,,,,,,,0.0,,,,,,-999.0,,,,
1960,4,30,,,,,,,,,,0.0,,,,,0.0,0.0,,71.96,55.04,,,,,,,,,,,,,1.0,,,,,,1.0,,,,,,9999.0,,,,
1960,4,31,,,,,,,,,,0.0,,,,,0.0,0.0,,,,,,,,,,,,,,,,,,,,,,0.0,,,,,,-99.0,,,,
1960,5,1,,,,,,,,,,0.0,,,,,0.0,0.0,,78.08,55.94,,,,,,,,,,,,,-9999.0,,,,,,-9999.0,,,,,,-9999.0,,,,
1960,5,2,,,,,,,,,,0.0,,,,,0.0,0.0,,32.0,32.0,,,,,,,,,,,,,,,,,,,-9.0,,,,,,-9.0,,,,
1960,5,3,,,,,,,,,,0.0,,,,,0.0,0.0,,64.94,57.02,,,,,,,,,,,,,1.0,,,,,,999.0,,,,,,999.0,,,,
1960,5,4,,,,,,,,,,,,,,,0.0,0.0,,,,,,,,,,,,,,,,0.0,,,,,,-999.0,,,,,,,,,,
1960,5,6,,,,,,,,,,10.0,,,,,0.0,0.0,,62.959999999999994,53.96,,,,,,,,,,,,,1.0,,,,,,9999.0,,,,,,1.0,,,,
1960,5,7,,,,,,,,,,0.0,,,,,0.0,0.0,,,,,,,,,,,,,,,,,,,,,,-99.0,,,,,,,,,,
1960,5,8,,,,,,,,,,,,,,,,,,,,,,,,,,,,,,,,99.0,,,,,,99.0,,,,,,99.0,,,,
1960,5,9,,,,,,,,,,0.0,,,,,0.0,0.0,,78.98,53.96,,,,,,,,,,,,,-9999.0,,,,,,-9999.0,,,,,,-9999.0,,,,
1960,5,10,,,,,,,,,,0.0,,,,,0.0,0.0,,32.0,32.0,,,,,,,,,,,,,-9.0,,,,,,-9.0,,,,,,-9.0,,,,
1960,5,11,,,,,,,,,,0.0,,,,,0.0,0.0,,82.94,57.02,,,,,,,,,,,,,999.0,,,,,,999.0,,,,,,999.0,,,,
1960,5,12,,,,,,,,,,0.0,,,,,0.0,0.0,,,,,,,,,,,,,,,,-999.0,,,,,,-999.0,,,,,,-999.0,,,,
1960,5,13,,,,,,,,,,,,,,,,,,,,,,,,,,,,,,,,,,,,,,9.0,,,,,,,,,,
1960,5,14,,,,,,,,,,0.0,,,,,0.0,0.0,,73.94,60.980000000000004,,,,,,,,,,,,,9999.0,,,,,,1.0,,,,,,9999.0,,,,
1960,5,15,,,,,,,,,,0.0,,,,,0.0,0.0,,,,,,,,,,,,,,,,,,,,,,0.0,,,,,,-99.0,,,,
1960,5,16,,,,,,,,,,,,,,,,,,,,,,,,,,,,,,,,,,,,,,,,,,,,99.0,,,,
1960,5,17,,,,,,,,,,0.0,,,,,0.0,0.0,,80.96,60.980000000000004,,,,,,,,,,,,,-9999.0,,,,,,-9999.0,,,,,,-9999.0,,,,
1960,5,18,,,,,,,,,,0.0,,,,,0.0,0.0,,32.0,32.0,,,,,,,,,,,,,,,,,,,,,,,,,-9.0,,,,
1960,5,19,,,,,,,,,,0.0,,,,,0.0,0.0,,75.92,60.980000000000004,,,,,,,,,,,,,1.0,,,,,,1.0,,,,,,999.0,,,,
1960,5,20,,,,,,,,,,0.0,,,,,0.0,0.0,,,,,,,,,,,,,,,,,,,,,,0.0,,,,,,-999.0,,,,
1960,5,22,,,,,,,,,,0.0,,,,,0.0,0.0,,66.92,60.08,,,,,,,,,,,,,9999.0,,,,,,9999.0,,,,,,9999.0,,,,
1960,5,23,,,,,,,,,,0.0,,,,,0.0,0.0,,,,,,,,,,,,,,,,-99.0,,,,,,-99.0,,,,,,,,,,
1960,5,24,,,,,,,,,,,,,,,,,,,,,,,,,,,,,,,,99.0,,,,,,99.0,,,,,,,,,,
1960,5,25,,,,,,,,,,0.0,,,,,0.0,0.0,,68.0,57.92,,,,,,,,,,,,,-9999.0,,,,,,-9999.0,,,,,,-9999.0,,,,
1960,5,26,,,,,,,,,,0.0,,,,,0.0,0.0,,32.0,32.0,,,,,,,,,,,,,-9.0,,,,,,-9.0,,,,,,-9.0,,,,
1960,5,27,,,,,,,,,,0.0,,,,,0.0,0.0,,69.98,59.0,,,,,,,,,,,,,999.0,,,,,,999.0,,,,,,999.0,,,,
1960,5,28,,,,,,,,,,0.0,,,,,0.0,0.0,,,,,,,,,,,,,,,,-999.0,,,,,,-999.0,,,,,,-999.0,,,,
1960,5,29,,,,,,,,,,,,,,,,,,,,,,,,,,,,,,,,,,,,,,9.0,,,,,,,,,,
1960,5,30,,,,,,,,,,0.0,,,,,0.0,0.0,,75.92,59.0,,,,,,,,,,,,,9999.0,,,,,,1.0,,,,,,9999.0,,,,
1960,5,31,,,,,,,,,,0.0,,,,,0.0,0.0,,,,,,,,,,,,,,,,,,,,,,0.0,,,,,,-99.0,,,,
1960,6,1,,,,,,,,,,0.0,,,,,0.0,0.0,,71.06,62.059999999999995,,,,,,,,,,,,,-9999.0,,,,,,1.0,,,,,,-9999.0,,,,
1960,6,2,,,,,,,,,,0.0,,,,,0.0,0.0,,32.0,32.0,,,,,,,,,,,,,,,,,,,0.0,,,,,,,,,,
1960,6,3,,,,,,,,,,,,,,,0.0,0.0,,71.06,62.059999999999995,,,,,,,,,,,,,1.0,,,,,,1.0,,,,,,1.0,,,,
1960,6,4,,,,,,,,,,0.0,,,,,0.0,0.0,,,,,,,,,,,,,,,,,,,,,,0.0,,,,,,,,,,
1960,6,6,,,,,,,,,,0.0,,,,,0.0,0.0,,69.98,62.059999999999995,,,,,,,,,,,,,9999.0,,,,,,9999.0,,,,,,9999.0,,,,
1960,6,7,,,,,,,,,,0.0,,,,,0.0,0.0,,,,,,,,,,,,,,,,-99.0,,,,,,-99.0,,,,,,,,,,
1960,6,8,,,,,,,,,,,,,,,,,,,,,,,,,,,,,,,,99.0,,,,,,99.0,,,,,,,,,,
1960,6,9,,,,,,,,,,0.0,,,,,0.0,0.0,,69.08,60.980000000000004,,,,,,,,,,,,,-9999.0,,,,,,-9999.0,,,,,,1.0,,,,
1960,6,10,,,,,,,,,,,,,,,0.0,0.0,,32.0,32.0,,,,,,,,,,,,,-9.0,,,,,,-9.0,,,,,,,,,,
1960,6,11,,,,,,,,,,0.0,,,,,0.0,0.0,,73.04,60.980000000000004,,,,,,,,,,,,,999.0,,,,,,999.0,,,,,,999.0,,,,
1960,6,12,,,,,,,,,,0.0,,,,,0.0,0.0,,,,,,,,,,,,,,,,-999.0,,,,,,-999.0,,,,,,-999.0,,,,
1960,6,14,,,,,,,,,,0.0,,,,,0.0,0.0,,71.06,60.08,,,,,,,,,,,,,9999.0,,,,,,9999.0,,,,,,9999.0,,,,
1960,6,15,,,,,,,,,,0.0,,,,,0.0,0.0,,,,,,,,,,,,,,,,-99.0,,,,,,,,,,,,-99.0,,,,
1960,6,16,,,,,,,,,,,,,,,,,,,,,,,,,,,,,,,,99.0,,,,,,,,,,,,99.0,,,,
1960,6,17,,,,,,,,,,0.0,,,,,0.0,0.0,,71.96,60.08,,,,,,,,,,,,,-9999.0,,,,,,1.0,,,,,,-9999.0,,,,
1960,6,18,,,,,,,,,,0.0,,,,,0.0,0.0,,32.0,32.0,,,,,,,,,,,,,-9.0,,,,,,0.0,,,,,,-9.0,,,,
1960,6,19,,,,,,,,,,0.0,,,,,0.0,0.0,,71.06,60.08,,,,,,,,,,,,,999.0,,,,,,1.0,,,,,,999.0,,,,
1960,6,20,,,,,,,,,,0.0,,,,,0.0,0.0,,,,,,,,,,,,,,,,-999.0,,,,,,0.0,,,,,,-999.0,,,,
1960,6,21,,,,,,,,,,,,,,,,,,,,,,,,,,,,,,,,9.0,,,,,,,,,,,,9.0,,,,
1960,6,22,,,,,,,,,,,,,,,0.0,0.0,,66.92,59.0,,,,,,,,,,,,,1.0,,,,,,1.0,,,,,,1.0,,,,
1960,6,23,,,,,,,,,,0.0,,,,,0.0,0.0,,,,,,,,,,,,,,,,,,,,,,,,,,,,,,,,
1960,6,24,,,,,,,,,,,,,,,,,,,,,,,,,,,,,,,,,,,,,,99.0,,,,,,,,,,
1960,6,25,,,,,,,,,,0.0,,,,,0.0,0.0,,69.98,60.08,,,,,,,,,,,,,-9999.0,,,,,,-9999.0,,,,,,-9999.0,,,,
1960,6,26,,,,,,,,,,0.0,,,,,0.0,0.0,,32.0,32.0,,,,,,,,,,,,,-9.0,,,,,,,,,,,,-9.0,,,,
1960,6,27,,,,,,,,,,0.0,,,,,0.0,0.0,,73.94,60.08,,,,,,,,,,,,,999.0,,,,,,1.0,,,,,,999.0,,,,
1960,6,28,,,,,,,,,,0.0,,,,,0.0,0.0,,,,,,,,,,,,,,,,-999.0,,,,,,0.0,,,,,,-999.0,,,,
1960,6,29,,,,,,,,,,,,,,,,,,,,,,,,,,,,,,,,9.0,,,,,,,,,,,,,,,,
1960,6,30,,,,,,,,,,0.0,,,,,0.0,0.0,,71.96,60.08,,,,,,,,,,,,,1.0,,,,,,1.0,,,,,,9999.0,,,,
1960,6,31,,,,,,,,,,0.0,,,,,0.0,0.0,,,,,,,,,,,,,,,,,,,,,,0.0,,,,,,-99.0,,,,
1960,7,1,,,,,,,,,,0.0,,,,,0.0,0.0,,80.96,64.94,,,,,,,,,,,,,-9999.0,,,,,,-9999.0,,,,,,-9999.0,,,,
1960,7,2,,,,,,,,,,0.0,,,,,0.0,0.0,,32.0,32.0,,,,,,,,,,,,,,,,,,,-9.0,,,,,,-9.0,,,,
1960,7,3,,,,,,,,,,0.0,,,,,0.0,0.0,,77.0,60.980000000000004,,,,,,,,,,,,,1.0,,,,,,999.0,,,,,,999.0,,,,
1960,7,4,,,,,,,,,,0.0,,,,,0.0,0.0,,,,,,,,,,,,,,,,,,,,,,-999.0,,,,,,-999.0,,,,
1960,7,6,,,,,,,,,,0.0,,,,,0.0,0.0,,71.96,59.0,,,,,,,,,,,,,9999.0,,,,,,9999.0,,,,,,9999.0,,,,
1960,7,7,,,,,,,,,,0.0,,,,,0.0,0.0,,,,,,,,,,,,,,,,-99.0,,,,,,-99.0,,,,,,-99.0,,,,
1960,7,8,,,,,,,,,,,,,,,,,,,,,,,,,,,,,,,,99.0,,,,,,99.0,,,,,,99.0,,,,
1960,7,9,,,,,,,,,,0.0,,,,,0.0,0.0,,73.94,60.08,,,,,,,,,,,,,-9999.0,,,,,,1.0,,,,,,-9999.0,,,,
1960,7,10,,,,,,,,,,0.0,,,,,0.0,0.0,,32.0,32.0,,,,,,,,,,,,,,,,,,,0.0,,,,,,-9.0,,,,
1960,7,11,,,,,,,,,,0.0,,,,,0.0,0.0,,73.94,60.08,,,,,,,,,,,,,1.0,,,,,,1.0,,,,,,999.0,,,,
1960,7,12,,,,,,,,,,0.0,,,,,0.0,0.0,,,,,,,,,,,,,,,,,,,,,,0.0,,,,,,-999.0,,,,
1960,7,14,,,,,,,,,,0.0,,,,,0.0,0.0,,73.94,57.92,,,,,,,,,,,,,9999.0,,,,,,9999.0,,,,,,9999.0,,,,
1960,7,15,,,,,,,,,,0.0,,,,,0.0,0.0,,,,,,,,,,,,,,,,-99.0,,,,,,-99.0,,,,,,-99.0,,,,
1960,7,16,,,,,,,,,,,,,,,,,,,,,,,,,,,,,,,,99.0,,,,,,99.0,,,,,,99.0,,,,
1960,7,17,,,,,,,,,,0.0,,,,,0.0,0.0,,75.02,62.959999999999994,,,,,,,,,,,,,-9999.0,,,,,,1.0,,,,,,-9999.0,,,,
1960,7,18,,,,,,,,,,0.0,,,,,0.0,0.0,,32.0,32.0,,,,,,,,,,,,,-9.0,,,,,,0.0,,,,,,-9.0,,,,
1960,7,19,,,,,,,,,,0.0,,,,,0.0,0.0,,75.02,60.08,,,,,,,,,,,,,999.0,,,,,,1.0,,,,,,999.0,,,,
1960,7,20,,,,,,,,,,0.0,,,,,0.0,0.0,,,,,,,,,,,,,,,,,,,,,,0.0,,,,,,-999.0,,,,
1960,7,22,,,,,,,,,,0.0,,,,,0.0,0.0,,75.02,60.08,,,,,,,,,,,,,1.0,,,,,,1.0,,,,,,9999.0,,,,
1960,7,23,,,,,,,,,,0.0,,,,,0.0,0.0,,,,,,,,,,,,,,,,,,,,,,0.0,,,,,,-99.0,,,,
1960,7,24,,,,,,,,,,,,,,,,,,,,,,,,,,,,,,,,,,,,,,,,,,,,99.0,,,,
1960,7,25,,,,,,,,,,0.0,,,,,0.0,0.0,,73.94,62.059999999999995,,,,,,,,,,,,,1.0,,,,,,1.0,,,,,,-9999.0,,,,
1960,7,26,,,,,,,,,,0.0,,,,,0.0,0.0,,32.0,32.0,,,,,,,,,,,,,,,,,,,0.0,,,,,,,,,,
1960,7,27,,,,,,,,,,,,,,,0.0,0.0,,75.02,60.980000000000004,,,,,,,,,,,,,1.0,,,,,,1.0,,,,,,1.0,,,,
1960,7,28,,,,,,,,,,0.0,,,,,0.0,0.0,,,,,,,,,,,,,,,,,,,,,,0.0,,,,,,,,,,
1960,7,30,,,,,,,,,,0.0,,,,,0.0,0.0,,80.96,66.02,,,,,,,,,,,,,9999.0,,,,,,1.0,,,,,,9999.0,,,,
1960,7,31,,,,,,,,,,0.0,,,,,0.0,0.0,,,,,,,,,,,,,,,,-99.0,,,,,,0.0,,,,,,-99.0,,,,
1960,8,1,,,,,,,,,,0.0,,,,,0.0,0.0,,80.06,66.02,,,,,,,,,,,,,-9999.0,,,,,,1.0,,,,,,,,,,
1960,8,2,,,,,,,,,,0.0,,,,,0.0,0.0,,32.0,32.0,,,,,,,,,,,,,,,,,,,0.0,,,,,,,,,,
1960,8,3,,,,,,,,,,0.0,,,,,0.0,0.0,,84.02,62.059999999999995,,,,,,,,,,,,,1.0,,,,,,1.0,,,,,,,,,,
1960,8,4,,,,,,,,,,0.0,,,,,0.0,0.0,,,,,,,,,,,,,,,,,,,,,,0.0,,,,,,,,,,
1960,8,6,,,,,,,,,,0.0,,,,,0.0,0.0,,77.0,64.94,,,,,,,,,,,,,9999.0,,,,,,1.0,,,,,,,,,,
1960,8,7,,,,,,,,,,0.0,,,,,0.0,0.0,,,,,,,,,,,,,,,,-99.0,,,,,,,,,,,,,,,,
1960,8,8,,,,,,,,,,,,,,,,,,,,,,,,,,,,,,,,99.0,,,,,,99.0,,,,,,,,,,
1960,8,9,,,,,,,,,,0.0,,,,,0.0,0.0,,78.08,62.959999999999994,,,,,,,,,,,,,-9999.0,,,,,,-9999.0,,,,,,,,,,
1960,8,10,,,,,,,,,,0.0,,,,,0.0,0.0,,32.0,32.0,,,,,,,,,,,,,-9.0,,,,,,-9.0,,,,,,,,,,
1960,8,11,,,,,,,,,,0.0,,,,,0.0,0.0,,77.0,64.04,,,,,,,,,,,,,999.0,,,,,,999.0,,,,,,,,,,
1960,8,12,,,,,,,,,,0.0,,,,,0.0,0.0,,,,,,,,,,,,,,,,-999.0,,,,,,-999.0,,,,,,,,,,
1960,8,14,,,,,,,,,,0.0,,,,,0.0,0.0,,77.0,66.02,,,,,,,,,,,,,9999.0,,,,,,9999.0,,,,,,,,,,
1960,8,15,,,,,,,,,,0.0,,,,,0.0,0.0,,,,,,,,,,,,,,,,-99.0,,,,,,-99.0,,,,,,,,,,
1960,8,16,,,,,,,,,,,,,,,,,,,,,,,,,,,,,,,,99.0,,,,,,99.0,,,,,,,,,,
1960,8,17,,,,,,,,,,0.0,,,,,0.0,0.0,,82.04,66.92,,,,,,,,,,,,,-9999.0,,,,,,-9999.0,,,,,,,,,,
1960,8,18,,,,,,,,,,0.0,,,,,0.0,0.0,,32.0,32.0,,,,,,,,,,,,,-9.0,,,,,,-9.0,,,,,,,,,,
1960,8,19,,,,,,,,,,0.0,,,,,0.0,0.0,,80.96,68.0,,,,,,,,,,,,,999.0,,,,,,999.0,,,,,,,,,,
1960,8,20,,,,,,,,,,0.0,,,,,0.0,0.0,,,,,,,,,,,,,,,,-999.0,,,,,,-999.0,,,,,,,,,,
1960,8,22,,,,,,,,,,0.0,,,,,0.0,0.0,,78.08,64.94,,,,,,,,,,,,,9999.0,,,,,,9999.0,,,,,,,,,,
1960,8,23,,,,,,,,,,0.0,,,,,0.0,0.0,,,,,,,,,,,,,,,,-99.0,,,,,,-99.0,,,,,,,,,,
1960,8,24,,,,,,,,,,,,,,,,,,,,,,,,,,,,,,,,99.0,,,,,,99.0,,,,,,,,,,
1960,8,25,,,,,,,,,,0.0,,,,,0.0,0.0,,73.04,64.04,,,,,,,,,,,,,-9999.0,,,,,,-9999.0,,,,,,,,,,
1960,8,26,,,,,,,,,,0.0,,,,,0.0,0.0,,32.0,32.0,,,,,,,,,,,,,-9.0,,,,,,,,,,,,,,,,
1960,8,27,,,,,,,,,,0.0,,,,,0.0,0.0,,77.0,64.04,,,,,,,,,,,,,999.0,,,,,,1.0,,,,,,,,,,
1960,8,28,,,,,,,,,,0.0,,,,,0.0,0.0,,,,,,,,,,,,,,,,,,,,,,0.0,,,,,,,,,,
1960,8,30,,,,,,,,,,0.0,,,,,0.0,0.0,,78.08,62.959999999999994,,,,,,,,,,,,,9999.0,,,,,,1.0,,,,,,,,,,
1960,8,31,,,,,,,,,,0.0,,,,,0.0,0.0,,,,,,,,,,,,,,,,-99.0,,,,,,0.0,,,,,,,,,,
1960,9,1,,,,,,,,,,0.0,,,,,0.0,0.0,,80.06,64.94,,,,,,,,,,,,,-9999.0,,-9999.0,,,,-9999.0,,,,,,-9999.0,,,,
1960,9,2,,,,,,,,,,0.0,,,,,0.0,0.0,,32.0,32.0,,,,,,,,,,,,,-9.0,,-9.0,,,,,,,,,,-9.0,,,,
1960,9,3,,,,,,,,,,0.0,,,,,0.0,0.0,,80.06,64.94,,,,,,,,,,,,,999.0,,999.0,,,,1.0,,,,,,999.0,,,,
1960,9,4,,,,,,,,,,0.0,,,,,0.0,0.0,,,,,,,,,,,,,,,,-999.0,,-999.0,,,,,,,,,,-999.0,,,,
1960,9,6,,,,,,,,,,0.0,,,,,0.0,0.0,,84.91999999999999,68.0,,,,,,,,,,,,,9999.0,,9999.0,,,,9999.0,,,,,,9999.0,,,,
1960,9,7,,,,,,,,,,0.0,,,,,0.0,0.0,,,,,,,,,,,,,,,,-99.0,,-99.0,,,,-99.0,,,,,,-99.0,,,,
1960,9,8,,,,,,,,,,,,,,,,,,,,,,,,,,,,,,,,99.0,,99.0,,,,99.0,,,,,,99.0,,,,
1960,9,9,,,,,,,,,,0.0,,,,,0.0,0.0,,78.98,64.94,,,,,,,,,,,,,1.0,,-9999.0,,,,1.0,,,,,,-9999.0,,,,
1960,9,10,,,,,,,,,,0.0,,,,,0.0,0.0,,32.0,32.0,,,,,,,,,,,,,,,-9.0,,,,0.0,,,,,,-9.0,,,,
1960,9,11,,,,,,,,,,0.0,,,,,0.0,0.0,,80.06,64.04,,,,,,,,,,,,,999.0,,999.0,,,,1.0,,,,,,999.0,,,,
1960,9,12,,,,,,,,,,0.0,,,,,0.0,0.0,,,,,,,,,,,,,,,,-999.0,,-999.0,,,,0.0,,,,,,-999.0,,,,
1960,9,14,,,,,,,,,,0.0,,,,,0.0,0.0,,87.08000000000001,68.0,,,,,,,,,,,,,9999.0,,9999.0,,,,9999.0,,,,,,9999.0,,,,
1960,9,15,,,,,,,,,,0.0,,,,,0.0,0.0,,,,,,,,,,,,,,,,-99.0,,,,,,-99.0,,,,,,,,,,
1960,9,16,,,,,,,,,,,,,,,,,,,,,,,,,,,,,,,,99.0,,,,,,99.0,,,,,,,,,,
1960,9,17,,,,,,,,,,0.0,,,,,0.0,0.0,,87.08000000000001,71.06,,,,,,,,,,,,,-9999.0,,-9999.0,,,,-9999.0,,,,,,-9999.0,,,,
1960,9,18,,,,,,,,,,0.0,,,,,0.0,0.0,,32.0,32.0,,,,,,,,,,,,,-9.0,,-9.0,,,,-9.0,,,,,,-9.0,,,,
1960,9,19,,,,,,,,,,0.0,,,,,0.0,0.0,,89.96000000000001,71.06,,,,,,,,,,,,,999.0,,999.0,,,,999.0,,,,,,999.0,,,,
1960,9,20,,,,,,,,,,0.0,,,,,0.0,0.0,,,,,,,,,,,,,,,,-999.0,,-999.0,,,,,,,,,,-999.0,,,,
1960,9,22,,,,,,,,,,0.0,,,,,0.0,0.0,,78.98,66.02,,,,,,,,,,,,,9999.0,,9999.0,,,,1.0,,,,,,9999.0,,,,
1960,9,23,,,,,,,,,,0.0,,,,,0.0,0.0,,,,,,,,,,,,,,,,-99.0,,-99.0,,,,,,,,,,-99.0,,,,
1960,9,24,,,,,,,,,,,,,,,,,,,,,,,,,,,,,,,,99.0,,99.0,,,,99.0,,,,,,99.0,,,,
1960,9,25,,,,,,,,,,0.0,,,,,0.0,0.0,,73.94,64.04,,,,,,,,,,,,,-9999.0,,-9999.0,,,,-9999.0,,,,,,-9999.0,,,,
1960,9,26,,,,,,,,,,0.0,,,,,0.0,0.0,,32.0,32.0,,,,,,,,,,,,,-9.0,,-9.0,,,,-9.0,,,,,,-9.0,,,,
1960,9,27,,,,,,,,,,0.0,,,,,0.0,0.0,,75.02,64.94,,,,,,,,,,,,,999.0,,999.0,,,,999.0,,,,,,999.0,,,,
1960,9,28,,,,,,,,,,0.0,,,,,0.0,0.0,,,,,,,,,,,,,,,,-999.0,,,,,,,,,,,,,,,,
1960,9,30,,,,,,,,,,,,,,,0.0,0.0,,78.98,66.02,,,,,,,,,,,,,9999.0,,9999.0,,,,1.0,,,,,,1.0,,,,
1960,9,31,,,,,,,,,,0.0,,,,,0.0,0.0,,,,,,,,,,,,,,,,-99.0,,-99.0,,,,0.0,,,,,,,,,,
1960,10,1,,,,,,,,,,0.0,,,,,0.0,0.0,,73.04,60.980000000000004,,,,,,,,,,,,,-9999.0,,,,,,-9999.0,,,,,,-9999.0,,,,
1960,10,2,,,,,,,,,,,,,,,,,,,,,,,,,,,,,,,,,,,,,,,,,,,,-9.0,,,,
1960,10,3,,,,,,,,,,0.0,,,,,0.0,0.0,,75.02,57.92,,,,,,,,,,,,,1.0,,,,,,1.0,,,,,,999.0,,,,
1960,10,4,,,,,,,,,,,,,,,,,,,,,,,,,,,,,,,,,,,,,,,,,,,,-999.0,,,,
1960,10,6,,,,,,,,,,0.0,,,,,0.0,0.0,,82.94,59.0,,,,,,,,,,,,,1.0,,,,,,1.0,,,,,,9999.0,,,,
1960,10,7,,,,,,,,,,0.0,,,,,0.0,0.0,,,,,,,,,,,,,,,,,,,,,,,,,,,,-99.0,,,,
1960,10,8,,,,,,,,,,,,,,,,,,,,,,,,,,,,,,,,99.0,,,,,,99.0,,,,,,99.0,,,,
1960,10,9,,,,,,,,,,0.0,,,,,0.0,0.0,,86.0,69.08,,,,,,,,,,,,,-9999.0,,,,,,-9999.0,,,,,,-9999.0,,,,
1960,10,10,,,,,,,,,,0.0,,,,,0.0,0.0,,32.0,32.0,,,,,,,,,,,,,-9.0,,,,,,-9.0,,,,,,-9.0,,,,
1960,10,11,,,,,,,,,,0.0,,,,,0.0,0.0,,78.08,66.02,,,,,,,,,,,,,999.0,,,,,,999.0,,,,,,999.0,,,,
1960,10,12,,,,,,,,,,0.0,,,,,0.0,0.0,,,,,,,,,,,,,,,,-999.0,,,,,,-999.0,,,,,,,,,,
1960,10,14,,,,,,,,,,,,,,,0.0,0.0,,69.08,60.980000000000004,,,,,,,,,,,,,9999.0,,,,,,9999.0,,,,,,1.0,,,,
1960,10,15,,,,,,,,,,0.0,,,,,0.0,0.0,,,,,,,,,,,,,,,,-99.0,,,,,,-99.0,,,,,,,,,,
1960,10,16,,,,,,,,,,,,,,,,,,,,,,,,,,,,,,,,99.0,,,,,,99.0,,,,,,99.0,,,,
1960,10,17,,,,,,,,,,0.0,,,,,0.0,0.0,,69.98,53.96,,,,,,,,,,,,,-9999.0,,,,,,-9999.0,,,,,,-9999.0,,,,
1960,10,18,,,,,,,,,,0.0,,,,,0.0,0.0,,32.0,32.0,,,,,,,,,,,,,-9.0,,,,,,-9.0,,,,,,-9.0,,,,
1960,10,19,,,,,,,,,,0.0,,,,,0.0,0.0,,69.98,53.96,,,,,,,,,,,,,999.0,,,,,,999.0,,,,,,999.0,,,,
1960,10,20,,,,,,,,,,0.0,,,,,0.0,0.0,,,,,,,,,,,,,,,,-999.0,,,,,,-999.0,,,,,,-999.0,,,,
1960,10,22,,,,,,,,,,0.0,,,,,0.0,0.0,,69.98,55.94,,,,,,,,,,,,,9999.0,,,,,,9999.0,,,,,,9999.0,,,,
1960,10,23,,,,,,,,,,0.0,,,,,0.0,0.0,,,,,,,,,,,,,,,,-99.0,,,,,,-99.0,,,,,,-99.0,,,,
1960,10,24,,,,,,,,,,,,,,,,,,,,,,,,,,,,,,,,99.0,,,,,,99.0,,,,,,99.0,,,,
1960,10,25,,,,,,,,,,0.0,,,,,0.0,0.0,,78.98,55.04,,,,,,,,,,,,,-9999.0,,,,,,-9999.0,,,,,,-9999.0,,,,
1960,10,26,,,,,,,,,,0.0,,,,,0.0,0.0,,32.0,32.0,,,,,,,,,,,,,,,,,,,-9.0,,,,,,-9.0,,,,
1960,10,27,,,,,,,,,,0.0,,,,,0.0,0.0,,75.92,55.94,,,,,,,,,,,,,1.0,,,,,,999.0,,,,,,999.0,,,,
1960,10,28,,,,,,,,,,0.0,,,,,0.0,0.0,,,,,,,,,,,,,,,,,,,,,,-999.0,,,,,,-999.0,,,,
1960,10,29,,,,,,,,,,,,,,,,,,,,,,,,,,,,,,,,9.0,,,,,,9.0,,,,,,,,,,
1960,10,30,,,,,,,,,,0.0,,,,,0.0,0.0,,73.94,53.96,,,,,,,,,,,,,1.0,,,,,,1.0,,,,,,9999.0,,,,
1960,10,31,,,,,,,,,,0.0,,,,,0.0,0.0,,,,,,,,,,,,,,,,,,,,,,0.0,,,,,,-99.0,,,,
1960,11,1,,,,,,,,,,0.0,,,,,0.0,0.0,,69.08,55.94,,,,,,,,,,,,,1.0,,,,,,1.0,,,,,,1.0,,,,
1960,11,2,,,,,,,,,,,,,,,0.0,0.0,,32.0,32.0,,,,,,,,,,,,,,,,,,,0.0,,,,,,,,,,
1960,11,3,,,,,,,,,,0.0,,,,,0.0,0.0,,66.92,57.92,,,,,,,,,,,,,999.0,,,,,,1.0,,,,,,999.0,,,,
1960,11,4,,,,,,,,,,,,,,,0.0,0.0,,,,,,,,,,,,,,,,,,,,,,,,,,,,,,,,
1960,11,6,,,,,,,,,,,,,,,0.0,0.0,,68.0,55.94,,,,,,,,,,,,,9999.0,,,,,,9999.0,,,,,,1.0,,,,
1960,11,7,,,,,,,,,,0.0,,,,,0.0,0.0,,,,,,,,,,,,,,,,-99.0,,,,,,-99.0,,,,,,,,,,
1960,11,8,,,,,,,,,,,,,,,,,,,,,,,,,,,,,,,,99.0,,,,,,99.0,,,,,,,,,,
1960,11,9,,,,,,,,,,30.0,,,,,0.0,0.0,,69.08,57.92,,,,,,,,,,,,,-9999.0,,,,,,-9999.0,,,,,,1.0,,,,
1960,11,10,,,,,,,,,,0.0,,,,,0.0,0.0,,32.0,32.0,,,,,,,,,,,,,-9.0,,,,,,-9.0,,,,,,,,,,
1960,11,11,,,,,,,,,,0.0,,,,,0.0,0.0,,66.92,55.04,,,,,,,,,,,,,999.0,,,,,,999.0,,,,,,999.0,,,,
1960,11,12,,,,,,,,,,0.0,,,,,0.0,0.0,,,,,,,,,,,,,,,,-999.0,,,,,,-999.0,,,,,,-999.0,,,,
1960,11,13,,,,,,,,,,,,,,,,,,,,,,,,,,,,,,,,,,,,,,9.0,,,,,,,,,,
1960,11,14,,,,,,,,,,0.0,,,,,0.0,0.0,,71.96,51.98,,,,,,,,,,,,,9999.0,,,,,,1.0,,,,,,9999.0,,,,
1960,11,15,,,,,,,,,,0.0,,,,,0.0,0.0,,,,,,,,,,,,,,,,,,,,,,0.0,,,,,,-99.0,,,,
1960,11,16,,,,,,,,,,,,,,,,,,,,,,,,,,,,,,,,,,,,,,,,,,,,99.0,,,,
1960,11,17,,,,,,,,,,0.0,,,,,0.0,0.0,,66.92,53.96,,,,,,,,,,,,,1.0,,,,,,1.0,,,,,,-9999.0,,,,
1960,11,18,,,,,,,,,,0.0,,,,,0.0,0.0,,32.0,32.0,,,,,,,,,,,,,,,,,,,,,,,,,,,,,
1960,11,19,,,,,,,,,,15.0,,,,,0.0,0.0,,62.959999999999994,57.02,,,,,,,,,,,,,999.0,,,,,,999.0,,,,,,1.0,,,,
1960,11,20,,,,,,,,,,,,,,,,,,,,,,,,,,,,,,,,-999.0,,,,,,-999.0,,,,,,,,,,
1960,11,22,,,,,,,,,,0.0,,,,,0.0,0.0,,66.92,50.0,,,,,,,,,,,,,9999.0,,,,,,9999.0,,,,,,9999.0,,,,
1960,11,23,,,,,,,,,,0.0,,,,,0.0,0.0,,,32.0,,,,,,,,,,,,,-99.0,,,,,,-99.0,,,,,,-99.0,,,,
1960,11,24,,,,,,,,,,,,,,,,,,,,,,,,,,,,,,,,99.0,,,,,,99.0,,,,,,99.0,,,,
1960,11,25,,,,,,,,,,0.0,,,,,0.0,0.0,,73.04,50.0,,,,,,,,,,,,,-9999.0,,,,,,-9999.0,,,,,,-9999.0,,,,
1960,11,26,,,,,,,,,,0.0,,,,,0.0,0.0,,32.0,32.0,,,,,,,,,,,,,-9.0,,,,,,-9.0,,,,,,-9.0,,,,
1960,11,27,,,,,,,,,,0.0,,,,,0.0,0.0,,77.0,50.0,,,,,,,,,,,,,999.0,,,,,,999.0,,,,,,999.0,,,,
1960,11,28,,,,,,,,,,0.0,,,,,0.0,0.0,,,,,,,,,,,,,,,,-999.0,,,,,,-999.0,,,,,,-999.0,,,,
1960,11,30,,,,,,,,,,0.0,,,,,0.0,0.0,,71.06,55.04,,,,,,,,,,,,,9999.0,,,,,,9999.0,,,,,,9999.0,,,,
1960,11,31,,,,,,,,,,0.0,,,,,0.0,0.0,,,,,,,,,,,,,,,,-99.0,,,,,,-99.0,,,,,,-99.0,,,,
1960,12,1,,,,,,,,,,0.0,,,,,0.0,0.0,,71.06,53.96,,,,,,,,,,,,,-9999.0,,,,,,1.0,,,,,,-9999.0,,,,
1960,12,2,,,,,,,,,,0.0,,,,,0.0,0.0,,32.0,32.0,,,,,,,,,,,,,,,,,,,0.0,,,,,,,,,,
1960,12,3,,,,,,,,,,18.0,,,,,0.0,0.0,,64.94,51.98,,,,,,,,,,,,,1.0,,,,,,1.0,,,,,,1.0,,,,
1960,12,4,,,,,,,,,,,,,,,0.0,0.0,,,,,,,,,,,,,,,,,,,,,,,,,,,,,,,,
1960,12,6,,,,,,,,,,0.0,,,,,0.0,0.0,,64.04,46.04,,,,,,,,,,,,,9999.0,,,,,,9999.0,,,,,,9999.0,,,,
1960,12,7,,,,,,,,,,0.0,,,,,0.0,0.0,,,32.0,,,,,,,,,,,,,-99.0,,,,,,-99.0,,,,,,-99.0,,,,
1960,12,8,,,,,,,,,,,,,,,,,,,,,,,,,,,,,,,,99.0,,,,,,99.0,,,,,,99.0,,,,
1960,12,9,,,,,,,,,,0.0,,,,,0.0,0.0,,64.04,44.06,,,,,,,,,,,,,-9999.0,,,,,,-9999.0,,,,,,-9999.0,,,,
1960,12,10,,,,,,,,,,0.0,,,,,0.0,0.0,,32.0,32.0,,,,,,,,,,,,,-9.0,,,,,,-9.0,,,,,,-9.0,,,,
1960,12,11,,,,,,,,,,0.0,,,,,0.0,0.0,,60.08,41.0,,,,,,,,,,,,,999.0,,,,,,999.0,,,,,,999.0,,,,
1960,12,12,,,,,,,,,,,,,,,0.0,0.0,,,,,,,,,,,,,,,,-999.0,,,,,,-999.0,,,,,,,,,,
1960,12,14,,,,,,,,,,0.0,,,,,0.0,0.0,,57.02,35.06,,,,,,,,,,,,,9999.0,,,,,,9999.0,,,,,,9999.0,,,,
1960,12,15,,,,,,,,,,0.0,,,,,0.0,0.0,,,32.0,,,,,,,,,,,,,-99.0,,,,,,-99.0,,,,,,-99.0,,,,
1960,12,16,,,,,,,,,,,,,,,,,,,,,,,,,,,,,,,,99.0,,,,,,99.0,,,,,,99.0,,,,
1960,12,17,,,,,,,,,,0.0,,,,,0.0,0.0,,62.959999999999994,48.92,,,,,,,,,,,,,1.0,,,,,,-9999.0,,,,,,-9999.0,,,,
1960,12,18,,,,,,,,,,0.0,,,,,0.0,0.0,,32.0,32.0,,,,,,,,,,,,,0.0,,,,,,,,,,,,-9.0,,,,
1960,12,19,,,,,,,,,,0.0,,,,,0.0,0.0,,66.92,46.04,,,,,,,,,,,,,1.0,,,,,,1.0,,,,,,999.0,,,,
1960,12,20,,,,,,,,,,0.0,,,,,0.0,0.0,,,,,,,,,,,,,,,,,,,,,,,,,,,,-999.0,,,,
1960,12,22,,,,,,,,,,0.0,,,,,0.0,0.0,,66.02,46.94,,,,,,,,,,,,,9999.0,,,,,,9999.0,,,,,,9999.0,,,,
1960,12,23,,,,,,,,,,0.0,,,,,0.0,0.0,,,32.0,,,,,,,,,,,,,-99.0,,,,,,,,,,,,-99.0,,,,
1960,12,24,,,,,,,,,,,,,,,,,,,,,,,,,,,,,,,,99.0,,,,,,,,,,,,99.0,,,,
1960,12,25,,,,,,,,,,0.0,,,,,0.0,0.0,,62.959999999999994,44.96,,,,,,,,,,,,,1.0,,,,,,1.0,,,,,,-9999.0,,,,
1960,12,26,,,,,,,,,,0.0,,,,,0.0,0.0,,32.0,32.0,,,,,,,,,,,,,,,,,,,0.0,,,,,,-9.0,,,,
1960,12,27,,,,,,,,,,0.0,,,,,0.0,0.0,,68.0,44.06,,,,,,,,,,,,,1.0,,,,,,1.0,,,,,,999.0,,,,
1960,12,28,,,,,,,,,,0.0,,,,,0.0,0.0,,,,,,,,,,,,,,,,,,,,,,0.0,,,,,,-999.0,,,,
1960,12,30,,,,,,,,,,0.0,,,,,0.0,0.0,,69.98,42.08,,,,,,,,,,,,,1.0,,,,,,1.0,,,,,,9999.0,,,,
1960,12,31,,,,,,,,,,0.0,,,,,0.0,0.0,,,32.0,,,,,,,,,,,,,,,,,,,,,,,,,-99.0,,,,
1961,1,1,,,,,,,,,,0.0,,,,,0.0,0.0,,60.08,48.02,,,,,,,,,,,,,-9999.0,,,,,,1.0,,,,,,-9999.0,,,,
1961,1,2,,,,,,,,,,0.0,,,,,0.0,0.0,,32.0,32.0,,,,,,,,,,,,,,,,,,,0.0,,,,,,-9.0,,,,
1961,1,3,,,,,,,,,,0.0,,,,,0.0,0.0,,64.04,42.980000000000004,,,,,,,,,,,,,1.0,,,,,,1.0,,,,,,999.0,,,,
1961,1,4,,,,,,,,,,0.0,,,,,0.0,0.0,,,,,,,,,,,,,,,,,,,,,,0.0,,,,,,-999.0,,,,
1961,1,6,,,,,,,,,,0.0,,,,,0.0,0.0,,68.0,46.04,,,,,,,,,,,,,9999.0,,,,,,9999.0,,,,,,9999.0,,,,
1961,1,7,,,,,,,,,,0.0,,,,,0.0,0.0,,,32.0,,,,,,,,,,,,,-99.0,,,,,,-99.0,,,,,,-99.0,,,,
1961,1,8,,,,,,,,,,,,,,,,,,,,,,,,,,,,,,,,99.0,,,,,,99.0,,,,,,99.0,,,,
1961,1,9,,,,,,,,,,0.0,,,,,0.0,0.0,,73.04,46.94,,,,,,,,,,,,,-9999.0,,,,,,-9999.0,,,,,,-9999.0,,,,
1961,1,10,,,,,,,,,,0.0,,,,,0.0,0.0,,32.0,32.0,,,,,,,,,,,,,-9.0,,,,,,,,,,,,-9.0,,,,
1961,1,11,,,,,,,,,,0.0,,,,,0.0,0.0,,71.96,46.94,,,,,,,,,,,,,999.0,,,,,,1.0,,,,,,999.0,,,,
1961,1,12,,,,,,,,,,0.0,,,,,0.0,0.0,,,,,,,,,,,,,,,,-999.0,,,,,,0.0,,,,,,-999.0,,,,
1961,1,14,,,,,,,,,,0.0,,,,,0.0,0.0,,73.94,46.94,,,,,,,,,,,,,9999.0,,,,,,9999.0,,,,,,9999.0,,,,
1961,1,15,,,,,,,,,,0.0,,,,,0.0,0.0,,,32.0,,,,,,,,,,,,,-99.0,,,,,,-99.0,,,,,,-99.0,,,,
1961,1,16,,,,,,,,,,,,,,,,,,,,,,,,,,,,,,,,99.0,,,,,,99.0,,,,,,99.0,,,,
1961,1,17,,,,,,,,,,0.0,,,,,0.0,0.0,,78.08,51.08,,,,,,,,,,,,,-9999.0,,,,,,-9999.0,,,,,,-9999.0,,,,
1961,1,18,,,,,,,,,,0.0,,,,,0.0,0.0,,32.0,32.0,,,,,,,,,,,,,-9.0,,,,,,-9.0,,,,,,-9.0,,,,
1961,1,19,,,,,,,,,,0.0,,,,,0.0,0.0,,73.04,50.0,,,,,,,,,,,,,999.0,,,,,,999.0,,,,,,999.0,,,,
1961,1,20,,,,,,,,,,0.0,,,,,0.0,0.0,,,,,,,,,,,,,,,,-999.0,,,,,,-999.0,,,,,,-999.0,,,,
1961,1,21,,,,,,,,,,,,,,,,,,,,,,,,,,,,,,,,,,,,,,9.0,,,,,,,,,,
1961,1,22,,,,,,,,,,0.0,,,,,0.0,0.0,,75.92,46.94,,,,,,,,,,,,,9999.0,,,,,,1.0,,,,,,9999.0,,,,
1961,1,23,,,,,,,,,,0.0,,,,,0.0,0.0,,,,,,,,,,,,,,,,-99.0,,,,,,,,,,,,-99.0,,,,
1961,1,24,,,,,,,,,,,,,,,,,,,,,,,,,,,,,,,,99.0,,,,,,99.0,,,,,,99.0,,,,
1961,1,25,,,,,,,,,,0.0,,,,,0.0,0.0,,80.96,53.06,,,,,,,,,,,,,-9999.0,,,,,,-9999.0,,,,,,-9999.0,,,,
1961,1,26,,,,,,,,,,0.0,,,,,0.0,0.0,,32.0,32.0,,,,,,,,,,,,,-9.0,,,,,,-9.0,,,,,,-9.0,,,,
1961,1,27,,,,,,,,,,0.0,,,,,0.0,0.0,,82.04,53.06,,,,,,,,,,,,,999.0,,,,,,999.0,,,,,,999.0,,,,
1961,1,28,,,,,,,,,,0.0,,,,,0.0,0.0,,,,,,,,,,,,,,,,-999.0,,,,,,-999.0,,,,,,-999.0,,,,
1961,1,30,,,,,,,,,,0.0,,,,,0.0,0.0,,80.06,55.94,,,,,,,,,,,,,9999.0,,,,,,9999.0,,,,,,9999.0,,,,
1961,1,31,,,,,,,,,,0.0,,,,,0.0,0.0,,,,,,,,,,,,,,,,-99.0,,,,,,-99.0,,,,,,,,,,
1961,2,1,,,,,,,,,,0.0,,,,,0.0,0.0,,66.92,53.96,,,,,,,,,,,,,-9999.0,,,,,,1.0,,,,,,-9999.0,,,,
1961,2,2,,,,,,,,,,0.0,,,,,0.0,0.0,,32.0,32.0,,,,,,,,,,,,,,,,,,,0.0,,,,,,-9.0,,,,
1961,2,3,,,,,,,,,,0.0,,,,,0.0,0.0,,62.959999999999994,51.98,,,,,,,,,,,,,1.0,,,,,,1.0,,,,,,999.0,,,,
1961,2,4,,,,,,,,,,0.0,,,,,0.0,0.0,,,,,,,,,,,,,,,,,,,,,,0.0,,,,,,-999.0,,,,
1961,2,6,,,,,,,,,,0.0,,,,,0.0,0.0,,73.94,50.0,,,,,,,,,,,,,9999.0,,,,,,1.0,,,,,,9999.0,,,,
1961,2,7,,,,,,,,,,0.0,,,,,0.0,0.0,,,32.0,,,,,,,,,,,,,-99.0,,,,,,,,,,,,-99.0,,,,
1961,2,8,,,,,,,,,,,,,,,,,,,,,,,,,,,,,,,,99.0,,,,,,99.0,,,,,,99.0,,,,
1961,2,9,,,,,,,,,,0.0,,,,,0.0,0.0,,66.92,48.02,,,,,,,,,,,,,-9999.0,,,,,,-9999.0,,,,,,-9999.0,,,,
1961,2,10,,,,,,,,,,0.0,,,,,0.0,0.0,,32.0,32.0,,,,,,,,,,,,,-9.0,,,,,,-9.0,,,,,,-9.0,,,,
1961,2,11,,,,,,,,,,0.0,,,,,0.0,0.0,,64.94,51.98,,,,,,,,,,,,,999.0,,,,,,999.0,,,,,,999.0,,,,
1961,2,12,,,,,,,,,,0.0,,,,,0.0,0.0,,,,,,,,,,,,,,,,-999.0,,,,,,-999.0,,,,,,-999.0,,,,
1961,2,13,,,,,,,,,,,,,,,,,,,,,,,,,,,,,,,,9.0,,,,,,9.0,,,,,,,,,,
1961,2,14,,,,,,,,,,0.0,,,,,0.0,0.0,,69.08,50.0,,,,,,,,,,,,,1.0,,,,,,1.0,,,,,,9999.0,,,,
1961,2,15,,,,,,,,,,0.0,,,,,0.0,0.0,,,,,,,,,,,,,,,,,,,,,,0.0,,,,,,-99.0,,,,
1961,2,16,,,,,,,,,,,,,,,,,,,,,,,,,,,,,,,,,,,,,,,,,,,,99.0,,,,
1961,2,17,,,,,,,,,,0.0,,,,,0.0,0.0,,66.92,51.08,,,,,,,,,,,,,1.0,,,,,,1.0,,,,,,-9999.0,,,,
1961,2,18,,,,,,,,,,0.0,,,,,0.0,0.0,,32.0,32.0,,,,,,,,,,,,,,,,,,,,,,,,,,,,,
1961,2,19,,,,,,,,,,5.0,,,,,0.0,0.0,,64.04,51.98,,,,,,,,,,,,,999.0,,,,,,999.0,,,,,,1.0,,,,
1961,2,20,,,,,,,,,,0.0,,,,,0.0,0.0,,,,,,,,,,,,,,,,-999.0,,,,,,-999.0,,,,,,,,,,
1961,2,21,,,,,,,,,,,,,,,,,,,,,,,,,,,,,,,,,,,,,,9.0,,,,,,,,,,
1961,2,22,,,,,,,,,,0.0,,,,,0.0,0.0,,68.0,46.94,,,,,,,,,,,,,9999.0,,,,,,1.0,,,,,,9999.0,,,,
1961,2,23,,,,,,,,,,0.0,,,,,0.0,0.0,,,32.0,,,,,,,,,,,,,-99.0,,,,,,0.0,,,,,,-99.0,,,,
1961,2,24,,,,,,,,,,,,,,,,,,,,,,,,,,,,,,,,99.0,,,,,,,,,,,,99.0,,,,
1961,2,25,,,,,,,,,,10.0,,,,,0.0,0.0,,64.04,53.06,,,,,,,,,,,,,-9999.0,,,,,,-9999.0,,,,,,1.0,,,,
1961,2,26,,,,,,,,,,0.0,,,,,0.0,0.0,,32.0,32.0,,,,,,,,,,,,,-9.0,,,,,,-9.0,,,,,,,,,,
1961,2,27,,,,,,,,,,0.0,,,,,0.0,0.0,,64.94,51.08,,,,,,,,,,,,,999.0,,,,,,999.0,,,,,,999.0,,,,
1961,2,28,,,,,,,,,,0.0,,,,,0.0,0.0,,,,,,,,,,,,,,,,-999.0,,,,,,-999.0,,,,,,-999.0,,,,
1961,2,30,,,,,,,,,,0.0,,,,,0.0,0.0,,66.92,44.96,,,,,,,,,,,,,9999.0,,,,,,9999.0,,,,,,9999.0,,,,
1961,2,31,,,,,,,,,,0.0,,,,,0.0,0.0,,,32.0,,,,,,,,,,,,,-99.0,,,,,,-99.0,,,,,,-99.0,,,,
1961,3,1,,,,,,,,,,0.0,,,,,0.0,0.0,,78.98,51.08,,,,,,,,,,,,,-9999.0,,,,,,-9999.0,,,,,,-9999.0,,,,
1961,3,2,,,,,,,,,,0.0,,,,,0.0,0.0,,32.0,32.0,,,,,,,,,,,,,-9.0,,,,,,-9.0,,,,,,,,,,
1961,3,3,,,,,,,,,,,,,,,0.0,0.0,,66.02,50.0,,,,,,,,,,,,,999.0,,,,,,999.0,,,,,,1.0,,,,
1961,3,4,,,,,,,,,,0.0,,,,,0.0,0.0,,,,,,,,,,,,,,,,-999.0,,,,,,-999.0,,,,,,,,,,
1961,3,5,,,,,,,,,,,,,,,,,,,,,,,,,,,,,,,,9.0,,,,,,,,,,,,9.0,,,,
1961,3,6,,,,,,,,,,102.0,,,,,0.0,0.0,,60.980000000000004,51.98,,,,,,,,,,,,,1.0,,,,,,9999.0,,,,,,1.0,,,,
1961,3,7,,,,,,,,,,0.0,,,,,0.0,0.0,,,,,,,,,,,,,,,,,,,,,,-99.0,,,,,,,,,,
1961,3,8,,,,,,,,,,,,,,,,,,,,,,,,,,,,,,,,99.0,,,,,,99.0,,,,,,99.0,,,,
1961,3,9,,,,,,,,,,5.0,,,,,0.0,0.0,,64.04,53.06,,,,,,,,,,,,,-9999.0,,,,,,-9999.0,,,,,,1.0,,,,
1961,3,10,,,,,,,,,,0.0,,,,,0.0,0.0,,32.0,32.0,,,,,,,,,,,,,-9.0,,,,,,-9.0,,,,,,,,,,
1961,3,11,,,,,,,,,,0.0,,,,,0.0,0.0,,66.92,48.92,,,,,,,,,,,,,999.0,,,,,,999.0,,,,,,999.0,,,,
1961,3,12,,,,,,,,,,0.0,,,,,0.0,0.0,,,,,,,,,,,,,,,,-999.0,,,,,,,,,,,,-999.0,,,,
1961,3,14,,,,,,,,,,0.0,,,,,0.0,0.0,,69.98,51.08,,,,,,,,,,,,,9999.0,,,,,,9999.0,,,,,,9999.0,,,,
1961,3,15,,,,,,,,,,0.0,,,,,0.0,0.0,,,,,,,,,,,,,,,,-99.0,,,,,,,,,,,,-99.0,,,,
1961,3,16,,,,,,,,,,,,,,,,,,,,,,,,,,,,,,,,99.0,,,,,,,,,,,,99.0,,,,
1961,3,17,,,,,,,,,,0.0,,,,,0.0,0.0,,66.02,53.96,,,,,,,,,,,,,-9999.0,,,,,,1.0,,,,,,-9999.0,,,,
1961,3,18,,,,,,,,,,0.0,,,,,0.0,0.0,,32.0,32.0,,,,,,,,,,,,,-9.0,,,,,,0.0,,,,,,-9.0,,,,
1961,3,19,,,,,,,,,,0.0,,,,,0.0,0.0,,66.92,53.96,,,,,,,,,,,,,999.0,,,,,,1.0,,,,,,999.0,,,,
1961,3,20,,,,,,,,,,0.0,,,,,0.0,0.0,,,,,,,,,,,,,,,,,,,,,,0.0,,,,,,-999.0,,,,
1961,3,22,,,,,,,,,,0.0,,,,,0.0,0.0,,66.02,53.96,,,,,,,,,,,,,1.0,,,,,,1.0,,,,,,9999.0,,,,
1961,3,23,,,,,,,,,,0.0,,,,,0.0,0.0,,,,,,,,,,,,,,,,,,,,,,,,,,,,,,,,
1961,3,24,,,,,,,,,,,,,,,,,,,,,,,,,,,,,,,,,,,,,,99.0,,,,,,,,,,
1961,3,25,,,,,,,,,,0.0,,,,,0.0,0.0,,66.02,53.06,,,,,,,,,,,,,-9999.0,,,,,,-9999.0,,,,,,-9999.0,,,,
1961,3,26,,,,,,,,,,0.0,,,,,0.0,0.0,,32.0,32.0,,,,,,,,,,,,,-9.0,,,,,,-9.0,,,,,,,,,,
1961,3,27,,,,,,,,,,,,,,,0.0,0.0,,62.959999999999994,51.08,,,,,,,,,,,,,999.0,,,,,,999.0,,,,,,1.0,,,,
1961,3,28,,,,,,,,,,0.0,,,,,0.0,0.0,,,,,,,,,,,,,,,,-999.0,,,,,,-999.0,,,,,,,,,,
1961,3,30,,,,,,,,,,0.0,,,,,0.0,0.0,,69.08,46.94,,,,,,,,,,,,,9999.0,,,,,,9999.0,,,,,,9999.0,,,,
1961,3,31,,,,,,,,,,0.0,,,,,0.0,0.0,,,,,,,,,,,,,,,,-99.0,,,,,,-99.0,,,,,,-99.0,,,,
1961,4,1,,,,,,,,,,0.0,,,,,0.0,0.0,,66.92,51.08,,,,,,,,,,,,,-9999.0,,,,,,1.0,,,,,,-9999.0,,,,
1961,4,2,,,,,,,,,,0.0,,,,,0.0,0.0,,32.0,32.0,,,,,,,,,,,,,-9.0,,,,,,0.0,,,,,,-9.0,,,,
1961,4,3,,,,,,,,,,0.0,,,,,0.0,0.0,,82.04,53.96,,,,,,,,,,,,,999.0,,,,,,1.0,,,,,,999.0,,,,
1961,4,4,,,,,,,,,,0.0,,,,,0.0,0.0,,,,,,,,,,,,,,,,-999.0,,,,,,,,,,,,-999.0,,,,
1961,4,5,,,,,,,,,,,,,,,,,,,,,,,,,,,,,,,,9.0,,,,,,9.0,,,,,,9.0,,,,
1961,4,6,,,,,,,,,,,,,,,0.0,0.0,,64.94,55.94,,,,,,,,,,,,,1.0,,,,,,1.0,,,,,,1.0,,,,
1961,4,7,,,,,,,,,,0.0,,,,,0.0,0.0,,,,,,,,,,,,,,,,,,,,,,,,,,,,,,,,
1961,4,8,,,,,,,,,,,,,,,,,,,,,,,,,,,,,,,,,,,,,,99.0,,,,,,,,,,
1961,4,9,,,,,,,,,,0.0,,,,,0.0,0.0,,68.0,60.08,,,,,,,,,,,,,-9999.0,,,,,,-9999.0,,,,,,1.0,,,,
1961,4,10,,,,,,,,,,,,,,,0.0,0.0,,32.0,32.0,,,,,,,,,,,,,-9.0,,,,,,-9.0,,,,,,,,,,
1961,4,11,,,,,,,,,,,,,,,0.0,0.0,,68.0,55.94,,,,,,,,,,,,,999.0,,,,,,999.0,,,,,,1.0,,,,
1961,4,12,,,,,,,,,,0.0,,,,,0.0,0.0,,,,,,,,,,,,,,,,-999.0,,,,,,,,,,,,,,,,
1961,4,13,,,,,,,,,,,,,,,,,,,,,,,,,,,,,,,,9.0,,,,,,,,,,,,,,,,
1961,4,14,,,,,,,,,,0.0,,,,,0.0,0.0,,66.92,53.06,,,,,,,,,,,,,1.0,,,,,,1.0,,,,,,9999.0,,,,
1961,4,15,,,,,,,,,,0.0,,,,,0.0,0.0,,,,,,,,,,,,,,,,,,,,,,,,,,,,,,,,
1961,4,16,,,,,,,,,,,,,,,,,,,,,,,,,,,,,,,,99.0,,,,,,99.0,,,,,,,,,,
1961,4,17,,,,,,,,,,0.0,,,,,0.0,0.0,,69.98,53.06,,,,,,,,,,,,,-9999.0,,,,,,-9999.0,,,,,,-9999.0,,,,
1961,4,18,,,,,,,,,,0.0,,,,,0.0,0.0,,32.0,32.0,,,,,,,,,,,,,,,,,,,,,,,,,,,,,
1961,4,19,,,,,,,,,,,,,,,0.0,0.0,,66.92,55.04,,,,,,,,,,,,,1.0,,,,,,1.0,,,,,,1.0,,,,
1961,4,20,,,,,,,,,,0.0,,,,,0.0,0.0,,,,,,,,,,,,,,,,,,,,,,,,,,,,,,,,
1961,4,22,,,,,,,,,,0.0,,,,,0.0,0.0,,68.0,51.98,,,,,,,,,,,,,9999.0,,,,,,9999.0,,,,,,9999.0,,,,
1961,4,23,,,,,,,,,,0.0,,,,,0.0,0.0,,,,,,,,,,,,,,,,-99.0,,,,,,-99.0,,,,,,-99.0,,,,
1961,4,24,,,,,,,,,,,,,,,,,,,,,,,,,,,,,,,,99.0,,,,,,99.0,,,,,,99.0,,,,
1961,4,25,,,,,,,,,,0.0,,,,,0.0,0.0,,78.98,57.02,,,,,,,,,,,,,-9999.0,,,,,,-9999.0,,,,,,-9999.0,,,,
1961,4,26,,,,,,,,,,0.0,,,,,0.0,0.0,,32.0,32.0,,,,,,,,,,,,,,,,,,,,,,,,,-9.0,,,,
1961,4,27,,,,,,,,,,0.0,,,,,0.0,0.0,,68.0,57.02,,,,,,,,,,,,,1.0,,,,,,1.0,,,,,,999.0,,,,
1961,4,28,,,,,,,,,,0.0,,,,,0.0,0.0,,,,,,,,,,,,,,,,,,,,,,,,,,,,-999.0,,,,
1961,4,30,,,,,,,,,,0.0,,,,,0.0,0.0,,66.02,55.94,,,,,,,,,,,,,9999.0,,,,,,9999.0,,,,,,9999.0,,,,
1961,4,31,,,,,,,,,,0.0,,,,,0.0,0.0,,,,,,,,,,,,,,,,-99.0,,,,,,-99.0,,,,,,-99.0,,,,
1961,5,1,,,,,,,,,,0.0,,,,,0.0,0.0,,69.98,57.92,,,,,,,,,,,,,-9999.0,,,,,,-9999.0,,,,,,-9999.0,,,,
1961,5,2,,,,,,,,,,0.0,,,,,0.0,0.0,,32.0,32.0,,,,,,,,,,,,,,,,,,,,,,,,,,,,,
1961,5,3,,,,,,,,,,,,,,,0.0,0.0,,66.02,57.02,,,,,,,,,,,,,1.0,,,,,,1.0,,,,,,1.0,,,,
1961,5,4,,,,,,,,,,0.0,,,,,0.0,0.0,,,,,,,,,,,,,,,,,,,,,,,,,,,,,,,,
1961,5,6,,,,,,,,,,,,,,,0.0,0.0,,62.959999999999994,53.96,,,,,,,,,,,,,9999.0,,,,,,9999.0,,,,,,1.0,,,,
1961,5,7,,,,,,,,,,0.0,,,,,0.0,0.0,,,,,,,,,,,,,,,,-99.0,,,,,,-99.0,,,,,,,,,,
1961,5,8,,,,,,,,,,,,,,,,,,,,,,,,,,,,,,,,99.0,,,,,,99.0,,,,,,99.0,,,,
1961,5,9,,,,,,,,,,0.0,,,,,0.0,0.0,,66.02,57.02,,,,,,,,,,,,,-9999.0,,,,,,-9999.0,,,,,,-9999.0,,,,
1961,5,10,,,,,,,,,,0.0,,,,,0.0,0.0,,32.0,32.0,,,,,,,,,,,,,-9.0,,,,,,-9.0,,,,,,,,,,
1961,5,11,,,,,,,,,,,,,,,0.0,0.0,,66.92,57.02,,,,,,,,,,,,,999.0,,,,,,999.0,,,,,,1.0,,,,
1961,5,12,,,,,,,,,,0.0,,,,,0.0,0.0,,,,,,,,,,,,,,,,-999.0,,,,,,-999.0,,,,,,,,,,
1961,5,14,,,,,,,,,,0.0,,,,,0.0,0.0,,75.92,55.94,,,,,,,,,,,,,9999.0,,,,,,9999.0,,,,,,9999.0,,,,
1961,5,15,,,,,,,,,,0.0,,,,,0.0,0.0,,,,,,,,,,,,,,,,-99.0,,,,,,-99.0,,,,,,-99.0,,,,
1961,5,16,,,,,,,,,,,,,,,,,,,,,,,,,,,,,,,,99.0,,,,,,99.0,,,,,,99.0,,,,
1961,5,17,,,,,,,,,,0.0,,,,,0.0,0.0,,66.92,57.02,,,,,,,,,,,,,-9999.0,,,,,,-9999.0,,,,,,-9999.0,,,,
1961,5,18,,,,,,,,,,0.0,,,,,0.0,0.0,,32.0,32.0,,,,,,,,,,,,,-9.0,,,,,,-9.0,,,,,,-9.0,,,,
1961,5,19,,,,,,,,,,0.0,,,,,0.0,0.0,,66.92,57.92,,,,,,,,,,,,,999.0,,,,,,999.0,,,,,,999.0,,,,
1961,5,20,,,,,,,,,,0.0,,,,,0.0,0.0,,,,,,,,,,,,,,,,-999.0,,,,,,-999.0,,,,,,-999.0,,,,
1961,5,22,,,,,,,,,,0.0,,,,,0.0,0.0,,66.92,55.04,,,,,,,,,,,,,9999.0,,,,,,9999.0,,,,,,9999.0,,,,
1961,5,23,,,,,,,,,,0.0,,,,,0.0,0.0,,,,,,,,,,,,,,,,-99.0,,,,,,-99.0,,,,,,-99.0,,,,
1961,5,24,,,,,,,,,,,,,,,,,,,,,,,,,,,,,,,,99.0,,,,,,99.0,,,,,,99.0,,,,
1961,5,25,,,,,,,,,,0.0,,,,,0.0,0.0,,66.02,55.94,,,,,,,,,,,,,-9999.0,,,,,,-9999.0,,,,,,-9999.0,,,,
1961,5,26,,,,,,,,,,0.0,,,,,0.0,0.0,,32.0,32.0,,,,,,,,,,,,,-9.0,,,,,,-9.0,,,,,,-9.0,,,,
1961,5,27,,,,,,,,,,0.0,,,,,0.0,0.0,,66.02,55.04,,,,,,,,,,,,,999.0,,,,,,999.0,,,,,,999.0,,,,
1961,5,28,,,,,,,,,,0.0,,,,,0.0,0.0,,,,,,,,,,,,,,,,-999.0,,,,,,-999.0,,,,,,-999.0,,,,
1961,5,30,,,,,,,,,,0.0,,,,,0.0,0.0,,68.0,57.92,,,,,,,,,,,,,9999.0,,,,,,9999.0,,,,,,9999.0,,,,
1961,5,31,,,,,,,,,,0.0,,,,,0.0,0.0,,,,,,,,,,,,,,,,-99.0,,,,,,-99.0,,,,,,-99.0,,,,
1961,6,1,,,,,,,,,,0.0,,,,,0.0,0.0,,66.02,55.04,,,,,,,,,,,,,-9999.0,,,,,,-9999.0,,,,,,-9999.0,,,,
1961,6,2,,,,,,,,,,0.0,,,,,0.0,0.0,,32.0,32.0,,,,,,,,,,,,,-9.0,,,,,,-9.0,,,,,,-9.0,,,,
1961,6,3,,,,,,,,,,0.0,,,,,0.0,0.0,,66.92,55.94,,,,,,,,,,,,,999.0,,,,,,999.0,,,,,,999.0,,,,
1961,6,4,,,,,,,,,,0.0,,,,,0.0,0.0,,,,,,,,,,,,,,,,-999.0,,,,,,-999.0,,,,,,-999.0,,,,
1961,6,6,,,,,,,,,,0.0,,,,,0.0,0.0,,64.94,57.02,,,,,,,,,,,,,9999.0,,,,,,9999.0,,,,,,9999.0,,,,
1961,6,7,,,,,,,,,,0.0,,,,,0.0,0.0,,,,,,,,,,,,,,,,-99.0,,,,,,,,,,,,,,,,
1961,6,8,,,,,,,,,,,,,,,,,,,,,,,,,,,,,,,,99.0,,,,,,,,,,,,,,,,
1961,6,9,,,,,,,,,,0.0,,,,,0.0,0.0,,66.92,57.92,,,,,,,,,,,,,-9999.0,,,,,,-9999.0,,,,,,-9999.0,,,,
1961,6,10,,,,,,,,,,0.0,,,,,0.0,0.0,,32.0,32.0,,,,,,,,,,,,,-9.0,,,,,,-9.0,,,,,,,,,,
1961,6,11,,,,,,,,,,,,,,,0.0,0.0,,68.0,57.92,,,,,,,,,,,,,999.0,,,,,,999.0,,,,,,1.0,,,,
1961,6,12,,,,,,,,,,0.0,,,,,0.0,0.0,,,,,,,,,,,,,,,,-999.0,,,,,,-999.0,,,,,,,,,,
1961,6,14,,,,,,,,,,,,,,,0.0,0.0,,66.92,57.92,,,,,,,,,,,,,9999.0,,,,,,9999.0,,,,,,1.0,,,,
1961,6,15,,,,,,,,,,0.0,,,,,0.0,0.0,,,,,,,,,,,,,,,,-99.0,,,,,,-99.0,,,,,,,,,,
1961,6,16,,,,,,,,,,,,,,,,,,,,,,,,,,,,,,,,99.0,,,,,,99.0,,,,,,99.0,,,,
1961,6,17,,,,,,,,,,0.0,,,,,0.0,0.0,,66.92,55.94,,,,,,,,,,,,,-9999.0,,,,,,-9999.0,,,,,,-9999.0,,,,
1961,6,18,,,,,,,,,,0.0,,,,,0.0,0.0,,32.0,32.0,,,,,,,,,,,,,-9.0,,,,,,,,,,,,-9.0,,,,
1961,6,19,,,,,,,,,,0.0,,,,,0.0,0.0,,66.02,55.94,,,,,,,,,,,,,999.0,,,,,,1.0,,,,,,999.0,,,,
1961,6,20,,,,,,,,,,0.0,,,,,0.0,0.0,,,,,,,,,,,,,,,,-999.0,,,,,,0.0,,,,,,-999.0,,,,
1961,6,21,,,,,,,,,,,,,,,,,,,,,,,,,,,,,,,,9.0,,,,,,,,,,,,,,,,
1961,6,22,,,,,,,,,,0.0,,,,,0.0,0.0,,69.08,57.02,,,,,,,,,,,,,1.0,,,,,,1.0,,,,,,9999.0,,,,
1961,6,23,,,,,,,,,,0.0,,,,,0.0,0.0,,,,,,,,,,,,,,,,,,,,,,0.0,,,,,,,,,,
1961,6,25,,,,,,,,,,0.0,,,,,0.0,0.0,,68.0,60.08,,,,,,,,,,,,,1.0,,,,,,1.0,,,,,,1.0,,,,
1961,6,26,,,,,,,,,,,,,,,0.0,0.0,,32.0,32.0,,,,,,,,,,,,,,,,,,,0.0,,,,,,,,,,
1961,6,27,,,,,,,,,,0.0,,,,,0.0,0.0,,69.08,59.0,,,,,,,,,,,,,1.0,,,,,,1.0,,,,,,999.0,,,,
1961,6,28,,,,,,,,,,0.0,,,,,0.0,0.0,,,,,,,,,,,,,,,,,,,,,,0.0,,,,,,-999.0,,,,
1961,6,30,,,,,,,,,,0.0,,,,,0.0,0.0,,71.06,60.08,,,,,,,,,,,,,9999.0,,,,,,1.0,,,,,,9999.0,,,,
1961,6,31,,,,,,,,,,0.0,,,,,0.0,0.0,,,,,,,,,,,,,,,,-99.0,,,,,,0.0,,,,,,-99.0,,,,
1961,7,1,,,,,,,,,,0.0,,,,,0.0,0.0,,69.98,60.08,,,,,,,,,,,,,1.0,,,,,,1.0,,,,,,-9999.0,,,,
1961,7,2,,,,,,,,,,0.0,,,,,0.0,0.0,,32.0,32.0,,,,,,,,,,,,,,,,,,,,,,,,,-9.0,,,,
1961,7,3,,,,,,,,,,0.0,,,,,0.0,0.0,,69.98,62.959999999999994,,,,,,,,,,,,,999.0,,,,,,999.0,,,,,,999.0,,,,
1961,7,4,,,,,,,,,,0.0,,,,,0.0,0.0,,,,,,,,,,,,,,,,-999.0,,,,,,-999.0,,,,,,-999.0,,,,
1961,7,6,,,,,,,,,,0.0,,,,,0.0,0.0,,71.96,62.959999999999994,,,,,,,,,,,,,9999.0,,,,,,9999.0,,,,,,9999.0,,,,
1961,7,7,,,,,,,,,,0.0,,,,,0.0,0.0,,,,,,,,,,,,,,,,-99.0,,,,,,,,,,,,-99.0,,,,
1961,7,8,,,,,,,,,,,,,,,,,,,,,,,,,,,,,,,,99.0,,,,,,,,,,,,99.0,,,,
1961,7,9,,,,,,,,,,0.0,,,,,0.0,0.0,,75.02,62.959999999999994,,,,,,,,,,,,,-9999.0,,,,,,-9999.0,,,,,,-9999.0,,,,
1961,7,10,,,,,,,,,,0.0,,,,,0.0,0.0,,32.0,32.0,,,,,,,,,,,,,,,,,,,,,,,,,-9.0,,,,
1961,7,11,,,,,,,,,,0.0,,,,,0.0,0.0,,78.98,60.980000000000004,,,,,,,,,,,,,1.0,,,,,,1.0,,,,,,999.0,,,,
1961,7,12,,,,,,,,,,0.0,,,,,0.0,0.0,,,,,,,,,,,,,,,,,,,,,,,,,,,,-999.0,,,,
1961,7,13,,,,,,,,,,,,,,,,,,,,,,,,,,,,,,,,,,,,,,9.0,,,,,,,,,,
1961,7,14,,,,,,,,,,0.0,,,,,0.0,0.0,,75.02,64.04,,,,,,,,,,,,,9999.0,,,,,,1.0,,,,,,9999.0,,,,
1961,7,15,,,,,,,,,,0.0,,,,,0.0,0.0,,,,,,,,,,,,,,,,,,,,,,0.0,,,,,,-99.0,,,,
1961,7,16,,,,,,,,,,,,,,,,,,,,,,,,,,,,,,,,,,,,,,,,,,,,99.0,,,,
1961,7,17,,,,,,,,,,0.0,,,,,0.0,0.0,,73.94,64.04,,,,,,,,,,,,,-9999.0,,,,,,1.0,,,,,,-9999.0,,,,
1961,7,18,,,,,,,,,,0.0,,,,,0.0,0.0,,32.0,32.0,,,,,,,,,,,,,-9.0,,,,,,,,,,,,-9.0,,,,
1961,7,19,,,,,,,,,,0.0,,,,,0.0,0.0,,75.02,64.94,,,,,,,,,,,,,999.0,,,,,,999.0,,,,,,999.0,,,,
1961,7,20,,,,,,,,,,0.0,,,,,0.0,0.0,,,,,,,,,,,,,,,,-999.0,,,,,,,,,,,,-999.0,,,,
1961,7,22,,,,,,,,,,0.0,,,,,0.0,0.0,,75.92,66.02,,,,,,,,,,,,,9999.0,,,,,,1.0,,,,,,9999.0,,,,
1961,7,23,,,,,,,,,,0.0,,,,,0.0,0.0,,,,,,,,,,,,,,,,-99.0,,,,,,0.0,,,,,,-99.0,,,,
1961,7,24,,,,,,,,,,,,,,,,,,,,,,,,,,,,,,,,99.0,,,,,,,,,,,,99.0,,,,
1961,7,25,,,,,,,,,,0.0,,,,,0.0,0.0,,75.02,64.94,,,,,,,,,,,,,-9999.0,,,,,,1.0,,,,,,-9999.0,,,,
1961,7,26,,,,,,,,,,0.0,,,,,0.0,0.0,,32.0,32.0,,,,,,,,,,,,,-9.0,,,,,,,,,,,,-9.0,,,,
1961,7,27,,,,,,,,,,0.0,,,,,0.0,0.0,,75.02,66.02,,,,,,,,,,,,,999.0,,,,,,999.0,,,,,,999.0,,,,
1961,7,28,,,,,,,,,,0.0,,,,,0.0,0.0,,,,,,,,,,,,,,,,-999.0,,,,,,,,,,,,,,,,
1961,7,30,,,,,,,,,,0.0,,,,,0.0,0.0,,82.04,66.02,,,,,,,,,,,,,9999.0,,,,,,1.0,,,,,,9999.0,,,,
1961,7,31,,,,,,,,,,0.0,,,,,0.0,0.0,,,,,,,,,,,,,,,,-99.0,,,,,,,,,,,,-99.0,,,,
1961,8,1,,,,,,,,,,0.0,,,,,0.0,0.0,,77.0,66.02,,,,,,,,,,,,,-9999.0,,-9999.0,,,,-9999.0,,,,,,-9999.0,,,,
1961,8,2,,,,,,,,,,0.0,,,,,0.0,0.0,,32.0,32.0,,,,,,,,,,,,,-9.0,,-9.0,,,,,,,,,,-9.0,,,,
1961,8,3,,,,,,,,,,0.0,,,,,0.0,0.0,,77.0,66.02,,,,,,,,,,,,,999.0,,999.0,,,,1.0,,,,,,999.0,,,,
1961,8,4,,,,,,,,,,0.0,,,,,0.0,0.0,,,,,,,,,,,,,,,,-999.0,,-999.0,,,,0.0,,,,,,-999.0,,,,
1961,8,5,,,,,,,,,,,,,,,,,,,,,,,,,,,,,,,,,,,,,,,,,,,,9.0,,,,
1961,8,6,,,,,,,,,,5.0,,,,,0.0,0.0,,82.94,66.92,,,,,,,,,,,,,9999.0,,9999.0,,,,1.0,,,,,,1.0,,,,
1961,8,7,,,,,,,,,,0.0,,,,,0.0,0.0,,,,,,,,,,,,,,,,-99.0,,-99.0,,,,0.0,,,,,,,,,,
1961,8,8,,,,,,,,,,,,,,,,,,,,,,,,,,,,,,,,99.0,,99.0,,,,,,,,,,99.0,,,,
1961,8,9,,,,,,,,,,0.0,,,,,0.0,0.0,,84.91999999999999,69.98,,,,,,,,,,,,,-9999.0,,-9999.0,,,,-9999.0,,,,,,-9999.0,,,,
1961,8,10,,,,,,,,,,0.0,,,,,0.0,0.0,,32.0,32.0,,,,,,,,,,,,,-9.0,,-9.0,,,,-9.0,,,,,,-9.0,,,,
1961,8,11,,,,,,,,,,0.0,,,,,0.0,0.0,,82.94,69.08,,,,,,,,,,,,,999.0,,999.0,,,,999.0,,,,,,999.0,,,,
1961,8,12,,,,,,,,,,0.0,,,,,0.0,0.0,,,,,,,,,,,,,,,,-999.0,,-999.0,,,,,,,,,,-999.0,,,,
1961,8,14,,,,,,,,,,0.0,,,,,0.0,0.0,,77.0,66.02,,,,,,,,,,,,,9999.0,,9999.0,,,,1.0,,,,,,9999.0,,,,
1961,8,15,,,,,,,,,,0.0,,,,,0.0,0.0,,,,,,,,,,,,,,,,-99.0,,-99.0,,,,,,,,,,-99.0,,,,
1961,8,16,,,,,,,,,,,,,,,,,,,,,,,,,,,,,,,,99.0,,99.0,,,,99.0,,,,,,99.0,,,,
1961,8,17,,,,,,,,,,0.0,,,,,0.0,0.0,,78.98,66.02,,,,,,,,,,,,,-9999.0,,-9999.0,,,,1.0,,,,,,-9999.0,,,,
1961,8,18,,,,,,,,,,0.0,,,,,0.0,0.0,,32.0,32.0,,,,,,,,,,,,,,,-9.0,,,,0.0,,,,,,-9.0,,,,
1961,8,19,,,,,,,,,,0.0,,,,,0.0,0.0,,77.0,64.94,,,,,,,,,,,,,1.0,,999.0,,,,1.0,,,,,,999.0,,,,
1961,8,20,,,,,,,,,,0.0,,,,,0.0,0.0,,,,,,,,,,,,,,,,,,-999.0,,,,0.0,,,,,,-999.0,,,,
1961,8,22,,,,,,,,,,0.0,,,,,0.0,0.0,,75.92,64.94,,,,,,,,,,,,,9999.0,,9999.0,,,,1.0,,,,,,9999.0,,,,
1961,8,23,,,,,,,,,,0.0,,,,,0.0,0.0,,,,,,,,,,,,,,,,-99.0,,-99.0,,,,,,,,,,-99.0,,,,
1961,8,24,,,,,,,,,,,,,,,,,,,,,,,,,,,,,,,,99.0,,99.0,,,,99.0,,,,,,99.0,,,,
1961,8,25,,,,,,,,,,0.0,,,,,0.0,0.0,,77.0,64.94,,,,,,,,,,,,,-9999.0,,-9999.0,,,,1.0,,,,,,-9999.0,,,,
1961,8,26,,,,,,,,,,0.0,,,,,0.0,0.0,,32.0,32.0,,,,,,,,,,,,,-9.0,,-9.0,,,,0.0,,,,,,-9.0,,,,
1961,8,27,,,,,,,,,,0.0,,,,,0.0,0.0,,77.0,66.02,,,,,,,,,,,,,999.0,,999.0,,,,1.0,,,,,,999.0,,,,
1961,8,28,,,,,,,,,,0.0,,,,,0.0,0.0,,,,,,,,,,,,,,,,-999.0,,,,,,0.0,,,,,,,,,,
1961,8,30,,,,,,,,,,0.0,,,,,0.0,0.0,,82.04,66.92,,,,,,,,,,,,,9999.0,,9999.0,,,,9999.0,,,,,,9999.0,,,,
1961,8,31,,,,,,,,,,0.0,,,,,0.0,0.0,,,,,,,,,,,,,,,,-99.0,,-99.0,,,,-99.0,,,,,,-99.0,,,,
1961,9,1,,,,,,,,,,0.0,,,,,0.0,0.0,,78.08,62.959999999999994,,,,,,,,,,,,,-9999.0,,,,,,1.0,,,,,,-9999.0,,,,
1961,9,2,,,,,,,,,,0.0,,,,,0.0,0.0,,32.0,32.0,,,,,,,,,,,,,-9.0,,,,,,,,,,,,-9.0,,,,
1961,9,3,,,,,,,,,,0.0,,,,,0.0,0.0,,73.94,64.04,,,,,,,,,,,,,999.0,,,,,,999.0,,,,,,999.0,,,,
1961,9,4,,,,,,,,,,0.0,,,,,0.0,0.0,,,,,,,,,,,,,,,,-999.0,,,,,,-999.0,,,,,,-999.0,,,,
1961,9,6,,,,,,,,,,0.0,,,,,0.0,0.0,,95.0,62.959999999999994,,,,,,,,,,,,,9999.0,,,,,,9999.0,,,,,,9999.0,,,,
1961,9,7,,,,,,,,,,0.0,,,,,0.0,0.0,,,,,,,,,,,,,,,,,,,,,,,,,,,,-99.0,,,,
1961,9,8,,,,,,,,,,,,,,,,,,,,,,,,,,,,,,,,,,,,,,,,,,,,99.0,,,,
1961,9,9,,,,,,,,,,0.0,,,,,0.0,0.0,,80.96,60.980000000000004,,,,,,,,,,,,,1.0,,,,,,1.0,,,,,,-9999.0,,,,
1961,9,10,,,,,,,,,,0.0,,,,,0.0,0.0,,32.0,32.0,,,,,,,,,,,,,,,,,,,0.0,,,,,,-9.0,,,,
1961,9,11,,,,,,,,,,0.0,,,,,0.0,0.0,,77.0,64.04,,,,,,,,,,,,,999.0,,,,,,1.0,,,,,,999.0,,,,
1961,9,12,,,,,,,,,,0.0,,,,,0.0,0.0,,,,,,,,,,,,,,,,-999.0,,,,,,,,,,,,-999.0,,,,
1961,9,14,,,,,,,,,,0.0,,,,,0.0,0.0,,75.02,57.92,,,,,,,,,,,,,9999.0,,,,,,9999.0,,,,,,9999.0,,,,
1961,9,15,,,,,,,,,,0.0,,,,,0.0,0.0,,,,,,,,,,,,,,,,-99.0,,,,,,,,,,,,-99.0,,,,
1961,9,16,,,,,,,,,,,,,,,,,,,,,,,,,,,,,,,,99.0,,,,,,,,,,,,99.0,,,,
1961,9,17,,,,,,,,,,0.0,,,,,0.0,0.0,,80.96,64.94,,,,,,,,,,,,,-9999.0,,,,,,1.0,,,,,,-9999.0,,,,
1961,9,18,,,,,,,,,,0.0,,,,,0.0,0.0,,32.0,32.0,,,,,,,,,,,,,-9.0,,,,,,0.0,,,,,,-9.0,,,,
1961,9,19,,,,,,,,,,0.0,,,,,0.0,0.0,,78.08,64.94,,,,,,,,,,,,,999.0,,,,,,1.0,,,,,,999.0,,,,
1961,9,20,,,,,,,,,,0.0,,,,,0.0,0.0,,,,,,,,,,,,,,,,-999.0,,,,,,0.0,,,,,,-999.0,,,,
1961,9,21,,,,,,,,,,,,,,,,,,,,,,,,,,,,,,,,9.0,,,,,,,,,,,,9.0,,,,
1961,9,22,,,,,,,,,,,,,,,0.0,0.0,,75.02,64.94,,,,,,,,,,,,,1.0,,,,,,1.0,,,,,,1.0,,,,
1961,9,23,,,,,,,,,,0.0,,,,,0.0,0.0,,,,,,,,,,,,,,,,,,,,,,0.0,,,,,,,,,,
1961,9,24,,,,,,,,,,,,,,,,,,,,,,,,,,,,,,,,99.0,,,,,,,,,,,,99.0,,,,
1961,9,25,,,,,,,,,,0.0,,,,,0.0,0.0,,71.96,64.04,,,,,,,,,,,,,-9999.0,,,,,,1.0,,,,,,1.0,,,,
1961,9,26,,,,,,,,,,,,,,,0.0,0.0,,32.0,32.0,,,,,,,,,,,,,-9.0,,,,,,,,,,,,,,,,
1961,9,27,,,,,,,,,,,,,,,0.0,0.0,,75.92,62.959999999999994,,,,,,,,,,,,,999.0,,,,,,999.0,,,,,,1.0,,,,
1961,9,28,,,,,,,,,,0.0,,,,,0.0,0.0,,,,,,,,,,,,,,,,-999.0,,,,,,-999.0,,,,,,,,,,
1961,9,30,,,,,,,,,,0.0,,,,,0.0,0.0,,75.02,62.959999999999994,,,,,,,,,,,,,9999.0,,,,,,9999.0,,,,,,9999.0,,,,
1961,9,31,,,,,,,,,,0.0,,,,,0.0,0.0,,,,,,,,,,,,,,,,-99.0,,,,,,-99.0,,,,,,,,,,
1961,10,1,,,,,,,,,,0.0,,,,,0.0,0.0,,73.94,60.980000000000004,,,,,,,,,,,,,1.0,,-9999.0,,,,1.0,,,,,,-9999.0,,,,
1961,10,2,,,,,,,,,,0.0,,,,,0.0,0.0,,32.0,32.0,,,,,,,,,,,,,,,-9.0,,,,0.0,,,,,,-9.0,,,,
1961,10,3,,,,,,,,,,0.0,,,,,0.0,0.0,,77.0,60.08,,,,,,,,,,,,,1.0,,999.0,,,,1.0,,,,,,999.0,,,,
1961,10,4,,,,,,,,,,0.0,,,,,0.0,0.0,,,,,,,,,,,,,,,,,,-999.0,,,,0.0,,,,,,-999.0,,,,
1961,10,5,,,,,,,,,,,,,,,,,,,,,,,,,,,,,,,,,,,,,,,,,,,,9.0,,,,
1961,10,6,,,,,,,,,,,,,,,0.0,0.0,,73.94,59.0,,,,,,,,,,,,,1.0,,9999.0,,,,1.0,,,,,,1.0,,,,
1961,10,7,,,,,,,,,,0.0,,,,,0.0,0.0,,,,,,,,,,,,,,,,,,-99.0,,,,0.0,,,,,,,,,,
1961,10,8,,,,,,,,,,,,,,,,,,,,,,,,,,,,,,,,,,99.0,,,,,,,,,,99.0,,,,
1961,10,9,,,,,,,,,,0.0,,,,,0.0,0.0,,71.96,60.980000000000004,,,,,,,,,,,,,-9999.0,,-9999.0,,,,1.0,,,,,,-9999.0,,,,
1961,10,10,,,,,,,,,,0.0,,,,,0.0,0.0,,32.0,32.0,,,,,,,,,,,,,-9.0,,-9.0,,,,,,,,,,,,,,
1961,10,11,,,,,,,,,,,,,,,0.0,0.0,,69.08,62.059999999999995,,,,,,,,,,,,,999.0,,999.0,,,,999.0,,,,,,1.0,,,,
1961,10,12,,,,,,,,,,,,,,,0.0,0.0,,,,,,,,,,,,,,,,-999.0,,,,,,-999.0,,,,,,,,,,
1961,10,14,,,,,,,,,,0.0,,,,,0.0,0.0,,69.98,51.08,,,,,,,,,,,,,9999.0,,9999.0,,,,9999.0,,,,,,9999.0,,,,
1961,10,15,,,,,,,,,,0.0,,,,,0.0,0.0,,,,,,,,,,,,,,,,-99.0,,-99.0,,,,-99.0,,,,,,-99.0,,,,
1961,10,16,,,,,,,,,,,,,,,,,,,,,,,,,,,,,,,,99.0,,99.0,,,,99.0,,,,,,99.0,,,,
1961,10,17,,,,,,,,,,0.0,,,,,0.0,0.0,,73.04,51.98,,,,,,,,,,,,,-9999.0,,-9999.0,,,,-9999.0,,,,,,-9999.0,,,,
1961,10,18,,,,,,,,,,0.0,,,,,0.0,0.0,,32.0,32.0,,,,,,,,,,,,,,,-9.0,,,,,,,,,,-9.0,,,,
1961,10,19,,,,,,,,,,0.0,,,,,0.0,0.0,,77.0,55.04,,,,,,,,,,,,,1.0,,999.0,,,,1.0,,,,,,999.0,,,,
1961,10,20,,,,,,,,,,0.0,,,,,0.0,0.0,,,,,,,,,,,,,,,,,,-999.0,,,,0.0,,,,,,-999.0,,,,
1961,10,22,,,,,,,,,,0.0,,,,,0.0,0.0,,107.06,60.980000000000004,,,,,,,,,,,,,9999.0,,9999.0,,,,1.0,,,,,,9999.0,,,,
1961,10,23,,,,,,,,,,0.0,,,,,0.0,0.0,,,,,,,,,,,,,,,,-99.0,,-99.0,,,,,,,,,,-99.0,,,,
1961,10,24,,,,,,,,,,,,,,,,,,,,,,,,,,,,,,,,99.0,,99.0,,,,99.0,,,,,,99.0,,,,
1961,10,25,,,,,,,,,,0.0,,,,,0.0,0.0,,91.03999999999999,66.92,,,,,,,,,,,,,-9999.0,,-9999.0,,,,-9999.0,,,,,,-9999.0,,,,
1961,10,26,,,,,,,,,,0.0,,,,,0.0,0.0,,32.0,32.0,,,,,,,,,,,,,,,-9.0,,,,,,,,,,-9.0,,,,
1961,10,27,,,,,,,,,,0.0,,,,,0.0,0.0,,73.94,64.04,,,,,,,,,,,,,1.0,,999.0,,,,1.0,,,,,,999.0,,,,
1961,10,28,,,,,,,,,,0.0,,,,,0.0,0.0,,,,,,,,,,,,,,,,,,-999.0,,,,0.0,,,,,,-999.0,,,,
1961,10,30,,,,,,,,,,0.0,,,,,0.0,0.0,,73.04,64.04,,,,,,,,,,,,,9999.0,,9999.0,,,,1.0,,,,,,9999.0,,,,
1961,10,31,,,,,,,,,,0.0,,,,,0.0,0.0,,,,,,,,,,,,,,,,-99.0,,-99.0,,,,,,,,,,-99.0,,,,
1961,11,1,,,,,,,,,,8.0,,,,,0.0,0.0,,66.92,57.02,,,,,,,,,,,,,-9999.0,,,,,,-9999.0,,,,,,1.0,,,,
1961,11,2,,,,,,,,,,0.0,,,,,0.0,0.0,,32.0,32.0,,,,,,,,,,,,,-9.0,,,,,,-9.0,,,,,,,,,,
1961,11,3,,,,,,,,,,3.0,,,,,0.0,0.0,,66.92,55.04,,,,,,,,,,,,,999.0,,,,,,999.0,,,,,,1.0,,,,
1961,11,4,,,,,,,,,,0.0,,,,,0.0,0.0,,,,,,,,,,,,,,,,-999.0,,,,,,,,,,,,,,,,
1961,11,5,,,,,,,,,,,,,,,,,,,,,,,,,,,,,,,,9.0,,,,,,,,,,,,,,,,
1961,11,6,,,,,,,,,,0.0,,,,,0.0,0.0,,69.08,51.98,,,,,,,,,,,,,1.0,,,,,,1.0,,,,,,9999.0,,,,
1961,11,7,,,,,,,,,,0.0,,,,,0.0,0.0,,,,,,,,,,,,,,,,,,,,,,0.0,,,,,,-99.0,,,,
1961,11,8,,,,,,,,,,,,,,,,,,,,,,,,,,,,,,,,,,,,,,,,,,,,99.0,,,,
1961,11,9,,,,,,,,,,0.0,,,,,0.0,0.0,,82.04,57.92,,,,,,,,,,,,,-9999.0,,,,,,-9999.0,,,,,,-9999.0,,,,
1961,11,10,,,,,,,,,,0.0,,,,,0.0,0.0,,32.0,32.0,,,,,,,,,,,,,-9.0,,,,,,-9.0,,,,,,-9.0,,,,
1961,11,11,,,,,,,,,,0.0,,,,,0.0,0.0,,82.04,60.08,,,,,,,,,,,,,999.0,,,,,,999.0,,,,,,999.0,,,,
1961,11,12,,,,,,,,,,0.0,,,,,0.0,0.0,,,,,,,,,,,,,,,,-999.0,,,,,,-999.0,,,,,,-999.0,,,,
1961,11,13,,,,,,,,,,,,,,,,,,,,,,,,,,,,,,,,9.0,,,,,,9.0,,,,,,,,,,
1961,11,14,,,,,,,,,,0.0,,,,,0.0,0.0,,75.02,55.94,,,,,,,,,,,,,1.0,,,,,,1.0,,,,,,9999.0,,,,
1961,11,15,,,,,,,,,,0.0,,,,,0.0,0.0,,,,,,,,,,,,,,,,,,,,,,0.0,,,,,,-99.0,,,,
1961,11,16,,,,,,,,,,,,,,,,,,,,,,,,,,,,,,,,,,,,,,,,,,,,99.0,,,,
1961,11,17,,,,,,,,,,0.0,,,,,0.0,0.0,,66.02,53.96,,,,,,,,,,,,,-9999.0,,,,,,1.0,,,,,,-9999.0,,,,
1961,11,18,,,,,,,,,,0.0,,,,,0.0,0.0,,32.0,32.0,,,,,,,,,,,,,-9.0,,,,,,0.0,,,,,,-9.0,,,,
1961,11,19,,,,,,,,,,0.0,,,,,0.0,0.0,,71.06,48.92,,,,,,,,,,,,,999.0,,,,,,1.0,,,,,,999.0,,,,
1961,11,20,,,,,,,,,,0.0,,,,,0.0,0.0,,,,,,,,,,,,,,,,-999.0,,,,,,,,,,,,-999.0,,,,
1961,11,22,,,,,,,,,,0.0,,,,,0.0,0.0,,75.92,48.02,,,,,,,,,,,,,9999.0,,,,,,9999.0,,,,,,9999.0,,,,
1961,11,23,,,,,,,,,,0.0,,,,,0.0,0.0,,,32.0,,,,,,,,,,,,,-99.0,,,,,,-99.0,,,,,,-99.0,,,,
1961,11,24,,,,,,,,,,,,,,,,,,,,,,,,,,,,,,,,99.0,,,,,,99.0,,,,,,99.0,,,,
1961,11,25,,,,,,,,,,0.0,,,,,0.0,0.0,,66.02,55.94,,,,,,,,,,,,,-9999.0,,,,,,-9999.0,,,,,,1.0,,,,
1961,11,26,,,,,,,,,,,,,,,0.0,0.0,,32.0,32.0,,,,,,,,,,,,,-9.0,,,,,,-9.0,,,,,,,,,,
1961,11,27,,,,,,,,,,0.0,,,,,0.0,0.0,,64.94,51.08,,,,,,,,,,,,,999.0,,,,,,999.0,,,,,,999.0,,,,
1961,11,28,,,,,,,,,,0.0,,,,,0.0,0.0,,,,,,,,,,,,,,,,-999.0,,,,,,,,,,,,-999.0,,,,
1961,11,30,,,,,,,,,,0.0,,,,,0.0,0.0,,64.04,44.96,,,,,,,,,,,,,9999.0,,,,,,1.0,,,,,,9999.0,,,,
1961,11,31,,,,,,,,,,0.0,,,,,0.0,0.0,,,,,,,,,,,,,,,,,,,,,,,,,,,,,,,,
1961,12,1,,,,,,,,,,8.0,,,,,0.0,0.0,,69.98,50.0,,,,,,,,,,,,,1.0,,,,,,1.0,,,,,,1.0,,,,
1961,12,2,,,,,,,,,,0.0,,,,,0.0,0.0,,32.0,32.0,,,,,,,,,,,,,,,,,,,,,,,,,,,,,
1961,12,3,,,,,,,,,,208.0,,,,,0.0,0.0,,64.04,55.04,,,,,,,,,,,,,1.0,,,,,,999.0,,,,,,1.0,,,,
1961,12,4,,,,,,,,,,,,,,,0.0,0.0,,,,,,,,,,,,,,,,,,,,,,-999.0,,,,,,,,,,
1961,12,6,,,,,,,,,,0.0,,,,,0.0,0.0,,64.94,46.94,,,,,,,,,,,,,9999.0,,,,,,9999.0,,,,,,9999.0,,,,
1961,12,7,,,,,,,,,,0.0,,,,,0.0,0.0,,,32.0,,,,,,,,,,,,,,,,,,,,,,,,,-99.0,,,,
1961,12,8,,,,,,,,,,,,,,,,,,,,,,,,,,,,,,,,,,,,,,,,,,,,99.0,,,,
1961,12,9,,,,,,,,,,0.0,,,,,0.0,0.0,,62.959999999999994,44.96,,,,,,,,,,,,,1.0,,,,,,1.0,,,,,,-9999.0,,,,
1961,12,10,,,,,,,,,,0.0,,,,,0.0,0.0,,32.0,32.0,,,,,,,,,,,,,,,,,,,0.0,,,,,,-9.0,,,,
1961,12,11,,,,,,,,,,0.0,,,,,0.0,0.0,,69.08,48.02,,,,,,,,,,,,,1.0,,,,,,1.0,,,,,,999.0,,,,
1961,12,12,,,,,,,,,,0.0,,,,,0.0,0.0,,,,,,,,,,,,,,,,,,,,,,0.0,,,,,,-999.0,,,,
1961,12,13,,,,,,,,,,,,,,,,,,,,,,,,,,,,,,,,,,,,,,,,,,,,9.0,,,,
1961,12,14,,,,,,,,,,,,,,,0.0,0.0,,64.04,51.08,,,,,,,,,,,,,9999.0,,,,,,9999.0,,,,,,1.0,,,,
1961,12,15,,,,,,,,,,0.0,,,,,0.0,0.0,,,,,,,,,,,,,,,,-99.0,,,,,,-99.0,,,,,,,,,,
1961,12,16,,,,,,,,,,,,,,,,,,,,,,,,,,,,,,,,99.0,,,,,,99.0,,,,,,,,,,
1961,12,17,,,,,,,,,,10.0,,,,,0.0,0.0,,62.059999999999995,48.92,,,,,,,,,,,,,-9999.0,,,,,,-9999.0,,,,,,1.0,,,,
1961,12,18,,,,,,,,,,0.0,,,,,0.0,0.0,,32.0,32.0,,,,,,,,,,,,,-9.0,,,,,,-9.0,,,,,,,,,,
1961,12,19,,,,,,,,,,0.0,,,,,0.0,0.0,,60.980000000000004,44.96,,,,,,,,,,,,,999.0,,,,,,999.0,,,,,,999.0,,,,
1961,12,20,,,,,,,,,,0.0,,,,,0.0,0.0,,,,,,,,,,,,,,,,-999.0,,,,,,-999.0,,,,,,-999.0,,,,
1961,12,21,,,,,,,,,,,,,,,,,,,,,,,,,,,,,,,,,,,,,,,,,,,,9.0,,,,
1961,12,22,,,,,,,,,,48.0,,,,,0.0,0.0,,57.92,50.0,,,,,,,,,,,,,9999.0,,,,,,9999.0,,,,,,1.0,,,,
1961,12,23,,,,,,,,,,0.0,,,,,0.0,0.0,,,,,,,,,,,,,,,,-99.0,,,,,,-99.0,,,,,,,,,,
1961,12,24,,,,,,,,,,,,,,,,,,,,,,,,,,,,,,,,99.0,,,,,,99.0,,,,,,,,,,
1961,12,25,,,,,,,,,,33.0,,,,,0.0,0.0,,60.08,50.0,,,,,,,,,,,,,1.0,,,,,,1.0,,,,,,1.0,,,,
1961,12,26,,,,,,,,,,0.0,,,,,0.0,0.0,,32.0,32.0,,,,,,,,,,,,,,,,,,,0.0,,,,,,,,,,
1961,12,27,,,,,,,,,,0.0,,,,,0.0,0.0,,60.980000000000004,44.96,,,,,,,,,,,,,999.0,,,,,,1.0,,,,,,999.0,,,,
1961,12,28,,,,,,,,,,0.0,,,,,0.0,0.0,,,,,,,,,,,,,,,,-999.0,,,,,,,,,,,,,,,,
1961,12,29,,,,,,,,,,,,,,,,,,,,,,,,,,,,,,,,,,,,,,9.0,,,,,,,,,,
1961,12,30,,,,,,,,,,0.0,,,,,0.0,0.0,,64.04,46.94,,,,,,,,,,,,,9999.0,,,,,,1.0,,,,,,9999.0,,,,
1961,12,31,,,,,,,,,,0.0,,,,,0.0,0.0,,,32.0,,,,,,,,,,,,,,,,,,,0.0,,,,,,-99.0,,,,
1962,1,1,,,,,,,,,,0.0,,,,,0.0,0.0,,73.04,53.06,,,,,,,,,,,,,1.0,,,,,,1.0,,,,,,-9999.0,,,,
1962,1,2,,,,,,,,,,0.0,,,,,0.0,0.0,,32.0,32.0,,,,,,,,,,,,,,,,,,,0.0,,,,,,-9.0,,,,
1962,1,3,,,,,,,,,,0.0,,,,,0.0,0.0,,64.94,46.94,,,,,,,,,,,,,1.0,,,,,,1.0,,,,,,999.0,,,,
1962,1,4,,,,,,,,,,0.0,,,,,0.0,0.0,,,,,,,,,,,,,,,,,,,,,,0.0,,,,,,-999.0,,,,
1962,1,6,,,,,,,,,,0.0,,,,,0.0,0.0,,64.94,46.04,,,,,,,,,,,,,1.0,,,,,,1.0,,,,,,9999.0,,,,
1962,1,7,,,,,,,,,,0.0,,,,,0.0,0.0,,,32.0,,,,,,,,,,,,,,,,,,,0.0,,,,,,-99.0,,,,
1962,1,8,,,,,,,,,,,,,,,,,,,,,,,,,,,,,,,,99.0,,,,,,,,,,,,99.0,,,,
1962,1,9,,,,,,,,,,0.0,,,,,0.0,0.0,,75.92,46.04,,,,,,,,,,,,,-9999.0,,,,,,1.0,,,,,,-9999.0,,,,
1962,1,10,,,,,,,,,,0.0,,,,,0.0,0.0,,32.0,32.0,,,,,,,,,,,,,-9.0,,,,,,0.0,,,,,,-9.0,,,,
1962,1,11,,,,,,,,,,0.0,,,,,0.0,0.0,,80.96,51.08,,,,,,,,,,,,,999.0,,,,,,1.0,,,,,,999.0,,,,
1962,1,12,,,,,,,,,,0.0,,,,,0.0,0.0,,,,,,,,,,,,,,,,-999.0,,,,,,,,,,,,-999.0,,,,
1962,1,13,,,,,,,,,,,,,,,,,,,,,,,,,,,,,,,,9.0,,,,,,9.0,,,,,,,,,,
1962,1,14,,,,,,,,,,0.0,,,,,0.0,0.0,,75.02,48.92,,,,,,,,,,,,,1.0,,,,,,1.0,,,,,,9999.0,,,,
1962,1,15,,,,,,,,,,0.0,,,,,0.0,0.0,,,32.0,,,,,,,,,,,,,,,,,,,,,,,,,-99.0,,,,
1962,1,16,,,,,,,,,,,,,,,,,,,,,,,,,,,,,,,,,,,,,,99.0,,,,,,99.0,,,,
1962,1,17,,,,,,,,,,0.0,,,,,0.0,0.0,,62.059999999999995,42.08,,,,,,,,,,,,,-9999.0,,,,,,-9999.0,,,,,,-9999.0,,,,
1962,1,18,,,,,,,,,,0.0,,,,,0.0,0.0,,32.0,32.0,,,,,,,,,,,,,-9.0,,,,,,-9.0,,,,,,,,,,
1962,1,19,,,,,,,,,,18.0,,,,,0.0,0.0,,60.980000000000004,39.92,,,,,,,,,,,,,999.0,,,,,,999.0,,,,,,1.0,,,,
1962,1,20,,,,,,,,,,0.0,,,,,0.0,0.0,,,,,,,,,,,,,,,,-999.0,,,,,,-999.0,,,,,,,,,,
1962,1,22,,,,,,,,,,0.0,,,,,0.0,0.0,,60.980000000000004,42.08,,,,,,,,,,,,,9999.0,,,,,,9999.0,,,,,,9999.0,,,,
1962,1,23,,,,,,,,,,0.0,,,,,0.0,0.0,,,32.0,,,,,,,,,,,,,-99.0,,,,,,-99.0,,,,,,-99.0,,,,
1962,1,24,,,,,,,,,,,,,,,,,,,,,,,,,,,,,,,,99.0,,,,,,99.0,,,,,,99.0,,,,
1962,1,25,,,,,,,,,,0.0,,,,,0.0,0.0,,62.059999999999995,44.96,,,,,,,,,,,,,-9999.0,,,,,,-9999.0,,,,,,-9999.0,,,,
1962,1,26,,,,,,,,,,0.0,,,,,0.0,0.0,,32.0,32.0,,,,,,,,,,,,,-9.0,,,,,,-9.0,,,,,,-9.0,,,,
1962,1,27,,,,,,,,,,0.0,,,,,0.0,0.0,,62.059999999999995,44.96,,,,,,,,,,,,,999.0,,,,,,999.0,,,,,,999.0,,,,
1962,1,28,,,,,,,,,,0.0,,,,,0.0,0.0,,,,,,,,,,,,,,,,-999.0,,,,,,,,,,,,-999.0,,,,
1962,1,30,,,,,,,,,,0.0,,,,,0.0,0.0,,62.059999999999995,44.06,,,,,,,,,,,,,9999.0,,,,,,1.0,,,,,,9999.0,,,,
1962,1,31,,,,,,,,,,,,,,,0.0,0.0,,,,,,,,,,,,,,,,,,,,,,,,,,,,,,,,
1962,2,1,,,,,,,,,,0.0,,,,,0.0,0.0,,66.92,48.92,,,,,,,,,,,,,1.0,,-9999.0,,-9999.0,,-9999.0,,,,,,-9999.0,,,,
1962,2,2,,,,,,,,,,0.0,,,,,0.0,0.0,,32.0,32.0,,,,,,,,,,,,,0.0,,-9.0,,-9.0,,,,,,,,-9.0,,,,
1962,2,3,,,,,,,,,,0.0,,,,,0.0,0.0,,66.92,44.06,,,,,,,,,,,,,1.0,,999.0,,999.0,,1.0,,,,,,999.0,,,,
1962,2,4,,,,,,,,,,0.0,,,,,0.0,0.0,,,,,,,,,,,,,,,,,,-999.0,,-999.0,,0.0,,,,,,-999.0,,,,
1962,2,6,,,,,,,,,,0.0,,,,,0.0,0.0,,64.04,46.94,,,,,,,,,,,,,1.0,,9999.0,,9999.0,,1.0,,,,,,9999.0,,,,
1962,2,7,,,,,,,,,,0.0,,,,,0.0,0.0,,,32.0,,,,,,,,,,,,,,,-99.0,,-99.0,,0.0,,,,,,-99.0,,,,
1962,2,8,,,,,,,,,,,,,,,,,,,,,,,,,,,,,,,,,,99.0,,99.0,,,,,,,,99.0,,,,
1962,2,9,,,,,,,,,,0.0,,,,,0.0,0.0,,62.959999999999994,51.98,,,,,,,,,,,,,-9999.0,,-9999.0,,-9999.0,,1.0,,,,,,-9999.0,,,,
1962,2,10,,,,,,,,,,0.0,,,,,0.0,0.0,,32.0,32.0,,,,,,,,,,,,,-9.0,,-9.0,,-9.0,,0.0,,,,,,,,,,
1962,2,11,,,,,,,,,,84.0,,,,,0.0,0.0,,62.059999999999995,55.04,,,,,,,,,,,,,999.0,,999.0,,999.0,,1.0,,,,,,1.0,,,,
1962,2,12,,,,,,,,,,,,,,,0.0,0.0,,,,,,,,,,,,,,,,,,-999.0,,-999.0,,,,,,,,,,,,
1962,2,14,,,,,,,,,,3.0,,,,,0.0,0.0,,66.02,55.94,,,,,,,,,,,,,1.0,,9999.0,,9999.0,,9999.0,,,,,,1.0,,,,
1962,2,15,,,,,,,,,,0.0,,,,,0.0,0.0,,,,,,,,,,,,,,,,,,-99.0,,-99.0,,-99.0,,,,,,,,,,
1962,2,16,,,,,,,,,,,,,,,,,,,,,,,,,,,,,,,,99.0,,99.0,,99.0,,99.0,,,,,,,,,,
1962,2,17,,,,,,,,,,94.0,,,,,0.0,0.0,,66.02,57.92,,,,,,,,,,,,,-9999.0,,-9999.0,,-9999.0,,-9999.0,,,,,,1.0,,,,
1962,2,18,,,,,,,,,,0.0,,,,,0.0,0.0,,32.0,32.0,,,,,,,,,,,,,-9.0,,-9.0,,-9.0,,-9.0,,,,,,,,,,
1962,2,19,,,,,,,,,,0.0,,,,,0.0,0.0,,64.94,53.96,,,,,,,,,,,,,999.0,,999.0,,999.0,,999.0,,,,,,999.0,,,,
1962,2,20,,,,,,,,,,0.0,,,,,0.0,0.0,,,,,,,,,,,,,,,,-999.0,,-999.0,,-999.0,,-999.0,,,,,,-999.0,,,,
1962,2,21,,,,,,,,,,,,,,,,,,,,,,,,,,,,,,,,,,,,,,9.0,,,,,,,,,,
1962,2,22,,,,,,,,,,0.0,,,,,0.0,0.0,,64.94,53.06,,,,,,,,,,,,,9999.0,,9999.0,,9999.0,,1.0,,,,,,9999.0,,,,
1962,2,23,,,,,,,,,,0.0,,,,,0.0,0.0,,,,,,,,,,,,,,,,,,-99.0,,-99.0,,0.0,,,,,,,,,,
1962,2,24,,,,,,,,,,,,,,,,,,,,,,,,,,,,,,,,,,99.0,,99.0,,,,,,,,,,,,
1962,2,25,,,,,,,,,,25.0,,,,,0.0,0.0,,62.959999999999994,53.96,,,,,,,,,,,,,1.0,,-9999.0,,-9999.0,,-9999.0,,,,,,1.0,,,,
1962,2,26,,,,,,,,,,0.0,,,,,0.0,0.0,,32.0,32.0,,,,,,,,,,,,,,,-9.0,,-9.0,,-9.0,,,,,,,,,,
1962,2,27,,,,,,,,,,,,,,,0.0,0.0,,62.959999999999994,48.92,,,,,,,,,,,,,999.0,,999.0,,999.0,,999.0,,,,,,1.0,,,,
1962,2,28,,,,,,,,,,0.0,,,,,0.0,0.0,,,,,,,,,,,,,,,,-999.0,,-999.0,,-999.0,,-999.0,,,,,,,,,,
1962,2,29,,,,,,,,,,,,,,,,,,,,,,,,,,,,,,,,,,9.0,,9.0,,,,,,,,9.0,,,,
1962,2,30,,,,,,,,,,249.0,,,,,0.0,0.0,,59.0,50.0,,,,,,,,,,,,,9999.0,,1.0,,1.0,,9999.0,,,,,,1.0,,,,
1962,2,31,,,,,,,,,,0.0,,,,,0.0,0.0,,,,,,,,,,,,,,,,-99.0,,,,,,-99.0,,,,,,,,,,
1962,3,1,,,,,,,,,,0.0,,,,,0.0,0.0,,60.08,46.04,,,,,,,,,,,,,-9999.0,,,,,,-9999.0,,,,,,-9999.0,,,,
1962,3,2,,,,,,,,,,0.0,,,,,0.0,0.0,,32.0,32.0,,,,,,,,,,,,,-9.0,,,,,,-9.0,,,,,,-9.0,,,,
1962,3,3,,,,,,,,,,0.0,,,,,0.0,0.0,,62.959999999999994,46.04,,,,,,,,,,,,,999.0,,,,,,999.0,,,,,,999.0,,,,
1962,3,4,,,,,,,,,,0.0,,,,,0.0,0.0,,,,,,,,,,,,,,,,-999.0,,,,,,-999.0,,,,,,-999.0,,,,
1962,3,5,,,,,,,,,,,,,,,,,,,,,,,,,,,,,,,,,,,,,,9.0,,,,,,,,,,
1962,3,6,,,,,,,,,,0.0,,,,,0.0,0.0,,71.96,44.96,,,,,,,,,,,,,9999.0,,,,,,1.0,,,,,,9999.0,,,,
1962,3,7,,,,,,,,,,0.0,,,,,0.0,0.0,,,,,,,,,,,,,,,,-99.0,,,,,,,,,,,,,,,,
1962,3,8,,,,,,,,,,,,,,,,,,,,,,,,,,,,,,,,99.0,,,,,,99.0,,,,,,,,,,
1962,3,9,,,,,,,,,,41.0,,,,,0.0,0.0,,60.980000000000004,51.08,,,,,,,,,,,,,1.0,,,,,,-9999.0,,,,,,1.0,,,,
1962,3,10,,,,,,,,,,0.0,,,,,0.0,0.0,,32.0,32.0,,,,,,,,,,,,,,,,,,,-9.0,,,,,,,,,,
1962,3,11,,,,,,,,,,0.0,,,,,0.0,0.0,,62.959999999999994,50.0,,,,,,,,,,,,,999.0,,,,,,999.0,,,,,,999.0,,,,
1962,3,12,,,,,,,,,,0.0,,,,,0.0,0.0,,,,,,,,,,,,,,,,-999.0,,,,,,-999.0,,,,,,-999.0,,,,
1962,3,13,,,,,,,,,,,,,,,,,,,,,,,,,,,,,,,,,,,,,,,,,,,,9.0,,,,
1962,3,14,,,,,,,,,,5.0,,,,,0.0,0.0,,60.980000000000004,46.04,,,,,,,,,,,,,9999.0,,,,,,9999.0,,,,,,1.0,,,,
1962,3,15,,,,,,,,,,0.0,,,,,0.0,0.0,,,32.0,,,,,,,,,,,,,-99.0,,,,,,-99.0,,,,,,,,,,
1962,3,16,,,,,,,,,,,,,,,,,,,,,,,,,,,,,,,,99.0,,,,,,99.0,,,,,,,,,,
1962,3,17,,,,,,,,,,0.0,,,,,0.0,0.0,,60.980000000000004,46.94,,,,,,,,,,,,,-9999.0,,,,,,-9999.0,,,,,,-9999.0,,,,
1962,3,18,,,,,,,,,,0.0,,,,,0.0,0.0,,32.0,32.0,,,,,,,,,,,,,-9.0,,,,,,-9.0,,,,,,-9.0,,,,
1962,3,19,,,,,,,,,,0.0,,,,,0.0,0.0,,62.059999999999995,44.06,,,,,,,,,,,,,999.0,,,,,,999.0,,,,,,999.0,,,,
1962,3,20,,,,,,,,,,0.0,,,,,0.0,0.0,,,,,,,,,,,,,,,,-999.0,,,,,,-999.0,,,,,,-999.0,,,,
1962,3,22,,,,,,,,,,0.0,,,,,0.0,0.0,,66.02,42.980000000000004,,,,,,,,,,,,,9999.0,,,,,,9999.0,,,,,,9999.0,,,,
1962,3,23,,,,,,,,,,0.0,,,,,0.0,0.0,,,32.0,,,,,,,,,,,,,-99.0,,,,,,-99.0,,,,,,-99.0,,,,
1962,3,24,,,,,,,,,,,,,,,,,,,,,,,,,,,,,,,,99.0,,,,,,99.0,,,,,,99.0,,,,
1962,3,25,,,,,,,,,,8.0,,,,,0.0,0.0,,64.04,44.96,,,,,,,,,,,,,-9999.0,,,,,,-9999.0,,,,,,1.0,,,,
1962,3,26,,,,,,,,,,0.0,,,,,0.0,0.0,,32.0,32.0,,,,,,,,,,,,,-9.0,,,,,,-9.0,,,,,,,,,,
1962,3,27,,,,,,,,,,0.0,,,,,0.0,0.0,,62.959999999999994,46.04,,,,,,,,,,,,,999.0,,,,,,999.0,,,,,,999.0,,,,
1962,3,28,,,,,,,,,,,,,,,0.0,0.0,,,,,,,,,,,,,,,,-999.0,,,,,,-999.0,,,,,,,,,,
1962,3,30,,,,,,,,,,5.0,,,,,0.0,0.0,,60.08,51.98,,,,,,,,,,,,,9999.0,,,,,,9999.0,,,,,,1.0,,,,
1962,3,31,,,,,,,,,,0.0,,,,,0.0,0.0,,,,,,,,,,,,,,,,-99.0,,,,,,-99.0,,,,,,,,,,
1962,4,1,,,,,,,,,,0.0,,,,,0.0,0.0,,62.959999999999994,50.0,,,,,,,,,,,,,1.0,,,,,,1.0,,,,,,-9999.0,,,,
1962,4,2,,,,,,,,,,0.0,,,,,0.0,0.0,,32.0,32.0,,,,,,,,,,,,,,,,,,,,,,,,,-9.0,,,,
1962,4,3,,,,,,,,,,0.0,,,,,0.0,0.0,,64.04,53.96,,,,,,,,,,,,,999.0,,,,,,999.0,,,,,,999.0,,,,
1962,4,4,,,,,,,,,,0.0,,,,,0.0,0.0,,,,,,,,,,,,,,,,-999.0,,,,,,-999.0,,,,,,-999.0,,,,
1962,4,6,,,,,,,,,,0.0,,,,,0.0,0.0,,64.04,53.06,,,,,,,,,,,,,9999.0,,,,,,9999.0,,,,,,9999.0,,,,
1962,4,7,,,,,,,,,,0.0,,,,,0.0,0.0,,,,,,,,,,,,,,,,,,,,,,,,,,,,-99.0,,,,
1962,4,8,,,,,,,,,,,,,,,,,,,,,,,,,,,,,,,,,,,,,,,,,,,,99.0,,,,
1962,4,9,,,,,,,,,,0.0,,,,,0.0,0.0,,84.02,51.08,,,,,,,,,,,,,1.0,,,,,,1.0,,,,,,-9999.0,,,,
1962,4,10,,,,,,,,,,0.0,,,,,0.0,0.0,,32.0,32.0,,,,,,,,,,,,,,,,,,,,,,,,,-9.0,,,,
1962,4,11,,,,,,,,,,0.0,,,,,0.0,0.0,,84.91999999999999,55.94,,,,,,,,,,,,,1.0,,,,,,999.0,,,,,,999.0,,,,
1962,4,12,,,,,,,,,,0.0,,,,,0.0,0.0,,,,,,,,,,,,,,,,0.0,,,,,,,,,,,,-999.0,,,,
1962,4,13,,,,,,,,,,,,,,,,,,,,,,,,,,,,,,,,,,,,,,,,,,,,9.0,,,,
1962,4,14,,,,,,,,,,,,,,,0.0,0.0,,64.94,55.94,,,,,,,,,,,,,1.0,,,,,,9999.0,,,,,,1.0,,,,
1962,4,15,,,,,,,,,,0.0,,,,,0.0,0.0,,,,,,,,,,,,,,,,,,,,,,-99.0,,,,,,,,,,
1962,4,16,,,,,,,,,,,,,,,,,,,,,,,,,,,,,,,,99.0,,,,,,99.0,,,,,,,,,,
1962,4,17,,,,,,,,,,0.0,,,,,0.0,0.0,,66.92,53.06,,,,,,,,,,,,,1.0,,,,,,1.0,,,,,,-9999.0,,,,
1962,4,18,,,,,,,,,,0.0,,,,,0.0,0.0,,32.0,32.0,,,,,,,,,,,,,,,,,,,0.0,,,,,,-9.0,,,,
1962,4,19,,,,,,,,,,0.0,,,,,0.0,0.0,,73.04,51.98,,,,,,,,,,,,,1.0,,,,,,1.0,,,,,,999.0,,,,
1962,4,20,,,,,,,,,,0.0,,,,,0.0,0.0,,,,,,,,,,,,,,,,,,,,,,0.0,,,,,,-999.0,,,,
1962,4,22,,,,,,,,,,0.0,,,,,0.0,0.0,,69.98,51.08,,,,,,,,,,,,,1.0,,,,,,1.0,,,,,,9999.0,,,,
1962,4,23,,,,,,,,,,0.0,,,,,0.0,0.0,,,,,,,,,,,,,,,,,,,,,,0.0,,,,,,-99.0,,,,
1962,4,24,,,,,,,,,,,,,,,,,,,,,,,,,,,,,,,,,,,,,,,,,,,,99.0,,,,
1962,4,25,,,,,,,,,,0.0,,,,,0.0,0.0,,69.08,51.98,,,,,,,,,,,,,1.0,,,,,,1.0,,,,,,-9999.0,,,,
1962,4,26,,,,,,,,,,0.0,,,,,0.0,0.0,,32.0,32.0,,,,,,,,,,,,,,,,,,,0.0,,,,,,-9.0,,,,
1962,4,27,,,,,,,,,,0.0,,,,,0.0,0.0,,69.08,53.06,,,,,,,,,,,,,1.0,,,,,,1.0,,,,,,999.0,,,,
1962,4,28,,,,,,,,,,0.0,,,,,0.0,0.0,,,,,,,,,,,,,,,,,,,,,,0.0,,,,,,-999.0,,,,
1962,4,30,,,,,,,,,,0.0,,,,,0.0,0.0,,68.0,55.94,,,,,,,,,,,,,9999.0,,,,,,9999.0,,,,,,9999.0,,,,
1962,4,31,,,,,,,,,,0.0,,,,,0.0,0.0,,,,,,,,,,,,,,,,-99.0,,,,,,-99.0,,,,,,-99.0,,,,
1962,5,1,,,,,,,,,,0.0,,,,,0.0,0.0,,77.0,53.96,,,,,,,,,,,,,-9999.0,,-9999.0,,,,1.0,,,,,,-9999.0,,,,
1962,5,2,,,,,,,,,,0.0,,,,,0.0,0.0,,32.0,32.0,,,,,,,,,,,,,-9.0,,-9.0,,,,,,,,,,-9.0,,,,
1962,5,3,,,,,,,,,,0.0,,,,,0.0,0.0,,78.08,55.04,,,,,,,,,,,,,999.0,,999.0,,,,999.0,,,,,,999.0,,,,
1962,5,4,,,,,,,,,,0.0,,,,,0.0,0.0,,,,,,,,,,,,,,,,,,-999.0,,,,,,,,,,-999.0,,,,
1962,5,6,,,,,,,,,,0.0,,,,,0.0,0.0,,69.98,57.92,,,,,,,,,,,,,9999.0,,9999.0,,,,1.0,,,,,,9999.0,,,,
1962,5,7,,,,,,,,,,0.0,,,,,0.0,0.0,,,,,,,,,,,,,,,,-99.0,,-99.0,,,,0.0,,,,,,-99.0,,,,
1962,5,8,,,,,,,,,,,,,,,,,,,,,,,,,,,,,,,,99.0,,99.0,,,,,,,,,,99.0,,,,
1962,5,9,,,,,,,,,,0.0,,,,,0.0,0.0,,75.02,57.92,,,,,,,,,,,,,-9999.0,,-9999.0,,,,1.0,,,,,,-9999.0,,,,
1962,5,10,,,,,,,,,,0.0,,,,,0.0,0.0,,32.0,32.0,,,,,,,,,,,,,-9.0,,-9.0,,,,,,,,,,-9.0,,,,
1962,5,11,,,,,,,,,,0.0,,,,,0.0,0.0,,71.96,60.08,,,,,,,,,,,,,999.0,,999.0,,,,999.0,,,,,,999.0,,,,
1962,5,12,,,,,,,,,,0.0,,,,,0.0,0.0,,,,,,,,,,,,,,,,-999.0,,-999.0,,,,-999.0,,,,,,-999.0,,,,
1962,5,13,,,,,,,,,,,,,,,,,,,,,,,,,,,,,,,,,,,,,,9.0,,,,,,,,,,
1962,5,14,,,,,,,,,,0.0,,,,,0.0,0.0,,71.06,60.08,,,,,,,,,,,,,9999.0,,9999.0,,,,1.0,,,,,,9999.0,,,,
1962,5,15,,,,,,,,,,0.0,,,,,0.0,0.0,,,,,,,,,,,,,,,,-99.0,,-99.0,,,,,,,,,,-99.0,,,,
1962,5,16,,,,,,,,,,,,,,,,,,,,,,,,,,,,,,,,99.0,,99.0,,,,99.0,,,,,,99.0,,,,
1962,5,17,,,,,,,,,,0.0,,,,,0.0,0.0,,69.08,57.02,,,,,,,,,,,,,-9999.0,,-9999.0,,,,-9999.0,,,,,,-9999.0,,,,
1962,5,18,,,,,,,,,,0.0,,,,,0.0,0.0,,32.0,32.0,,,,,,,,,,,,,-9.0,,-9.0,,,,-9.0,,,,,,-9.0,,,,
1962,5,19,,,,,,,,,,0.0,,,,,0.0,0.0,,66.02,55.94,,,,,,,,,,,,,999.0,,999.0,,,,999.0,,,,,,999.0,,,,
1962,5,20,,,,,,,,,,0.0,,,,,0.0,0.0,,,,,,,,,,,,,,,,-999.0,,-999.0,,,,-999.0,,,,,,-999.0,,,,
1962,5,21,,,,,,,,,,,,,,,,,,,,,,,,,,,,,,,,,,9.0,,,,,,,,,,9.0,,,,
1962,5,22,,,,,,,,,,89.0,,,,,0.0,0.0,,66.92,51.98,,,,,,,,,,,,,9999.0,,1.0,,,,9999.0,,,,,,1.0,,,,
1962,5,23,,,,,,,,,,0.0,,,,,0.0,0.0,,,,,,,,,,,,,,,,-99.0,,,,,,-99.0,,,,,,,,,,
1962,5,24,,,,,,,,,,,,,,,,,,,,,,,,,,,,,,,,99.0,,99.0,,,,99.0,,,,,,,,,,
1962,5,25,,,,,,,,,,3.0,,,,,0.0,0.0,,64.04,53.06,,,,,,,,,,,,,-9999.0,,-9999.0,,,,-9999.0,,,,,,1.0,,,,
1962,5,26,,,,,,,,,,0.0,,,,,0.0,0.0,,32.0,32.0,,,,,,,,,,,,,-9.0,,-9.0,,,,-9.0,,,,,,,,,,
1962,5,27,,,,,,,,,,0.0,,,,,0.0,0.0,,68.0,50.0,,,,,,,,,,,,,999.0,,999.0,,,,999.0,,,,,,999.0,,,,
1962,5,28,,,,,,,,,,0.0,,,,,0.0,0.0,,,,,,,,,,,,,,,,-999.0,,-999.0,,,,-999.0,,,,,,-999.0,,,,
1962,5,30,,,,,,,,,,0.0,,,,,0.0,0.0,,66.02,57.92,,,,,,,,,,,,,9999.0,,9999.0,,,,9999.0,,,,,,9999.0,,,,
1962,5,31,,,,,,,,,,0.0,,,,,0.0,0.0,,,,,,,,,,,,,,,,-99.0,,-99.0,,,,-99.0,,,,,,-99.0,,,,
1962,6,1,,,,,,,,,,0.0,,,,,0.0,0.0,,71.06,59.0,,,,,,,,,,,,,-9999.0,,,,,,1.0,,,,,,-9999.0,,,,
1962,6,2,,,,,,,,,,0.0,,,,,0.0,0.0,,32.0,32.0,,,,,,,,,,,,,-9.0,,,,,,0.0,,,,,,-9.0,,,,
1962,6,3,,,,,,,,,,0.0,,,,,0.0,0.0,,68.0,57.92,,,,,,,,,,,,,999.0,,,,,,1.0,,,,,,999.0,,,,
1962,6,4,,,,,,,,,,0.0,,,,,0.0,0.0,,,,,,,,,,,,,,,,-999.0,,,,,,0.0,,,,,,,,,,
1962,6,6,,,,,,,,,,0.0,,,,,0.0,0.0,,66.92,57.92,,,,,,,,,,,,,9999.0,,,,,,9999.0,,,,,,9999.0,,,,
1962,6,7,,,,,,,,,,0.0,,,,,0.0,0.0,,,,,,,,,,,,,,,,-99.0,,,,,,-99.0,,,,,,-99.0,,,,
1962,6,8,,,,,,,,,,,,,,,,,,,,,,,,,,,,,,,,99.0,,,,,,99.0,,,,,,99.0,,,,
1962,6,9,,,,,,,,,,0.0,,,,,0.0,0.0,,69.98,60.08,,,,,,,,,,,,,-9999.0,,,,,,-9999.0,,,,,,-9999.0,,,,
1962,6,10,,,,,,,,,,0.0,,,,,0.0,0.0,,32.0,32.0,,,,,,,,,,,,,-9.0,,,,,,-9.0,,,,,,-9.0,,,,
1962,6,11,,,,,,,,,,0.0,,,,,0.0,0.0,,69.08,59.0,,,,,,,,,,,,,999.0,,,,,,999.0,,,,,,999.0,,,,
1962,6,12,,,,,,,,,,0.0,,,,,0.0,0.0,,,,,,,,,,,,,,,,-999.0,,,,,,,,,,,,-999.0,,,,
1962,6,13,,,,,,,,,,,,,,,,,,,,,,,,,,,,,,,,9.0,,,,,,,,,,,,9.0,,,,
1962,6,14,,,,,,,,,,,,,,,0.0,0.0,,62.959999999999994,59.0,,,,,,,,,,,,,1.0,,,,,,1.0,,,,,,1.0,,,,
1962,6,15,,,,,,,,,,0.0,,,,,0.0,0.0,,,,,,,,,,,,,,,,,,,,,,,,,,,,,,,,
1962,6,16,,,,,,,,,,,,,,,,,,,,,,,,,,,,,,,,99.0,,,,,,99.0,,,,,,,,,,
1962,6,17,,,,,,,,,,0.0,,,,,0.0,0.0,,69.08,59.0,,,,,,,,,,,,,-9999.0,,,,,,-9999.0,,,,,,1.0,,,,
1962,6,18,,,,,,,,,,,,,,,0.0,0.0,,32.0,32.0,,,,,,,,,,,,,-9.0,,,,,,-9.0,,,,,,,,,,
1962,6,19,,,,,,,,,,0.0,,,,,0.0,0.0,,68.0,59.0,,,,,,,,,,,,,999.0,,,,,,999.0,,,,,,999.0,,,,
1962,6,20,,,,,,,,,,0.0,,,,,0.0,0.0,,,,,,,,,,,,,,,,-999.0,,,,,,-999.0,,,,,,-999.0,,,,
1962,6,21,,,,,,,,,,,,,,,,,,,,,,,,,,,,,,,,9.0,,,,,,,,,,,,9.0,,,,
1962,6,22,,,,,,,,,,8.0,,,,,0.0,0.0,,64.04,57.02,,,,,,,,,,,,,1.0,,,,,,9999.0,,,,,,1.0,,,,
1962,6,23,,,,,,,,,,0.0,,,,,0.0,0.0,,,,,,,,,,,,,,,,,,,,,,-99.0,,,,,,,,,,
1962,6,24,,,,,,,,,,,,,,,,,,,,,,,,,,,,,,,,99.0,,,,,,99.0,,,,,,,,,,
1962,6,25,,,,,,,,,,0.0,,,,,0.0,0.0,,69.08,57.02,,,,,,,,,,,,,-9999.0,,,,,,-9999.0,,,,,,-9999.0,,,,
1962,6,26,,,,,,,,,,0.0,,,,,0.0,0.0,,32.0,32.0,,,,,,,,,,,,,-9.0,,,,,,-9.0,,,,,,-9.0,,,,
1962,6,27,,,,,,,,,,0.0,,,,,0.0,0.0,,69.98,57.92,,,,,,,,,,,,,999.0,,,,,,999.0,,,,,,999.0,,,,
1962,6,28,,,,,,,,,,0.0,,,,,0.0,0.0,,,,,,,,,,,,,,,,,,,,,,,,,,,,-999.0,,,,
1962,6,30,,,,,,,,,,0.0,,,,,0.0,0.0,,66.92,57.92,,,,,,,,,,,,,1.0,,,,,,1.0,,,,,,9999.0,,,,
1962,6,31,,,,,,,,,,0.0,,,,,0.0,0.0,,,,,,,,,,,,,,,,,,,,,,0.0,,,,,,-99.0,,,,
1962,7,1,,,,,,,,,,0.0,,,,,0.0,0.0,,71.96,60.08,,,,,,,,,,,,,1.0,,,,,,1.0,,,,,,-9999.0,,,,
1962,7,2,,,,,,,,,,0.0,,,,,0.0,0.0,,32.0,32.0,,,,,,,,,,,,,,,,,,,0.0,,,,,,-9.0,,,,
1962,7,3,,,,,,,,,,0.0,,,,,0.0,0.0,,75.02,60.980000000000004,,,,,,,,,,,,,999.0,,,,,,1.0,,,,,,999.0,,,,
1962,7,4,,,,,,,,,,0.0,,,,,0.0,0.0,,,,,,,,,,,,,,,,-999.0,,,,,,0.0,,,,,,-999.0,,,,
1962,7,6,,,,,,,,,,0.0,,,,,0.0,0.0,,73.04,60.980000000000004,,,,,,,,,,,,,9999.0,,,,,,1.0,,,,,,9999.0,,,,
1962,7,7,,,,,,,,,,0.0,,,,,0.0,0.0,,,,,,,,,,,,,,,,-99.0,,,,,,0.0,,,,,,-99.0,,,,
1962,7,8,,,,,,,,,,,,,,,,,,,,,,,,,,,,,,,,99.0,,,,,,,,,,,,99.0,,,,
1962,7,9,,,,,,,,,,0.0,,,,,0.0,0.0,,75.92,62.059999999999995,,,,,,,,,,,,,-9999.0,,,,,,1.0,,,,,,-9999.0,,,,
1962,7,10,,,,,,,,,,0.0,,,,,0.0,0.0,,32.0,32.0,,,,,,,,,,,,,-9.0,,,,,,0.0,,,,,,-9.0,,,,
1962,7,11,,,,,,,,,,0.0,,,,,0.0,0.0,,77.0,60.980000000000004,,,,,,,,,,,,,999.0,,,,,,1.0,,,,,,999.0,,,,
1962,7,12,,,,,,,,,,0.0,,,,,0.0,0.0,,,,,,,,,,,,,,,,-999.0,,,,,,0.0,,,,,,-999.0,,,,
1962,7,14,,,,,,,,,,0.0,,,,,0.0,0.0,,77.0,62.059999999999995,,,,,,,,,,,,,9999.0,,,,,,1.0,,,,,,9999.0,,,,
1962,7,15,,,,,,,,,,0.0,,,,,0.0,0.0,,,,,,,,,,,,,,,,-99.0,,,,,,0.0,,,,,,-99.0,,,,
1962,7,16,,,,,,,,,,,,,,,,,,,,,,,,,,,,,,,,99.0,,,,,,,,,,,,99.0,,,,
1962,7,17,,,,,,,,,,0.0,,,,,0.0,0.0,,77.0,64.04,,,,,,,,,,,,,-9999.0,,,,,,-9999.0,,,,,,-9999.0,,,,
1962,7,18,,,,,,,,,,0.0,,,,,0.0,0.0,,32.0,32.0,,,,,,,,,,,,,-9.0,,,,,,-9.0,,,,,,-9.0,,,,
1962,7,19,,,,,,,,,,0.0,,,,,0.0,0.0,,73.94,62.959999999999994,,,,,,,,,,,,,999.0,,,,,,999.0,,,,,,999.0,,,,
1962,7,20,,,,,,,,,,0.0,,,,,0.0,0.0,,,,,,,,,,,,,,,,-999.0,,,,,,-999.0,,,,,,-999.0,,,,
1962,7,22,,,,,,,,,,0.0,,,,,0.0,0.0,,71.06,62.059999999999995,,,,,,,,,,,,,9999.0,,,,,,9999.0,,,,,,9999.0,,,,
1962,7,23,,,,,,,,,,0.0,,,,,0.0,0.0,,,,,,,,,,,,,,,,-99.0,,,,,,-99.0,,,,,,-99.0,,,,
1962,7,24,,,,,,,,,,,,,,,,,,,,,,,,,,,,,,,,99.0,,,,,,99.0,,,,,,99.0,,,,
1962,7,25,,,,,,,,,,0.0,,,,,0.0,0.0,,66.92,64.04,,,,,,,,,,,,,-9999.0,,,,,,1.0,,,,,,1.0,,,,
1962,7,26,,,,,,,,,,,,,,,0.0,0.0,,32.0,32.0,,,,,,,,,,,,,,,,,,,0.0,,,,,,,,,,
1962,7,27,,,,,,,,,,,,,,,0.0,0.0,,69.98,62.959999999999994,,,,,,,,,,,,,1.0,,,,,,1.0,,,,,,1.0,,,,
1962,7,28,,,,,,,,,,0.0,,,,,0.0,0.0,,,,,,,,,,,,,,,,,,,,,,,,,,,,,,,,
1962,7,30,,,,,,,,,,0.0,,,,,0.0,0.0,,75.02,62.959999999999994,,,,,,,,,,,,,9999.0,,,,,,9999.0,,,,,,9999.0,,,,
1962,7,31,,,,,,,,,,0.0,,,,,0.0,0.0,,,,,,,,,,,,,,,,-99.0,,,,,,,,,,,,-99.0,,,,
1962,8,1,,,,,,,,,,0.0,,,,,0.0,0.0,,73.04,62.059999999999995,,,,,,,,,,,,,-9999.0,,,,,,1.0,,,,,,-9999.0,,,,
1962,8,2,,,,,,,,,,0.0,,,,,0.0,0.0,,32.0,32.0,,,,,,,,,,,,,-9.0,,,,,,0.0,,,,,,-9.0,,,,
1962,8,3,,,,,,,,,,0.0,,,,,0.0,0.0,,73.94,60.980000000000004,,,,,,,,,,,,,999.0,,,,,,1.0,,,,,,999.0,,,,
1962,8,4,,,,,,,,,,0.0,,,,,0.0,0.0,,,,,,,,,,,,,,,,-999.0,,,,,,,,,,,,-999.0,,,,
1962,8,6,,,,,,,,,,0.0,,,,,0.0,0.0,,73.04,64.04,,,,,,,,,,,,,9999.0,,,,,,9999.0,,,,,,9999.0,,,,
1962,8,7,,,,,,,,,,0.0,,,,,0.0,0.0,,,,,,,,,,,,,,,,-99.0,,,,,,,,,,,,-99.0,,,,
1962,8,8,,,,,,,,,,,,,,,,,,,,,,,,,,,,,,,,99.0,,,,,,,,,,,,99.0,,,,
1962,8,9,,,,,,,,,,0.0,,,,,0.0,0.0,,80.06,60.980000000000004,,,,,,,,,,,,,1.0,,,,,,1.0,,,,,,-9999.0,,,,
1962,8,10,,,,,,,,,,0.0,,,,,0.0,0.0,,32.0,32.0,,,,,,,,,,,,,,,,,,,,,,,,,-9.0,,,,
1962,8,11,,,,,,,,,,0.0,,,,,0.0,0.0,,80.96,64.04,,,,,,,,,,,,,999.0,,,,,,999.0,,,,,,999.0,,,,
1962,8,12,,,,,,,,,,0.0,,,,,0.0,0.0,,,,,,,,,,,,,,,,-999.0,,,,,,-999.0,,,,,,-999.0,,,,
1962,8,14,,,,,,,,,,0.0,,,,,0.0,0.0,,86.0,64.94,,,,,,,,,,,,,9999.0,,,,,,9999.0,,,,,,9999.0,,,,
1962,8,15,,,,,,,,,,0.0,,,,,0.0,0.0,,,,,,,,,,,,,,,,-99.0,,,,,,-99.0,,,,,,-99.0,,,,
1962,8,16,,,,,,,,,,,,,,,,,,,,,,,,,,,,,,,,99.0,,,,,,99.0,,,,,,99.0,,,,
1962,8,17,,,,,,,,,,0.0,,,,,0.0,0.0,,75.02,62.959999999999994,,,,,,,,,,,,,-9999.0,,,,,,1.0,,,,,,-9999.0,,,,
1962,8,18,,,,,,,,,,0.0,,,,,0.0,0.0,,32.0,32.0,,,,,,,,,,,,,,,,,,,0.0,,,,,,-9.0,,,,
1962,8,19,,,,,,,,,,0.0,,,,,0.0,0.0,,75.92,62.059999999999995,,,,,,,,,,,,,1.0,,,,,,1.0,,,,,,999.0,,,,
1962,8,20,,,,,,,,,,0.0,,,,,0.0,0.0,,,,,,,,,,,,,,,,,,,,,,0.0,,,,,,-999.0,,,,
1962,8,22,,,,,,,,,,0.0,,,,,0.0,0.0,,78.98,64.94,,,,,,,,,,,,,1.0,,,,,,1.0,,,,,,9999.0,,,,
1962,8,23,,,,,,,,,,0.0,,,,,0.0,0.0,,,,,,,,,,,,,,,,,,,,,,0.0,,,,,,,,,,
1962,8,25,,,,,,,,,,0.0,,,,,0.0,0.0,,82.04,66.02,,,,,,,,,,,,,-9999.0,,,,,,1.0,,,,,,-9999.0,,,,
1962,8,26,,,,,,,,,,0.0,,,,,0.0,0.0,,32.0,32.0,,,,,,,,,,,,,,,,,,,0.0,,,,,,-9.0,,,,
1962,8,27,,,,,,,,,,0.0,,,,,0.0,0.0,,75.92,64.04,,,,,,,,,,,,,1.0,,,,,,1.0,,,,,,999.0,,,,
1962,8,28,,,,,,,,,,0.0,,,,,0.0,0.0,,,,,,,,,,,,,,,,,,,,,,0.0,,,,,,-999.0,,,,
1962,8,30,,,,,,,,,,0.0,,,,,0.0,0.0,,73.94,64.04,,,,,,,,,,,,,1.0,,,,,,1.0,,,,,,9999.0,,,,
1962,8,31,,,,,,,,,,0.0,,,,,0.0,0.0,,,,,,,,,,,,,,,,,,,,,,0.0,,,,,,-99.0,,,,
1962,9,1,,,,,,,,,,0.0,,,,,0.0,0.0,,77.0,64.04,,,,,,,,,,,,,1.0,,,,,,1.0,,,,,,,,,,
1962,9,2,,,,,,,,,,0.0,,,,,0.0,0.0,,32.0,32.0,,,,,,,,,,,,,,,,,,,0.0,,,,,,,,,,
1962,9,3,,,,,,,,,,0.0,,,,,0.0,0.0,,78.08,62.959999999999994,,,,,,,,,,,,,1.0,,,,,,1.0,,,,,,,,,,
1962,9,4,,,,,,,,,,0.0,,,,,0.0,0.0,,,,,,,,,,,,,,,,,,,,,,0.0,,,,,,,,,,
1962,9,6,,,,,,,,,,0.0,,,,,0.0,0.0,,77.0,62.059999999999995,,,,,,,,,,,,,1.0,,,,,,1.0,,,,,,,,,,
1962,9,7,,,,,,,,,,0.0,,,,,0.0,0.0,,,,,,,,,,,,,,,,,,,,,,0.0,,,,,,,,,,
1962,9,9,,,,,,,,,,0.0,,,,,0.0,0.0,,78.08,62.059999999999995,,,,,,,,,,,,,-9999.0,,,,,,1.0,,,,,,,,,,
1962,9,10,,,,,,,,,,0.0,,,,,0.0,0.0,,32.0,32.0,,,,,,,,,,,,,-9.0,,,,,,0.0,,,,,,,,,,
1962,9,11,,,,,,,,,,0.0,,,,,0.0,0.0,,71.96,60.980000000000004,,,,,,,,,,,,,999.0,,,,,,1.0,,,,,,,,,,
1962,9,12,,,,,,,,,,0.0,,,,,0.0,0.0,,,,,,,,,,,,,,,,-999.0,,,,,,,,,,,,,,,,
1962,9,14,,,,,,,,,,0.0,,,,,0.0,0.0,,71.06,59.0,,,,,,,,,,,,,9999.0,,,,,,9999.0,,,,,,,,,,
1962,9,15,,,,,,,,,,0.0,,,,,0.0,0.0,,,,,,,,,,,,,,,,-99.0,,,,,,,,,,,,,,,,
1962,9,16,,,,,,,,,,,,,,,,,,,,,,,,,,,,,,,,99.0,,,,,,,,,,,,,,,,
1962,9,17,,,,,,,,,,0.0,,,,,0.0,0.0,,71.96,62.959999999999994,,,,,,,,,,,,,-9999.0,,,,,,1.0,,,,,,,,,,
1962,9,18,,,,,,,,,,0.0,,,,,0.0,0.0,,32.0,32.0,,,,,,,,,,,,,-9.0,,,,,,,,,,,,,,,,
1962,9,19,,,,,,,,,,0.0,,,,,0.0,0.0,,73.04,62.059999999999995,,,,,,,,,,,,,999.0,,,,,,999.0,,,,,,,,,,
1962,9,20,,,,,,,,,,0.0,,,,,0.0,0.0,,,,,,,,,,,,,,,,-999.0,,,,,,,,,,,,,,,,
1962,9,22,,,,,,,,,,0.0,,,,,0.0,0.0,,75.02,62.059999999999995,,,,,,,,,,,,,9999.0,,,,,,1.0,,,,,,,,,,
1962,9,23,,,,,,,,,,0.0,,,,,0.0,0.0,,,,,,,,,,,,,,,,-99.0,,,,,,0.0,,,,,,,,,,
1962,9,24,,,,,,,,,,,,,,,,,,,,,,,,,,,,,,,,99.0,,,,,,,,,,,,,,,,
1962,9,25,,,,,,,,,,0.0,,,,,0.0,0.0,,73.94,62.059999999999995,,,,,,,,,,,,,-9999.0,,,,,,1.0,,,,,,,,,,
1962,9,26,,,,,,,,,,0.0,,,,,0.0,0.0,,32.0,32.0,,,,,,,,,,,,,-9.0,,,,,,0.0,,,,,,,,,,
1962,9,27,,,,,,,,,,0.0,,,,,0.0,0.0,,73.04,62.959999999999994,,,,,,,,,,,,,999.0,,,,,,1.0,,,,,,,,,,
1962,9,28,,,,,,,,,,0.0,,,,,0.0,0.0,,,,,,,,,,,,,,,,-999.0,,,,,,0.0,,,,,,,,,,
1962,9,29,,,,,,,,,,,,,,,,,,,,,,,,,,,,,,,,9.0,,,,,,,,,,,,,,,,
1962,9,30,,,,,,,,,,0.0,,,,,0.0,0.0,,78.98,62.059999999999995,,,,,,,,,,,,,1.0,,,,,,1.0,,,,,,,,,,
1962,9,31,,,,,,,,,,0.0,,,,,0.0,0.0,,,,,,,,,,,,,,,,,,,,,,0.0,,,,,,,,,,
1962,10,1,,,,,,,,,,0.0,,,,,0.0,0.0,,73.04,57.92,,,,,,,,,,,,,1.0,,,,,,1.0,,,,,,-9999.0,,,,
1962,10,2,,,,,,,,,,0.0,,,,,0.0,0.0,,32.0,32.0,,,,,,,,,,,,,,,,,,,0.0,,,,,,-9.0,,,,
1962,10,3,,,,,,,,,,0.0,,,,,0.0,0.0,,69.98,60.08,,,,,,,,,,,,,1.0,,,,,,1.0,,,,,,999.0,,,,
1962,10,4,,,,,,,,,,0.0,,,,,0.0,0.0,,,,,,,,,,,,,,,,,,,,,,0.0,,,,,,-999.0,,,,
1962,10,5,,,,,,,,,,,,,,,,,,,,,,,,,,,,,,,,,,,,,,,,,,,,9.0,,,,
1962,10,6,,,,,,,,,,,,,,,0.0,0.0,,68.0,60.980000000000004,,,,,,,,,,,,,9999.0,,,,,,9999.0,,,,,,1.0,,,,
1962,10,7,,,,,,,,,,0.0,,,,,0.0,0.0,,,,,,,,,,,,,,,,-99.0,,,,,,-99.0,,,,,,,,,,
1962,10,8,,,,,,,,,,,,,,,,,,,,,,,,,,,,,,,,99.0,,,,,,99.0,,,,,,99.0,,,,
1962,10,9,,,,,,,,,,0.0,,,,,0.0,0.0,,69.98,60.08,,,,,,,,,,,,,-9999.0,,,,,,-9999.0,,,,,,-9999.0,,,,
1962,10,10,,,,,,,,,,0.0,,,,,0.0,0.0,,32.0,32.0,,,,,,,,,,,,,-9.0,,,,,,-9.0,,,,,,-9.0,,,,
1962,10,11,,,,,,,,,,0.0,,,,,0.0,0.0,,69.08,57.92,,,,,,,,,,,,,999.0,,,,,,999.0,,,,,,999.0,,,,
1962,10,12,,,,,,,,,,0.0,,,,,0.0,0.0,,,,,,,,,,,,,,,,,,,,,,,,,,,,-999.0,,,,
1962,10,14,,,,,,,,,,0.0,,,,,0.0,0.0,,71.06,57.02,,,,,,,,,,,,,1.0,,,,,,1.0,,,,,,9999.0,,,,
1962,10,15,,,,,,,,,,0.0,,,,,0.0,0.0,,,,,,,,,,,,,,,,,,,,,,0.0,,,,,,-99.0,,,,
1962,10,16,,,,,,,,,,,,,,,,,,,,,,,,,,,,,,,,99.0,,,,,,,,,,,,99.0,,,,
1962,10,17,,,,,,,,,,0.0,,,,,0.0,0.0,,69.08,57.92,,,,,,,,,,,,,-9999.0,,,,,,1.0,,,,,,-9999.0,,,,
1962,10,18,,,,,,,,,,0.0,,,,,0.0,0.0,,32.0,32.0,,,,,,,,,,,,,-9.0,,,,,,0.0,,,,,,-9.0,,,,
1962,10,19,,,,,,,,,,0.0,,,,,0.0,0.0,,71.96,55.94,,,,,,,,,,,,,999.0,,,,,,1.0,,,,,,999.0,,,,
1962,10,20,,,,,,,,,,0.0,,,,,0.0,0.0,,,,,,,,,,,,,,,,,,,,,,0.0,,,,,,-999.0,,,,
1962,10,21,,,,,,,,,,,,,,,,,,,,,,,,,,,,,,,,,,,,,,,,,,,,9.0,,,,
1962,10,22,,,,,,,,,,3.0,,,,,0.0,0.0,,71.96,60.08,,,,,,,,,,,,,9999.0,,,,,,9999.0,,,,,,1.0,,,,
1962,10,23,,,,,,,,,,0.0,,,,,0.0,0.0,,,,,,,,,,,,,,,,-99.0,,,,,,-99.0,,,,,,,,,,
1962,10,24,,,,,,,,,,,,,,,,,,,,,,,,,,,,,,,,99.0,,,,,,99.0,,,,,,99.0,,,,
1962,10,25,,,,,,,,,,0.0,,,,,0.0,0.0,,69.08,57.02,,,,,,,,,,,,,-9999.0,,,,,,-9999.0,,,,,,-9999.0,,,,
1962,10,26,,,,,,,,,,0.0,,,,,0.0,0.0,,32.0,32.0,,,,,,,,,,,,,-9.0,,,,,,-9.0,,,,,,-9.0,,,,
1962,10,27,,,,,,,,,,0.0,,,,,0.0,0.0,,69.98,53.96,,,,,,,,,,,,,999.0,,,,,,999.0,,,,,,999.0,,,,
1962,10,28,,,,,,,,,,0.0,,,,,0.0,0.0,,,,,,,,,,,,,,,,-999.0,,,,,,-999.0,,,,,,,,,,
1962,10,30,,,,,,,,,,0.0,,,,,0.0,0.0,,71.06,60.08,,,,,,,,,,,,,9999.0,,,,,,9999.0,,,,,,9999.0,,,,
1962,10,31,,,,,,,,,,0.0,,,,,0.0,0.0,,,,,,,,,,,,,,,,-99.0,,,,,,,,,,,,-99.0,,,,
1962,11,1,,,,,,,,,,0.0,,,,,0.0,0.0,,71.96,53.06,,,,,,,,,,,,,1.0,,,,,,1.0,,,,,,-9999.0,,,,
1962,11,2,,,,,,,,,,0.0,,,,,0.0,0.0,,32.0,32.0,,,,,,,,,,,,,,,,,,,0.0,,,,,,,,,,
1962,11,3,,,,,,,,,,3.0,,,,,0.0,0.0,,75.02,62.059999999999995,,,,,,,,,,,,,1.0,,,,,,1.0,,,,,,1.0,,,,
1962,11,4,,,,,,,,,,0.0,,,,,0.0,0.0,,,,,,,,,,,,,,,,,,,,,,0.0,,,,,,,,,,
1962,11,6,,,,,,,,,,0.0,,,,,0.0,0.0,,64.04,59.0,,,,,,,,,,,,,9999.0,,,,,,1.0,,,,,,9999.0,,,,
1962,11,7,,,,,,,,,,0.0,,,,,0.0,0.0,,,,,,,,,,,,,,,,-99.0,,,,,,0.0,,,,,,-99.0,,,,
1962,11,8,,,,,,,,,,,,,,,,,,,,,,,,,,,,,,,,99.0,,,,,,,,,,,,99.0,,,,
1962,11,9,,,,,,,,,,0.0,,,,,0.0,0.0,,66.92,50.0,,,,,,,,,,,,,1.0,,,,,,1.0,,,,,,-9999.0,,,,
1962,11,10,,,,,,,,,,0.0,,,,,0.0,0.0,,32.0,32.0,,,,,,,,,,,,,,,,,,,0.0,,,,,,-9.0,,,,
1962,11,11,,,,,,,,,,0.0,,,,,0.0,0.0,,68.0,50.0,,,,,,,,,,,,,1.0,,,,,,1.0,,,,,,999.0,,,,
1962,11,12,,,,,,,,,,0.0,,,,,0.0,0.0,,,,,,,,,,,,,,,,,,,,,,0.0,,,,,,-999.0,,,,
1962,11,14,,,,,,,,,,0.0,,,,,0.0,0.0,,66.92,57.02,,,,,,,,,,,,,1.0,,,,,,1.0,,,,,,9999.0,,,,
1962,11,15,,,,,,,,,,0.0,,,,,0.0,0.0,,,,,,,,,,,,,,,,,,,,,,0.0,,,,,,-99.0,,,,
1962,11,16,,,,,,,,,,,,,,,,,,,,,,,,,,,,,,,,99.0,,,,,,,,,,,,99.0,,,,
1962,11,17,,,,,,,,,,0.0,,,,,0.0,0.0,,68.0,50.0,,,,,,,,,,,,,1.0,,,,,,1.0,,,,,,-9999.0,,,,
1962,11,18,,,,,,,,,,0.0,,,,,0.0,0.0,,32.0,32.0,,,,,,,,,,,,,,,,,,,0.0,,,,,,-9.0,,,,
1962,11,19,,,,,,,,,,0.0,,,,,0.0,0.0,,73.04,48.92,,,,,,,,,,,,,1.0,,,,,,1.0,,,,,,999.0,,,,
1962,11,20,,,,,,,,,,0.0,,,,,0.0,0.0,,,,,,,,,,,,,,,,,,,,,,0.0,,,,,,,,,,
1962,11,22,,,,,,,,,,0.0,,,,,0.0,0.0,,66.92,57.92,,,,,,,,,,,,,9999.0,,,,,,9999.0,,,,,,9999.0,,,,
1962,11,23,,,,,,,,,,0.0,,,,,0.0,0.0,,,,,,,,,,,,,,,,-99.0,,,,,,-99.0,,,,,,-99.0,,,,
1962,11,24,,,,,,,,,,,,,,,,,,,,,,,,,,,,,,,,99.0,,,,,,99.0,,,,,,99.0,,,,
1962,11,25,,,,,,,,,,0.0,,,,,0.0,0.0,,66.02,48.92,,,,,,,,,,,,,-9999.0,,,,,,-9999.0,,,,,,-9999.0,,,,
1962,11,26,,,,,,,,,,0.0,,,,,0.0,0.0,,32.0,32.0,,,,,,,,,,,,,-9.0,,,,,,-9.0,,,,,,-9.0,,,,
1962,11,27,,,,,,,,,,0.0,,,,,0.0,0.0,,69.08,46.94,,,,,,,,,,,,,999.0,,,,,,999.0,,,,,,999.0,,,,
1962,11,28,,,,,,,,,,0.0,,,,,0.0,0.0,,,,,,,,,,,,,,,,-999.0,,,,,,-999.0,,,,,,-999.0,,,,
1962,11,30,,,,,,,,,,0.0,,,,,0.0,0.0,,71.06,44.96,,,,,,,,,,,,,9999.0,,,,,,9999.0,,,,,,9999.0,,,,
1962,11,31,,,,,,,,,,0.0,,,,,0.0,0.0,,,32.0,,,,,,,,,,,,,-99.0,,,,,,-99.0,,,,,,-99.0,,,,
1962,12,1,,,,,,,,,,0.0,,,,,0.0,0.0,,64.04,50.0,,,,,,,,,,,,,-9999.0,,,,,,-9999.0,,,,,,-9999.0,,,,
1962,12,2,,,,,,,,,,0.0,,,,,0.0,0.0,,32.0,32.0,,,,,,,,,,,,,,,,,,,,,,,,,-9.0,,,,
1962,12,3,,,,,,,,,,0.0,,,,,0.0,0.0,,64.94,46.04,,,,,,,,,,,,,1.0,,,,,,1.0,,,,,,999.0,,,,
1962,12,4,,,,,,,,,,0.0,,,,,0.0,0.0,,,,,,,,,,,,,,,,,,,,,,0.0,,,,,,-999.0,,,,
1962,12,6,,,,,,,,,,0.0,,,,,0.0,0.0,,77.0,46.04,,,,,,,,,,,,,1.0,,,,,,1.0,,,,,,9999.0,,,,
1962,12,7,,,,,,,,,,0.0,,,,,0.0,0.0,,,32.0,,,,,,,,,,,,,,,,,,,0.0,,,,,,-99.0,,,,
1962,12,8,,,,,,,,,,,,,,,,,,,,,,,,,,,,,,,,,,,,,,,,,,,,99.0,,,,
1962,12,9,,,,,,,,,,0.0,,,,,0.0,0.0,,71.06,44.06,,,,,,,,,,,,,1.0,,,,,,1.0,,,,,,-9999.0,,,,
1962,12,10,,,,,,,,,,0.0,,,,,0.0,0.0,,32.0,32.0,,,,,,,,,,,,,,,,,,,0.0,,,,,,-9.0,,,,
1962,12,11,,,,,,,,,,0.0,,,,,0.0,0.0,,64.04,44.96,,,,,,,,,,,,,1.0,,,,,,1.0,,,,,,999.0,,,,
1962,12,12,,,,,,,,,,0.0,,,,,0.0,0.0,,,,,,,,,,,,,,,,,,,,,,0.0,,,,,,-999.0,,,,
1962,12,14,,,,,,,,,,0.0,,,,,0.0,0.0,,60.980000000000004,53.06,,,,,,,,,,,,,9999.0,,,,,,1.0,,,,,,9999.0,,,,
1962,12,15,,,,,,,,,,0.0,,,,,0.0,0.0,,,,,,,,,,,,,,,,,,,,,,0.0,,,,,,-99.0,,,,
1962,12,16,,,,,,,,,,,,,,,,,,,,,,,,,,,,,,,,,,,,,,,,,,,,99.0,,,,
1962,12,17,,,,,,,,,,0.0,,,,,0.0,0.0,,62.059999999999995,51.08,,,,,,,,,,,,,1.0,,,,,,1.0,,,,,,-9999.0,,,,
1962,12,18,,,,,,,,,,0.0,,,,,0.0,0.0,,32.0,32.0,,,,,,,,,,,,,,,,,,,0.0,,,,,,-9.0,,,,
1962,12,19,,,,,,,,,,0.0,,,,,0.0,0.0,,60.980000000000004,48.92,,,,,,,,,,,,,1.0,,,,,,1.0,,,,,,999.0,,,,
1962,12,20,,,,,,,,,,0.0,,,,,0.0,0.0,,,,,,,,,,,,,,,,,,,,,,0.0,,,,,,-999.0,,,,
1962,12,22,,,,,,,,,,0.0,,,,,0.0,0.0,,64.04,48.92,,,,,,,,,,,,,1.0,,,,,,1.0,,,,,,9999.0,,,,
1962,12,23,,,,,,,,,,0.0,,,,,0.0,0.0,,,,,,,,,,,,,,,,,,,,,,0.0,,,,,,-99.0,,,,
1962,12,24,,,,,,,,,,,,,,,,,,,,,,,,,,,,,,,,99.0,,,,,,,,,,,,99.0,,,,
1962,12,25,,,,,,,,,,0.0,,,,,0.0,0.0,,68.0,51.08,,,,,,,,,,,,,-9999.0,,,,,,1.0,,,,,,-9999.0,,,,
1962,12,26,,,,,,,,,,0.0,,,,,0.0,0.0,,32.0,32.0,,,,,,,,,,,,,-9.0,,,,,,0.0,,,,,,-9.0,,,,
1962,12,27,,,,,,,,,,33.0,,,,,0.0,0.0,,71.06,57.02,,,,,,,,,,,,,999.0,,,,,,1.0,,,,,,999.0,,,,
1962,12,28,,,,,,,,,,,,,,,0.0,0.0,,,,,,,,,,,,,,,,,,,,,,,,,,,,,,,,
1962,12,29,,,,,,,,,,,,,,,,,,,,,,,,,,,,,,,,,,,,,,9.0,,,,,,,,,,
1962,12,30,,,,,,,,,,0.0,,,,,0.0,0.0,,64.94,50.0,,,,,,,,,,,,,1.0,,,,,,1.0,,,,,,9999.0,,,,
1962,12,31,,,,,,,,,,0.0,,,,,0.0,0.0,,,32.0,,,,,,,,,,,,,,,,,,,0.0,,,,,,-99.0,,,,
1963,1,1,,,,,,,,,,0.0,,,,,0.0,0.0,,64.94,48.02,,,,,,,,,,,,,-9999.0,,,,,,1.0,,,,,,-9999.0,,,,
1963,1,2,,,,,,,,,,0.0,,,,,0.0,0.0,,32.0,32.0,,,,,,,,,,,,,-9.0,,,,,,0.0,,,,,,,,,,
1963,1,3,,,,,,,,,,,,,,,0.0,0.0,,62.059999999999995,50.0,,,,,,,,,,,,,999.0,,,,,,1.0,,,,,,1.0,,,,
1963,1,4,,,,,,,,,,0.0,,,,,0.0,0.0,,,,,,,,,,,,,,,,-999.0,,,,,,,,,,,,,,,,
1963,1,6,,,,,,,,,,0.0,,,,,0.0,0.0,,66.02,48.92,,,,,,,,,,,,,9999.0,,,,,,9999.0,,,,,,9999.0,,,,
1963,1,7,,,,,,,,,,0.0,,,,,0.0,0.0,,,32.0,,,,,,,,,,,,,-99.0,,,,,,-99.0,,,,,,-99.0,,,,
1963,1,8,,,,,,,,,,,,,,,,,,,,,,,,,,,,,,,,99.0,,,,,,99.0,,,,,,99.0,,,,
1963,1,9,,,,,,,,,,0.0,,,,,0.0,0.0,,73.94,44.96,,,,,,,,,,,,,-9999.0,,,,,,-9999.0,,,,,,-9999.0,,,,
1963,1,10,,,,,,,,,,0.0,,,,,0.0,0.0,,32.0,32.0,,,,,,,,,,,,,-9.0,,,,,,-9.0,,,,,,-9.0,,,,
1963,1,11,,,,,,,,,,0.0,,,,,0.0,0.0,,80.96,48.02,,,,,,,,,,,,,999.0,,,,,,999.0,,,,,,999.0,,,,
1963,1,12,,,,,,,,,,0.0,,,,,0.0,0.0,,,,,,,,,,,,,,,,-999.0,,,,,,-999.0,,,,,,,,,,
1963,1,13,,,,,,,,,,,,,,,,,,,,,,,,,,,,,,,,9.0,,,,,,,,,,,,,,,,
1963,1,14,,,,,,,,,,8.0,,,,,0.0,0.0,,64.04,57.02,,,,,,,,,,,,,1.0,,,,,,9999.0,,,,,,1.0,,,,
1963,1,15,,,,,,,,,,0.0,,,,,0.0,0.0,,,,,,,,,,,,,,,,,,,,,,-99.0,,,,,,,,,,
1963,1,16,,,,,,,,,,,,,,,,,,,,,,,,,,,,,,,,99.0,,,,,,99.0,,,,,,,,,,
1963,1,17,,,,,,,,,,5.0,,,,,0.0,0.0,,60.08,51.08,,,,,,,,,,,,,-9999.0,,,,,,-9999.0,,,,,,1.0,,,,
1963,1,18,,,,,,,,,,0.0,,,,,0.0,0.0,,32.0,32.0,,,,,,,,,,,,,-9.0,,,,,,-9.0,,,,,,,,,,
1963,1,19,,,,,,,,,,0.0,,,,,0.0,0.0,,60.08,37.04,,,,,,,,,,,,,999.0,,,,,,999.0,,,,,,999.0,,,,
1963,1,20,,,,,,,,,,0.0,,,,,0.0,0.0,,,,,,,,,,,,,,,,-999.0,,,,,,-999.0,,,,,,-999.0,,,,
1963,1,22,,,,,,,,,,0.0,,,,,0.0,0.0,,60.08,35.06,,,,,,,,,,,,,9999.0,,,,,,9999.0,,,,,,9999.0,,,,
1963,1,23,,,,,,,,,,0.0,,,,,0.0,0.0,,,32.0,,,,,,,,,,,,,-99.0,,,,,,-99.0,,,,,,-99.0,,,,
1963,1,24,,,,,,,,,,,,,,,,,,,,,,,,,,,,,,,,99.0,,,,,,99.0,,,,,,99.0,,,,
1963,1,25,,,,,,,,,,0.0,,,,,0.0,0.0,,64.94,39.92,,,,,,,,,,,,,-9999.0,,,,,,-9999.0,,,,,,-9999.0,,,,
1963,1,26,,,,,,,,,,0.0,,,,,0.0,0.0,,32.0,32.0,,,,,,,,,,,,,-9.0,,,,,,,,,,,,-9.0,,,,
1963,1,27,,,,,,,,,,0.0,,,,,0.0,0.0,,62.059999999999995,42.980000000000004,,,,,,,,,,,,,999.0,,,,,,1.0,,,,,,999.0,,,,
1963,1,28,,,,,,,,,,0.0,,,,,0.0,0.0,,,,,,,,,,,,,,,,-999.0,,,,,,0.0,,,,,,-999.0,,,,
1963,1,30,,,,,,,,,,0.0,,,,,0.0,0.0,,64.04,42.980000000000004,,,,,,,,,,,,,9999.0,,,,,,9999.0,,,,,,9999.0,,,,
1963,1,31,,,,,,,,,,0.0,,,,,0.0,0.0,,,32.0,,,,,,,,,,,,,-99.0,,,,,,-99.0,,,,,,-99.0,,,,
1963,2,1,,,,,,,,,,0.0,,,,,0.0,0.0,,66.92,57.92,,,,,,,,,,,,,1.0,,,,,,1.0,,,,,,1.0,,,,
1963,2,2,,,,,,,,,,,,,,,0.0,0.0,,32.0,32.0,,,,,,,,,,,,,,,,,,,0.0,,,,,,,,,,
1963,2,3,,,,,,,,,,3.0,,,,,0.0,0.0,,80.06,57.02,,,,,,,,,,,,,1.0,,,,,,1.0,,,,,,1.0,,,,
1963,2,4,,,,,,,,,,0.0,,,,,0.0,0.0,,,,,,,,,,,,,,,,,,,,,,0.0,,,,,,,,,,
1963,2,6,,,,,,,,,,0.0,,,,,0.0,0.0,,82.04,57.02,,,,,,,,,,,,,9999.0,,,,,,9999.0,,,,,,9999.0,,,,
1963,2,7,,,,,,,,,,0.0,,,,,0.0,0.0,,,,,,,,,,,,,,,,-99.0,,,,,,,,,,,,-99.0,,,,
1963,2,8,,,,,,,,,,,,,,,,,,,,,,,,,,,,,,,,99.0,,,,,,,,,,,,99.0,,,,
1963,2,9,,,,,,,,,,0.0,,,,,0.0,0.0,,75.92,53.96,,,,,,,,,,,,,-9999.0,,,,,,1.0,,,,,,-9999.0,,,,
1963,2,10,,,,,,,,,,0.0,,,,,0.0,0.0,,32.0,32.0,,,,,,,,,,,,,,,,,,,0.0,,,,,,-9.0,,,,
1963,2,11,,,,,,,,,,0.0,,,,,0.0,0.0,,62.959999999999994,53.06,,,,,,,,,,,,,1.0,,,,,,1.0,,,,,,999.0,,,,
1963,2,12,,,,,,,,,,0.0,,,,,0.0,0.0,,,,,,,,,,,,,,,,,,,,,,0.0,,,,,,-999.0,,,,
1963,2,13,,,,,,,,,,,,,,,,,,,,,,,,,,,,,,,,,,,,,,,,,,,,9.0,,,,
1963,2,14,,,,,,,,,,163.0,,,,,0.0,0.0,,62.059999999999995,55.04,,,,,,,,,,,,,9999.0,,,,,,1.0,,,,,,1.0,,,,
1963,2,15,,,,,,,,,,,,,,,0.0,0.0,,,,,,,,,,,,,,,,-99.0,,,,,,,,,,,,,,,,
1963,2,16,,,,,,,,,,,,,,,,,,,,,,,,,,,,,,,,99.0,,,,,,99.0,,,,,,,,,,
1963,2,17,,,,,,,,,,28.0,,,,,0.0,0.0,,64.04,55.94,,,,,,,,,,,,,1.0,,,,,,-9999.0,,,,,,1.0,,,,
1963,2,18,,,,,,,,,,0.0,,,,,0.0,0.0,,32.0,32.0,,,,,,,,,,,,,,,,,,,-9.0,,,,,,,,,,
1963,2,19,,,,,,,,,,0.0,,,,,0.0,0.0,,66.02,51.98,,,,,,,,,,,,,999.0,,,,,,999.0,,,,,,999.0,,,,
1963,2,20,,,,,,,,,,0.0,,,,,0.0,0.0,,,,,,,,,,,,,,,,,,,,,,,,,,,,-999.0,,,,
1963,2,21,,,,,,,,,,,,,,,,,,,,,,,,,,,,,,,,,,,,,,,,,,,,9.0,,,,
1963,2,22,,,,,,,,,,3.0,,,,,0.0,0.0,,62.959999999999994,53.06,,,,,,,,,,,,,9999.0,,,,,,1.0,,,,,,1.0,,,,
1963,2,23,,,,,,,,,,0.0,,,,,0.0,0.0,,,,,,,,,,,,,,,,-99.0,,,,,,0.0,,,,,,,,,,
1963,2,24,,,,,,,,,,,,,,,,,,,,,,,,,,,,,,,,99.0,,,,,,,,,,,,99.0,,,,
1963,2,25,,,,,,,,,,0.0,,,,,0.0,0.0,,62.959999999999994,51.98,,,,,,,,,,,,,-9999.0,,,,,,1.0,,,,,,-9999.0,,,,
1963,2,26,,,,,,,,,,0.0,,,,,0.0,0.0,,32.0,32.0,,,,,,,,,,,,,-9.0,,,,,,0.0,,,,,,-9.0,,,,
1963,2,27,,,,,,,,,,0.0,,,,,0.0,0.0,,64.04,53.96,,,,,,,,,,,,,999.0,,,,,,1.0,,,,,,999.0,,,,
1963,2,28,,,,,,,,,,0.0,,,,,0.0,0.0,,,,,,,,,,,,,,,,-999.0,,,,,,0.0,,,,,,-999.0,,,,
1963,2,29,,,,,,,,,,,,,,,,,,,,,,,,,,,,,,,,9.0,,,,,,,,,,,,,,,,
1963,2,30,,,,,,,,,,0.0,,,,,0.0,0.0,,64.94,50.0,,,,,,,,,,,,,1.0,,,,,,1.0,,,,,,9999.0,,,,
1963,2,31,,,,,,,,,,0.0,,,,,0.0,0.0,,,,,,,,,,,,,,,,,,,,,,0.0,,,,,,-99.0,,,,
1963,3,1,,,,,,,,,,0.0,,,,,0.0,0.0,,75.02,48.92,,,,,,,,,,,,,1.0,,,,,,1.0,,,,,,-9999.0,,,,
1963,3,2,,,,,,,,,,0.0,,,,,0.0,0.0,,32.0,32.0,,,,,,,,,,,,,,,,,,,0.0,,,,,,-9.0,,,,
1963,3,3,,,,,,,,,,0.0,,,,,0.0,0.0,,66.02,53.06,,,,,,,,,,,,,1.0,,,,,,1.0,,,,,,999.0,,,,
1963,3,4,,,,,,,,,,0.0,,,,,0.0,0.0,,,,,,,,,,,,,,,,,,,,,,,,,,,,,,,,
1963,3,6,,,,,,,,,,0.0,,,,,0.0,0.0,,66.02,48.02,,,,,,,,,,,,,9999.0,,,,,,9999.0,,,,,,9999.0,,,,
1963,3,7,,,,,,,,,,0.0,,,,,0.0,0.0,,,32.0,,,,,,,,,,,,,-99.0,,,,,,-99.0,,,,,,-99.0,,,,
1963,3,8,,,,,,,,,,,,,,,,,,,,,,,,,,,,,,,,99.0,,,,,,99.0,,,,,,99.0,,,,
1963,3,9,,,,,,,,,,0.0,,,,,0.0,0.0,,66.92,46.04,,,,,,,,,,,,,-9999.0,,,,,,-9999.0,,,,,,-9999.0,,,,
1963,3,10,,,,,,,,,,0.0,,,,,0.0,0.0,,32.0,32.0,,,,,,,,,,,,,-9.0,,,,,,-9.0,,,,,,-9.0,,,,
1963,3,11,,,,,,,,,,0.0,,,,,0.0,0.0,,66.02,50.0,,,,,,,,,,,,,999.0,,,,,,999.0,,,,,,999.0,,,,
1963,3,12,,,,,,,,,,0.0,,,,,0.0,0.0,,,,,,,,,,,,,,,,-999.0,,,,,,-999.0,,,,,,-999.0,,,,
1963,3,14,,,,,,,,,,0.0,,,,,0.0,0.0,,64.04,53.06,,,,,,,,,,,,,9999.0,,,,,,9999.0,,,,,,9999.0,,,,
1963,3,15,,,,,,,,,,0.0,,,,,0.0,0.0,,,,,,,,,,,,,,,,-99.0,,,,,,-99.0,,,,,,-99.0,,,,
1963,3,16,,,,,,,,,,,,,,,,,,,,,,,,,,,,,,,,99.0,,,,,,99.0,,,,,,99.0,,,,
1963,3,17,,,,,,,,,,0.0,,,,,0.0,0.0,,64.04,48.92,,,,,,,,,,,,,-9999.0,,,,,,-9999.0,,,,,,-9999.0,,,,
1963,3,18,,,,,,,,,,0.0,,,,,0.0,0.0,,32.0,32.0,,,,,,,,,,,,,-9.0,,,,,,-9.0,,,,,,-9.0,,,,
1963,3,19,,,,,,,,,,0.0,,,,,0.0,0.0,,64.94,51.98,,,,,,,,,,,,,999.0,,,,,,999.0,,,,,,999.0,,,,
1963,3,20,,,,,,,,,,0.0,,,,,0.0,0.0,,,,,,,,,,,,,,,,-999.0,,,,,,,,,,,,-999.0,,,,
1963,3,21,,,,,,,,,,,,,,,,,,,,,,,,,,,,,,,,9.0,,,,,,,,,,,,9.0,,,,
1963,3,22,,,,,,,,,,,,,,,0.0,0.0,,64.04,48.92,,,,,,,,,,,,,1.0,,,,,,1.0,,,,,,1.0,,,,
1963,3,23,,,,,,,,,,0.0,,,,,0.0,0.0,,,32.0,,,,,,,,,,,,,,,,,,,,,,,,,,,,,
1963,3,24,,,,,,,,,,,,,,,,,,,,,,,,,,,,,,,,99.0,,,,,,99.0,,,,,,,,,,
1963,3,25,,,,,,,,,,107.0,,,,,0.0,0.0,,60.980000000000004,46.94,,,,,,,,,,,,,-9999.0,,,,,,-9999.0,,,,,,1.0,,,,
1963,3,26,,,,,,,,,,0.0,,,,,0.0,0.0,,32.0,32.0,,,,,,,,,,,,,-9.0,,,,,,-9.0,,,,,,,,,,
1963,3,27,,,,,,,,,,160.0,,,,,0.0,0.0,,59.0,46.04,,,,,,,,,,,,,999.0,,,,,,999.0,,,,,,1.0,,,,
1963,3,28,,,,,,,,,,0.0,,,,,0.0,0.0,,,,,,,,,,,,,,,,-999.0,,,,,,-999.0,,,,,,,,,,
1963,3,30,,,,,,,,,,0.0,,,,,0.0,0.0,,69.98,44.06,,,,,,,,,,,,,9999.0,,,,,,9999.0,,,,,,9999.0,,,,
1963,3,31,,,,,,,,,,0.0,,,,,0.0,0.0,,,32.0,,,,,,,,,,,,,-99.0,,,,,,-99.0,,,,,,-99.0,,,,
1963,4,1,,,,,,,,,,0.0,,,,,0.0,0.0,,62.959999999999994,51.98,,,,,,,,,,,,,-9999.0,,,,,,-9999.0,,,,,,-9999.0,,,,
1963,4,2,,,,,,,,,,0.0,,,,,0.0,0.0,,32.0,32.0,,,,,,,,,,,,,-9.0,,,,,,-9.0,,,,,,-9.0,,,,
1963,4,3,,,,,,,,,,0.0,,,,,0.0,0.0,,64.04,48.02,,,,,,,,,,,,,999.0,,,,,,999.0,,,,,,999.0,,,,
1963,4,4,,,,,,,,,,0.0,,,,,0.0,0.0,,,,,,,,,,,,,,,,-999.0,,,,,,-999.0,,,,,,-999.0,,,,
1963,4,5,,,,,,,,,,,,,,,,,,,,,,,,,,,,,,,,9.0,,,,,,9.0,,,,,,,,,,
1963,4,6,,,,,,,,,,0.0,,,,,0.0,0.0,,73.94,50.0,,,,,,,,,,,,,1.0,,,,,,1.0,,,,,,9999.0,,,,
1963,4,7,,,,,,,,,,0.0,,,,,0.0,0.0,,,,,,,,,,,,,,,,,,,,,,0.0,,,,,,-99.0,,,,
1963,4,8,,,,,,,,,,,,,,,,,,,,,,,,,,,,,,,,,,,,,,,,,,,,99.0,,,,
1963,4,9,,,,,,,,,,0.0,,,,,0.0,0.0,,66.02,55.04,,,,,,,,,,,,,-9999.0,,,,,,1.0,,,,,,-9999.0,,,,
1963,4,10,,,,,,,,,,0.0,,,,,0.0,0.0,,32.0,32.0,,,,,,,,,,,,,-9.0,,,,,,0.0,,,,,,-9.0,,,,
1963,4,11,,,,,,,,,,0.0,,,,,0.0,0.0,,66.02,55.94,,,,,,,,,,,,,999.0,,,,,,1.0,,,,,,999.0,,,,
1963,4,12,,,,,,,,,,0.0,,,,,0.0,0.0,,,,,,,,,,,,,,,,,,,,,,0.0,,,,,,,,,,
1963,4,14,,,,,,,,,,0.0,,,,,0.0,0.0,,66.02,51.98,,,,,,,,,,,,,9999.0,,,,,,9999.0,,,,,,9999.0,,,,
1963,4,15,,,,,,,,,,0.0,,,,,0.0,0.0,,,,,,,,,,,,,,,,-99.0,,,,,,-99.0,,,,,,-99.0,,,,
1963,4,16,,,,,,,,,,,,,,,,,,,,,,,,,,,,,,,,99.0,,,,,,99.0,,,,,,99.0,,,,
1963,4,17,,,,,,,,,,0.0,,,,,0.0,0.0,,66.92,46.94,,,,,,,,,,,,,-9999.0,,,,,,-9999.0,,,,,,-9999.0,,,,
1963,4,18,,,,,,,,,,0.0,,,,,0.0,0.0,,32.0,32.0,,,,,,,,,,,,,-9.0,,,,,,-9.0,,,,,,-9.0,,,,
1963,4,19,,,,,,,,,,0.0,,,,,0.0,0.0,,68.0,48.02,,,,,,,,,,,,,999.0,,,,,,999.0,,,,,,999.0,,,,
1963,4,20,,,,,,,,,,0.0,,,,,0.0,0.0,,,,,,,,,,,,,,,,-999.0,,,,,,-999.0,,,,,,-999.0,,,,
1963,4,21,,,,,,,,,,,,,,,,,,,,,,,,,,,,,,,,9.0,,,,,,,,,,,,9.0,,,,
1963,4,22,,,,,,,,,,18.0,,,,,0.0,0.0,,64.04,53.96,,,,,,,,,,,,,1.0,,,,,,9999.0,,,,,,1.0,,,,
1963,4,23,,,,,,,,,,0.0,,,,,0.0,0.0,,,,,,,,,,,,,,,,,,,,,,-99.0,,,,,,,,,,
1963,4,24,,,,,,,,,,,,,,,,,,,,,,,,,,,,,,,,99.0,,,,,,99.0,,,,,,99.0,,,,
1963,4,25,,,,,,,,,,0.0,,,,,0.0,0.0,,64.04,51.08,,,,,,,,,,,,,-9999.0,,,,,,-9999.0,,,,,,1.0,,,,
1963,4,26,,,,,,,,,,,,,,,0.0,0.0,,32.0,32.0,,,,,,,,,,,,,-9.0,,,,,,-9.0,,,,,,,,,,
1963,4,27,,,,,,,,,,64.0,,,,,0.0,0.0,,62.059999999999995,48.02,,,,,,,,,,,,,999.0,,,,,,999.0,,,,,,1.0,,,,
1963,4,28,,,,,,,,,,0.0,,,,,0.0,0.0,,,,,,,,,,,,,,,,-999.0,,,,,,-999.0,,,,,,,,,,
1963,4,30,,,,,,,,,,,,,,,0.0,0.0,,64.04,48.92,,,,,,,,,,,,,9999.0,,,,,,9999.0,,,,,,1.0,,,,
1963,4,31,,,,,,,,,,0.0,,,,,0.0,0.0,,,,,,,,,,,,,,,,-99.0,,,,,,-99.0,,,,,,,,,,
1963,5,1,,,,,,,,,,0.0,,,,,0.0,0.0,,66.02,55.94,,,,,,,,,,,,,-9999.0,,,,,,1.0,,,,,,-9999.0,,,,
1963,5,2,,,,,,,,,,0.0,,,,,0.0,0.0,,32.0,32.0,,,,,,,,,,,,,-9.0,,,,,,,,,,,,-9.0,,,,
1963,5,3,,,,,,,,,,0.0,,,,,0.0,0.0,,66.92,57.92,,,,,,,,,,,,,999.0,,,,,,999.0,,,,,,999.0,,,,
1963,5,4,,,,,,,,,,0.0,,,,,0.0,0.0,,,,,,,,,,,,,,,,-999.0,,,,,,-999.0,,,,,,,,,,
1963,5,6,,,,,,,,,,0.0,,,,,0.0,0.0,,69.08,59.0,,,,,,,,,,,,,9999.0,,,,,,9999.0,,,,,,9999.0,,,,
1963,5,7,,,,,,,,,,0.0,,,,,0.0,0.0,,,,,,,,,,,,,,,,-99.0,,,,,,-99.0,,,,,,-99.0,,,,
1963,5,8,,,,,,,,,,,,,,,,,,,,,,,,,,,,,,,,99.0,,,,,,99.0,,,,,,99.0,,,,
1963,5,9,,,,,,,,,,0.0,,,,,0.0,0.0,,73.04,55.94,,,,,,,,,,,,,-9999.0,,,,,,1.0,,,,,,-9999.0,,,,
1963,5,10,,,,,,,,,,0.0,,,,,0.0,0.0,,32.0,32.0,,,,,,,,,,,,,,,,,,,0.0,,,,,,-9.0,,,,
1963,5,11,,,,,,,,,,0.0,,,,,0.0,0.0,,75.02,57.92,,,,,,,,,,,,,1.0,,,,,,1.0,,,,,,999.0,,,,
1963,5,12,,,,,,,,,,0.0,,,,,0.0,0.0,,,,,,,,,,,,,,,,,,,,,,0.0,,,,,,,,,,
1963,5,14,,,,,,,,,,0.0,,,,,0.0,0.0,,73.04,59.0,,,,,,,,,,,,,9999.0,,,,,,9999.0,,,,,,9999.0,,,,
1963,5,15,,,,,,,,,,0.0,,,,,0.0,0.0,,,,,,,,,,,,,,,,-99.0,,,,,,-99.0,,,,,,-99.0,,,,
1963,5,16,,,,,,,,,,,,,,,,,,,,,,,,,,,,,,,,99.0,,,,,,99.0,,,,,,99.0,,,,
1963,5,17,,,,,,,,,,0.0,,,,,0.0,0.0,,68.0,55.94,,,,,,,,,,,,,-9999.0,,,,,,-9999.0,,,,,,-9999.0,,,,
1963,5,18,,,,,,,,,,0.0,,,,,0.0,0.0,,32.0,32.0,,,,,,,,,,,,,-9.0,,,,,,-9.0,,,,,,-9.0,,,,
1963,5,19,,,,,,,,,,0.0,,,,,0.0,0.0,,71.06,51.08,,,,,,,,,,,,,999.0,,,,,,999.0,,,,,,999.0,,,,
1963,5,20,,,,,,,,,,0.0,,,,,0.0,0.0,,,,,,,,,,,,,,,,-999.0,,,,,,-999.0,,,,,,-999.0,,,,
1963,5,21,,,,,,,,,,,,,,,,,,,,,,,,,,,,,,,,,,,,,,9.0,,,,,,,,,,
1963,5,22,,,,,,,,,,0.0,,,,,0.0,0.0,,69.08,55.04,,,,,,,,,,,,,9999.0,,,,,,1.0,,,,,,9999.0,,,,
1963,5,23,,,,,,,,,,0.0,,,,,0.0,0.0,,,,,,,,,,,,,,,,-99.0,,,,,,,,,,,,-99.0,,,,
1963,5,24,,,,,,,,,,,,,,,,,,,,,,,,,,,,,,,,99.0,,,,,,99.0,,,,,,99.0,,,,
1963,5,25,,,,,,,,,,0.0,,,,,0.0,0.0,,68.0,55.94,,,,,,,,,,,,,-9999.0,,,,,,-9999.0,,,,,,-9999.0,,,,
1963,5,26,,,,,,,,,,0.0,,,,,0.0,0.0,,32.0,32.0,,,,,,,,,,,,,-9.0,,,,,,-9.0,,,,,,-9.0,,,,
1963,5,27,,,,,,,,,,0.0,,,,,0.0,0.0,,69.98,59.0,,,,,,,,,,,,,999.0,,,,,,999.0,,,,,,999.0,,,,
1963,5,28,,,,,,,,,,0.0,,,,,0.0,0.0,,,,,,,,,,,,,,,,-999.0,,,,,,-999.0,,,,,,-999.0,,,,
1963,5,30,,,,,,,,,,0.0,,,,,0.0,0.0,,69.08,59.0,,,,,,,,,,,,,9999.0,,,,,,9999.0,,,,,,9999.0,,,,
1963,5,31,,,,,,,,,,0.0,,,,,0.0,0.0,,,,,,,,,,,,,,,,-99.0,,,,,,-99.0,,,,,,-99.0,,,,
1963,6,1,,,,,,,,,,0.0,,,,,0.0,0.0,,69.98,59.0,,,,,,,,,,,,,-9999.0,,,,,,-9999.0,,,,,,1.0,,,,
1963,6,2,,,,,,,,,,,,,,,0.0,0.0,,32.0,32.0,,,,,,,,,,,,,-9.0,,,,,,-9.0,,,,,,,,,,
1963,6,3,,,,,,,,,,,,,,,0.0,0.0,,68.0,60.08,,,,,,,,,,,,,999.0,,,,,,999.0,,,,,,1.0,,,,
1963,6,4,,,,,,,,,,0.0,,,,,0.0,0.0,,,,,,,,,,,,,,,,-999.0,,,,,,,,,,,,,,,,
1963,6,6,,,,,,,,,,0.0,,,,,0.0,0.0,,71.06,60.08,,,,,,,,,,,,,9999.0,,,,,,9999.0,,,,,,9999.0,,,,
1963,6,7,,,,,,,,,,0.0,,,,,0.0,0.0,,,,,,,,,,,,,,,,-99.0,,,,,,-99.0,,,,,,,,,,
1963,6,8,,,,,,,,,,,,,,,,,,,,,,,,,,,,,,,,99.0,,,,,,99.0,,,,,,,,,,
1963,6,9,,,,,,,,,,0.0,,,,,0.0,0.0,,68.0,57.92,,,,,,,,,,,,,-9999.0,,,,,,-9999.0,,,,,,-9999.0,,,,
1963,6,10,,,,,,,,,,0.0,,,,,0.0,0.0,,32.0,32.0,,,,,,,,,,,,,-9.0,,,,,,-9.0,,,,,,,,,,
1963,6,11,,,,,,,,,,3.0,,,,,0.0,0.0,,69.98,53.96,,,,,,,,,,,,,999.0,,,,,,999.0,,,,,,1.0,,,,
1963,6,12,,,,,,,,,,0.0,,,,,0.0,0.0,,,,,,,,,,,,,,,,-999.0,,,,,,-999.0,,,,,,,,,,
1963,6,14,,,,,,,,,,0.0,,,,,0.0,0.0,,66.02,57.92,,,,,,,,,,,,,9999.0,,,,,,9999.0,,,,,,9999.0,,,,
1963,6,15,,,,,,,,,,0.0,,,,,0.0,0.0,,,,,,,,,,,,,,,,-99.0,,,,,,-99.0,,,,,,,,,,
1963,6,16,,,,,,,,,,,,,,,,,,,,,,,,,,,,,,,,99.0,,,,,,99.0,,,,,,,,,,
1963,6,17,,,,,,,,,,66.0,,,,,0.0,0.0,,66.02,57.02,,,,,,,,,,,,,1.0,,,,,,-9999.0,,,,,,1.0,,,,
1963,6,18,,,,,,,,,,0.0,,,,,0.0,0.0,,32.0,32.0,,,,,,,,,,,,,,,,,,,-9.0,,,,,,,,,,
1963,6,19,,,,,,,,,,3.0,,,,,0.0,0.0,,69.98,57.02,,,,,,,,,,,,,999.0,,,,,,999.0,,,,,,1.0,,,,
1963,6,20,,,,,,,,,,0.0,,,,,0.0,0.0,,,,,,,,,,,,,,,,-999.0,,,,,,-999.0,,,,,,,,,,
1963,6,22,,,,,,,,,,0.0,,,,,0.0,0.0,,71.96,57.92,,,,,,,,,,,,,9999.0,,,,,,9999.0,,,,,,9999.0,,,,
1963,6,23,,,,,,,,,,0.0,,,,,0.0,0.0,,,,,,,,,,,,,,,,-99.0,,,,,,,,,,,,-99.0,,,,
1963,6,24,,,,,,,,,,,,,,,,,,,,,,,,,,,,,,,,99.0,,,,,,,,,,,,99.0,,,,
1963,6,25,,,,,,,,,,0.0,,,,,0.0,0.0,,69.98,60.980000000000004,,,,,,,,,,,,,1.0,,,,,,1.0,,,,,,-9999.0,,,,
1963,6,26,,,,,,,,,,0.0,,,,,0.0,0.0,,32.0,32.0,,,,,,,,,,,,,,,,,,,0.0,,,,,,,,,,
1963,6,27,,,,,,,,,,,,,,,0.0,0.0,,69.98,59.0,,,,,,,,,,,,,1.0,,,,,,1.0,,,,,,1.0,,,,
1963,6,28,,,,,,,,,,0.0,,,,,0.0,0.0,,,,,,,,,,,,,,,,,,,,,,0.0,,,,,,,,,,
1963,6,30,,,,,,,,,,0.0,,,,,0.0,0.0,,73.04,62.059999999999995,,,,,,,,,,,,,9999.0,,,,,,9999.0,,,,,,9999.0,,,,
1963,6,31,,,,,,,,,,0.0,,,,,0.0,0.0,,,,,,,,,,,,,,,,-99.0,,,,,,-99.0,,,,,,-99.0,,,,
1963,7,1,,,,,,,,,,0.0,,,,,0.0,0.0,,75.02,60.08,,,,,,,,,,,,,1.0,,,,,,-9999.0,,,,,,,,,,
1963,7,2,,,,,,,,,,0.0,,,,,0.0,0.0,,32.0,32.0,,,,,,,,,,,,,,,,,,,,,,,,,,,,,
1963,7,3,,,,,,,,,,0.0,,,,,0.0,0.0,,77.0,60.08,,,,,,,,,,,,,999.0,,,,,,1.0,,,,,,,,,,
1963,7,4,,,,,,,,,,0.0,,,,,0.0,0.0,,,,,,,,,,,,,,,,-999.0,,,,,,0.0,,,,,,,,,,
1963,7,6,,,,,,,,,,0.0,,,,,0.0,0.0,,71.96,60.980000000000004,,,,,,,,,,,,,9999.0,,,,,,1.0,,,,,,,,,,
1963,7,7,,,,,,,,,,0.0,,,,,0.0,0.0,,,,,,,,,,,,,,,,-99.0,,,,,,,,,,,,,,,,
1963,7,8,,,,,,,,,,,,,,,,,,,,,,,,,,,,,,,,99.0,,,,,,99.0,,,,,,,,,,
1963,7,9,,,,,,,,,,0.0,,,,,0.0,0.0,,69.08,60.980000000000004,,,,,,,,,,,,,-9999.0,,,,,,-9999.0,,,,,,,,,,
1963,7,10,,,,,,,,,,0.0,,,,,0.0,0.0,,32.0,32.0,,,,,,,,,,,,,-9.0,,,,,,-9.0,,,,,,,,,,
1963,7,11,,,,,,,,,,0.0,,,,,0.0,0.0,,71.96,60.08,,,,,,,,,,,,,999.0,,,,,,999.0,,,,,,,,,,
1963,7,12,,,,,,,,,,0.0,,,,,0.0,0.0,,,,,,,,,,,,,,,,-999.0,,,,,,,,,,,,,,,,
1963,7,14,,,,,,,,,,0.0,,,,,0.0,0.0,,71.06,60.08,,,,,,,,,,,,,9999.0,,,,,,1.0,,,,,,,,,,
1963,7,15,,,,,,,,,,0.0,,,,,0.0,0.0,,,,,,,,,,,,,,,,-99.0,,,,,,0.0,,,,,,,,,,
1963,7,16,,,,,,,,,,,,,,,,,,,,,,,,,,,,,,,,99.0,,,,,,,,,,,,,,,,
1963,7,17,,,,,,,,,,0.0,,,,,0.0,0.0,,73.04,60.980000000000004,,,,,,,,,,,,,-9999.0,,,,,,1.0,,,,,,,,,,
1963,7,18,,,,,,,,,,0.0,,,,,0.0,0.0,,32.0,32.0,,,,,,,,,,,,,-9.0,,,,,,0.0,,,,,,,,,,
1963,7,19,,,,,,,,,,0.0,,,,,0.0,0.0,,73.94,60.08,,,,,,,,,,,,,999.0,,,,,,1.0,,,,,,,,,,
1963,7,20,,,,,,,,,,0.0,,,,,0.0,0.0,,,,,,,,,,,,,,,,-999.0,,,,,,0.0,,,,,,,,,,
1963,7,22,,,,,,,,,,0.0,,,,,0.0,0.0,,75.92,62.959999999999994,,,,,,,,,,,,,9999.0,,,,,,1.0,,,,,,,,,,
1963,7,23,,,,,,,,,,0.0,,,,,0.0,0.0,,,,,,,,,,,,,,,,-99.0,,,,,,0.0,,,,,,,,,,
1963,7,24,,,,,,,,,,,,,,,,,,,,,,,,,,,,,,,,99.0,,,,,,,,,,,,,,,,
1963,7,25,,,,,,,,,,0.0,,,,,0.0,0.0,,73.94,60.980000000000004,,,,,,,,,,,,,-9999.0,,,,,,-9999.0,,,,,,,,,,
1963,7,26,,,,,,,,,,0.0,,,,,0.0,0.0,,32.0,32.0,,,,,,,,,,,,,-9.0,,,,,,,,,,,,,,,,
1963,7,27,,,,,,,,,,0.0,,,,,0.0,0.0,,75.92,62.959999999999994,,,,,,,,,,,,,999.0,,,,,,1.0,,,,,,,,,,
1963,7,28,,,,,,,,,,0.0,,,,,0.0,0.0,,,,,,,,,,,,,,,,,,,,,,0.0,,,,,,,,,,
1963,7,30,,,,,,,,,,0.0,,,,,0.0,0.0,,75.02,62.959999999999994,,,,,,,,,,,,,1.0,,,,,,1.0,,,,,,,,,,
1963,7,31,,,,,,,,,,0.0,,,,,0.0,0.0,,,,,,,,,,,,,,,,,,,,,,0.0,,,,,,,,,,
1963,8,1,,,,,,,,,,0.0,,,,,0.0,0.0,,75.92,66.02,,,,,,,,,,,,,-9999.0,,,,,,-9999.0,,,,,,1.0,,,,
1963,8,2,,,,,,,,,,,,,,,0.0,0.0,,32.0,32.0,,,,,,,,,,,,,-9.0,,,,,,-9.0,,,,,,,,,,
1963,8,3,,,,,,,,,,0.0,,,,,0.0,0.0,,77.0,64.94,,,,,,,,,,,,,999.0,,,,,,999.0,,,,,,999.0,,,,
1963,8,4,,,,,,,,,,0.0,,,,,0.0,0.0,,,,,,,,,,,,,,,,-999.0,,,,,,,,,,,,-999.0,,,,
1963,8,6,,,,,,,,,,0.0,,,,,0.0,0.0,,77.0,66.02,,,,,,,,,,,,,9999.0,,,,,,9999.0,,,,,,9999.0,,,,
1963,8,7,,,,,,,,,,0.0,,,,,0.0,0.0,,,,,,,,,,,,,,,,-99.0,,,,,,-99.0,,,,,,-99.0,,,,
1963,8,8,,,,,,,,,,,,,,,,,,,,,,,,,,,,,,,,99.0,,,,,,99.0,,,,,,99.0,,,,
1963,8,9,,,,,,,,,,0.0,,,,,0.0,0.0,,77.0,64.94,,,,,,,,,,,,,-9999.0,,,,,,-9999.0,,,,,,-9999.0,,,,
1963,8,10,,,,,,,,,,0.0,,,,,0.0,0.0,,32.0,32.0,,,,,,,,,,,,,-9.0,,,,,,,,,,,,,,,,
1963,8,11,,,,,,,,,,,,,,,0.0,0.0,,78.98,66.02,,,,,,,,,,,,,999.0,,,,,,1.0,,,,,,1.0,,,,
1963,8,12,,,,,,,,,,0.0,,,,,0.0,0.0,,,,,,,,,,,,,,,,-999.0,,,,,,0.0,,,,,,,,,,
1963,8,14,,,,,,,,,,0.0,,,,,0.0,0.0,,80.96,64.94,,,,,,,,,,,,,9999.0,,,,,,1.0,,,,,,9999.0,,,,
1963,8,15,,,,,,,,,,0.0,,,,,0.0,0.0,,,,,,,,,,,,,,,,-99.0,,,,,,0.0,,,,,,-99.0,,,,
1963,8,16,,,,,,,,,,,,,,,,,,,,,,,,,,,,,,,,99.0,,,,,,,,,,,,99.0,,,,
1963,8,17,,,,,,,,,,0.0,,,,,0.0,0.0,,75.92,66.02,,,,,,,,,,,,,-9999.0,,,,,,-9999.0,,,,,,-9999.0,,,,
1963,8,18,,,,,,,,,,0.0,,,,,0.0,0.0,,32.0,32.0,,,,,,,,,,,,,-9.0,,,,,,,,,,,,-9.0,,,,
1963,8,19,,,,,,,,,,0.0,,,,,0.0,0.0,,77.0,66.02,,,,,,,,,,,,,999.0,,,,,,1.0,,,,,,999.0,,,,
1963,8,20,,,,,,,,,,0.0,,,,,0.0,0.0,,,,,,,,,,,,,,,,-999.0,,,,,,0.0,,,,,,-999.0,,,,
1963,8,21,,,,,,,,,,,,,,,,,,,,,,,,,,,,,,,,9.0,,,,,,,,,,,,,,,,
1963,8,22,,,,,,,,,,0.0,,,,,0.0,0.0,,80.96,64.04,,,,,,,,,,,,,1.0,,,,,,1.0,,,,,,9999.0,,,,
1963,8,23,,,,,,,,,,0.0,,,,,0.0,0.0,,,,,,,,,,,,,,,,,,,,,,,,,,,,-99.0,,,,
1963,8,24,,,,,,,,,,,,,,,,,,,,,,,,,,,,,,,,99.0,,,,,,99.0,,,,,,99.0,,,,
1963,8,25,,,,,,,,,,0.0,,,,,0.0,0.0,,80.96,68.0,,,,,,,,,,,,,-9999.0,,,,,,1.0,,,,,,-9999.0,,,,
1963,8,26,,,,,,,,,,0.0,,,,,0.0,0.0,,32.0,32.0,,,,,,,,,,,,,-9.0,,,,,,,,,,,,-9.0,,,,
1963,8,27,,,,,,,,,,0.0,,,,,0.0,0.0,,78.98,66.92,,,,,,,,,,,,,999.0,,,,,,999.0,,,,,,999.0,,,,
1963,8,28,,,,,,,,,,0.0,,,,,0.0,0.0,,,,,,,,,,,,,,,,-999.0,,,,,,,,,,,,-999.0,,,,
1963,8,30,,,,,,,,,,0.0,,,,,0.0,0.0,,82.04,66.92,,,,,,,,,,,,,9999.0,,,,,,1.0,,,,,,9999.0,,,,
1963,8,31,,,,,,,,,,0.0,,,,,0.0,0.0,,,,,,,,,,,,,,,,-99.0,,,,,,0.0,,,,,,-99.0,,,,
1963,9,1,,,,,,,,,,0.0,,,,,0.0,0.0,,73.94,64.94,,,,,,,,,,,,,-9999.0,,,,,,-9999.0,,,,,,-9999.0,,,,
1963,9,2,,,,,,,,,,0.0,,,,,0.0,0.0,,32.0,32.0,,,,,,,,,,,,,-9.0,,,,,,,,,,,,-9.0,,,,
1963,9,3,,,,,,,,,,0.0,,,,,0.0,0.0,,73.04,64.94,,,,,,,,,,,,,999.0,,,,,,1.0,,,,,,999.0,,,,
1963,9,4,,,,,,,,,,,,,,,0.0,0.0,,,,,,,,,,,,,,,,-999.0,,,,,,,,,,,,,,,,
1963,9,5,,,,,,,,,,,,,,,,,,,,,,,,,,,,,,,,9.0,,,,,,9.0,,,,,,,,,,
1963,9,6,,,,,,,,,,218.0,,,,,0.0,0.0,,80.06,64.94,,,,,,,,,,,,,1.0,,,,,,1.0,,,,,,1.0,,,,
1963,9,7,,,,,,,,,,0.0,,,,,0.0,0.0,,,,,,,,,,,,,,,,,,,,,,0.0,,,,,,,,,,
1963,9,8,,,,,,,,,,,,,,,,,,,,,,,,,,,,,,,,,,,,,,,,,,,,99.0,,,,
1963,9,9,,,,,,,,,,0.0,,,,,0.0,0.0,,78.08,66.02,,,,,,,,,,,,,-9999.0,,,,,,1.0,,,,,,-9999.0,,,,
1963,9,10,,,,,,,,,,0.0,,,,,0.0,0.0,,32.0,32.0,,,,,,,,,,,,,-9.0,,,,,,0.0,,,,,,-9.0,,,,
1963,9,11,,,,,,,,,,0.0,,,,,0.0,0.0,,82.04,64.04,,,,,,,,,,,,,999.0,,,,,,1.0,,,,,,999.0,,,,
1963,9,12,,,,,,,,,,0.0,,,,,0.0,0.0,,,,,,,,,,,,,,,,-999.0,,,,,,,,,,,,-999.0,,,,
1963,9,14,,,,,,,,,,0.0,,,,,0.0,0.0,,80.96,66.02,,,,,,,,,,,,,9999.0,,,,,,9999.0,,,,,,9999.0,,,,
1963,9,15,,,,,,,,,,0.0,,,,,0.0,0.0,,,,,,,,,,,,,,,,-99.0,,,,,,-99.0,,,,,,-99.0,,,,
1963,9,16,,,,,,,,,,,,,,,,,,,,,,,,,,,,,,,,99.0,,,,,,99.0,,,,,,99.0,,,,
1963,9,17,,,,,,,,,,0.0,,,,,0.0,0.0,,89.06,66.92,,,,,,,,,,,,,-9999.0,,,,,,1.0,,,,,,-9999.0,,,,
1963,9,18,,,,,,,,,,0.0,,,,,0.0,0.0,,32.0,32.0,,,,,,,,,,,,,-9.0,,,,,,,,,,,,-9.0,,,,
1963,9,19,,,,,,,,,,0.0,,,,,0.0,0.0,,87.98,69.08,,,,,,,,,,,,,999.0,,,,,,999.0,,,,,,999.0,,,,
1963,9,20,,,,,,,,,,0.0,,,,,0.0,0.0,,,,,,,,,,,,,,,,-999.0,,,,,,-999.0,,,,,,-999.0,,,,
1963,9,22,,,,,,,,,,0.0,,,,,0.0,0.0,,75.02,66.02,,,,,,,,,,,,,9999.0,,,,,,9999.0,,,,,,9999.0,,,,
1963,9,23,,,,,,,,,,0.0,,,,,0.0,0.0,,,,,,,,,,,,,,,,-99.0,,,,,,-99.0,,,,,,-99.0,,,,
1963,9,24,,,,,,,,,,,,,,,,,,,,,,,,,,,,,,,,99.0,,,,,,99.0,,,,,,99.0,,,,
1963,9,25,,,,,,,,,,0.0,,,,,0.0,0.0,,78.08,66.02,,,,,,,,,,,,,-9999.0,,,,,,-9999.0,,,,,,-9999.0,,,,
1963,9,26,,,,,,,,,,0.0,,,,,0.0,0.0,,32.0,32.0,,,,,,,,,,,,,-9.0,,,,,,-9.0,,,,,,,,,,
1963,9,27,,,,,,,,,,122.0,,,,,0.0,0.0,,73.04,64.94,,,,,,,,,,,,,999.0,,,,,,999.0,,,,,,1.0,,,,
1963,9,28,,,,,,,,,,,,,,,0.0,0.0,,,,,,,,,,,,,,,,,,,,,,,,,,,,,,,,
1963,9,30,,,,,,,,,,28.0,,,,,0.0,0.0,,75.92,62.959999999999994,,,,,,,,,,,,,9999.0,,,,,,9999.0,,,,,,1.0,,,,
1963,9,31,,,,,,,,,,0.0,,,,,0.0,0.0,,,,,,,,,,,,,,,,-99.0,,,,,,-99.0,,,,,,,,,,
1963,10,1,,,,,,,,,,0.0,,,,,0.0,0.0,,77.0,68.0,,,,,,,,,,,,,-9999.0,,,,,,1.0,,,,,,-9999.0,,,,
1963,10,2,,,,,,,,,,0.0,,,,,0.0,0.0,,32.0,32.0,,,,,,,,,,,,,-9.0,,,,,,,,,,,,-9.0,,,,
1963,10,3,,,,,,,,,,0.0,,,,,0.0,0.0,,75.02,68.0,,,,,,,,,,,,,999.0,,,,,,1.0,,,,,,999.0,,,,
1963,10,4,,,,,,,,,,0.0,,,,,0.0,0.0,,,,,,,,,,,,,,,,-999.0,,,,,,,,,,,,,,,,
1963,10,6,,,,,,,,,,0.0,,,,,0.0,0.0,,75.02,66.02,,,,,,,,,,,,,9999.0,,,,,,9999.0,,,,,,9999.0,,,,
1963,10,7,,,,,,,,,,0.0,,,,,0.0,0.0,,,,,,,,,,,,,,,,-99.0,,,,,,-99.0,,,,,,-99.0,,,,
1963,10,8,,,,,,,,,,,,,,,,,,,,,,,,,,,,,,,,99.0,,,,,,99.0,,,,,,99.0,,,,
1963,10,9,,,,,,,,,,0.0,,,,,0.0,0.0,,78.98,62.059999999999995,,,,,,,,,,,,,-9999.0,,,,,,-9999.0,,,,,,-9999.0,,,,
1963,10,10,,,,,,,,,,0.0,,,,,0.0,0.0,,32.0,32.0,,,,,,,,,,,,,-9.0,,,,,,-9.0,,,,,,-9.0,,,,
1963,10,11,,,,,,,,,,0.0,,,,,0.0,0.0,,80.06,62.059999999999995,,,,,,,,,,,,,999.0,,,,,,999.0,,,,,,999.0,,,,
1963,10,12,,,,,,,,,,0.0,,,,,0.0,0.0,,,,,,,,,,,,,,,,-999.0,,,,,,-999.0,,,,,,-999.0,,,,
1963,10,14,,,,,,,,,,0.0,,,,,0.0,0.0,,77.0,62.059999999999995,,,,,,,,,,,,,9999.0,,,,,,9999.0,,,,,,9999.0,,,,
1963,10,15,,,,,,,,,,0.0,,,,,0.0,0.0,,,,,,,,,,,,,,,,-99.0,,,,,,-99.0,,,,,,-99.0,,,,
1963,10,16,,,,,,,,,,,,,,,,,,,,,,,,,,,,,,,,99.0,,,,,,99.0,,,,,,99.0,,,,
1963,10,17,,,,,,,,,,0.0,,,,,0.0,0.0,,77.0,60.980000000000004,,,,,,,,,,,,,-9999.0,,,,,,-9999.0,,,,,,-9999.0,,,,
1963,10,18,,,,,,,,,,0.0,,,,,0.0,0.0,,32.0,32.0,,,,,,,,,,,,,-9.0,,,,,,-9.0,,,,,,-9.0,,,,
1963,10,19,,,,,,,,,,0.0,,,,,0.0,0.0,,73.94,57.92,,,,,,,,,,,,,999.0,,,,,,999.0,,,,,,999.0,,,,
1963,10,20,,,,,,,,,,0.0,,,,,0.0,0.0,,,,,,,,,,,,,,,,-999.0,,,,,,-999.0,,,,,,-999.0,,,,
1963,10,21,,,,,,,,,,,,,,,,,,,,,,,,,,,,,,,,,,,,,,9.0,,,,,,,,,,
1963,10,22,,,,,,,,,,0.0,,,,,0.0,0.0,,75.02,60.980000000000004,,,,,,,,,,,,,9999.0,,,,,,1.0,,,,,,9999.0,,,,
1963,10,23,,,,,,,,,,0.0,,,,,0.0,0.0,,,,,,,,,,,,,,,,-99.0,,,,,,,,,,,,-99.0,,,,
1963,10,24,,,,,,,,,,,,,,,,,,,,,,,,,,,,,,,,99.0,,,,,,99.0,,,,,,99.0,,,,
1963,10,25,,,,,,,,,,30.0,,,,,0.0,0.0,,66.92,55.94,,,,,,,,,,,,,1.0,,,,,,-9999.0,,,,,,1.0,,,,
1963,10,26,,,,,,,,,,0.0,,,,,0.0,0.0,,32.0,32.0,,,,,,,,,,,,,,,,,,,-9.0,,,,,,,,,,
1963,10,27,,,,,,,,,,,,,,,0.0,0.0,,73.04,53.06,,,,,,,,,,,,,999.0,,,,,,999.0,,,,,,1.0,,,,
1963,10,28,,,,,,,,,,0.0,,,,,0.0,0.0,,,,,,,,,,,,,,,,-999.0,,,,,,-999.0,,,,,,,,,,
1963,10,30,,,,,,,,,,3.0,,,,,0.0,0.0,,73.04,64.04,,,,,,,,,,,,,9999.0,,,,,,9999.0,,,,,,1.0,,,,
1963,10,31,,,,,,,,,,0.0,,,,,0.0,0.0,,,,,,,,,,,,,,,,-99.0,,,,,,-99.0,,,,,,,,,,
1963,11,1,,,,,,,,,,3.0,,,,,0.0,0.0,,73.04,60.08,,,,,,,,,,,,,-9999.0,,,,,,1.0,,,,,,1.0,,,,
1963,11,2,,,,,,,,,,0.0,,,,,0.0,0.0,,32.0,32.0,,,,,,,,,,,,,-9.0,,,,,,,,,,,,,,,,
1963,11,3,,,,,,,,,,0.0,,,,,0.0,0.0,,71.06,60.08,,,,,,,,,,,,,999.0,,,,,,1.0,,,,,,999.0,,,,
1963,11,4,,,,,,,,,,0.0,,,,,0.0,0.0,,,,,,,,,,,,,,,,-999.0,,,,,,,,,,,,-999.0,,,,
1963,11,5,,,,,,,,,,,,,,,,,,,,,,,,,,,,,,,,,,,,,,,,,,,,9.0,,,,
1963,11,6,,,,,,,,,,,,,,,0.0,0.0,,73.04,59.0,,,,,,,,,,,,,9999.0,,,,,,9999.0,,,,,,1.0,,,,
1963,11,7,,,,,,,,,,0.0,,,,,0.0,0.0,,,,,,,,,,,,,,,,-99.0,,,,,,-99.0,,,,,,,,,,
1963,11,8,,,,,,,,,,,,,,,,,,,,,,,,,,,,,,,,99.0,,,,,,99.0,,,,,,99.0,,,,
1963,11,9,,,,,,,,,,28.0,,,,,0.0,0.0,,69.98,55.04,,,,,,,,,,,,,-9999.0,,,,,,-9999.0,,,,,,1.0,,,,
1963,11,10,,,,,,,,,,0.0,,,,,0.0,0.0,,32.0,32.0,,,,,,,,,,,,,-9.0,,,,,,-9.0,,,,,,,,,,
1963,11,11,,,,,,,,,,25.0,,,,,0.0,0.0,,66.92,51.98,,,,,,,,,,,,,999.0,,,,,,999.0,,,,,,1.0,,,,
1963,11,12,,,,,,,,,,0.0,,,,,0.0,0.0,,,,,,,,,,,,,,,,-999.0,,,,,,-999.0,,,,,,,,,,
1963,11,13,,,,,,,,,,,,,,,,,,,,,,,,,,,,,,,,,,,,,,9.0,,,,,,,,,,
1963,11,14,,,,,,,,,,0.0,,,,,0.0,0.0,,71.96,50.0,,,,,,,,,,,,,9999.0,,,,,,1.0,,,,,,9999.0,,,,
1963,11,15,,,,,,,,,,0.0,,,,,0.0,0.0,,,,,,,,,,,,,,,,,,,,,,,,,,,,-99.0,,,,
1963,11,16,,,,,,,,,,,,,,,,,,,,,,,,,,,,,,,,,,,,,,,,,,,,99.0,,,,
1963,11,17,,,,,,,,,,0.0,,,,,0.0,0.0,,73.04,53.96,,,,,,,,,,,,,1.0,,,,,,1.0,,,,,,-9999.0,,,,
1963,11,18,,,,,,,,,,0.0,,,,,0.0,0.0,,32.0,32.0,,,,,,,,,,,,,,,,,,,,,,,,,-9.0,,,,
1963,11,19,,,,,,,,,,0.0,,,,,0.0,0.0,,68.0,53.06,,,,,,,,,,,,,1.0,,,,,,1.0,,,,,,999.0,,,,
1963,11,20,,,,,,,,,,0.0,,,,,0.0,0.0,,,,,,,,,,,,,,,,,,,,,,,,,,,,-999.0,,,,
1963,11,22,,,,,,,,,,0.0,,,,,0.0,0.0,,69.08,53.06,,,,,,,,,,,,,1.0,,,,,,1.0,,,,,,9999.0,,,,
1963,11,23,,,,,,,,,,0.0,,,,,0.0,0.0,,,,,,,,,,,,,,,,,,,,,,,,,,,,,,,,
1963,11,25,,,,,,,,,,0.0,,,,,0.0,0.0,,68.0,51.98,,,,,,,,,,,,,-9999.0,,,,,,-9999.0,,,,,,-9999.0,,,,
1963,11,26,,,,,,,,,,0.0,,,,,0.0,0.0,,32.0,32.0,,,,,,,,,,,,,-9.0,,,,,,-9.0,,,,,,-9.0,,,,
1963,11,27,,,,,,,,,,0.0,,,,,0.0,0.0,,69.08,46.04,,,,,,,,,,,,,999.0,,,,,,999.0,,,,,,999.0,,,,
1963,11,28,,,,,,,,,,0.0,,,,,0.0,0.0,,,,,,,,,,,,,,,,-999.0,,,,,,-999.0,,,,,,-999.0,,,,
1963,11,30,,,,,,,,,,0.0,,,,,0.0,0.0,,66.92,44.96,,,,,,,,,,,,,9999.0,,,,,,9999.0,,,,,,9999.0,,,,
1963,11,31,,,,,,,,,,,,,,,0.0,0.0,,,,,,,,,,,,,,,,,,,,,,-99.0,,,,,,,,,,
1963,12,1,,,,,,,,,,0.0,,,,,0.0,0.0,,73.04,48.02,,,,,,,,,,,,,1.0,,,,,,-9999.0,,,,,,-9999.0,,,,
1963,12,2,,,,,,,,,,0.0,,,,,0.0,0.0,,32.0,32.0,,,,,,,,,,,,,,,,,,,,,,,,,-9.0,,,,
1963,12,3,,,,,,,,,,0.0,,,,,0.0,0.0,,75.02,48.92,,,,,,,,,,,,,999.0,,,,,,1.0,,,,,,999.0,,,,
1963,12,4,,,,,,,,,,0.0,,,,,0.0,0.0,,,,,,,,,,,,,,,,-999.0,,,,,,,,,,,,-999.0,,,,
1963,12,6,,,,,,,,,,0.0,,,,,0.0,0.0,,71.96,46.94,,,,,,,,,,,,,9999.0,,,,,,9999.0,,,,,,9999.0,,,,
1963,12,7,,,,,,,,,,0.0,,,,,0.0,0.0,,,32.0,,,,,,,,,,,,,-99.0,,,,,,,,,,,,-99.0,,,,
1963,12,8,,,,,,,,,,,,,,,,,,,,,,,,,,,,,,,,99.0,,,,,,,,,,,,99.0,,,,
1963,12,9,,,,,,,,,,0.0,,,,,0.0,0.0,,71.06,46.04,,,,,,,,,,,,,1.0,,,,,,1.0,,,,,,-9999.0,,,,
1963,12,10,,,,,,,,,,0.0,,,,,0.0,0.0,,32.0,32.0,,,,,,,,,,,,,,,,,,,,,,,,,-9.0,,,,
1963,12,11,,,,,,,,,,0.0,,,,,0.0,0.0,,78.98,44.96,,,,,,,,,,,,,1.0,,,,,,1.0,,,,,,999.0,,,,
1963,12,12,,,,,,,,,,0.0,,,,,0.0,0.0,,,,,,,,,,,,,,,,,,,,,,,,,,,,-999.0,,,,
1963,12,13,,,,,,,,,,,,,,,,,,,,,,,,,,,,,,,,,,,,,,9.0,,,,,,9.0,,,,
1963,12,14,,,,,,,,,,23.0,,,,,0.0,0.0,,64.94,53.96,,,,,,,,,,,,,9999.0,,,,,,1.0,,,,,,1.0,,,,
1963,12,15,,,,,,,,,,0.0,,,,,0.0,0.0,,,32.0,,,,,,,,,,,,,-99.0,,,,,,,,,,,,,,,,
1963,12,16,,,,,,,,,,,,,,,,,,,,,,,,,,,,,,,,99.0,,,,,,,,,,,,,,,,
1963,12,17,,,,,,,,,,0.0,,,,,0.0,0.0,,64.94,44.96,,,,,,,,,,,,,-9999.0,,,,,,-9999.0,,,,,,1.0,,,,
1963,12,18,,,,,,,,,,,,,,,0.0,0.0,,32.0,32.0,,,,,,,,,,,,,-9.0,,,,,,-9.0,,,,,,,,,,
1963,12,19,,,,,,,,,,0.0,,,,,0.0,0.0,,62.059999999999995,42.980000000000004,,,,,,,,,,,,,999.0,,,,,,999.0,,,,,,999.0,,,,
1963,12,20,,,,,,,,,,0.0,,,,,0.0,0.0,,,,,,,,,,,,,,,,-999.0,,,,,,-999.0,,,,,,-999.0,,,,
1963,12,21,,,,,,,,,,,,,,,,,,,,,,,,,,,,,,,,,,,,,,9.0,,,,,,,,,,
1963,12,22,,,,,,,,,,0.0,,,,,0.0,0.0,,66.02,41.0,,,,,,,,,,,,,9999.0,,,,,,1.0,,,,,,9999.0,,,,
1963,12,23,,,,,,,,,,0.0,,,,,0.0,0.0,,,32.0,,,,,,,,,,,,,-99.0,,,,,,,,,,,,-99.0,,,,
1963,12,24,,,,,,,,,,,,,,,,,,,,,,,,,,,,,,,,99.0,,,,,,,,,,,,99.0,,,,
1963,12,25,,,,,,,,,,0.0,,,,,0.0,0.0,,69.98,44.06,,,,,,,,,,,,,-9999.0,,,,,,1.0,,,,,,-9999.0,,,,
1963,12,26,,,,,,,,,,0.0,,,,,0.0,0.0,,32.0,32.0,,,,,,,,,,,,,,,,,,,,,,,,,-9.0,,,,
1963,12,27,,,,,,,,,,0.0,,,,,0.0,0.0,,73.94,44.06,,,,,,,,,,,,,1.0,,,,,,1.0,,,,,,999.0,,,,
1963,12,28,,,,,,,,,,0.0,,,,,0.0,0.0,,,,,,,,,,,,,,,,,,,,,,,,,,,,-999.0,,,,
1963,12,30,,,,,,,,,,0.0,,,,,0.0,0.0,,64.94,48.92,,,,,,,,,,,,,1.0,,,,,,1.0,,,,,,9999.0,,,,
1963,12,31,,,,,,,,,,0.0,,,,,0.0,0.0,,,32.0,,,,,,,,,,,,,,,,,,,,,,,,,-99.0,,,,
1964,1,1,,,,,,,,,,0.0,,,,,0.0,0.0,,75.92,48.92,,,,,,,,,,,,,-9999.0,,-9999.0,,,,1.0,,,,,,-9999.0,,,,
1964,1,2,,,,,,,,,,0.0,,,,,0.0,0.0,,32.0,32.0,,,,,,,,,,,,,-9.0,,-9.0,,,,,,,,,,-9.0,,,,
1964,1,3,,,,,,,,,,0.0,,,,,0.0,0.0,,64.94,50.0,,,,,,,,,,,,,999.0,,999.0,,,,1.0,,,,,,999.0,,,,
1964,1,4,,,,,,,,,,0.0,,,,,0.0,0.0,,,,,,,,,,,,,,,,-999.0,,-999.0,,,,,,,,,,-999.0,,,,
1964,1,6,,,,,,,,,,0.0,,,,,0.0,0.0,,69.08,41.0,,,,,,,,,,,,,9999.0,,9999.0,,,,9999.0,,,,,,9999.0,,,,
1964,1,7,,,,,,,,,,0.0,,,,,0.0,0.0,,,32.0,,,,,,,,,,,,,-99.0,,-99.0,,,,-99.0,,,,,,-99.0,,,,
1964,1,8,,,,,,,,,,,,,,,,,,,,,,,,,,,,,,,,99.0,,99.0,,,,99.0,,,,,,99.0,,,,
1964,1,9,,,,,,,,,,0.0,,,,,0.0,0.0,,68.0,42.980000000000004,,,,,,,,,,,,,-9999.0,,-9999.0,,,,-9999.0,,,,,,-9999.0,,,,
1964,1,10,,,,,,,,,,0.0,,,,,0.0,0.0,,32.0,32.0,,,,,,,,,,,,,-9.0,,-9.0,,,,-9.0,,,,,,-9.0,,,,
1964,1,11,,,,,,,,,,0.0,,,,,0.0,0.0,,66.92,48.02,,,,,,,,,,,,,999.0,,999.0,,,,999.0,,,,,,999.0,,,,
1964,1,12,,,,,,,,,,0.0,,,,,0.0,0.0,,,,,,,,,,,,,,,,-999.0,,-999.0,,,,-999.0,,,,,,-999.0,,,,
1964,1,14,,,,,,,,,,0.0,,,,,0.0,0.0,,66.02,42.08,,,,,,,,,,,,,9999.0,,9999.0,,,,9999.0,,,,,,9999.0,,,,
1964,1,15,,,,,,,,,,0.0,,,,,0.0,0.0,,,32.0,,,,,,,,,,,,,-99.0,,-99.0,,,,-99.0,,,,,,-99.0,,,,
1964,1,16,,,,,,,,,,,,,,,,,,,,,,,,,,,,,,,,99.0,,99.0,,,,99.0,,,,,,99.0,,,,
1964,1,17,,,,,,,,,,0.0,,,,,0.0,0.0,,64.94,42.980000000000004,,,,,,,,,,,,,-9999.0,,-9999.0,,,,-9999.0,,,,,,-9999.0,,,,
1964,1,18,,,,,,,,,,0.0,,,,,0.0,0.0,,32.0,32.0,,,,,,,,,,,,,-9.0,,-9.0,,,,-9.0,,,,,,-9.0,,,,
1964,1,19,,,,,,,,,,0.0,,,,,0.0,0.0,,66.92,41.0,,,,,,,,,,,,,999.0,,999.0,,,,999.0,,,,,,999.0,,,,
1964,1,20,,,,,,,,,,0.0,,,,,0.0,0.0,,,,,,,,,,,,,,,,-999.0,,-999.0,,,,-999.0,,,,,,-999.0,,,,
1964,1,21,,,,,,,,,,,,,,,,,,,,,,,,,,,,,,,,,,9.0,,,,,,,,,,9.0,,,,
1964,1,22,,,,,,,,,,20.0,,,,,0.0,0.0,,60.980000000000004,42.980000000000004,,,,,,,,,,,,,9999.0,,1.0,,,,9999.0,,,,,,1.0,,,,
1964,1,23,,,,,,,,,,0.0,,,,,0.0,0.0,,,32.0,,,,,,,,,,,,,-99.0,,,,,,-99.0,,,,,,,,,,
1964,1,24,,,,,,,,,,,,,,,,,,,,,,,,,,,,,,,,99.0,,99.0,,,,99.0,,,,,,99.0,,,,
1964,1,25,,,,,,,,,,0.0,,,,,0.0,0.0,,66.92,41.0,,,,,,,,,,,,,-9999.0,,-9999.0,,,,-9999.0,,,,,,-9999.0,,,,
1964,1,26,,,,,,,,,,0.0,,,,,0.0,0.0,,32.0,32.0,,,,,,,,,,,,,-9.0,,-9.0,,,,-9.0,,,,,,,,,,
1964,1,27,,,,,,,,,,,,,,,0.0,0.0,,62.959999999999994,44.96,,,,,,,,,,,,,999.0,,999.0,,,,999.0,,,,,,1.0,,,,
1964,1,28,,,,,,,,,,,,,,,0.0,0.0,,,,,,,,,,,,,,,,-999.0,,-999.0,,,,-999.0,,,,,,,,,,
1964,1,30,,,,,,,,,,,,,,,0.0,0.0,,62.059999999999995,51.08,,,,,,,,,,,,,9999.0,,9999.0,,,,9999.0,,,,,,1.0,,,,
1964,1,31,,,,,,,,,,0.0,,,,,0.0,0.0,,,32.0,,,,,,,,,,,,,-99.0,,-99.0,,,,-99.0,,,,,,,,,,
1964,2,1,,,,,,,,,,0.0,,,,,0.0,0.0,,69.98,46.04,,,,,,,,,,,,,,,,,,,1.0,,,,,,-9999.0,,,,
1964,2,2,,,,,,,,,,0.0,,,,,0.0,0.0,,32.0,32.0,,,,,,,,,,,,,,,,,,,,,,,,,-9.0,,,,
1964,2,3,,,,,,,,,,0.0,,,,,0.0,0.0,,69.08,46.04,,,,,,,,,,,,,,,,,,,1.0,,,,,,999.0,,,,
1964,2,4,,,,,,,,,,0.0,,,,,0.0,0.0,,,,,,,,,,,,,,,,,,,,,,,,,,,,-999.0,,,,
1964,2,6,,,,,,,,,,0.0,,,,,0.0,0.0,,66.92,44.06,,,,,,,,,,,,,,,,,,,9999.0,,,,,,9999.0,,,,
1964,2,7,,,,,,,,,,0.0,,,,,0.0,0.0,,,32.0,,,,,,,,,,,,,,,,,,,-99.0,,,,,,-99.0,,,,
1964,2,8,,,,,,,,,,,,,,,,,,,,,,,,,,,,,,,,,,,,,,99.0,,,,,,99.0,,,,
1964,2,9,,,,,,,,,,0.0,,,,,0.0,0.0,,73.04,46.04,,,,,,,,,,,,,,,,,,,1.0,,,,,,-9999.0,,,,
1964,2,10,,,,,,,,,,0.0,,,,,0.0,0.0,,32.0,32.0,,,,,,,,,,,,,,,,,,,,,,,,,-9.0,,,,
1964,2,11,,,,,,,,,,0.0,,,,,0.0,0.0,,68.0,42.980000000000004,,,,,,,,,,,,,,,,,,,999.0,,,,,,999.0,,,,
1964,2,12,,,,,,,,,,0.0,,,,,0.0,0.0,,,,,,,,,,,,,,,,,,,,,,-999.0,,,,,,-999.0,,,,
1964,2,14,,,,,,,,,,0.0,,,,,0.0,0.0,,75.02,44.96,,,,,,,,,,,,,,,,,,,9999.0,,,,,,9999.0,,,,
1964,2,15,,,,,,,,,,0.0,,,,,0.0,0.0,,,32.0,,,,,,,,,,,,,,,,,,,-99.0,,,,,,-99.0,,,,
1964,2,16,,,,,,,,,,,,,,,,,,,,,,,,,,,,,,,,,,,,,,99.0,,,,,,99.0,,,,
1964,2,17,,,,,,,,,,0.0,,,,,0.0,0.0,,62.959999999999994,51.98,,,,,,,,,,,,,,,,,,,-9999.0,,,,,,1.0,,,,
1964,2,18,,,,,,,,,,,,,,,0.0,0.0,,32.0,32.0,,,,,,,,,,,,,,,,,,,-9.0,,,,,,,,,,
1964,2,19,,,,,,,,,,0.0,,,,,0.0,0.0,,66.92,44.96,,,,,,,,,,,,,,,,,,,999.0,,,,,,999.0,,,,
1964,2,20,,,,,,,,,,0.0,,,,,0.0,0.0,,,,,,,,,,,,,,,,,,,,,,-999.0,,,,,,-999.0,,,,
1964,2,22,,,,,,,,,,0.0,,,,,0.0,0.0,,64.04,44.06,,,,,,,,,,,,,,,,,,,9999.0,,,,,,9999.0,,,,
1964,2,23,,,,,,,,,,0.0,,,,,0.0,0.0,,,32.0,,,,,,,,,,,,,,,,,,,-99.0,,,,,,,,,,
1964,2,24,,,,,,,,,,,,,,,,,,,,,,,,,,,,,,,,,,,,,,99.0,,,,,,,,,,
1964,2,25,,,,,,,,,,5.0,,,,,0.0,0.0,,64.04,48.02,,,,,,,,,,,,,,,,,,,-9999.0,,,,,,1.0,,,,
1964,2,26,,,,,,,,,,0.0,,,,,0.0,0.0,,32.0,32.0,,,,,,,,,,,,,,,,,,,-9.0,,,,,,,,,,
1964,2,27,,,,,,,,,,0.0,,,,,0.0,0.0,,66.92,44.06,,,,,,,,,,,,,,,,,,,999.0,,,,,,999.0,,,,
1964,2,28,,,,,,,,,,0.0,,,,,0.0,0.0,,,,,,,,,,,,,,,,,,,,,,,,,,,,-999.0,,,,
1964,2,30,,,,,,,,,,0.0,,,,,0.0,0.0,,77.0,46.94,,,,,,,,,,,,,,,,,,,1.0,,,,,,9999.0,,,,
1964,2,31,,,,,,,,,,0.0,,,,,0.0,0.0,,,32.0,,,,,,,,,,,,,,,,,,,,,,,,,-99.0,,,,
1964,3,1,,,,,,,,,,0.0,,,,,0.0,0.0,,62.059999999999995,44.06,,,,,,,,,,,,,-9999.0,,-9999.0,,,,-9999.0,,,,,,-9999.0,,,,
1964,3,2,,,,,,,,,,0.0,,,,,0.0,0.0,,32.0,32.0,,,,,,,,,,,,,-9.0,,-9.0,,,,-9.0,,,,,,,,,,
1964,3,3,,,,,,,,,,36.0,,,,,0.0,0.0,,60.08,51.98,,,,,,,,,,,,,999.0,,999.0,,,,999.0,,,,,,1.0,,,,
1964,3,4,,,,,,,,,,0.0,,,,,0.0,0.0,,,,,,,,,,,,,,,,-999.0,,-999.0,,,,-999.0,,,,,,,,,,
1964,3,6,,,,,,,,,,0.0,,,,,0.0,0.0,,64.94,44.06,,,,,,,,,,,,,9999.0,,9999.0,,,,9999.0,,,,,,9999.0,,,,
1964,3,7,,,,,,,,,,0.0,,,,,0.0,0.0,,,32.0,,,,,,,,,,,,,-99.0,,-99.0,,,,-99.0,,,,,,-99.0,,,,
1964,3,8,,,,,,,,,,,,,,,,,,,,,,,,,,,,,,,,99.0,,99.0,,,,99.0,,,,,,99.0,,,,
1964,3,9,,,,,,,,,,0.0,,,,,0.0,0.0,,62.959999999999994,53.96,,,,,,,,,,,,,-9999.0,,-9999.0,,,,-9999.0,,,,,,1.0,,,,
1964,3,10,,,,,,,,,,,,,,,0.0,0.0,,32.0,32.0,,,,,,,,,,,,,-9.0,,,,,,-9.0,,,,,,,,,,
1964,3,11,,,,,,,,,,0.0,,,,,0.0,0.0,,60.980000000000004,46.94,,,,,,,,,,,,,999.0,,1.0,,,,999.0,,,,,,999.0,,,,
1964,3,12,,,,,,,,,,0.0,,,,,0.0,0.0,,,,,,,,,,,,,,,,-999.0,,,,,,-999.0,,,,,,-999.0,,,,
1964,3,14,,,,,,,,,,0.0,,,,,0.0,0.0,,62.959999999999994,42.980000000000004,,,,,,,,,,,,,9999.0,,9999.0,,,,9999.0,,,,,,9999.0,,,,
1964,3,15,,,,,,,,,,0.0,,,,,0.0,0.0,,,,,,,,,,,,,,,,-99.0,,-99.0,,,,-99.0,,,,,,,,,,
1964,3,16,,,,,,,,,,,,,,,,,,,,,,,,,,,,,,,,99.0,,99.0,,,,99.0,,,,,,,,,,
1964,3,17,,,,,,,,,,0.0,,,,,0.0,0.0,,64.94,48.92,,,,,,,,,,,,,-9999.0,,-9999.0,,,,-9999.0,,,,,,-9999.0,,,,
1964,3,18,,,,,,,,,,0.0,,,,,0.0,0.0,,32.0,32.0,,,,,,,,,,,,,-9.0,,-9.0,,,,-9.0,,,,,,,,,,
1964,3,19,,,,,,,,,,25.0,,,,,0.0,0.0,,62.959999999999994,53.06,,,,,,,,,,,,,999.0,,999.0,,,,999.0,,,,,,1.0,,,,
1964,3,20,,,,,,,,,,0.0,,,,,0.0,0.0,,,,,,,,,,,,,,,,-999.0,,-999.0,,,,-999.0,,,,,,,,,,
1964,3,22,,,,,,,,,,0.0,,,,,0.0,0.0,,73.04,46.94,,,,,,,,,,,,,9999.0,,9999.0,,,,9999.0,,,,,,9999.0,,,,
1964,3,23,,,,,,,,,,0.0,,,,,0.0,0.0,,,32.0,,,,,,,,,,,,,-99.0,,-99.0,,,,-99.0,,,,,,-99.0,,,,
1964,3,24,,,,,,,,,,,,,,,,,,,,,,,,,,,,,,,,99.0,,99.0,,,,99.0,,,,,,99.0,,,,
1964,3,25,,,,,,,,,,0.0,,,,,0.0,0.0,,78.98,50.0,,,,,,,,,,,,,-9999.0,,-9999.0,,,,-9999.0,,,,,,-9999.0,,,,
1964,3,26,,,,,,,,,,0.0,,,,,0.0,0.0,,32.0,32.0,,,,,,,,,,,,,-9.0,,-9.0,,,,-9.0,,,,,,-9.0,,,,
1964,3,27,,,,,,,,,,0.0,,,,,0.0,0.0,,84.91999999999999,55.94,,,,,,,,,,,,,999.0,,999.0,,,,999.0,,,,,,999.0,,,,
1964,3,28,,,,,,,,,,0.0,,,,,0.0,0.0,,,,,,,,,,,,,,,,-999.0,,-999.0,,,,-999.0,,,,,,-999.0,,,,
1964,3,30,,,,,,,,,,0.0,,,,,0.0,0.0,,66.02,57.02,,,,,,,,,,,,,9999.0,,9999.0,,,,9999.0,,,,,,9999.0,,,,
1964,3,31,,,,,,,,,,0.0,,,,,0.0,0.0,,,,,,,,,,,,,,,,-99.0,,-99.0,,,,,,,,,,-99.0,,,,
1964,4,1,,,,,,,,,,13.0,,,,,0.0,0.0,,64.94,53.06,,,,,,,,,,,,,-9999.0,,,,,,-9999.0,,,,,,1.0,,,,
1964,4,2,,,,,,,,,,0.0,,,,,0.0,0.0,,32.0,32.0,,,,,,,,,,,,,-9.0,,,,,,-9.0,,,,,,,,,,
1964,4,3,,,,,,,,,,0.0,,,,,0.0,0.0,,62.059999999999995,51.08,,,,,,,,,,,,,999.0,,,,,,999.0,,,,,,999.0,,,,
1964,4,4,,,,,,,,,,0.0,,,,,0.0,0.0,,,,,,,,,,,,,,,,-999.0,,,,,,-999.0,,,,,,-999.0,,,,
1964,4,6,,,,,,,,,,0.0,,,,,0.0,0.0,,62.959999999999994,51.08,,,,,,,,,,,,,9999.0,,,,,,9999.0,,,,,,9999.0,,,,
1964,4,7,,,,,,,,,,0.0,,,,,0.0,0.0,,,,,,,,,,,,,,,,-99.0,,,,,,-99.0,,,,,,,,,,
1964,4,8,,,,,,,,,,,,,,,,,,,,,,,,,,,,,,,,99.0,,,,,,99.0,,,,,,,,,,
1964,4,9,,,,,,,,,,0.0,,,,,0.0,0.0,,62.959999999999994,51.98,,,,,,,,,,,,,-9999.0,,,,,,-9999.0,,,,,,-9999.0,,,,
1964,4,10,,,,,,,,,,0.0,,,,,0.0,0.0,,32.0,32.0,,,,,,,,,,,,,-9.0,,,,,,-9.0,,,,,,-9.0,,,,
1964,4,11,,,,,,,,,,0.0,,,,,0.0,0.0,,71.06,46.94,,,,,,,,,,,,,999.0,,,,,,999.0,,,,,,999.0,,,,
1964,4,12,,,,,,,,,,0.0,,,,,0.0,0.0,,,,,,,,,,,,,,,,-999.0,,,,,,-999.0,,,,,,-999.0,,,,
1964,4,14,,,,,,,,,,0.0,,,,,0.0,0.0,,73.04,53.06,,,,,,,,,,,,,9999.0,,,,,,9999.0,,,,,,9999.0,,,,
1964,4,15,,,,,,,,,,0.0,,,,,0.0,0.0,,,,,,,,,,,,,,,,,,,,,,,,,,,,-99.0,,,,
1964,4,16,,,,,,,,,,,,,,,,,,,,,,,,,,,,,,,,,,,,,,,,,,,,99.0,,,,
1964,4,17,,,,,,,,,,0.0,,,,,0.0,0.0,,64.04,55.94,,,,,,,,,,,,,-9999.0,,,,,,-9999.0,,,,,,-9999.0,,,,
1964,4,18,,,,,,,,,,0.0,,,,,0.0,0.0,,32.0,32.0,,,,,,,,,,,,,-9.0,,,,,,-9.0,,,,,,-9.0,,,,
1964,4,19,,,,,,,,,,0.0,,,,,0.0,0.0,,66.92,55.94,,,,,,,,,,,,,999.0,,,,,,999.0,,,,,,999.0,,,,
1964,4,20,,,,,,,,,,0.0,,,,,0.0,0.0,,,,,,,,,,,,,,,,,,,,,,,,,,,,-999.0,,,,
1964,4,22,,,,,,,,,,0.0,,,,,0.0,0.0,,91.03999999999999,57.02,,,,,,,,,,,,,9999.0,,,,,,9999.0,,,,,,9999.0,,,,
1964,4,23,,,,,,,,,,0.0,,,,,0.0,0.0,,,,,,,,,,,,,,,,-99.0,,,,,,-99.0,,,,,,-99.0,,,,
1964,4,24,,,,,,,,,,,,,,,,,,,,,,,,,,,,,,,,99.0,,,,,,99.0,,,,,,99.0,,,,
1964,4,25,,,,,,,,,,0.0,,,,,0.0,0.0,,66.02,57.92,,,,,,,,,,,,,-9999.0,,,,,,1.0,,,,,,-9999.0,,,,
1964,4,26,,,,,,,,,,0.0,,,,,0.0,0.0,,32.0,32.0,,,,,,,,,,,,,-9.0,,,,,,,,,,,,-9.0,,,,
1964,4,27,,,,,,,,,,0.0,,,,,0.0,0.0,,66.92,57.92,,,,,,,,,,,,,999.0,,,,,,999.0,,,,,,999.0,,,,
1964,4,28,,,,,,,,,,0.0,,,,,0.0,0.0,,,,,,,,,,,,,,,,-999.0,,,,,,-999.0,,,,,,,,,,
1964,4,30,,,,,,,,,,15.0,,,,,0.0,0.0,,62.959999999999994,50.0,,,,,,,,,,,,,9999.0,,,,,,9999.0,,,,,,1.0,,,,
1964,4,31,,,,,,,,,,0.0,,,,,0.0,0.0,,,,,,,,,,,,,,,,-99.0,,,,,,-99.0,,,,,,,,,,
1964,5,1,,,,,,,,,,0.0,,,,,0.0,0.0,,62.959999999999994,53.96,,,,,,,,,,,,,-9999.0,,,,,,-9999.0,,,,,,-9999.0,,,,
1964,5,2,,,,,,,,,,0.0,,,,,0.0,0.0,,32.0,32.0,,,,,,,,,,,,,-9.0,,,,,,-9.0,,,,,,,,,,
1964,5,3,,,,,,,,,,,,,,,0.0,0.0,,62.959999999999994,53.96,,,,,,,,,,,,,999.0,,,,,,999.0,,,,,,1.0,,,,
1964,5,4,,,,,,,,,,0.0,,,,,0.0,0.0,,,,,,,,,,,,,,,,-999.0,,,,,,-999.0,,,,,,,,,,
1964,5,5,,,,,,,,,,,,,,,,,,,,,,,,,,,,,,,,,,,,,,,,,,,,9.0,,,,
1964,5,6,,,,,,,,,,10.0,,,,,0.0,0.0,,62.059999999999995,51.98,,,,,,,,,,,,,9999.0,,,,,,9999.0,,,,,,1.0,,,,
1964,5,7,,,,,,,,,,0.0,,,,,0.0,0.0,,,,,,,,,,,,,,,,-99.0,,,,,,-99.0,,,,,,,,,,
1964,5,8,,,,,,,,,,,,,,,,,,,,,,,,,,,,,,,,99.0,,,,,,99.0,,,,,,,,,,
1964,5,9,,,,,,,,,,23.0,,,,,0.0,0.0,,60.08,50.0,,,,,,,,,,,,,-9999.0,,,,,,-9999.0,,,,,,1.0,,,,
1964,5,10,,,,,,,,,,0.0,,,,,0.0,0.0,,32.0,32.0,,,,,,,,,,,,,-9.0,,,,,,-9.0,,,,,,,,,,
1964,5,11,,,,,,,,,,3.0,,,,,0.0,0.0,,62.059999999999995,48.92,,,,,,,,,,,,,999.0,,,,,,999.0,,,,,,1.0,,,,
1964,5,12,,,,,,,,,,0.0,,,,,0.0,0.0,,,,,,,,,,,,,,,,-999.0,,,,,,-999.0,,,,,,,,,,
1964,5,13,,,,,,,,,,,,,,,,,,,,,,,,,,,,,,,,,,,,,,9.0,,,,,,,,,,
1964,5,14,,,,,,,,,,0.0,,,,,0.0,0.0,,69.98,50.0,,,,,,,,,,,,,9999.0,,,,,,1.0,,,,,,9999.0,,,,
1964,5,15,,,,,,,,,,0.0,,,,,0.0,0.0,,,,,,,,,,,,,,,,,,,,,,,,,,,,-99.0,,,,
1964,5,16,,,,,,,,,,,,,,,,,,,,,,,,,,,,,,,,,,,,,,,,,,,,99.0,,,,
1964,5,17,,,,,,,,,,0.0,,,,,0.0,0.0,,66.02,53.06,,,,,,,,,,,,,1.0,,,,,,1.0,,,,,,-9999.0,,,,
1964,5,18,,,,,,,,,,0.0,,,,,0.0,0.0,,32.0,32.0,,,,,,,,,,,,,,,,,,,,,,,,,-9.0,,,,
1964,5,19,,,,,,,,,,0.0,,,,,0.0,0.0,,64.94,53.06,,,,,,,,,,,,,999.0,,,,,,1.0,,,,,,999.0,,,,
1964,5,20,,,,,,,,,,0.0,,,,,0.0,0.0,,,,,,,,,,,,,,,,-999.0,,,,,,,,,,,,-999.0,,,,
1964,5,22,,,,,,,,,,0.0,,,,,0.0,0.0,,66.02,55.94,,,,,,,,,,,,,9999.0,,,,,,1.0,,,,,,9999.0,,,,
1964,5,23,,,,,,,,,,0.0,,,,,0.0,0.0,,,,,,,,,,,,,,,,-99.0,,,,,,,,,,,,-99.0,,,,
1964,5,24,,,,,,,,,,,,,,,,,,,,,,,,,,,,,,,,99.0,,,,,,,,,,,,99.0,,,,
1964,5,25,,,,,,,,,,0.0,,,,,0.0,0.0,,69.08,55.94,,,,,,,,,,,,,-9999.0,,,,,,-9999.0,,,,,,-9999.0,,,,
1964,5,26,,,,,,,,,,0.0,,,,,0.0,0.0,,32.0,32.0,,,,,,,,,,,,,-9.0,,,,,,-9.0,,,,,,-9.0,,,,
1964,5,27,,,,,,,,,,0.0,,,,,0.0,0.0,,66.92,55.94,,,,,,,,,,,,,999.0,,,,,,999.0,,,,,,999.0,,,,
1964,5,28,,,,,,,,,,0.0,,,,,0.0,0.0,,,,,,,,,,,,,,,,,,,,,,-999.0,,,,,,-999.0,,,,
1964,5,29,,,,,,,,,,,,,,,,,,,,,,,,,,,,,,,,,,,,,,9.0,,,,,,,,,,
1964,5,30,,,,,,,,,,0.0,,,,,0.0,0.0,,68.0,55.94,,,,,,,,,,,,,9999.0,,,,,,1.0,,,,,,9999.0,,,,
1964,5,31,,,,,,,,,,0.0,,,,,0.0,0.0,,,,,,,,,,,,,,,,,,,,,,,,,,,,-99.0,,,,
1964,6,1,,,,,,,,,,0.0,,,,,0.0,0.0,,68.0,57.92,,,,,,,,,,,,,1.0,,,,,,1.0,,,,,,-9999.0,,,,
1964,6,2,,,,,,,,,,0.0,,,,,0.0,0.0,,32.0,32.0,,,,,,,,,,,,,,,,,,,,,,,,,-9.0,,,,
1964,6,3,,,,,,,,,,0.0,,,,,0.0,0.0,,68.0,57.92,,,,,,,,,,,,,999.0,,,,,,1.0,,,,,,999.0,,,,
1964,6,4,,,,,,,,,,0.0,,,,,0.0,0.0,,,,,,,,,,,,,,,,-999.0,,,,,,,,,,,,,,,,
1964,6,6,,,,,,,,,,0.0,,,,,0.0,0.0,,69.08,57.92,,,,,,,,,,,,,9999.0,,,,,,1.0,,,,,,9999.0,,,,
1964,6,7,,,,,,,,,,0.0,,,,,0.0,0.0,,,,,,,,,,,,,,,,,,,,,,,,,,,,-99.0,,,,
1964,6,8,,,,,,,,,,,,,,,,,,,,,,,,,,,,,,,,,,,,,,,,,,,,99.0,,,,
1964,6,9,,,,,,,,,,0.0,,,,,0.0,0.0,,69.98,59.0,,,,,,,,,,,,,1.0,,,,,,1.0,,,,,,1.0,,,,
1964,6,10,,,,,,,,,,,,,,,0.0,0.0,,32.0,32.0,,,,,,,,,,,,,,,,,,,,,,,,,,,,,
1964,6,11,,,,,,,,,,3.0,,,,,0.0,0.0,,64.94,57.92,,,,,,,,,,,,,999.0,,,,,,999.0,,,,,,1.0,,,,
1964,6,12,,,,,,,,,,0.0,,,,,0.0,0.0,,,,,,,,,,,,,,,,-999.0,,,,,,-999.0,,,,,,,,,,
1964,6,13,,,,,,,,,,,,,,,,,,,,,,,,,,,,,,,,9.0,,,,,,,,,,,,,,,,
1964,6,14,,,,,,,,,,18.0,,,,,0.0,0.0,,66.92,55.94,,,,,,,,,,,,,1.0,,,,,,9999.0,,,,,,1.0,,,,
1964,6,15,,,,,,,,,,0.0,,,,,0.0,0.0,,,,,,,,,,,,,,,,,,,,,,-99.0,,,,,,,,,,
1964,6,16,,,,,,,,,,,,,,,,,,,,,,,,,,,,,,,,99.0,,,,,,99.0,,,,,,99.0,,,,
1964,6,17,,,,,,,,,,0.0,,,,,0.0,0.0,,69.98,55.94,,,,,,,,,,,,,-9999.0,,,,,,-9999.0,,,,,,-9999.0,,,,
1964,6,18,,,,,,,,,,0.0,,,,,0.0,0.0,,32.0,32.0,,,,,,,,,,,,,-9.0,,,,,,-9.0,,,,,,-9.0,,,,
1964,6,19,,,,,,,,,,0.0,,,,,0.0,0.0,,68.0,59.0,,,,,,,,,,,,,999.0,,,,,,999.0,,,,,,999.0,,,,
1964,6,20,,,,,,,,,,0.0,,,,,0.0,0.0,,,,,,,,,,,,,,,,-999.0,,,,,,,,,,,,-999.0,,,,
1964,6,21,,,,,,,,,,,,,,,,,,,,,,,,,,,,,,,,9.0,,,,,,,,,,,,,,,,
1964,6,22,,,,,,,,,,0.0,,,,,0.0,0.0,,64.94,57.92,,,,,,,,,,,,,1.0,,,,,,1.0,,,,,,9999.0,,,,
1964,6,23,,,,,,,,,,0.0,,,,,0.0,0.0,,,,,,,,,,,,,,,,,,,,,,,,,,,,,,,,
1964,6,25,,,,,,,,,,0.0,,,,,0.0,0.0,,69.98,60.980000000000004,,,,,,,,,,,,,-9999.0,,,,,,-9999.0,,,,,,-9999.0,,,,
1964,6,26,,,,,,,,,,0.0,,,,,0.0,0.0,,32.0,32.0,,,,,,,,,,,,,-9.0,,,,,,-9.0,,,,,,-9.0,,,,
1964,6,27,,,,,,,,,,0.0,,,,,0.0,0.0,,69.98,60.08,,,,,,,,,,,,,999.0,,,,,,999.0,,,,,,999.0,,,,
1964,6,28,,,,,,,,,,0.0,,,,,0.0,0.0,,,,,,,,,,,,,,,,-999.0,,,,,,-999.0,,,,,,-999.0,,,,
1964,6,30,,,,,,,,,,0.0,,,,,0.0,0.0,,68.0,59.0,,,,,,,,,,,,,9999.0,,,,,,9999.0,,,,,,9999.0,,,,
1964,6,31,,,,,,,,,,0.0,,,,,0.0,0.0,,,,,,,,,,,,,,,,-99.0,,,,,,-99.0,,,,,,-99.0,,,,
1964,7,1,,,,,,,,,,0.0,,,,,0.0,0.0,,75.02,60.08,,,,,,,,,,,,,-9999.0,,,,,,-9999.0,,,,,,,,,,
1964,7,2,,,,,,,,,,0.0,,,,,0.0,0.0,,32.0,32.0,,,,,,,,,,,,,,,,,,,,,,,,,,,,,
1964,7,3,,,,,,,,,,0.0,,,,,0.0,0.0,,78.98,57.02,,,,,,,,,,,,,1.0,,,,,,1.0,,,,,,,,,,
1964,7,4,,,,,,,,,,0.0,,,,,0.0,0.0,,,,,,,,,,,,,,,,,,,,,,,,,,,,,,,,
1964,7,6,,,,,,,,,,0.0,,,,,0.0,0.0,,71.96,62.059999999999995,,,,,,,,,,,,,9999.0,,,,,,9999.0,,,,,,,,,,
1964,7,7,,,,,,,,,,0.0,,,,,0.0,0.0,,,,,,,,,,,,,,,,-99.0,,,,,,-99.0,,,,,,,,,,
1964,7,8,,,,,,,,,,,,,,,,,,,,,,,,,,,,,,,,99.0,,,,,,99.0,,,,,,,,,,
1964,7,9,,,,,,,,,,0.0,,,,,0.0,0.0,,71.96,60.980000000000004,,,,,,,,,,,,,-9999.0,,,,,,1.0,,,,,,,,,,
1964,7,10,,,,,,,,,,0.0,,,,,0.0,0.0,,32.0,32.0,,,,,,,,,,,,,-9.0,,,,,,,,,,,,,,,,
1964,7,11,,,,,,,,,,0.0,,,,,0.0,0.0,,71.06,60.980000000000004,,,,,,,,,,,,,999.0,,,,,,1.0,,,,,,,,,,
1964,7,12,,,,,,,,,,0.0,,,,,0.0,0.0,,,,,,,,,,,,,,,,-999.0,,,,,,,,,,,,,,,,
1964,7,13,,,,,,,,,,,,,,,,,,,,,,,,,,,,,,,,9.0,,,,,,,,,,,,,,,,
1964,7,14,,,,,,,,,,0.0,,,,,0.0,0.0,,71.96,59.0,,,,,,,,,,,,,1.0,,,,,,1.0,,,,,,,,,,
1964,7,15,,,,,,,,,,0.0,,,,,0.0,0.0,,,,,,,,,,,,,,,,,,,,,,,,,,,,,,,,
1964,7,16,,,,,,,,,,,,,,,,,,,,,,,,,,,,,,,,99.0,,,,,,,,,,,,,,,,
1964,7,17,,,,,,,,,,0.0,,,,,0.0,0.0,,82.04,64.94,,,,,,,,,,,,,-9999.0,,,,,,1.0,,,,,,,,,,
1964,7,18,,,,,,,,,,0.0,,,,,0.0,0.0,,32.0,32.0,,,,,,,,,,,,,-9.0,,,,,,,,,,,,,,,,
1964,7,19,,,,,,,,,,0.0,,,,,0.0,0.0,,80.06,64.04,,,,,,,,,,,,,999.0,,,,,,999.0,,,,,,,,,,
1964,7,20,,,,,,,,,,0.0,,,,,0.0,0.0,,,,,,,,,,,,,,,,,,,,,,,,,,,,,,,,
1964,7,22,,,,,,,,,,0.0,,,,,0.0,0.0,,75.02,62.059999999999995,,,,,,,,,,,,,1.0,,,,,,1.0,,,,,,,,,,
1964,7,23,,,,,,,,,,0.0,,,,,0.0,0.0,,,,,,,,,,,,,,,,,,,,,,,,,,,,,,,,
1964,7,25,,,,,,,,,,0.0,,,,,0.0,0.0,,73.04,62.059999999999995,,,,,,,,,,,,,1.0,,,,,,1.0,,,,,,,,,,
1964,7,26,,,,,,,,,,0.0,,,,,0.0,0.0,,32.0,32.0,,,,,,,,,,,,,,,,,,,,,,,,,,,,,
1964,7,27,,,,,,,,,,0.0,,,,,0.0,0.0,,75.02,62.959999999999994,,,,,,,,,,,,,999.0,,,,,,1.0,,,,,,,,,,
1964,7,28,,,,,,,,,,0.0,,,,,0.0,0.0,,,,,,,,,,,,,,,,-999.0,,,,,,,,,,,,,,,,
1964,7,30,,,,,,,,,,0.0,,,,,0.0,0.0,,75.92,62.959999999999994,,,,,,,,,,,,,9999.0,,,,,,1.0,,,,,,,,,,
1964,7,31,,,,,,,,,,0.0,,,,,0.0,0.0,,,,,,,,,,,,,,,,-99.0,,,,,,,,,,,,,,,,
1964,8,1,,,,,,,,,,0.0,,,,,0.0,0.0,,73.04,62.059999999999995,,,,,,,,,,,,,-9999.0,,,,,,-9999.0,,,,,,-9999.0,,,,
1964,8,2,,,,,,,,,,0.0,,,,,0.0,0.0,,32.0,32.0,,,,,,,,,,,,,-9.0,,,,,,,,,,,,-9.0,,,,
1964,8,3,,,,,,,,,,0.0,,,,,0.0,0.0,,73.94,64.04,,,,,,,,,,,,,999.0,,,,,,1.0,,,,,,999.0,,,,
1964,8,4,,,,,,,,,,0.0,,,,,0.0,0.0,,,,,,,,,,,,,,,,-999.0,,,,,,,,,,,,-999.0,,,,
1964,8,5,,,,,,,,,,,,,,,,,,,,,,,,,,,,,,,,,,,,,,9.0,,,,,,,,,,
1964,8,6,,,,,,,,,,0.0,,,,,0.0,0.0,,77.0,66.92,,,,,,,,,,,,,9999.0,,,,,,1.0,,,,,,9999.0,,,,
1964,8,7,,,,,,,,,,0.0,,,,,0.0,0.0,,,,,,,,,,,,,,,,-99.0,,,,,,,,,,,,,,,,
1964,8,8,,,,,,,,,,,,,,,,,,,,,,,,,,,,,,,,99.0,,,,,,99.0,,,,,,,,,,
1964,8,9,,,,,,,,,,0.0,,,,,0.0,0.0,,78.98,66.92,,,,,,,,,,,,,-9999.0,,,,,,1.0,,,,,,-9999.0,,,,
1964,8,10,,,,,,,,,,0.0,,,,,0.0,0.0,,32.0,32.0,,,,,,,,,,,,,,,,,,,,,,,,,-9.0,,,,
1964,8,11,,,,,,,,,,0.0,,,,,0.0,0.0,,77.0,66.92,,,,,,,,,,,,,1.0,,,,,,1.0,,,,,,999.0,,,,
1964,8,12,,,,,,,,,,0.0,,,,,0.0,0.0,,,,,,,,,,,,,,,,,,,,,,,,,,,,,,,,
1964,8,14,,,,,,,,,,,,,,,0.0,0.0,,73.04,64.94,,,,,,,,,,,,,1.0,,,,,,1.0,,,,,,1.0,,,,
1964,8,15,,,,,,,,,,0.0,,,,,0.0,0.0,,,,,,,,,,,,,,,,,,,,,,,,,,,,,,,,
1964,8,16,,,,,,,,,,,,,,,,,,,,,,,,,,,,,,,,,,,,,,,,,,,,99.0,,,,
1964,8,17,,,,,,,,,,0.0,,,,,0.0,0.0,,77.0,64.94,,,,,,,,,,,,,-9999.0,,,,,,1.0,,,,,,-9999.0,,,,
1964,8,18,,,,,,,,,,0.0,,,,,0.0,0.0,,32.0,32.0,,,,,,,,,,,,,-9.0,,,,,,,,,,,,-9.0,,,,
1964,8,19,,,,,,,,,,0.0,,,,,0.0,0.0,,75.92,64.94,,,,,,,,,,,,,999.0,,,,,,1.0,,,,,,999.0,,,,
1964,8,20,,,,,,,,,,0.0,,,,,0.0,0.0,,,,,,,,,,,,,,,,-999.0,,,,,,,,,,,,-999.0,,,,
1964,8,22,,,,,,,,,,0.0,,,,,0.0,0.0,,73.94,64.04,,,,,,,,,,,,,9999.0,,,,,,9999.0,,,,,,9999.0,,,,
1964,8,23,,,,,,,,,,0.0,,,,,0.0,0.0,,,,,,,,,,,,,,,,-99.0,,,,,,-99.0,,,,,,-99.0,,,,
1964,8,24,,,,,,,,,,,,,,,,,,,,,,,,,,,,,,,,99.0,,,,,,99.0,,,,,,99.0,,,,
1964,8,25,,,,,,,,,,0.0,,,,,0.0,0.0,,75.92,66.92,,,,,,,,,,,,,-9999.0,,,,,,-9999.0,,,,,,-9999.0,,,,
1964,8,26,,,,,,,,,,0.0,,,,,0.0,0.0,,32.0,32.0,,,,,,,,,,,,,-9.0,,,,,,,,,,,,-9.0,,,,
1964,8,27,,,,,,,,,,0.0,,,,,0.0,0.0,,78.08,66.02,,,,,,,,,,,,,999.0,,,,,,1.0,,,,,,999.0,,,,
1964,8,28,,,,,,,,,,0.0,,,,,0.0,0.0,,,,,,,,,,,,,,,,-999.0,,,,,,,,,,,,-999.0,,,,
1964,8,30,,,,,,,,,,0.0,,,,,0.0,0.0,,82.94,66.92,,,,,,,,,,,,,9999.0,,,,,,9999.0,,,,,,9999.0,,,,
1964,8,31,,,,,,,,,,0.0,,,,,0.0,0.0,,,,,,,,,,,,,,,,-99.0,,,,,,,,,,,,-99.0,,,,
1964,9,1,,,,,,,,,,0.0,,,,,0.0,0.0,,75.02,64.04,,,,,,,,,,,,,-9999.0,,,,,,-9999.0,,,,,,,,,,
1964,9,2,,,,,,,,,,0.0,,,,,0.0,0.0,,32.0,32.0,,,,,,,,,,,,,-9.0,,,,,,-9.0,,,,,,,,,,
1964,9,3,,,,,,,,,,0.0,,,,,0.0,0.0,,78.08,59.0,,,,,,,,,,,,,999.0,,,,,,999.0,,,,,,,,,,
1964,9,4,,,,,,,,,,0.0,,,,,0.0,0.0,,,,,,,,,,,,,,,,-999.0,,,,,,-999.0,,,,,,,,,,
1964,9,6,,,,,,,,,,0.0,,,,,0.0,0.0,,77.0,62.059999999999995,,,,,,,,,,,,,9999.0,,,,,,9999.0,,,,,,,,,,
1964,9,7,,,,,,,,,,0.0,,,,,0.0,0.0,,,,,,,,,,,,,,,,-99.0,,,,,,-99.0,,,,,,,,,,
1964,9,8,,,,,,,,,,,,,,,,,,,,,,,,,,,,,,,,99.0,,,,,,99.0,,,,,,,,,,
1964,9,9,,,,,,,,,,0.0,,,,,0.0,0.0,,73.04,62.059999999999995,,,,,,,,,,,,,-9999.0,,,,,,-9999.0,,,,,,,,,,
1964,9,10,,,,,,,,,,0.0,,,,,0.0,0.0,,32.0,32.0,,,,,,,,,,,,,-9.0,,,,,,-9.0,,,,,,,,,,
1964,9,11,,,,,,,,,,0.0,,,,,0.0,0.0,,73.04,62.059999999999995,,,,,,,,,,,,,999.0,,,,,,999.0,,,,,,,,,,
1964,9,12,,,,,,,,,,0.0,,,,,0.0,0.0,,,,,,,,,,,,,,,,-999.0,,,,,,,,,,,,,,,,
1964,9,14,,,,,,,,,,0.0,,,,,0.0,0.0,,82.04,60.980000000000004,,,,,,,,,,,,,9999.0,,,,,,1.0,,,,,,,,,,
1964,9,15,,,,,,,,,,0.0,,,,,0.0,0.0,,,,,,,,,,,,,,,,-99.0,,,,,,,,,,,,,,,,
1964,9,16,,,,,,,,,,,,,,,,,,,,,,,,,,,,,,,,99.0,,,,,,99.0,,,,,,,,,,
1964,9,17,,,,,,,,,,0.0,,,,,0.0,0.0,,78.98,62.059999999999995,,,,,,,,,,,,,-9999.0,,,,,,1.0,,,,,,,,,,
1964,9,18,,,,,,,,,,0.0,,,,,0.0,0.0,,32.0,32.0,,,,,,,,,,,,,-9.0,,,,,,,,,,,,,,,,
1964,9,19,,,,,,,,,,0.0,,,,,0.0,0.0,,75.02,64.04,,,,,,,,,,,,,999.0,,,,,,1.0,,,,,,,,,,
1964,9,20,,,,,,,,,,0.0,,,,,0.0,0.0,,,,,,,,,,,,,,,,-999.0,,,,,,,,,,,,,,,,
1964,9,22,,,,,,,,,,0.0,,,,,0.0,0.0,,69.98,60.980000000000004,,,,,,,,,,,,,9999.0,,,,,,9999.0,,,,,,,,,,
1964,9,23,,,,,,,,,,0.0,,,,,0.0,0.0,,,,,,,,,,,,,,,,-99.0,,,,,,-99.0,,,,,,,,,,
1964,9,24,,,,,,,,,,,,,,,,,,,,,,,,,,,,,,,,99.0,,,,,,99.0,,,,,,,,,,
1964,9,25,,,,,,,,,,0.0,,,,,0.0,0.0,,71.96,62.059999999999995,,,,,,,,,,,,,-9999.0,,,,,,1.0,,,,,,,,,,
1964,9,26,,,,,,,,,,0.0,,,,,0.0,0.0,,32.0,32.0,,,,,,,,,,,,,-9.0,,,,,,,,,,,,,,,,
1964,9,27,,,,,,,,,,0.0,,,,,0.0,0.0,,69.08,62.959999999999994,,,,,,,,,,,,,999.0,,,,,,1.0,,,,,,,,,,
1964,9,28,,,,,,,,,,0.0,,,,,0.0,0.0,,,,,,,,,,,,,,,,-999.0,,,,,,,,,,,,,,,,
1964,9,29,,,,,,,,,,,,,,,,,,,,,,,,,,,,,,,,,,,,,,9.0,,,,,,,,,,
1964,9,30,,,,,,,,,,0.0,,,,,0.0,0.0,,73.04,57.02,,,,,,,,,,,,,9999.0,,,,,,1.0,,,,,,,,,,
1964,9,31,,,,,,,,,,0.0,,,,,0.0,0.0,,,,,,,,,,,,,,,,,,,,,,,,,,,,,,,,
1964,10,1,,,,,,,,,,0.0,,,,,0.0,0.0,,73.04,59.0,,,,,,,,,,,,,1.0,,-9999.0,,,,1.0,,,,,,-9999.0,,,,
1964,10,2,,,,,,,,,,0.0,,,,,0.0,0.0,,32.0,32.0,,,,,,,,,,,,,,,-9.0,,,,,,,,,,-9.0,,,,
1964,10,3,,,,,,,,,,0.0,,,,,0.0,0.0,,77.0,57.02,,,,,,,,,,,,,1.0,,999.0,,,,1.0,,,,,,999.0,,,,
1964,10,4,,,,,,,,,,0.0,,,,,0.0,0.0,,,,,,,,,,,,,,,,,,-999.0,,,,,,,,,,-999.0,,,,
1964,10,6,,,,,,,,,,0.0,,,,,0.0,0.0,,84.02,62.959999999999994,,,,,,,,,,,,,9999.0,,9999.0,,,,1.0,,,,,,9999.0,,,,
1964,10,7,,,,,,,,,,0.0,,,,,0.0,0.0,,,,,,,,,,,,,,,,-99.0,,-99.0,,,,,,,,,,-99.0,,,,
1964,10,8,,,,,,,,,,,,,,,,,,,,,,,,,,,,,,,,99.0,,99.0,,,,99.0,,,,,,99.0,,,,
1964,10,9,,,,,,,,,,0.0,,,,,0.0,0.0,,86.0,66.02,,,,,,,,,,,,,1.0,,-9999.0,,,,-9999.0,,,,,,-9999.0,,,,
1964,10,10,,,,,,,,,,0.0,,,,,0.0,0.0,,32.0,32.0,,,,,,,,,,,,,,,-9.0,,,,,,,,,,-9.0,,,,
1964,10,11,,,,,,,,,,0.0,,,,,0.0,0.0,,82.04,64.94,,,,,,,,,,,,,1.0,,999.0,,,,1.0,,,,,,999.0,,,,
1964,10,12,,,,,,,,,,0.0,,,,,0.0,0.0,,,,,,,,,,,,,,,,,,-999.0,,,,,,,,,,-999.0,,,,
1964,10,14,,,,,,,,,,0.0,,,,,0.0,0.0,,73.04,62.059999999999995,,,,,,,,,,,,,1.0,,9999.0,,,,1.0,,,,,,9999.0,,,,
1964,10,15,,,,,,,,,,0.0,,,,,0.0,0.0,,,,,,,,,,,,,,,,,,-99.0,,,,,,,,,,-99.0,,,,
1964,10,16,,,,,,,,,,,,,,,,,,,,,,,,,,,,,,,,99.0,,99.0,,,,,,,,,,99.0,,,,
1964,10,17,,,,,,,,,,0.0,,,,,0.0,0.0,,71.96,60.08,,,,,,,,,,,,,1.0,,-9999.0,,,,1.0,,,,,,-9999.0,,,,
1964,10,18,,,,,,,,,,0.0,,,,,0.0,0.0,,32.0,32.0,,,,,,,,,,,,,,,-9.0,,,,,,,,,,-9.0,,,,
1964,10,19,,,,,,,,,,0.0,,,,,0.0,0.0,,71.06,60.980000000000004,,,,,,,,,,,,,1.0,,999.0,,,,1.0,,,,,,999.0,,,,
1964,10,20,,,,,,,,,,0.0,,,,,0.0,0.0,,,,,,,,,,,,,,,,,,-999.0,,,,,,,,,,-999.0,,,,
1964,10,22,,,,,,,,,,0.0,,,,,0.0,0.0,,73.04,62.959999999999994,,,,,,,,,,,,,9999.0,,9999.0,,,,1.0,,,,,,9999.0,,,,
1964,10,23,,,,,,,,,,0.0,,,,,0.0,0.0,,,,,,,,,,,,,,,,,,,,,,,,,,,,,,,,
1964,10,25,,,,,,,,,,0.0,,,,,0.0,0.0,,71.06,62.959999999999994,,,,,,,,,,,,,1.0,,-9999.0,,,,1.0,,,,,,-9999.0,,,,
1964,10,26,,,,,,,,,,0.0,,,,,0.0,0.0,,32.0,32.0,,,,,,,,,,,,,,,-9.0,,,,,,,,,,-9.0,,,,
1964,10,27,,,,,,,,,,0.0,,,,,0.0,0.0,,73.94,60.980000000000004,,,,,,,,,,,,,999.0,,999.0,,,,999.0,,,,,,999.0,,,,
1964,10,28,,,,,,,,,,0.0,,,,,0.0,0.0,,,,,,,,,,,,,,,,-999.0,,-999.0,,,,,,,,,,-999.0,,,,
1964,10,29,,,,,,,,,,,,,,,,,,,,,,,,,,,,,,,,9.0,,,,,,,,,,,,,,,,
1964,10,30,,,,,,,,,,0.0,,,,,0.0,0.0,,96.98,57.92,,,,,,,,,,,,,1.0,,9999.0,,,,1.0,,,,,,9999.0,,,,
1964,10,31,,,,,,,,,,0.0,,,,,0.0,0.0,,,,,,,,,,,,,,,,,,-99.0,,,,,,,,,,-99.0,,,,
1964,11,1,,,,,,,,,,0.0,,,,,0.0,0.0,,69.98,60.980000000000004,,,,,,,,,,,,,-9999.0,,,,,,-9999.0,,,,,,-9999.0,,,,
1964,11,2,,,,,,,,,,0.0,,,,,0.0,0.0,,32.0,32.0,,,,,,,,,,,,,-9.0,,,,,,-9.0,,,,,,,,,,
1964,11,3,,,,,,,,,,,,,,,0.0,0.0,,69.08,57.02,,,,,,,,,,,,,999.0,,,,,,999.0,,,,,,1.0,,,,
1964,11,4,,,,,,,,,,0.0,,,,,0.0,0.0,,,,,,,,,,,,,,,,-999.0,,,,,,-999.0,,,,,,,,,,
1964,11,6,,,,,,,,,,0.0,,,,,0.0,0.0,,84.91999999999999,51.98,,,,,,,,,,,,,9999.0,,,,,,9999.0,,,,,,9999.0,,,,
1964,11,7,,,,,,,,,,0.0,,,,,0.0,0.0,,,,,,,,,,,,,,,,-99.0,,,,,,-99.0,,,,,,-99.0,,,,
1964,11,8,,,,,,,,,,,,,,,,,,,,,,,,,,,,,,,,99.0,,,,,,99.0,,,,,,99.0,,,,
1964,11,9,,,,,,,,,,0.0,,,,,0.0,0.0,,86.0,55.04,,,,,,,,,,,,,-9999.0,,,,,,-9999.0,,,,,,-9999.0,,,,
1964,11,10,,,,,,,,,,0.0,,,,,0.0,0.0,,32.0,32.0,,,,,,,,,,,,,-9.0,,,,,,-9.0,,,,,,-9.0,,,,
1964,11,11,,,,,,,,,,0.0,,,,,0.0,0.0,,69.08,55.04,,,,,,,,,,,,,999.0,,,,,,999.0,,,,,,999.0,,,,
1964,11,12,,,,,,,,,,0.0,,,,,0.0,0.0,,,,,,,,,,,,,,,,-999.0,,,,,,-999.0,,,,,,-999.0,,,,
1964,11,13,,,,,,,,,,,,,,,,,,,,,,,,,,,,,,,,,,,,,,,,,,,,9.0,,,,
1964,11,14,,,,,,,,,,58.0,,,,,0.0,0.0,,66.92,55.94,,,,,,,,,,,,,9999.0,,,,,,9999.0,,,,,,1.0,,,,
1964,11,15,,,,,,,,,,0.0,,,,,0.0,0.0,,,,,,,,,,,,,,,,,,,,,,-99.0,,,,,,,,,,
1964,11,16,,,,,,,,,,,,,,,,,,,,,,,,,,,,,,,,,,,,,,99.0,,,,,,,,,,
1964,11,17,,,,,,,,,,8.0,,,,,0.0,0.0,,64.04,51.08,,,,,,,,,,,,,1.0,,,,,,-9999.0,,,,,,1.0,,,,
1964,11,18,,,,,,,,,,0.0,,,,,0.0,0.0,,32.0,32.0,,,,,,,,,,,,,,,,,,,-9.0,,,,,,,,,,
1964,11,19,,,,,,,,,,84.0,,,,,0.0,0.0,,66.92,53.96,,,,,,,,,,,,,1.0,,,,,,999.0,,,,,,1.0,,,,
1964,11,20,,,,,,,,,,0.0,,,,,0.0,0.0,,,,,,,,,,,,,,,,,,,,,,-999.0,,,,,,,,,,
1964,11,22,,,,,,,,,,0.0,,,,,0.0,0.0,,59.0,44.06,,,,,,,,,,,,,9999.0,,,,,,9999.0,,,,,,9999.0,,,,
1964,11,23,,,,,,,,,,0.0,,,,,0.0,0.0,,,32.0,,,,,,,,,,,,,-99.0,,,,,,-99.0,,,,,,-99.0,,,,
1964,11,24,,,,,,,,,,,,,,,,,,,,,,,,,,,,,,,,99.0,,,,,,99.0,,,,,,99.0,,,,
1964,11,25,,,,,,,,,,18.0,,,,,0.0,0.0,,60.980000000000004,44.06,,,,,,,,,,,,,-9999.0,,,,,,-9999.0,,,,,,1.0,,,,
1964,11,26,,,,,,,,,,0.0,,,,,0.0,0.0,,32.0,32.0,,,,,,,,,,,,,-9.0,,,,,,-9.0,,,,,,,,,,
1964,11,27,,,,,,,,,,30.0,,,,,0.0,0.0,,57.02,46.94,,,,,,,,,,,,,999.0,,,,,,999.0,,,,,,1.0,,,,
1964,11,28,,,,,,,,,,0.0,,,,,0.0,0.0,,,,,,,,,,,,,,,,-999.0,,,,,,-999.0,,,,,,,,,,
1964,11,30,,,,,,,,,,0.0,,,,,0.0,0.0,,64.04,41.0,,,,,,,,,,,,,9999.0,,,,,,9999.0,,,,,,9999.0,,,,
1964,11,31,,,,,,,,,,0.0,,,,,0.0,0.0,,,32.0,,,,,,,,,,,,,-99.0,,,,,,-99.0,,,,,,-99.0,,,,
1964,12,1,,,,,,,,,,0.0,,,,,0.0,0.0,,60.08,48.92,,,,,,,,,,,,,1.0,,,,,,1.0,,,,,,-9999.0,,,,
1964,12,2,,,,,,,,,,0.0,,,,,0.0,0.0,,32.0,32.0,,,,,,,,,,,,,,,,,,,,,,,,,-9.0,,,,
1964,12,3,,,,,,,,,,0.0,,,,,0.0,0.0,,62.959999999999994,55.94,,,,,,,,,,,,,1.0,,,,,,999.0,,,,,,999.0,,,,
1964,12,4,,,,,,,,,,0.0,,,,,0.0,0.0,,,,,,,,,,,,,,,,,,,,,,-999.0,,,,,,-999.0,,,,
1964,12,6,,,,,,,,,,0.0,,,,,0.0,0.0,,64.04,46.94,,,,,,,,,,,,,9999.0,,,,,,9999.0,,,,,,9999.0,,,,
1964,12,7,,,,,,,,,,0.0,,,,,0.0,0.0,,,32.0,,,,,,,,,,,,,,,,,,,-99.0,,,,,,-99.0,,,,
1964,12,8,,,,,,,,,,,,,,,,,,,,,,,,,,,,,,,,,,,,,,99.0,,,,,,99.0,,,,
1964,12,9,,,,,,,,,,0.0,,,,,0.0,0.0,,69.98,44.96,,,,,,,,,,,,,-9999.0,,,,,,-9999.0,,,,,,-9999.0,,,,
1964,12,10,,,,,,,,,,0.0,,,,,0.0,0.0,,32.0,32.0,,,,,,,,,,,,,-9.0,,,,,,-9.0,,,,,,-9.0,,,,
1964,12,11,,,,,,,,,,0.0,,,,,0.0,0.0,,66.02,44.06,,,,,,,,,,,,,999.0,,,,,,999.0,,,,,,999.0,,,,
1964,12,12,,,,,,,,,,0.0,,,,,0.0,0.0,,,,,,,,,,,,,,,,-999.0,,,,,,-999.0,,,,,,-999.0,,,,
1964,12,13,,,,,,,,,,,,,,,,,,,,,,,,,,,,,,,,,,,,,,9.0,,,,,,,,,,
1964,12,14,,,,,,,,,,0.0,,,,,0.0,0.0,,64.04,44.06,,,,,,,,,,,,,9999.0,,,,,,1.0,,,,,,9999.0,,,,
1964,12,15,,,,,,,,,,0.0,,,,,0.0,0.0,,,32.0,,,,,,,,,,,,,-99.0,,,,,,,,,,,,-99.0,,,,
1964,12,16,,,,,,,,,,,,,,,,,,,,,,,,,,,,,,,,99.0,,,,,,,,,,,,99.0,,,,
1964,12,17,,,,,,,,,,0.0,,,,,0.0,0.0,,60.980000000000004,51.98,,,,,,,,,,,,,-9999.0,,,,,,1.0,,,,,,-9999.0,,,,
1964,12,18,,,,,,,,,,0.0,,,,,0.0,0.0,,32.0,32.0,,,,,,,,,,,,,-9.0,,,,,,,,,,,,,,,,
1964,12,19,,,,,,,,,,,,,,,0.0,0.0,,64.94,55.94,,,,,,,,,,,,,999.0,,,,,,1.0,,,,,,1.0,,,,
1964,12,20,,,,,,,,,,0.0,,,,,0.0,0.0,,,,,,,,,,,,,,,,-999.0,,,,,,,,,,,,,,,,
1964,12,22,,,,,,,,,,0.0,,,,,0.0,0.0,,69.98,37.94,,,,,,,,,,,,,9999.0,,,,,,9999.0,,,,,,9999.0,,,,
1964,12,23,,,,,,,,,,0.0,,,,,0.0,0.0,,,32.0,,,,,,,,,,,,,-99.0,,,,,,,,,,,,-99.0,,,,
1964,12,24,,,,,,,,,,,,,,,,,,,,,,,,,,,,,,,,99.0,,,,,,,,,,,,99.0,,,,
1964,12,25,,,,,,,,,,0.0,,,,,0.0,0.0,,60.980000000000004,51.08,,,,,,,,,,,,,-9999.0,,,,,,1.0,,,,,,-9999.0,,,,
1964,12,26,,,,,,,,,,0.0,,,,,0.0,0.0,,32.0,32.0,,,,,,,,,,,,,-9.0,,,,,,,,,,,,-9.0,,,,
1964,12,27,,,,,,,,,,0.0,,,,,0.0,0.0,,62.059999999999995,48.92,,,,,,,,,,,,,999.0,,,,,,999.0,,,,,,999.0,,,,
1964,12,28,,,,,,,,,,,,,,,0.0,0.0,,,,,,,,,,,,,,,,-999.0,,,,,,-999.0,,,,,,,,,,
1964,12,30,,,,,,,,,,0.0,,,,,0.0,0.0,,60.08,48.92,,,,,,,,,,,,,9999.0,,,,,,9999.0,,,,,,9999.0,,,,
1964,12,31,,,,,,,,,,0.0,,,,,0.0,0.0,,,,,,,,,,,,,,,,-99.0,,,,,,-99.0,,,,,,-99.0,,,,
1965,1,1,10.0,10.0,,,,,,,,0.0,100.0,,,,0.0,0.0,,55.94,44.06,606.0,,,,,315.0,,,,,,58.0,-9999.0,-9999.0,,,,,-9999.0,,,,,,1.0,,,,
1965,1,2,,,,,,,,,,,,,,,0.0,0.0,,32.0,32.0,,,,,,,,,,,,,-9.0,-9.0,,,,,-9.0,,,,,,,,,,
1965,1,3,30.0,70.0,,,,,,,,0.0,93.0,,,,0.0,0.0,,59.0,39.92,558.0,,,,,,,,,,,45.0,999.0,999.0,,,,,999.0,,,,,,999.0,,,,
1965,1,4,,,,,,,,,,0.0,,,,,0.0,0.0,,,,,,,,,,,,,,,,-999.0,-999.0,,,,,-999.0,,,,,,-999.0,,,,
1965,1,6,70.0,90.0,,,,,,,,0.0,19.0,,,,0.0,0.0,,55.94,39.92,114.0,,,,,,,,,,,54.0,9999.0,9999.0,,,,,9999.0,,,,,,9999.0,,,,
1965,1,7,,,,,,,,,,0.0,,,,,0.0,0.0,,,32.0,,,,,,,,,,,,,-99.0,-99.0,,,,,,,,,,,-99.0,,,,
1965,1,8,,,,,,,,,,,,,,,,,,,,,,,,,,,,,,,,99.0,99.0,,,,,,,,,,,99.0,,,,
1965,1,9,90.0,90.0,,,,,,,,0.0,37.0,,,,0.0,0.0,,64.04,46.04,222.0,,,,,315.0,,,,,,45.0,1.0,1.0,,,,,1.0,,,,,,-9999.0,,,,
1965,1,10,,,,,,,,,,0.0,,,,,0.0,0.0,,32.0,32.0,,,,,,,,,,,,,,,,,,,,,,,,,,,,,
1965,1,11,60.0,90.0,,,,,,,,41.0,26.0,,,,0.0,0.0,,57.92,44.06,156.0,,,,,,,,,,,107.0,1.0,1.0,,,,,999.0,,,,,,1.0,,,,
1965,1,12,,,,,,,,,,0.0,,,,,0.0,0.0,,,,,,,,,,,,,,,,,,,,,,-999.0,,,,,,,,,,
1965,1,14,50.0,60.0,,,,,,,,0.0,79.0,,,,0.0,0.0,,60.980000000000004,39.92,480.0,,,,,,,,,,,58.0,9999.0,9999.0,,,,,9999.0,,,,,,9999.0,,,,
1965,1,15,,,,,,,,,,0.0,,,,,0.0,0.0,,,32.0,,,,,,,,,,,,,-99.0,-99.0,,,,,,,,,,,-99.0,,,,
1965,1,16,,,,,,,,,,,,,,,,,,,,,,,,,,,,,,,,99.0,99.0,,,,,,,,,,,99.0,,,,
1965,1,17,40.0,20.0,,,,,,,,0.0,100.0,,,,0.0,0.0,,62.059999999999995,42.980000000000004,612.0,,,,,180.0,,,,,,40.0,1.0,-9999.0,,,,,1.0,,,,,,-9999.0,,,,
1965,1,18,,,,,,,,,,0.0,,,,,0.0,0.0,,32.0,32.0,,,,,,,,,,,,,,-9.0,,,,,,,,,,,-9.0,,,,
1965,1,19,40.0,40.0,,,,,,,,0.0,74.0,,,,0.0,0.0,,62.059999999999995,50.0,450.0,,,,,,,,,,,40.0,999.0,999.0,,,,,999.0,,,,,,999.0,,,,
1965,1,20,,,,,,,,,,0.0,,,,,0.0,0.0,,,,,,,,,,,,,,,,,,,,,,,,,,,,-999.0,,,,
1965,1,22,100.0,100.0,,,,,,,,0.0,41.0,,,,0.0,0.0,,75.92,44.96,252.0,,,,,,,,,,,40.0,1.0,1.0,,,,,9999.0,,,,,,9999.0,,,,
1965,1,23,,,,,,,,,,0.0,,,,,0.0,0.0,,,,,,,,,,,,,,,,,,,,,,-99.0,,,,,,,,,,
1965,1,24,,,,,,,,,,,,,,,,,,,,,,,,,,,,,,,,99.0,99.0,,,,,99.0,,,,,,,,,,
1965,1,25,70.0,60.0,,,,,,,,0.0,99.0,,,,0.0,0.0,,77.0,48.92,612.0,,,,,315.0,,,,,,54.0,-9999.0,-9999.0,,,,,-9999.0,,,,,,-9999.0,,,,
1965,1,26,,,,,,,,,,0.0,,,,,0.0,0.0,,32.0,32.0,,,,,,,,,,,,,-9.0,-9.0,,,,,-9.0,,,,,,-9.0,,,,
1965,1,27,50.0,40.0,,,,,,,,0.0,100.0,,,,0.0,0.0,,80.96,53.06,618.0,,,,,,,,,,,49.0,999.0,999.0,,,,,999.0,,,,,,999.0,,,,
1965,1,28,,,,,,,,,,0.0,,,,,0.0,0.0,,,,,,,,,,,,,,,,-999.0,-999.0,,,,,-999.0,,,,,,-999.0,,,,
1965,1,29,,,,,,,,,,,,,,,,,,,,,,,,,,,,,,,,,,,,,,,,,,,,9.0,,,,
1965,1,30,40.0,50.0,,,,,,,,,80.0,,,,0.0,0.0,,66.92,51.08,498.0,,,,,,,,,,,54.0,9999.0,9999.0,,,,,9999.0,,,,,,1.0,,,,
1965,1,31,,,,,,,,,,0.0,,,,,0.0,0.0,,,,,,,,,,,,,,,,-99.0,-99.0,,,,,-99.0,,,,,,,,,,
1965,2,1,60.0,80.0,,,,,,,,0.0,78.0,,,,0.0,0.0,,60.08,46.94,492.0,,,,,315.0,,,,,,40.0,1.0,-9999.0,,,,,1.0,,,,,,-9999.0,,,,
1965,2,2,,,,,,,,,,0.0,,,,,0.0,0.0,,32.0,32.0,,,,,,,,,,,,,,-9.0,,,,,,,,,,,-9.0,,,,
1965,2,3,40.0,40.0,,,,,,,,0.0,79.0,,,,0.0,0.0,,60.08,50.0,510.0,,,,,,,,,,,67.0,999.0,999.0,,,,,1.0,,,,,,999.0,,,,
1965,2,4,,,,,,,,,,0.0,,,,,0.0,0.0,,,,,,,,,,,,,,,,,,,,,,,,,,,,-999.0,,,,
1965,2,6,70.0,70.0,,,,,,,,0.0,64.0,,,,0.0,0.0,,64.04,48.02,408.0,,,,,,,,,,,72.0,1.0,9999.0,,,,,1.0,,,,,,9999.0,,,,
1965,2,7,,,,,,,,,,0.0,,,,,0.0,0.0,,,32.0,,,,,,,,,,,,,,-99.0,,,,,,,,,,,,,,,
1965,2,8,,,,,,,,,,,,,,,,,,,,,,,,,,,,,,,,,99.0,,,,,,,,,,,,,,,
1965,2,9,80.0,80.0,,,,,,,,53.0,34.0,,,,0.0,0.0,,60.08,51.98,216.0,,,,,270.0,,,,,,76.0,1.0,-9999.0,,,,,-9999.0,,,,,,1.0,,,,
1965,2,10,,,,,,,,,,0.0,,,,,0.0,0.0,,32.0,32.0,,,,,,,,,,,,,,-9.0,,,,,-9.0,,,,,,,,,,
1965,2,11,30.0,20.0,,,,,,,,0.0,93.0,,,,0.0,0.0,,60.980000000000004,48.92,600.0,,,,,,,,,,,58.0,999.0,999.0,,,,,999.0,,,,,,999.0,,,,
1965,2,12,,,,,,,,,,0.0,,,,,0.0,0.0,,,,,,,,,,,,,,,,-999.0,-999.0,,,,,-999.0,,,,,,-999.0,,,,
1965,2,13,,,,,,,,,,,,,,,,,,,,,,,,,,,,,,,,,,,,,,,,,,,,9.0,,,,
1965,2,14,60.0,80.0,,,,,,,,,41.0,,,,0.0,0.0,,60.980000000000004,46.04,270.0,,,,,,,,,,,80.0,9999.0,9999.0,,,,,9999.0,,,,,,1.0,,,,
1965,2,15,,,,,,,,,,0.0,,,,,0.0,0.0,,,32.0,,,,,,,,,,,,,-99.0,-99.0,,,,,-99.0,,,,,,,,,,
1965,2,16,,,,,,,,,,,,,,,,,,,,,,,,,,,,,,,,99.0,99.0,,,,,99.0,,,,,,99.0,,,,
1965,2,17,10.0,10.0,,,,,,,,0.0,100.0,,,,0.0,0.0,,62.059999999999995,44.06,654.0,,,,,315.0,,,,,,58.0,-9999.0,-9999.0,,,,,-9999.0,,,,,,-9999.0,,,,
1965,2,18,,,,,,,,,,0.0,,,,,0.0,0.0,,32.0,32.0,,,,,,,,,,,,,-9.0,-9.0,,,,,-9.0,,,,,,-9.0,,,,
1965,2,19,0.0,0.0,,,,,,,,0.0,100.0,,,,0.0,0.0,,60.980000000000004,37.94,654.0,,,,,,,,,,,80.0,999.0,999.0,,,,,999.0,,,,,,999.0,,,,
1965,2,20,,,,,,,,,,0.0,,,,,0.0,0.0,,,,,,,,,,,,,,,,-999.0,-999.0,,,,,-999.0,,,,,,-999.0,,,,
1965,2,22,40.0,50.0,,,,,,,,0.0,66.0,,,,0.0,0.0,,60.08,44.06,432.0,,,,,,,,,,,49.0,9999.0,9999.0,,,,,9999.0,,,,,,9999.0,,,,
1965,2,23,,,,,,,,,,0.0,,,,,0.0,0.0,,,32.0,,,,,,,,,,,,,-99.0,-99.0,,,,,-99.0,,,,,,-99.0,,,,
1965,2,24,,,,,,,,,,,,,,,,,,,,,,,,,,,,,,,,99.0,99.0,,,,,99.0,,,,,,99.0,,,,
1965,2,25,10.0,10.0,,,,,,,,0.0,100.0,,,,0.0,0.0,,66.02,44.06,666.0,,,,,315.0,,,,,,76.0,-9999.0,-9999.0,,,,,-9999.0,,,,,,-9999.0,,,,
1965,2,26,,,,,,,,,,0.0,,,,,0.0,0.0,,32.0,32.0,,,,,,,,,,,,,-9.0,-9.0,,,,,-9.0,,,,,,-9.0,,,,
1965,2,27,0.0,0.0,,,,,,,,0.0,100.0,,,,0.0,0.0,,66.92,44.06,666.0,,,,,,,,,,,72.0,999.0,999.0,,,,,999.0,,,,,,999.0,,,,
1965,2,28,,,,,,,,,,0.0,,,,,0.0,0.0,,,,,,,,,,,,,,,,-999.0,-999.0,,,,,,,,,,,-999.0,,,,
1965,2,30,0.0,0.0,,,,,,,,0.0,100.0,,,,0.0,0.0,,80.06,50.0,672.0,,,,,,,,,,,67.0,9999.0,9999.0,,,,,9999.0,,,,,,9999.0,,,,
1965,2,31,,,,,,,,,,0.0,,,,,0.0,0.0,,,32.0,,,,,,,,,,,,,,-99.0,,,,,-99.0,,,,,,-99.0,,,,
1965,3,1,0.0,0.0,,,,,,,,0.0,100.0,,,,0.0,0.0,,73.04,46.94,690.0,,,,,315.0,,,,,,76.0,-9999.0,,,,,,-9999.0,,,,,,-9999.0,,,,
1965,3,2,,,,,,,,,,0.0,,,,,0.0,0.0,,32.0,32.0,,,,,,,,,,,,,-9.0,,,,,,-9.0,,,,,,-9.0,,,,
1965,3,3,0.0,0.0,,,,,,,,0.0,100.0,,,,0.0,0.0,,71.96,46.04,690.0,,,,,,,,,,,58.0,999.0,,,,,,999.0,,,,,,999.0,,,,
1965,3,4,,,,,,,,,,0.0,,,,,0.0,0.0,,,,,,,,,,,,,,,,-999.0,,,,,,-999.0,,,,,,-999.0,,,,
1965,3,6,30.0,30.0,,,,,,,,0.0,93.0,,,,0.0,0.0,,73.04,48.92,642.0,,,,,,,,,,,63.0,9999.0,,,,,,9999.0,,,,,,9999.0,,,,
1965,3,7,,,,,,,,,,0.0,,,,,0.0,0.0,,,32.0,,,,,,,,,,,,,-99.0,,,,,,-99.0,,,,,,-99.0,,,,
1965,3,8,,,,,,,,,,,,,,,,,,,,,,,,,,,,,,,,99.0,,,,,,99.0,,,,,,99.0,,,,
1965,3,9,60.0,40.0,,,,,,,,18.0,85.0,,,,0.0,0.0,,64.94,48.92,594.0,,,,,315.0,,,,,,58.0,-9999.0,,,,,,-9999.0,,,,,,1.0,,,,
1965,3,10,,,,,,,,,,0.0,,,,,0.0,0.0,,32.0,32.0,,,,,,,,,,,,,-9.0,,,,,,-9.0,,,,,,,,,,
1965,3,11,50.0,60.0,,,,,,,,8.0,80.0,,,,0.0,0.0,,64.04,51.98,564.0,,,,,,,,,,,67.0,999.0,,,,,,999.0,,,,,,1.0,,,,
1965,3,12,,,,,,,,,,0.0,,,,,0.0,0.0,,,,,,,,,,,,,,,,-999.0,,,,,,-999.0,,,,,,,,,,
1965,3,14,50.0,50.0,,,,,,,,0.0,65.0,,,,0.0,0.0,,64.94,48.92,456.0,,,,,,,,,,,76.0,9999.0,,,,,,9999.0,,,,,,9999.0,,,,
1965,3,15,,,,,,,,,,0.0,,,,,0.0,0.0,,,,,,,,,,,,,,,,-99.0,,,,,,-99.0,,,,,,-99.0,,,,
1965,3,16,,,,,,,,,,,,,,,,,,,,,,,,,,,,,,,,99.0,,,,,,99.0,,,,,,99.0,,,,
1965,3,17,70.0,80.0,,,,,,,,185.0,65.0,,,,0.0,0.0,,62.059999999999995,48.92,462.0,,,,,225.0,,,,,,67.0,-9999.0,,,,,,-9999.0,,,,,,1.0,,,,
1965,3,18,,,,,,,,,,0.0,,,,,0.0,0.0,,32.0,32.0,,,,,,,,,,,,,-9.0,,,,,,-9.0,,,,,,,,,,
1965,3,19,80.0,70.0,,,,,,,,0.0,67.0,,,,0.0,0.0,,64.04,48.02,474.0,,,,,,,,,,,58.0,999.0,,,,,,999.0,,,,,,999.0,,,,
1965,3,20,,,,,,,,,,,,,,,0.0,0.0,,,,,,,,,,,,,,,,-999.0,,,,,,-999.0,,,,,,,,,,
1965,3,22,50.0,20.0,,,,,,,,15.0,91.0,,,,0.0,0.0,,64.04,48.02,654.0,,,,,,,,,,,72.0,9999.0,,,,,,9999.0,,,,,,1.0,,,,
1965,3,23,,,,,,,,,,0.0,,,,,0.0,0.0,,,,,,,,,,,,,,,,-99.0,,,,,,-99.0,,,,,,,,,,
1965,3,24,,,,,,,,,,,,,,,,,,,,,,,,,,,,,,,,99.0,,,,,,99.0,,,,,,,,,,
1965,3,25,80.0,90.0,,,,,,,,0.0,15.0,,,,0.0,0.0,,62.959999999999994,51.98,108.0,,,,,270.0,,,,,,49.0,-9999.0,,,,,,-9999.0,,,,,,1.0,,,,
1965,3,26,,,,,,,,,,,,,,,0.0,0.0,,32.0,32.0,,,,,,,,,,,,,-9.0,,,,,,-9.0,,,,,,,,,,
1965,3,27,70.0,60.0,,,,,,,,0.0,35.0,,,,0.0,0.0,,64.04,51.98,258.0,,,,,,,,,,,76.0,999.0,,,,,,999.0,,,,,,999.0,,,,
1965,3,28,,,,,,,,,,0.0,,,,,0.0,0.0,,,,,,,,,,,,,,,,-999.0,,,,,,,,,,,,-999.0,,,,
1965,3,30,50.0,60.0,,,,,,,,0.0,68.0,,,,0.0,0.0,,66.92,53.06,498.0,,,,,,,,,,,49.0,9999.0,,,,,,1.0,,,,,,9999.0,,,,
1965,3,31,,,,,,,,,,0.0,,,,,0.0,0.0,,,32.0,,,,,,,,,,,,,,,,,,,,,,,,,-99.0,,,,
1965,4,1,80.0,70.0,,,,,,,,58.0,54.0,,,,0.0,0.0,,64.04,51.98,402.0,,,,,135.0,,,,,,125.0,-9999.0,-9999.0,,,,,-9999.0,,,,,,1.0,,,,
1965,4,2,,,,,,,,,,0.0,,,,,0.0,0.0,,32.0,32.0,,,,,,,,,,,,,-9.0,-9.0,,,,,-9.0,,,,,,,,,,
1965,4,3,90.0,90.0,,,,,,,,3.0,51.0,,,,0.0,0.0,,62.959999999999994,53.06,384.0,,,,,,,,,,,76.0,999.0,999.0,,,,,999.0,,,,,,1.0,,,,
1965,4,4,,,,,,,,,,,,,,,0.0,0.0,,,,,,,,,,,,,,,,-999.0,-999.0,,,,,-999.0,,,,,,,,,,
1965,4,5,,,,,,,,,,,,,,,,,,,,,,,,,,,,,,,,9.0,,,,,,,,,,,,,,,,
1965,4,6,90.0,100.0,,,,,,,,58.0,6.0,,,,0.0,0.0,,60.08,48.92,42.0,,,,,,,,,,,76.0,1.0,9999.0,,,,,9999.0,,,,,,1.0,,,,
1965,4,7,,,,,,,,,,0.0,,,,,0.0,0.0,,,,,,,,,,,,,,,,,-99.0,,,,,-99.0,,,,,,,,,,
1965,4,8,,,,,,,,,,,,,,,,,,,,,,,,,,,,,,,,99.0,99.0,,,,,99.0,,,,,,,,,,
1965,4,9,80.0,100.0,,,,,,,,0.0,13.0,,,,0.0,0.0,,62.959999999999994,48.92,102.0,,,,,315.0,,,,,,67.0,-9999.0,-9999.0,,,,,-9999.0,,,,,,-9999.0,,,,
1965,4,10,,,,,,,,,,0.0,,,,,0.0,0.0,,32.0,32.0,,,,,,,,,,,,,-9.0,-9.0,,,,,-9.0,,,,,,,,,,
1965,4,11,70.0,70.0,,,,,,,,145.0,58.0,,,,0.0,0.0,,62.959999999999994,51.08,444.0,,,,,,,,,,,58.0,999.0,999.0,,,,,999.0,,,,,,1.0,,,,
1965,4,12,,,,,,,,,,,,,,,0.0,0.0,,,,,,,,,,,,,,,,-999.0,-999.0,,,,,-999.0,,,,,,,,,,
1965,4,14,90.0,100.0,,,,,,,,124.0,33.0,,,,0.0,0.0,,62.959999999999994,48.02,258.0,,,,,,,,,,,143.0,9999.0,9999.0,,,,,9999.0,,,,,,1.0,,,,
1965,4,15,,,,,,,,,,0.0,,,,,0.0,0.0,,,,,,,,,,,,,,,,-99.0,-99.0,,,,,-99.0,,,,,,,,,,
1965,4,16,,,,,,,,,,,,,,,,,,,,,,,,,,,,,,,,99.0,99.0,,,,,99.0,,,,,,,,,,
1965,4,17,60.0,70.0,,,,,,,,46.0,44.0,,,,0.0,0.0,,60.08,44.96,336.0,,,,,270.0,,,,,,98.0,-9999.0,-9999.0,,,,,-9999.0,,,,,,1.0,,,,
1965,4,18,,,,,,,,,,0.0,,,,,0.0,0.0,,32.0,32.0,,,,,,,,,,,,,-9.0,-9.0,,,,,-9.0,,,,,,,,,,
1965,4,19,70.0,60.0,,,,,,,,3.0,55.0,,,,0.0,0.0,,60.980000000000004,44.06,420.0,,,,,,,,,,,85.0,999.0,999.0,,,,,999.0,,,,,,1.0,,,,
1965,4,20,,,,,,,,,,0.0,,,,,0.0,0.0,,,,,,,,,,,,,,,,-999.0,-999.0,,,,,-999.0,,,,,,,,,,
1965,4,22,20.0,30.0,,,,,,,,0.0,96.0,,,,0.0,0.0,,66.92,48.92,744.0,,,,,,,,,,,67.0,9999.0,9999.0,,,,,9999.0,,,,,,9999.0,,,,
1965,4,23,,,,,,,,,,0.0,,,,,0.0,0.0,,,32.0,,,,,,,,,,,,,-99.0,-99.0,,,,,-99.0,,,,,,-99.0,,,,
1965,4,24,,,,,,,,,,,,,,,,,,,,,,,,,,,,,,,,99.0,99.0,,,,,99.0,,,,,,99.0,,,,
1965,4,25,40.0,40.0,,,,,,,,0.0,98.0,,,,0.0,0.0,,71.06,51.08,762.0,,,,,315.0,,,,,,80.0,-9999.0,-9999.0,,,,,-9999.0,,,,,,-9999.0,,,,
1965,4,26,,,,,,,,,,0.0,,,,,0.0,0.0,,32.0,32.0,,,,,,,,,,,,,,-9.0,,,,,,,,,,,-9.0,,,,
1965,4,27,60.0,30.0,,,,,,,,0.0,91.0,,,,0.0,0.0,,71.06,55.04,708.0,,,,,,,,,,,67.0,1.0,999.0,,,,,1.0,,,,,,999.0,,,,
1965,4,28,,,,,,,,,,0.0,,,,,0.0,0.0,,,,,,,,,,,,,,,,,-999.0,,,,,,,,,,,-999.0,,,,
1965,4,29,,,,,,,,,,,,,,,,,,,,,,,,,,,,,,,,9.0,,,,,,,,,,,,,,,,
1965,4,30,10.0,10.0,,,,,,,,0.0,97.0,,,,0.0,0.0,,80.96,57.92,762.0,,,,,,,,,,,63.0,1.0,9999.0,,,,,9999.0,,,,,,9999.0,,,,
1965,4,31,,,,,,,,,,0.0,,,,,0.0,0.0,,,,,,,,,,,,,,,,,-99.0,,,,,,,,,,,-99.0,,,,
1965,5,1,50.0,30.0,,,,,,,,0.0,78.0,,,,0.0,0.0,,69.98,59.0,630.0,,,,,315.0,,,,,,54.0,-9999.0,,,,,,1.0,,,,,,-9999.0,,,,
1965,5,2,,,,,,,,,,0.0,,,,,0.0,0.0,,32.0,32.0,,,,,,,,,,,,,-9.0,,,,,,,,,,,,-9.0,,,,
1965,5,3,70.0,70.0,,,,,,,,0.0,67.0,,,,0.0,0.0,,68.0,57.02,540.0,,,,,,,,,,,63.0,999.0,,,,,,999.0,,,,,,999.0,,,,
1965,5,4,,,,,,,,,,0.0,,,,,0.0,0.0,,,,,,,,,,,,,,,,-999.0,,,,,,-999.0,,,,,,-999.0,,,,
1965,5,6,60.0,80.0,,,,,,,,0.0,85.0,,,,0.0,0.0,,66.92,53.96,690.0,,,,,,,,,,,58.0,9999.0,,,,,,9999.0,,,,,,9999.0,,,,
1965,5,7,,,,,,,,,,0.0,,,,,0.0,0.0,,,,,,,,,,,,,,,,-99.0,,,,,,-99.0,,,,,,-99.0,,,,
1965,5,8,,,,,,,,,,,,,,,,,,,,,,,,,,,,,,,,99.0,,,,,,99.0,,,,,,99.0,,,,
1965,5,9,50.0,40.0,,,,,,,,0.0,78.0,,,,0.0,0.0,,66.92,55.04,636.0,,,,,270.0,,,,,,76.0,-9999.0,,,,,,-9999.0,,,,,,-9999.0,,,,
1965,5,10,,,,,,,,,,0.0,,,,,0.0,0.0,,32.0,32.0,,,,,,,,,,,,,-9.0,,,,,,-9.0,,,,,,,,,,
1965,5,11,20.0,10.0,,,,,,,,,95.0,,,,0.0,0.0,,69.08,53.96,780.0,,,,,,,,,,,72.0,999.0,,,,,,999.0,,,,,,1.0,,,,
1965,5,12,,,,,,,,,,0.0,,,,,0.0,0.0,,,,,,,,,,,,,,,,-999.0,,,,,,-999.0,,,,,,,,,,
1965,5,14,50.0,40.0,,,,,,,,0.0,79.0,,,,0.0,0.0,,68.0,57.02,654.0,,,,,,,,,,,58.0,9999.0,,,,,,9999.0,,,,,,9999.0,,,,
1965,5,15,,,,,,,,,,0.0,,,,,0.0,0.0,,,,,,,,,,,,,,,,-99.0,,,,,,-99.0,,,,,,-99.0,,,,
1965,5,16,,,,,,,,,,,,,,,,,,,,,,,,,,,,,,,,99.0,,,,,,99.0,,,,,,99.0,,,,
1965,5,17,100.0,100.0,,,,,,,,0.0,9.0,,,,0.0,0.0,,64.94,59.0,78.0,,,,,270.0,,,,,,54.0,-9999.0,,,,,,1.0,,,,,,-9999.0,,,,
1965,5,18,,,,,,,,,,0.0,,,,,0.0,0.0,,32.0,32.0,,,,,,,,,,,,,-9.0,,,,,,,,,,,,-9.0,,,,
1965,5,19,70.0,70.0,,,,,,,,0.0,59.0,,,,0.0,0.0,,66.92,57.92,486.0,,,,,,,,,,,58.0,999.0,,,,,,999.0,,,,,,999.0,,,,
1965,5,20,,,,,,,,,,0.0,,,,,0.0,0.0,,,,,,,,,,,,,,,,-999.0,,,,,,-999.0,,,,,,-999.0,,,,
1965,5,22,80.0,80.0,,,,,,,,0.0,57.0,,,,0.0,0.0,,66.92,57.92,474.0,,,,,,,,,,,49.0,9999.0,,,,,,9999.0,,,,,,9999.0,,,,
1965,5,23,,,,,,,,,,0.0,,,,,0.0,0.0,,,,,,,,,,,,,,,,-99.0,,,,,,-99.0,,,,,,-99.0,,,,
1965,5,24,,,,,,,,,,,,,,,,,,,,,,,,,,,,,,,,99.0,,,,,,99.0,,,,,,99.0,,,,
1965,5,25,50.0,40.0,,,,,,,,0.0,77.0,,,,0.0,0.0,,69.98,59.0,642.0,,,,,225.0,,,,,,40.0,-9999.0,,,,,,1.0,,,,,,-9999.0,,,,
1965,5,26,,,,,,,,,,0.0,,,,,0.0,0.0,,32.0,32.0,,,,,,,,,,,,,,,,,,,,,,,,,-9.0,,,,
1965,5,27,80.0,80.0,,,,,,,,0.0,41.0,,,,0.0,0.0,,69.98,60.08,342.0,,,,,,,,,,,63.0,1.0,,,,,,1.0,,,,,,999.0,,,,
1965,5,28,,,,,,,,,,0.0,,,,,0.0,0.0,,,,,,,,,,,,,,,,,,,,,,,,,,,,-999.0,,,,
1965,5,30,60.0,50.0,,,,,,,,0.0,78.0,,,,0.0,0.0,,69.08,59.0,648.0,,,,,,,,,,,54.0,9999.0,,,,,,9999.0,,,,,,9999.0,,,,
1965,5,31,,,,,,,,,,0.0,,,,,0.0,0.0,,,,,,,,,,,,,,,,-99.0,,,,,,,,,,,,-99.0,,,,
1965,6,1,90.0,100.0,,,,,,,,0.0,55.0,,,,0.0,0.0,,66.02,57.92,468.0,,,,,225.0,,,,,,49.0,-9999.0,,,,,,-9999.0,,,,,,-9999.0,,,,
1965,6,2,,,,,,,,,,0.0,,,,,0.0,0.0,,32.0,32.0,,,,,,,,,,,,,-9.0,,,,,,-9.0,,,,,,,,,,
1965,6,3,100.0,100.0,,,,,,,,,41.0,,,,0.0,0.0,,66.02,57.02,348.0,,,,,,,,,,,54.0,999.0,,,,,,999.0,,,,,,1.0,,,,
1965,6,4,,,,,,,,,,0.0,,,,,0.0,0.0,,,,,,,,,,,,,,,,-999.0,,,,,,-999.0,,,,,,,,,,
1965,6,6,90.0,80.0,,,,,,,,0.0,32.0,,,,0.0,0.0,,66.92,60.08,276.0,,,,,,,,,,,54.0,9999.0,,,,,,9999.0,,,,,,9999.0,,,,
1965,6,7,,,,,,,,,,0.0,,,,,0.0,0.0,,,,,,,,,,,,,,,,-99.0,,,,,,-99.0,,,,,,-99.0,,,,
1965,6,8,,,,,,,,,,,,,,,,,,,,,,,,,,,,,,,,99.0,,,,,,99.0,,,,,,99.0,,,,
1965,6,9,70.0,60.0,,,,,,,,0.0,69.0,,,,0.0,0.0,,68.0,60.08,588.0,,,,,270.0,,,,,,54.0,-9999.0,,,,,,-9999.0,,,,,,-9999.0,,,,
1965,6,10,,,,,,,,,,0.0,,,,,0.0,0.0,,32.0,32.0,,,,,,,,,,,,,-9.0,,,,,,-9.0,,,,,,-9.0,,,,
1965,6,11,100.0,100.0,,,,,,,,0.0,41.0,,,,0.0,0.0,,68.0,59.0,348.0,,,,,,,,,,,54.0,999.0,,,,,,999.0,,,,,,999.0,,,,
1965,6,12,,,,,,,,,,0.0,,,,,0.0,0.0,,,,,,,,,,,,,,,,-999.0,,,,,,-999.0,,,,,,-999.0,,,,
1965,6,13,,,,,,,,,,,,,,,,,,,,,,,,,,,,,,,,,,,,,,,,,,,,9.0,,,,
1965,6,14,60.0,60.0,,,,,,,,,61.0,,,,0.0,0.0,,68.0,57.02,528.0,,,,,,,,,,,54.0,9999.0,,,,,,9999.0,,,,,,1.0,,,,
1965,6,15,,,,,,,,,,0.0,,,,,0.0,0.0,,,,,,,,,,,,,,,,-99.0,,,,,,-99.0,,,,,,,,,,
1965,6,16,,,,,,,,,,,,,,,,,,,,,,,,,,,,,,,,99.0,,,,,,99.0,,,,,,99.0,,,,
1965,6,17,70.0,40.0,,,,,,,,0.0,69.0,,,,0.0,0.0,,69.98,60.08,588.0,,,,,225.0,,,,,,49.0,-9999.0,,,,,,1.0,,,,,,-9999.0,,,,
1965,6,18,,,,,,,,,,0.0,,,,,0.0,0.0,,32.0,32.0,,,,,,,,,,,,,-9.0,,,,,,,,,,,,-9.0,,,,
1965,6,19,90.0,80.0,,,,,,,,0.0,33.0,,,,0.0,0.0,,69.98,60.980000000000004,282.0,,,,,,,,,,,49.0,999.0,,,,,,1.0,,,,,,999.0,,,,
1965,6,20,,,,,,,,,,0.0,,,,,0.0,0.0,,,,,,,,,,,,,,,,-999.0,,,,,,,,,,,,-999.0,,,,
1965,6,22,80.0,70.0,,,,,,,,0.0,69.0,,,,0.0,0.0,,71.96,59.0,588.0,,,,,,,,,,,63.0,9999.0,,,,,,9999.0,,,,,,9999.0,,,,
1965,6,23,,,,,,,,,,0.0,,,,,0.0,0.0,,,,,,,,,,,,,,,,-99.0,,,,,,-99.0,,,,,,,,,,
1965,6,24,,,,,,,,,,,,,,,,,,,,,,,,,,,,,,,,99.0,,,,,,99.0,,,,,,,,,,
1965,6,25,90.0,90.0,,,,,,,,3.0,33.0,,,,0.0,0.0,,66.02,57.02,288.0,,,,,180.0,,,,,,63.0,-9999.0,,,,,,-9999.0,,,,,,1.0,,,,
1965,6,26,,,,,,,,,,0.0,,,,,0.0,0.0,,32.0,32.0,,,,,,,,,,,,,-9.0,,,,,,-9.0,,,,,,,,,,
1965,6,27,50.0,50.0,,,,,,,,0.0,64.0,,,,0.0,0.0,,69.08,55.94,546.0,,,,,,,,,,,63.0,999.0,,,,,,999.0,,,,,,999.0,,,,
1965,6,28,,,,,,,,,,0.0,,,,,0.0,0.0,,,,,,,,,,,,,,,,-999.0,,,,,,-999.0,,,,,,-999.0,,,,
1965,6,30,100.0,100.0,,,,,,,,0.0,19.0,,,,0.0,0.0,,66.92,60.980000000000004,162.0,,,,,,,,,,,54.0,9999.0,,,,,,9999.0,,,,,,9999.0,,,,
1965,6,31,,,,,,,,,,0.0,,,,,0.0,0.0,,,,,,,,,,,,,,,,-99.0,,,,,,,,,,,,-99.0,,,,
1965,7,1,30.0,20.0,,,,,,,,0.0,82.0,,,,0.0,0.0,,73.94,60.08,702.0,,,,,315.0,,,,,,72.0,-9999.0,,,,,,1.0,,,,,,-9999.0,,,,
1965,7,2,,,,,,,,,,0.0,,,,,0.0,0.0,,32.0,32.0,,,,,,,,,,,,,,,,,,,,,,,,,-9.0,,,,
1965,7,3,40.0,20.0,,,,,,,,0.0,83.0,,,,0.0,0.0,,71.96,60.08,714.0,,,,,,,,,,,76.0,1.0,,,,,,1.0,,,,,,999.0,,,,
1965,7,4,,,,,,,,,,0.0,,,,,0.0,0.0,,,,,,,,,,,,,,,,,,,,,,,,,,,,-999.0,,,,
1965,7,6,40.0,30.0,,,,,,,,0.0,77.0,,,,0.0,0.0,,73.94,60.08,660.0,,,,,,,,,,,72.0,1.0,,,,,,1.0,,,,,,9999.0,,,,
1965,7,7,,,,,,,,,,0.0,,,,,0.0,0.0,,,,,,,,,,,,,,,,,,,,,,,,,,,,-99.0,,,,
1965,7,8,,,,,,,,,,,,,,,,,,,,,,,,,,,,,,,,,,,,,,,,,,,,99.0,,,,
1965,7,9,60.0,40.0,,,,,,,,0.0,74.0,,,,0.0,0.0,,73.04,60.08,630.0,,,,,225.0,,,,,,45.0,-9999.0,,,,,,1.0,,,,,,-9999.0,,,,
1965,7,10,,,,,,,,,,0.0,,,,,0.0,0.0,,32.0,32.0,,,,,,,,,,,,,-9.0,,,,,,,,,,,,-9.0,,,,
1965,7,11,60.0,40.0,,,,,,,,0.0,78.0,,,,0.0,0.0,,71.96,60.980000000000004,666.0,,,,,,,,,,,45.0,999.0,,,,,,1.0,,,,,,999.0,,,,
1965,7,12,,,,,,,,,,0.0,,,,,0.0,0.0,,,,,,,,,,,,,,,,-999.0,,,,,,,,,,,,-999.0,,,,
1965,7,14,80.0,60.0,,,,,,,,0.0,50.0,,,,0.0,0.0,,69.98,60.980000000000004,426.0,,,,,,,,,,,45.0,9999.0,,,,,,1.0,,,,,,9999.0,,,,
1965,7,15,,,,,,,,,,0.0,,,,,0.0,0.0,,,,,,,,,,,,,,,,-99.0,,,,,,,,,,,,-99.0,,,,
1965,7,16,,,,,,,,,,,,,,,,,,,,,,,,,,,,,,,,99.0,,,,,,,,,,,,99.0,,,,
1965,7,17,100.0,100.0,,,,,,,,0.0,44.0,,,,0.0,0.0,,66.02,59.0,372.0,,,,,180.0,,,,,,49.0,-9999.0,,,,,,1.0,,,,,,-9999.0,,,,
1965,7,18,,,,,,,,,,0.0,,,,,0.0,0.0,,32.0,32.0,,,,,,,,,,,,,-9.0,,,,,,,,,,,,-9.0,,,,
1965,7,19,70.0,50.0,,,,,,,,0.0,58.0,,,,0.0,0.0,,69.98,60.980000000000004,498.0,,,,,,,,,,,49.0,999.0,,,,,,999.0,,,,,,999.0,,,,
1965,7,20,,,,,,,,,,0.0,,,,,0.0,0.0,,,,,,,,,,,,,,,,-999.0,,,,,,,,,,,,-999.0,,,,
1965,7,22,80.0,90.0,,,,,,,,0.0,59.0,,,,0.0,0.0,,73.04,62.959999999999994,498.0,,,,,,,,,,,67.0,9999.0,,,,,,1.0,,,,,,9999.0,,,,
1965,7,23,,,,,,,,,,0.0,,,,,0.0,0.0,,,,,,,,,,,,,,,,-99.0,,,,,,,,,,,,-99.0,,,,
1965,7,24,,,,,,,,,,,,,,,,,,,,,,,,,,,,,,,,99.0,,,,,,,,,,,,99.0,,,,
1965,7,25,60.0,50.0,,,,,,,,0.0,81.0,,,,0.0,0.0,,73.94,64.94,684.0,,,,,315.0,,,,,,63.0,-9999.0,,,,,,1.0,,,,,,-9999.0,,,,
1965,7,26,,,,,,,,,,0.0,,,,,0.0,0.0,,32.0,32.0,,,,,,,,,,,,,-9.0,,,,,,,,,,,,-9.0,,,,
1965,7,27,40.0,40.0,,,,,,,,0.0,76.0,,,,0.0,0.0,,75.92,64.94,636.0,,,,,,,,,,,58.0,999.0,,,,,,1.0,,,,,,999.0,,,,
1965,7,28,,,,,,,,,,0.0,,,,,0.0,0.0,,,,,,,,,,,,,,,,-999.0,,,,,,,,,,,,-999.0,,,,
1965,7,30,30.0,10.0,,,,,,,,0.0,93.0,,,,0.0,0.0,,75.02,62.959999999999994,786.0,,,,,,,,,,,72.0,9999.0,,,,,,9999.0,,,,,,9999.0,,,,
1965,7,31,,,,,,,,,,0.0,,,,,0.0,0.0,,,,,,,,,,,,,,,,-99.0,,,,,,-99.0,,,,,,-99.0,,,,
1965,8,1,50.0,30.0,,,,,,,,0.0,76.0,,,,0.0,0.0,,73.94,64.94,624.0,,,,,315.0,,,,,,76.0,-9999.0,,,,,,1.0,,,,,,-9999.0,,,,
1965,8,2,,,,,,,,,,0.0,,,,,0.0,0.0,,32.0,32.0,,,,,,,,,,,,,-9.0,,,,,,,,,,,,-9.0,,,,
1965,8,3,90.0,80.0,,,,,,,,0.0,60.0,,,,0.0,0.0,,75.02,62.959999999999994,498.0,,,,,,,,,,,54.0,999.0,,,,,,1.0,,,,,,999.0,,,,
1965,8,4,,,,,,,,,,0.0,,,,,0.0,0.0,,,,,,,,,,,,,,,,-999.0,,,,,,,,,,,,-999.0,,,,
1965,8,6,60.0,30.0,,,,,,,,0.0,66.0,,,,0.0,0.0,,73.94,62.959999999999994,546.0,,,,,,,,,,,49.0,9999.0,,,,,,1.0,,,,,,9999.0,,,,
1965,8,7,,,,,,,,,,0.0,,,,,0.0,0.0,,,,,,,,,,,,,,,,-99.0,,,,,,,,,,,,-99.0,,,,
1965,8,8,,,,,,,,,,,,,,,,,,,,,,,,,,,,,,,,99.0,,,,,,,,,,,,99.0,,,,
1965,8,9,60.0,40.0,,,,,,,,0.0,70.0,,,,0.0,0.0,,73.94,62.959999999999994,570.0,,,,,225.0,,,,,,40.0,-9999.0,,,,,,1.0,,,,,,-9999.0,,,,
1965,8,10,,,,,,,,,,0.0,,,,,0.0,0.0,,32.0,32.0,,,,,,,,,,,,,-9.0,,,,,,,,,,,,-9.0,,,,
1965,8,11,70.0,60.0,,,,,,,,0.0,74.0,,,,0.0,0.0,,75.02,62.959999999999994,606.0,,,,,,,,,,,67.0,999.0,,,,,,1.0,,,,,,999.0,,,,
1965,8,12,,,,,,,,,,0.0,,,,,0.0,0.0,,,,,,,,,,,,,,,,-999.0,,,,,,,,,,,,-999.0,,,,
1965,8,14,30.0,20.0,,,,,,,,0.0,86.0,,,,0.0,0.0,,89.06,69.08,702.0,,,,,,,,,,,76.0,9999.0,,,,,,9999.0,,,,,,9999.0,,,,
1965,8,15,,,,,,,,,,0.0,,,,,0.0,0.0,,,,,,,,,,,,,,,,,,,,,,,,,,,,-99.0,,,,
1965,8,16,,,,,,,,,,,,,,,,,,,,,,,,,,,,,,,,,,,,,,,,,,,,99.0,,,,
1965,8,17,40.0,40.0,,,,,,,,0.0,86.0,,,,0.0,0.0,,82.04,68.0,696.0,,,,,180.0,,,,,,49.0,1.0,,,,,,-9999.0,,,,,,-9999.0,,,,
1965,8,18,,,,,,,,,,0.0,,,,,0.0,0.0,,32.0,32.0,,,,,,,,,,,,,,,,,,,-9.0,,,,,,-9.0,,,,
1965,8,19,50.0,50.0,,,,,,,,0.0,90.0,,,,0.0,0.0,,87.98,71.96,732.0,,,,,,,,,,,54.0,999.0,,,,,,999.0,,,,,,999.0,,,,
1965,8,20,,,,,,,,,,0.0,,,,,0.0,0.0,,,,,,,,,,,,,,,,-999.0,,,,,,-999.0,,,,,,-999.0,,,,
1965,8,22,30.0,30.0,,,,,,,,0.0,87.0,,,,0.0,0.0,,84.02,71.96,702.0,,,,,,,,,,,58.0,9999.0,,,,,,9999.0,,,,,,9999.0,,,,
1965,8,23,,,,,,,,,,0.0,,,,,0.0,0.0,,,,,,,,,,,,,,,,-99.0,,,,,,-99.0,,,,,,-99.0,,,,
1965,8,24,,,,,,,,,,,,,,,,,,,,,,,,,,,,,,,,99.0,,,,,,99.0,,,,,,99.0,,,,
1965,8,25,50.0,20.0,,,,,,,,0.0,85.0,,,,0.0,0.0,,80.96,69.08,678.0,,,,,270.0,,,,,,54.0,-9999.0,,,,,,-9999.0,,,,,,1.0,,,,
1965,8,26,,,,,,,,,,,,,,,0.0,0.0,,32.0,32.0,,,,,,,,,,,,,-9.0,,,,,,-9.0,,,,,,,,,,
1965,8,27,70.0,50.0,,,,,,,,0.0,68.0,,,,0.0,0.0,,78.08,66.02,546.0,,,,,,,,,,,45.0,999.0,,,,,,999.0,,,,,,999.0,,,,
1965,8,28,,,,,,,,,,0.0,,,,,0.0,0.0,,,,,,,,,,,,,,,,-999.0,,,,,,-999.0,,,,,,-999.0,,,,
1965,8,29,,,,,,,,,,,,,,,,,,,,,,,,,,,,,,,,,,,,,,9.0,,,,,,,,,,
1965,8,30,100.0,100.0,,,,,,,,0.0,8.0,,,,0.0,0.0,,75.92,66.02,60.0,,,,,,,,,,,58.0,9999.0,,,,,,1.0,,,,,,9999.0,,,,
1965,8,31,,,,,,,,,,0.0,,,,,0.0,0.0,,,,,,,,,,,,,,,,-99.0,,,,,,,,,,,,-99.0,,,,
1965,9,1,40.0,20.0,,,,,,,,0.0,86.0,,,,0.0,0.0,,73.94,66.02,660.0,,,,,315.0,,,,,,63.0,-9999.0,-9999.0,,,,,-9999.0,,,,,,-9999.0,,,,
1965,9,2,,,,,,,,,,0.0,,,,,0.0,0.0,,32.0,32.0,,,,,,,,,,,,,-9.0,-9.0,,,,,-9.0,,,,,,-9.0,,,,
1965,9,3,50.0,30.0,,,,,,,,0.0,74.0,,,,0.0,0.0,,75.02,64.04,570.0,,,,,,,,,,,49.0,999.0,999.0,,,,,999.0,,,,,,999.0,,,,
1965,9,4,,,,,,,,,,0.0,,,,,0.0,0.0,,,,,,,,,,,,,,,,-999.0,-999.0,,,,,,,,,,,-999.0,,,,
1965,9,6,50.0,50.0,,,,,,,,0.0,64.0,,,,0.0,0.0,,77.0,64.94,492.0,,,,,,,,,,,49.0,9999.0,9999.0,,,,,9999.0,,,,,,9999.0,,,,
1965,9,7,,,,,,,,,,0.0,,,,,0.0,0.0,,,,,,,,,,,,,,,,-99.0,-99.0,,,,,-99.0,,,,,,,,,,
1965,9,8,,,,,,,,,,,,,,,,,,,,,,,,,,,,,,,,99.0,99.0,,,,,99.0,,,,,,,,,,
1965,9,9,100.0,100.0,,,,,,,,8.0,0.0,,,,0.0,0.0,,66.92,62.059999999999995,0.0,,,,,315.0,,,,,,49.0,1.0,-9999.0,,,,,-9999.0,,,,,,1.0,,,,
1965,9,10,,,,,,,,,,0.0,,,,,0.0,0.0,,32.0,32.0,,,,,,,,,,,,,,-9.0,,,,,-9.0,,,,,,,,,,
1965,9,11,40.0,40.0,,,,,,,,0.0,70.0,,,,0.0,0.0,,73.04,62.959999999999994,528.0,,,,,,,,,,,80.0,999.0,999.0,,,,,999.0,,,,,,999.0,,,,
1965,9,12,,,,,,,,,,0.0,,,,,0.0,0.0,,,,,,,,,,,,,,,,-999.0,-999.0,,,,,-999.0,,,,,,-999.0,,,,
1965,9,13,,,,,,,,,,,,,,,,,,,,,,,,,,,,,,,,9.0,,,,,,9.0,,,,,,,,,,
1965,9,14,40.0,20.0,,,,,,,,0.0,85.0,,,,0.0,0.0,,73.94,60.08,642.0,,,,,,,,,,,72.0,1.0,9999.0,,,,,1.0,,,,,,9999.0,,,,
1965,9,15,,,,,,,,,,0.0,,,,,0.0,0.0,,,,,,,,,,,,,,,,,-99.0,,,,,,,,,,,-99.0,,,,
1965,9,16,,,,,,,,,,,,,,,,,,,,,,,,,,,,,,,,99.0,99.0,,,,,99.0,,,,,,99.0,,,,
1965,9,17,40.0,20.0,,,,,,,,0.0,80.0,,,,0.0,0.0,,73.94,62.059999999999995,600.0,,,,,315.0,,,,,,72.0,-9999.0,-9999.0,,,,,-9999.0,,,,,,-9999.0,,,,
1965,9,18,,,,,,,,,,0.0,,,,,0.0,0.0,,32.0,32.0,,,,,,,,,,,,,-9.0,-9.0,,,,,-9.0,,,,,,-9.0,,,,
1965,9,19,60.0,50.0,,,,,,,,0.0,95.0,,,,0.0,0.0,,73.94,60.08,714.0,,,,,,,,,,,76.0,999.0,999.0,,,,,999.0,,,,,,999.0,,,,
1965,9,20,,,,,,,,,,0.0,,,,,0.0,0.0,,,,,,,,,,,,,,,,,-999.0,,,,,,,,,,,-999.0,,,,
1965,9,22,10.0,0.0,,,,,,,,0.0,100.0,,,,0.0,0.0,,80.06,64.04,744.0,,,,,,,,,,,76.0,1.0,9999.0,,,,,1.0,,,,,,9999.0,,,,
1965,9,23,,,,,,,,,,0.0,,,,,0.0,0.0,,,,,,,,,,,,,,,,,,,,,,,,,,,,-99.0,,,,
1965,9,24,,,,,,,,,,,,,,,,,,,,,,,,,,,,,,,,,,,,,,,,,,,,99.0,,,,
1965,9,25,100.0,100.0,,,,,,,,18.0,0.0,,,,0.0,0.0,,69.08,64.04,6.0,,,,,180.0,,,,,,76.0,1.0,-9999.0,,,,,-9999.0,,,,,,1.0,,,,
1965,9,26,,,,,,,,,,0.0,,,,,0.0,0.0,,32.0,32.0,,,,,,,,,,,,,,-9.0,,,,,-9.0,,,,,,,,,,
1965,9,27,90.0,100.0,,,,,,,,38.0,32.0,,,,0.0,0.0,,69.98,62.059999999999995,234.0,,,,,,,,,,,63.0,1.0,999.0,,,,,999.0,,,,,,1.0,,,,
1965,9,28,,,,,,,,,,,,,,,0.0,0.0,,,,,,,,,,,,,,,,,-999.0,,,,,-999.0,,,,,,,,,,
1965,9,30,20.0,10.0,,,,,,,,0.0,98.0,,,,0.0,0.0,,73.04,59.0,720.0,,,,,,,,,,,54.0,9999.0,9999.0,,,,,9999.0,,,,,,9999.0,,,,
1965,9,31,,,,,,,,,,0.0,,,,,0.0,0.0,,,,,,,,,,,,,,,,-99.0,-99.0,,,,,,,,,,,-99.0,,,,
1965,10,1,0.0,0.0,,,,,,,,0.0,100.0,,,,0.0,0.0,,93.02,60.08,714.0,,,,,315.0,,,,,,76.0,-9999.0,-9999.0,,,,,-9999.0,,,,,,-9999.0,,,,
1965,10,2,,,,,,,,,,0.0,,,,,0.0,0.0,,32.0,32.0,,,,,,,,,,,,,-9.0,-9.0,,,,,-9.0,,,,,,-9.0,,,,
1965,10,3,0.0,0.0,,,,,,,,0.0,100.0,,,,0.0,0.0,,91.03999999999999,60.08,708.0,,,,,,,,,,,80.0,999.0,999.0,,,,,999.0,,,,,,999.0,,,,
1965,10,4,,,,,,,,,,0.0,,,,,0.0,0.0,,,,,,,,,,,,,,,,,,,,,,,,,,,,-999.0,,,,
1965,10,6,50.0,50.0,,,,,,,,0.0,87.0,,,,0.0,0.0,,75.02,55.94,612.0,,,,,,,,,,,67.0,1.0,1.0,,,,,1.0,,,,,,9999.0,,,,
1965,10,7,,,,,,,,,,0.0,,,,,0.0,0.0,,,,,,,,,,,,,,,,,,,,,,,,,,,,-99.0,,,,
1965,10,8,,,,,,,,,,,,,,,,,,,,,,,,,,,,,,,,,99.0,,,,,,,,,,,99.0,,,,
1965,10,9,50.0,40.0,,,,,,,,0.0,67.0,,,,0.0,0.0,,71.06,59.0,468.0,,,,,180.0,,,,,,54.0,1.0,-9999.0,,,,,1.0,,,,,,-9999.0,,,,
1965,10,10,,,,,,,,,,0.0,,,,,0.0,0.0,,32.0,32.0,,,,,,,,,,,,,,-9.0,,,,,,,,,,,-9.0,,,,
1965,10,11,90.0,90.0,,,,,,,,0.0,25.0,,,,0.0,0.0,,69.98,62.059999999999995,174.0,,,,,,,,,,,40.0,999.0,999.0,,,,,1.0,,,,,,999.0,,,,
1965,10,12,,,,,,,,,,0.0,,,,,0.0,0.0,,,,,,,,,,,,,,,,-999.0,-999.0,,,,,,,,,,,-999.0,,,,
1965,10,14,100.0,100.0,,,,,,,,0.0,0.0,,,,0.0,0.0,,71.96,64.94,0.0,,,,,,,,,,,72.0,9999.0,9999.0,,,,,1.0,,,,,,9999.0,,,,
1965,10,15,,,,,,,,,,0.0,,,,,0.0,0.0,,,,,,,,,,,,,,,,-99.0,-99.0,,,,,,,,,,,-99.0,,,,
1965,10,16,,,,,,,,,,,,,,,,,,,,,,,,,,,,,,,,99.0,99.0,,,,,,,,,,,99.0,,,,
1965,10,17,0.0,0.0,,,,,,,,0.0,100.0,,,,0.0,0.0,,73.94,57.92,690.0,,,,,315.0,,,,,,63.0,-9999.0,-9999.0,,,,,1.0,,,,,,-9999.0,,,,
1965,10,18,,,,,,,,,,0.0,,,,,0.0,0.0,,32.0,32.0,,,,,,,,,,,,,,,,,,,,,,,,,-9.0,,,,
1965,10,19,90.0,80.0,,,,,,,,0.0,44.0,,,,0.0,0.0,,71.06,60.980000000000004,306.0,,,,,,,,,,,45.0,1.0,1.0,,,,,1.0,,,,,,999.0,,,,
1965,10,20,,,,,,,,,,0.0,,,,,0.0,0.0,,,,,,,,,,,,,,,,,,,,,,,,,,,,-999.0,,,,
1965,10,22,80.0,60.0,,,,,,,,0.0,51.0,,,,0.0,0.0,,71.96,64.94,348.0,,,,,,,,,,,45.0,9999.0,9999.0,,,,,9999.0,,,,,,9999.0,,,,
1965,10,23,,,,,,,,,,0.0,,,,,0.0,0.0,,,,,,,,,,,,,,,,-99.0,-99.0,,,,,-99.0,,,,,,,,,,
1965,10,24,,,,,,,,,,,,,,,,,,,,,,,,,,,,,,,,99.0,99.0,,,,,99.0,,,,,,,,,,
1965,10,25,0.0,0.0,,,,,,,,0.0,100.0,,,,0.0,0.0,,71.06,55.94,684.0,,,,,315.0,,,,,,76.0,-9999.0,-9999.0,,,,,-9999.0,,,,,,-9999.0,,,,
1965,10,26,,,,,,,,,,0.0,,,,,0.0,0.0,,32.0,32.0,,,,,,,,,,,,,-9.0,-9.0,,,,,-9.0,,,,,,-9.0,,,,
1965,10,27,0.0,0.0,,,,,,,,0.0,100.0,,,,0.0,0.0,,71.96,51.08,678.0,,,,,,,,,,,45.0,999.0,999.0,,,,,999.0,,,,,,999.0,,,,
1965,10,28,,,,,,,,,,0.0,,,,,0.0,0.0,,,,,,,,,,,,,,,,-999.0,-999.0,,,,,-999.0,,,,,,-999.0,,,,
1965,10,29,,,,,,,,,,,,,,,,,,,,,,,,,,,,,,,,,,,,,,9.0,,,,,,,,,,
1965,10,30,10.0,20.0,,,,,,,,0.0,100.0,,,,0.0,0.0,,71.96,53.96,678.0,,,,,,,,,,,76.0,9999.0,9999.0,,,,,1.0,,,,,,9999.0,,,,
1965,10,31,,,,,,,,,,0.0,,,,,0.0,0.0,,,,,,,,,,,,,,,,-99.0,-99.0,,,,,,,,,,,-99.0,,,,
1965,11,1,50.0,20.0,,,,,,,,0.0,75.0,,,,0.0,0.0,,71.96,57.02,492.0,,,,,315.0,,,,,,72.0,1.0,1.0,,,,,1.0,,,,,,-9999.0,,,,
1965,11,2,,,,,,,,,,0.0,,,,,0.0,0.0,,32.0,32.0,,,,,,,,,,,,,,,,,,,,,,,,,-9.0,,,,
1965,11,3,40.0,30.0,,,,,,,,0.0,75.0,,,,0.0,0.0,,69.08,57.02,492.0,,,,,,,,,,,49.0,999.0,999.0,,,,,999.0,,,,,,999.0,,,,
1965,11,4,,,,,,,,,,0.0,,,,,0.0,0.0,,,,,,,,,,,,,,,,,-999.0,,,,,,,,,,,-999.0,,,,
1965,11,5,,,,,,,,,,,,,,,,,,,,,,,,,,,,,,,,,9.0,,,,,,,,,,,,,,,
1965,11,6,50.0,40.0,,,,,,,,0.0,76.0,,,,0.0,0.0,,75.02,53.06,492.0,,,,,,,,,,,80.0,1.0,1.0,,,,,1.0,,,,,,9999.0,,,,
1965,11,7,,,,,,,,,,0.0,,,,,0.0,0.0,,,,,,,,,,,,,,,,,,,,,,,,,,,,-99.0,,,,
1965,11,8,,,,,,,,,,,,,,,,,,,,,,,,,,,,,,,,,99.0,,,,,,,,,,,99.0,,,,
1965,11,9,60.0,40.0,,,,,,,,0.0,66.0,,,,0.0,0.0,,66.92,60.08,426.0,,,,,225.0,,,,,,36.0,-9999.0,-9999.0,,,,,1.0,,,,,,-9999.0,,,,
1965,11,10,,,,,,,,,,0.0,,,,,0.0,0.0,,32.0,32.0,,,,,,,,,,,,,-9.0,-9.0,,,,,,,,,,,-9.0,,,,
1965,11,11,80.0,50.0,,,,,,,,0.0,75.0,,,,0.0,0.0,,66.92,57.92,480.0,,,,,,,,,,,63.0,999.0,999.0,,,,,1.0,,,,,,999.0,,,,
1965,11,12,,,,,,,,,,0.0,,,,,0.0,0.0,,,,,,,,,,,,,,,,-999.0,-999.0,,,,,,,,,,,-999.0,,,,
1965,11,14,80.0,70.0,,,,,,,,0.0,78.0,,,,0.0,0.0,,69.08,55.94,498.0,,,,,,,,,,,67.0,9999.0,9999.0,,,,,1.0,,,,,,9999.0,,,,
1965,11,15,,,,,,,,,,0.0,,,,,0.0,0.0,,,,,,,,,,,,,,,,-99.0,-99.0,,,,,,,,,,,-99.0,,,,
1965,11,16,,,,,,,,,,,,,,,,,,,,,,,,,,,,,,,,99.0,99.0,,,,,99.0,,,,,,99.0,,,,
1965,11,17,10.0,0.0,,,,,,,,0.0,95.0,,,,0.0,0.0,,68.0,50.0,606.0,,,,,225.0,,,,,,40.0,-9999.0,-9999.0,,,,,-9999.0,,,,,,-9999.0,,,,
1965,11,18,,,,,,,,,,0.0,,,,,0.0,0.0,,32.0,32.0,,,,,,,,,,,,,,-9.0,,,,,,,,,,,-9.0,,,,
1965,11,19,70.0,90.0,,,,,,,,0.0,59.0,,,,0.0,0.0,,66.02,50.0,378.0,,,,,,,,,,,45.0,1.0,999.0,,,,,1.0,,,,,,999.0,,,,
1965,11,20,,,,,,,,,,0.0,,,,,0.0,0.0,,,,,,,,,,,,,,,,,-999.0,,,,,,,,,,,-999.0,,,,
1965,11,21,,,,,,,,,,,,,,,,,,,,,,,,,,,,,,,,,,,,,,,,,,,,9.0,,,,
1965,11,22,100.0,100.0,,,,,,,,102.0,0.0,,,,0.0,0.0,,62.059999999999995,55.94,0.0,,,,,,,,,,,76.0,9999.0,9999.0,,,,,1.0,,,,,,1.0,,,,
1965,11,23,,,,,,,,,,,,,,,0.0,0.0,,,,,,,,,,,,,,,,,-99.0,,,,,,,,,,,,,,,
1965,11,24,,,,,,,,,,,,,,,,,,,,,,,,,,,,,,,,,99.0,,,,,99.0,,,,,,,,,,
1965,11,25,100.0,100.0,,,,,,,,318.0,0.0,,,,0.0,0.0,,66.02,59.0,0.0,,,,,90.0,,,,,,76.0,1.0,-9999.0,,,,,-9999.0,,,,,,1.0,,,,
1965,11,26,,,,,,,,,,0.0,,,,,0.0,0.0,,32.0,32.0,,,,,,,,,,,,,,-9.0,,,,,-9.0,,,,,,,,,,
1965,11,27,100.0,100.0,,,,,,,,36.0,37.0,,,,0.0,0.0,,68.0,60.08,234.0,,,,,,,,,,,98.0,1.0,999.0,,,,,999.0,,,,,,1.0,,,,
1965,11,28,,,,,,,,,,,,,,,0.0,0.0,,,,,,,,,,,,,,,,,-999.0,,,,,-999.0,,,,,,,,,,
1965,11,30,60.0,60.0,,,,,,,,0.0,95.0,,,,0.0,0.0,,66.92,57.02,594.0,,,,,,,,,,,67.0,9999.0,9999.0,,,,,9999.0,,,,,,9999.0,,,,
1965,11,31,,,,,,,,,,0.0,,,,,0.0,0.0,,,,,,,,,,,,,,,,-99.0,-99.0,,,,,,,,,,,,,,,
1965,12,1,0.0,0.0,,,,,,,,0.0,100.0,,,,0.0,0.0,,66.92,46.94,612.0,,,,,315.0,,,,,,54.0,-9999.0,,-9999.0,,-9999.0,,1.0,,,,,,-9999.0,,,,
1965,12,2,,,,,,,,,,0.0,,,,,0.0,0.0,,32.0,32.0,,,,,,,,,,,,,-9.0,,-9.0,,-9.0,,,,,,,,-9.0,,,,
1965,12,3,0.0,0.0,,,,,,,,0.0,100.0,,,,0.0,0.0,,71.96,46.04,606.0,,,,,,,,,,,45.0,999.0,,999.0,,999.0,,1.0,,,,,,999.0,,,,
1965,12,4,,,,,,,,,,0.0,,,,,0.0,0.0,,,,,,,,,,,,,,,,-999.0,,-999.0,,-999.0,,,,,,,,-999.0,,,,
1965,12,6,0.0,0.0,,,,,,,,0.0,100.0,,,,0.0,0.0,,75.02,46.94,606.0,,,,,,,,,,,40.0,9999.0,,9999.0,,9999.0,,9999.0,,,,,,9999.0,,,,
1965,12,7,,,,,,,,,,0.0,,,,,0.0,0.0,,,32.0,,,,,,,,,,,,,-99.0,,-99.0,,-99.0,,-99.0,,,,,,-99.0,,,,
1965,12,8,,,,,,,,,,,,,,,,,,,,,,,,,,,,,,,,99.0,,99.0,,99.0,,99.0,,,,,,99.0,,,,
1965,12,9,50.0,40.0,,,,,,,,0.0,87.0,,,,0.0,0.0,,77.0,48.92,522.0,,,,,315.0,,,,,,45.0,-9999.0,,-9999.0,,-9999.0,,-9999.0,,,,,,-9999.0,,,,
1965,12,10,,,,,,,,,,0.0,,,,,0.0,0.0,,32.0,32.0,,,,,,,,,,,,,-9.0,,-9.0,,-9.0,,-9.0,,,,,,-9.0,,,,
1965,12,11,60.0,80.0,,,,,,,,0.0,82.0,,,,0.0,0.0,,73.04,51.98,498.0,,,,,,,,,,,49.0,999.0,,999.0,,999.0,,999.0,,,,,,999.0,,,,
1965,12,12,,,,,,,,,,0.0,,,,,0.0,0.0,,,,,,,,,,,,,,,,,,-999.0,,-999.0,,,,,,,,,,,,
1965,12,14,100.0,100.0,,,,,,,,330.0,0.0,,,,0.0,0.0,,62.059999999999995,51.98,0.0,,,,,,,,,,,54.0,1.0,,9999.0,,9999.0,,9999.0,,,,,,1.0,,,,
1965,12,15,,,,,,,,,,,,,,,0.0,0.0,,,,,,,,,,,,,,,,,,,,-99.0,,-99.0,,,,,,,,,,
1965,12,16,,,,,,,,,,,,,,,,,,,,,,,,,,,,,,,,99.0,,,,99.0,,99.0,,,,,,,,,,
1965,12,17,40.0,30.0,,,,,,,,3.0,75.0,,,,0.0,0.0,,62.959999999999994,51.98,456.0,,,,,225.0,,,,,,45.0,-9999.0,,-9999.0,,-9999.0,,-9999.0,,,,,,1.0,,,,
1965,12,18,,,,,,,,,,0.0,,,,,0.0,0.0,,32.0,32.0,,,,,,,,,,,,,-9.0,,-9.0,,-9.0,,-9.0,,,,,,,,,,
1965,12,19,60.0,70.0,,,,,,,,53.0,48.0,,,,0.0,0.0,,60.980000000000004,51.08,288.0,,,,,,,,,,,63.0,999.0,,999.0,,999.0,,999.0,,,,,,1.0,,,,
1965,12,20,,,,,,,,,,,,,,,0.0,0.0,,,,,,,,,,,,,,,,-999.0,,-999.0,,-999.0,,-999.0,,,,,,,,,,
1965,12,21,,,,,,,,,,,,,,,,,,,,,,,,,,,,,,,,,,9.0,,9.0,,,,,,,,,,,,
1965,12,22,60.0,100.0,,,,,,,,267.0,7.0,,,,0.0,0.0,,55.04,44.96,48.0,,,,,,,,,,,76.0,9999.0,,1.0,,1.0,,9999.0,,,,,,1.0,,,,
1965,12,23,,,,,,,,,,0.0,,,,,0.0,0.0,,,32.0,,,,,,,,,,,,,-99.0,,,,,,-99.0,,,,,,,,,,
1965,12,24,,,,,,,,,,,,,,,,,,,,,,,,,,,,,,,,99.0,,99.0,,99.0,,99.0,,,,,,,,,,
1965,12,25,100.0,100.0,,,,,,,,119.0,5.0,,,,0.0,0.0,,55.94,46.04,30.0,,,,,90.0,,,,,,67.0,-9999.0,,-9999.0,,-9999.0,,-9999.0,,,,,,1.0,,,,
1965,12,26,,,,,,,,,,0.0,,,,,0.0,0.0,,32.0,32.0,,,,,,,,,,,,,-9.0,,-9.0,,-9.0,,-9.0,,,,,,,,,,
1965,12,27,40.0,30.0,,,,,,,,0.0,80.0,,,,0.0,0.0,,60.08,46.04,480.0,,,,,,,,,,,31.0,999.0,,999.0,,999.0,,999.0,,,,,,999.0,,,,
1965,12,28,,,,,,,,,,0.0,,,,,0.0,0.0,,,,,,,,,,,,,,,,-999.0,,-999.0,,-999.0,,-999.0,,,,,,-999.0,,,,
1965,12,30,60.0,90.0,,,,,,,,0.0,80.0,,,,0.0,0.0,,60.980000000000004,41.0,480.0,,,,,,,,,,,49.0,9999.0,,9999.0,,9999.0,,9999.0,,,,,,9999.0,,,,
1965,12,31,,,,,,,,,,0.0,,,,,0.0,0.0,,,32.0,,,,,,,,,,,,,-99.0,,-99.0,,-99.0,,-99.0,,,,,,-99.0,,,,
1966,1,1,20.0,20.0,,,,,,,,0.0,98.0,,,,0.0,0.0,,57.92,44.96,594.0,,,,,315.0,,,,,,76.0,-9999.0,-9999.0,,,-9999.0,,-9999.0,,,,,,-9999.0,,,,
1966,1,2,,,,,,,,,,0.0,,,,,0.0,0.0,,32.0,32.0,,,,,,,,,,,,,-9.0,-9.0,,,-9.0,,-9.0,,,,,,-9.0,,,,
1966,1,3,0.0,0.0,,,,,,,,0.0,100.0,,,,0.0,0.0,,60.08,39.02,606.0,,,,,,,,,,,58.0,999.0,999.0,,,999.0,,999.0,,,,,,999.0,,,,
1966,1,4,,,,,,,,,,0.0,,,,,0.0,0.0,,,,,,,,,,,,,,,,-999.0,-999.0,,,-999.0,,-999.0,,,,,,-999.0,,,,
1966,1,6,0.0,10.0,,,,,,,,0.0,100.0,,,,0.0,0.0,,60.08,39.92,606.0,,,,,,,,,,,49.0,9999.0,9999.0,,,9999.0,,9999.0,,,,,,9999.0,,,,
1966,1,7,,,,,,,,,,0.0,,,,,0.0,0.0,,,32.0,,,,,,,,,,,,,,-99.0,,,-99.0,,,,,,,,-99.0,,,,
1966,1,8,,,,,,,,,,,,,,,,,,,,,,,,,,,,,,,,,99.0,,,99.0,,,,,,,,99.0,,,,
1966,1,9,10.0,0.0,,,,,,,,0.0,100.0,,,,0.0,0.0,,69.98,42.980000000000004,606.0,,,,,315.0,,,,,,67.0,1.0,-9999.0,,,-9999.0,,1.0,,,,,,-9999.0,,,,
1966,1,10,,,,,,,,,,0.0,,,,,0.0,0.0,,32.0,32.0,,,,,,,,,,,,,,-9.0,,,-9.0,,,,,,,,-9.0,,,,
1966,1,11,20.0,10.0,,,,,,,,0.0,100.0,,,,0.0,0.0,,77.0,44.96,606.0,,,,,,,,,,,54.0,999.0,999.0,,,999.0,,1.0,,,,,,999.0,,,,
1966,1,12,,,,,,,,,,0.0,,,,,0.0,0.0,,,,,,,,,,,,,,,,,,,,-999.0,,,,,,,,-999.0,,,,
1966,1,14,40.0,0.0,,,,,,,,0.0,99.0,,,,0.0,0.0,,62.959999999999994,42.980000000000004,600.0,,,,,,,,,,,54.0,1.0,1.0,,,9999.0,,1.0,,,,,,9999.0,,,,
1966,1,15,,,,,,,,,,0.0,,,,,0.0,0.0,,,32.0,,,,,,,,,,,,,,,,,-99.0,,,,,,,,-99.0,,,,
1966,1,16,,,,,,,,,,,,,,,,,,,,,,,,,,,,,,,,,,,,99.0,,,,,,,,99.0,,,,
1966,1,17,80.0,70.0,,,,,,,,0.0,48.0,,,,0.0,0.0,,60.980000000000004,48.02,294.0,,,,,315.0,,,,,,54.0,1.0,1.0,,,-9999.0,,1.0,,,,,,-9999.0,,,,
1966,1,18,,,,,,,,,,0.0,,,,,0.0,0.0,,32.0,32.0,,,,,,,,,,,,,,,,,-9.0,,,,,,,,-9.0,,,,
1966,1,19,20.0,0.0,,,,,,,,0.0,100.0,,,,0.0,0.0,,69.08,42.08,612.0,,,,,,,,,,,54.0,1.0,1.0,,,999.0,,999.0,,,,,,999.0,,,,
1966,1,20,,,,,,,,,,0.0,,,,,0.0,0.0,,,,,,,,,,,,,,,,,,,,-999.0,,,,,,,,-999.0,,,,
1966,1,22,0.0,0.0,,,,,,,,0.0,100.0,,,,0.0,0.0,,71.96,44.96,612.0,,,,,,,,,,,58.0,9999.0,9999.0,,,9999.0,,1.0,,,,,,9999.0,,,,
1966,1,23,,,,,,,,,,0.0,,,,,0.0,0.0,,,32.0,,,,,,,,,,,,,,,,,-99.0,,,,,,,,-99.0,,,,
1966,1,24,,,,,,,,,,,,,,,,,,,,,,,,,,,,,,,,,,,,99.0,,,,,,,,99.0,,,,
1966,1,25,80.0,100.0,,,,,,,,0.0,35.0,,,,0.0,0.0,,62.059999999999995,53.96,216.0,,,,,45.0,,,,,,94.0,-9999.0,-9999.0,,,-9999.0,,-9999.0,,,,,,1.0,,,,
1966,1,26,,,,,,,,,,,,,,,0.0,0.0,,32.0,32.0,,,,,,,,,,,,,-9.0,-9.0,,,-9.0,,-9.0,,,,,,,,,,
1966,1,27,60.0,60.0,,,,,,,,,75.0,,,,0.0,0.0,,62.959999999999994,50.0,462.0,,,,,,,,,,,54.0,999.0,999.0,,,999.0,,999.0,,,,,,1.0,,,,
1966,1,28,,,,,,,,,,0.0,,,,,0.0,0.0,,,,,,,,,,,,,,,,-999.0,-999.0,,,-999.0,,-999.0,,,,,,,,,,
1966,1,29,,,,,,,,,,,,,,,,,,,,,,,,,,,,,,,,,,,,,,,,,,,,9.0,,,,
1966,1,30,70.0,80.0,,,,,,,,3.0,18.0,,,,0.0,0.0,,57.92,46.94,114.0,,,,,,,,,,,49.0,9999.0,9999.0,,,9999.0,,9999.0,,,,,,1.0,,,,
1966,1,31,,,,,,,,,,0.0,,,,,0.0,0.0,,,32.0,,,,,,,,,,,,,-99.0,-99.0,,,-99.0,,-99.0,,,,,,,,,,
1966,2,1,80.0,70.0,,,,,,,,0.0,78.0,,,,0.0,0.0,,60.08,46.04,498.0,,,,,315.0,,,,,,49.0,-9999.0,-9999.0,-9999.0,,,,-9999.0,,,,,,1.0,,,,
1966,2,2,,,,,,,,,,,,,,,0.0,0.0,,32.0,32.0,,,,,,,,,,,,,-9.0,-9.0,-9.0,,,,-9.0,,,,,,,,,,
1966,2,3,60.0,40.0,,,,,,,,3.0,98.0,,,,0.0,0.0,,62.059999999999995,48.92,630.0,,,,,,,,,,,67.0,999.0,999.0,999.0,,,,999.0,,,,,,1.0,,,,
1966,2,4,,,,,,,,,,0.0,,,,,0.0,0.0,,,,,,,,,,,,,,,,-999.0,-999.0,-999.0,,,,-999.0,,,,,,,,,,
1966,2,5,,,,,,,,,,,,,,,,,,,,,,,,,,,,,,,,,,,,,,9.0,,,,,,,,,,
1966,2,6,70.0,80.0,,,,,,,,0.0,84.0,,,,0.0,0.0,,64.04,46.04,540.0,,,,,,,,,,,72.0,9999.0,9999.0,9999.0,,,,1.0,,,,,,9999.0,,,,
1966,2,7,,,,,,,,,,0.0,,,,,0.0,0.0,,,32.0,,,,,,,,,,,,,,-99.0,-99.0,,,,,,,,,,-99.0,,,,
1966,2,8,,,,,,,,,,,,,,,,,,,,,,,,,,,,,,,,,99.0,99.0,,,,,,,,,,99.0,,,,
1966,2,9,100.0,100.0,,,,,,,,173.0,6.0,,,,0.0,0.0,,57.02,51.98,36.0,,,,,315.0,,,,,,58.0,1.0,-9999.0,-9999.0,,,,1.0,,,,,,1.0,,,,
1966,2,10,,,,,,,,,,0.0,,,,,0.0,0.0,,32.0,32.0,,,,,,,,,,,,,,-9.0,,,,,,,,,,,,,,,
1966,2,11,80.0,70.0,,,,,,,,20.0,70.0,,,,0.0,0.0,,59.0,48.02,456.0,,,,,,,,,,,98.0,999.0,999.0,1.0,,,,999.0,,,,,,1.0,,,,
1966,2,12,,,,,,,,,,0.0,,,,,0.0,0.0,,,,,,,,,,,,,,,,-999.0,-999.0,,,,,-999.0,,,,,,,,,,
1966,2,14,30.0,50.0,,,,,,,,0.0,100.0,,,,0.0,0.0,,60.08,42.08,654.0,,,,,,,,,,,45.0,9999.0,9999.0,9999.0,,,,9999.0,,,,,,9999.0,,,,
1966,2,15,,,,,,,,,,0.0,,,,,0.0,0.0,,,32.0,,,,,,,,,,,,,-99.0,-99.0,-99.0,,,,-99.0,,,,,,,,,,
1966,2,16,,,,,,,,,,,,,,,,,,,,,,,,,,,,,,,,99.0,99.0,99.0,,,,99.0,,,,,,,,,,
1966,2,17,10.0,20.0,,,,,,,,0.0,100.0,,,,0.0,0.0,,64.04,42.980000000000004,654.0,,,,,315.0,,,,,,103.0,-9999.0,-9999.0,-9999.0,,,,-9999.0,,,,,,-9999.0,,,,
1966,2,18,,,,,,,,,,0.0,,,,,0.0,0.0,,32.0,32.0,,,,,,,,,,,,,-9.0,-9.0,-9.0,,,,-9.0,,,,,,-9.0,,,,
1966,2,19,20.0,40.0,,,,,,,,0.0,87.0,,,,0.0,0.0,,60.08,41.0,570.0,,,,,,,,,,,58.0,999.0,999.0,999.0,,,,999.0,,,,,,999.0,,,,
1966,2,20,,,,,,,,,,0.0,,,,,0.0,0.0,,,,,,,,,,,,,,,,-999.0,-999.0,-999.0,,,,-999.0,,,,,,-999.0,,,,
1966,2,22,10.0,0.0,,,,,,,,0.0,100.0,,,,0.0,0.0,,62.059999999999995,39.02,660.0,,,,,,,,,,,58.0,9999.0,9999.0,9999.0,,,,9999.0,,,,,,9999.0,,,,
1966,2,23,,,,,,,,,,0.0,,,,,0.0,0.0,,,32.0,,,,,,,,,,,,,-99.0,-99.0,-99.0,,,,-99.0,,,,,,-99.0,,,,
1966,2,24,,,,,,,,,,,,,,,,,,,,,,,,,,,,,,,,99.0,99.0,99.0,,,,99.0,,,,,,99.0,,,,
1966,2,25,0.0,0.0,,,,,,,,0.0,100.0,,,,0.0,0.0,,64.94,42.08,666.0,,,,,315.0,,,,,,72.0,-9999.0,-9999.0,-9999.0,,,,-9999.0,,,,,,-9999.0,,,,
1966,2,26,,,,,,,,,,0.0,,,,,0.0,0.0,,32.0,32.0,,,,,,,,,,,,,,,-9.0,,,,-9.0,,,,,,-9.0,,,,
1966,2,27,10.0,0.0,,,,,,,,0.0,100.0,,,,0.0,0.0,,64.94,42.08,666.0,,,,,,,,,,,63.0,1.0,1.0,999.0,,,,999.0,,,,,,999.0,,,,
1966,2,28,,,,,,,,,,0.0,,,,,0.0,0.0,,,,,,,,,,,,,,,,,,-999.0,,,,,,,,,,-999.0,,,,
1966,2,30,10.0,0.0,,,,,,,,0.0,100.0,,,,0.0,0.0,,62.959999999999994,46.04,672.0,,,,,,,,,,,80.0,9999.0,9999.0,9999.0,,,,1.0,,,,,,9999.0,,,,
1966,2,31,,,,,,,,,,0.0,,,,,0.0,0.0,,,32.0,,,,,,,,,,,,,-99.0,-99.0,-99.0,,,,,,,,,,-99.0,,,,
1966,3,1,90.0,100.0,,,,,,,,0.0,36.0,,,,0.0,0.0,,59.0,51.08,246.0,,,,,315.0,,,,,,85.0,-9999.0,-9999.0,,,,,-9999.0,,,,,,1.0,,,,
1966,3,2,,,,,,,,,,,,,,,0.0,0.0,,32.0,32.0,,,,,,,,,,,,,-9.0,-9.0,,,,,-9.0,,,,,,,,,,
1966,3,3,50.0,40.0,,,,,,,,23.0,77.0,,,,0.0,0.0,,55.94,46.04,534.0,,,,,,,,,,,130.0,999.0,999.0,,,,,999.0,,,,,,1.0,,,,
1966,3,4,,,,,,,,,,0.0,,,,,0.0,0.0,,,,,,,,,,,,,,,,-999.0,-999.0,,,,,-999.0,,,,,,,,,,
1966,3,6,30.0,50.0,,,,,,,,0.0,96.0,,,,0.0,0.0,,64.04,42.980000000000004,666.0,,,,,,,,,,,72.0,9999.0,9999.0,,,,,9999.0,,,,,,9999.0,,,,
1966,3,7,,,,,,,,,,0.0,,,,,0.0,0.0,,,,,,,,,,,,,,,,-99.0,-99.0,,,,,-99.0,,,,,,-99.0,,,,
1966,3,8,,,,,,,,,,,,,,,,,,,,,,,,,,,,,,,,99.0,99.0,,,,,99.0,,,,,,99.0,,,,
1966,3,9,0.0,0.0,,,,,,,,0.0,100.0,,,,0.0,0.0,,73.94,46.94,702.0,,,,,315.0,,,,,,80.0,-9999.0,-9999.0,,,,,-9999.0,,,,,,-9999.0,,,,
1966,3,10,,,,,,,,,,0.0,,,,,0.0,0.0,,32.0,32.0,,,,,,,,,,,,,-9.0,-9.0,,,,,,,,,,,-9.0,,,,
1966,3,11,20.0,30.0,,,,,,,,0.0,100.0,,,,0.0,0.0,,69.08,48.02,702.0,,,,,,,,,,,67.0,999.0,999.0,,,,,1.0,,,,,,999.0,,,,
1966,3,12,,,,,,,,,,0.0,,,,,0.0,0.0,,,,,,,,,,,,,,,,-999.0,-999.0,,,,,,,,,,,-999.0,,,,
1966,3,13,,,,,,,,,,,,,,,,,,,,,,,,,,,,,,,,9.0,,,,,,,,,,,,9.0,,,,
1966,3,14,70.0,40.0,,,,,,,,,71.0,,,,0.0,0.0,,60.980000000000004,48.92,504.0,,,,,,,,,,,76.0,1.0,9999.0,,,,,1.0,,,,,,1.0,,,,
1966,3,15,,,,,,,,,,0.0,,,,,0.0,0.0,,,32.0,,,,,,,,,,,,,,-99.0,,,,,,,,,,,,,,,
1966,3,16,,,,,,,,,,,,,,,,,,,,,,,,,,,,,,,,,99.0,,,,,,,,,,,99.0,,,,
1966,3,17,80.0,70.0,,,,,,,,0.0,77.0,,,,0.0,0.0,,66.02,51.98,552.0,,,,,315.0,,,,,,49.0,1.0,-9999.0,,,,,1.0,,,,,,-9999.0,,,,
1966,3,18,,,,,,,,,,0.0,,,,,0.0,0.0,,32.0,32.0,,,,,,,,,,,,,,-9.0,,,,,,,,,,,-9.0,,,,
1966,3,19,90.0,80.0,,,,,,,,0.0,61.0,,,,0.0,0.0,,66.02,53.06,438.0,,,,,,,,,,,63.0,1.0,999.0,,,,,1.0,,,,,,999.0,,,,
1966,3,20,,,,,,,,,,0.0,,,,,0.0,0.0,,,,,,,,,,,,,,,,,-999.0,,,,,,,,,,,-999.0,,,,
1966,3,21,,,,,,,,,,,,,,,,,,,,,,,,,,,,,,,,,,,,,,,,,,,,9.0,,,,
1966,3,22,80.0,60.0,,,,,,,,,67.0,,,,0.0,0.0,,62.959999999999994,53.06,480.0,,,,,,,,,,,58.0,1.0,9999.0,,,,,1.0,,,,,,1.0,,,,
1966,3,23,,,,,,,,,,0.0,,,,,0.0,0.0,,,,,,,,,,,,,,,,,-99.0,,,,,,,,,,,,,,,
1966,3,24,,,,,,,,,,,,,,,,,,,,,,,,,,,,,,,,99.0,99.0,,,,,,,,,,,99.0,,,,
1966,3,25,80.0,80.0,,,,,,,,0.0,71.0,,,,0.0,0.0,,62.959999999999994,53.06,510.0,,,,,315.0,,,,,,76.0,-9999.0,-9999.0,,,,,1.0,,,,,,-9999.0,,,,
1966,3,26,,,,,,,,,,0.0,,,,,0.0,0.0,,32.0,32.0,,,,,,,,,,,,,,-9.0,,,,,,,,,,,-9.0,,,,
1966,3,27,20.0,10.0,,,,,,,,0.0,100.0,,,,0.0,0.0,,66.02,48.02,720.0,,,,,,,,,,,72.0,1.0,999.0,,,,,1.0,,,,,,999.0,,,,
1966,3,28,,,,,,,,,,0.0,,,,,0.0,0.0,,,,,,,,,,,,,,,,,,,,,,,,,,,,-999.0,,,,
1966,3,30,60.0,100.0,,,,,,,,0.0,89.0,,,,0.0,0.0,,69.98,50.0,648.0,,,,,,,,,,,63.0,1.0,1.0,,,,,1.0,,,,,,9999.0,,,,
1966,3,31,,,,,,,,,,0.0,,,,,0.0,0.0,,,,,,,,,,,,,,,,,,,,,,,,,,,,-99.0,,,,
1966,4,1,80.0,70.0,,,,,,,,0.0,53.0,,,,0.0,0.0,,66.92,51.98,402.0,,,,,180.0,,,,,,58.0,1.0,1.0,,,,,1.0,,,,,,-9999.0,,,,
1966,4,2,,,,,,,,,,0.0,,,,,0.0,0.0,,32.0,32.0,,,,,,,,,,,,,,,,,,,,,,,,,,,,,
1966,4,3,100.0,100.0,,,,,,,,,1.0,,,,0.0,0.0,,59.0,53.96,6.0,,,,,,,,,,,76.0,1.0,999.0,,,,,1.0,,,,,,1.0,,,,
1966,4,4,,,,,,,,,,0.0,,,,,0.0,0.0,,,,,,,,,,,,,,,,,-999.0,,,,,,,,,,,,,,,
1966,4,6,90.0,90.0,,,,,,,,0.0,58.0,,,,0.0,0.0,,66.92,57.92,444.0,,,,,,,,,,,63.0,9999.0,9999.0,,,,,9999.0,,,,,,9999.0,,,,
1966,4,7,,,,,,,,,,0.0,,,,,0.0,0.0,,,,,,,,,,,,,,,,,-99.0,,,,,,,,,,,-99.0,,,,
1966,4,8,,,,,,,,,,,,,,,,,,,,,,,,,,,,,,,,,99.0,,,,,,,,,,,99.0,,,,
1966,4,9,70.0,50.0,,,,,,,,0.0,65.0,,,,0.0,0.0,,66.02,55.94,498.0,,,,,315.0,,,,,,76.0,1.0,-9999.0,,,,,1.0,,,,,,-9999.0,,,,
1966,4,10,,,,,,,,,,0.0,,,,,0.0,0.0,,32.0,32.0,,,,,,,,,,,,,,-9.0,,,,,,,,,,,-9.0,,,,
1966,4,11,90.0,80.0,,,,,,,,0.0,62.0,,,,0.0,0.0,,64.94,57.02,474.0,,,,,,,,,,,45.0,999.0,999.0,,,,,1.0,,,,,,999.0,,,,
1966,4,12,,,,,,,,,,0.0,,,,,0.0,0.0,,,,,,,,,,,,,,,,-999.0,-999.0,,,,,,,,,,,-999.0,,,,
1966,4,14,90.0,90.0,,,,,,,,0.0,33.0,,,,0.0,0.0,,64.94,57.92,252.0,,,,,,,,,,,67.0,9999.0,9999.0,,,,,9999.0,,,,,,9999.0,,,,
1966,4,15,,,,,,,,,,0.0,,,,,0.0,0.0,,,,,,,,,,,,,,,,-99.0,-99.0,,,,,-99.0,,,,,,-99.0,,,,
1966,4,16,,,,,,,,,,,,,,,,,,,,,,,,,,,,,,,,99.0,99.0,,,,,99.0,,,,,,99.0,,,,
1966,4,17,20.0,20.0,,,,,,,,0.0,86.0,,,,0.0,0.0,,68.0,53.96,660.0,,,,,270.0,,,,,,63.0,-9999.0,-9999.0,,,,,-9999.0,,,,,,-9999.0,,,,
1966,4,18,,,,,,,,,,0.0,,,,,0.0,0.0,,32.0,32.0,,,,,,,,,,,,,-9.0,-9.0,,,,,-9.0,,,,,,-9.0,,,,
1966,4,19,70.0,70.0,,,,,,,,0.0,62.0,,,,0.0,0.0,,66.02,55.04,474.0,,,,,,,,,,,58.0,999.0,999.0,,,,,999.0,,,,,,999.0,,,,
1966,4,20,,,,,,,,,,0.0,,,,,0.0,0.0,,,,,,,,,,,,,,,,-999.0,-999.0,,,,,-999.0,,,,,,-999.0,,,,
1966,4,21,,,,,,,,,,,,,,,,,,,,,,,,,,,,,,,,9.0,,,,,,9.0,,,,,,,,,,
1966,4,22,0.0,0.0,,,,,,,,0.0,100.0,,,,0.0,0.0,,80.96,53.06,780.0,,,,,,,,,,,85.0,1.0,9999.0,,,,,1.0,,,,,,9999.0,,,,
1966,4,23,,,,,,,,,,0.0,,,,,0.0,0.0,,,,,,,,,,,,,,,,,-99.0,,,,,,,,,,,-99.0,,,,
1966,4,24,,,,,,,,,,,,,,,,,,,,,,,,,,,,,,,,,99.0,,,,,,,,,,,99.0,,,,
1966,4,25,80.0,70.0,,,,,,,,0.0,76.0,,,,0.0,0.0,,64.04,57.92,594.0,,,,,180.0,,,,,,85.0,1.0,-9999.0,,,,,1.0,,,,,,-9999.0,,,,
1966,4,26,,,,,,,,,,0.0,,,,,0.0,0.0,,32.0,32.0,,,,,,,,,,,,,,-9.0,,,,,,,,,,,,,,,
1966,4,27,100.0,90.0,,,,,,,,,22.0,,,,0.0,0.0,,64.04,59.0,174.0,,,,,,,,,,,76.0,999.0,999.0,,,,,999.0,,,,,,1.0,,,,
1966,4,28,,,,,,,,,,0.0,,,,,0.0,0.0,,,,,,,,,,,,,,,,-999.0,-999.0,,,,,-999.0,,,,,,,,,,
1966,4,30,60.0,70.0,,,,,,,,0.0,57.0,,,,0.0,0.0,,64.94,53.06,444.0,,,,,,,,,,,76.0,9999.0,9999.0,,,,,9999.0,,,,,,9999.0,,,,
1966,4,31,,,,,,,,,,0.0,,,,,0.0,0.0,,,,,,,,,,,,,,,,-99.0,-99.0,,,,,-99.0,,,,,,-99.0,,,,
1966,5,1,60.0,50.0,,,,,,,,0.0,62.0,,,,0.0,0.0,,69.08,55.94,504.0,,,,,315.0,,,,,,76.0,1.0,,,,,,1.0,,,,,,-9999.0,,,,
1966,5,2,,,,,,,,,,0.0,,,,,0.0,0.0,,32.0,32.0,,,,,,,,,,,,,,,,,,,,,,,,,-9.0,,,,
1966,5,3,90.0,90.0,,,,,,,,0.0,24.0,,,,0.0,0.0,,68.0,57.02,192.0,,,,,,,,,,,45.0,1.0,,,,,,1.0,,,,,,999.0,,,,
1966,5,4,,,,,,,,,,0.0,,,,,0.0,0.0,,,,,,,,,,,,,,,,,,,,,,,,,,,,-999.0,,,,
1966,5,6,60.0,60.0,,,,,,,,0.0,37.0,,,,0.0,0.0,,68.0,57.92,306.0,,,,,,,,,,,45.0,9999.0,,,,,,9999.0,,,,,,9999.0,,,,
1966,5,7,,,,,,,,,,0.0,,,,,0.0,0.0,,,,,,,,,,,,,,,,-99.0,,,,,,-99.0,,,,,,-99.0,,,,
1966,5,8,,,,,,,,,,,,,,,,,,,,,,,,,,,,,,,,99.0,,,,,,99.0,,,,,,99.0,,,,
1966,5,9,10.0,10.0,,,,,,,,0.0,99.0,,,,0.0,0.0,,69.98,57.02,810.0,,,,,315.0,,,,,,58.0,-9999.0,,,,,,-9999.0,,,,,,-9999.0,,,,
1966,5,10,,,,,,,,,,0.0,,,,,0.0,0.0,,32.0,32.0,,,,,,,,,,,,,-9.0,,,,,,-9.0,,,,,,-9.0,,,,
1966,5,11,100.0,100.0,,,,,,,,0.0,2.0,,,,0.0,0.0,,66.02,60.08,18.0,,,,,,,,,,,58.0,999.0,,,,,,999.0,,,,,,999.0,,,,
1966,5,12,,,,,,,,,,0.0,,,,,0.0,0.0,,,,,,,,,,,,,,,,-999.0,,,,,,-999.0,,,,,,,,,,
1966,5,14,90.0,90.0,,,,,,,,3.0,21.0,,,,0.0,0.0,,66.02,59.0,174.0,,,,,,,,,,,76.0,9999.0,,,,,,9999.0,,,,,,1.0,,,,
1966,5,15,,,,,,,,,,0.0,,,,,0.0,0.0,,,,,,,,,,,,,,,,-99.0,,,,,,-99.0,,,,,,,,,,
1966,5,16,,,,,,,,,,,,,,,,,,,,,,,,,,,,,,,,99.0,,,,,,99.0,,,,,,99.0,,,,
1966,5,17,70.0,60.0,,,,,,,,3.0,57.0,,,,0.0,0.0,,69.98,59.0,468.0,,,,,270.0,,,,,,58.0,-9999.0,,,,,,-9999.0,,,,,,1.0,,,,
1966,5,18,,,,,,,,,,0.0,,,,,0.0,0.0,,32.0,32.0,,,,,,,,,,,,,-9.0,,,,,,-9.0,,,,,,,,,,
1966,5,19,60.0,60.0,,,,,,,,,62.0,,,,0.0,0.0,,68.0,59.0,516.0,,,,,,,,,,,76.0,999.0,,,,,,999.0,,,,,,1.0,,,,
1966,5,20,,,,,,,,,,0.0,,,,,0.0,0.0,,,,,,,,,,,,,,,,-999.0,,,,,,,,,,,,,,,,
1966,5,22,100.0,100.0,,,,,,,,0.0,6.0,,,,0.0,0.0,,64.04,59.0,48.0,,,,,,,,,,,58.0,9999.0,,,,,,1.0,,,,,,9999.0,,,,
1966,5,23,,,,,,,,,,0.0,,,,,0.0,0.0,,,,,,,,,,,,,,,,-99.0,,,,,,,,,,,,-99.0,,,,
1966,5,24,,,,,,,,,,,,,,,,,,,,,,,,,,,,,,,,99.0,,,,,,99.0,,,,,,99.0,,,,
1966,5,25,10.0,0.0,,,,,,,,0.0,100.0,,,,0.0,0.0,,69.08,60.08,834.0,,,,,315.0,,,,,,76.0,-9999.0,,,,,,-9999.0,,,,,,-9999.0,,,,
1966,5,26,,,,,,,,,,0.0,,,,,0.0,0.0,,32.0,32.0,,,,,,,,,,,,,-9.0,,,,,,-9.0,,,,,,-9.0,,,,
1966,5,27,40.0,30.0,,,,,,,,0.0,75.0,,,,0.0,0.0,,69.08,57.92,624.0,,,,,,,,,,,67.0,999.0,,,,,,999.0,,,,,,999.0,,,,
1966,5,28,,,,,,,,,,0.0,,,,,0.0,0.0,,,,,,,,,,,,,,,,-999.0,,,,,,,,,,,,-999.0,,,,
1966,5,30,60.0,70.0,,,,,,,,0.0,57.0,,,,0.0,0.0,,68.0,60.08,480.0,,,,,,,,,,,63.0,9999.0,,,,,,1.0,,,,,,9999.0,,,,
1966,5,31,,,,,,,,,,0.0,,,,,0.0,0.0,,,,,,,,,,,,,,,,-99.0,,,,,,,,,,,,,,,,
1966,6,1,50.0,50.0,,,,,,,,0.0,67.0,,,,0.0,0.0,,69.08,57.02,570.0,,,,,225.0,,,,,,54.0,-9999.0,,,,,,-9999.0,,,,,,-9999.0,,,,
1966,6,2,,,,,,,,,,0.0,,,,,0.0,0.0,,32.0,32.0,,,,,,,,,,,,,-9.0,,,,,,-9.0,,,,,,-9.0,,,,
1966,6,3,40.0,30.0,,,,,,,,0.0,77.0,,,,0.0,0.0,,69.98,60.08,654.0,,,,,,,,,,,49.0,999.0,,,,,,999.0,,,,,,999.0,,,,
1966,6,4,,,,,,,,,,0.0,,,,,0.0,0.0,,,,,,,,,,,,,,,,-999.0,,,,,,-999.0,,,,,,-999.0,,,,
1966,6,6,10.0,0.0,,,,,,,,0.0,98.0,,,,0.0,0.0,,73.94,57.92,840.0,,,,,,,,,,,45.0,9999.0,,,,,,9999.0,,,,,,9999.0,,,,
1966,6,7,,,,,,,,,,0.0,,,,,0.0,0.0,,,,,,,,,,,,,,,,-99.0,,,,,,-99.0,,,,,,-99.0,,,,
1966,6,8,,,,,,,,,,,,,,,,,,,,,,,,,,,,,,,,99.0,,,,,,99.0,,,,,,99.0,,,,
1966,6,9,40.0,30.0,,,,,,,,0.0,100.0,,,,0.0,0.0,,75.92,59.0,852.0,,,,,315.0,,,,,,54.0,-9999.0,,,,,,-9999.0,,,,,,-9999.0,,,,
1966,6,10,,,,,,,,,,0.0,,,,,0.0,0.0,,32.0,32.0,,,,,,,,,,,,,-9.0,,,,,,-9.0,,,,,,-9.0,,,,
1966,6,11,40.0,20.0,,,,,,,,0.0,86.0,,,,0.0,0.0,,71.96,60.980000000000004,738.0,,,,,,,,,,,67.0,999.0,,,,,,999.0,,,,,,999.0,,,,
1966,6,12,,,,,,,,,,0.0,,,,,0.0,0.0,,,,,,,,,,,,,,,,-999.0,,,,,,-999.0,,,,,,,,,,
1966,6,14,100.0,100.0,,,,,,,,0.0,8.0,,,,0.0,0.0,,66.02,62.059999999999995,66.0,,,,,,,,,,,49.0,9999.0,,,,,,9999.0,,,,,,9999.0,,,,
1966,6,15,,,,,,,,,,0.0,,,,,0.0,0.0,,,,,,,,,,,,,,,,-99.0,,,,,,,,,,,,-99.0,,,,
1966,6,16,,,,,,,,,,,,,,,,,,,,,,,,,,,,,,,,99.0,,,,,,,,,,,,99.0,,,,
1966,6,17,100.0,100.0,,,,,,,,0.0,6.0,,,,0.0,0.0,,66.92,62.059999999999995,48.0,,,,,180.0,,,,,,54.0,-9999.0,,,,,,1.0,,,,,,-9999.0,,,,
1966,6,18,,,,,,,,,,0.0,,,,,0.0,0.0,,32.0,32.0,,,,,,,,,,,,,-9.0,,,,,,,,,,,,-9.0,,,,
1966,6,19,30.0,20.0,,,,,,,,0.0,88.0,,,,0.0,0.0,,71.06,62.959999999999994,756.0,,,,,,,,,,,49.0,999.0,,,,,,1.0,,,,,,999.0,,,,
1966,6,20,,,,,,,,,,0.0,,,,,0.0,0.0,,,,,,,,,,,,,,,,-999.0,,,,,,,,,,,,-999.0,,,,
1966,6,21,,,,,,,,,,,,,,,,,,,,,,,,,,,,,,,,9.0,,,,,,,,,,,,9.0,,,,
1966,6,22,100.0,100.0,,,,,,,,,2.0,,,,0.0,0.0,,66.92,62.959999999999994,12.0,,,,,,,,,,,54.0,1.0,,,,,,1.0,,,,,,1.0,,,,
1966,6,23,,,,,,,,,,0.0,,,,,0.0,0.0,,,,,,,,,,,,,,,,,,,,,,,,,,,,,,,,
1966,6,24,,,,,,,,,,,,,,,,,,,,,,,,,,,,,,,,99.0,,,,,,,,,,,,99.0,,,,
1966,6,25,80.0,60.0,,,,,,,,0.0,49.0,,,,0.0,0.0,,69.98,62.959999999999994,420.0,,,,,225.0,,,,,,63.0,-9999.0,,,,,,1.0,,,,,,-9999.0,,,,
1966,6,26,,,,,,,,,,0.0,,,,,0.0,0.0,,32.0,32.0,,,,,,,,,,,,,-9.0,,,,,,,,,,,,-9.0,,,,
1966,6,27,40.0,20.0,,,,,,,,0.0,89.0,,,,0.0,0.0,,71.96,64.04,762.0,,,,,,,,,,,49.0,999.0,,,,,,999.0,,,,,,999.0,,,,
1966,6,28,,,,,,,,,,0.0,,,,,0.0,0.0,,,,,,,,,,,,,,,,-999.0,,,,,,,,,,,,-999.0,,,,
1966,6,30,100.0,100.0,,,,,,,,0.0,43.0,,,,0.0,0.0,,71.06,64.04,366.0,,,,,,,,,,,63.0,9999.0,,,,,,1.0,,,,,,9999.0,,,,
1966,6,31,,,,,,,,,,0.0,,,,,0.0,0.0,,,,,,,,,,,,,,,,-99.0,,,,,,,,,,,,-99.0,,,,
1966,7,1,60.0,40.0,,,,,,,,0.0,71.0,,,,0.0,0.0,,71.96,62.059999999999995,612.0,,,,,225.0,,,,,,49.0,-9999.0,-9999.0,-9999.0,,,,-9999.0,,,,,,-9999.0,,,,
1966,7,2,,,,,,,,,,0.0,,,,,0.0,0.0,,32.0,32.0,,,,,,,,,,,,,-9.0,-9.0,-9.0,,,,-9.0,,,,,,-9.0,,,,
1966,7,3,50.0,30.0,,,,,,,,0.0,76.0,,,,0.0,0.0,,71.06,62.959999999999994,654.0,,,,,,,,,,,49.0,999.0,999.0,999.0,,,,999.0,,,,,,999.0,,,,
1966,7,4,,,,,,,,,,0.0,,,,,0.0,0.0,,,,,,,,,,,,,,,,-999.0,-999.0,-999.0,,,,-999.0,,,,,,-999.0,,,,
1966,7,5,,,,,,,,,,,,,,,,,,,,,,,,,,,,,,,,,,,,,,9.0,,,,,,,,,,
1966,7,6,40.0,30.0,,,,,,,,0.0,71.0,,,,0.0,0.0,,73.94,62.059999999999995,606.0,,,,,,,,,,,76.0,9999.0,9999.0,9999.0,,,,1.0,,,,,,9999.0,,,,
1966,7,7,,,,,,,,,,0.0,,,,,0.0,0.0,,,,,,,,,,,,,,,,,-99.0,-99.0,,,,,,,,,,-99.0,,,,
1966,7,8,,,,,,,,,,,,,,,,,,,,,,,,,,,,,,,,,99.0,99.0,,,,,,,,,,99.0,,,,
1966,7,9,30.0,30.0,,,,,,,,0.0,78.0,,,,0.0,0.0,,75.02,66.02,666.0,,,,,315.0,,,,,,72.0,-9999.0,-9999.0,-9999.0,,,,1.0,,,,,,-9999.0,,,,
1966,7,10,,,,,,,,,,0.0,,,,,0.0,0.0,,32.0,32.0,,,,,,,,,,,,,-9.0,-9.0,-9.0,,,,,,,,,,-9.0,,,,
1966,7,11,0.0,10.0,,,,,,,,0.0,100.0,,,,0.0,0.0,,77.0,64.04,852.0,,,,,,,,,,,94.0,999.0,999.0,999.0,,,,999.0,,,,,,999.0,,,,
1966,7,12,,,,,,,,,,0.0,,,,,0.0,0.0,,,,,,,,,,,,,,,,-999.0,-999.0,,,,,,,,,,,,,,,
1966,7,13,,,,,,,,,,,,,,,,,,,,,,,,,,,,,,,,9.0,,,,,,,,,,,,,,,,
1966,7,14,50.0,60.0,,,,,,,,0.0,64.0,,,,0.0,0.0,,77.0,66.02,540.0,,,,,,,,,,,72.0,1.0,9999.0,9999.0,,,,1.0,,,,,,9999.0,,,,
1966,7,15,,,,,,,,,,0.0,,,,,0.0,0.0,,,,,,,,,,,,,,,,,-99.0,-99.0,,,,,,,,,,-99.0,,,,
1966,7,16,,,,,,,,,,,,,,,,,,,,,,,,,,,,,,,,99.0,99.0,99.0,,,,99.0,,,,,,99.0,,,,
1966,7,17,0.0,0.0,,,,,,,,0.0,100.0,,,,0.0,0.0,,75.02,64.04,852.0,,,,,315.0,,,,,,103.0,-9999.0,-9999.0,-9999.0,,,,-9999.0,,,,,,-9999.0,,,,
1966,7,18,,,,,,,,,,0.0,,,,,0.0,0.0,,32.0,32.0,,,,,,,,,,,,,-9.0,-9.0,-9.0,,,,-9.0,,,,,,-9.0,,,,
1966,7,19,0.0,0.0,,,,,,,,0.0,100.0,,,,0.0,0.0,,75.92,64.04,852.0,,,,,,,,,,,80.0,999.0,999.0,999.0,,,,999.0,,,,,,999.0,,,,
1966,7,20,,,,,,,,,,0.0,,,,,0.0,0.0,,,,,,,,,,,,,,,,,,-999.0,,,,,,,,,,-999.0,,,,
1966,7,22,40.0,20.0,,,,,,,,0.0,83.0,,,,0.0,0.0,,73.94,62.059999999999995,702.0,,,,,,,,,,,54.0,9999.0,9999.0,9999.0,,,,9999.0,,,,,,9999.0,,,,
1966,7,23,,,,,,,,,,0.0,,,,,0.0,0.0,,,,,,,,,,,,,,,,-99.0,-99.0,-99.0,,,,-99.0,,,,,,-99.0,,,,
1966,7,24,,,,,,,,,,,,,,,,,,,,,,,,,,,,,,,,99.0,99.0,99.0,,,,99.0,,,,,,99.0,,,,
1966,7,25,10.0,10.0,,,,,,,,0.0,94.0,,,,0.0,0.0,,75.02,62.059999999999995,798.0,,,,,315.0,,,,,,76.0,-9999.0,-9999.0,-9999.0,,,,-9999.0,,,,,,-9999.0,,,,
1966,7,26,,,,,,,,,,0.0,,,,,0.0,0.0,,32.0,32.0,,,,,,,,,,,,,,-9.0,-9.0,,,,,,,,,,-9.0,,,,
1966,7,27,30.0,20.0,,,,,,,,0.0,85.0,,,,0.0,0.0,,75.92,62.959999999999994,720.0,,,,,,,,,,,58.0,1.0,999.0,999.0,,,,1.0,,,,,,999.0,,,,
1966,7,28,,,,,,,,,,0.0,,,,,0.0,0.0,,,,,,,,,,,,,,,,,-999.0,-999.0,,,,,,,,,,-999.0,,,,
1966,7,30,70.0,50.0,,,,,,,,0.0,64.0,,,,0.0,0.0,,71.96,62.959999999999994,546.0,,,,,,,,,,,49.0,9999.0,9999.0,9999.0,,,,1.0,,,,,,9999.0,,,,
1966,7,31,,,,,,,,,,0.0,,,,,0.0,0.0,,,,,,,,,,,,,,,,-99.0,-99.0,-99.0,,,,,,,,,,-99.0,,,,
1966,8,1,40.0,40.0,,,,,,,,0.0,90.0,,,,0.0,0.0,,77.0,66.02,738.0,,,,,315.0,,,,,,76.0,,,,,,,-9999.0,,,,,,,,,,
1966,8,2,,,,,,,,,,0.0,,,,,0.0,0.0,,32.0,32.0,,,,,,,,,,,,,,,,,,,-9.0,,,,,,,,,,
1966,8,3,40.0,50.0,,,,,,,,0.0,91.0,,,,0.0,0.0,,82.94,69.98,750.0,,,,,,,,,,,63.0,,,,,,,999.0,,,,,,,,,,
1966,8,4,,,,,,,,,,0.0,,,,,0.0,0.0,,,,,,,,,,,,,,,,,,,,,,,,,,,,,,,,
1966,8,6,40.0,20.0,,,,,,,,0.0,93.0,,,,0.0,0.0,,80.06,68.0,762.0,,,,,,,,,,,54.0,,,,,,,9999.0,,,,,,,,,,
1966,8,7,,,,,,,,,,0.0,,,,,0.0,0.0,,,,,,,,,,,,,,,,,,,,,,,,,,,,,,,,
1966,8,9,50.0,50.0,,,,,,,,0.0,70.0,,,,0.0,0.0,,75.02,64.94,576.0,,,,,225.0,,,,,,58.0,,,,,,,1.0,,,,,,,,,,
1966,8,10,,,,,,,,,,0.0,,,,,0.0,0.0,,32.0,32.0,,,,,,,,,,,,,,,,,,,,,,,,,,,,,
1966,8,11,30.0,20.0,,,,,,,,0.0,100.0,,,,0.0,0.0,,78.98,66.92,816.0,,,,,,,,,,,58.0,,,,,,,999.0,,,,,,,,,,
1966,8,12,,,,,,,,,,0.0,,,,,0.0,0.0,,,,,,,,,,,,,,,,,,,,,,,,,,,,,,,,
1966,8,14,50.0,20.0,,,,,,,,0.0,83.0,,,,0.0,0.0,,78.08,66.02,678.0,,,,,,,,,,,49.0,,,,,,,9999.0,,,,,,,,,,
1966,8,15,,,,,,,,,,0.0,,,,,0.0,0.0,,,,,,,,,,,,,,,,,,,,,,-99.0,,,,,,,,,,
1966,8,16,,,,,,,,,,,,,,,,,,,,,,,,,,,,,,,,,,,,,,99.0,,,,,,,,,,
1966,8,17,60.0,20.0,,,,,,,,0.0,81.0,,,,0.0,0.0,,77.0,66.92,660.0,,,,,270.0,,,,,,54.0,,,,,,,-9999.0,,,,,,,,,,
1966,8,18,,,,,,,,,,0.0,,,,,0.0,0.0,,32.0,32.0,,,,,,,,,,,,,,,,,,,-9.0,,,,,,,,,,
1966,8,19,50.0,20.0,,,,,,,,0.0,83.0,,,,0.0,0.0,,78.08,68.0,672.0,,,,,,,,,,,72.0,,,,,,,999.0,,,,,,,,,,
1966,8,20,,,,,,,,,,0.0,,,,,0.0,0.0,,,,,,,,,,,,,,,,,,,,,,-999.0,,,,,,,,,,
1966,8,22,20.0,10.0,,,,,,,,0.0,85.0,,,,0.0,0.0,,78.08,68.0,684.0,,,,,,,,,,,76.0,,,,,,,9999.0,,,,,,,,,,
1966,8,23,,,,,,,,,,0.0,,,,,0.0,0.0,,,,,,,,,,,,,,,,,,,,,,-99.0,,,,,,,,,,
1966,8,24,,,,,,,,,,,,,,,,,,,,,,,,,,,,,,,,,,,,,,99.0,,,,,,,,,,
1966,8,25,30.0,10.0,,,,,,,,0.0,89.0,,,,0.0,0.0,,80.96,69.08,714.0,,,,,315.0,,,,,,67.0,,,,,,,1.0,,,,,,,,,,
1966,8,26,,,,,,,,,,0.0,,,,,0.0,0.0,,32.0,32.0,,,,,,,,,,,,,,,,,,,,,,,,,,,,,
1966,8,27,30.0,30.0,,,,,,,,0.0,87.0,,,,0.0,0.0,,80.06,69.08,696.0,,,,,,,,,,,40.0,,,,,,,999.0,,,,,,,,,,
1966,8,28,,,,,,,,,,0.0,,,,,0.0,0.0,,,,,,,,,,,,,,,,,,,,,,,,,,,,,,,,
1966,8,30,50.0,30.0,,,,,,,,0.0,73.0,,,,0.0,0.0,,80.06,68.0,582.0,,,,,,,,,,,45.0,,,,,,,9999.0,,,,,,,,,,
1966,8,31,,,,,,,,,,0.0,,,,,0.0,0.0,,,,,,,,,,,,,,,,,,,,,,-99.0,,,,,,,,,,
1966,9,1,90.0,90.0,,,,,,,,0.0,14.0,,,,0.0,0.0,,75.92,64.94,108.0,,,,,270.0,,,,,,63.0,-9999.0,,,,,,-9999.0,,,,,,-9999.0,,,,
1966,9,2,,,,,,,,,,0.0,,,,,0.0,0.0,,32.0,32.0,,,,,,,,,,,,,-9.0,,,,,,,,,,,,-9.0,,,,
1966,9,3,50.0,60.0,,,,,,,,0.0,58.0,,,,0.0,0.0,,75.02,66.02,444.0,,,,,,,,,,,58.0,999.0,,,,,,1.0,,,,,,999.0,,,,
1966,9,4,,,,,,,,,,0.0,,,,,0.0,0.0,,,,,,,,,,,,,,,,,,,,,,,,,,,,-999.0,,,,
1966,9,6,70.0,50.0,,,,,,,,0.0,58.0,,,,0.0,0.0,,75.92,66.02,444.0,,,,,,,,,,,67.0,9999.0,,,,,,1.0,,,,,,9999.0,,,,
1966,9,7,,,,,,,,,,0.0,,,,,0.0,0.0,,,,,,,,,,,,,,,,-99.0,,,,,,,,,,,,-99.0,,,,
1966,9,8,,,,,,,,,,,,,,,,,,,,,,,,,,,,,,,,99.0,,,,,,,,,,,,99.0,,,,
1966,9,9,80.0,70.0,,,,,,,,0.0,58.0,,,,0.0,0.0,,75.02,66.92,438.0,,,,,315.0,,,,,,76.0,-9999.0,,,,,,-9999.0,,,,,,-9999.0,,,,
1966,9,10,,,,,,,,,,0.0,,,,,0.0,0.0,,32.0,32.0,,,,,,,,,,,,,-9.0,,,,,,,,,,,,-9.0,,,,
1966,9,11,50.0,50.0,,,,,,,,0.0,65.0,,,,0.0,0.0,,73.94,64.94,492.0,,,,,,,,,,,85.0,999.0,,,,,,1.0,,,,,,999.0,,,,
1966,9,12,,,,,,,,,,0.0,,,,,0.0,0.0,,,,,,,,,,,,,,,,-999.0,,,,,,,,,,,,-999.0,,,,
1966,9,14,30.0,20.0,,,,,,,,0.0,82.0,,,,0.0,0.0,,78.08,62.959999999999994,618.0,,,,,,,,,,,80.0,9999.0,,,,,,9999.0,,,,,,9999.0,,,,
1966,9,15,,,,,,,,,,0.0,,,,,0.0,0.0,,,,,,,,,,,,,,,,-99.0,,,,,,,,,,,,-99.0,,,,
1966,9,16,,,,,,,,,,,,,,,,,,,,,,,,,,,,,,,,99.0,,,,,,,,,,,,99.0,,,,
1966,9,17,80.0,60.0,,,,,,,,0.0,52.0,,,,0.0,0.0,,71.06,62.959999999999994,396.0,,,,,180.0,,,,,,49.0,-9999.0,,,,,,1.0,,,,,,-9999.0,,,,
1966,9,18,,,,,,,,,,0.0,,,,,0.0,0.0,,32.0,32.0,,,,,,,,,,,,,-9.0,,,,,,,,,,,,-9.0,,,,
1966,9,19,30.0,20.0,,,,,,,,0.0,84.0,,,,0.0,0.0,,75.02,62.959999999999994,630.0,,,,,,,,,,,49.0,999.0,,,,,,999.0,,,,,,999.0,,,,
1966,9,20,,,,,,,,,,0.0,,,,,0.0,0.0,,,,,,,,,,,,,,,,-999.0,,,,,,,,,,,,-999.0,,,,
1966,9,22,0.0,0.0,,,,,,,,0.0,100.0,,,,0.0,0.0,,78.08,55.94,744.0,,,,,,,,,,,94.0,9999.0,,,,,,9999.0,,,,,,9999.0,,,,
1966,9,23,,,,,,,,,,0.0,,,,,0.0,0.0,,,,,,,,,,,,,,,,-99.0,,,,,,-99.0,,,,,,-99.0,,,,
1966,9,24,,,,,,,,,,,,,,,,,,,,,,,,,,,,,,,,99.0,,,,,,99.0,,,,,,99.0,,,,
1966,9,25,0.0,0.0,,,,,,,,0.0,100.0,,,,0.0,0.0,,82.04,66.02,744.0,,,,,225.0,,,,,,45.0,-9999.0,,,,,,-9999.0,,,,,,-9999.0,,,,
1966,9,26,,,,,,,,,,0.0,,,,,0.0,0.0,,32.0,32.0,,,,,,,,,,,,,-9.0,,,,,,-9.0,,,,,,-9.0,,,,
1966,9,27,10.0,0.0,,,,,,,,0.0,100.0,,,,0.0,0.0,,84.02,66.92,738.0,,,,,,,,,,,63.0,999.0,,,,,,999.0,,,,,,999.0,,,,
1966,9,28,,,,,,,,,,0.0,,,,,0.0,0.0,,,,,,,,,,,,,,,,-999.0,,,,,,-999.0,,,,,,,,,,
1966,9,30,90.0,90.0,,,,,,,,,31.0,,,,0.0,0.0,,71.06,62.959999999999994,228.0,,,,,,,,,,,49.0,9999.0,,,,,,9999.0,,,,,,1.0,,,,
1966,9,31,,,,,,,,,,0.0,,,,,0.0,0.0,,,,,,,,,,,,,,,,-99.0,,,,,,-99.0,,,,,,,,,,
1966,10,1,50.0,20.0,,,,,,,,0.0,100.0,,,,0.0,0.0,,78.08,62.959999999999994,714.0,,,,,270.0,,,,,-9999.0,54.0,-9999.0,-9999.0,-9999.0,,-9999.0,,-9999.0,,,,,,-9999.0,,,,
1966,10,2,,,,,,,,,,0.0,,,,,0.0,0.0,,32.0,32.0,,,,,,,,,,,-9.0,,-9.0,-9.0,-9.0,,-9.0,,-9.0,,,,,,-9.0,,,,
1966,10,3,60.0,60.0,,,,,,,,0.0,76.0,,,,0.0,0.0,,75.02,64.94,540.0,,,,,,,,,,999.0,63.0,999.0,999.0,999.0,,999.0,,999.0,,,,,,999.0,,,,
1966,10,4,,,,,,,,,,0.0,,,,,0.0,0.0,,,,,,,,,,,,,,-999.0,,-999.0,-999.0,-999.0,,-999.0,,-999.0,,,,,,-999.0,,,,
1966,10,5,,,,,,,,,,,,,,,,,,,,,,,,,,,,,,,,,,,,,,,,,,,,9.0,,,,
1966,10,6,80.0,90.0,,,,,,,,5.0,40.0,,,,0.0,0.0,,73.04,64.04,282.0,,,,,,,,,,9999.0,72.0,9999.0,9999.0,9999.0,,9999.0,,9999.0,,,,,,1.0,,,,
1966,10,7,,,,,,,,,,0.0,,,,,0.0,0.0,,,,,,,,,,,,,,-99.0,,-99.0,-99.0,-99.0,,-99.0,,,,,,,,,,,,
1966,10,8,,,,,,,,,,,,,,,,,,,,,,,,,,,,,,99.0,,99.0,99.0,99.0,,99.0,,,,,,,,99.0,,,,
1966,10,9,100.0,100.0,,,,,,,,0.0,21.0,,,,0.0,0.0,,71.96,64.94,144.0,,,,,315.0,,,,,-9999.0,72.0,-9999.0,-9999.0,-9999.0,,-9999.0,,1.0,,,,,,-9999.0,,,,
1966,10,10,,,,,,,,,,0.0,,,,,0.0,0.0,,32.0,32.0,,,,,,,,,,,-9.0,,-9.0,-9.0,-9.0,,-9.0,,,,,,,,-9.0,,,,
1966,10,11,50.0,50.0,,,,,,,,0.0,58.0,,,,0.0,0.0,,73.04,64.04,408.0,,,,,,,,,,999.0,58.0,999.0,999.0,999.0,,999.0,,999.0,,,,,,999.0,,,,
1966,10,12,,,,,,,,,,0.0,,,,,0.0,0.0,,,,,,,,,,,,,,-999.0,,-999.0,-999.0,-999.0,,-999.0,,,,,,,,-999.0,,,,
1966,10,14,90.0,90.0,,,,,,,,0.0,22.0,,,,0.0,0.0,,69.98,64.94,150.0,,,,,,,,,,9999.0,49.0,9999.0,9999.0,9999.0,,9999.0,,1.0,,,,,,9999.0,,,,
1966,10,15,,,,,,,,,,,,,,,0.0,0.0,,,,,,,,,,,,,,-99.0,,,-99.0,,,,,,,,,,,,,,,
1966,10,16,,,,,,,,,,,,,,,,,,,,,,,,,,,,,,99.0,,,99.0,,,,,,,,,,,,,,,
1966,10,17,70.0,60.0,,,,,,,,0.0,62.0,,,,0.0,0.0,,71.96,62.059999999999995,426.0,,,,,315.0,,,,,-9999.0,89.0,-9999.0,-9999.0,-9999.0,,-9999.0,,1.0,,,,,,-9999.0,,,,
1966,10,18,,,,,,,,,,0.0,,,,,0.0,0.0,,32.0,32.0,,,,,,,,,,,-9.0,,-9.0,-9.0,-9.0,,-9.0,,,,,,,,-9.0,,,,
1966,10,19,100.0,90.0,,,,,,,,0.0,41.0,,,,0.0,0.0,,69.98,64.04,282.0,,,,,,,,,,999.0,67.0,999.0,999.0,999.0,,999.0,,1.0,,,,,,999.0,,,,
1966,10,20,,,,,,,,,,0.0,,,,,0.0,0.0,,,,,,,,,,,,,,18.0,,-999.0,-999.0,-999.0,,-999.0,,,,,,,,-999.0,,,,
1966,10,22,0.0,0.0,,,,,,,,0.0,100.0,,,,0.0,0.0,,80.96,57.02,684.0,,,,,,,,,,9999.0,80.0,9999.0,9999.0,9999.0,,9999.0,,1.0,,,,,,9999.0,,,,
1966,10,23,,,,,,,,,,0.0,,,,,0.0,0.0,,,,,,,,,,,,,,-99.0,,-99.0,-99.0,-99.0,,-99.0,,,,,,,,-99.0,,,,
1966,10,24,,,,,,,,,,,,,,,,,,,,,,,,,,,,,,99.0,,99.0,99.0,99.0,,99.0,,99.0,,,,,,99.0,,,,
1966,10,25,0.0,0.0,,,,,,,,0.0,95.0,,,,0.0,0.0,,71.96,53.96,648.0,,,,,315.0,,,,,-9999.0,76.0,-9999.0,-9999.0,-9999.0,,-9999.0,,-9999.0,,,,,,-9999.0,,,,
1966,10,26,,,,,,,,,,0.0,,,,,0.0,0.0,,32.0,32.0,,,,,,,,,,,-9.0,,-9.0,-9.0,-9.0,,-9.0,,-9.0,,,,,,-9.0,,,,
1966,10,27,0.0,0.0,,,,,,,,0.0,100.0,,,,0.0,0.0,,80.06,55.04,678.0,,,,,,,,,,999.0,89.0,999.0,999.0,999.0,,999.0,,999.0,,,,,,999.0,,,,
1966,10,28,,,,,,,,,,0.0,,,,,0.0,0.0,,,,,,,,,,,,,,-999.0,,-999.0,-999.0,-999.0,,-999.0,,-999.0,,,,,,-999.0,,,,
1966,10,29,,,,,,,,,,,,,,,,,,,,,,,,,,,,,,,,,,,,,,9.0,,,,,,,,,,
1966,10,30,20.0,10.0,,,,,,,,0.0,99.0,,,,0.0,0.0,,87.08000000000001,57.02,666.0,,,,,,,,,,9999.0,63.0,9999.0,9999.0,9999.0,,9999.0,,1.0,,,,,,9999.0,,,,
1966,10,31,,,,,,,,,,0.0,,,,,0.0,0.0,,,,,,,,,,,,,,-99.0,,-99.0,-99.0,-99.0,,-99.0,,,,,,,,-99.0,,,,
1966,11,1,0.0,0.0,,,,,,,,0.0,100.0,,,,0.0,0.0,,96.98,57.02,654.0,,,,,45.0,,,,,,67.0,-9999.0,-9999.0,-9999.0,,,,-9999.0,,,,,,-9999.0,,,,
1966,11,2,,,,,,,,,,0.0,,,,,0.0,0.0,,32.0,32.0,,,,,,,,,,,,,,,-9.0,,,,-9.0,,,,,,-9.0,,,,
1966,11,3,40.0,10.0,,,,,,,,0.0,97.0,,,,0.0,0.0,,89.96000000000001,60.980000000000004,630.0,,,,,,,,,,,40.0,1.0,1.0,999.0,,,,999.0,,,,,,999.0,,,,
1966,11,4,,,,,,,,,,0.0,,,,,0.0,0.0,,,,,,,,,,,,,,,,,,-999.0,,,,,,,,,,-999.0,,,,
1966,11,5,,,,,,,,,,,,,,,,,,,,,,,,,,,,,,,,,,9.0,,,,,,,,,,9.0,,,,
1966,11,6,90.0,80.0,,,,,,,,,39.0,,,,0.0,0.0,,69.08,62.959999999999994,252.0,,,,,,,,,,,63.0,9999.0,9999.0,1.0,,,,9999.0,,,,,,1.0,,,,
1966,11,7,,,,,,,,,,0.0,,,,,0.0,0.0,,,,,,,,,,,,,,,,-99.0,-99.0,,,,,,,,,,,,,,,
1966,11,8,,,,,,,,,,,,,,,,,,,,,,,,,,,,,,,,99.0,99.0,99.0,,,,,,,,,,99.0,,,,
1966,11,9,100.0,100.0,,,,,,,,0.0,0.0,,,,0.0,0.0,,64.94,62.059999999999995,0.0,,,,,180.0,,,,,,63.0,-9999.0,-9999.0,-9999.0,,,,-9999.0,,,,,,-9999.0,,,,
1966,11,10,,,,,,,,,,0.0,,,,,0.0,0.0,,32.0,32.0,,,,,,,,,,,,,-9.0,-9.0,-9.0,,,,-9.0,,,,,,,,,,
1966,11,11,100.0,100.0,,,,,,,,140.0,0.0,,,,0.0,0.0,,66.92,55.94,0.0,,,,,,,,,,,148.0,999.0,999.0,999.0,,,,999.0,,,,,,1.0,,,,
1966,11,12,,,,,,,,,,,,,,,0.0,0.0,,,,,,,,,,,,,,,,-999.0,-999.0,-999.0,,,,-999.0,,,,,,,,,,
1966,11,14,20.0,0.0,,,,,,,,0.0,100.0,,,,0.0,0.0,,66.92,53.06,642.0,,,,,,,,,,,58.0,9999.0,9999.0,9999.0,,,,9999.0,,,,,,9999.0,,,,
1966,11,15,,,,,,,,,,0.0,,,,,0.0,0.0,,,,,,,,,,,,,,,,-99.0,-99.0,-99.0,,,,-99.0,,,,,,-99.0,,,,
1966,11,16,,,,,,,,,,,,,,,,,,,,,,,,,,,,,,,,99.0,99.0,99.0,,,,99.0,,,,,,99.0,,,,
1966,11,17,20.0,30.0,,,,,,,,0.0,92.0,,,,0.0,0.0,,66.92,51.98,588.0,,,,,315.0,,,,,,63.0,-9999.0,-9999.0,-9999.0,,,,1.0,,,,,,-9999.0,,,,
1966,11,18,,,,,,,,,,0.0,,,,,0.0,0.0,,32.0,32.0,,,,,,,,,,,,,,-9.0,-9.0,,,,,,,,,,-9.0,,,,
1966,11,19,10.0,10.0,,,,,,,,0.0,100.0,,,,0.0,0.0,,66.92,50.0,636.0,,,,,,,,,,,76.0,1.0,999.0,999.0,,,,1.0,,,,,,999.0,,,,
1966,11,20,,,,,,,,,,0.0,,,,,0.0,0.0,,,,,,,,,,,,,,,,,,-999.0,,,,,,,,,,-999.0,,,,
1966,11,22,90.0,100.0,,,,,,,,0.0,54.0,,,,0.0,0.0,,66.02,59.0,336.0,,,,,,,,,,,63.0,1.0,9999.0,9999.0,,,,1.0,,,,,,9999.0,,,,
1966,11,23,,,,,,,,,,0.0,,,,,0.0,0.0,,,,,,,,,,,,,,,,,-99.0,-99.0,,,,,,,,,,-99.0,,,,
1966,11,24,,,,,,,,,,,,,,,,,,,,,,,,,,,,,,,,,99.0,99.0,,,,,,,,,,99.0,,,,
1966,11,25,100.0,100.0,,,,,,,,0.0,31.0,,,,0.0,0.0,,68.0,62.059999999999995,192.0,,,,,315.0,,,,,,76.0,-9999.0,-9999.0,-9999.0,,,,1.0,,,,,,-9999.0,,,,
1966,11,26,,,,,,,,,,0.0,,,,,0.0,0.0,,32.0,32.0,,,,,,,,,,,,,,-9.0,-9.0,,,,,,,,,,-9.0,,,,
1966,11,27,50.0,30.0,,,,,,,,0.0,77.0,,,,0.0,0.0,,69.98,57.92,486.0,,,,,,,,,,,80.0,1.0,999.0,999.0,,,,1.0,,,,,,999.0,,,,
1966,11,28,,,,,,,,,,0.0,,,,,0.0,0.0,,,,,,,,,,,,,,,,,,-999.0,,,,,,,,,,-999.0,,,,
1966,11,30,30.0,10.0,,,,,,,,0.0,100.0,,,,0.0,0.0,,73.94,50.0,624.0,,,,,,,,,,,49.0,1.0,1.0,9999.0,,,,1.0,,,,,,9999.0,,,,
1966,11,31,,,,,,,,,,0.0,,,,,0.0,0.0,,,,,,,,,,,,,,,,,,-99.0,,,,,,,,,,,,,,
1966,12,1,80.0,90.0,,,,,,,,0.0,26.0,,,,0.0,0.0,,64.94,51.98,162.0,,,,,315.0,,,,,,54.0,1.0,-9999.0,-9999.0,,-9999.0,,1.0,,,,,,-9999.0,,,,
1966,12,2,,,,,,,,,,0.0,,,,,0.0,0.0,,32.0,32.0,,,,,,,,,,,,,,-9.0,-9.0,,-9.0,,,,,,,,,,,,
1966,12,3,100.0,100.0,,,,,,,,,57.0,,,,0.0,0.0,,64.94,55.04,348.0,,,,,,,,,,,49.0,999.0,999.0,999.0,,999.0,,1.0,,,,,,1.0,,,,
1966,12,4,,,,,,,,,,,,,,,0.0,0.0,,,,,,,,,,,,,,,,,-999.0,-999.0,,-999.0,,,,,,,,,,,,
1966,12,6,100.0,100.0,,,,,,,,102.0,4.0,,,,0.0,0.0,,62.959999999999994,59.0,24.0,,,,,,,,,,,76.0,1.0,9999.0,9999.0,,9999.0,,9999.0,,,,,,1.0,,,,
1966,12,7,,,,,,,,,,,,,,,0.0,0.0,,,,,,,,,,,,,,,,,-99.0,-99.0,,-99.0,,-99.0,,,,,,,,,,
1966,12,8,,,,,,,,,,,,,,,,,,,,,,,,,,,,,,,,,99.0,99.0,,99.0,,99.0,,,,,,,,,,
1966,12,9,100.0,100.0,,,,,,,,185.0,0.0,,,,0.0,0.0,,64.94,57.92,0.0,,,,,225.0,,,,,,116.0,1.0,-9999.0,-9999.0,,-9999.0,,-9999.0,,,,,,1.0,,,,
1966,12,10,,,,,,,,,,0.0,,,,,0.0,0.0,,32.0,32.0,,,,,,,,,,,,,,-9.0,-9.0,,-9.0,,-9.0,,,,,,,,,,
1966,12,11,40.0,30.0,,,,,,,,0.0,70.0,,,,0.0,0.0,,62.959999999999994,55.04,420.0,,,,,,,,,,,72.0,999.0,999.0,999.0,,999.0,,999.0,,,,,,999.0,,,,
1966,12,12,,,,,,,,,,0.0,,,,,0.0,0.0,,,,,,,,,,,,,,,,-999.0,-999.0,-999.0,,-999.0,,-999.0,,,,,,-999.0,,,,
1966,12,14,10.0,30.0,,,,,,,,0.0,100.0,,,,0.0,0.0,,66.92,46.04,606.0,,,,,,,,,,,40.0,9999.0,9999.0,9999.0,,9999.0,,9999.0,,,,,,9999.0,,,,
1966,12,15,,,,,,,,,,0.0,,,,,0.0,0.0,,,32.0,,,,,,,,,,,,,-99.0,-99.0,-99.0,,-99.0,,-99.0,,,,,,-99.0,,,,
1966,12,16,,,,,,,,,,,,,,,,,,,,,,,,,,,,,,,,99.0,99.0,99.0,,99.0,,99.0,,,,,,99.0,,,,
1966,12,17,40.0,50.0,,,,,,,,0.0,90.0,,,,0.0,0.0,,71.06,46.94,546.0,,,,,315.0,,,,,,40.0,-9999.0,-9999.0,-9999.0,,-9999.0,,-9999.0,,,,,,-9999.0,,,,
1966,12,18,,,,,,,,,,0.0,,,,,0.0,0.0,,32.0,32.0,,,,,,,,,,,,,-9.0,-9.0,-9.0,,-9.0,,-9.0,,,,,,-9.0,,,,
1966,12,19,10.0,30.0,,,,,,,,0.0,96.0,,,,0.0,0.0,,73.04,48.02,576.0,,,,,,,,,,,58.0,999.0,999.0,999.0,,999.0,,999.0,,,,,,999.0,,,,
1966,12,20,,,,,,,,,,0.0,,,,,0.0,0.0,,,,,,,,,,,,,,,,-999.0,-999.0,-999.0,,-999.0,,,,,,,,-999.0,,,,
1966,12,21,,,,,,,,,,,,,,,,,,,,,,,,,,,,,,,,9.0,9.0,,,,,,,,,,,,,,,
1966,12,22,70.0,90.0,,,,,,,,0.0,94.0,,,,0.0,0.0,,69.08,50.0,564.0,,,,,,,,,,,36.0,1.0,1.0,9999.0,,9999.0,,1.0,,,,,,9999.0,,,,
1966,12,23,,,,,,,,,,0.0,,,,,0.0,0.0,,,32.0,,,,,,,,,,,,,,,-99.0,,-99.0,,,,,,,,-99.0,,,,
1966,12,24,,,,,,,,,,,,,,,,,,,,,,,,,,,,,,,,,,99.0,,99.0,,,,,,,,99.0,,,,
1966,12,25,30.0,40.0,,,,,,,,0.0,100.0,,,,0.0,0.0,,73.94,48.02,600.0,,,,,315.0,,,,,,45.0,1.0,-9999.0,-9999.0,,-9999.0,,-9999.0,,,,,,-9999.0,,,,
1966,12,26,,,,,,,,,,0.0,,,,,0.0,0.0,,32.0,32.0,,,,,,,,,,,,,,-9.0,-9.0,,-9.0,,-9.0,,,,,,-9.0,,,,
1966,12,27,60.0,100.0,,,,,,,,0.0,66.0,,,,0.0,0.0,,71.96,50.0,396.0,,,,,,,,,,,45.0,999.0,999.0,999.0,,999.0,,999.0,,,,,,999.0,,,,
1966,12,28,,,,,,,,,,0.0,,,,,0.0,0.0,,,,,,,,,,,,,,,,,,-999.0,,-999.0,,,,,,,,-999.0,,,,
1966,12,30,10.0,0.0,,,,,,,,0.0,100.0,,,,0.0,0.0,,73.94,44.96,600.0,,,,,,,,,,,54.0,1.0,1.0,9999.0,,9999.0,,1.0,,,,,,9999.0,,,,
1966,12,31,,,,,,,,,,0.0,,,,,0.0,0.0,,,32.0,,,,,,,,,,,,,,,-99.0,,-99.0,,,,,,,,-99.0,,,,
1967,1,1,10.0,10.0,,,,,,,,0.0,100.0,,,,0.0,0.0,,62.959999999999994,39.92,606.0,,,,,315.0,,,,,,54.0,-9999.0,-9999.0,,,,,-9999.0,,,,,,-9999.0,,,,
1967,1,2,,,,,,,,,,0.0,,,,,0.0,0.0,,32.0,32.0,,,,,,,,,,,,,-9.0,-9.0,,,,,-9.0,,,,,,-9.0,,,,
1967,1,3,20.0,30.0,,,,,,,,0.0,92.0,,,,0.0,0.0,,64.04,42.980000000000004,558.0,,,,,,,,,,,76.0,999.0,999.0,,,,,999.0,,,,,,999.0,,,,
1967,1,4,,,,,,,,,,0.0,,,,,0.0,0.0,,,,,,,,,,,,,,,,-999.0,-999.0,,,,,-999.0,,,,,,-999.0,,,,
1967,1,5,,,,,,,,,,,,,,,,,,,,,,,,,,,,,,,,9.0,9.0,,,,,,,,,,,,,,,
1967,1,6,10.0,0.0,,,,,,,,0.0,100.0,,,,0.0,0.0,,66.92,42.08,606.0,,,,,,,,,,,58.0,1.0,1.0,,,,,9999.0,,,,,,9999.0,,,,
1967,1,7,,,,,,,,,,0.0,,,,,0.0,0.0,,,32.0,,,,,,,,,,,,,,,,,,,,,,,,,-99.0,,,,
1967,1,8,,,,,,,,,,,,,,,,,,,,,,,,,,,,,,,,,,,,,,,,,,,,99.0,,,,
1967,1,9,20.0,10.0,,,,,,,,0.0,89.0,,,,0.0,0.0,,64.04,46.04,540.0,,,,,315.0,,,,,,63.0,-9999.0,-9999.0,,,,,-9999.0,,,,,,-9999.0,,,,
1967,1,10,,,,,,,,,,0.0,,,,,0.0,0.0,,32.0,32.0,,,,,,,,,,,,,-9.0,-9.0,,,,,-9.0,,,,,,-9.0,,,,
1967,1,11,20.0,40.0,,,,,,,,0.0,91.0,,,,0.0,0.0,,66.02,37.94,552.0,,,,,,,,,,,72.0,999.0,999.0,,,,,999.0,,,,,,999.0,,,,
1967,1,12,,,,,,,,,,0.0,,,,,0.0,0.0,,,,,,,,,,,,,,,,-999.0,-999.0,,,,,-999.0,,,,,,-999.0,,,,
1967,1,14,10.0,20.0,,,,,,,,0.0,99.0,,,,0.0,0.0,,64.94,39.92,606.0,,,,,,,,,,,58.0,9999.0,9999.0,,,,,9999.0,,,,,,9999.0,,,,
1967,1,15,,,,,,,,,,0.0,,,,,0.0,0.0,,,32.0,,,,,,,,,,,,,-99.0,-99.0,,,,,-99.0,,,,,,-99.0,,,,
1967,1,16,,,,,,,,,,,,,,,,,,,,,,,,,,,,,,,,99.0,99.0,,,,,99.0,,,,,,99.0,,,,
1967,1,17,20.0,30.0,,,,,,,,0.0,90.0,,,,0.0,0.0,,77.0,46.94,552.0,,,,,315.0,,,,,,72.0,-9999.0,-9999.0,,,,,-9999.0,,,,,,-9999.0,,,,
1967,1,18,,,,,,,,,,0.0,,,,,0.0,0.0,,32.0,32.0,,,,,,,,,,,,,-9.0,-9.0,,,,,-9.0,,,,,,-9.0,,,,
1967,1,19,20.0,20.0,,,,,,,,0.0,83.0,,,,0.0,0.0,,64.94,50.0,510.0,,,,,,,,,,,49.0,999.0,999.0,,,,,999.0,,,,,,999.0,,,,
1967,1,20,,,,,,,,,,0.0,,,,,0.0,0.0,,,,,,,,,,,,,,,,,,,,,,-999.0,,,,,,-999.0,,,,
1967,1,21,,,,,,,,,,,,,,,,,,,,,,,,,,,,,,,,,,,,,,9.0,,,,,,,,,,
1967,1,22,10.0,10.0,,,,,,,,0.0,99.0,,,,0.0,0.0,,66.92,46.04,606.0,,,,,,,,,,,67.0,1.0,9999.0,,,,,1.0,,,,,,9999.0,,,,
1967,1,23,,,,,,,,,,0.0,,,,,0.0,0.0,,,32.0,,,,,,,,,,,,,,,,,,,,,,,,,-99.0,,,,
1967,1,24,,,,,,,,,,,,,,,,,,,,,,,,,,,,,,,,,,,,,,,,,,,,99.0,,,,
1967,1,25,70.0,70.0,,,,,,,,0.0,67.0,,,,0.0,0.0,,59.0,44.96,414.0,,,,,180.0,,,,,,31.0,1.0,1.0,,,,,1.0,,,,,,-9999.0,,,,
1967,1,26,,,,,,,,,,0.0,,,,,0.0,0.0,,32.0,32.0,,,,,,,,,,,,,,,,,,,,,,,,,-9.0,,,,
1967,1,27,50.0,40.0,,,,,,,,0.0,74.0,,,,0.0,0.0,,62.959999999999994,48.02,456.0,,,,,,,,,,,40.0,1.0,999.0,,,,,1.0,,,,,,999.0,,,,
1967,1,28,,,,,,,,,,0.0,,,,,0.0,0.0,,,,,,,,,,,,,,,,,-999.0,,,,,,,,,,,-999.0,,,,
1967,1,29,,,,,,,,,,,,,,,,,,,,,,,,,,,,,,,,,9.0,,,,,,,,,,,,,,,
1967,1,30,20.0,10.0,,,,,,,,0.0,100.0,,,,0.0,0.0,,66.02,42.08,618.0,,,,,,,,,,,67.0,1.0,1.0,,,,,1.0,,,,,,9999.0,,,,
1967,1,31,,,,,,,,,,0.0,,,,,0.0,0.0,,,32.0,,,,,,,,,,,,,,,,,,,,,,,,,-99.0,,,,
1967,2,1,60.0,70.0,,,,,,,,0.0,81.0,,,,0.0,0.0,,62.059999999999995,48.92,516.0,,,,,315.0,,,,,,85.0,-9999.0,-9999.0,,,,,1.0,,,,,,,,,,
1967,2,2,,,,,,,,,,0.0,,,,,0.0,0.0,,32.0,32.0,,,,,,,,,,,,,,-9.0,,,,,,,,,,,,,,,
1967,2,3,30.0,20.0,,,,,,,,0.0,85.0,,,,0.0,0.0,,69.08,48.92,546.0,,,,,,,,,,,63.0,1.0,999.0,,,,,1.0,,,,,,,,,,
1967,2,4,,,,,,,,,,0.0,,,,,0.0,0.0,,,,,,,,,,,,,,,,,-999.0,,,,,,,,,,,,,,,
1967,2,6,0.0,0.0,,,,,,,,0.0,100.0,,,,0.0,0.0,,71.96,46.94,642.0,,,,,,,,,,,76.0,9999.0,9999.0,,,,,9999.0,,,,,,,,,,
1967,2,7,,,,,,,,,,0.0,,,,,0.0,0.0,,,32.0,,,,,,,,,,,,,,-99.0,,,,,-99.0,,,,,,,,,,
1967,2,8,,,,,,,,,,,,,,,,,,,,,,,,,,,,,,,,,99.0,,,,,99.0,,,,,,,,,,
1967,2,9,30.0,20.0,,,,,,,,0.0,89.0,,,,0.0,0.0,,68.0,46.94,570.0,,,,,315.0,,,,,,72.0,1.0,1.0,,,,,1.0,,,,,,,,,,
1967,2,10,,,,,,,,,,0.0,,,,,0.0,0.0,,32.0,32.0,,,,,,,,,,,,,,,,,,,,,,,,,,,,,
1967,2,11,0.0,10.0,,,,,,,,0.0,100.0,,,,0.0,0.0,,66.02,46.04,648.0,,,,,,,,,,,58.0,999.0,999.0,,,,,999.0,,,,,,,,,,
1967,2,12,,,,,,,,,,0.0,,,,,0.0,0.0,,,,,,,,,,,,,,,,-999.0,-999.0,,,,,-999.0,,,,,,,,,,
1967,2,13,,,,,,,,,,,,,,,,,,,,,,,,,,,,,,,,9.0,,,,,,9.0,,,,,,,,,,
1967,2,14,30.0,30.0,,,,,,,,0.0,98.0,,,,0.0,0.0,,66.02,44.96,642.0,,,,,,,,,,,49.0,1.0,9999.0,,,,,1.0,,,,,,,,,,
1967,2,15,,,,,,,,,,0.0,,,,,0.0,0.0,,,32.0,,,,,,,,,,,,,,-99.0,,,,,,,,,,,,,,,
1967,2,16,,,,,,,,,,,,,,,,,,,,,,,,,,,,,,,,,99.0,,,,,,,,,,,,,,,
1967,2,17,20.0,0.0,,,,,,,,0.0,100.0,,,,0.0,0.0,,77.0,46.94,654.0,,,,,315.0,,,,,,54.0,1.0,1.0,,,,,1.0,,,,,,,,,,
1967,2,18,,,,,,,,,,0.0,,,,,0.0,0.0,,32.0,32.0,,,,,,,,,,,,,,,,,,,,,,,,,,,,,
1967,2,19,70.0,80.0,,,,,,,,0.0,90.0,,,,0.0,0.0,,73.04,46.94,594.0,,,,,,,,,,,58.0,1.0,1.0,,,,,1.0,,,,,,,,,,
1967,2,20,,,,,,,,,,0.0,,,,,0.0,0.0,,,,,,,,,,,,,,,,,,,,,,,,,,,,,,,,
1967,2,22,100.0,100.0,,,,,,,,0.0,21.0,,,,0.0,0.0,,62.059999999999995,50.0,138.0,,,,,,,,,,,67.0,9999.0,9999.0,,,,,9999.0,,,,,,,,,,
1967,2,23,,,,,,,,,,0.0,,,,,0.0,0.0,,,32.0,,,,,,,,,,,,,-99.0,-99.0,,,,,-99.0,,,,,,,,,,
1967,2,24,,,,,,,,,,,,,,,,,,,,,,,,,,,,,,,,99.0,99.0,,,,,99.0,,,,,,,,,,
1967,2,25,20.0,30.0,,,,,,,,0.0,100.0,,,,0.0,0.0,,64.94,46.04,666.0,,,,,315.0,,,,,,76.0,-9999.0,-9999.0,,,,,-9999.0,,,,,,,,,,
1967,2,26,,,,,,,,,,0.0,,,,,0.0,0.0,,32.0,32.0,,,,,,,,,,,,,-9.0,-9.0,,,,,-9.0,,,,,,,,,,
1967,2,27,0.0,0.0,,,,,,,,0.0,100.0,,,,0.0,0.0,,71.06,44.96,666.0,,,,,,,,,,,63.0,999.0,999.0,,,,,999.0,,,,,,,,,,
1967,2,28,,,,,,,,,,0.0,,,,,0.0,0.0,,,,,,,,,,,,,,,,-999.0,-999.0,,,,,,,,,,,,,,,
1967,2,30,80.0,100.0,,,,,,,,0.0,27.0,,,,0.0,0.0,,60.08,50.0,180.0,,,,,,,,,,,58.0,9999.0,9999.0,,,,,1.0,,,,,,,,,,
1967,2,31,,,,,,,,,,0.0,,,,,0.0,0.0,,,32.0,,,,,,,,,,,,,-99.0,-99.0,,,,,,,,,,,,,,,
1967,3,1,0.0,0.0,,,,,,,,0.0,100.0,,,,0.0,0.0,,80.06,51.08,690.0,,,,,315.0,,,,,,67.0,1.0,-9999.0,,,,,1.0,,,,,,-9999.0,,,,
1967,3,2,,,,,,,,,,0.0,,,,,0.0,0.0,,32.0,32.0,,,,,,,,,,,,,,,,,,,,,,,,,-9.0,,,,
1967,3,3,70.0,60.0,,,,,,,,0.0,95.0,,,,0.0,0.0,,66.02,48.02,654.0,,,,,,,,,,,40.0,1.0,1.0,,,,,1.0,,,,,,999.0,,,,
1967,3,4,,,,,,,,,,0.0,,,,,0.0,0.0,,,,,,,,,,,,,,,,,,,,,,,,,,,,,,,,
1967,3,6,70.0,70.0,,,,,,,,25.0,53.0,,,,0.0,0.0,,60.08,50.0,366.0,,,,,,,,,,,85.0,9999.0,9999.0,,,,,9999.0,,,,,,1.0,,,,
1967,3,7,,,,,,,,,,0.0,,,,,0.0,0.0,,,32.0,,,,,,,,,,,,,-99.0,-99.0,,,,,-99.0,,,,,,,,,,
1967,3,8,,,,,,,,,,,,,,,,,,,,,,,,,,,,,,,,99.0,99.0,,,,,99.0,,,,,,99.0,,,,
1967,3,9,0.0,0.0,,,,,,,,0.0,100.0,,,,0.0,0.0,,64.04,44.96,702.0,,,,,315.0,,,,,,80.0,-9999.0,-9999.0,,,,,-9999.0,,,,,,-9999.0,,,,
1967,3,10,,,,,,,,,,0.0,,,,,0.0,0.0,,32.0,32.0,,,,,,,,,,,,,-9.0,-9.0,,,,,-9.0,,,,,,-9.0,,,,
1967,3,11,0.0,0.0,,,,,,,,0.0,100.0,,,,0.0,0.0,,64.94,44.96,702.0,,,,,,,,,,,72.0,999.0,999.0,,,,,999.0,,,,,,999.0,,,,
1967,3,12,,,,,,,,,,0.0,,,,,0.0,0.0,,,,,,,,,,,,,,,,-999.0,-999.0,,,,,,,,,,,-999.0,,,,
1967,3,14,90.0,80.0,,,,,,,,0.0,71.0,,,,0.0,0.0,,64.04,53.96,504.0,,,,,,,,,,,49.0,9999.0,9999.0,,,,,1.0,,,,,,9999.0,,,,
1967,3,15,,,,,,,,,,0.0,,,,,0.0,0.0,,,,,,,,,,,,,,,,-99.0,-99.0,,,,,,,,,,,,,,,
1967,3,16,,,,,,,,,,,,,,,,,,,,,,,,,,,,,,,,99.0,99.0,,,,,99.0,,,,,,,,,,
1967,3,17,80.0,70.0,,,,,,,,0.0,50.0,,,,0.0,0.0,,64.94,57.02,354.0,,,,,180.0,,,,,,76.0,-9999.0,-9999.0,,,,,-9999.0,,,,,,1.0,,,,
1967,3,18,,,,,,,,,,,,,,,0.0,0.0,,32.0,32.0,,,,,,,,,,,,,-9.0,-9.0,,,,,-9.0,,,,,,,,,,
1967,3,19,70.0,80.0,,,,,,,,,88.0,,,,0.0,0.0,,64.94,57.02,624.0,,,,,,,,,,,76.0,999.0,999.0,,,,,999.0,,,,,,1.0,,,,
1967,3,20,,,,,,,,,,,,,,,0.0,0.0,,,,,,,,,,,,,,,,-999.0,-999.0,,,,,-999.0,,,,,,,,,,
1967,3,21,,,,,,,,,,,,,,,,,,,,,,,,,,,,,,,,9.0,,,,,,,,,,,,,,,,
1967,3,22,80.0,90.0,,,,,,,,38.0,48.0,,,,0.0,0.0,,66.02,53.06,342.0,,,,,,,,,,,58.0,1.0,9999.0,,,,,9999.0,,,,,,1.0,,,,
1967,3,23,,,,,,,,,,0.0,,,,,0.0,0.0,,,32.0,,,,,,,,,,,,,,-99.0,,,,,-99.0,,,,,,,,,,
1967,3,24,,,,,,,,,,,,,,,,,,,,,,,,,,,,,,,,99.0,99.0,,,,,99.0,,,,,,99.0,,,,
1967,3,25,60.0,80.0,,,,,,,,0.0,84.0,,,,0.0,0.0,,75.92,55.04,606.0,,,,,315.0,,,,,,80.0,-9999.0,-9999.0,,,,,-9999.0,,,,,,-9999.0,,,,
1967,3,26,,,,,,,,,,0.0,,,,,0.0,0.0,,32.0,32.0,,,,,,,,,,,,,,-9.0,,,,,,,,,,,,,,,
1967,3,27,80.0,80.0,,,,,,,,,70.0,,,,0.0,0.0,,66.92,57.02,504.0,,,,,,,,,,,85.0,1.0,999.0,,,,,1.0,,,,,,1.0,,,,
1967,3,28,,,,,,,,,,0.0,,,,,0.0,0.0,,,,,,,,,,,,,,,,,-999.0,,,,,,,,,,,,,,,
1967,3,30,50.0,30.0,,,,,,,,0.0,77.0,,,,0.0,0.0,,64.94,57.02,558.0,,,,,,,,,,,49.0,9999.0,9999.0,,,,,9999.0,,,,,,9999.0,,,,
1967,3,31,,,,,,,,,,0.0,,,,,0.0,0.0,,,,,,,,,,,,,,,,-99.0,-99.0,,,,,-99.0,,,,,,-99.0,,,,
1967,4,1,60.0,60.0,,,,,,,,99.0,62.0,,,,0.0,0.0,,60.980000000000004,48.02,468.0,,,,,225.0,,,,,,89.0,-9999.0,,,,-9999.0,,-9999.0,,,,,,1.0,,,,
1967,4,2,,,,,,,,,,0.0,,,,,0.0,0.0,,32.0,32.0,,,,,,,,,,,,,-9.0,,,,-9.0,,-9.0,,,,,,,,,,
1967,4,3,40.0,60.0,,,,,,,,0.0,83.0,,,,0.0,0.0,,62.059999999999995,48.92,630.0,,,,,,,,,,,80.0,999.0,,,,999.0,,999.0,,,,,,999.0,,,,
1967,4,4,,,,,,,,,,0.0,,,,,0.0,0.0,,,,,,,,,,,,,,,,-999.0,,,,-999.0,,-999.0,,,,,,-999.0,,,,
1967,4,5,,,,,,,,,,,,,,,,,,,,,,,,,,,,,,,,,,,,,,,,,,,,9.0,,,,
1967,4,6,70.0,90.0,,,,,,,,15.0,37.0,,,,0.0,0.0,,64.94,51.08,282.0,,,,,,,,,,,116.0,9999.0,,,,9999.0,,9999.0,,,,,,1.0,,,,
1967,4,7,,,,,,,,,,0.0,,,,,0.0,0.0,,,,,,,,,,,,,,,,-99.0,,,,-99.0,,-99.0,,,,,,,,,,
1967,4,8,,,,,,,,,,,,,,,,,,,,,,,,,,,,,,,,99.0,,,,99.0,,99.0,,,,,,99.0,,,,
1967,4,9,0.0,0.0,,,,,,,,0.0,100.0,,,,0.0,0.0,,64.94,46.04,762.0,,,,,315.0,,,,,,85.0,-9999.0,,,,-9999.0,,-9999.0,,,,,,-9999.0,,,,
1967,4,10,,,,,,,,,,0.0,,,,,0.0,0.0,,32.0,32.0,,,,,,,,,,,,,-9.0,,,,-9.0,,-9.0,,,,,,-9.0,,,,
1967,4,11,60.0,70.0,,,,,,,,0.0,62.0,,,,0.0,0.0,,64.94,51.98,468.0,,,,,,,,,,,76.0,999.0,,,,999.0,,999.0,,,,,,999.0,,,,
1967,4,12,,,,,,,,,,0.0,,,,,0.0,0.0,,,,,,,,,,,,,,,,-999.0,,,,-999.0,,-999.0,,,,,,-999.0,,,,
1967,4,14,0.0,0.0,,,,,,,,0.0,100.0,,,,0.0,0.0,,64.94,50.0,768.0,,,,,,,,,,,54.0,9999.0,,,,9999.0,,9999.0,,,,,,9999.0,,,,
1967,4,15,,,,,,,,,,0.0,,,,,0.0,0.0,,,,,,,,,,,,,,,,-99.0,,,,-99.0,,-99.0,,,,,,-99.0,,,,
1967,4,16,,,,,,,,,,,,,,,,,,,,,,,,,,,,,,,,99.0,,,,99.0,,99.0,,,,,,99.0,,,,
1967,4,17,90.0,100.0,,,,,,,,145.0,10.0,,,,0.0,0.0,,55.94,48.92,78.0,,,,,225.0,,,,,,125.0,-9999.0,,,,1.0,,-9999.0,,,,,,1.0,,,,
1967,4,18,,,,,,,,,,0.0,,,,,0.0,0.0,,32.0,32.0,,,,,,,,,,,,,-9.0,,,,,,-9.0,,,,,,,,,,
1967,4,19,60.0,70.0,,,,,,,,20.0,55.0,,,,0.0,0.0,,60.980000000000004,50.0,426.0,,,,,,,,,,,107.0,999.0,,,,999.0,,999.0,,,,,,1.0,,,,
1967,4,20,,,,,,,,,,0.0,,,,,0.0,0.0,,,,,,,,,,,,,,,,-999.0,,,,-999.0,,-999.0,,,,,,,,,,
1967,4,22,90.0,100.0,,,,,,,,0.0,17.0,,,,0.0,0.0,,64.04,51.98,132.0,,,,,,,,,,,63.0,9999.0,,,,9999.0,,9999.0,,,,,,9999.0,,,,
1967,4,23,,,,,,,,,,0.0,,,,,0.0,0.0,,,,,,,,,,,,,,,,-99.0,,,,-99.0,,-99.0,,,,,,,,,,
1967,4,24,,,,,,,,,,,,,,,,,,,,,,,,,,,,,,,,99.0,,,,99.0,,99.0,,,,,,,,,,
1967,4,25,20.0,20.0,,,,,,,,0.0,99.0,,,,0.0,0.0,,62.059999999999995,48.02,780.0,,,,,315.0,,,,,,76.0,-9999.0,,,,-9999.0,,-9999.0,,,,,,-9999.0,,,,
1967,4,26,,,,,,,,,,0.0,,,,,0.0,0.0,,32.0,32.0,,,,,,,,,,,,,-9.0,,,,-9.0,,-9.0,,,,,,-9.0,,,,
1967,4,27,10.0,10.0,,,,,,,,0.0,97.0,,,,0.0,0.0,,62.959999999999994,46.04,762.0,,,,,,,,,,,72.0,999.0,,,,999.0,,999.0,,,,,,999.0,,,,
1967,4,28,,,,,,,,,,,,,,,0.0,0.0,,,,,,,,,,,,,,,,-999.0,,,,-999.0,,-999.0,,,,,,,,,,
1967,4,30,60.0,60.0,,,,,,,,33.0,60.0,,,,0.0,0.0,,62.059999999999995,51.08,474.0,,,,,,,,,,,80.0,9999.0,,,,9999.0,,9999.0,,,,,,1.0,,,,
1967,4,31,,,,,,,,,,0.0,,,,,0.0,0.0,,,32.0,,,,,,,,,,,,,-99.0,,,,-99.0,,-99.0,,,,,,,,,,
1967,5,1,10.0,0.0,,,,,,,,0.0,97.0,,,,0.0,0.0,,68.0,48.02,786.0,,,,,315.0,,,,,,89.0,-9999.0,-9999.0,-9999.0,,,,-9999.0,,,,,,-9999.0,,,,
1967,5,2,,,,,,,,,,0.0,,,,,0.0,0.0,,32.0,32.0,,,,,,,,,,,,,-9.0,-9.0,-9.0,,,,,,,,,,-9.0,,,,
1967,5,3,10.0,0.0,,,,,,,,0.0,99.0,,,,0.0,0.0,,69.98,50.0,798.0,,,,,,,,,,,54.0,999.0,999.0,999.0,,,,1.0,,,,,,999.0,,,,
1967,5,4,,,,,,,,,,0.0,,,,,0.0,0.0,,,,,,,,,,,,,,,,-999.0,-999.0,-999.0,,,,,,,,,,-999.0,,,,
1967,5,6,50.0,30.0,,,,,,,,0.0,81.0,,,,0.0,0.0,,66.92,55.04,660.0,,,,,,,,,,,72.0,9999.0,9999.0,9999.0,,,,9999.0,,,,,,9999.0,,,,
1967,5,7,,,,,,,,,,0.0,,,,,0.0,0.0,,,,,,,,,,,,,,,,-99.0,-99.0,-99.0,,,,-99.0,,,,,,-99.0,,,,
1967,5,8,,,,,,,,,,,,,,,,,,,,,,,,,,,,,,,,99.0,99.0,99.0,,,,99.0,,,,,,99.0,,,,
1967,5,9,0.0,10.0,,,,,,,,0.0,100.0,,,,0.0,0.0,,66.02,50.0,816.0,,,,,315.0,,,,,,72.0,-9999.0,-9999.0,-9999.0,,,,-9999.0,,,,,,-9999.0,,,,
1967,5,10,,,,,,,,,,0.0,,,,,0.0,0.0,,32.0,32.0,,,,,,,,,,,,,-9.0,-9.0,-9.0,,,,,,,,,,-9.0,,,,
1967,5,11,50.0,50.0,,,,,,,,0.0,89.0,,,,0.0,0.0,,71.96,53.06,732.0,,,,,,,,,,,76.0,999.0,999.0,999.0,,,,1.0,,,,,,999.0,,,,
1967,5,12,,,,,,,,,,0.0,,,,,0.0,0.0,,,,,,,,,,,,,,,,-999.0,-999.0,-999.0,,,,,,,,,,-999.0,,,,
1967,5,13,,,,,,,,,,,,,,,,,,,,,,,,,,,,,,,,,,,,,,9.0,,,,,,,,,,
1967,5,14,80.0,90.0,,,,,,,,0.0,64.0,,,,0.0,0.0,,71.06,59.0,528.0,,,,,,,,,,,54.0,9999.0,9999.0,9999.0,,,,1.0,,,,,,9999.0,,,,
1967,5,15,,,,,,,,,,0.0,,,,,0.0,0.0,,,,,,,,,,,,,,,,,-99.0,-99.0,,,,,,,,,,,,,,
1967,5,16,,,,,,,,,,,,,,,,,,,,,,,,,,,,,,,,,99.0,99.0,,,,99.0,,,,,,,,,,
1967,5,17,50.0,70.0,,,,,,,,0.0,82.0,,,,0.0,0.0,,66.02,55.04,678.0,,,,,315.0,,,,,,72.0,-9999.0,-9999.0,-9999.0,,,,-9999.0,,,,,,-9999.0,,,,
1967,5,18,,,,,,,,,,0.0,,,,,0.0,0.0,,32.0,32.0,,,,,,,,,,,,,-9.0,-9.0,-9.0,,,,-9.0,,,,,,-9.0,,,,
1967,5,19,20.0,30.0,,,,,,,,0.0,80.0,,,,0.0,0.0,,66.92,51.08,660.0,,,,,,,,,,,63.0,999.0,999.0,999.0,,,,999.0,,,,,,999.0,,,,
1967,5,20,,,,,,,,,,0.0,,,,,0.0,0.0,,,,,,,,,,,,,,,,-999.0,-999.0,-999.0,,,,-999.0,,,,,,-999.0,,,,
1967,5,22,10.0,10.0,,,,,,,,0.0,100.0,,,,0.0,0.0,,82.94,55.94,828.0,,,,,,,,,,,103.0,9999.0,9999.0,9999.0,,,,9999.0,,,,,,9999.0,,,,
1967,5,23,,,,,,,,,,0.0,,,,,0.0,0.0,,,,,,,,,,,,,,,,-99.0,-99.0,-99.0,,,,-99.0,,,,,,-99.0,,,,
1967,5,24,,,,,,,,,,,,,,,,,,,,,,,,,,,,,,,,99.0,99.0,99.0,,,,99.0,,,,,,99.0,,,,
1967,5,25,20.0,30.0,,,,,,,,0.0,100.0,,,,0.0,0.0,,91.03999999999999,62.959999999999994,834.0,,,,,315.0,,,,,,63.0,-9999.0,-9999.0,-9999.0,,,,1.0,,,,,,-9999.0,,,,
1967,5,26,,,,,,,,,,0.0,,,,,0.0,0.0,,32.0,32.0,,,,,,,,,,,,,,-9.0,-9.0,,,,,,,,,,-9.0,,,,
1967,5,27,80.0,80.0,,,,,,,,0.0,36.0,,,,0.0,0.0,,68.0,57.92,300.0,,,,,,,,,,,49.0,1.0,999.0,999.0,,,,1.0,,,,,,999.0,,,,
1967,5,28,,,,,,,,,,0.0,,,,,0.0,0.0,,,,,,,,,,,,,,,,,-999.0,-999.0,,,,,,,,,,-999.0,,,,
1967,5,30,70.0,40.0,,,,,,,,0.0,65.0,,,,0.0,0.0,,69.08,60.08,546.0,,,,,,,,,,,45.0,9999.0,9999.0,9999.0,,,,1.0,,,,,,9999.0,,,,
1967,5,31,,,,,,,,,,0.0,,,,,0.0,0.0,,,,,,,,,,,,,,,,-99.0,-99.0,-99.0,,,,,,,,,,-99.0,,,,
1967,6,1,20.0,10.0,,,,,,,,0.0,89.0,,,,0.0,0.0,,66.02,53.96,756.0,,,,,315.0,,,,,,76.0,-9999.0,,,,,,-9999.0,,,,,,-9999.0,,,,
1967,6,2,,,,,,,,,,0.0,,,,,0.0,0.0,,32.0,32.0,,,,,,,,,,,,,-9.0,,,,,,-9.0,,,,,,-9.0,,,,
1967,6,3,0.0,0.0,,,,,,,,0.0,100.0,,,,0.0,0.0,,68.0,51.08,852.0,,,,,,,,,,,89.0,999.0,,,,,,999.0,,,,,,999.0,,,,
1967,6,4,,,,,,,,,,0.0,,,,,0.0,0.0,,,,,,,,,,,,,,,,-999.0,,,,,,-999.0,,,,,,-999.0,,,,
1967,6,6,30.0,20.0,,,,,,,,0.0,95.0,,,,0.0,0.0,,68.0,55.94,810.0,,,,,,,,,,,76.0,9999.0,,,,,,9999.0,,,,,,9999.0,,,,
1967,6,7,,,,,,,,,,0.0,,,,,0.0,0.0,,,,,,,,,,,,,,,,-99.0,,,,,,-99.0,,,,,,-99.0,,,,
1967,6,8,,,,,,,,,,,,,,,,,,,,,,,,,,,,,,,,99.0,,,,,,99.0,,,,,,99.0,,,,
1967,6,9,50.0,30.0,,,,,,,,0.0,76.0,,,,0.0,0.0,,69.98,59.0,648.0,,,,,315.0,,,,,,67.0,-9999.0,,,,,,-9999.0,,,,,,-9999.0,,,,
1967,6,10,,,,,,,,,,0.0,,,,,0.0,0.0,,32.0,32.0,,,,,,,,,,,,,-9.0,,,,,,-9.0,,,,,,-9.0,,,,
1967,6,11,80.0,70.0,,,,,,,,0.0,44.0,,,,0.0,0.0,,69.98,59.0,378.0,,,,,,,,,,,58.0,999.0,,,,,,999.0,,,,,,999.0,,,,
1967,6,12,,,,,,,,,,0.0,,,,,0.0,0.0,,,,,,,,,,,,,,,,-999.0,,,,,,-999.0,,,,,,-999.0,,,,
1967,6,13,,,,,,,,,,,,,,,,,,,,,,,,,,,,,,,,,,,,,,,,,,,,9.0,,,,
1967,6,14,100.0,90.0,,,,,,,,,31.0,,,,0.0,0.0,,66.92,59.0,264.0,,,,,,,,,,,58.0,9999.0,,,,,,9999.0,,,,,,1.0,,,,
1967,6,15,,,,,,,,,,0.0,,,,,0.0,0.0,,,,,,,,,,,,,,,,-99.0,,,,,,-99.0,,,,,,,,,,
1967,6,16,,,,,,,,,,,,,,,,,,,,,,,,,,,,,,,,99.0,,,,,,99.0,,,,,,,,,,
1967,6,17,100.0,100.0,,,,,,,,0.0,0.0,,,,0.0,0.0,,62.959999999999994,59.0,0.0,,,,,180.0,,,,,,63.0,-9999.0,,,,,,-9999.0,,,,,,1.0,,,,
1967,6,18,,,,,,,,,,,,,,,0.0,0.0,,32.0,32.0,,,,,,,,,,,,,,,,,,,-9.0,,,,,,,,,,
1967,6,19,100.0,100.0,,,,,,,,36.0,10.0,,,,0.0,0.0,,66.02,55.94,84.0,,,,,,,,,,,63.0,1.0,,,,,,999.0,,,,,,1.0,,,,
1967,6,20,,,,,,,,,,0.0,,,,,0.0,0.0,,,,,,,,,,,,,,,,,,,,,,-999.0,,,,,,,,,,
1967,6,22,80.0,60.0,,,,,,,,0.0,48.0,,,,0.0,0.0,,69.08,59.0,414.0,,,,,,,,,,,72.0,9999.0,,,,,,9999.0,,,,,,9999.0,,,,
1967,6,23,,,,,,,,,,0.0,,,,,0.0,0.0,,,,,,,,,,,,,,,,,,,,,,,,,,,,,,,,
1967,6,25,100.0,100.0,,,,,,,,0.0,0.0,,,,0.0,0.0,,64.04,57.92,0.0,,,,,225.0,,,,,,40.0,-9999.0,,,,,,1.0,,,,,,1.0,,,,
1967,6,26,,,,,,,,,,,,,,,0.0,0.0,,32.0,32.0,,,,,,,,,,,,,-9.0,,,,,,,,,,,,,,,,
1967,6,27,90.0,80.0,,,,,,,,0.0,22.0,,,,0.0,0.0,,68.0,59.0,192.0,,,,,,,,,,,58.0,999.0,,,,,,999.0,,,,,,999.0,,,,
1967,6,28,,,,,,,,,,0.0,,,,,0.0,0.0,,,,,,,,,,,,,,,,-999.0,,,,,,-999.0,,,,,,-999.0,,,,
1967,6,29,,,,,,,,,,,,,,,,,,,,,,,,,,,,,,,,,,,,,,9.0,,,,,,,,,,
1967,6,30,60.0,60.0,,,,,,,,0.0,55.0,,,,0.0,0.0,,69.08,60.08,474.0,,,,,,,,,,,72.0,9999.0,,,,,,1.0,,,,,,9999.0,,,,
1967,6,31,,,,,,,,,,0.0,,,,,0.0,0.0,,,,,,,,,,,,,,,,-99.0,,,,,,,,,,,,-99.0,,,,
1967,7,1,80.0,70.0,,,,,,,,0.0,36.0,,,,0.0,0.0,,71.96,62.959999999999994,312.0,,,,,270.0,,,,,,49.0,-9999.0,,,,,,1.0,,,,,,-9999.0,,,,
1967,7,2,,,,,,,,,,0.0,,,,,0.0,0.0,,32.0,32.0,,,,,,,,,,,,,-9.0,,,,,,,,,,,,-9.0,,,,
1967,7,3,80.0,70.0,,,,,,,,0.0,44.0,,,,0.0,0.0,,71.06,62.059999999999995,378.0,,,,,,,,,,,49.0,999.0,,,,,,1.0,,,,,,999.0,,,,
1967,7,4,,,,,,,,,,0.0,,,,,0.0,0.0,,,,,,,,,,,,,,,,,,,,,,,,,,,,,,,,
1967,7,6,100.0,90.0,,,,,,,,0.0,25.0,,,,0.0,0.0,,71.06,62.959999999999994,216.0,,,,,,,,,,,45.0,9999.0,,,,,,1.0,,,,,,9999.0,,,,
1967,7,7,,,,,,,,,,0.0,,,,,0.0,0.0,,,,,,,,,,,,,,,,-99.0,,,,,,,,,,,,-99.0,,,,
1967,7,8,,,,,,,,,,,,,,,,,,,,,,,,,,,,,,,,99.0,,,,,,99.0,,,,,,99.0,,,,
1967,7,9,50.0,40.0,,,,,,,,0.0,82.0,,,,0.0,0.0,,73.04,64.04,702.0,,,,,270.0,,,,,,58.0,-9999.0,,,,,,-9999.0,,,,,,-9999.0,,,,
1967,7,10,,,,,,,,,,0.0,,,,,0.0,0.0,,32.0,32.0,,,,,,,,,,,,,-9.0,,,,,,,,,,,,-9.0,,,,
1967,7,11,50.0,20.0,,,,,,,,0.0,84.0,,,,0.0,0.0,,75.02,64.04,720.0,,,,,,,,,,,58.0,999.0,,,,,,1.0,,,,,,999.0,,,,
1967,7,12,,,,,,,,,,0.0,,,,,0.0,0.0,,,,,,,,,,,,,,,,-999.0,,,,,,,,,,,,-999.0,,,,
1967,7,13,,,,,,,,,,,,,,,,,,,,,,,,,,,,,,,,9.0,,,,,,,,,,,,,,,,
1967,7,14,60.0,40.0,,,,,,,,0.0,73.0,,,,0.0,0.0,,73.94,64.04,624.0,,,,,,,,,,,54.0,1.0,,,,,,1.0,,,,,,9999.0,,,,
1967,7,15,,,,,,,,,,0.0,,,,,0.0,0.0,,,,,,,,,,,,,,,,,,,,,,,,,,,,-99.0,,,,
1967,7,16,,,,,,,,,,,,,,,,,,,,,,,,,,,,,,,,,,,,,,,,,,,,99.0,,,,
1967,7,17,60.0,80.0,,,,,,,,0.0,82.0,,,,0.0,0.0,,78.08,64.04,696.0,,,,,315.0,,,,,,58.0,-9999.0,,,,,,1.0,,,,,,-9999.0,,,,
1967,7,18,,,,,,,,,,0.0,,,,,0.0,0.0,,32.0,32.0,,,,,,,,,,,,,-9.0,,,,,,,,,,,,-9.0,,,,
1967,7,19,60.0,80.0,,,,,,,,0.0,57.0,,,,0.0,0.0,,77.0,66.02,486.0,,,,,,,,,,,49.0,999.0,,,,,,1.0,,,,,,999.0,,,,
1967,7,20,,,,,,,,,,0.0,,,,,0.0,0.0,,,,,,,,,,,,,,,,-999.0,,,,,,,,,,,,-999.0,,,,
1967,7,22,80.0,70.0,,,,,,,,0.0,84.0,,,,0.0,0.0,,75.92,64.94,708.0,,,,,,,,,,,72.0,9999.0,,,,,,9999.0,,,,,,9999.0,,,,
1967,7,23,,,,,,,,,,0.0,,,,,0.0,0.0,,,,,,,,,,,,,,,,-99.0,,,,,,,,,,,,-99.0,,,,
1967,7,24,,,,,,,,,,,,,,,,,,,,,,,,,,,,,,,,99.0,,,,,,,,,,,,99.0,,,,
1967,7,25,70.0,50.0,,,,,,,,0.0,56.0,,,,0.0,0.0,,71.06,62.959999999999994,480.0,,,,,225.0,,,,,,45.0,-9999.0,,,,,,-9999.0,,,,,,-9999.0,,,,
1967,7,26,,,,,,,,,,0.0,,,,,0.0,0.0,,32.0,32.0,,,,,,,,,,,,,-9.0,,,,,,-9.0,,,,,,-9.0,,,,
1967,7,27,60.0,30.0,,,,,,,,0.0,71.0,,,,0.0,0.0,,73.94,64.04,600.0,,,,,,,,,,,49.0,999.0,,,,,,999.0,,,,,,999.0,,,,
1967,7,28,,,,,,,,,,0.0,,,,,0.0,0.0,,,,,,,,,,,,,,,,-999.0,,,,,,-999.0,,,,,,-999.0,,,,
1967,7,29,,,,,,,,,,,,,,,,,,,,,,,,,,,,,,,,,,,,,,9.0,,,,,,,,,,
1967,7,30,30.0,20.0,,,,,,,,0.0,81.0,,,,0.0,0.0,,75.92,62.959999999999994,684.0,,,,,,,,,,,67.0,9999.0,,,,,,1.0,,,,,,9999.0,,,,
1967,7,31,,,,,,,,,,0.0,,,,,0.0,0.0,,,,,,,,,,,,,,,,,,,,,,,,,,,,-99.0,,,,
1967,8,1,80.0,60.0,,,,,,,,0.0,50.0,,,,0.0,0.0,,77.0,66.92,414.0,,,,,225.0,,,,,,45.0,-9999.0,,-9999.0,,,,1.0,,,,,,-9999.0,,,,
1967,8,2,,,,,,,,,,0.0,,,,,0.0,0.0,,32.0,32.0,,,,,,,,,,,,,-9.0,,-9.0,,,,,,,,,,-9.0,,,,
1967,8,3,70.0,50.0,,,,,,,,0.0,59.0,,,,0.0,0.0,,75.92,66.92,486.0,,,,,,,,,,,67.0,999.0,,999.0,,,,1.0,,,,,,999.0,,,,
1967,8,4,,,,,,,,,,0.0,,,,,0.0,0.0,,,,,,,,,,,,,,,,-999.0,,-999.0,,,,,,,,,,-999.0,,,,
1967,8,6,90.0,80.0,,,,,,,,0.0,37.0,,,,0.0,0.0,,75.02,64.04,300.0,,,,,,,,,,,45.0,9999.0,,9999.0,,,,1.0,,,,,,9999.0,,,,
1967,8,7,,,,,,,,,,0.0,,,,,0.0,0.0,,,,,,,,,,,,,,,,-99.0,,-99.0,,,,,,,,,,-99.0,,,,
1967,8,8,,,,,,,,,,,,,,,,,,,,,,,,,,,,,,,,99.0,,99.0,,,,,,,,,,99.0,,,,
1967,8,9,100.0,100.0,,,,,,,,0.0,25.0,,,,0.0,0.0,,75.02,66.02,204.0,,,,,225.0,,,,,,45.0,-9999.0,,-9999.0,,,,1.0,,,,,,-9999.0,,,,
1967,8,10,,,,,,,,,,0.0,,,,,0.0,0.0,,32.0,32.0,,,,,,,,,,,,,-9.0,,-9.0,,,,,,,,,,,,,,
1967,8,11,70.0,60.0,,,,,,,,,67.0,,,,0.0,0.0,,77.0,66.92,546.0,,,,,,,,,,,45.0,999.0,,999.0,,,,999.0,,,,,,1.0,,,,
1967,8,12,,,,,,,,,,0.0,,,,,0.0,0.0,,,,,,,,,,,,,,,,-999.0,,-999.0,,,,-999.0,,,,,,,,,,
1967,8,13,,,,,,,,,,,,,,,,,,,,,,,,,,,,,,,,9.0,,,,,,9.0,,,,,,9.0,,,,
1967,8,14,100.0,100.0,,,,,,,,,10.0,,,,0.0,0.0,,73.94,66.92,78.0,,,,,,,,,,,72.0,1.0,,9999.0,,,,1.0,,,,,,1.0,,,,
1967,8,15,,,,,,,,,,0.0,,,,,0.0,0.0,,,,,,,,,,,,,,,,,,-99.0,,,,,,,,,,,,,,
1967,8,16,,,,,,,,,,,,,,,,,,,,,,,,,,,,,,,,99.0,,99.0,,,,,,,,,,99.0,,,,
1967,8,17,20.0,10.0,,,,,,,,0.0,86.0,,,,0.0,0.0,,80.06,66.92,696.0,,,,,225.0,,,,,,49.0,-9999.0,,-9999.0,,,,1.0,,,,,,-9999.0,,,,
1967,8,18,,,,,,,,,,0.0,,,,,0.0,0.0,,32.0,32.0,,,,,,,,,,,,,-9.0,,-9.0,,,,,,,,,,-9.0,,,,
1967,8,19,30.0,10.0,,,,,,,,0.0,83.0,,,,0.0,0.0,,78.98,68.0,672.0,,,,,,,,,,,72.0,999.0,,999.0,,,,1.0,,,,,,999.0,,,,
1967,8,20,,,,,,,,,,0.0,,,,,0.0,0.0,,,,,,,,,,,,,,,,-999.0,,-999.0,,,,,,,,,,-999.0,,,,
1967,8,22,50.0,30.0,,,,,,,,0.0,71.0,,,,0.0,0.0,,78.98,66.02,570.0,,,,,,,,,,,54.0,9999.0,,9999.0,,,,1.0,,,,,,9999.0,,,,
1967,8,23,,,,,,,,,,0.0,,,,,0.0,0.0,,,,,,,,,,,,,,,,-99.0,,-99.0,,,,,,,,,,-99.0,,,,
1967,8,24,,,,,,,,,,,,,,,,,,,,,,,,,,,,,,,,99.0,,99.0,,,,,,,,,,99.0,,,,
1967,8,25,30.0,20.0,,,,,,,,0.0,87.0,,,,0.0,0.0,,77.0,68.0,696.0,,,,,315.0,,,,,,63.0,-9999.0,,-9999.0,,,,1.0,,,,,,-9999.0,,,,
1967,8,26,,,,,,,,,,0.0,,,,,0.0,0.0,,32.0,32.0,,,,,,,,,,,,,-9.0,,-9.0,,,,,,,,,,-9.0,,,,
1967,8,27,10.0,10.0,,,,,,,,0.0,92.0,,,,0.0,0.0,,78.98,69.08,732.0,,,,,,,,,,,76.0,999.0,,999.0,,,,1.0,,,,,,999.0,,,,
1967,8,28,,,,,,,,,,0.0,,,,,0.0,0.0,,,,,,,,,,,,,,,,-999.0,,-999.0,,,,,,,,,,-999.0,,,,
1967,8,29,,,,,,,,,,,,,,,,,,,,,,,,,,,,,,,,9.0,,,,,,,,,,,,,,,,
1967,8,30,10.0,10.0,,,,,,,,0.0,95.0,,,,0.0,0.0,,82.04,69.08,756.0,,,,,,,,,,,54.0,1.0,,9999.0,,,,1.0,,,,,,9999.0,,,,
1967,8,31,,,,,,,,,,0.0,,,,,0.0,0.0,,,,,,,,,,,,,,,,,,-99.0,,,,,,,,,,-99.0,,,,
1967,9,1,90.0,100.0,,,,,,,,0.0,46.0,,,,0.0,0.0,,87.98,71.96,360.0,,,,,315.0,,,,,,76.0,-9999.0,,,,,,-9999.0,,,,,,1.0,,,,
1967,9,2,,,,,,,,,,,,,,,0.0,0.0,,32.0,32.0,,,,,,,,,,,,,-9.0,,,,,,,,,,,,,,,,
1967,9,3,80.0,80.0,,,,,,,,,45.0,,,,0.0,0.0,,80.06,69.08,348.0,,,,,,,,,,,89.0,999.0,,,,,,1.0,,,,,,1.0,,,,
1967,9,4,,,,,,,,,,0.0,,,,,0.0,0.0,,,,,,,,,,,,,,,,-999.0,,,,,,,,,,,,,,,,
1967,9,6,90.0,80.0,,,,,,,,0.0,57.0,,,,0.0,0.0,,77.0,68.0,432.0,,,,,,,,,,,49.0,9999.0,,,,,,9999.0,,,,,,9999.0,,,,
1967,9,7,,,,,,,,,,0.0,,,,,0.0,0.0,,,,,,,,,,,,,,,,-99.0,,,,,,,,,,,,-99.0,,,,
1967,9,8,,,,,,,,,,,,,,,,,,,,,,,,,,,,,,,,99.0,,,,,,,,,,,,99.0,,,,
1967,9,9,30.0,20.0,,,,,,,,0.0,80.0,,,,0.0,0.0,,77.0,66.92,606.0,,,,,315.0,,,,,,49.0,-9999.0,,,,,,1.0,,,,,,-9999.0,,,,
1967,9,10,,,,,,,,,,0.0,,,,,0.0,0.0,,32.0,32.0,,,,,,,,,,,,,-9.0,,,,,,,,,,,,-9.0,,,,
1967,9,11,40.0,30.0,,,,,,,,0.0,67.0,,,,0.0,0.0,,75.92,64.94,504.0,,,,,,,,,,,63.0,999.0,,,,,,1.0,,,,,,999.0,,,,
1967,9,12,,,,,,,,,,0.0,,,,,0.0,0.0,,,,,,,,,,,,,,,,-999.0,,,,,,,,,,,,-999.0,,,,
1967,9,13,,,,,,,,,,,,,,,,,,,,,,,,,,,,,,,,,,,,,,9.0,,,,,,,,,,
1967,9,14,70.0,90.0,,,,,,,,0.0,58.0,,,,0.0,0.0,,78.98,64.94,438.0,,,,,,,,,,,58.0,9999.0,,,,,,1.0,,,,,,9999.0,,,,
1967,9,15,,,,,,,,,,0.0,,,,,0.0,0.0,,,,,,,,,,,,,,,,-99.0,,,,,,,,,,,,-99.0,,,,
1967,9,16,,,,,,,,,,,,,,,,,,,,,,,,,,,,,,,,99.0,,,,,,,,,,,,99.0,,,,
1967,9,17,30.0,40.0,,,,,,,,0.0,68.0,,,,0.0,0.0,,82.04,69.08,510.0,,,,,225.0,,,,,,67.0,-9999.0,,,,,,-9999.0,,,,,,-9999.0,,,,
1967,9,18,,,,,,,,,,0.0,,,,,0.0,0.0,,32.0,32.0,,,,,,,,,,,,,-9.0,,,,,,-9.0,,,,,,-9.0,,,,
1967,9,19,60.0,40.0,,,,,,,,0.0,70.0,,,,0.0,0.0,,80.06,71.06,522.0,,,,,,,,,,,67.0,999.0,,,,,,999.0,,,,,,999.0,,,,
1967,9,20,,,,,,,,,,0.0,,,,,0.0,0.0,,,,,,,,,,,,,,,,-999.0,,,,,,-999.0,,,,,,-999.0,,,,
1967,9,22,70.0,60.0,,,,,,,,0.0,60.0,,,,0.0,0.0,,75.02,66.92,444.0,,,,,,,,,,,72.0,9999.0,,,,,,9999.0,,,,,,9999.0,,,,
1967,9,23,,,,,,,,,,0.0,,,,,0.0,0.0,,,,,,,,,,,,,,,,-99.0,,,,,,,,,,,,-99.0,,,,
1967,9,24,,,,,,,,,,,,,,,,,,,,,,,,,,,,,,,,99.0,,,,,,,,,,,,99.0,,,,
1967,9,25,70.0,50.0,,,,,,,,0.0,64.0,,,,0.0,0.0,,73.04,66.02,474.0,,,,,225.0,,,,,,45.0,-9999.0,,,,,,1.0,,,,,,-9999.0,,,,
1967,9,26,,,,,,,,,,0.0,,,,,0.0,0.0,,32.0,32.0,,,,,,,,,,,,,-9.0,,,,,,,,,,,,-9.0,,,,
1967,9,27,60.0,40.0,,,,,,,,0.0,68.0,,,,0.0,0.0,,73.94,66.02,504.0,,,,,,,,,,,58.0,999.0,,,,,,999.0,,,,,,999.0,,,,
1967,9,28,,,,,,,,,,0.0,,,,,0.0,0.0,,,,,,,,,,,,,,,,-999.0,,,,,,-999.0,,,,,,-999.0,,,,
1967,9,30,90.0,100.0,,,,,,,,0.0,21.0,,,,0.0,0.0,,73.94,66.92,156.0,,,,,,,,,,,54.0,9999.0,,,,,,9999.0,,,,,,9999.0,,,,
1967,9,31,,,,,,,,,,0.0,,,,,0.0,0.0,,,,,,,,,,,,,,,,-99.0,,,,,,-99.0,,,,,,-99.0,,,,
1967,10,1,80.0,60.0,,,,,,,,0.0,63.0,,,,0.0,0.0,,73.04,66.02,450.0,,,,,315.0,,,,,,80.0,-9999.0,-9999.0,,,,,1.0,,,,,,,,,,
1967,10,2,,,,,,,,,,0.0,,,,,0.0,0.0,,32.0,32.0,,,,,,,,,,,,,-9.0,-9.0,,,,,,,,,,,,,,,
1967,10,3,30.0,20.0,,,,,,,,0.0,84.0,,,,0.0,0.0,,75.92,64.04,594.0,,,,,,,,,,,58.0,999.0,999.0,,,,,1.0,,,,,,,,,,
1967,10,4,,,,,,,,,,0.0,,,,,0.0,0.0,,,,,,,,,,,,,,,,-999.0,-999.0,,,,,,,,,,,,,,,
1967,10,5,,,,,,,,,,,,,,,,,,,,,,,,,,,,,,,,,,,,,,9.0,,,,,,,,,,
1967,10,6,40.0,30.0,,,,,,,,0.0,78.0,,,,0.0,0.0,,73.04,64.94,552.0,,,,,,,,,,,76.0,9999.0,9999.0,,,,,1.0,,,,,,,,,,
1967,10,7,,,,,,,,,,0.0,,,,,0.0,0.0,,,,,,,,,,,,,,,,-99.0,-99.0,,,,,,,,,,,,,,,
1967,10,8,,,,,,,,,,,,,,,,,,,,,,,,,,,,,,,,99.0,99.0,,,,,99.0,,,,,,,,,,
1967,10,9,0.0,0.0,,,,,,,,0.0,100.0,,,,0.0,0.0,,75.02,55.04,702.0,,,,,315.0,,,,,,85.0,-9999.0,-9999.0,,,,,-9999.0,,,,,,,,,,
1967,10,10,,,,,,,,,,0.0,,,,,0.0,0.0,,32.0,32.0,,,,,,,,,,,,,-9.0,-9.0,,,,,-9.0,,,,,,,,,,
1967,10,11,0.0,10.0,,,,,,,,0.0,100.0,,,,0.0,0.0,,89.06,57.92,702.0,,,,,,,,,,,76.0,999.0,999.0,,,,,999.0,,,,,,,,,,
1967,10,12,,,,,,,,,,0.0,,,,,0.0,0.0,,,,,,,,,,,,,,,,-999.0,-999.0,,,,,-999.0,,,,,,,,,,
1967,10,13,,,,,,,,,,,,,,,,,,,,,,,,,,,,,,,,9.0,,,,,,9.0,,,,,,,,,,
1967,10,14,20.0,10.0,,,,,,,,0.0,90.0,,,,0.0,0.0,,75.02,57.02,624.0,,,,,,,,,,,45.0,1.0,9999.0,,,,,1.0,,,,,,,,,,
1967,10,15,,,,,,,,,,0.0,,,,,0.0,0.0,,,,,,,,,,,,,,,,,,,,,,,,,,,,,,,,
1967,10,17,20.0,30.0,,,,,,,,0.0,79.0,,,,0.0,0.0,,73.94,59.0,546.0,,,,,315.0,,,,,,54.0,1.0,1.0,,,,,1.0,,,,,,,,,,
1967,10,18,,,,,,,,,,0.0,,,,,0.0,0.0,,32.0,32.0,,,,,,,,,,,,,,,,,,,,,,,,,,,,,
1967,10,19,50.0,10.0,,,,,,,,0.0,87.0,,,,0.0,0.0,,78.98,57.02,600.0,,,,,,,,,,,54.0,1.0,1.0,,,,,1.0,,,,,,,,,,
1967,10,20,,,,,,,,,,0.0,,,,,0.0,0.0,,,,,,,,,,,,,,,,,,,,,,,,,,,,,,,,
1967,10,22,50.0,0.0,,,,,,,,0.0,91.0,,,,0.0,0.0,,73.04,60.980000000000004,624.0,,,,,,,,,,,54.0,1.0,9999.0,,,,,1.0,,,,,,,,,,
1967,10,23,,,,,,,,,,0.0,,,,,0.0,0.0,,,,,,,,,,,,,,,,,,,,,,,,,,,,,,,,
1967,10,25,0.0,0.0,,,,,,,,0.0,100.0,,,,0.0,0.0,,91.03999999999999,57.92,684.0,,,,,315.0,,,,,,72.0,-9999.0,-9999.0,,,,,-9999.0,,,,,,,,,,
1967,10,26,,,,,,,,,,0.0,,,,,0.0,0.0,,32.0,32.0,,,,,,,,,,,,,-9.0,-9.0,,,,,-9.0,,,,,,,,,,
1967,10,27,0.0,0.0,,,,,,,,0.0,100.0,,,,0.0,0.0,,89.06,62.059999999999995,678.0,,,,,,,,,,,80.0,999.0,999.0,,,,,999.0,,,,,,,,,,
1967,10,28,,,,,,,,,,0.0,,,,,0.0,0.0,,,,,,,,,,,,,,,,,,,,,,,,,,,,,,,,
1967,10,30,40.0,10.0,,,,,,,,0.0,100.0,,,,0.0,0.0,,80.96,55.94,678.0,,,,,,,,,,,45.0,1.0,1.0,,,,,1.0,,,,,,,,,,
1967,10,31,,,,,,,,,,0.0,,,,,0.0,0.0,,,,,,,,,,,,,,,,,,,,,,,,,,,,,,,,
1967,11,1,20.0,0.0,,,,,,,,0.0,94.0,,,,0.0,0.0,,75.92,57.02,612.0,,,,,180.0,,,,,,40.0,1.0,1.0,-9999.0,,,,-9999.0,,,,,,-9999.0,,,,
1967,11,2,,,,,,,,,,0.0,,,,,0.0,0.0,,32.0,32.0,,,,,,,,,,,,,,,-9.0,,,,,,,,,,-9.0,,,,
1967,11,3,60.0,30.0,,,,,,,,0.0,74.0,,,,0.0,0.0,,69.98,57.92,480.0,,,,,,,,,,,40.0,1.0,1.0,999.0,,,,1.0,,,,,,999.0,,,,
1967,11,4,,,,,,,,,,0.0,,,,,0.0,0.0,,,,,,,,,,,,,,,,,,-999.0,,,,,,,,,,-999.0,,,,
1967,11,6,80.0,60.0,,,,,,,,0.0,73.0,,,,0.0,0.0,,69.98,62.059999999999995,474.0,,,,,,,,,,,49.0,9999.0,9999.0,9999.0,,,,1.0,,,,,,9999.0,,,,
1967,11,7,,,,,,,,,,0.0,,,,,0.0,0.0,,,,,,,,,,,,,,,,-99.0,-99.0,-99.0,,,,,,,,,,-99.0,,,,
1967,11,8,,,,,,,,,,,,,,,,,,,,,,,,,,,,,,,,99.0,99.0,99.0,,,,,,,,,,99.0,,,,
1967,11,9,40.0,30.0,,,,,,,,0.0,69.0,,,,0.0,0.0,,71.96,62.959999999999994,444.0,,,,,315.0,,,,,,67.0,-9999.0,-9999.0,-9999.0,,,,1.0,,,,,,-9999.0,,,,
1967,11,10,,,,,,,,,,0.0,,,,,0.0,0.0,,32.0,32.0,,,,,,,,,,,,,-9.0,-9.0,-9.0,,,,,,,,,,-9.0,,,,
1967,11,11,60.0,60.0,,,,,,,,0.0,70.0,,,,0.0,0.0,,69.08,60.980000000000004,450.0,,,,,,,,,,,63.0,999.0,999.0,999.0,,,,1.0,,,,,,999.0,,,,
1967,11,12,,,,,,,,,,0.0,,,,,0.0,0.0,,,,,,,,,,,,,,,,,-999.0,-999.0,,,,,,,,,,-999.0,,,,
1967,11,14,10.0,20.0,,,,,,,,0.0,87.0,,,,0.0,0.0,,71.06,57.02,558.0,,,,,,,,,,,49.0,1.0,9999.0,9999.0,,,,1.0,,,,,,9999.0,,,,
1967,11,15,,,,,,,,,,0.0,,,,,0.0,0.0,,,,,,,,,,,,,,,,,-99.0,-99.0,,,,,,,,,,-99.0,,,,
1967,11,16,,,,,,,,,,,,,,,,,,,,,,,,,,,,,,,,,99.0,99.0,,,,,,,,,,99.0,,,,
1967,11,17,40.0,70.0,,,,,,,,0.0,84.0,,,,0.0,0.0,,73.04,53.96,534.0,,,,,225.0,,,,,,58.0,-9999.0,-9999.0,-9999.0,,,,1.0,,,,,,-9999.0,,,,
1967,11,18,,,,,,,,,,0.0,,,,,0.0,0.0,,32.0,32.0,,,,,,,,,,,,,-9.0,-9.0,-9.0,,,,,,,,,,-9.0,,,,
1967,11,19,60.0,40.0,,,,,,,,0.0,91.0,,,,0.0,0.0,,71.96,60.980000000000004,576.0,,,,,,,,,,,72.0,999.0,999.0,999.0,,,,1.0,,,,,,999.0,,,,
1967,11,20,,,,,,,,,,0.0,,,,,0.0,0.0,,,,,,,,,,,,,,,,,,-999.0,,,,,,,,,,-999.0,,,,
1967,11,22,40.0,60.0,,,,,,,,0.0,93.0,,,,0.0,0.0,,73.04,55.04,588.0,,,,,,,,,,,76.0,1.0,1.0,9999.0,,,,1.0,,,,,,9999.0,,,,
1967,11,23,,,,,,,,,,0.0,,,,,0.0,0.0,,,,,,,,,,,,,,,,,,-99.0,,,,,,,,,,-99.0,,,,
1967,11,24,,,,,,,,,,,,,,,,,,,,,,,,,,,,,,,,99.0,99.0,99.0,,,,,,,,,,99.0,,,,
1967,11,25,70.0,90.0,,,,,,,,0.0,51.0,,,,0.0,0.0,,71.96,60.980000000000004,318.0,,,,,315.0,,,,,,63.0,-9999.0,-9999.0,-9999.0,,,,1.0,,,,,,-9999.0,,,,
1967,11,26,,,,,,,,,,0.0,,,,,0.0,0.0,,32.0,32.0,,,,,,,,,,,,,-9.0,-9.0,-9.0,,,,,,,,,,-9.0,,,,
1967,11,27,50.0,40.0,,,,,,,,0.0,66.0,,,,0.0,0.0,,73.94,60.980000000000004,414.0,,,,,,,,,,,58.0,999.0,999.0,999.0,,,,1.0,,,,,,999.0,,,,
1967,11,28,,,,,,,,,,0.0,,,,,0.0,0.0,,,,,,,,,,,,,,,,-999.0,-999.0,-999.0,,,,,,,,,,-999.0,,,,
1967,11,29,,,,,,,,,,,,,,,,,,,,,,,,,,,,,,,,,,,,,,,,,,,,9.0,,,,
1967,11,30,90.0,80.0,,,,,,,,155.0,51.0,,,,0.0,0.0,,68.0,62.059999999999995,318.0,,,,,,,,,,,116.0,9999.0,9999.0,9999.0,,,,9999.0,,,,,,1.0,,,,
1967,11,31,,,,,,,,,,0.0,,,,,0.0,0.0,,,,,,,,,,,,,,,,-99.0,-99.0,-99.0,,,,-99.0,,,,,,,,,,
1967,12,1,50.0,70.0,,,,,,,,0.0,94.0,,,,0.0,0.0,,62.059999999999995,48.02,570.0,,,,,315.0,,,,,,67.0,-9999.0,-9999.0,,,,,-9999.0,,,,,,-9999.0,-9999.0,,,
1967,12,2,,,,,,,,,,0.0,,,,,0.0,0.0,,32.0,32.0,,,,,,,,,,,,,-9.0,-9.0,,,,,-9.0,,,,,,-9.0,-9.0,,,
1967,12,3,0.0,0.0,,,,,,,,0.0,100.0,,,,0.0,0.0,,66.02,42.980000000000004,606.0,,,,,,,,,,,58.0,999.0,999.0,,,,,999.0,,,,,,999.0,999.0,,,
1967,12,4,,,,,,,,,,0.0,,,,,0.0,0.0,,,,,,,,,,,,,,,,-999.0,-999.0,,,,,-999.0,,,,,,-999.0,-999.0,,,
1967,12,6,10.0,10.0,,,,,,,,0.0,92.0,,,,0.0,0.0,,64.94,46.04,558.0,,,,,,,,,,,45.0,9999.0,9999.0,,,,,9999.0,,,,,,9999.0,9999.0,,,
1967,12,7,,,,,,,,,,0.0,,,,,0.0,0.0,,,32.0,,,,,,,,,,,,,-99.0,-99.0,,,,,,,,,,,-99.0,-99.0,,,
1967,12,8,,,,,,,,,,,,,,,,,,,,,,,,,,,,,,,,99.0,99.0,,,,,,,,,,,99.0,99.0,,,
1967,12,9,60.0,50.0,,,,,,,,0.0,63.0,,,,0.0,0.0,,66.02,51.98,384.0,,,,,315.0,,,,,,54.0,-9999.0,-9999.0,,,,,1.0,,,,,,-9999.0,-9999.0,,,
1967,12,10,,,,,,,,,,0.0,,,,,0.0,0.0,,32.0,32.0,,,,,,,,,,,,,,-9.0,,,,,,,,,,,,-9.0,,,
1967,12,11,80.0,70.0,,,,,,,,13.0,41.0,,,,0.0,0.0,,64.94,53.06,252.0,,,,,,,,,,,49.0,1.0,999.0,,,,,1.0,,,,,,1.0,999.0,,,
1967,12,12,,,,,,,,,,0.0,,,,,0.0,0.0,,,,,,,,,,,,,,,,,-999.0,,,,,,,,,,,,-999.0,,,
1967,12,14,10.0,20.0,,,,,,,,0.0,100.0,,,,0.0,0.0,,66.02,46.94,606.0,,,,,,,,,,,49.0,9999.0,9999.0,,,,,9999.0,,,,,,9999.0,9999.0,,,
1967,12,15,,,,,,,,,,0.0,,,,,0.0,0.0,,,32.0,,,,,,,,,,,,,-99.0,-99.0,,,,,-99.0,,,,,,-99.0,-99.0,,,
1967,12,16,,,,,,,,,,,,,,,,,,,,,,,,,,,,,,,,99.0,99.0,,,,,99.0,,,,,,99.0,99.0,,,
1967,12,17,30.0,0.0,,,,,,,,0.0,100.0,,,,0.0,0.0,,68.0,44.96,600.0,,,,,180.0,,,,,,49.0,-9999.0,-9999.0,,,,,-9999.0,,,,,,-9999.0,-9999.0,,,
1967,12,18,,,,,,,,,,0.0,,,,,0.0,0.0,,32.0,32.0,,,,,,,,,,,,,-9.0,-9.0,,,,,-9.0,,,,,,-9.0,-9.0,,,
1967,12,19,80.0,90.0,,,,,,,,0.0,54.0,,,,0.0,0.0,,64.04,57.02,324.0,,,,,,,,,,,76.0,999.0,999.0,,,,,999.0,,,,,,999.0,999.0,,,
1967,12,20,,,,,,,,,,0.0,,,,,0.0,0.0,,,,,,,,,,,,,,,,-999.0,-999.0,,,,,-999.0,,,,,,,,,,
1967,12,22,60.0,40.0,,,,,,,,,83.0,,,,0.0,0.0,,55.94,37.94,498.0,,,,,,,,,,,58.0,9999.0,9999.0,,,,,9999.0,,,,,,1.0,9999.0,,,
1967,12,23,,,,,,,,,,0.0,,,,,0.0,0.0,,,32.0,,,,,,,,,,,,,-99.0,-99.0,,,,,-99.0,,,,,,,-99.0,,,
1967,12,24,,,,,,,,,,,,,,,,,,,,,,,,,,,,,,,,99.0,99.0,,,,,99.0,,,,,,99.0,99.0,,,
1967,12,25,90.0,90.0,,,,,,,,28.0,38.0,,,,0.0,0.0,,59.0,46.94,228.0,,,,,180.0,,,,,,76.0,-9999.0,-9999.0,,,,,-9999.0,,,,,,1.0,-9999.0,,,
1967,12,26,,,,,,,,,,0.0,,,,,0.0,0.0,,32.0,32.0,,,,,,,,,,,,,-9.0,-9.0,,,,,-9.0,,,,,,,-9.0,,,
1967,12,27,50.0,20.0,,,,,,,,,88.0,,,,0.0,0.0,,60.980000000000004,51.98,528.0,,,,,,,,,,,80.0,999.0,999.0,,,,,999.0,,,,,,1.0,999.0,,,
1967,12,28,,,,,,,,,,,,,,,0.0,0.0,,,,,,,,,,,,,,,,,-999.0,,,,,-999.0,,,,,,,-999.0,,,
1967,12,30,80.0,90.0,,,,,,,,56.0,30.0,,,,0.0,0.0,,55.94,48.92,180.0,,,,,,,,,,,103.0,1.0,9999.0,,,,,9999.0,,,,,,1.0,9999.0,,,
1967,12,31,,,,,,,,,,0.0,,,,,0.0,0.0,,,32.0,,,,,,,,,,,,,,-99.0,,,,,-99.0,,,,,,,-99.0,,,
1968,1,1,30.0,20.0,,,,,,,,0.0,94.0,,,,0.0,0.0,,60.980000000000004,42.980000000000004,564.0,,,,,180.0,,,,,,36.0,-9999.0,-9999.0,,,,,-9999.0,,,,,,-9999.0,,,,
1968,1,2,,,,,,,,,,0.0,,,,,0.0,0.0,,32.0,32.0,,,,,,,,,,,,,-9.0,-9.0,,,,,-9.0,,,,,,,,,,
1968,1,3,100.0,100.0,,,,,,,,3.0,0.0,,,,0.0,0.0,,57.92,51.98,0.0,,,,,,,,,,,36.0,999.0,999.0,,,,,999.0,,,,,,1.0,,,,
1968,1,4,,,,,,,,,,0.0,,,,,0.0,0.0,,,,,,,,,,,,,,,,-999.0,-999.0,,,,,-999.0,,,,,,,,,,
1968,1,6,0.0,0.0,,,,,,,,0.0,100.0,,,,0.0,0.0,,64.04,42.980000000000004,606.0,,,,,,,,,,,54.0,9999.0,9999.0,,,,,9999.0,,,,,,9999.0,,,,
1968,1,7,,,,,,,,,,0.0,,,,,0.0,0.0,,,32.0,,,,,,,,,,,,,-99.0,-99.0,,,,,-99.0,,,,,,-99.0,,,,
1968,1,8,,,,,,,,,,,,,,,,,,,,,,,,,,,,,,,,99.0,99.0,,,,,99.0,,,,,,99.0,,,,
1968,1,9,20.0,40.0,,,,,,,,0.0,92.0,,,,0.0,0.0,,64.04,42.08,558.0,,,,,315.0,,,,,,54.0,-9999.0,-9999.0,,,,,1.0,,,,,,-9999.0,,,,
1968,1,10,,,,,,,,,,0.0,,,,,0.0,0.0,,32.0,32.0,,,,,,,,,,,,,-9.0,-9.0,,,,,,,,,,,-9.0,,,,
1968,1,11,0.0,0.0,,,,,,,,0.0,100.0,,,,0.0,0.0,,62.059999999999995,42.08,606.0,,,,,,,,,,,63.0,999.0,999.0,,,,,1.0,,,,,,999.0,,,,
1968,1,12,,,,,,,,,,0.0,,,,,0.0,0.0,,,,,,,,,,,,,,,,-999.0,-999.0,,,,,,,,,,,-999.0,,,,
1968,1,14,100.0,100.0,,,,,,,,0.0,75.0,,,,0.0,0.0,,64.94,48.02,456.0,,,,,,,,,,,36.0,9999.0,9999.0,,,,,1.0,,,,,,9999.0,,,,
1968,1,15,,,,,,,,,,0.0,,,,,0.0,0.0,,,,,,,,,,,,,,,,-99.0,-99.0,,,,,,,,,,,,,,,
1968,1,16,,,,,,,,,,,,,,,,,,,,,,,,,,,,,,,,99.0,99.0,,,,,,,,,,,,,,,
1968,1,17,70.0,50.0,,,,,,,,0.0,80.0,,,,0.0,0.0,,66.02,50.0,486.0,,,,,315.0,,,,,,58.0,-9999.0,-9999.0,,,,,-9999.0,,,,,,-9999.0,,,,
1968,1,18,,,,,,,,,,0.0,,,,,0.0,0.0,,32.0,32.0,,,,,,,,,,,,,-9.0,-9.0,,,,,-9.0,,,,,,-9.0,,,,
1968,1,19,90.0,100.0,,,,,,,,0.0,69.0,,,,0.0,0.0,,73.04,51.08,420.0,,,,,,,,,,,58.0,999.0,999.0,,,,,999.0,,,,,,999.0,,,,
1968,1,20,,,,,,,,,,0.0,,,,,0.0,0.0,,,,,,,,,,,,,,,,-999.0,-999.0,,,,,-999.0,,,,,,-999.0,,,,
1968,1,21,,,,,,,,,,,,,,,,,,,,,,,,,,,,,,,,9.0,9.0,,,,,,,,,,,,,,,
1968,1,22,20.0,20.0,,,,,,,,0.0,99.0,,,,0.0,0.0,,68.0,46.04,612.0,,,,,,,,,,,31.0,1.0,1.0,,,,,9999.0,,,,,,9999.0,,,,
1968,1,23,,,,,,,,,,0.0,,,,,0.0,0.0,,,32.0,,,,,,,,,,,,,,,,,,,,,,,,,-99.0,,,,
1968,1,24,,,,,,,,,,,,,,,,,,,,,,,,,,,,,,,,,99.0,,,,,,,,,,,99.0,,,,
1968,1,25,70.0,70.0,,,,,,,,0.0,79.0,,,,0.0,0.0,,64.94,55.04,486.0,,,,,315.0,,,,,,58.0,1.0,-9999.0,,,,,1.0,,,,,,1.0,,,,
1968,1,26,,,,,,,,,,,,,,,0.0,0.0,,32.0,32.0,,,,,,,,,,,,,,-9.0,,,,,,,,,,,,,,,
1968,1,27,30.0,60.0,,,,,,,,0.0,90.0,,,,0.0,0.0,,64.04,48.02,558.0,,,,,,,,,,,67.0,999.0,999.0,,,,,999.0,,,,,,999.0,,,,
1968,1,28,,,,,,,,,,0.0,,,,,0.0,0.0,,,,,,,,,,,,,,,,-999.0,-999.0,,,,,-999.0,,,,,,-999.0,,,,
1968,1,30,20.0,30.0,,,,,,,,0.0,100.0,,,,0.0,0.0,,71.96,46.94,618.0,,,,,,,,,,,63.0,9999.0,9999.0,,,,,9999.0,,,,,,9999.0,,,,
1968,1,31,,,,,,,,,,0.0,,,,,0.0,0.0,,,32.0,,,,,,,,,,,,,-99.0,-99.0,,,,,-99.0,,,,,,-99.0,,,,
1968,2,1,40.0,40.0,,,,,,,,0.0,95.0,,,,0.0,0.0,,66.92,48.02,606.0,,,,,315.0,,,,,,72.0,-9999.0,-9999.0,,,,,1.0,,,,,,-9999.0,,,,
1968,2,2,,,,,,,,,,0.0,,,,,0.0,0.0,,32.0,32.0,,,,,,,,,,,,,,-9.0,,,,,,,,,,,-9.0,,,,
1968,2,3,10.0,0.0,,,,,,,,0.0,100.0,,,,0.0,0.0,,68.0,51.08,642.0,,,,,,,,,,,80.0,1.0,999.0,,,,,1.0,,,,,,999.0,,,,
1968,2,4,,,,,,,,,,0.0,,,,,0.0,0.0,,,,,,,,,,,,,,,,,-999.0,,,,,,,,,,,-999.0,,,,
1968,2,6,50.0,90.0,,,,,,,,0.0,86.0,,,,0.0,0.0,,78.98,51.98,552.0,,,,,,,,,,,54.0,9999.0,9999.0,,,,,1.0,,,,,,9999.0,,,,
1968,2,7,,,,,,,,,,0.0,,,,,0.0,0.0,,,,,,,,,,,,,,,,-99.0,-99.0,,,,,,,,,,,-99.0,,,,
1968,2,8,,,,,,,,,,,,,,,,,,,,,,,,,,,,,,,,99.0,99.0,,,,,99.0,,,,,,99.0,,,,
1968,2,9,70.0,90.0,,,,,,,,0.0,85.0,,,,0.0,0.0,,73.04,53.06,546.0,,,,,315.0,,,,,,36.0,-9999.0,-9999.0,,,,,-9999.0,,,,,,-9999.0,,,,
1968,2,10,,,,,,,,,,0.0,,,,,0.0,0.0,,32.0,32.0,,,,,,,,,,,,,,-9.0,,,,,,,,,,,-9.0,,,,
1968,2,11,60.0,90.0,,,,,,,,0.0,86.0,,,,0.0,0.0,,66.02,50.0,558.0,,,,,,,,,,,67.0,1.0,999.0,,,,,1.0,,,,,,999.0,,,,
1968,2,12,,,,,,,,,,0.0,,,,,0.0,0.0,,,,,,,,,,,,,,,,,,,,,,,,,,,,-999.0,,,,
1968,2,13,,,,,,,,,,,,,,,,,,,,,,,,,,,,,,,,,,,,,,,,,,,,9.0,,,,
1968,2,14,100.0,100.0,,,,,,,,3.0,0.0,,,,0.0,0.0,,62.059999999999995,55.04,0.0,,,,,,,,,,,58.0,1.0,9999.0,,,,,9999.0,,,,,,1.0,,,,
1968,2,15,,,,,,,,,,0.0,,,,,0.0,0.0,,,,,,,,,,,,,,,,,-99.0,,,,,-99.0,,,,,,,,,,
1968,2,16,,,,,,,,,,,,,,,,,,,,,,,,,,,,,,,,99.0,99.0,,,,,99.0,,,,,,,,,,
1968,2,17,100.0,100.0,,,,,,,,0.0,23.0,,,,0.0,0.0,,62.959999999999994,51.08,150.0,,,,,45.0,,,,,,54.0,-9999.0,-9999.0,,,,,-9999.0,,,,,,-9999.0,,,,
1968,2,18,,,,,,,,,,0.0,,,,,0.0,0.0,,32.0,32.0,,,,,,,,,,,,,-9.0,-9.0,,,,,,,,,,,,,,,
1968,2,19,80.0,70.0,,,,,,,,,89.0,,,,0.0,0.0,,64.04,51.98,588.0,,,,,,,,,,,45.0,999.0,999.0,,,,,1.0,,,,,,1.0,,,,
1968,2,20,,,,,,,,,,,,,,,0.0,0.0,,,,,,,,,,,,,,,,-999.0,-999.0,,,,,,,,,,,,,,,
1968,2,22,80.0,80.0,,,,,,,,0.0,77.0,,,,0.0,0.0,,66.02,55.04,504.0,,,,,,,,,,,63.0,9999.0,9999.0,,,,,9999.0,,,,,,9999.0,,,,
1968,2,23,,,,,,,,,,0.0,,,,,0.0,0.0,,,,,,,,,,,,,,,,-99.0,-99.0,,,,,-99.0,,,,,,-99.0,,,,
1968,2,24,,,,,,,,,,,,,,,,,,,,,,,,,,,,,,,,99.0,99.0,,,,,99.0,,,,,,99.0,,,,
1968,2,25,80.0,60.0,,,,,,,,0.0,68.0,,,,0.0,0.0,,68.0,55.04,450.0,,,,,315.0,,,,,,49.0,-9999.0,-9999.0,,,,,-9999.0,,,,,,-9999.0,,,,
1968,2,26,,,,,,,,,,0.0,,,,,0.0,0.0,,32.0,32.0,,,,,,,,,,,,,,-9.0,,,,,,,,,,,-9.0,,,,
1968,2,27,90.0,100.0,,,,,,,,0.0,13.0,,,,0.0,0.0,,68.0,55.94,90.0,,,,,,,,,,,45.0,1.0,999.0,,,,,1.0,,,,,,999.0,,,,
1968,2,28,,,,,,,,,,0.0,,,,,0.0,0.0,,,,,,,,,,,,,,,,,-999.0,,,,,,,,,,,-999.0,,,,
1968,2,29,,,,,,,,,,,,,,,,,,,,,,,,,,,,,,,,,9.0,,,,,,,,,,,9.0,,,,
1968,2,30,100.0,100.0,,,,,,,,,35.0,,,,0.0,0.0,,64.94,53.96,234.0,,,,,,,,,,,72.0,1.0,1.0,,,,,1.0,,,,,,1.0,,,,
1968,2,31,,,,,,,,,,0.0,,,,,0.0,0.0,,,,,,,,,,,,,,,,,,,,,,,,,,,,,,,,
1968,3,1,90.0,90.0,,,,,,,,0.0,34.0,,,,0.0,0.0,,64.94,53.06,234.0,,,,,180.0,,,,,,63.0,-9999.0,-9999.0,,,,,1.0,,,,,,-9999.0,,,,
1968,3,2,,,,,,,,,,0.0,,,,,0.0,0.0,,32.0,32.0,,,,,,,,,,,,,-9.0,-9.0,,,,,,,,,,,-9.0,,,,
1968,3,3,50.0,60.0,,,,,,,,0.0,87.0,,,,0.0,0.0,,68.0,57.02,600.0,,,,,,,,,,,76.0,999.0,999.0,,,,,1.0,,,,,,999.0,,,,
1968,3,4,,,,,,,,,,0.0,,,,,0.0,0.0,,,,,,,,,,,,,,,,-999.0,-999.0,,,,,,,,,,,-999.0,,,,
1968,3,6,10.0,0.0,,,,,,,,0.0,100.0,,,,0.0,0.0,,82.94,55.04,696.0,,,,,,,,,,,85.0,9999.0,9999.0,,,,,9999.0,,,,,,9999.0,,,,
1968,3,7,,,,,,,,,,0.0,,,,,0.0,0.0,,,,,,,,,,,,,,,,-99.0,-99.0,,,,,-99.0,,,,,,-99.0,,,,
1968,3,8,,,,,,,,,,,,,,,,,,,,,,,,,,,,,,,,99.0,99.0,,,,,99.0,,,,,,99.0,,,,
1968,3,9,80.0,90.0,,,,,,,,0.0,35.0,,,,0.0,0.0,,64.94,57.92,246.0,,,,,225.0,,,,,,72.0,-9999.0,-9999.0,,,,,-9999.0,,,,,,-9999.0,,,,
1968,3,10,,,,,,,,,,0.0,,,,,0.0,0.0,,32.0,32.0,,,,,,,,,,,,,-9.0,-9.0,,,,,-9.0,,,,,,,,,,
1968,3,11,80.0,80.0,,,,,,,,15.0,53.0,,,,0.0,0.0,,64.94,51.98,372.0,,,,,,,,,,,54.0,999.0,999.0,,,,,999.0,,,,,,1.0,,,,
1968,3,12,,,,,,,,,,,,,,,0.0,0.0,,,,,,,,,,,,,,,,-999.0,-999.0,,,,,-999.0,,,,,,,,,,
1968,3,14,70.0,70.0,,,,,,,,8.0,45.0,,,,0.0,0.0,,62.059999999999995,53.96,318.0,,,,,,,,,,,76.0,9999.0,9999.0,,,,,9999.0,,,,,,1.0,,,,
1968,3,15,,,,,,,,,,0.0,,,,,0.0,0.0,,,,,,,,,,,,,,,,-99.0,-99.0,,,,,-99.0,,,,,,,,,,
1968,3,16,,,,,,,,,,,,,,,,,,,,,,,,,,,,,,,,99.0,99.0,,,,,99.0,,,,,,99.0,,,,
1968,3,17,70.0,80.0,,,,,,,,0.0,96.0,,,,0.0,0.0,,69.98,48.02,684.0,,,,,315.0,,,,,,54.0,-9999.0,-9999.0,,,,,-9999.0,,,,,,-9999.0,,,,
1968,3,18,,,,,,,,,,0.0,,,,,0.0,0.0,,32.0,32.0,,,,,,,,,,,,,-9.0,-9.0,,,,,-9.0,,,,,,-9.0,,,,
1968,3,19,80.0,100.0,,,,,,,,0.0,49.0,,,,0.0,0.0,,64.94,51.08,348.0,,,,,,,,,,,54.0,999.0,999.0,,,,,999.0,,,,,,999.0,,,,
1968,3,20,,,,,,,,,,,,,,,0.0,0.0,,,,,,,,,,,,,,,,-999.0,-999.0,,,,,-999.0,,,,,,,,,,
1968,3,22,30.0,20.0,,,,,,,,0.0,92.0,,,,0.0,0.0,,64.04,53.06,654.0,,,,,,,,,,,58.0,9999.0,9999.0,,,,,9999.0,,,,,,9999.0,,,,
1968,3,23,,,,,,,,,,0.0,,,,,0.0,0.0,,,32.0,,,,,,,,,,,,,-99.0,-99.0,,,,,-99.0,,,,,,-99.0,,,,
1968,3,24,,,,,,,,,,,,,,,,,,,,,,,,,,,,,,,,99.0,99.0,,,,,99.0,,,,,,99.0,,,,
1968,3,25,70.0,50.0,,,,,,,,20.0,83.0,,,,0.0,0.0,,66.02,55.04,594.0,,,,,315.0,,,,,,76.0,-9999.0,-9999.0,,,,,-9999.0,,,,,,1.0,,,,
1968,3,26,,,,,,,,,,0.0,,,,,0.0,0.0,,32.0,32.0,,,,,,,,,,,,,-9.0,-9.0,,,,,-9.0,,,,,,,,,,
1968,3,27,60.0,60.0,,,,,,,,,80.0,,,,0.0,0.0,,62.959999999999994,53.96,576.0,,,,,,,,,,,80.0,999.0,999.0,,,,,999.0,,,,,,1.0,,,,
1968,3,28,,,,,,,,,,0.0,,,,,0.0,0.0,,,,,,,,,,,,,,,,-999.0,-999.0,,,,,-999.0,,,,,,,,,,
1968,3,30,0.0,0.0,,,,,,,,0.0,100.0,,,,0.0,0.0,,66.92,46.04,726.0,,,,,,,,,,,76.0,9999.0,9999.0,,,,,9999.0,,,,,,9999.0,,,,
1968,3,31,,,,,,,,,,0.0,,,,,0.0,0.0,,,32.0,,,,,,,,,,,,,-99.0,-99.0,,,,,-99.0,,,,,,-99.0,,,,
1968,4,1,90.0,100.0,,,,,,,,81.0,27.0,,,,0.0,0.0,,66.02,55.04,204.0,,,,,180.0,,,,,,116.0,-9999.0,,,,,,-9999.0,,,,,,1.0,,,,
1968,4,2,,,,,,,,,,0.0,,,,,0.0,0.0,,32.0,32.0,,,,,,,,,,,,,-9.0,,,,,,-9.0,,,,,,,,,,
1968,4,3,80.0,80.0,,,,,,,,5.0,35.0,,,,0.0,0.0,,64.04,55.94,264.0,,,,,,,,,,,85.0,999.0,,,,,,999.0,,,,,,1.0,,,,
1968,4,4,,,,,,,,,,0.0,,,,,0.0,0.0,,,,,,,,,,,,,,,,-999.0,,,,,,-999.0,,,,,,,,,,
1968,4,6,0.0,0.0,,,,,,,,0.0,100.0,,,,0.0,0.0,,68.0,53.06,756.0,,,,,,,,,,,63.0,9999.0,,,,,,9999.0,,,,,,9999.0,,,,
1968,4,7,,,,,,,,,,0.0,,,,,0.0,0.0,,,,,,,,,,,,,,,,-99.0,,,,,,,,,,,,-99.0,,,,
1968,4,8,,,,,,,,,,,,,,,,,,,,,,,,,,,,,,,,99.0,,,,,,,,,,,,99.0,,,,
1968,4,9,30.0,10.0,,,,,,,,0.0,89.0,,,,0.0,0.0,,66.92,57.02,672.0,,,,,315.0,,,,,,63.0,-9999.0,,,,,,-9999.0,,,,,,-9999.0,,,,
1968,4,10,,,,,,,,,,0.0,,,,,0.0,0.0,,32.0,32.0,,,,,,,,,,,,,-9.0,,,,,,-9.0,,,,,,-9.0,,,,
1968,4,11,0.0,0.0,,,,,,,,0.0,100.0,,,,0.0,0.0,,69.98,53.06,762.0,,,,,,,,,,,49.0,999.0,,,,,,999.0,,,,,,999.0,,,,
1968,4,12,,,,,,,,,,0.0,,,,,0.0,0.0,,,,,,,,,,,,,,,,-999.0,,,,,,,,,,,,-999.0,,,,
1968,4,14,0.0,0.0,,,,,,,,0.0,100.0,,,,0.0,0.0,,89.96000000000001,55.94,768.0,,,,,,,,,,,112.0,9999.0,,,,,,1.0,,,,,,9999.0,,,,
1968,4,15,,,,,,,,,,0.0,,,,,0.0,0.0,,,,,,,,,,,,,,,,-99.0,,,,,,,,,,,,-99.0,,,,
1968,4,16,,,,,,,,,,,,,,,,,,,,,,,,,,,,,,,,99.0,,,,,,,,,,,,99.0,,,,
1968,4,17,50.0,40.0,,,,,,,,0.0,91.0,,,,0.0,0.0,,69.98,59.0,708.0,,,,,180.0,,,,,,63.0,1.0,,,,,,1.0,,,,,,-9999.0,,,,
1968,4,18,,,,,,,,,,0.0,,,,,0.0,0.0,,32.0,32.0,,,,,,,,,,,,,,,,,,,,,,,,,-9.0,,,,
1968,4,19,90.0,80.0,,,,,,,,0.0,55.0,,,,0.0,0.0,,69.08,60.08,426.0,,,,,,,,,,,49.0,999.0,,,,,,999.0,,,,,,999.0,,,,
1968,4,20,,,,,,,,,,0.0,,,,,0.0,0.0,,,,,,,,,,,,,,,,-999.0,,,,,,-999.0,,,,,,-999.0,,,,
1968,4,22,40.0,40.0,,,,,,,,0.0,95.0,,,,0.0,0.0,,69.08,55.04,738.0,,,,,,,,,,,80.0,9999.0,,,,,,9999.0,,,,,,9999.0,,,,
1968,4,23,,,,,,,,,,0.0,,,,,0.0,0.0,,,,,,,,,,,,,,,,-99.0,,,,,,-99.0,,,,,,-99.0,,,,
1968,4,24,,,,,,,,,,,,,,,,,,,,,,,,,,,,,,,,99.0,,,,,,99.0,,,,,,99.0,,,,
1968,4,25,100.0,100.0,,,,,,,,0.0,1.0,,,,0.0,0.0,,62.059999999999995,55.94,6.0,,,,,270.0,,,,,,76.0,-9999.0,,,,,,-9999.0,,,,,,1.0,,,,
1968,4,26,,,,,,,,,,,,,,,0.0,0.0,,32.0,32.0,,,,,,,,,,,,,-9.0,,,,,,-9.0,,,,,,,,,,
1968,4,27,70.0,70.0,,,,,,,,0.0,58.0,,,,0.0,0.0,,64.04,55.04,450.0,,,,,,,,,,,76.0,999.0,,,,,,999.0,,,,,,999.0,,,,
1968,4,28,,,,,,,,,,0.0,,,,,0.0,0.0,,,,,,,,,,,,,,,,-999.0,,,,,,-999.0,,,,,,-999.0,,,,
1968,4,30,20.0,0.0,,,,,,,,0.0,96.0,,,,0.0,0.0,,66.02,50.0,756.0,,,,,,,,,,,54.0,9999.0,,,,,,9999.0,,,,,,9999.0,,,,
1968,4,31,,,,,,,,,,0.0,,,,,0.0,0.0,,,,,,,,,,,,,,,,-99.0,,,,,,-99.0,,,,,,,,,,
1968,5,1,100.0,90.0,,,,,,,,0.0,47.0,,,,0.0,0.0,,69.08,57.92,378.0,,,,,180.0,,,,,,58.0,-9999.0,-9999.0,,,,,1.0,,,,,,-9999.0,,,,
1968,5,2,,,,,,,,,,0.0,,,,,0.0,0.0,,32.0,32.0,,,,,,,,,,,,,-9.0,-9.0,,,,,,,,,,,-9.0,,,,
1968,5,3,90.0,90.0,,,,,,,,0.0,33.0,,,,0.0,0.0,,69.08,60.08,264.0,,,,,,,,,,,49.0,999.0,999.0,,,,,999.0,,,,,,999.0,,,,
1968,5,4,,,,,,,,,,0.0,,,,,0.0,0.0,,,,,,,,,,,,,,,,-999.0,-999.0,,,,,-999.0,,,,,,-999.0,,,,
1968,5,6,90.0,80.0,,,,,,,,0.0,51.0,,,,0.0,0.0,,66.92,60.08,414.0,,,,,,,,,,,89.0,9999.0,9999.0,,,,,9999.0,,,,,,9999.0,,,,
1968,5,7,,,,,,,,,,0.0,,,,,0.0,0.0,,,,,,,,,,,,,,,,-99.0,-99.0,,,,,-99.0,,,,,,-99.0,,,,
1968,5,8,,,,,,,,,,,,,,,,,,,,,,,,,,,,,,,,99.0,99.0,,,,,99.0,,,,,,99.0,,,,
1968,5,9,60.0,70.0,,,,,,,,0.0,64.0,,,,0.0,0.0,,66.02,55.04,522.0,,,,,225.0,,,,,,58.0,-9999.0,-9999.0,,,,,-9999.0,,,,,,-9999.0,,,,
1968,5,10,,,,,,,,,,0.0,,,,,0.0,0.0,,32.0,32.0,,,,,,,,,,,,,-9.0,-9.0,,,,,-9.0,,,,,,-9.0,,,,
1968,5,11,70.0,90.0,,,,,,,,0.0,66.0,,,,0.0,0.0,,64.94,51.98,540.0,,,,,,,,,,,58.0,999.0,999.0,,,,,999.0,,,,,,999.0,,,,
1968,5,12,,,,,,,,,,0.0,,,,,0.0,0.0,,,,,,,,,,,,,,,,-999.0,-999.0,,,,,-999.0,,,,,,-999.0,,,,
1968,5,14,40.0,20.0,,,,,,,,0.0,83.0,,,,0.0,0.0,,68.0,57.92,678.0,,,,,,,,,,,67.0,9999.0,9999.0,,,,,9999.0,,,,,,9999.0,,,,
1968,5,15,,,,,,,,,,0.0,,,,,0.0,0.0,,,,,,,,,,,,,,,,-99.0,-99.0,,,,,-99.0,,,,,,-99.0,,,,
1968,5,16,,,,,,,,,,,,,,,,,,,,,,,,,,,,,,,,99.0,99.0,,,,,99.0,,,,,,99.0,,,,
1968,5,17,100.0,100.0,,,,,,,,0.0,13.0,,,,0.0,0.0,,66.02,57.92,108.0,,,,,225.0,,,,,,67.0,-9999.0,-9999.0,,,,,-9999.0,,,,,,-9999.0,,,,
1968,5,18,,,,,,,,,,0.0,,,,,0.0,0.0,,32.0,32.0,,,,,,,,,,,,,-9.0,-9.0,,,,,-9.0,,,,,,,,,,
1968,5,19,100.0,100.0,,,,,,,,15.0,15.0,,,,0.0,0.0,,62.059999999999995,55.94,126.0,,,,,,,,,,,85.0,999.0,999.0,,,,,999.0,,,,,,1.0,,,,
1968,5,20,,,,,,,,,,0.0,,,,,0.0,0.0,,,,,,,,,,,,,,,,-999.0,-999.0,,,,,-999.0,,,,,,,,,,
1968,5,22,20.0,20.0,,,,,,,,0.0,91.0,,,,0.0,0.0,,66.02,55.94,750.0,,,,,,,,,,,85.0,9999.0,9999.0,,,,,9999.0,,,,,,9999.0,,,,
1968,5,23,,,,,,,,,,0.0,,,,,0.0,0.0,,,,,,,,,,,,,,,,-99.0,-99.0,,,,,-99.0,,,,,,-99.0,,,,
1968,5,24,,,,,,,,,,,,,,,,,,,,,,,,,,,,,,,,99.0,99.0,,,,,99.0,,,,,,99.0,,,,
1968,5,25,40.0,30.0,,,,,,,,0.0,85.0,,,,0.0,0.0,,69.08,55.94,708.0,,,,,225.0,,,,,,54.0,-9999.0,-9999.0,,,,,1.0,,,,,,-9999.0,,,,
1968,5,26,,,,,,,,,,0.0,,,,,0.0,0.0,,32.0,32.0,,,,,,,,,,,,,-9.0,-9.0,,,,,,,,,,,-9.0,,,,
1968,5,27,30.0,20.0,,,,,,,,0.0,88.0,,,,0.0,0.0,,71.96,57.92,732.0,,,,,,,,,,,76.0,999.0,999.0,,,,,1.0,,,,,,999.0,,,,
1968,5,28,,,,,,,,,,0.0,,,,,0.0,0.0,,,,,,,,,,,,,,,,,,,,,,,,,,,,-999.0,,,,
1968,5,30,50.0,60.0,,,,,,,,0.0,79.0,,,,0.0,0.0,,71.96,60.08,660.0,,,,,,,,,,,45.0,1.0,9999.0,,,,,1.0,,,,,,9999.0,,,,
1968,5,31,,,,,,,,,,0.0,,,,,0.0,0.0,,,,,,,,,,,,,,,,,-99.0,,,,,,,,,,,-99.0,,,,
1968,6,1,80.0,60.0,,,,,,,,0.0,74.0,,,,0.0,0.0,,71.06,62.059999999999995,624.0,,,,,225.0,,,,,,54.0,-9999.0,-9999.0,,,,,1.0,,,,,,-9999.0,,,,
1968,6,2,,,,,,,,,,0.0,,,,,0.0,0.0,,32.0,32.0,,,,,,,,,,,,,-9.0,-9.0,,,,,,,,,,,-9.0,,,,
1968,6,3,70.0,50.0,,,,,,,,0.0,73.0,,,,0.0,0.0,,71.96,62.959999999999994,624.0,,,,,,,,,,,49.0,999.0,999.0,,,,,1.0,,,,,,999.0,,,,
1968,6,4,,,,,,,,,,0.0,,,,,0.0,0.0,,,,,,,,,,,,,,,,-999.0,-999.0,,,,,,,,,,,-999.0,,,,
1968,6,6,100.0,100.0,,,,,,,,0.0,1.0,,,,0.0,0.0,,66.92,62.059999999999995,12.0,,,,,,,,,,,76.0,9999.0,9999.0,,,,,1.0,,,,,,9999.0,,,,
1968,6,7,,,,,,,,,,0.0,,,,,0.0,0.0,,,,,,,,,,,,,,,,-99.0,-99.0,,,,,,,,,,,-99.0,,,,
1968,6,8,,,,,,,,,,,,,,,,,,,,,,,,,,,,,,,,99.0,99.0,,,,,99.0,,,,,,99.0,,,,
1968,6,9,80.0,90.0,,,,,,,,0.0,12.0,,,,0.0,0.0,,66.92,60.08,102.0,,,,,225.0,,,,,,63.0,-9999.0,-9999.0,,,,,-9999.0,,,,,,1.0,,,,
1968,6,10,,,,,,,,,,,,,,,0.0,0.0,,32.0,32.0,,,,,,,,,,,,,-9.0,-9.0,,,,,-9.0,,,,,,,,,,
1968,6,11,90.0,100.0,,,,,,,,0.0,16.0,,,,0.0,0.0,,66.02,59.0,132.0,,,,,,,,,,,67.0,999.0,999.0,,,,,999.0,,,,,,999.0,,,,
1968,6,12,,,,,,,,,,0.0,,,,,0.0,0.0,,,,,,,,,,,,,,,,-999.0,-999.0,,,,,-999.0,,,,,,,,,,
1968,6,14,90.0,100.0,,,,,,,,0.0,12.0,,,,0.0,0.0,,66.92,60.08,102.0,,,,,,,,,,,58.0,9999.0,9999.0,,,,,9999.0,,,,,,9999.0,,,,
1968,6,15,,,,,,,,,,0.0,,,,,0.0,0.0,,,,,,,,,,,,,,,,-99.0,-99.0,,,,,-99.0,,,,,,-99.0,,,,
1968,6,16,,,,,,,,,,,,,,,,,,,,,,,,,,,,,,,,99.0,99.0,,,,,99.0,,,,,,99.0,,,,
1968,6,17,50.0,30.0,,,,,,,,0.0,71.0,,,,0.0,0.0,,71.96,59.0,612.0,,,,,315.0,,,,,,54.0,-9999.0,-9999.0,,,,,1.0,,,,,,-9999.0,,,,
1968,6,18,,,,,,,,,,0.0,,,,,0.0,0.0,,32.0,32.0,,,,,,,,,,,,,-9.0,-9.0,,,,,,,,,,,-9.0,,,,
1968,6,19,60.0,40.0,,,,,,,,0.0,75.0,,,,0.0,0.0,,69.98,59.0,642.0,,,,,,,,,,,49.0,999.0,999.0,,,,,1.0,,,,,,999.0,,,,
1968,6,20,,,,,,,,,,0.0,,,,,0.0,0.0,,,,,,,,,,,,,,,,-999.0,-999.0,,,,,,,,,,,-999.0,,,,
1968,6,22,40.0,20.0,,,,,,,,0.0,85.0,,,,0.0,0.0,,75.02,60.980000000000004,726.0,,,,,,,,,,,45.0,9999.0,9999.0,,,,,1.0,,,,,,9999.0,,,,
1968,6,23,,,,,,,,,,0.0,,,,,0.0,0.0,,,,,,,,,,,,,,,,-99.0,-99.0,,,,,,,,,,,-99.0,,,,
1968,6,24,,,,,,,,,,,,,,,,,,,,,,,,,,,,,,,,99.0,99.0,,,,,,,,,,,99.0,,,,
1968,6,25,60.0,70.0,,,,,,,,0.0,84.0,,,,0.0,0.0,,71.96,60.980000000000004,720.0,,,,,315.0,,,,,,49.0,-9999.0,-9999.0,,,,,1.0,,,,,,-9999.0,,,,
1968,6,26,,,,,,,,,,0.0,,,,,0.0,0.0,,32.0,32.0,,,,,,,,,,,,,-9.0,-9.0,,,,,,,,,,,-9.0,,,,
1968,6,27,80.0,80.0,,,,,,,,0.0,81.0,,,,0.0,0.0,,71.96,62.059999999999995,702.0,,,,,,,,,,,76.0,999.0,999.0,,,,,1.0,,,,,,999.0,,,,
1968,6,28,,,,,,,,,,0.0,,,,,0.0,0.0,,,,,,,,,,,,,,,,-999.0,-999.0,,,,,,,,,,,-999.0,,,,
1968,6,30,30.0,20.0,,,,,,,,0.0,85.0,,,,0.0,0.0,,75.02,60.980000000000004,726.0,,,,,,,,,,,80.0,9999.0,9999.0,,,,,1.0,,,,,,9999.0,,,,
1968,6,31,,,,,,,,,,0.0,,,,,0.0,0.0,,,,,,,,,,,,,,,,,-99.0,,,,,,,,,,,-99.0,,,,
1968,7,1,40.0,40.0,,,,,,,,0.0,72.0,,,,0.0,0.0,,71.06,57.92,618.0,,,,,315.0,,,,,,67.0,,,,,,,1.0,,,,,,-9999.0,,,,
1968,7,2,,,,,,,,,,0.0,,,,,0.0,0.0,,32.0,32.0,,,,,,,,,,,,,,,,,,,,,,,,,-9.0,,,,
1968,7,3,60.0,50.0,,,,,,,,0.0,55.0,,,,0.0,0.0,,69.98,62.959999999999994,474.0,,,,,,,,,,,67.0,,,,,,,1.0,,,,,,999.0,,,,
1968,7,4,,,,,,,,,,0.0,,,,,0.0,0.0,,,,,,,,,,,,,,,,,,,,,,,,,,,,-999.0,,,,
1968,7,6,70.0,50.0,,,,,,,,0.0,51.0,,,,0.0,0.0,,71.96,62.959999999999994,438.0,,,,,,,,,,,54.0,,,,,,,1.0,,,,,,9999.0,,,,
1968,7,7,,,,,,,,,,0.0,,,,,0.0,0.0,,,,,,,,,,,,,,,,,,,,,,,,,,,,-99.0,,,,
1968,7,8,,,,,,,,,,,,,,,,,,,,,,,,,,,,,,,,,,,,,,,,,,,,99.0,,,,
1968,7,9,100.0,100.0,,,,,,,,8.0,1.0,,,,0.0,0.0,,71.06,64.04,12.0,,,,,315.0,,,,,,58.0,,,,,,,1.0,,,,,,1.0,,,,
1968,7,10,,,,,,,,,,0.0,,,,,0.0,0.0,,32.0,32.0,,,,,,,,,,,,,,,,,,,,,,,,,,,,,
1968,7,11,90.0,100.0,,,,,,,,,8.0,,,,0.0,0.0,,78.08,66.02,66.0,,,,,,,,,,,72.0,,,,,,,1.0,,,,,,1.0,,,,
1968,7,12,,,,,,,,,,0.0,,,,,0.0,0.0,,,,,,,,,,,,,,,,,,,,,,,,,,,,,,,,
1968,7,14,30.0,40.0,,,,,,,,0.0,96.0,,,,0.0,0.0,,86.0,68.0,822.0,,,,,,,,,,,80.0,,,,,,,9999.0,,,,,,9999.0,,,,
1968,7,15,,,,,,,,,,0.0,,,,,0.0,0.0,,,,,,,,,,,,,,,,,,,,,,-99.0,,,,,,-99.0,,,,
1968,7,16,,,,,,,,,,,,,,,,,,,,,,,,,,,,,,,,,,,,,,99.0,,,,,,99.0,,,,
1968,7,17,0.0,0.0,,,,,,,,0.0,100.0,,,,0.0,0.0,,84.91999999999999,66.92,852.0,,,,,315.0,,,,,,72.0,,,,,,,-9999.0,,,,,,-9999.0,,,,
1968,7,18,,,,,,,,,,0.0,,,,,0.0,0.0,,32.0,32.0,,,,,,,,,,,,,,,,,,,-9.0,,,,,,-9.0,,,,
1968,7,19,0.0,0.0,,,,,,,,0.0,100.0,,,,0.0,0.0,,82.04,66.92,852.0,,,,,,,,,,,72.0,,,,,,,999.0,,,,,,999.0,,,,
1968,7,20,,,,,,,,,,0.0,,,,,0.0,0.0,,,,,,,,,,,,,,,,,,,,,,-999.0,,,,,,-999.0,,,,
1968,7,22,80.0,60.0,,,,,,,,0.0,58.0,,,,0.0,0.0,,71.96,64.94,492.0,,,,,,,,,,,58.0,,,,,,,9999.0,,,,,,9999.0,,,,
1968,7,23,,,,,,,,,,0.0,,,,,0.0,0.0,,,,,,,,,,,,,,,,,,,,,,-99.0,,,,,,-99.0,,,,
1968,7,24,,,,,,,,,,,,,,,,,,,,,,,,,,,,,,,,,,,,,,99.0,,,,,,99.0,,,,
1968,7,25,60.0,30.0,,,,,,,,0.0,73.0,,,,0.0,0.0,,75.02,64.94,618.0,,,,,225.0,,,,,,49.0,,,,,,,-9999.0,,,,,,-9999.0,,,,
1968,7,26,,,,,,,,,,0.0,,,,,0.0,0.0,,32.0,32.0,,,,,,,,,,,,,,,,,,,,,,,,,-9.0,,,,
1968,7,27,50.0,40.0,,,,,,,,0.0,69.0,,,,0.0,0.0,,75.02,64.94,588.0,,,,,,,,,,,45.0,,,,,,,1.0,,,,,,999.0,,,,
1968,7,28,,,,,,,,,,0.0,,,,,0.0,0.0,,,,,,,,,,,,,,,,,,,,,,,,,,,,-999.0,,,,
1968,7,30,50.0,60.0,,,,,,,,0.0,95.0,,,,0.0,0.0,,78.08,66.92,804.0,,,,,,,,,,,72.0,,,,,,,1.0,,,,,,9999.0,,,,
1968,7,31,,,,,,,,,,0.0,,,,,0.0,0.0,,,,,,,,,,,,,,,,,,,,,,,,,,,,-99.0,,,,
1968,8,1,50.0,10.0,,,,,,,,0.0,86.0,,,,0.0,0.0,,77.0,68.0,708.0,,,,,225.0,,,,,,54.0,-9999.0,,,,,,1.0,,,,,,-9999.0,,,,
1968,8,2,,,,,,,,,,0.0,,,,,0.0,0.0,,32.0,32.0,,,,,,,,,,,,,-9.0,,,,,,,,,,,,-9.0,,,,
1968,8,3,60.0,30.0,,,,,,,,0.0,65.0,,,,0.0,0.0,,77.0,66.92,540.0,,,,,,,,,,,58.0,999.0,,,,,,1.0,,,,,,999.0,,,,
1968,8,4,,,,,,,,,,0.0,,,,,0.0,0.0,,,,,,,,,,,,,,,,-999.0,,,,,,,,,,,,-999.0,,,,
1968,8,6,60.0,30.0,,,,,,,,0.0,71.0,,,,0.0,0.0,,75.02,66.02,588.0,,,,,,,,,,,54.0,9999.0,,,,,,1.0,,,,,,9999.0,,,,
1968,8,7,,,,,,,,,,0.0,,,,,0.0,0.0,,,,,,,,,,,,,,,,-99.0,,,,,,,,,,,,-99.0,,,,
1968,8,8,,,,,,,,,,,,,,,,,,,,,,,,,,,,,,,,99.0,,,,,,,,,,,,99.0,,,,
1968,8,9,20.0,0.0,,,,,,,,0.0,100.0,,,,0.0,0.0,,77.0,64.94,816.0,,,,,270.0,,,,,,49.0,-9999.0,,,,,,-9999.0,,,,,,-9999.0,,,,
1968,8,10,,,,,,,,,,0.0,,,,,0.0,0.0,,32.0,32.0,,,,,,,,,,,,,-9.0,,,,,,-9.0,,,,,,-9.0,,,,
1968,8,11,40.0,40.0,,,,,,,,0.0,84.0,,,,0.0,0.0,,78.98,68.0,684.0,,,,,,,,,,,49.0,999.0,,,,,,999.0,,,,,,999.0,,,,
1968,8,12,,,,,,,,,,0.0,,,,,0.0,0.0,,,,,,,,,,,,,,,,-999.0,,,,,,,,,,,,-999.0,,,,
1968,8,13,,,,,,,,,,,,,,,,,,,,,,,,,,,,,,,,9.0,,,,,,,,,,,,,,,,
1968,8,14,30.0,20.0,,,,,,,,0.0,80.0,,,,0.0,0.0,,78.98,64.94,648.0,,,,,,,,,,,54.0,1.0,,,,,,1.0,,,,,,9999.0,,,,
1968,8,15,,,,,,,,,,0.0,,,,,0.0,0.0,,,,,,,,,,,,,,,,,,,,,,,,,,,,-99.0,,,,
1968,8,16,,,,,,,,,,,,,,,,,,,,,,,,,,,,,,,,99.0,,,,,,99.0,,,,,,99.0,,,,
1968,8,17,40.0,10.0,,,,,,,,0.0,84.0,,,,0.0,0.0,,78.08,68.0,678.0,,,,,315.0,,,,,,67.0,-9999.0,,,,,,-9999.0,,,,,,-9999.0,,,,
1968,8,18,,,,,,,,,,0.0,,,,,0.0,0.0,,32.0,32.0,,,,,,,,,,,,,-9.0,,,,,,-9.0,,,,,,-9.0,,,,
1968,8,19,60.0,50.0,,,,,,,,0.0,70.0,,,,0.0,0.0,,75.92,68.0,570.0,,,,,,,,,,,63.0,999.0,,,,,,999.0,,,,,,999.0,,,,
1968,8,20,,,,,,,,,,0.0,,,,,0.0,0.0,,,,,,,,,,,,,,,,-999.0,,,,,,-999.0,,,,,,-999.0,,,,
1968,8,22,40.0,30.0,,,,,,,,0.0,76.0,,,,0.0,0.0,,75.02,66.92,612.0,,,,,,,,,,,63.0,9999.0,,,,,,9999.0,,,,,,9999.0,,,,
1968,8,23,,,,,,,,,,0.0,,,,,0.0,0.0,,,,,,,,,,,,,,,,-99.0,,,,,,-99.0,,,,,,,,,,
1968,8,24,,,,,,,,,,,,,,,,,,,,,,,,,,,,,,,,99.0,,,,,,99.0,,,,,,,,,,
1968,8,25,100.0,90.0,,,,,,,,0.0,34.0,,,,0.0,0.0,,75.02,66.92,276.0,,,,,180.0,,,,,,49.0,-9999.0,,,,,,-9999.0,,,,,,-9999.0,,,,
1968,8,26,,,,,,,,,,0.0,,,,,0.0,0.0,,32.0,32.0,,,,,,,,,,,,,-9.0,,,,,,-9.0,,,,,,-9.0,,,,
1968,8,27,50.0,50.0,,,,,,,,0.0,74.0,,,,0.0,0.0,,73.94,64.94,594.0,,,,,,,,,,,49.0,999.0,,,,,,999.0,,,,,,999.0,,,,
1968,8,28,,,,,,,,,,0.0,,,,,0.0,0.0,,,,,,,,,,,,,,,,-999.0,,,,,,-999.0,,,,,,-999.0,,,,
1968,8,30,40.0,40.0,,,,,,,,0.0,63.0,,,,0.0,0.0,,75.02,64.04,498.0,,,,,,,,,,,49.0,9999.0,,,,,,9999.0,,,,,,9999.0,,,,
1968,8,31,,,,,,,,,,0.0,,,,,0.0,0.0,,,,,,,,,,,,,,,,-99.0,,,,,,-99.0,,,,,,-99.0,,,,
1968,9,1,50.0,20.0,,,,,,,,0.0,77.0,,,,0.0,0.0,,75.92,66.92,588.0,,,,,225.0,,,,,,49.0,-9999.0,-9999.0,,,,,1.0,,,,,,-9999.0,,,,
1968,9,2,,,,,,,,,,0.0,,,,,0.0,0.0,,32.0,32.0,,,,,,,,,,,,,-9.0,-9.0,,,,,,,,,,,-9.0,,,,
1968,9,3,80.0,70.0,,,,,,,,0.0,39.0,,,,0.0,0.0,,75.92,66.92,300.0,,,,,,,,,,,58.0,999.0,999.0,,,,,999.0,,,,,,999.0,,,,
1968,9,4,,,,,,,,,,0.0,,,,,0.0,0.0,,,,,,,,,,,,,,,,-999.0,-999.0,,,,,-999.0,,,,,,-999.0,,,,
1968,9,5,,,,,,,,,,,,,,,,,,,,,,,,,,,,,,,,,,,,,,9.0,,,,,,,,,,
1968,9,6,50.0,20.0,,,,,,,,0.0,80.0,,,,0.0,0.0,,75.92,68.0,618.0,,,,,,,,,,,76.0,9999.0,9999.0,,,,,1.0,,,,,,9999.0,,,,
1968,9,7,,,,,,,,,,0.0,,,,,0.0,0.0,,,,,,,,,,,,,,,,-99.0,-99.0,,,,,,,,,,,-99.0,,,,
1968,9,8,,,,,,,,,,,,,,,,,,,,,,,,,,,,,,,,99.0,99.0,,,,,,,,,,,99.0,,,,
1968,9,9,30.0,20.0,,,,,,,,0.0,87.0,,,,0.0,0.0,,80.96,66.02,660.0,,,,,315.0,,,,,,80.0,-9999.0,-9999.0,,,,,1.0,,,,,,-9999.0,,,,
1968,9,10,,,,,,,,,,0.0,,,,,0.0,0.0,,32.0,32.0,,,,,,,,,,,,,-9.0,-9.0,,,,,,,,,,,-9.0,,,,
1968,9,11,10.0,0.0,,,,,,,,0.0,97.0,,,,0.0,0.0,,82.94,68.0,738.0,,,,,,,,,,,76.0,999.0,999.0,,,,,999.0,,,,,,999.0,,,,
1968,9,12,,,,,,,,,,0.0,,,,,0.0,0.0,,,,,,,,,,,,,,,,-999.0,-999.0,,,,,,,,,,,-999.0,,,,
1968,9,14,0.0,0.0,,,,,,,,0.0,100.0,,,,0.0,0.0,,84.91999999999999,69.08,756.0,,,,,,,,,,,67.0,9999.0,9999.0,,,,,1.0,,,,,,9999.0,,,,
1968,9,15,,,,,,,,,,0.0,,,,,0.0,0.0,,,,,,,,,,,,,,,,-99.0,-99.0,,,,,,,,,,,-99.0,,,,
1968,9,16,,,,,,,,,,,,,,,,,,,,,,,,,,,,,,,,99.0,99.0,,,,,99.0,,,,,,99.0,,,,
1968,9,17,60.0,30.0,,,,,,,,0.0,71.0,,,,0.0,0.0,,77.0,66.92,534.0,,,,,315.0,,,,,,54.0,-9999.0,-9999.0,,,,,1.0,,,,,,-9999.0,,,,
1968,9,18,,,,,,,,,,0.0,,,,,0.0,0.0,,32.0,32.0,,,,,,,,,,,,,-9.0,-9.0,,,,,,,,,,,-9.0,,,,
1968,9,19,60.0,30.0,,,,,,,,0.0,67.0,,,,0.0,0.0,,75.02,64.94,498.0,,,,,,,,,,,72.0,999.0,999.0,,,,,1.0,,,,,,999.0,,,,
1968,9,20,,,,,,,,,,0.0,,,,,0.0,0.0,,,,,,,,,,,,,,,,-999.0,-999.0,,,,,,,,,,,-999.0,,,,
1968,9,22,100.0,100.0,,,,,,,,0.0,24.0,,,,0.0,0.0,,73.04,64.94,180.0,,,,,,,,,,,63.0,9999.0,9999.0,,,,,9999.0,,,,,,9999.0,,,,
1968,9,23,,,,,,,,,,0.0,,,,,0.0,0.0,,,,,,,,,,,,,,,,-99.0,-99.0,,,,,-99.0,,,,,,,,,,
1968,9,24,,,,,,,,,,,,,,,,,,,,,,,,,,,,,,,,99.0,99.0,,,,,99.0,,,,,,,,,,
1968,9,25,80.0,70.0,,,,,,,,0.0,52.0,,,,0.0,0.0,,75.92,66.92,390.0,,,,,225.0,,,,,,49.0,-9999.0,-9999.0,,,,,-9999.0,,,,,,-9999.0,,,,
1968,9,26,,,,,,,,,,0.0,,,,,0.0,0.0,,32.0,32.0,,,,,,,,,,,,,-9.0,-9.0,,,,,,,,,,,-9.0,,,,
1968,9,27,60.0,30.0,,,,,,,,0.0,73.0,,,,0.0,0.0,,75.02,66.92,540.0,,,,,,,,,,,85.0,999.0,999.0,,,,,1.0,,,,,,999.0,,,,
1968,9,28,,,,,,,,,,0.0,,,,,0.0,0.0,,,,,,,,,,,,,,,,-999.0,-999.0,,,,,,,,,,,-999.0,,,,
1968,9,30,100.0,100.0,,,,,,,,0.0,4.0,,,,0.0,0.0,,71.96,64.94,36.0,,,,,,,,,,,45.0,9999.0,9999.0,,,,,1.0,,,,,,9999.0,,,,
1968,9,31,,,,,,,,,,0.0,,,,,0.0,0.0,,,,,,,,,,,,,,,,-99.0,-99.0,,,,,,,,,,,-99.0,,,,
1968,10,1,80.0,80.0,,,,,,,,0.0,21.0,,,,0.0,0.0,,71.06,62.059999999999995,150.0,,,,,315.0,,,,,,63.0,-9999.0,-9999.0,,,,,-9999.0,,,,,,1.0,,,,
1968,10,2,,,,,,,,,,,,,,,0.0,0.0,,32.0,32.0,,,,,,,,,,,,,-9.0,-9.0,,,,,-9.0,,,,,,,,,,
1968,10,3,80.0,80.0,,,,,,,,0.0,36.0,,,,0.0,0.0,,73.04,59.0,258.0,,,,,,,,,,,63.0,999.0,999.0,,,,,999.0,,,,,,999.0,,,,
1968,10,4,,,,,,,,,,0.0,,,,,0.0,0.0,,,,,,,,,,,,,,,,-999.0,-999.0,,,,,-999.0,,,,,,,,,,
1968,10,5,,,,,,,,,,,,,,,,,,,,,,,,,,,,,,,,,,,,,,9.0,,,,,,,,,,
1968,10,6,50.0,30.0,,,,,,,,0.0,81.0,,,,0.0,0.0,,73.04,62.959999999999994,570.0,,,,,,,,,,,89.0,9999.0,9999.0,,,,,1.0,,,,,,9999.0,,,,
1968,10,7,,,,,,,,,,0.0,,,,,0.0,0.0,,,,,,,,,,,,,,,,-99.0,-99.0,,,,,,,,,,,-99.0,,,,
1968,10,8,,,,,,,,,,,,,,,,,,,,,,,,,,,,,,,,99.0,99.0,,,,,,,,,,,99.0,,,,
1968,10,9,100.0,100.0,,,,,,,,0.0,14.0,,,,0.0,0.0,,69.98,62.059999999999995,96.0,,,,,225.0,,,,,,49.0,-9999.0,-9999.0,,,,,1.0,,,,,,-9999.0,,,,
1968,10,10,,,,,,,,,,0.0,,,,,0.0,0.0,,32.0,32.0,,,,,,,,,,,,,-9.0,-9.0,,,,,,,,,,,-9.0,,,,
1968,10,11,80.0,80.0,,,,,,,,0.0,36.0,,,,0.0,0.0,,71.06,64.04,252.0,,,,,,,,,,,45.0,999.0,999.0,,,,,999.0,,,,,,999.0,,,,
1968,10,12,,,,,,,,,,0.0,,,,,0.0,0.0,,,,,,,,,,,,,,,,-999.0,-999.0,,,,,-999.0,,,,,,-999.0,,,,
1968,10,13,,,,,,,,,,,,,,,,,,,,,,,,,,,,,,,,,,,,,,9.0,,,,,,9.0,,,,
1968,10,14,80.0,90.0,,,,,,,,,10.0,,,,0.0,0.0,,73.94,60.08,66.0,,,,,,,,,,,67.0,9999.0,9999.0,,,,,1.0,,,,,,1.0,,,,
1968,10,15,,,,,,,,,,0.0,,,,,0.0,0.0,,,,,,,,,,,,,,,,-99.0,-99.0,,,,,,,,,,,,,,,
1968,10,16,,,,,,,,,,,,,,,,,,,,,,,,,,,,,,,,99.0,99.0,,,,,,,,,,,99.0,,,,
1968,10,17,80.0,100.0,,,,,,,,0.0,33.0,,,,0.0,0.0,,73.04,64.04,228.0,,,,,315.0,,,,,,63.0,-9999.0,-9999.0,,,,,1.0,,,,,,-9999.0,,,,
1968,10,18,,,,,,,,,,0.0,,,,,0.0,0.0,,32.0,32.0,,,,,,,,,,,,,-9.0,-9.0,,,,,,,,,,,-9.0,,,,
1968,10,19,40.0,50.0,,,,,,,,0.0,61.0,,,,0.0,0.0,,71.06,60.980000000000004,420.0,,,,,,,,,,,58.0,999.0,999.0,,,,,1.0,,,,,,999.0,,,,
1968,10,20,,,,,,,,,,0.0,,,,,0.0,0.0,,,,,,,,,,,,,,,,-999.0,-999.0,,,,,,,,,,,-999.0,,,,
1968,10,21,,,,,,,,,,,,,,,,,,,,,,,,,,,,,,,,,,,,,,,,,,,,9.0,,,,
1968,10,22,90.0,100.0,,,,,,,,8.0,4.0,,,,0.0,0.0,,71.06,60.980000000000004,24.0,,,,,,,,,,,76.0,9999.0,9999.0,,,,,9999.0,,,,,,1.0,,,,
1968,10,23,,,,,,,,,,0.0,,,,,0.0,0.0,,,,,,,,,,,,,,,,-99.0,-99.0,,,,,-99.0,,,,,,,,,,
1968,10,24,,,,,,,,,,,,,,,,,,,,,,,,,,,,,,,,99.0,99.0,,,,,99.0,,,,,,99.0,,,,
1968,10,25,0.0,10.0,,,,,,,,0.0,97.0,,,,0.0,0.0,,80.96,55.94,660.0,,,,,360.0,,,,,,80.0,-9999.0,-9999.0,,,,,-9999.0,,,,,,-9999.0,,,,
1968,10,26,,,,,,,,,,0.0,,,,,0.0,0.0,,32.0,32.0,,,,,,,,,,,,,-9.0,-9.0,,,,,-9.0,,,,,,-9.0,,,,
1968,10,27,0.0,0.0,,,,,,,,0.0,100.0,,,,0.0,0.0,,82.94,59.0,678.0,,,,,,,,,,,103.0,999.0,999.0,,,,,999.0,,,,,,999.0,,,,
1968,10,28,,,,,,,,,,0.0,,,,,0.0,0.0,,,,,,,,,,,,,,,,,-999.0,,,,,-999.0,,,,,,-999.0,,,,
1968,10,29,,,,,,,,,,,,,,,,,,,,,,,,,,,,,,,,,,,,,,9.0,,,,,,,,,,
1968,10,30,40.0,10.0,,,,,,,,0.0,87.0,,,,0.0,0.0,,73.94,60.08,582.0,,,,,,,,,,,40.0,1.0,9999.0,,,,,1.0,,,,,,9999.0,,,,
1968,10,31,,,,,,,,,,0.0,,,,,0.0,0.0,,,,,,,,,,,,,,,,,-99.0,,,,,,,,,,,-99.0,,,,
1968,11,1,50.0,70.0,,,,,,,,0.0,74.0,,,,0.0,0.0,,69.98,55.94,480.0,,,,,270.0,,,,,,80.0,-9999.0,-9999.0,,,,,-9999.0,,,,,,-9999.0,,,,
1968,11,2,,,,,,,,,,0.0,,,,,0.0,0.0,,32.0,32.0,,,,,,,,,,,,,-9.0,-9.0,,,,,,,,,,,-9.0,,,,
1968,11,3,30.0,30.0,,,,,,,,0.0,90.0,,,,0.0,0.0,,69.08,55.04,588.0,,,,,,,,,,,76.0,999.0,999.0,,,,,1.0,,,,,,999.0,,,,
1968,11,4,,,,,,,,,,0.0,,,,,0.0,0.0,,,,,,,,,,,,,,,,,-999.0,,,,,,,,,,,,,,,
1968,11,6,90.0,70.0,,,,,,,,10.0,60.0,,,,0.0,0.0,,68.0,60.08,390.0,,,,,,,,,,,63.0,1.0,9999.0,,,,,1.0,,,,,,1.0,,,,
1968,11,7,,,,,,,,,,0.0,,,,,0.0,0.0,,,,,,,,,,,,,,,,,-99.0,,,,,,,,,,,,,,,
1968,11,8,,,,,,,,,,,,,,,,,,,,,,,,,,,,,,,,99.0,99.0,,,,,99.0,,,,,,99.0,,,,
1968,11,9,40.0,70.0,,,,,,,,0.0,95.0,,,,0.0,0.0,,73.04,53.06,612.0,,,,,315.0,,,,,,67.0,-9999.0,-9999.0,,,,,1.0,,,,,,-9999.0,,,,
1968,11,10,,,,,,,,,,0.0,,,,,0.0,0.0,,32.0,32.0,,,,,,,,,,,,,-9.0,-9.0,,,,,,,,,,,-9.0,,,,
1968,11,11,60.0,80.0,,,,,,,,0.0,95.0,,,,0.0,0.0,,71.96,55.94,612.0,,,,,,,,,,,45.0,999.0,999.0,,,,,1.0,,,,,,999.0,,,,
1968,11,12,,,,,,,,,,0.0,,,,,0.0,0.0,,,,,,,,,,,,,,,,-999.0,-999.0,,,,,,,,,,,-999.0,,,,
1968,11,14,0.0,0.0,,,,,,,,0.0,100.0,,,,0.0,0.0,,80.06,55.04,642.0,,,,,,,,,,,49.0,9999.0,9999.0,,,,,9999.0,,,,,,9999.0,,,,
1968,11,15,,,,,,,,,,0.0,,,,,0.0,0.0,,,,,,,,,,,,,,,,,,,,,,-99.0,,,,,,-99.0,,,,
1968,11,16,,,,,,,,,,,,,,,,,,,,,,,,,,,,,,,,,,,,,,99.0,,,,,,99.0,,,,
1968,11,17,100.0,100.0,,,,,,,,0.0,76.0,,,,0.0,0.0,,78.08,53.96,486.0,,,,,315.0,,,,,,40.0,1.0,1.0,,,,,1.0,,,,,,-9999.0,,,,
1968,11,18,,,,,,,,,,0.0,,,,,0.0,0.0,,32.0,32.0,,,,,,,,,,,,,,,,,,,,,,,,,-9.0,,,,
1968,11,19,90.0,90.0,,,,,,,,0.0,58.0,,,,0.0,0.0,,71.06,60.08,372.0,,,,,,,,,,,45.0,999.0,999.0,,,,,1.0,,,,,,999.0,,,,
1968,11,20,,,,,,,,,,0.0,,,,,0.0,0.0,,,,,,,,,,,,,,,,-999.0,-999.0,,,,,,,,,,,-999.0,,,,
1968,11,21,,,,,,,,,,,,,,,,,,,,,,,,,,,,,,,,,,,,,,,,,,,,9.0,,,,
1968,11,22,40.0,40.0,,,,,,,,,98.0,,,,0.0,0.0,,66.92,53.06,618.0,,,,,,,,,,,58.0,9999.0,9999.0,,,,,9999.0,,,,,,1.0,,,,
1968,11,23,,,,,,,,,,0.0,,,,,0.0,0.0,,,,,,,,,,,,,,,,,-99.0,,,,,-99.0,,,,,,,,,,
1968,11,24,,,,,,,,,,,,,,,,,,,,,,,,,,,,,,,,,99.0,,,,,99.0,,,,,,,,,,
1968,11,25,60.0,70.0,,,,,,,,3.0,82.0,,,,0.0,0.0,,66.92,59.0,516.0,,,,,315.0,,,,,,49.0,-9999.0,-9999.0,,,,,-9999.0,,,,,,1.0,,,,
1968,11,26,,,,,,,,,,0.0,,,,,0.0,0.0,,32.0,32.0,,,,,,,,,,,,,,-9.0,,,,,,,,,,,,,,,
1968,11,27,50.0,30.0,,,,,,,,0.0,79.0,,,,0.0,0.0,,66.92,53.96,498.0,,,,,,,,,,,76.0,1.0,999.0,,,,,1.0,,,,,,999.0,,,,
1968,11,28,,,,,,,,,,0.0,,,,,0.0,0.0,,,,,,,,,,,,,,,,,,,,,,,,,,,,-999.0,,,,
1968,11,30,60.0,40.0,,,,,,,,0.0,67.0,,,,0.0,0.0,,66.92,53.06,420.0,,,,,,,,,,,72.0,1.0,1.0,,,,,1.0,,,,,,9999.0,,,,
1968,11,31,,,,,,,,,,0.0,,,,,0.0,0.0,,,,,,,,,,,,,,,,,,,,,,,,,,,,-99.0,,,,
1968,12,1,70.0,70.0,,,,,,,,0.0,50.0,,,,0.0,0.0,,62.959999999999994,53.06,306.0,,,,,315.0,,,,,,76.0,-9999.0,-9999.0,,,,,-9999.0,,,,,,-9999.0,,,,
1968,12,2,,,,,,,,,,0.0,,,,,0.0,0.0,,32.0,32.0,,,,,,,,,,,,,-9.0,-9.0,,,,,-9.0,,,,,,-9.0,,,,
1968,12,3,10.0,0.0,,,,,,,,0.0,100.0,,,,0.0,0.0,,64.94,48.02,606.0,,,,,,,,,,,67.0,999.0,999.0,,,,,999.0,,,,,,999.0,,,,
1968,12,4,,,,,,,,,,0.0,,,,,0.0,0.0,,,,,,,,,,,,,,,,-999.0,-999.0,,,,,-999.0,,,,,,-999.0,,,,
1968,12,5,,,,,,,,,,,,,,,,,,,,,,,,,,,,,,,,,,,,,,9.0,,,,,,,,,,
1968,12,6,0.0,0.0,,,,,,,,0.0,100.0,,,,0.0,0.0,,73.04,46.04,606.0,,,,,,,,,,,58.0,9999.0,9999.0,,,,,1.0,,,,,,9999.0,,,,
1968,12,7,,,,,,,,,,0.0,,,,,0.0,0.0,,,32.0,,,,,,,,,,,,,,,,,,,,,,,,,-99.0,,,,
1968,12,8,,,,,,,,,,,,,,,,,,,,,,,,,,,,,,,,,,,,,,99.0,,,,,,99.0,,,,
1968,12,9,30.0,30.0,,,,,,,,0.0,93.0,,,,0.0,0.0,,68.0,42.08,558.0,,,,,315.0,,,,,,45.0,1.0,1.0,,,,,1.0,,,,,,-9999.0,,,,
1968,12,10,,,,,,,,,,0.0,,,,,0.0,0.0,,32.0,32.0,,,,,,,,,,,,,,,,,,,,,,,,,-9.0,,,,
1968,12,11,30.0,40.0,,,,,,,,0.0,100.0,,,,0.0,0.0,,69.08,44.96,606.0,,,,,,,,,,,72.0,999.0,999.0,,,,,1.0,,,,,,999.0,,,,
1968,12,12,,,,,,,,,,0.0,,,,,0.0,0.0,,,,,,,,,,,,,,,,,,,,,,,,,,,,-999.0,,,,
1968,12,14,90.0,90.0,,,,,,,,0.0,62.0,,,,0.0,0.0,,66.02,42.980000000000004,378.0,,,,,,,,,,,63.0,1.0,1.0,,,,,1.0,,,,,,9999.0,,,,
1968,12,15,,,,,,,,,,0.0,,,,,0.0,0.0,,,32.0,,,,,,,,,,,,,,,,,,,,,,,,,-99.0,,,,
1968,12,16,,,,,,,,,,,,,,,,,,,,,,,,,,,,,,,,,,,,,,,,,,,,99.0,,,,
1968,12,17,80.0,100.0,,,,,,,,15.0,54.0,,,,0.0,0.0,,62.959999999999994,50.0,330.0,,,,,315.0,,,,,,94.0,1.0,-9999.0,,,,,1.0,,,,,,1.0,,,,
1968,12,18,,,,,,,,,,0.0,,,,,0.0,0.0,,32.0,32.0,,,,,,,,,,,,,,-9.0,,,,,,,,,,,,,,,
1968,12,19,20.0,40.0,,,,,,,,0.0,100.0,,,,0.0,0.0,,66.92,46.94,600.0,,,,,,,,,,,63.0,999.0,999.0,,,,,999.0,,,,,,999.0,,,,
1968,12,20,,,,,,,,,,0.0,,,,,0.0,0.0,,,,,,,,,,,,,,,,-999.0,-999.0,,,,,-999.0,,,,,,-999.0,,,,
1968,12,22,90.0,100.0,,,,,,,,0.0,65.0,,,,0.0,0.0,,66.92,46.04,390.0,,,,,,,,,,,58.0,9999.0,9999.0,,,,,9999.0,,,,,,9999.0,,,,
1968,12,23,,,,,,,,,,0.0,,,,,0.0,0.0,,,,,,,,,,,,,,,,,-99.0,,,,,,,,,,,,,,,
1968,12,24,,,,,,,,,,,,,,,,,,,,,,,,,,,,,,,,,99.0,,,,,,,,,,,,,,,
1968,12,25,60.0,80.0,,,,,,,,3.0,48.0,,,,0.0,0.0,,62.959999999999994,51.08,288.0,,,,,315.0,,,,,,72.0,1.0,-9999.0,,,,,1.0,,,,,,1.0,,,,
1968,12,26,,,,,,,,,,0.0,,,,,0.0,0.0,,32.0,32.0,,,,,,,,,,,,,,-9.0,,,,,,,,,,,,,,,
1968,12,27,10.0,0.0,,,,,,,,0.0,100.0,,,,0.0,0.0,,60.980000000000004,42.980000000000004,600.0,,,,,,,,,,,67.0,999.0,999.0,,,,,999.0,,,,,,999.0,,,,
1968,12,28,,,,,,,,,,0.0,,,,,0.0,0.0,,,,,,,,,,,,,,,,-999.0,-999.0,,,,,-999.0,,,,,,-999.0,,,,
1968,12,29,,,,,,,,,,,,,,,,,,,,,,,,,,,,,,,,,,,,,,,,,,,,9.0,,,,
1968,12,30,60.0,70.0,,,,,,,,3.0,52.0,,,,0.0,0.0,,60.980000000000004,51.08,312.0,,,,,,,,,,,85.0,9999.0,9999.0,,,,,9999.0,,,,,,1.0,,,,
1968,12,31,,,,,,,,,,0.0,,,,,0.0,0.0,,,32.0,,,,,,,,,,,,,-99.0,-99.0,,,,,-99.0,,,,,,,,,,
1969,1,1,10.0,20.0,,,,,,,,0.0,100.0,,,,0.0,0.0,,71.96,46.04,606.0,,,,,315.0,,,,,,36.0,-9999.0,-9999.0,,,,,-9999.0,,,,,,-9999.0,,,,
1969,1,2,,,,,,,,,,0.0,,,,,0.0,0.0,,32.0,32.0,,,,,,,,,,,,,-9.0,-9.0,,,,,-9.0,,,,,,-9.0,,,,
1969,1,3,40.0,20.0,,,,,,,,0.0,94.0,,,,0.0,0.0,,73.04,46.94,570.0,,,,,,,,,,,45.0,999.0,999.0,,,,,999.0,,,,,,999.0,,,,
1969,1,4,,,,,,,,,,0.0,,,,,0.0,0.0,,,,,,,,,,,,,,,,-999.0,-999.0,,,,,,,,,,,-999.0,,,,
1969,1,6,40.0,50.0,,,,,,,,0.0,91.0,,,,0.0,0.0,,86.0,51.98,546.0,,,,,,,,,,,67.0,9999.0,9999.0,,,,,1.0,,,,,,9999.0,,,,
1969,1,7,,,,,,,,,,0.0,,,,,0.0,0.0,,,,,,,,,,,,,,,,-99.0,-99.0,,,,,,,,,,,-99.0,,,,
1969,1,8,,,,,,,,,,,,,,,,,,,,,,,,,,,,,,,,99.0,99.0,,,,,99.0,,,,,,99.0,,,,
1969,1,9,0.0,0.0,,,,,,,,0.0,100.0,,,,0.0,0.0,,71.96,51.98,606.0,,,,,315.0,,,,,,31.0,-9999.0,-9999.0,,,,,-9999.0,,,,,,-9999.0,,,,
1969,1,10,,,,,,,,,,0.0,,,,,0.0,0.0,,32.0,32.0,,,,,,,,,,,,,,,,,,,,,,,,,-9.0,,,,
1969,1,11,60.0,30.0,,,,,,,,0.0,77.0,,,,0.0,0.0,,60.980000000000004,48.02,468.0,,,,,,,,,,,67.0,1.0,1.0,,,,,1.0,,,,,,999.0,,,,
1969,1,12,,,,,,,,,,0.0,,,,,0.0,0.0,,,,,,,,,,,,,,,,,,,,,,,,,,,,-999.0,,,,
1969,1,14,100.0,100.0,,,,,,,,0.0,9.0,,,,0.0,0.0,,60.980000000000004,55.94,54.0,,,,,,,,,,,45.0,9999.0,9999.0,,,,,9999.0,,,,,,9999.0,,,,
1969,1,15,,,,,,,,,,0.0,,,,,0.0,0.0,,,,,,,,,,,,,,,,-99.0,-99.0,,,,,-99.0,,,,,,-99.0,,,,
1969,1,16,,,,,,,,,,,,,,,,,,,,,,,,,,,,,,,,99.0,99.0,,,,,99.0,,,,,,99.0,,,,
1969,1,17,60.0,70.0,,,,,,,,0.0,66.0,,,,0.0,0.0,,62.959999999999994,48.02,402.0,,,,,315.0,,,,,,54.0,-9999.0,-9999.0,,,,,1.0,,,,,,-9999.0,,,,
1969,1,18,,,,,,,,,,0.0,,,,,0.0,0.0,,32.0,32.0,,,,,,,,,,,,,-9.0,-9.0,,,,,,,,,,,,,,,
1969,1,19,80.0,80.0,,,,,,,,,47.0,,,,0.0,0.0,,62.059999999999995,50.0,288.0,,,,,,,,,,,54.0,999.0,999.0,,,,,1.0,,,,,,1.0,,,,
1969,1,20,,,,,,,,,,,,,,,0.0,0.0,,,,,,,,,,,,,,,,-999.0,-999.0,,,,,,,,,,,,,,,
1969,1,21,,,,,,,,,,,,,,,,,,,,,,,,,,,,,,,,9.0,,,,,,,,,,,,,,,,
1969,1,22,100.0,100.0,,,,,,,,511.0,0.0,,,,0.0,0.0,,60.980000000000004,57.02,0.0,,,,,,,,,,,107.0,1.0,9999.0,,,,,9999.0,,,,,,1.0,,,,
1969,1,23,,,,,,,,,,0.0,,,,,0.0,0.0,,,,,,,,,,,,,,,,,-99.0,,,,,,,,,,,,,,,
1969,1,24,,,,,,,,,,,,,,,,,,,,,,,,,,,,,,,,,99.0,,,,,,,,,,,,,,,
1969,1,25,80.0,100.0,,,,,,,,0.0,5.0,,,,0.0,0.0,,62.059999999999995,51.98,30.0,,,,,225.0,,,,,,49.0,-9999.0,-9999.0,,,,,1.0,,,,,,-9999.0,,,,
1969,1,26,,,,,,,,,,0.0,,,,,0.0,0.0,,32.0,32.0,,,,,,,,,,,,,-9.0,-9.0,,,,,,,,,,,-9.0,,,,
1969,1,27,70.0,40.0,,,,,,,,0.0,81.0,,,,0.0,0.0,,62.059999999999995,53.96,498.0,,,,,,,,,,,67.0,999.0,999.0,,,,,999.0,,,,,,999.0,,,,
1969,1,28,,,,,,,,,,,,,,,0.0,0.0,,,,,,,,,,,,,,,,,-999.0,,,,,,,,,,,,,,,
1969,1,30,90.0,90.0,,,,,,,,15.0,65.0,,,,0.0,0.0,,62.059999999999995,55.04,408.0,,,,,,,,,,,67.0,1.0,9999.0,,,,,9999.0,,,,,,1.0,,,,
1969,1,31,,,,,,,,,,0.0,,,,,0.0,0.0,,,,,,,,,,,,,,,,,-99.0,,,,,-99.0,,,,,,,,,,
1969,2,1,0.0,0.0,,,,,,,,0.0,100.0,,,,0.0,0.0,,60.980000000000004,41.0,636.0,,,,,270.0,,,,,,45.0,-9999.0,,,,-9999.0,,-9999.0,,,,,,-9999.0,,,,
1969,2,2,,,,,,,,,,0.0,,,,,0.0,0.0,,32.0,32.0,,,,,,,,,,,,,-9.0,,,,-9.0,,-9.0,,,,,,-9.0,,,,
1969,2,3,0.0,0.0,,,,,,,,0.0,100.0,,,,0.0,0.0,,64.04,42.980000000000004,642.0,,,,,,,,,,,63.0,999.0,,,,999.0,,999.0,,,,,,999.0,,,,
1969,2,4,,,,,,,,,,0.0,,,,,0.0,0.0,,,,,,,,,,,,,,,,-999.0,,,,-999.0,,-999.0,,,,,,-999.0,,,,
1969,2,5,,,,,,,,,,,,,,,,,,,,,,,,,,,,,,,,,,,,,,,,,,,,9.0,,,,
1969,2,6,70.0,70.0,,,,,,,,,92.0,,,,0.0,0.0,,62.959999999999994,48.02,588.0,,,,,,,,,,,49.0,9999.0,,,,9999.0,,9999.0,,,,,,1.0,,,,
1969,2,7,,,,,,,,,,0.0,,,,,0.0,0.0,,,,,,,,,,,,,,,,-99.0,,,,-99.0,,-99.0,,,,,,,,,,
1969,2,8,,,,,,,,,,,,,,,,,,,,,,,,,,,,,,,,99.0,,,,99.0,,99.0,,,,,,,,,,
1969,2,9,90.0,100.0,,,,,,,,244.0,21.0,,,,0.0,0.0,,59.0,51.98,138.0,,,,,180.0,,,,,,134.0,1.0,,,,-9999.0,,-9999.0,,,,,,1.0,,,,
1969,2,10,,,,,,,,,,0.0,,,,,0.0,0.0,,32.0,32.0,,,,,,,,,,,,,,,,,-9.0,,-9.0,,,,,,,,,,
1969,2,11,50.0,80.0,,,,,,,,0.0,93.0,,,,0.0,0.0,,60.980000000000004,48.02,606.0,,,,,,,,,,,67.0,999.0,,,,999.0,,999.0,,,,,,999.0,,,,
1969,2,12,,,,,,,,,,0.0,,,,,0.0,0.0,,,,,,,,,,,,,,,,-999.0,,,,-999.0,,,,,,,,-999.0,,,,
1969,2,14,20.0,10.0,,,,,,,,0.0,94.0,,,,0.0,0.0,,62.059999999999995,46.04,612.0,,,,,,,,,,,76.0,9999.0,,,,9999.0,,1.0,,,,,,9999.0,,,,
1969,2,15,,,,,,,,,,0.0,,,,,0.0,0.0,,,32.0,,,,,,,,,,,,,,,,,-99.0,,,,,,,,-99.0,,,,
1969,2,16,,,,,,,,,,,,,,,,,,,,,,,,,,,,,,,,,,,,99.0,,,,,,,,99.0,,,,
1969,2,17,100.0,100.0,,,,,,,,0.0,47.0,,,,0.0,0.0,,60.980000000000004,53.96,306.0,,,,,270.0,,,,,,67.0,-9999.0,,,,-9999.0,,1.0,,,,,,-9999.0,,,,
1969,2,18,,,,,,,,,,0.0,,,,,0.0,0.0,,32.0,32.0,,,,,,,,,,,,,-9.0,,,,-9.0,,,,,,,,,,,,
1969,2,19,100.0,100.0,,,,,,,,3.0,33.0,,,,0.0,0.0,,62.059999999999995,53.06,216.0,,,,,,,,,,,63.0,999.0,,,,999.0,,999.0,,,,,,1.0,,,,
1969,2,20,,,,,,,,,,0.0,,,,,0.0,0.0,,,,,,,,,,,,,,,,-999.0,,,,-999.0,,-999.0,,,,,,,,,,
1969,2,21,,,,,,,,,,,,,,,,,,,,,,,,,,,,,,,,,,,,,,9.0,,,,,,,,,,
1969,2,22,80.0,90.0,,,,,,,,0.0,66.0,,,,0.0,0.0,,62.059999999999995,48.92,438.0,,,,,,,,,,,49.0,9999.0,,,,9999.0,,1.0,,,,,,9999.0,,,,
1969,2,23,,,,,,,,,,0.0,,,,,0.0,0.0,,,,,,,,,,,,,,,,-99.0,,,,-99.0,,,,,,,,,,,,
1969,2,24,,,,,,,,,,,,,,,,,,,,,,,,,,,,,,,,99.0,,,,99.0,,99.0,,,,,,,,,,
1969,2,25,50.0,30.0,,,,,,,,0.0,89.0,,,,0.0,0.0,,62.059999999999995,50.0,594.0,,,,,315.0,,,,,,72.0,-9999.0,,,,-9999.0,,-9999.0,,,,,,-9999.0,,,,
1969,2,26,,,,,,,,,,0.0,,,,,0.0,0.0,,32.0,32.0,,,,,,,,,,,,,-9.0,,,,-9.0,,,,,,,,-9.0,,,,
1969,2,27,90.0,90.0,,,,,,,,0.0,62.0,,,,0.0,0.0,,64.04,51.08,414.0,,,,,,,,,,,40.0,999.0,,,,999.0,,1.0,,,,,,999.0,,,,
1969,2,28,,,,,,,,,,,,,,,0.0,0.0,,,,,,,,,,,,,,,,-999.0,,,,-999.0,,,,,,,,,,,,
1969,2,29,,,,,,,,,,,,,,,,,,,,,,,,,,,,,,,,,,,,9.0,,,,,,,,,,,,
1969,2,30,80.0,80.0,,,,,,,,244.0,49.0,,,,0.0,0.0,,59.0,46.04,330.0,,,,,,,,,,,76.0,9999.0,,,,1.0,,9999.0,,,,,,1.0,,,,
1969,2,31,,,,,,,,,,0.0,,,,,0.0,0.0,,,32.0,,,,,,,,,,,,,-99.0,,,,,,-99.0,,,,,,,,,,
1969,3,1,30.0,30.0,,,,,,,,3.0,97.0,,,,0.0,0.0,,60.980000000000004,48.92,672.0,,,,,315.0,,,,,,80.0,-9999.0,-9999.0,-9999.0,,-9999.0,,-9999.0,,,,,,1.0,,,,
1969,3,2,,,,,,,,,,0.0,,,,,0.0,0.0,,32.0,32.0,,,,,,,,,,,,,-9.0,-9.0,-9.0,,-9.0,,-9.0,,,,,,,,,,
1969,3,3,10.0,0.0,,,,,,,,0.0,100.0,,,,0.0,0.0,,64.04,44.96,690.0,,,,,,,,,,,80.0,999.0,999.0,999.0,,999.0,,999.0,,,,,,999.0,,,,
1969,3,4,,,,,,,,,,0.0,,,,,0.0,0.0,,,,,,,,,,,,,,,,-999.0,-999.0,-999.0,,-999.0,,-999.0,,,,,,-999.0,,,,
1969,3,5,,,,,,,,,,,,,,,,,,,,,,,,,,,,,,,,,,,,,,,,,,,,9.0,,,,
1969,3,6,30.0,30.0,,,,,,,,25.0,93.0,,,,0.0,0.0,,60.08,48.92,648.0,,,,,,,,,,,80.0,9999.0,9999.0,9999.0,,9999.0,,9999.0,,,,,,1.0,,,,
1969,3,7,,,,,,,,,,0.0,,,,,0.0,0.0,,,32.0,,,,,,,,,,,,,-99.0,-99.0,-99.0,,-99.0,,-99.0,,,,,,,,,,
1969,3,8,,,,,,,,,,,,,,,,,,,,,,,,,,,,,,,,99.0,99.0,99.0,,99.0,,99.0,,,,,,99.0,,,,
1969,3,9,60.0,80.0,,,,,,,,0.0,85.0,,,,0.0,0.0,,60.08,51.08,594.0,,,,,270.0,,,,,,80.0,-9999.0,-9999.0,-9999.0,,-9999.0,,-9999.0,,,,,,-9999.0,,,,
1969,3,10,,,,,,,,,,0.0,,,,,0.0,0.0,,32.0,32.0,,,,,,,,,,,,,-9.0,-9.0,-9.0,,-9.0,,-9.0,,,,,,-9.0,,,,
1969,3,11,30.0,50.0,,,,,,,,0.0,83.0,,,,0.0,0.0,,60.08,48.02,582.0,,,,,,,,,,,76.0,999.0,999.0,999.0,,999.0,,999.0,,,,,,999.0,,,,
1969,3,12,,,,,,,,,,0.0,,,,,0.0,0.0,,,,,,,,,,,,,,,,-999.0,-999.0,-999.0,,-999.0,,-999.0,,,,,,,,,,
1969,3,14,50.0,60.0,,,,,,,,18.0,99.0,,,,0.0,0.0,,60.08,48.02,696.0,,,,,,,,,,,58.0,9999.0,9999.0,9999.0,,9999.0,,9999.0,,,,,,1.0,,,,
1969,3,15,,,,,,,,,,0.0,,,,,0.0,0.0,,,32.0,,,,,,,,,,,,,-99.0,-99.0,-99.0,,-99.0,,-99.0,,,,,,,,,,
1969,3,16,,,,,,,,,,,,,,,,,,,,,,,,,,,,,,,,99.0,99.0,99.0,,99.0,,99.0,,,,,,,,,,
1969,3,17,10.0,20.0,,,,,,,,0.0,100.0,,,,0.0,0.0,,59.0,44.96,708.0,,,,,225.0,,,,,,58.0,-9999.0,-9999.0,-9999.0,,-9999.0,,-9999.0,,,,,,-9999.0,,,,
1969,3,18,,,,,,,,,,0.0,,,,,0.0,0.0,,32.0,32.0,,,,,,,,,,,,,-9.0,-9.0,-9.0,,-9.0,,-9.0,,,,,,,,,,
1969,3,19,50.0,50.0,,,,,,,,20.0,94.0,,,,0.0,0.0,,59.0,46.04,672.0,,,,,,,,,,,89.0,999.0,999.0,999.0,,999.0,,999.0,,,,,,1.0,,,,
1969,3,20,,,,,,,,,,,,,,,0.0,0.0,,,,,,,,,,,,,,,,-999.0,-999.0,-999.0,,,,-999.0,,,,,,,,,,
1969,3,22,10.0,0.0,,,,,,,,0.0,100.0,,,,0.0,0.0,,62.059999999999995,44.96,714.0,,,,,,,,,,,76.0,9999.0,9999.0,9999.0,,9999.0,,9999.0,,,,,,9999.0,,,,
1969,3,23,,,,,,,,,,0.0,,,,,0.0,0.0,,,32.0,,,,,,,,,,,,,-99.0,-99.0,-99.0,,-99.0,,-99.0,,,,,,-99.0,,,,
1969,3,24,,,,,,,,,,,,,,,,,,,,,,,,,,,,,,,,99.0,99.0,99.0,,99.0,,99.0,,,,,,99.0,,,,
1969,3,25,10.0,10.0,,,,,,,,0.0,100.0,,,,0.0,0.0,,66.92,46.04,720.0,,,,,270.0,,,,,,63.0,-9999.0,-9999.0,-9999.0,,-9999.0,,-9999.0,,,,,,-9999.0,,,,
1969,3,26,,,,,,,,,,0.0,,,,,0.0,0.0,,32.0,32.0,,,,,,,,,,,,,,-9.0,-9.0,,-9.0,,,,,,,,-9.0,,,,
1969,3,27,40.0,30.0,,,,,,,,0.0,76.0,,,,0.0,0.0,,62.959999999999994,48.92,546.0,,,,,,,,,,,49.0,1.0,999.0,999.0,,999.0,,1.0,,,,,,999.0,,,,
1969,3,28,,,,,,,,,,0.0,,,,,0.0,0.0,,,,,,,,,,,,,,,,,-999.0,-999.0,,-999.0,,,,,,,,-999.0,,,,
1969,3,30,90.0,80.0,,,,,,,,0.0,68.0,,,,0.0,0.0,,62.059999999999995,53.96,498.0,,,,,,,,,,,58.0,9999.0,9999.0,9999.0,,9999.0,,1.0,,,,,,9999.0,,,,
1969,3,31,,,,,,,,,,0.0,,,,,0.0,0.0,,,,,,,,,,,,,,,,-99.0,-99.0,-99.0,,-99.0,,,,,,,,-99.0,,,,
1969,4,1,100.0,100.0,,,,,,,,0.0,44.0,,,,0.0,0.0,,66.02,57.02,330.0,,,,,225.0,,,,,,58.0,-9999.0,,,,,,-9999.0,,,,,,-9999.0,,,,
1969,4,2,,,,,,,,,,0.0,,,,,0.0,0.0,,32.0,32.0,,,,,,,,,,,,,-9.0,,,,,,-9.0,,,,,,,,,,
1969,4,3,80.0,90.0,,,,,,,,,67.0,,,,0.0,0.0,,64.94,57.02,504.0,,,,,,,,,,,58.0,999.0,,,,,,999.0,,,,,,1.0,,,,
1969,4,4,,,,,,,,,,,,,,,0.0,0.0,,,,,,,,,,,,,,,,,,,,,,-999.0,,,,,,,,,,
1969,4,6,0.0,0.0,,,,,,,,0.0,100.0,,,,0.0,0.0,,64.94,50.0,756.0,,,,,,,,,,,63.0,9999.0,,,,,,9999.0,,,,,,9999.0,,,,
1969,4,7,,,,,,,,,,0.0,,,,,0.0,0.0,,,,,,,,,,,,,,,,-99.0,,,,,,-99.0,,,,,,,,,,
1969,4,8,,,,,,,,,,,,,,,,,,,,,,,,,,,,,,,,99.0,,,,,,99.0,,,,,,,,,,
1969,4,9,50.0,50.0,,,,,,,,3.0,80.0,,,,0.0,0.0,,62.059999999999995,53.96,612.0,,,,,315.0,,,,,,98.0,-9999.0,,,,,,-9999.0,,,,,,1.0,,,,
1969,4,10,,,,,,,,,,0.0,,,,,0.0,0.0,,32.0,32.0,,,,,,,,,,,,,-9.0,,,,,,-9.0,,,,,,,,,,
1969,4,11,50.0,80.0,,,,,,,,0.0,100.0,,,,0.0,0.0,,64.94,48.92,762.0,,,,,,,,,,,67.0,999.0,,,,,,999.0,,,,,,999.0,,,,
1969,4,12,,,,,,,,,,0.0,,,,,0.0,0.0,,,,,,,,,,,,,,,,-999.0,,,,,,-999.0,,,,,,-999.0,,,,
1969,4,14,100.0,100.0,,,,,,,,0.0,30.0,,,,0.0,0.0,,62.059999999999995,55.94,228.0,,,,,,,,,,,76.0,9999.0,,,,,,9999.0,,,,,,9999.0,,,,
1969,4,15,,,,,,,,,,0.0,,,,,0.0,0.0,,,,,,,,,,,,,,,,,,,,,,-99.0,,,,,,,,,,
1969,4,16,,,,,,,,,,,,,,,,,,,,,,,,,,,,,,,,,,,,,,99.0,,,,,,,,,,
1969,4,17,90.0,90.0,,,,,,,,0.0,25.0,,,,0.0,0.0,,64.94,57.92,192.0,,,,,315.0,,,,,,58.0,-9999.0,,,,,,-9999.0,,,,,,-9999.0,,,,
1969,4,18,,,,,,,,,,0.0,,,,,0.0,0.0,,32.0,32.0,,,,,,,,,,,,,-9.0,,,,,,-9.0,,,,,,-9.0,,,,
1969,4,19,100.0,100.0,,,,,,,,0.0,16.0,,,,0.0,0.0,,66.02,59.0,126.0,,,,,,,,,,,72.0,999.0,,,,,,999.0,,,,,,999.0,,,,
1969,4,20,,,,,,,,,,0.0,,,,,0.0,0.0,,,,,,,,,,,,,,,,-999.0,,,,,,,,,,,,,,,,
1969,4,22,70.0,50.0,,,,,,,,0.0,69.0,,,,0.0,0.0,,66.02,57.92,534.0,,,,,,,,,,,58.0,9999.0,,,,,,1.0,,,,,,9999.0,,,,
1969,4,23,,,,,,,,,,0.0,,,,,0.0,0.0,,,,,,,,,,,,,,,,-99.0,,,,,,,,,,,,-99.0,,,,
1969,4,24,,,,,,,,,,,,,,,,,,,,,,,,,,,,,,,,99.0,,,,,,99.0,,,,,,99.0,,,,
1969,4,25,0.0,0.0,,,,,,,,0.0,100.0,,,,0.0,0.0,,69.08,51.98,780.0,,,,,315.0,,,,,,72.0,-9999.0,,,,,,-9999.0,,,,,,-9999.0,,,,
1969,4,26,,,,,,,,,,0.0,,,,,0.0,0.0,,32.0,32.0,,,,,,,,,,,,,-9.0,,,,,,,,,,,,-9.0,,,,
1969,4,27,10.0,0.0,,,,,,,,0.0,100.0,,,,0.0,0.0,,71.06,55.04,786.0,,,,,,,,,,,58.0,999.0,,,,,,1.0,,,,,,999.0,,,,
1969,4,28,,,,,,,,,,0.0,,,,,0.0,0.0,,,,,,,,,,,,,,,,-999.0,,,,,,,,,,,,-999.0,,,,
1969,4,30,10.0,10.0,,,,,,,,0.0,100.0,,,,0.0,0.0,,71.06,55.04,786.0,,,,,,,,,,,72.0,9999.0,,,,,,1.0,,,,,,9999.0,,,,
1969,4,31,,,,,,,,,,0.0,,,,,0.0,0.0,,,,,,,,,,,,,,,,-99.0,,,,,,,,,,,,-99.0,,,,
1969,5,1,80.0,70.0,,,,,,,,0.0,73.0,,,,0.0,0.0,,64.94,57.02,588.0,,,,,225.0,,,,,,54.0,-9999.0,,,,,,-9999.0,,,,,,-9999.0,,,,
1969,5,2,,,,,,,,,,0.0,,,,,0.0,0.0,,32.0,32.0,,,,,,,,,,,,,-9.0,,,,,,-9.0,,,,,,-9.0,,,,
1969,5,3,100.0,100.0,,,,,,,,0.0,13.0,,,,0.0,0.0,,62.959999999999994,57.02,108.0,,,,,,,,,,,54.0,999.0,,,,,,999.0,,,,,,999.0,,,,
1969,5,4,,,,,,,,,,0.0,,,,,0.0,0.0,,,,,,,,,,,,,,,,-999.0,,,,,,-999.0,,,,,,,,,,
1969,5,6,100.0,100.0,,,,,,,,10.0,63.0,,,,0.0,0.0,,60.08,51.08,516.0,,,,,,,,,,,76.0,9999.0,,,,,,9999.0,,,,,,1.0,,,,
1969,5,7,,,,,,,,,,0.0,,,,,0.0,0.0,,,,,,,,,,,,,,,,-99.0,,,,,,-99.0,,,,,,,,,,
1969,5,8,,,,,,,,,,,,,,,,,,,,,,,,,,,,,,,,99.0,,,,,,99.0,,,,,,,,,,
1969,5,9,80.0,100.0,,,,,,,,23.0,31.0,,,,0.0,0.0,,64.04,57.02,252.0,,,,,180.0,,,,,,45.0,-9999.0,,,,,,-9999.0,,,,,,1.0,,,,
1969,5,10,,,,,,,,,,0.0,,,,,0.0,0.0,,32.0,32.0,,,,,,,,,,,,,-9.0,,,,,,-9.0,,,,,,,,,,
1969,5,11,60.0,60.0,,,,,,,,0.0,45.0,,,,0.0,0.0,,66.92,57.02,366.0,,,,,,,,,,,67.0,999.0,,,,,,999.0,,,,,,999.0,,,,
1969,5,12,,,,,,,,,,0.0,,,,,0.0,0.0,,,,,,,,,,,,,,,,-999.0,,,,,,,,,,,,-999.0,,,,
1969,5,14,0.0,0.0,,,,,,,,0.0,100.0,,,,0.0,0.0,,75.02,57.92,822.0,,,,,,,,,,,76.0,9999.0,,,,,,1.0,,,,,,9999.0,,,,
1969,5,15,,,,,,,,,,0.0,,,,,0.0,0.0,,,,,,,,,,,,,,,,-99.0,,,,,,,,,,,,-99.0,,,,
1969,5,16,,,,,,,,,,,,,,,,,,,,,,,,,,,,,,,,99.0,,,,,,,,,,,,99.0,,,,
1969,5,17,100.0,90.0,,,,,,,,0.0,31.0,,,,0.0,0.0,,66.92,57.92,258.0,,,,,225.0,,,,,,49.0,1.0,,,,,,1.0,,,,,,1.0,,,,
1969,5,18,,,,,,,,,,,,,,,0.0,0.0,,32.0,32.0,,,,,,,,,,,,,,,,,,,,,,,,,,,,,
1969,5,19,90.0,90.0,,,,,,,,0.0,30.0,,,,0.0,0.0,,66.92,57.92,246.0,,,,,,,,,,,49.0,999.0,,,,,,1.0,,,,,,999.0,,,,
1969,5,20,,,,,,,,,,0.0,,,,,0.0,0.0,,,,,,,,,,,,,,,,-999.0,,,,,,,,,,,,-999.0,,,,
1969,5,22,50.0,40.0,,,,,,,,0.0,80.0,,,,0.0,0.0,,68.0,59.0,666.0,,,,,,,,,,,63.0,9999.0,,,,,,9999.0,,,,,,9999.0,,,,
1969,5,23,,,,,,,,,,0.0,,,,,0.0,0.0,,,,,,,,,,,,,,,,-99.0,,,,,,-99.0,,,,,,-99.0,,,,
1969,5,24,,,,,,,,,,,,,,,,,,,,,,,,,,,,,,,,99.0,,,,,,99.0,,,,,,99.0,,,,
1969,5,25,80.0,60.0,,,,,,,,0.0,69.0,,,,0.0,0.0,,68.0,59.0,576.0,,,,,315.0,,,,,,54.0,-9999.0,,,,,,1.0,,,,,,-9999.0,,,,
1969,5,26,,,,,,,,,,0.0,,,,,0.0,0.0,,32.0,32.0,,,,,,,,,,,,,,,,,,,,,,,,,-9.0,,,,
1969,5,27,100.0,90.0,,,,,,,,0.0,28.0,,,,0.0,0.0,,69.98,57.92,234.0,,,,,,,,,,,72.0,1.0,,,,,,1.0,,,,,,999.0,,,,
1969,5,28,,,,,,,,,,0.0,,,,,0.0,0.0,,,,,,,,,,,,,,,,,,,,,,,,,,,,-999.0,,,,
1969,5,30,100.0,100.0,,,,,,,,0.0,23.0,,,,0.0,0.0,,64.94,57.02,192.0,,,,,,,,,,,49.0,9999.0,,,,,,1.0,,,,,,9999.0,,,,
1969,5,31,,,,,,,,,,0.0,,,,,0.0,0.0,,,,,,,,,,,,,,,,-99.0,,,,,,,,,,,,-99.0,,,,
1969,6,1,90.0,90.0,,,,,,,,0.0,27.0,,,,0.0,0.0,,68.0,59.0,228.0,,,,,180.0,,,,,,45.0,-9999.0,-9999.0,,,,,1.0,,,,,,-9999.0,,,,
1969,6,2,,,,,,,,,,0.0,,,,,0.0,0.0,,32.0,32.0,,,,,,,,,,,,,-9.0,-9.0,,,,,,,,,,,-9.0,,,,
1969,6,3,100.0,100.0,,,,,,,,0.0,14.0,,,,0.0,0.0,,66.92,62.059999999999995,120.0,,,,,,,,,,,49.0,999.0,999.0,,,,,1.0,,,,,,999.0,,,,
1969,6,4,,,,,,,,,,0.0,,,,,0.0,0.0,,,,,,,,,,,,,,,,-999.0,-999.0,,,,,,,,,,,-999.0,,,,
1969,6,5,,,,,,,,,,,,,,,,,,,,,,,,,,,,,,,,9.0,,,,,,,,,,,,9.0,,,,
1969,6,6,100.0,100.0,,,,,,,,,0.0,,,,0.0,0.0,,68.0,62.059999999999995,0.0,,,,,,,,,,,67.0,1.0,9999.0,,,,,9999.0,,,,,,1.0,,,,
1969,6,7,,,,,,,,,,0.0,,,,,0.0,0.0,,,,,,,,,,,,,,,,,-99.0,,,,,-99.0,,,,,,,,,,
1969,6,8,,,,,,,,,,,,,,,,,,,,,,,,,,,,,,,,,99.0,,,,,99.0,,,,,,,,,,
1969,6,9,70.0,50.0,,,,,,,,0.0,58.0,,,,0.0,0.0,,69.98,60.980000000000004,498.0,,,,,225.0,,,,,,49.0,-9999.0,-9999.0,,,,,-9999.0,,,,,,1.0,,,,
1969,6,10,,,,,,,,,,,,,,,0.0,0.0,,32.0,32.0,,,,,,,,,,,,,-9.0,-9.0,,,,,-9.0,,,,,,,,,,
1969,6,11,90.0,90.0,,,,,,,,0.0,37.0,,,,0.0,0.0,,69.08,62.059999999999995,318.0,,,,,,,,,,,54.0,999.0,999.0,,,,,999.0,,,,,,999.0,,,,
1969,6,12,,,,,,,,,,0.0,,,,,0.0,0.0,,,,,,,,,,,,,,,,,-999.0,,,,,,,,,,,,,,,
1969,6,14,80.0,70.0,,,,,,,,0.0,49.0,,,,0.0,0.0,,69.08,62.059999999999995,426.0,,,,,,,,,,,72.0,9999.0,9999.0,,,,,9999.0,,,,,,9999.0,,,,
1969,6,15,,,,,,,,,,0.0,,,,,0.0,0.0,,,,,,,,,,,,,,,,-99.0,-99.0,,,,,-99.0,,,,,,,,,,
1969,6,16,,,,,,,,,,,,,,,,,,,,,,,,,,,,,,,,99.0,99.0,,,,,99.0,,,,,,,,,,
1969,6,17,90.0,90.0,,,,,,,,0.0,25.0,,,,0.0,0.0,,69.08,62.059999999999995,216.0,,,,,315.0,,,,,,54.0,-9999.0,-9999.0,,,,,-9999.0,,,,,,1.0,,,,
1969,6,18,,,,,,,,,,,,,,,0.0,0.0,,32.0,32.0,,,,,,,,,,,,,-9.0,-9.0,,,,,-9.0,,,,,,,,,,
1969,6,19,90.0,90.0,,,,,,,,0.0,35.0,,,,0.0,0.0,,68.0,62.059999999999995,294.0,,,,,,,,,,,58.0,999.0,999.0,,,,,999.0,,,,,,999.0,,,,
1969,6,20,,,,,,,,,,0.0,,,,,0.0,0.0,,,,,,,,,,,,,,,,-999.0,-999.0,,,,,-999.0,,,,,,-999.0,,,,
1969,6,21,,,,,,,,,,,,,,,,,,,,,,,,,,,,,,,,,,,,,,,,,,,,9.0,,,,
1969,6,22,100.0,100.0,,,,,,,,,0.0,,,,0.0,0.0,,66.92,62.059999999999995,0.0,,,,,,,,,,,45.0,9999.0,9999.0,,,,,9999.0,,,,,,1.0,,,,
1969,6,23,,,,,,,,,,0.0,,,,,0.0,0.0,,,,,,,,,,,,,,,,,-99.0,,,,,-99.0,,,,,,,,,,
1969,6,24,,,,,,,,,,,,,,,,,,,,,,,,,,,,,,,,,99.0,,,,,99.0,,,,,,,,,,
1969,6,25,100.0,100.0,,,,,,,,0.0,22.0,,,,0.0,0.0,,68.0,60.08,186.0,,,,,180.0,,,,,,80.0,-9999.0,-9999.0,,,,,-9999.0,,,,,,1.0,,,,
1969,6,26,,,,,,,,,,,,,,,0.0,0.0,,32.0,32.0,,,,,,,,,,,,,-9.0,-9.0,,,,,-9.0,,,,,,,,,,
1969,6,27,100.0,100.0,,,,,,,,,0.0,,,,0.0,0.0,,66.02,60.08,0.0,,,,,,,,,,,40.0,999.0,999.0,,,,,999.0,,,,,,1.0,,,,
1969,6,28,,,,,,,,,,0.0,,,,,0.0,0.0,,,,,,,,,,,,,,,,-999.0,-999.0,,,,,-999.0,,,,,,,,,,
1969,6,29,,,,,,,,,,,,,,,,,,,,,,,,,,,,,,,,,,,,,,9.0,,,,,,,,,,
1969,6,30,80.0,70.0,,,,,,,,0.0,43.0,,,,0.0,0.0,,71.06,62.959999999999994,372.0,,,,,,,,,,,76.0,9999.0,9999.0,,,,,1.0,,,,,,9999.0,,,,
1969,6,31,,,,,,,,,,0.0,,,,,0.0,0.0,,,,,,,,,,,,,,,,-99.0,-99.0,,,,,,,,,,,-99.0,,,,
1969,7,1,40.0,30.0,,,,,,,,0.0,83.0,,,,0.0,0.0,,75.02,64.04,714.0,,,,,315.0,,,,,,54.0,1.0,,,,,,1.0,,,,,,-9999.0,,,,
1969,7,2,,,,,,,,,,0.0,,,,,0.0,0.0,,32.0,32.0,,,,,,,,,,,,,,,,,,,,,,,,,,,,,
1969,7,3,60.0,70.0,,,,,,,,,60.0,,,,0.0,0.0,,77.0,62.059999999999995,510.0,,,,,,,,,,,49.0,1.0,,,,,,1.0,,,,,,1.0,,,,
1969,7,4,,,,,,,,,,0.0,,,,,0.0,0.0,,,,,,,,,,,,,,,,,,,,,,,,,,,,,,,,
1969,7,6,80.0,60.0,,,,,,,,0.0,60.0,,,,0.0,0.0,,71.06,62.959999999999994,510.0,,,,,,,,,,,49.0,1.0,,,,,,1.0,,,,,,9999.0,,,,
1969,7,7,,,,,,,,,,0.0,,,,,0.0,0.0,,,,,,,,,,,,,,,,,,,,,,,,,,,,-99.0,,,,
1969,7,8,,,,,,,,,,,,,,,,,,,,,,,,,,,,,,,,99.0,,,,,,,,,,,,99.0,,,,
1969,7,9,80.0,80.0,,,,,,,,0.0,32.0,,,,0.0,0.0,,69.08,60.980000000000004,270.0,,,,,225.0,,,,,,63.0,-9999.0,,,,,,-9999.0,,,,,,1.0,,,,
1969,7,10,,,,,,,,,,,,,,,0.0,0.0,,32.0,32.0,,,,,,,,,,,,,-9.0,,,,,,-9.0,,,,,,,,,,
1969,7,11,70.0,50.0,,,,,,,,0.0,57.0,,,,0.0,0.0,,69.98,62.959999999999994,492.0,,,,,,,,,,,54.0,999.0,,,,,,999.0,,,,,,999.0,,,,
1969,7,12,,,,,,,,,,0.0,,,,,0.0,0.0,,,,,,,,,,,,,,,,-999.0,,,,,,-999.0,,,,,,-999.0,,,,
1969,7,13,,,,,,,,,,,,,,,,,,,,,,,,,,,,,,,,,,,,,,9.0,,,,,,,,,,
1969,7,14,40.0,30.0,,,,,,,,0.0,80.0,,,,0.0,0.0,,73.04,62.959999999999994,678.0,,,,,,,,,,,76.0,9999.0,,,,,,1.0,,,,,,9999.0,,,,
1969,7,15,,,,,,,,,,0.0,,,,,0.0,0.0,,,,,,,,,,,,,,,,-99.0,,,,,,,,,,,,-99.0,,,,
1969,7,16,,,,,,,,,,,,,,,,,,,,,,,,,,,,,,,,99.0,,,,,,,,,,,,99.0,,,,
1969,7,17,60.0,80.0,,,,,,,,0.0,36.0,,,,0.0,0.0,,75.92,64.04,306.0,,,,,315.0,,,,,,58.0,1.0,,,,,,1.0,,,,,,1.0,,,,
1969,7,18,,,,,,,,,,,,,,,0.0,0.0,,32.0,32.0,,,,,,,,,,,,,,,,,,,,,,,,,,,,,
1969,7,19,10.0,20.0,,,,,,,,0.0,98.0,,,,0.0,0.0,,77.0,64.94,834.0,,,,,,,,,,,63.0,999.0,,,,,,1.0,,,,,,999.0,,,,
1969,7,20,,,,,,,,,,0.0,,,,,0.0,0.0,,,,,,,,,,,,,,,,-999.0,,,,,,,,,,,,-999.0,,,,
1969,7,21,,,,,,,,,,,,,,,,,,,,,,,,,,,,,,,,9.0,,,,,,9.0,,,,,,,,,,
1969,7,22,30.0,20.0,,,,,,,,0.0,85.0,,,,0.0,0.0,,73.94,64.04,720.0,,,,,,,,,,,72.0,1.0,,,,,,1.0,,,,,,9999.0,,,,
1969,7,23,,,,,,,,,,0.0,,,,,0.0,0.0,,,,,,,,,,,,,,,,,,,,,,,,,,,,-99.0,,,,
1969,7,24,,,,,,,,,,,,,,,,,,,,,,,,,,,,,,,,99.0,,,,,,,,,,,,99.0,,,,
1969,7,25,90.0,80.0,,,,,,,,0.0,44.0,,,,0.0,0.0,,69.98,62.959999999999994,372.0,,,,,225.0,,,,,,49.0,1.0,,,,,,1.0,,,,,,-9999.0,,,,
1969,7,26,,,,,,,,,,0.0,,,,,0.0,0.0,,32.0,32.0,,,,,,,,,,,,,,,,,,,,,,,,,-9.0,,,,
1969,7,27,50.0,30.0,,,,,,,,0.0,83.0,,,,0.0,0.0,,75.02,62.959999999999994,702.0,,,,,,,,,,,36.0,999.0,,,,,,1.0,,,,,,999.0,,,,
1969,7,28,,,,,,,,,,0.0,,,,,0.0,0.0,,,,,,,,,,,,,,,,-999.0,,,,,,,,,,,,-999.0,,,,
1969,7,30,70.0,70.0,,,,,,,,0.0,88.0,,,,0.0,0.0,,77.0,66.92,738.0,,,,,,,,,,,72.0,9999.0,,,,,,1.0,,,,,,9999.0,,,,
1969,7,31,,,,,,,,,,0.0,,,,,0.0,0.0,,,,,,,,,,,,,,,,-99.0,,,,,,,,,,,,-99.0,,,,
1969,8,1,90.0,90.0,,,,,,,,0.0,64.0,,,,0.0,0.0,,77.0,66.92,528.0,,,,,180.0,,,,,,63.0,1.0,-9999.0,,,,,1.0,,,,,,-9999.0,,,,
1969,8,2,,,,,,,,,,0.0,,,,,0.0,0.0,,32.0,32.0,,,,,,,,,,,,,,-9.0,,,,,,,,,,,-9.0,,,,
1969,8,3,30.0,10.0,,,,,,,,0.0,91.0,,,,0.0,0.0,,78.98,66.92,744.0,,,,,,,,,,,49.0,999.0,999.0,,,,,1.0,,,,,,999.0,,,,
1969,8,4,,,,,,,,,,0.0,,,,,0.0,0.0,,,,,,,,,,,,,,,,,-999.0,,,,,,,,,,,-999.0,,,,
1969,8,6,40.0,30.0,,,,,,,,0.0,77.0,,,,0.0,0.0,,77.0,64.04,630.0,,,,,,,,,,,76.0,1.0,9999.0,,,,,1.0,,,,,,9999.0,,,,
1969,8,7,,,,,,,,,,0.0,,,,,0.0,0.0,,,,,,,,,,,,,,,,,,,,,,,,,,,,-99.0,,,,
1969,8,8,,,,,,,,,,,,,,,,,,,,,,,,,,,,,,,,,,,,,,,,,,,,99.0,,,,
1969,8,9,70.0,90.0,,,,,,,,0.0,87.0,,,,0.0,0.0,,78.98,64.94,708.0,,,,,180.0,,,,,,89.0,1.0,-9999.0,,,,,1.0,,,,,,-9999.0,,,,
1969,8,10,,,,,,,,,,0.0,,,,,0.0,0.0,,32.0,32.0,,,,,,,,,,,,,,-9.0,,,,,,,,,,,-9.0,,,,
1969,8,11,50.0,60.0,,,,,,,,0.0,88.0,,,,0.0,0.0,,84.02,68.0,708.0,,,,,,,,,,,49.0,999.0,999.0,,,,,1.0,,,,,,999.0,,,,
1969,8,12,,,,,,,,,,0.0,,,,,0.0,0.0,,,,,,,,,,,,,,,,,-999.0,,,,,,,,,,,-999.0,,,,
1969,8,14,40.0,30.0,,,,,,,,0.0,95.0,,,,0.0,0.0,,82.94,68.0,774.0,,,,,,,,,,,45.0,1.0,9999.0,,,,,1.0,,,,,,9999.0,,,,
1969,8,15,,,,,,,,,,0.0,,,,,0.0,0.0,,,,,,,,,,,,,,,,,-99.0,,,,,,,,,,,,,,,
1969,8,16,,,,,,,,,,,,,,,,,,,,,,,,,,,,,,,,99.0,99.0,,,,,,,,,,,,,,,
1969,8,17,20.0,10.0,,,,,,,,0.0,92.0,,,,0.0,0.0,,78.98,69.08,750.0,,,,,315.0,,,,,,72.0,-9999.0,-9999.0,,,,,1.0,,,,,,-9999.0,,,,
1969,8,18,,,,,,,,,,0.0,,,,,0.0,0.0,,32.0,32.0,,,,,,,,,,,,,-9.0,-9.0,,,,,,,,,,,-9.0,,,,
1969,8,19,50.0,20.0,,,,,,,,0.0,83.0,,,,0.0,0.0,,78.98,66.92,666.0,,,,,,,,,,,45.0,999.0,999.0,,,,,1.0,,,,,,999.0,,,,
1969,8,20,,,,,,,,,,0.0,,,,,0.0,0.0,,,,,,,,,,,,,,,,-999.0,-999.0,,,,,,,,,,,-999.0,,,,
1969,8,22,60.0,30.0,,,,,,,,0.0,78.0,,,,0.0,0.0,,78.98,68.0,624.0,,,,,,,,,,,72.0,9999.0,9999.0,,,,,1.0,,,,,,9999.0,,,,
1969,8,23,,,,,,,,,,0.0,,,,,0.0,0.0,,,,,,,,,,,,,,,,-99.0,-99.0,,,,,,,,,,,,,,,
1969,8,24,,,,,,,,,,,,,,,,,,,,,,,,,,,,,,,,99.0,99.0,,,,,,,,,,,,,,,
1969,8,25,60.0,30.0,,,,,,,,0.0,72.0,,,,0.0,0.0,,75.02,66.92,570.0,,,,,180.0,,,,,,58.0,-9999.0,-9999.0,,,,,1.0,,,,,,-9999.0,,,,
1969,8,26,,,,,,,,,,0.0,,,,,0.0,0.0,,32.0,32.0,,,,,,,,,,,,,-9.0,-9.0,,,,,,,,,,,-9.0,,,,
1969,8,27,60.0,30.0,,,,,,,,0.0,83.0,,,,0.0,0.0,,77.0,66.92,660.0,,,,,,,,,,,49.0,999.0,999.0,,,,,1.0,,,,,,999.0,,,,
1969,8,28,,,,,,,,,,0.0,,,,,0.0,0.0,,,,,,,,,,,,,,,,-999.0,-999.0,,,,,,,,,,,-999.0,,,,
1969,8,29,,,,,,,,,,,,,,,,,,,,,,,,,,,,,,,,,,,,,,9.0,,,,,,,,,,
1969,8,30,50.0,30.0,,,,,,,,0.0,82.0,,,,0.0,0.0,,75.92,66.92,648.0,,,,,,,,,,,67.0,9999.0,9999.0,,,,,1.0,,,,,,9999.0,,,,
1969,8,31,,,,,,,,,,0.0,,,,,0.0,0.0,,,,,,,,,,,,,,,,-99.0,-99.0,,,,,,,,,,,-99.0,,,,
1969,9,1,30.0,30.0,,,,,,,,0.0,81.0,,,,0.0,0.0,,78.08,64.94,630.0,,,,,315.0,,,,,,63.0,-9999.0,-9999.0,,,,,1.0,,,,,,-9999.0,,,,
1969,9,2,,,,,,,,,,0.0,,,,,0.0,0.0,,32.0,32.0,,,,,,,,,,,,,-9.0,-9.0,,,,,,,,,,,-9.0,,,,
1969,9,3,10.0,0.0,,,,,,,,0.0,100.0,,,,0.0,0.0,,78.08,68.0,768.0,,,,,,,,,,,63.0,999.0,999.0,,,,,1.0,,,,,,999.0,,,,
1969,9,4,,,,,,,,,,0.0,,,,,0.0,0.0,,,,,,,,,,,,,,,,-999.0,-999.0,,,,,,,,,,,-999.0,,,,
1969,9,5,,,,,,,,,,,,,,,,,,,,,,,,,,,,,,,,9.0,,,,,,,,,,,,,,,,
1969,9,6,20.0,20.0,,,,,,,,0.0,80.0,,,,0.0,0.0,,78.08,64.94,618.0,,,,,,,,,,,67.0,1.0,9999.0,,,,,1.0,,,,,,9999.0,,,,
1969,9,7,,,,,,,,,,0.0,,,,,0.0,0.0,,,,,,,,,,,,,,,,,-99.0,,,,,,,,,,,-99.0,,,,
1969,9,8,,,,,,,,,,,,,,,,,,,,,,,,,,,,,,,,99.0,99.0,,,,,,,,,,,99.0,,,,
1969,9,9,10.0,10.0,,,,,,,,0.0,100.0,,,,0.0,0.0,,78.98,66.02,762.0,,,,,270.0,,,,,,63.0,-9999.0,-9999.0,,,,,1.0,,,,,,-9999.0,,,,
1969,9,10,,,,,,,,,,0.0,,,,,0.0,0.0,,32.0,32.0,,,,,,,,,,,,,-9.0,-9.0,,,,,,,,,,,-9.0,,,,
1969,9,11,0.0,0.0,,,,,,,,0.0,98.0,,,,0.0,0.0,,78.08,68.0,744.0,,,,,,,,,,,94.0,999.0,999.0,,,,,999.0,,,,,,999.0,,,,
1969,9,12,,,,,,,,,,0.0,,,,,0.0,0.0,,,,,,,,,,,,,,,,-999.0,-999.0,,,,,,,,,,,-999.0,,,,
1969,9,13,,,,,,,,,,,,,,,,,,,,,,,,,,,,,,,,9.0,,,,,,,,,,,,,,,,
1969,9,14,50.0,20.0,,,,,,,,0.0,85.0,,,,0.0,0.0,,75.92,62.959999999999994,642.0,,,,,,,,,,,89.0,1.0,9999.0,,,,,1.0,,,,,,9999.0,,,,
1969,9,15,,,,,,,,,,0.0,,,,,0.0,0.0,,,,,,,,,,,,,,,,,-99.0,,,,,,,,,,,-99.0,,,,
1969,9,16,,,,,,,,,,,,,,,,,,,,,,,,,,,,,,,,,99.0,,,,,,,,,,,99.0,,,,
1969,9,17,60.0,30.0,,,,,,,,0.0,89.0,,,,0.0,0.0,,75.92,64.94,672.0,,,,,315.0,,,,,,63.0,-9999.0,-9999.0,,,,,1.0,,,,,,-9999.0,,,,
1969,9,18,,,,,,,,,,0.0,,,,,0.0,0.0,,32.0,32.0,,,,,,,,,,,,,-9.0,-9.0,,,,,,,,,,,-9.0,,,,
1969,9,19,80.0,70.0,,,,,,,,0.0,75.0,,,,0.0,0.0,,77.0,66.02,564.0,,,,,,,,,,,40.0,999.0,999.0,,,,,1.0,,,,,,999.0,,,,
1969,9,20,,,,,,,,,,0.0,,,,,0.0,0.0,,,,,,,,,,,,,,,,-999.0,-999.0,,,,,,,,,,,-999.0,,,,
1969,9,21,,,,,,,,,,,,,,,,,,,,,,,,,,,,,,,,9.0,,,,,,,,,,,,9.0,,,,
1969,9,22,100.0,100.0,,,,,,,,,24.0,,,,0.0,0.0,,73.94,64.04,174.0,,,,,,,,,,,54.0,1.0,9999.0,,,,,9999.0,,,,,,1.0,,,,
1969,9,23,,,,,,,,,,0.0,,,,,0.0,0.0,,,,,,,,,,,,,,,,,-99.0,,,,,-99.0,,,,,,,,,,
1969,9,24,,,,,,,,,,,,,,,,,,,,,,,,,,,,,,,,99.0,99.0,,,,,99.0,,,,,,,,,,
1969,9,25,90.0,80.0,,,,,,,,0.0,46.0,,,,0.0,0.0,,73.94,64.04,342.0,,,,,315.0,,,,,,63.0,-9999.0,-9999.0,,,,,-9999.0,,,,,,-9999.0,,,,
1969,9,26,,,,,,,,,,0.0,,,,,0.0,0.0,,32.0,32.0,,,,,,,,,,,,,-9.0,-9.0,,,,,,,,,,,,,,,
1969,9,27,100.0,100.0,,,,,,,,,0.0,,,,0.0,0.0,,69.98,64.94,0.0,,,,,,,,,,,67.0,999.0,999.0,,,,,1.0,,,,,,1.0,,,,
1969,9,28,,,,,,,,,,0.0,,,,,0.0,0.0,,,,,,,,,,,,,,,,-999.0,-999.0,,,,,,,,,,,,,,,
1969,9,30,90.0,80.0,,,,,,,,0.0,43.0,,,,0.0,0.0,,71.06,62.059999999999995,318.0,,,,,,,,,,,49.0,9999.0,9999.0,,,,,1.0,,,,,,9999.0,,,,
1969,9,31,,,,,,,,,,0.0,,,,,0.0,0.0,,,,,,,,,,,,,,,,-99.0,-99.0,,,,,,,,,,,,,,,
1969,10,1,80.0,70.0,,,,,,,,0.0,48.0,,,,0.0,0.0,,73.04,62.959999999999994,342.0,,,,,180.0,,,,,,58.0,1.0,1.0,,,,,1.0,,,,,,-9999.0,,,,
1969,10,2,,,,,,,,,,0.0,,,,,0.0,0.0,,32.0,32.0,,,,,,,,,,,,,,,,,,,,,,,,,-9.0,,,,
1969,10,3,100.0,100.0,,,,,,,,0.0,34.0,,,,0.0,0.0,,71.96,64.04,240.0,,,,,,,,,,,63.0,999.0,999.0,,,,,999.0,,,,,,999.0,,,,
1969,10,4,,,,,,,,,,0.0,,,,,0.0,0.0,,,,,,,,,,,,,,,,-999.0,-999.0,,,,,-999.0,,,,,,-999.0,,,,
1969,10,6,0.0,0.0,,,,,,,,0.0,100.0,,,,0.0,0.0,,75.02,60.980000000000004,708.0,,,,,,,,,,,67.0,9999.0,9999.0,,,,,9999.0,,,,,,9999.0,,,,
1969,10,7,,,,,,,,,,0.0,,,,,0.0,0.0,,,,,,,,,,,,,,,,-99.0,-99.0,,,,,-99.0,,,,,,-99.0,,,,
1969,10,8,,,,,,,,,,,,,,,,,,,,,,,,,,,,,,,,99.0,99.0,,,,,99.0,,,,,,99.0,,,,
1969,10,9,30.0,50.0,,,,,,,,0.0,99.0,,,,0.0,0.0,,78.98,57.02,696.0,,,,,315.0,,,,,,76.0,-9999.0,-9999.0,,,,,-9999.0,,,,,,-9999.0,,,,
1969,10,10,,,,,,,,,,0.0,,,,,0.0,0.0,,32.0,32.0,,,,,,,,,,,,,-9.0,-9.0,,,,,,,,,,,-9.0,,,,
1969,10,11,10.0,10.0,,,,,,,,0.0,98.0,,,,0.0,0.0,,84.91999999999999,57.92,690.0,,,,,,,,,,,72.0,999.0,999.0,,,,,1.0,,,,,,999.0,,,,
1969,10,12,,,,,,,,,,0.0,,,,,0.0,0.0,,,,,,,,,,,,,,,,-999.0,-999.0,,,,,,,,,,,-999.0,,,,
1969,10,14,70.0,50.0,,,,,,,,0.0,68.0,,,,0.0,0.0,,71.96,62.059999999999995,474.0,,,,,,,,,,,58.0,9999.0,9999.0,,,,,1.0,,,,,,9999.0,,,,
1969,10,15,,,,,,,,,,0.0,,,,,0.0,0.0,,,,,,,,,,,,,,,,-99.0,-99.0,,,,,,,,,,,-99.0,,,,
1969,10,16,,,,,,,,,,,,,,,,,,,,,,,,,,,,,,,,99.0,99.0,,,,,,,,,,,99.0,,,,
1969,10,17,30.0,20.0,,,,,,,,0.0,89.0,,,,0.0,0.0,,75.02,64.04,612.0,,,,,315.0,,,,,,54.0,-9999.0,-9999.0,,,,,1.0,,,,,,-9999.0,,,,
1969,10,18,,,,,,,,,,0.0,,,,,0.0,0.0,,32.0,32.0,,,,,,,,,,,,,-9.0,-9.0,,,,,,,,,,,-9.0,,,,
1969,10,19,0.0,0.0,,,,,,,,0.0,100.0,,,,0.0,0.0,,75.92,57.02,690.0,,,,,,,,,,,54.0,999.0,999.0,,,,,999.0,,,,,,999.0,,,,
1969,10,20,,,,,,,,,,0.0,,,,,0.0,0.0,,,,,,,,,,,,,,,,-999.0,-999.0,,,,,-999.0,,,,,,-999.0,,,,
1969,10,22,50.0,50.0,,,,,,,,0.0,72.0,,,,0.0,0.0,,71.06,57.92,492.0,,,,,,,,,,,76.0,9999.0,9999.0,,,,,9999.0,,,,,,9999.0,,,,
1969,10,23,,,,,,,,,,0.0,,,,,0.0,0.0,,,,,,,,,,,,,,,,-99.0,-99.0,,,,,-99.0,,,,,,-99.0,,,,
1969,10,24,,,,,,,,,,,,,,,,,,,,,,,,,,,,,,,,99.0,99.0,,,,,99.0,,,,,,99.0,,,,
1969,10,25,30.0,0.0,,,,,,,,0.0,100.0,,,,0.0,0.0,,71.96,57.92,684.0,,,,,315.0,,,,,,94.0,-9999.0,-9999.0,,,,,-9999.0,,,,,,1.0,,,,
1969,10,26,,,,,,,,,,,,,,,0.0,0.0,,32.0,32.0,,,,,,,,,,,,,,-9.0,,,,,-9.0,,,,,,,,,,
1969,10,27,70.0,50.0,,,,,,,,10.0,56.0,,,,0.0,0.0,,71.06,62.959999999999994,384.0,,,,,,,,,,,63.0,1.0,999.0,,,,,999.0,,,,,,1.0,,,,
1969,10,28,,,,,,,,,,0.0,,,,,0.0,0.0,,,,,,,,,,,,,,,,,-999.0,,,,,-999.0,,,,,,,,,,
1969,10,30,0.0,0.0,,,,,,,,0.0,100.0,,,,0.0,0.0,,69.08,53.96,678.0,,,,,,,,,,,72.0,9999.0,9999.0,,,,,9999.0,,,,,,9999.0,,,,
1969,10,31,,,,,,,,,,0.0,,,,,0.0,0.0,,,,,,,,,,,,,,,,-99.0,-99.0,,,,,-99.0,,,,,,-99.0,,,,
1969,11,1,0.0,0.0,,,,,,,,0.0,100.0,,,,0.0,0.0,,78.98,55.04,654.0,,,,,315.0,,,,,,67.0,-9999.0,-9999.0,,,,,-9999.0,,,,,,-9999.0,,,,
1969,11,2,,,,,,,,,,0.0,,,,,0.0,0.0,,32.0,32.0,,,,,,,,,,,,,,,,,,,,,,,,,-9.0,,,,
1969,11,3,20.0,0.0,,,,,,,,0.0,100.0,,,,0.0,0.0,,77.0,55.04,648.0,,,,,,,,,,,63.0,1.0,1.0,,,,,1.0,,,,,,999.0,,,,
1969,11,4,,,,,,,,,,0.0,,,,,0.0,0.0,,,,,,,,,,,,,,,,,,,,,,,,,,,,-999.0,,,,
1969,11,6,30.0,10.0,,,,,,,,0.0,96.0,,,,0.0,0.0,,69.98,55.04,624.0,,,,,,,,,,,63.0,9999.0,9999.0,,,,,1.0,,,,,,9999.0,,,,
1969,11,7,,,,,,,,,,0.0,,,,,0.0,0.0,,,,,,,,,,,,,,,,-99.0,-99.0,,,,,,,,,,,-99.0,,,,
1969,11,8,,,,,,,,,,,,,,,,,,,,,,,,,,,,,,,,99.0,99.0,,,,,,,,,,,99.0,,,,
1969,11,9,100.0,100.0,,,,,,,,107.0,15.0,,,,0.0,0.0,,69.08,55.94,96.0,,,,,270.0,,,,,,107.0,1.0,-9999.0,,,,,-9999.0,,,,,,1.0,,,,
1969,11,10,,,,,,,,,,0.0,,,,,0.0,0.0,,32.0,32.0,,,,,,,,,,,,,,-9.0,,,,,-9.0,,,,,,,,,,
1969,11,11,20.0,30.0,,,,,,,,18.0,94.0,,,,0.0,0.0,,68.0,57.92,600.0,,,,,,,,,,,63.0,999.0,999.0,,,,,999.0,,,,,,1.0,,,,
1969,11,12,,,,,,,,,,0.0,,,,,0.0,0.0,,,,,,,,,,,,,,,,-999.0,-999.0,,,,,-999.0,,,,,,,,,,
1969,11,13,,,,,,,,,,,,,,,,,,,,,,,,,,,,,,,,,,,,,,,,,,,,9.0,,,,
1969,11,14,90.0,100.0,,,,,,,,20.0,0.0,,,,0.0,0.0,,68.0,60.08,0.0,,,,,,,,,,,58.0,9999.0,9999.0,,,,,9999.0,,,,,,1.0,,,,
1969,11,15,,,,,,,,,,0.0,,,,,0.0,0.0,,,,,,,,,,,,,,,,-99.0,-99.0,,,,,-99.0,,,,,,,,,,
1969,11,16,,,,,,,,,,,,,,,,,,,,,,,,,,,,,,,,99.0,99.0,,,,,99.0,,,,,,,,,,
1969,11,17,50.0,40.0,,,,,,,,3.0,72.0,,,,0.0,0.0,,84.02,59.0,456.0,,,,,315.0,,,,,,54.0,-9999.0,-9999.0,,,,,-9999.0,,,,,,1.0,,,,
1969,11,18,,,,,,,,,,0.0,,,,,0.0,0.0,,32.0,32.0,,,,,,,,,,,,,-9.0,-9.0,,,,,-9.0,,,,,,,,,,
1969,11,19,30.0,50.0,,,,,,,,0.0,70.0,,,,0.0,0.0,,80.96,60.980000000000004,444.0,,,,,,,,,,,54.0,999.0,999.0,,,,,999.0,,,,,,999.0,,,,
1969,11,20,,,,,,,,,,0.0,,,,,0.0,0.0,,,,,,,,,,,,,,,,-999.0,-999.0,,,,,-999.0,,,,,,-999.0,,,,
1969,11,21,,,,,,,,,,,,,,,,,,,,,,,,,,,,,,,,,,,,,,9.0,,,,,,,,,,
1969,11,22,70.0,80.0,,,,,,,,0.0,46.0,,,,0.0,0.0,,69.08,60.980000000000004,294.0,,,,,,,,,,,72.0,9999.0,9999.0,,,,,1.0,,,,,,9999.0,,,,
1969,11,23,,,,,,,,,,0.0,,,,,0.0,0.0,,,,,,,,,,,,,,,,-99.0,-99.0,,,,,,,,,,,,,,,
1969,11,24,,,,,,,,,,,,,,,,,,,,,,,,,,,,,,,,99.0,99.0,,,,,,,,,,,,,,,
1969,11,25,70.0,70.0,,,,,,,,0.0,47.0,,,,0.0,0.0,,68.0,59.0,300.0,,,,,270.0,,,,,,40.0,-9999.0,-9999.0,,,,,-9999.0,,,,,,1.0,,,,
1969,11,26,,,,,,,,,,,,,,,0.0,0.0,,32.0,32.0,,,,,,,,,,,,,-9.0,-9.0,,,,,-9.0,,,,,,,,,,
1969,11,27,10.0,10.0,,,,,,,,0.0,85.0,,,,0.0,0.0,,68.0,55.04,534.0,,,,,,,,,,,76.0,999.0,999.0,,,,,999.0,,,,,,999.0,,,,
1969,11,28,,,,,,,,,,0.0,,,,,0.0,0.0,,,,,,,,,,,,,,,,-999.0,-999.0,,,,,-999.0,,,,,,-999.0,,,,
1969,11,30,0.0,0.0,,,,,,,,0.0,100.0,,,,0.0,0.0,,75.02,48.02,624.0,,,,,,,,,,,54.0,9999.0,9999.0,,,,,9999.0,,,,,,9999.0,,,,
1969,11,31,,,,,,,,,,0.0,,,,,0.0,0.0,,,,,,,,,,,,,,,,-99.0,-99.0,,,,,-99.0,,,,,,-99.0,,,,
1969,12,1,40.0,60.0,,,,,,,1236.0,0.0,89.0,,,,0.0,0.0,,71.96,55.04,546.0,,,,315.0,315.0,,,,,77.0,63.0,-9999.0,-9999.0,,,,,-9999.0,,,,,,-9999.0,,,,
1969,12,2,,,,,,,,,,0.0,,,,,0.0,0.0,,32.0,32.0,,,,,,,,,,,,,-9.0,-9.0,,,,,-9.0,,,,,,-9.0,,,,
1969,12,3,80.0,80.0,,,,,,,548.0,0.0,59.0,,,,0.0,0.0,,82.04,57.02,360.0,,,,,,,,,,123.0,94.0,999.0,999.0,,,,,999.0,,,,,,999.0,,,,
1969,12,4,,,,,,,,,,0.0,,,,,0.0,0.0,,,,,,,,,,,,,,,,-999.0,-999.0,,,,,-999.0,,,,,,,,,,
1969,12,5,,,,,,,,,,,,,,,,,,,,,,,,,,,,,,,,,,,,,,9.0,,,,,,,,,,
1969,12,6,30.0,10.0,,,,,,,1236.0,0.0,90.0,,,,0.0,0.0,,69.08,57.92,546.0,,,,,,,,,,93.0,63.0,9999.0,9999.0,,,,,1.0,,,,,,9999.0,,,,
1969,12,7,,,,,,,,,,0.0,,,,,0.0,0.0,,,,,,,,,,,,,,,,-99.0,-99.0,,,,,,,,,,,-99.0,,,,
1969,12,8,,,,,,,,,,,,,,,,,,,,,,,,,,,,,,,,99.0,99.0,,,,,,,,,,,99.0,,,,
1969,12,9,40.0,70.0,,,,,,,1154.0,0.0,98.0,,,,0.0,0.0,,69.08,51.98,594.0,,,,315.0,315.0,,,,,62.0,49.0,-9999.0,-9999.0,,,,,1.0,,,,,,-9999.0,,,,
1969,12,10,,,,,,,,,,0.0,,,,,0.0,0.0,,32.0,32.0,,,,,,,,,,,,,-9.0,-9.0,,,,,,,,,,,-9.0,,,,
1969,12,11,10.0,10.0,,,,,,,518.0,0.0,100.0,,,,0.0,0.0,,66.02,50.0,606.0,,,,,,,,,,82.0,72.0,999.0,999.0,,,,,1.0,,,,,,999.0,,,,
1969,12,12,,,,,,,,,,,,,,,0.0,0.0,,,,,,,,,,,,,,,,,-999.0,,,,,,,,,,,,,,,
1969,12,14,60.0,60.0,,,,,,,1548.0,18.0,64.0,,,,0.0,0.0,,64.94,55.04,384.0,,,,,,,,,,87.0,58.0,1.0,9999.0,,,,,9999.0,,,,,,1.0,,,,
1969,12,15,,,,,,,,,,0.0,,,,,0.0,0.0,,,,,,,,,,,,,,,,,-99.0,,,,,-99.0,,,,,,,,,,
1969,12,16,,,,,,,,,,,,,,,,,,,,,,,,,,,,,,,,99.0,99.0,,,,,99.0,,,,,,99.0,,,,
1969,12,17,0.0,0.0,,,,,,,1548.0,0.0,97.0,,,,0.0,0.0,,66.02,48.02,582.0,,,,315.0,315.0,,,,,98.0,76.0,-9999.0,-9999.0,,,,,1.0,,,,,,-9999.0,,,,
1969,12,18,,,,,,,,,,0.0,,,,,0.0,0.0,,32.0,32.0,,,,,,,,,,,,,-9.0,-9.0,,,,,,,,,,,-9.0,,,,
1969,12,19,20.0,40.0,,,,,,,318.0,0.0,100.0,,,,0.0,0.0,,69.08,48.02,600.0,,,,,,,,,,93.0,76.0,999.0,999.0,,,,,1.0,,,,,,999.0,,,,
1969,12,20,,,,,,,,,,0.0,,,,,0.0,0.0,,,,,,,,,,,,,,,,-999.0,-999.0,,,,,,,,,,,-999.0,,,,
1969,12,21,,,,,,,,,,,,,,,,,,,,,,,,,,,,,,,,9.0,9.0,,,,,,,,,,,,,,,
1969,12,22,30.0,10.0,,,,,,,1418.0,0.0,96.0,,,,0.0,0.0,,64.94,48.02,576.0,,,,,,,,,,87.0,72.0,1.0,1.0,,,,,1.0,,,,,,9999.0,,,,
1969,12,23,,,,,,,,,,0.0,,,,,0.0,0.0,,,32.0,,,,,,,,,,,,,,,,,,,,,,,,,-99.0,,,,
1969,12,24,,,,,,,,,,,,,,,,,,,,,,,,,,,,,,,,,,,,,,,,,,,,99.0,,,,
1969,12,25,100.0,100.0,,,,,,,1430.0,0.0,83.0,,,,0.0,0.0,,68.0,46.94,498.0,,,,270.0,315.0,,,,,72.0,54.0,1.0,1.0,,,,,1.0,,,,,,-9999.0,,,,
1969,12,26,,,,,,,,,,0.0,,,,,0.0,0.0,,32.0,32.0,,,,,,,,,,,,,,,,,,,,,,,,,-9.0,,,,
1969,12,27,60.0,60.0,,,,,,,248.0,0.0,72.0,,,,0.0,0.0,,66.92,55.04,432.0,,,,,,,,,,77.0,49.0,999.0,999.0,,,,,1.0,,,,,,999.0,,,,
1969,12,28,,,,,,,,,,0.0,,,,,0.0,0.0,,,,,,,,,,,,,,,,-999.0,-999.0,,,,,,,,,,,-999.0,,,,
1969,12,30,100.0,90.0,,,,,,,1348.0,0.0,30.0,,,,0.0,0.0,,69.08,57.02,180.0,,,,,,,,,,103.0,76.0,9999.0,9999.0,,,,,1.0,,,,,,9999.0,,,,
1969,12,31,,,,,,,,,,0.0,,,,,0.0,0.0,,,,,,,,,,,,,,,,-99.0,-99.0,,,,,,,,,,,-99.0,,,,
1970,1,1,0.0,0.0,,,,,,,2342.0,0.0,100.0,,,,0.0,0.0,,62.959999999999994,42.980000000000004,606.0,,,,90.0,315.0,,,,,72.0,49.0,-9999.0,-9999.0,,,,,-9999.0,,,,,,-9999.0,,,,
1970,1,2,,,,,,,,,,0.0,,,,,0.0,0.0,,32.0,32.0,,,,,,,,,,,,,-9.0,-9.0,,,,,-9.0,,,,,,-9.0,,,,
1970,1,3,20.0,30.0,,,,,,,224.0,0.0,100.0,,,,0.0,0.0,,62.959999999999994,42.08,606.0,,,,,,,,,,62.0,49.0,999.0,999.0,,,,,999.0,,,,,,999.0,,,,
1970,1,4,,,,,,,,,,0.0,,,,,0.0,0.0,,,,,,,,,,,,,,,,-999.0,-999.0,,,,,-999.0,,,,,,-999.0,,,,
1970,1,6,40.0,50.0,,,,,,,1230.0,0.0,88.0,,,,0.0,0.0,,60.08,44.96,528.0,,,,,,,,,,57.0,40.0,9999.0,9999.0,,,,,9999.0,,,,,,9999.0,,,,
1970,1,7,,,,,,,,,,0.0,,,,,0.0,0.0,,,32.0,,,,,,,,,,,,,-99.0,-99.0,,,,,-99.0,,,,,,-99.0,,,,
1970,1,8,,,,,,,,,,,,,,,,,,,,,,,,,,,,,,,,99.0,99.0,,,,,99.0,,,,,,99.0,,,,
1970,1,9,40.0,30.0,,,,,,,1606.0,0.0,94.0,,,,0.0,0.0,,68.0,39.92,570.0,,,,315.0,315.0,,,,,77.0,67.0,-9999.0,-9999.0,,,,,-9999.0,,,,,,-9999.0,,,,
1970,1,10,,,,,,,,,,0.0,,,,,0.0,0.0,,32.0,32.0,,,,,,,,,,,,,-9.0,-9.0,,,,,-9.0,,,,,,-9.0,,,,
1970,1,11,80.0,80.0,,,,,,,348.0,0.0,82.0,,,,0.0,0.0,,68.0,46.04,498.0,,,,,,,,,,93.0,76.0,999.0,999.0,,,,,999.0,,,,,,999.0,,,,
1970,1,12,,,,,,,,,,0.0,,,,,0.0,0.0,,,,,,,,,,,,,,,,-999.0,-999.0,,,,,,,,,,,-999.0,,,,
1970,1,13,,,,,,,,,,,,,,,,,,,,,,,,,,,,,,,,9.0,,,,,,,,,,,,9.0,,,,
1970,1,14,90.0,90.0,,,,,,,1930.0,28.0,44.0,,,,0.0,0.0,,62.959999999999994,48.02,270.0,,,,,,,,,,82.0,49.0,1.0,9999.0,,,,,9999.0,,,,,,1.0,,,,
1970,1,15,,,,,,,,,,0.0,,,,,0.0,0.0,,,,,,,,,,,,,,,,,,,,,,-99.0,,,,,,,,,,
1970,1,16,,,,,,,,,,,,,,,,,,,,,,,,,,,,,,,,,,,,,,99.0,,,,,,,,,,
1970,1,17,100.0,100.0,,,,,,,2042.0,20.0,21.0,,,,0.0,0.0,,60.980000000000004,55.94,126.0,,,,135.0,180.0,,,,,72.0,36.0,-9999.0,-9999.0,,,,,-9999.0,,,,,,1.0,,,,
1970,1,18,,,,,,,,,,0.0,,,,,0.0,0.0,,32.0,32.0,,,,,,,,,,,,,,-9.0,,,,,,,,,,,,,,,
1970,1,19,100.0,100.0,,,,,,,254.0,5.0,37.0,,,,0.0,0.0,,62.959999999999994,55.94,228.0,,,,,,,,,,62.0,45.0,1.0,999.0,,,,,1.0,,,,,,1.0,,,,
1970,1,20,,,,,,,,,,0.0,,,,,0.0,0.0,,,,,,,,,,,,,,,,,-999.0,,,,,,,,,,,,,,,
1970,1,21,,,,,,,,,,,,,,,,,,,,,,,,,,,,,,,,9.0,,,,,,9.0,,,,,,9.0,,,,
1970,1,22,100.0,100.0,,,,,,,1348.0,,28.0,,,,0.0,0.0,,62.959999999999994,57.02,168.0,,,,,,,,,,62.0,45.0,1.0,9999.0,,,,,1.0,,,,,,1.0,,,,
1970,1,23,,,,,,,,,,0.0,,,,,0.0,0.0,,,,,,,,,,,,,,,,,-99.0,,,,,,,,,,,,,,,
1970,1,24,,,,,,,,,,,,,,,,,,,,,,,,,,,,,,,,,99.0,,,,,99.0,,,,,,,,,,
1970,1,25,100.0,100.0,,,,,,,1518.0,94.0,0.0,,,,0.0,0.0,,62.959999999999994,57.92,0.0,,,,180.0,180.0,,,,,87.0,54.0,1.0,-9999.0,,,,,1.0,,,,,,1.0,,,,
1970,1,26,,,,,,,,,,0.0,,,,,0.0,0.0,,32.0,32.0,,,,,,,,,,,,,,-9.0,,,,,,,,,,,,,,,
1970,1,27,70.0,70.0,,,,,,,130.0,3.0,56.0,,,,0.0,0.0,,64.04,57.02,342.0,,,,,,,,,,82.0,72.0,1.0,999.0,,,,,999.0,,,,,,1.0,,,,
1970,1,28,,,,,,,,,,0.0,,,,,0.0,0.0,,,,,,,,,,,,,,,,,-999.0,,,,,,,,,,,,,,,
1970,1,30,70.0,50.0,,,,,,,1448.0,0.0,65.0,,,,0.0,0.0,,64.04,57.02,402.0,,,,,,,,,,93.0,72.0,9999.0,9999.0,,,,,1.0,,,,,,9999.0,,,,
1970,1,31,,,,,,,,,,0.0,,,,,0.0,0.0,,,,,,,,,,,,,,,,,-99.0,,,,,,,,,,,-99.0,,,,
1970,2,1,30.0,50.0,,,,,,,1448.0,0.0,90.0,,,,0.0,0.0,,62.959999999999994,48.02,570.0,,,,315.0,315.0,,,,,82.0,72.0,-9999.0,,,,,,-9999.0,,,,,,-9999.0,,,,
1970,2,2,,,,,,,,,,0.0,,,,,0.0,0.0,,32.0,32.0,,,,,,,,,,,,,-9.0,,,,,,-9.0,,,,,,-9.0,,,,
1970,2,3,20.0,30.0,,,,,,,112.0,0.0,96.0,,,,0.0,0.0,,71.96,46.94,612.0,,,,,,,,,,103.0,80.0,999.0,,,,,,999.0,,,,,,999.0,,,,
1970,2,4,,,,,,,,,,0.0,,,,,0.0,0.0,,,,,,,,,,,,,,,,-999.0,,,,,,-999.0,,,,,,-999.0,,,,
1970,2,5,,,,,,,,,,,,,,,,,,,,,,,,,,,,,,,,9.0,,,,,,,,,,,,,,,,
1970,2,6,90.0,100.0,,,,,,,948.0,0.0,3.0,,,,0.0,0.0,,60.980000000000004,53.06,18.0,,,,,,,,,,51.0,45.0,1.0,,,,,,9999.0,,,,,,9999.0,,,,
1970,2,7,,,,,,,,,,0.0,,,,,0.0,0.0,,,32.0,,,,,,,,,,,,,,,,,,,,,,,,,-99.0,,,,
1970,2,8,,,,,,,,,,,,,,,,,,,,,,,,,,,,,,,,,,,,,,,,,,,,99.0,,,,
1970,2,9,60.0,80.0,,,,,,,1324.0,0.0,92.0,,,,0.0,0.0,,64.94,48.02,594.0,,,,315.0,315.0,,,,,87.0,76.0,1.0,,,,,,1.0,,,,,,-9999.0,,,,
1970,2,10,,,,,,,,,,0.0,,,,,0.0,0.0,,32.0,32.0,,,,,,,,,,,,,,,,,,,,,,,,,-9.0,,,,
1970,2,11,10.0,0.0,,,,,,,448.0,0.0,98.0,,,,0.0,0.0,,77.0,46.04,636.0,,,,,,,,,,77.0,63.0,1.0,,,,,,1.0,,,,,,999.0,,,,
1970,2,12,,,,,,,,,,0.0,,,,,0.0,0.0,,,,,,,,,,,,,,,,,,,,,,,,,,,,-999.0,,,,
1970,2,13,,,,,,,,,,,,,,,,,,,,,,,,,,,,,,,,,,,,,,,,,,,,9.0,,,,
1970,2,14,100.0,100.0,,,,,,,1354.0,28.0,18.0,,,,0.0,0.0,,69.08,57.02,120.0,,,,,,,,,,216.0,152.0,9999.0,,,,,,9999.0,,,,,,1.0,,,,
1970,2,15,,,,,,,,,,,,,,,0.0,0.0,,,,,,,,,,,,,,,,,,,,,,-99.0,,,,,,,,,,
1970,2,16,,,,,,,,,,,,,,,,,,,,,,,,,,,,,,,,,,,,,,99.0,,,,,,,,,,
1970,2,17,70.0,80.0,,,,,,,1306.0,5.0,73.0,,,,0.0,0.0,,66.02,57.02,480.0,,,,270.0,180.0,,,,,72.0,54.0,1.0,,,,,,-9999.0,,,,,,1.0,,,,
1970,2,18,,,,,,,,,,0.0,,,,,0.0,0.0,,32.0,32.0,,,,,,,,,,,,,,,,,,,-9.0,,,,,,,,,,
1970,2,19,80.0,90.0,,,,,,,542.0,0.0,25.0,,,,0.0,0.0,,64.04,55.04,168.0,,,,,,,,,,93.0,76.0,999.0,,,,,,999.0,,,,,,999.0,,,,
1970,2,20,,,,,,,,,,0.0,,,,,0.0,0.0,,,,,,,,,,,,,,,,-999.0,,,,,,-999.0,,,,,,-999.0,,,,
1970,2,22,40.0,50.0,,,,,,,1442.0,0.0,84.0,,,,0.0,0.0,,64.04,53.06,558.0,,,,,,,,,,87.0,76.0,9999.0,,,,,,9999.0,,,,,,9999.0,,,,
1970,2,23,,,,,,,,,,0.0,,,,,0.0,0.0,,,,,,,,,,,,,,,,-99.0,,,,,,,,,,,,-99.0,,,,
1970,2,24,,,,,,,,,,,,,,,,,,,,,,,,,,,,,,,,99.0,,,,,,,,,,,,99.0,,,,
1970,2,25,20.0,0.0,,,,,,,1612.0,0.0,94.0,,,,0.0,0.0,,69.98,50.0,624.0,,,,315.0,315.0,,,,,82.0,67.0,-9999.0,,,,,,1.0,,,,,,-9999.0,,,,
1970,2,26,,,,,,,,,,0.0,,,,,0.0,0.0,,32.0,32.0,,,,,,,,,,,,,-9.0,,,,,,,,,,,,-9.0,,,,
1970,2,27,70.0,80.0,,,,,,,524.0,0.0,49.0,,,,0.0,0.0,,62.959999999999994,55.04,330.0,,,,,,,,,,77.0,58.0,999.0,,,,,,999.0,,,,,,999.0,,,,
1970,2,28,,,,,,,,,,0.0,,,,,0.0,0.0,,,,,,,,,,,,,,,,-999.0,,,,,,-999.0,,,,,,-999.0,,,,
1970,2,30,10.0,10.0,,,,,,,30.0,0.0,100.0,,,,0.0,0.0,,73.04,51.98,672.0,,,,,,,,,,82.0,54.0,9999.0,,,,,,9999.0,,,,,,9999.0,,,,
1970,2,31,,,,,,,,,,0.0,,,,,0.0,0.0,,,32.0,,,,,,,,,,,,,-99.0,,,,,,-99.0,,,,,,-99.0,,,,
1970,3,1,90.0,100.0,,,,,,,912.0,119.0,6.0,,,,0.0,0.0,,60.980000000000004,57.02,42.0,,,,180.0,180.0,,,,,113.0,89.0,-9999.0,-9999.0,,,,,-9999.0,,,,,,1.0,,,,
1970,3,2,,,,,,,,,,0.0,,,,,0.0,0.0,,32.0,32.0,,,,,,,,,,,,,-9.0,-9.0,,,,,-9.0,,,,,,,,,,
1970,3,3,100.0,100.0,,,,,,,918.0,91.0,29.0,,,,0.0,0.0,,60.08,55.04,198.0,,,,,,,,,,103.0,80.0,999.0,999.0,,,,,999.0,,,,,,1.0,,,,
1970,3,4,,,,,,,,,,0.0,,,,,0.0,0.0,,,,,,,,,,,,,,,,-999.0,-999.0,,,,,-999.0,,,,,,,,,,
1970,3,5,,,,,,,,,,,,,,,,,,,,,,,,,,,,,,,,9.0,,,,,,,,,,,,9.0,,,,
1970,3,6,100.0,100.0,,,,,,,2236.0,155.0,40.0,,,,0.0,0.0,,60.980000000000004,53.96,276.0,,,,,,,,,,144.0,116.0,1.0,9999.0,,,,,9999.0,,,,,,1.0,,,,
1970,3,7,,,,,,,,,,0.0,,,,,0.0,0.0,,,,,,,,,,,,,,,,,-99.0,,,,,-99.0,,,,,,,,,,
1970,3,8,,,,,,,,,,,,,,,,,,,,,,,,,,,,,,,,99.0,99.0,,,,,99.0,,,,,,,,,,
1970,3,9,0.0,0.0,,,,,,,1354.0,0.0,100.0,,,,0.0,0.0,,66.02,48.92,702.0,,,,315.0,315.0,,,,,77.0,63.0,-9999.0,-9999.0,,,,,-9999.0,,,,,,-9999.0,,,,
1970,3,10,,,,,,,,,,0.0,,,,,0.0,0.0,,32.0,32.0,,,,,,,,,,,,,-9.0,-9.0,,,,,,,,,,,-9.0,,,,
1970,3,11,60.0,80.0,,,,,,,248.0,0.0,98.0,,,,0.0,0.0,,66.92,51.08,684.0,,,,,,,,,,67.0,49.0,999.0,999.0,,,,,1.0,,,,,,999.0,,,,
1970,3,12,,,,,,,,,,0.0,,,,,0.0,0.0,,,,,,,,,,,,,,,,-999.0,-999.0,,,,,,,,,,,-999.0,,,,
1970,3,13,,,,,,,,,,,,,,,,,,,,,,,,,,,,,,,,,,,,,,,,,,,,9.0,,,,
1970,3,14,80.0,90.0,,,,,,,1548.0,,57.0,,,,0.0,0.0,,62.959999999999994,53.96,402.0,,,,,,,,,,103.0,76.0,9999.0,9999.0,,,,,9999.0,,,,,,1.0,,,,
1970,3,15,,,,,,,,,,0.0,,,,,0.0,0.0,,,,,,,,,,,,,,,,-99.0,-99.0,,,,,-99.0,,,,,,,,,,
1970,3,16,,,,,,,,,,,,,,,,,,,,,,,,,,,,,,,,99.0,99.0,,,,,99.0,,,,,,,,,,
1970,3,17,60.0,80.0,,,,,,,1448.0,0.0,92.0,,,,0.0,0.0,,64.04,53.06,654.0,,,,270.0,270.0,,,,,77.0,49.0,-9999.0,-9999.0,,,,,-9999.0,,,,,,-9999.0,,,,
1970,3,18,,,,,,,,,,0.0,,,,,0.0,0.0,,32.0,32.0,,,,,,,,,,,,,-9.0,-9.0,,,,,-9.0,,,,,,-9.0,,,,
1970,3,19,60.0,70.0,,,,,,,318.0,0.0,91.0,,,,0.0,0.0,,66.02,50.0,642.0,,,,,,,,,,93.0,63.0,999.0,999.0,,,,,999.0,,,,,,999.0,,,,
1970,3,20,,,,,,,,,,0.0,,,,,0.0,0.0,,,,,,,,,,,,,,,,-999.0,-999.0,,,,,,,,,,,-999.0,,,,
1970,3,21,,,,,,,,,,,,,,,,,,,,,,,,,,,,,,,,9.0,,,,,,,,,,,,,,,,
1970,3,22,40.0,60.0,,,,,,,1312.0,0.0,100.0,,,,0.0,0.0,,75.02,53.96,714.0,,,,,,,,,,87.0,76.0,1.0,9999.0,,,,,1.0,,,,,,9999.0,,,,
1970,3,23,,,,,,,,,,0.0,,,,,0.0,0.0,,,,,,,,,,,,,,,,,,,,,,,,,,,,-99.0,,,,
1970,3,24,,,,,,,,,,,,,,,,,,,,,,,,,,,,,,,,,,,,,,,,,,,,99.0,,,,
1970,3,25,40.0,30.0,,,,,,,1312.0,0.0,82.0,,,,0.0,0.0,,66.92,55.04,588.0,,,,315.0,225.0,,,,,67.0,45.0,1.0,-9999.0,,,,,1.0,,,,,,-9999.0,,,,
1970,3,26,,,,,,,,,,0.0,,,,,0.0,0.0,,32.0,32.0,,,,,,,,,,,,,,,,,,,,,,,,,-9.0,,,,
1970,3,27,80.0,90.0,,,,,,,342.0,0.0,54.0,,,,0.0,0.0,,64.94,53.06,390.0,,,,,,,,,,82.0,58.0,1.0,1.0,,,,,1.0,,,,,,999.0,,,,
1970,3,28,,,,,,,,,,0.0,,,,,0.0,0.0,,,,,,,,,,,,,,,,,,,,,,,,,,,,-999.0,,,,
1970,3,30,30.0,20.0,,,,,,,1530.0,0.0,96.0,,,,0.0,0.0,,71.96,53.06,696.0,,,,,,,,,,98.0,76.0,9999.0,9999.0,,,,,9999.0,,,,,,9999.0,,,,
1970,3,31,,,,,,,,,,0.0,,,,,0.0,0.0,,,,,,,,,,,,,,,,-99.0,-99.0,,,,,-99.0,,,,,,-99.0,,,,
1970,4,1,0.0,0.0,,,,,,,1612.0,0.0,100.0,,,,0.0,0.0,,73.04,51.98,750.0,,,,315.0,315.0,,,,,108.0,80.0,,,,,,,-9999.0,,,,,,-9999.0,,,,
1970,4,2,,,,,,,,,,0.0,,,,,0.0,0.0,,32.0,32.0,,,,,,,,,,,,,,,,,,,-9.0,,,,,,-9.0,,,,
1970,4,3,50.0,80.0,,,,,,,512.0,0.0,95.0,,,,0.0,0.0,,71.96,51.98,714.0,,,,,,,,,,93.0,76.0,,,,,,,999.0,,,,,,999.0,,,,
1970,4,4,,,,,,,,,,0.0,,,,,0.0,0.0,,,,,,,,,,,,,,,,,,,,,,-999.0,,,,,,-999.0,,,,
1970,4,5,,,,,,,,,,,,,,,,,,,,,,,,,,,,,,,,,,,,,,9.0,,,,,,,,,,
1970,4,6,0.0,0.0,,,,,,,1624.0,0.0,100.0,,,,0.0,0.0,,75.92,53.06,756.0,,,,,,,,,,103.0,76.0,,,,,,,1.0,,,,,,9999.0,,,,
1970,4,7,,,,,,,,,,0.0,,,,,0.0,0.0,,,,,,,,,,,,,,,,,,,,,,,,,,,,-99.0,,,,
1970,4,8,,,,,,,,,,,,,,,,,,,,,,,,,,,,,,,,,,,,,,99.0,,,,,,99.0,,,,
1970,4,9,70.0,80.0,,,,,,,1024.0,0.0,82.0,,,,0.0,0.0,,69.08,53.06,624.0,,,,225.0,180.0,,,,,67.0,49.0,,,,,,,-9999.0,,,,,,-9999.0,,,,
1970,4,10,,,,,,,,,,0.0,,,,,0.0,0.0,,32.0,32.0,,,,,,,,,,,,,,,,,,,-9.0,,,,,,-9.0,,,,
1970,4,11,60.0,60.0,,,,,,,342.0,0.0,71.0,,,,0.0,0.0,,66.02,57.92,546.0,,,,,,,,,,93.0,58.0,,,,,,,999.0,,,,,,999.0,,,,
1970,4,12,,,,,,,,,,0.0,,,,,0.0,0.0,,,,,,,,,,,,,,,,,,,,,,-999.0,,,,,,-999.0,,,,
1970,4,13,,,,,,,,,,,,,,,,,,,,,,,,,,,,,,,,,,,,,,9.0,,,,,,,,,,
1970,4,14,50.0,80.0,,,,,,,1306.0,0.0,64.0,,,,0.0,0.0,,68.0,53.96,492.0,,,,,,,,,,103.0,72.0,,,,,,,1.0,,,,,,9999.0,,,,
1970,4,15,,,,,,,,,,0.0,,,,,0.0,0.0,,,,,,,,,,,,,,,,,,,,,,,,,,,,-99.0,,,,
1970,4,16,,,,,,,,,,,,,,,,,,,,,,,,,,,,,,,,,,,,,,,,,,,,99.0,,,,
1970,4,17,30.0,20.0,,,,,,,1536.0,0.0,84.0,,,,0.0,0.0,,68.0,60.08,648.0,,,,315.0,315.0,,,,,87.0,67.0,,,,,,,1.0,,,,,,-9999.0,,,,
1970,4,18,,,,,,,,,,0.0,,,,,0.0,0.0,,32.0,32.0,,,,,,,,,,,,,,,,,,,,,,,,,-9.0,,,,
1970,4,19,70.0,40.0,,,,,,,248.0,0.0,79.0,,,,0.0,0.0,,68.0,59.0,612.0,,,,,,,,,,93.0,72.0,,,,,,,1.0,,,,,,999.0,,,,
1970,4,20,,,,,,,,,,0.0,,,,,0.0,0.0,,,,,,,,,,,,,,,,,,,,,,,,,,,,-999.0,,,,
1970,4,22,30.0,30.0,,,,,,,1006.0,0.0,89.0,,,,0.0,0.0,,62.059999999999995,53.06,690.0,,,,,,,,,,134.0,94.0,,,,,,,9999.0,,,,,,9999.0,,,,
1970,4,23,,,,,,,,,,0.0,,,,,0.0,0.0,,,,,,,,,,,,,,,,,,,,,,-99.0,,,,,,-99.0,,,,
1970,4,24,,,,,,,,,,,,,,,,,,,,,,,,,,,,,,,,,,,,,,99.0,,,,,,99.0,,,,
1970,4,25,100.0,100.0,,,,,,,2254.0,8.0,6.0,,,,0.0,0.0,,59.0,53.06,42.0,,,,360.0,360.0,,,,,72.0,49.0,,,,,,,-9999.0,,,,,,1.0,,,,
1970,4,26,,,,,,,,,,0.0,,,,,0.0,0.0,,32.0,32.0,,,,,,,,,,,,,,,,,,,-9.0,,,,,,,,,,
1970,4,27,60.0,60.0,,,,,,,430.0,,65.0,,,,0.0,0.0,,60.980000000000004,51.98,510.0,,,,,,,,,,113.0,76.0,,,,,,,999.0,,,,,,1.0,,,,
1970,4,28,,,,,,,,,,0.0,,,,,0.0,0.0,,,,,,,,,,,,,,,,,,,,,,-999.0,,,,,,,,,,
1970,4,30,90.0,80.0,,,,,,,1312.0,0.0,55.0,,,,0.0,0.0,,62.959999999999994,57.02,432.0,,,,,,,,,,93.0,63.0,,,,,,,9999.0,,,,,,9999.0,,,,
1970,4,31,,,,,,,,,,0.0,,,,,0.0,0.0,,,,,,,,,,,,,,,,,,,,,,,,,,,,-99.0,,,,
1970,5,1,0.0,0.0,,,,,,,1436.0,0.0,100.0,,,,0.0,0.0,,71.96,53.06,810.0,,,,315.0,315.0,,,,,118.0,89.0,-9999.0,-9999.0,,,,,-9999.0,,,,,,-9999.0,,,,
1970,5,2,,,,,,,,,,0.0,,,,,0.0,0.0,,32.0,32.0,,,,,,,,,,,,,-9.0,-9.0,,,,,-9.0,,,,,,-9.0,,,,
1970,5,3,10.0,20.0,,,,,,,400.0,0.0,100.0,,,,0.0,0.0,,86.0,57.92,810.0,,,,,,,,,,123.0,94.0,999.0,999.0,,,,,999.0,,,,,,999.0,,,,
1970,5,4,,,,,,,,,,0.0,,,,,0.0,0.0,,,,,,,,,,,,,,,,-999.0,-999.0,,,,,-999.0,,,,,,-999.0,,,,
1970,5,5,,,,,,,,,,,,,,,,,,,,,,,,,,,,,,,,,,,,,,9.0,,,,,,,,,,
1970,5,6,80.0,90.0,,,,,,,1000.0,0.0,91.0,,,,0.0,0.0,,66.92,57.02,744.0,,,,,,,,,,87.0,67.0,9999.0,9999.0,,,,,1.0,,,,,,9999.0,,,,
1970,5,7,,,,,,,,,,0.0,,,,,0.0,0.0,,,,,,,,,,,,,,,,-99.0,-99.0,,,,,,,,,,,-99.0,,,,
1970,5,8,,,,,,,,,,,,,,,,,,,,,,,,,,,,,,,,99.0,99.0,,,,,,,,,,,99.0,,,,
1970,5,9,100.0,100.0,,,,,,,1424.0,0.0,49.0,,,,0.0,0.0,,62.059999999999995,55.94,402.0,,,,270.0,315.0,,,,,113.0,76.0,-9999.0,-9999.0,,,,,-9999.0,,,,,,-9999.0,,,,
1970,5,10,,,,,,,,,,0.0,,,,,0.0,0.0,,32.0,32.0,,,,,,,,,,,,,-9.0,-9.0,,,,,-9.0,,,,,,-9.0,,,,
1970,5,11,50.0,40.0,,,,,,,206.0,0.0,98.0,,,,0.0,0.0,,64.04,55.04,798.0,,,,,,,,,,93.0,58.0,999.0,999.0,,,,,999.0,,,,,,999.0,,,,
1970,5,12,,,,,,,,,,0.0,,,,,0.0,0.0,,,,,,,,,,,,,,,,-999.0,-999.0,,,,,-999.0,,,,,,-999.0,,,,
1970,5,13,,,,,,,,,,,,,,,,,,,,,,,,,,,,,,,,,,,,,,9.0,,,,,,,,,,
1970,5,14,80.0,70.0,,,,,,,1442.0,0.0,48.0,,,,0.0,0.0,,66.02,57.92,390.0,,,,,,,,,,93.0,54.0,9999.0,9999.0,,,,,1.0,,,,,,9999.0,,,,
1970,5,15,,,,,,,,,,0.0,,,,,0.0,0.0,,,,,,,,,,,,,,,,-99.0,-99.0,,,,,,,,,,,-99.0,,,,
1970,5,16,,,,,,,,,,,,,,,,,,,,,,,,,,,,,,,,99.0,99.0,,,,,99.0,,,,,,99.0,,,,
1970,5,17,40.0,30.0,,,,,,,1330.0,0.0,83.0,,,,0.0,0.0,,66.02,57.92,684.0,,,,315.0,315.0,,,,,93.0,63.0,-9999.0,-9999.0,,,,,-9999.0,,,,,,-9999.0,,,,
1970,5,18,,,,,,,,,,0.0,,,,,0.0,0.0,,32.0,32.0,,,,,,,,,,,,,-9.0,-9.0,,,,,-9.0,,,,,,-9.0,,,,
1970,5,19,30.0,20.0,,,,,,,730.0,0.0,91.0,,,,0.0,0.0,,68.0,57.92,750.0,,,,,,,,,,93.0,67.0,999.0,999.0,,,,,999.0,,,,,,999.0,,,,
1970,5,20,,,,,,,,,,0.0,,,,,0.0,0.0,,,,,,,,,,,,,,,,-999.0,-999.0,,,,,-999.0,,,,,,-999.0,,,,
1970,5,21,,,,,,,,,,,,,,,,,,,,,,,,,,,,,,,,,,,,,,9.0,,,,,,,,,,
1970,5,22,30.0,20.0,,,,,,,1312.0,0.0,87.0,,,,0.0,0.0,,75.02,57.02,720.0,,,,,,,,,,82.0,63.0,9999.0,9999.0,,,,,1.0,,,,,,9999.0,,,,
1970,5,23,,,,,,,,,,0.0,,,,,0.0,0.0,,,,,,,,,,,,,,,,,,,,,,,,,,,,-99.0,,,,
1970,5,24,,,,,,,,,,,,,,,,,,,,,,,,,,,,,,,,,,,,,,,,,,,,99.0,,,,
1970,5,25,30.0,30.0,,,,,,,1312.0,0.0,84.0,,,,0.0,0.0,,71.96,57.92,702.0,,,,180.0,180.0,,,,,72.0,45.0,1.0,1.0,,,,,1.0,,,,,,-9999.0,,,,
1970,5,26,,,,,,,,,,0.0,,,,,0.0,0.0,,32.0,32.0,,,,,,,,,,,,,,,,,,,,,,,,,-9.0,,,,
1970,5,27,50.0,60.0,,,,,,,418.0,0.0,78.0,,,,0.0,0.0,,73.04,57.02,648.0,,,,,,,,,,87.0,67.0,1.0,1.0,,,,,1.0,,,,,,999.0,,,,
1970,5,28,,,,,,,,,,0.0,,,,,0.0,0.0,,,,,,,,,,,,,,,,,,,,,,,,,,,,-999.0,,,,
1970,5,30,60.0,30.0,,,,,,,1300.0,0.0,78.0,,,,0.0,0.0,,68.0,59.0,654.0,,,,,,,,,,87.0,54.0,9999.0,9999.0,,,,,1.0,,,,,,9999.0,,,,
1970,5,31,,,,,,,,,,0.0,,,,,0.0,0.0,,,,,,,,,,,,,,,,-99.0,-99.0,,,,,,,,,,,-99.0,,,,
1970,6,1,90.0,80.0,,,,,,,1312.0,0.0,49.0,,,,0.0,0.0,,69.98,60.980000000000004,420.0,,,,270.0,315.0,,,,,108.0,80.0,-9999.0,,,,,,1.0,,,,,,-9999.0,,,,
1970,6,2,,,,,,,,,,0.0,,,,,0.0,0.0,,32.0,32.0,,,,,,,,,,,,,,,,,,,,,,,,,-9.0,,,,
1970,6,3,70.0,60.0,,,,,,,312.0,0.0,77.0,,,,0.0,0.0,,69.98,60.08,654.0,,,,,,,,,,93.0,63.0,1.0,,,,,,1.0,,,,,,999.0,,,,
1970,6,4,,,,,,,,,,0.0,,,,,0.0,0.0,,,,,,,,,,,,,,,,,,,,,,,,,,,,,,,,
1970,6,6,100.0,100.0,,,,,,,1654.0,,22.0,,,,0.0,0.0,,66.02,60.08,186.0,,,,,,,,,,77.0,63.0,1.0,,,,,,1.0,,,,,,1.0,,,,
1970,6,7,,,,,,,,,,0.0,,,,,0.0,0.0,,,,,,,,,,,,,,,,,,,,,,,,,,,,,,,,
1970,6,8,,,,,,,,,,,,,,,,,,,,,,,,,,,,,,,,99.0,,,,,,,,,,,,99.0,,,,
1970,6,9,100.0,100.0,,,,,,,1254.0,0.0,16.0,,,,0.0,0.0,,69.08,62.059999999999995,138.0,,,,270.0,315.0,,,,,82.0,58.0,-9999.0,,,,,,1.0,,,,,,1.0,,,,
1970,6,10,,,,,,,,,,,,,,,0.0,0.0,,32.0,32.0,,,,,,,,,,,,,,,,,,,,,,,,,,,,,
1970,6,11,100.0,100.0,,,,,,,418.0,,9.0,,,,0.0,0.0,,66.02,60.980000000000004,72.0,,,,,,,,,,82.0,54.0,1.0,,,,,,999.0,,,,,,1.0,,,,
1970,6,12,,,,,,,,,,0.0,,,,,0.0,0.0,,,,,,,,,,,,,,,,,,,,,,,,,,,,,,,,
1970,6,14,80.0,60.0,,,,,,,1630.0,,72.0,,,,0.0,0.0,,69.98,60.980000000000004,618.0,,,,,,,,,,93.0,76.0,9999.0,,,,,,9999.0,,,,,,1.0,,,,
1970,6,15,,,,,,,,,,0.0,,,,,0.0,0.0,,,,,,,,,,,,,,,,-99.0,,,,,,-99.0,,,,,,,,,,
1970,6,16,,,,,,,,,,,,,,,,,,,,,,,,,,,,,,,,99.0,,,,,,99.0,,,,,,,,,,
1970,6,17,60.0,40.0,,,,,,,2148.0,0.0,77.0,,,,0.0,0.0,,69.98,62.059999999999995,654.0,,,,180.0,180.0,,,,,98.0,72.0,-9999.0,,,,,,-9999.0,,,,,,-9999.0,,,,
1970,6,18,,,,,,,,,,0.0,,,,,0.0,0.0,,32.0,32.0,,,,,,,,,,,,,-9.0,,,,,,-9.0,,,,,,,,,,
1970,6,19,90.0,90.0,,,,,,,354.0,,58.0,,,,0.0,0.0,,66.02,59.0,492.0,,,,,,,,,,123.0,94.0,999.0,,,,,,999.0,,,,,,1.0,,,,
1970,6,20,,,,,,,,,,0.0,,,,,0.0,0.0,,,,,,,,,,,,,,,,-999.0,,,,,,-999.0,,,,,,,,,,
1970,6,22,50.0,50.0,,,,,,,1154.0,0.0,73.0,,,,0.0,0.0,,69.08,57.02,630.0,,,,,,,,,,108.0,63.0,9999.0,,,,,,9999.0,,,,,,9999.0,,,,
1970,6,23,,,,,,,,,,0.0,,,,,0.0,0.0,,,,,,,,,,,,,,,,-99.0,,,,,,-99.0,,,,,,-99.0,,,,
1970,6,24,,,,,,,,,,,,,,,,,,,,,,,,,,,,,,,,99.0,,,,,,99.0,,,,,,99.0,,,,
1970,6,25,60.0,60.0,,,,,,,1330.0,0.0,69.0,,,,0.0,0.0,,68.0,60.980000000000004,588.0,,,,225.0,225.0,,,,,98.0,58.0,-9999.0,,,,,,-9999.0,,,,,,-9999.0,,,,
1970,6,26,,,,,,,,,,0.0,,,,,0.0,0.0,,32.0,32.0,,,,,,,,,,,,,-9.0,,,,,,-9.0,,,,,,-9.0,,,,
1970,6,27,40.0,50.0,,,,,,,130.0,0.0,69.0,,,,0.0,0.0,,69.98,60.08,594.0,,,,,,,,,,103.0,58.0,999.0,,,,,,999.0,,,,,,999.0,,,,
1970,6,28,,,,,,,,,,0.0,,,,,0.0,0.0,,,,,,,,,,,,,,,,-999.0,,,,,,,,,,,,-999.0,,,,
1970,6,30,80.0,70.0,,,,,,,954.0,0.0,65.0,,,,0.0,0.0,,71.06,62.059999999999995,564.0,,,,,,,,,,93.0,63.0,9999.0,,,,,,1.0,,,,,,9999.0,,,,
1970,6,31,,,,,,,,,,0.0,,,,,0.0,0.0,,,,,,,,,,,,,,,,-99.0,,,,,,,,,,,,-99.0,,,,
1970,7,1,40.0,40.0,,,,,,,742.0,0.0,73.0,,,,0.0,0.0,,73.04,62.059999999999995,630.0,,,,180.0,315.0,,,,,72.0,49.0,-9999.0,,,,,,1.0,,,,,,-9999.0,,,,
1970,7,2,,,,,,,,,,0.0,,,,,0.0,0.0,,32.0,32.0,,,,,,,,,,,,,,,,,,,,,,,,,,,,,
1970,7,3,70.0,70.0,,,,,,,418.0,,56.0,,,,0.0,0.0,,77.0,62.959999999999994,474.0,,,,,,,,,,103.0,76.0,1.0,,,,,,1.0,,,,,,1.0,,,,
1970,7,4,,,,,,,,,,0.0,,,,,0.0,0.0,,,,,,,,,,,,,,,,,,,,,,,,,,,,,,,,
1970,7,5,,,,,,,,,,,,,,,,,,,,,,,,,,,,,,,,,,,,,,,,,,,,9.0,,,,
1970,7,6,30.0,40.0,,,,,,,1006.0,,85.0,,,,0.0,0.0,,84.02,69.08,732.0,,,,,,,,,,87.0,63.0,9999.0,,,,,,9999.0,,,,,,1.0,,,,
1970,7,7,,,,,,,,,,0.0,,,,,0.0,0.0,,,,,,,,,,,,,,,,,,,,,,,,,,,,,,,,
1970,7,8,,,,,,,,,,,,,,,,,,,,,,,,,,,,,,,,,,,,,,,,,,,,99.0,,,,
1970,7,9,70.0,70.0,,,,,,,1030.0,0.0,64.0,,,,0.0,0.0,,71.96,64.94,546.0,,,,180.0,180.0,,,,,98.0,49.0,1.0,,,,,,1.0,,,,,,-9999.0,,,,
1970,7,10,,,,,,,,,,0.0,,,,,0.0,0.0,,32.0,32.0,,,,,,,,,,,,,,,,,,,,,,,,,-9.0,,,,
1970,7,11,60.0,60.0,,,,,,,248.0,0.0,73.0,,,,0.0,0.0,,75.92,64.94,624.0,,,,,,,,,,87.0,67.0,999.0,,,,,,1.0,,,,,,999.0,,,,
1970,7,12,,,,,,,,,,0.0,,,,,0.0,0.0,,,,,,,,,,,,,,,,-999.0,,,,,,,,,,,,-999.0,,,,
1970,7,14,90.0,80.0,,,,,,,1136.0,0.0,51.0,,,,0.0,0.0,,73.04,66.02,432.0,,,,,,,,,,82.0,54.0,9999.0,,,,,,1.0,,,,,,9999.0,,,,
1970,7,15,,,,,,,,,,0.0,,,,,0.0,0.0,,,,,,,,,,,,,,,,,,,,,,,,,,,,,,,,
1970,7,17,60.0,30.0,,,,,,,1136.0,0.0,76.0,,,,0.0,0.0,,73.04,64.94,648.0,,,,270.0,315.0,,,,,103.0,76.0,-9999.0,,,,,,1.0,,,,,,-9999.0,,,,
1970,7,18,,,,,,,,,,0.0,,,,,0.0,0.0,,32.0,32.0,,,,,,,,,,,,,-9.0,,,,,,,,,,,,-9.0,,,,
1970,7,19,60.0,40.0,,,,,,,218.0,0.0,70.0,,,,0.0,0.0,,71.96,64.04,594.0,,,,,,,,,,93.0,63.0,999.0,,,,,,1.0,,,,,,999.0,,,,
1970,7,20,,,,,,,,,,0.0,,,,,0.0,0.0,,,,,,,,,,,,,,,,-999.0,,,,,,,,,,,,-999.0,,,,
1970,7,22,70.0,50.0,,,,,,,1354.0,0.0,60.0,,,,0.0,0.0,,71.96,64.94,504.0,,,,,,,,,,82.0,72.0,9999.0,,,,,,1.0,,,,,,9999.0,,,,
1970,7,23,,,,,,,,,,0.0,,,,,0.0,0.0,,,,,,,,,,,,,,,,-99.0,,,,,,,,,,,,-99.0,,,,
1970,7,24,,,,,,,,,,,,,,,,,,,,,,,,,,,,,,,,99.0,,,,,,,,,,,,99.0,,,,
1970,7,25,60.0,60.0,,,,,,,1524.0,0.0,62.0,,,,0.0,0.0,,73.94,64.04,522.0,,,,315.0,315.0,,,,,77.0,49.0,-9999.0,,,,,,1.0,,,,,,-9999.0,,,,
1970,7,26,,,,,,,,,,0.0,,,,,0.0,0.0,,32.0,32.0,,,,,,,,,,,,,,,,,,,,,,,,,-9.0,,,,
1970,7,27,60.0,60.0,,,,,,,236.0,0.0,67.0,,,,0.0,0.0,,71.96,64.04,564.0,,,,,,,,,,82.0,49.0,1.0,,,,,,1.0,,,,,,999.0,,,,
1970,7,28,,,,,,,,,,0.0,,,,,0.0,0.0,,,,,,,,,,,,,,,,,,,,,,,,,,,,-999.0,,,,
1970,7,30,30.0,20.0,,,,,,,1600.0,0.0,100.0,,,,0.0,0.0,,78.08,68.0,840.0,,,,,,,,,,72.0,54.0,9999.0,,,,,,1.0,,,,,,9999.0,,,,
1970,7,31,,,,,,,,,,0.0,,,,,0.0,0.0,,,,,,,,,,,,,,,,-99.0,,,,,,,,,,,,-99.0,,,,
1970,8,1,50.0,50.0,,,,,,,1618.0,0.0,90.0,,,,0.0,0.0,,78.08,64.04,744.0,,,,315.0,315.0,,,,,82.0,58.0,1.0,-9999.0,,,,,1.0,,,,,,,,,,
1970,8,2,,,,,,,,,,0.0,,,,,0.0,0.0,,32.0,32.0,,,,,,,,,,,,,,-9.0,,,,,,,,,,,,,,,
1970,8,3,60.0,40.0,,,,,,,48.0,0.0,83.0,,,,0.0,0.0,,73.94,66.02,678.0,,,,,,,,,,87.0,54.0,999.0,999.0,,,,,1.0,,,,,,,,,,
1970,8,4,,,,,,,,,,0.0,,,,,0.0,0.0,,,,,,,,,,,,,,,,,-999.0,,,,,,,,,,,,,,,
1970,8,6,70.0,50.0,,,,,,,1242.0,0.0,61.0,,,,0.0,0.0,,71.96,64.94,498.0,,,,,,,,,,77.0,49.0,9999.0,9999.0,,,,,9999.0,,,,,,,,,,
1970,8,7,,,,,,,,,,0.0,,,,,0.0,0.0,,,,,,,,,,,,,,,,-99.0,-99.0,,,,,,,,,,,,,,,
1970,8,8,,,,,,,,,,,,,,,,,,,,,,,,,,,,,,,,99.0,99.0,,,,,,,,,,,,,,,
1970,8,9,40.0,40.0,,,,,,,1230.0,0.0,70.0,,,,0.0,0.0,,75.02,66.02,576.0,,,,315.0,315.0,,,,,87.0,63.0,-9999.0,-9999.0,,,,,1.0,,,,,,,,,,
1970,8,10,,,,,,,,,,0.0,,,,,0.0,0.0,,32.0,32.0,,,,,,,,,,,,,,-9.0,,,,,,,,,,,,,,,
1970,8,11,30.0,10.0,,,,,,,106.0,0.0,100.0,,,,0.0,0.0,,84.02,68.0,816.0,,,,,,,,,,87.0,54.0,1.0,999.0,,,,,1.0,,,,,,,,,,
1970,8,12,,,,,,,,,,0.0,,,,,0.0,0.0,,,,,,,,,,,,,,,,,,,,,,,,,,,,,,,,
1970,8,14,30.0,10.0,,,,,,,1236.0,0.0,85.0,,,,0.0,0.0,,82.94,66.92,690.0,,,,,,,,,,67.0,45.0,1.0,9999.0,,,,,1.0,,,,,,,,,,
1970,8,15,,,,,,,,,,0.0,,,,,0.0,0.0,,,,,,,,,,,,,,,,,-99.0,,,,,,,,,,,,,,,
1970,8,16,,,,,,,,,,,,,,,,,,,,,,,,,,,,,,,,99.0,99.0,,,,,,,,,,,,,,,
1970,8,17,70.0,60.0,,,,,,,1118.0,0.0,81.0,,,,0.0,0.0,,78.08,68.0,660.0,,,,270.0,225.0,,,,,72.0,40.0,-9999.0,-9999.0,,,,,1.0,,,,,,,,,,
1970,8,18,,,,,,,,,,0.0,,,,,0.0,0.0,,32.0,32.0,,,,,,,,,,,,,-9.0,-9.0,,,,,,,,,,,,,,,
1970,8,19,30.0,40.0,,,,,,,454.0,0.0,93.0,,,,0.0,0.0,,80.06,69.08,756.0,,,,,,,,,,77.0,49.0,999.0,999.0,,,,,1.0,,,,,,,,,,
1970,8,20,,,,,,,,,,0.0,,,,,0.0,0.0,,,,,,,,,,,,,,,,-999.0,-999.0,,,,,,,,,,,,,,,
1970,8,22,30.0,10.0,,,,,,,1230.0,0.0,90.0,,,,0.0,0.0,,80.06,69.98,726.0,,,,,,,,,,72.0,49.0,9999.0,9999.0,,,,,1.0,,,,,,,,,,
1970,8,23,,,,,,,,,,0.0,,,,,0.0,0.0,,,,,,,,,,,,,,,,-99.0,-99.0,,,,,,,,,,,,,,,
1970,8,24,,,,,,,,,,,,,,,,,,,,,,,,,,,,,,,,99.0,99.0,,,,,99.0,,,,,,,,,,
1970,8,25,0.0,0.0,,,,,,,1518.0,0.0,100.0,,,,0.0,0.0,,82.04,69.98,798.0,,,,225.0,225.0,,,,,82.0,54.0,-9999.0,-9999.0,,,,,-9999.0,,,,,,,,,,
1970,8,26,,,,,,,,,,0.0,,,,,0.0,0.0,,32.0,32.0,,,,,,,,,,,,,-9.0,-9.0,,,,,-9.0,,,,,,,,,,
1970,8,27,20.0,10.0,,,,,,,536.0,0.0,98.0,,,,0.0,0.0,,80.06,71.06,786.0,,,,,,,,,,87.0,58.0,999.0,999.0,,,,,999.0,,,,,,,,,,
1970,8,28,,,,,,,,,,0.0,,,,,0.0,0.0,,,,,,,,,,,,,,,,-999.0,-999.0,,,,,-999.0,,,,,,,,,,
1970,8,30,90.0,90.0,,,,,,,1218.0,0.0,43.0,,,,0.0,0.0,,77.0,69.08,342.0,,,,,,,,,,82.0,67.0,9999.0,9999.0,,,,,9999.0,,,,,,,,,,
1970,8,31,,,,,,,,,,0.0,,,,,0.0,0.0,,,,,,,,,,,,,,,,-99.0,-99.0,,,,,-99.0,,,,,,,,,,
1970,9,1,60.0,20.0,,,,,,,1318.0,0.0,77.0,,,,0.0,0.0,,75.02,64.94,594.0,,,,315.0,315.0,,,,,98.0,76.0,1.0,-9999.0,,,,,1.0,,,,,,-9999.0,,,,
1970,9,2,,,,,,,,,,0.0,,,,,0.0,0.0,,32.0,32.0,,,,,,,,,,,,,,-9.0,,,,,,,,,,,-9.0,,,,
1970,9,3,60.0,20.0,,,,,,,342.0,0.0,81.0,,,,0.0,0.0,,71.96,64.04,618.0,,,,,,,,,,87.0,49.0,999.0,999.0,,,,,1.0,,,,,,999.0,,,,
1970,9,4,,,,,,,,,,0.0,,,,,0.0,0.0,,,,,,,,,,,,,,,,-999.0,-999.0,,,,,,,,,,,-999.0,,,,
1970,9,6,50.0,30.0,,,,,,,1106.0,0.0,79.0,,,,0.0,0.0,,71.96,64.04,600.0,,,,,,,,,,82.0,58.0,9999.0,9999.0,,,,,1.0,,,,,,9999.0,,,,
1970,9,7,,,,,,,,,,0.0,,,,,0.0,0.0,,,,,,,,,,,,,,,,-99.0,-99.0,,,,,,,,,,,-99.0,,,,
1970,9,8,,,,,,,,,,,,,,,,,,,,,,,,,,,,,,,,99.0,99.0,,,,,99.0,,,,,,99.0,,,,
1970,9,9,20.0,10.0,,,,,,,1406.0,0.0,96.0,,,,0.0,0.0,,73.94,59.0,726.0,,,,225.0,180.0,,,,,72.0,58.0,-9999.0,-9999.0,,,,,1.0,,,,,,-9999.0,,,,
1970,9,10,,,,,,,,,,0.0,,,,,0.0,0.0,,32.0,32.0,,,,,,,,,,,,,-9.0,-9.0,,,,,,,,,,,-9.0,,,,
1970,9,11,30.0,20.0,,,,,,,130.0,0.0,84.0,,,,0.0,0.0,,73.94,64.04,642.0,,,,,,,,,,87.0,72.0,999.0,999.0,,,,,1.0,,,,,,999.0,,,,
1970,9,12,,,,,,,,,,0.0,,,,,0.0,0.0,,,,,,,,,,,,,,,,-999.0,-999.0,,,,,,,,,,,-999.0,,,,
1970,9,14,0.0,0.0,,,,,,,1148.0,0.0,100.0,,,,0.0,0.0,,73.94,64.94,756.0,,,,,,,,,,77.0,58.0,9999.0,9999.0,,,,,9999.0,,,,,,9999.0,,,,
1970,9,15,,,,,,,,,,0.0,,,,,0.0,0.0,,,,,,,,,,,,,,,,-99.0,-99.0,,,,,,,,,,,-99.0,,,,
1970,9,16,,,,,,,,,,,,,,,,,,,,,,,,,,,,,,,,99.0,99.0,,,,,,,,,,,99.0,,,,
1970,9,17,80.0,60.0,,,,,,,2048.0,0.0,62.0,,,,0.0,0.0,,75.02,66.02,468.0,,,,180.0,180.0,,,,,87.0,58.0,-9999.0,-9999.0,,,,,1.0,,,,,,-9999.0,,,,
1970,9,18,,,,,,,,,,0.0,,,,,0.0,0.0,,32.0,32.0,,,,,,,,,,,,,-9.0,-9.0,,,,,,,,,,,-9.0,,,,
1970,9,19,100.0,100.0,,,,,,,242.0,0.0,36.0,,,,0.0,0.0,,69.98,64.04,270.0,,,,,,,,,,93.0,45.0,999.0,999.0,,,,,1.0,,,,,,999.0,,,,
1970,9,20,,,,,,,,,,0.0,,,,,0.0,0.0,,,,,,,,,,,,,,,,-999.0,-999.0,,,,,,,,,,,-999.0,,,,
1970,9,22,20.0,0.0,,,,,,,1048.0,0.0,95.0,,,,0.0,0.0,,71.96,62.959999999999994,708.0,,,,,,,,,,98.0,72.0,9999.0,9999.0,,,,,9999.0,,,,,,9999.0,,,,
1970,9,23,,,,,,,,,,0.0,,,,,0.0,0.0,,,,,,,,,,,,,,,,-99.0,-99.0,,,,,,,,,,,-99.0,,,,
1970,9,24,,,,,,,,,,,,,,,,,,,,,,,,,,,,,,,,99.0,99.0,,,,,,,,,,,99.0,,,,
1970,9,25,30.0,30.0,,,,,,,1100.0,0.0,85.0,,,,0.0,0.0,,73.04,59.0,630.0,,,,225.0,225.0,,,,,67.0,45.0,1.0,-9999.0,,,,,1.0,,,,,,-9999.0,,,,
1970,9,26,,,,,,,,,,0.0,,,,,0.0,0.0,,32.0,32.0,,,,,,,,,,,,,,-9.0,,,,,,,,,,,,,,,
1970,9,27,50.0,30.0,,,,,,,254.0,,77.0,,,,0.0,0.0,,73.94,62.059999999999995,570.0,,,,,,,,,,87.0,67.0,1.0,999.0,,,,,1.0,,,,,,1.0,,,,
1970,9,28,,,,,,,,,,0.0,,,,,0.0,0.0,,,,,,,,,,,,,,,,,-999.0,,,,,,,,,,,,,,,
1970,9,29,,,,,,,,,,,,,,,,,,,,,,,,,,,,,,,,,9.0,,,,,,,,,,,,,,,
1970,9,30,40.0,30.0,,,,,,,1248.0,0.0,76.0,,,,0.0,0.0,,75.92,57.02,558.0,,,,,,,,,,108.0,80.0,1.0,1.0,,,,,1.0,,,,,,9999.0,,,,
1970,9,31,,,,,,,,,,0.0,,,,,0.0,0.0,,,,,,,,,,,,,,,,,,,,,,,,,,,,-99.0,,,,
1970,10,1,10.0,0.0,,,,,,,2042.0,0.0,97.0,,,,0.0,0.0,,82.94,64.94,690.0,,,,135.0,225.0,,,,,77.0,45.0,1.0,1.0,,,,,1.0,,,,,,-9999.0,,,,
1970,10,2,,,,,,,,,,0.0,,,,,0.0,0.0,,32.0,32.0,,,,,,,,,,,,,,,,,,,,,,,,,,,,,
1970,10,3,60.0,70.0,,,,,,,424.0,,63.0,,,,0.0,0.0,,75.02,64.94,444.0,,,,,,,,,,87.0,54.0,1.0,999.0,,,,,1.0,,,,,,1.0,,,,
1970,10,4,,,,,,,,,,,,,,,0.0,0.0,,,,,,,,,,,,,,,,,-999.0,,,,,,,,,,,,,,,
1970,10,6,80.0,70.0,,,,,,,1324.0,0.0,45.0,,,,0.0,0.0,,73.94,64.94,318.0,,,,,,,,,,93.0,63.0,1.0,9999.0,,,,,1.0,,,,,,9999.0,,,,
1970,10,7,,,,,,,,,,0.0,,,,,0.0,0.0,,,,,,,,,,,,,,,,,-99.0,,,,,,,,,,,-99.0,,,,
1970,10,8,,,,,,,,,,,,,,,,,,,,,,,,,,,,,,,,99.0,99.0,,,,,,,,,,,99.0,,,,
1970,10,9,100.0,90.0,,,,,,,1206.0,0.0,34.0,,,,0.0,0.0,,68.0,64.04,240.0,,,,270.0,270.0,,,,,77.0,45.0,-9999.0,-9999.0,,,,,-9999.0,,,,,,-9999.0,,,,
1970,10,10,,,,,,,,,,0.0,,,,,0.0,0.0,,32.0,32.0,,,,,,,,,,,,,-9.0,-9.0,,,,,-9.0,,,,,,-9.0,,,,
1970,10,11,50.0,50.0,,,,,,,700.0,0.0,86.0,,,,0.0,0.0,,68.0,60.980000000000004,600.0,,,,,,,,,,82.0,58.0,999.0,999.0,,,,,999.0,,,,,,999.0,,,,
1970,10,12,,,,,,,,,,0.0,,,,,0.0,0.0,,,,,,,,,,,,,,,,-999.0,-999.0,,,,,-999.0,,,,,,-999.0,,,,
1970,10,14,0.0,0.0,,,,,,,1336.0,0.0,100.0,,,,0.0,0.0,,78.98,57.02,696.0,,,,,,,,,,82.0,58.0,9999.0,9999.0,,,,,9999.0,,,,,,9999.0,,,,
1970,10,15,,,,,,,,,,0.0,,,,,0.0,0.0,,,,,,,,,,,,,,,,-99.0,-99.0,,,,,-99.0,,,,,,-99.0,,,,
1970,10,16,,,,,,,,,,,,,,,,,,,,,,,,,,,,,,,,99.0,99.0,,,,,99.0,,,,,,99.0,,,,
1970,10,17,40.0,20.0,,,,,,,1236.0,0.0,79.0,,,,0.0,0.0,,73.04,57.92,546.0,,,,315.0,315.0,,,,,93.0,72.0,1.0,-9999.0,,,,,1.0,,,,,,-9999.0,,,,
1970,10,18,,,,,,,,,,0.0,,,,,0.0,0.0,,32.0,32.0,,,,,,,,,,,,,,-9.0,,,,,,,,,,,-9.0,,,,
1970,10,19,70.0,50.0,,,,,,,330.0,0.0,64.0,,,,0.0,0.0,,71.96,64.04,444.0,,,,,,,,,,93.0,63.0,999.0,999.0,,,,,1.0,,,,,,999.0,,,,
1970,10,20,,,,,,,,,,0.0,,,,,0.0,0.0,,,,,,,,,,,,,,,,-999.0,-999.0,,,,,,,,,,,-999.0,,,,
1970,10,22,90.0,80.0,,,,,,,1330.0,0.0,36.0,,,,0.0,0.0,,71.06,64.94,246.0,,,,,,,,,,103.0,67.0,9999.0,9999.0,,,,,9999.0,,,,,,9999.0,,,,
1970,10,23,,,,,,,,,,0.0,,,,,0.0,0.0,,,,,,,,,,,,,,,,-99.0,-99.0,,,,,-99.0,,,,,,-99.0,,,,
1970,10,24,,,,,,,,,,,,,,,,,,,,,,,,,,,,,,,,99.0,99.0,,,,,99.0,,,,,,99.0,,,,
1970,10,25,90.0,80.0,,,,,,,1324.0,0.0,65.0,,,,0.0,0.0,,69.98,64.94,444.0,,,,315.0,315.0,,,,,98.0,67.0,-9999.0,-9999.0,,,,,1.0,,,,,,-9999.0,,,,
1970,10,26,,,,,,,,,,0.0,,,,,0.0,0.0,,32.0,32.0,,,,,,,,,,,,,-9.0,-9.0,,,,,,,,,,,-9.0,,,,
1970,10,27,70.0,40.0,,,,,,,218.0,0.0,75.0,,,,0.0,0.0,,71.06,62.959999999999994,510.0,,,,,,,,,,93.0,72.0,999.0,999.0,,,,,1.0,,,,,,999.0,,,,
1970,10,28,,,,,,,,,,0.0,,,,,0.0,0.0,,,,,,,,,,,,,,,,-999.0,-999.0,,,,,,,,,,,-999.0,,,,
1970,10,30,80.0,80.0,,,,,,,748.0,0.0,45.0,,,,0.0,0.0,,68.0,62.959999999999994,306.0,,,,,,,,,,77.0,54.0,9999.0,9999.0,,,,,1.0,,,,,,9999.0,,,,
1970,10,31,,,,,,,,,,0.0,,,,,0.0,0.0,,,,,,,,,,,,,,,,-99.0,-99.0,,,,,,,,,,,-99.0,,,,
1970,11,1,60.0,30.0,,,,,,,1206.0,0.0,81.0,,,,0.0,0.0,,73.04,51.98,528.0,,,,315.0,315.0,,,,,82.0,67.0,1.0,1.0,,,,,1.0,,,,,,-9999.0,,,,
1970,11,2,,,,,,,,,,0.0,,,,,0.0,0.0,,32.0,32.0,,,,,,,,,,,,,,,,,,,,,,,,,-9.0,,,,
1970,11,3,70.0,50.0,,,,,,,300.0,0.0,50.0,,,,0.0,0.0,,68.0,55.04,324.0,,,,,,,,,,62.0,45.0,1.0,999.0,,,,,1.0,,,,,,999.0,,,,
1970,11,4,,,,,,,,,,0.0,,,,,0.0,0.0,,,,,,,,,,,,,,,,,-999.0,,,,,,,,,,,-999.0,,,,
1970,11,6,80.0,80.0,,,,,,,1242.0,0.0,52.0,,,,0.0,0.0,,66.92,57.92,336.0,,,,,,,,,,67.0,58.0,9999.0,9999.0,,,,,1.0,,,,,,9999.0,,,,
1970,11,7,,,,,,,,,,0.0,,,,,0.0,0.0,,,,,,,,,,,,,,,,,-99.0,,,,,,,,,,,,,,,
1970,11,8,,,,,,,,,,,,,,,,,,,,,,,,,,,,,,,,,99.0,,,,,,,,,,,,,,,
1970,11,9,80.0,70.0,,,,,,,1306.0,0.0,81.0,,,,0.0,0.0,,71.06,60.980000000000004,522.0,,,,270.0,270.0,,,,,82.0,58.0,1.0,-9999.0,,,,,-9999.0,,,,,,1.0,,,,
1970,11,10,,,,,,,,,,,,,,,0.0,0.0,,32.0,32.0,,,,,,,,,,,,,,-9.0,,,,,-9.0,,,,,,,,,,
1970,11,11,40.0,60.0,,,,,,,224.0,0.0,76.0,,,,0.0,0.0,,68.0,57.92,486.0,,,,,,,,,,77.0,49.0,999.0,999.0,,,,,999.0,,,,,,999.0,,,,
1970,11,12,,,,,,,,,,0.0,,,,,0.0,0.0,,,,,,,,,,,,,,,,-999.0,-999.0,,,,,-999.0,,,,,,-999.0,,,,
1970,11,13,,,,,,,,,,,,,,,,,,,,,,,,,,,,,,,,9.0,9.0,,,,,9.0,,,,,,,,,,
1970,11,14,40.0,10.0,,,,,,,1412.0,0.0,99.0,,,,0.0,0.0,,77.0,53.96,636.0,,,,,,,,,,82.0,67.0,1.0,1.0,,,,,1.0,,,,,,9999.0,,,,
1970,11,15,,,,,,,,,,0.0,,,,,0.0,0.0,,,,,,,,,,,,,,,,,,,,,,,,,,,,-99.0,,,,
1970,11,16,,,,,,,,,,,,,,,,,,,,,,,,,,,,,,,,,99.0,,,,,,,,,,,99.0,,,,
1970,11,17,90.0,80.0,,,,,,,1412.0,0.0,70.0,,,,0.0,0.0,,66.02,57.02,444.0,,,,315.0,315.0,,,,,87.0,63.0,1.0,-9999.0,,,,,1.0,,,,,,-9999.0,,,,
1970,11,18,,,,,,,,,,0.0,,,,,0.0,0.0,,32.0,32.0,,,,,,,,,,,,,,-9.0,,,,,,,,,,,-9.0,,,,
1970,11,19,50.0,50.0,,,,,,,542.0,0.0,70.0,,,,0.0,0.0,,68.0,59.0,444.0,,,,,,,,,,82.0,67.0,999.0,999.0,,,,,1.0,,,,,,999.0,,,,
1970,11,20,,,,,,,,,,0.0,,,,,0.0,0.0,,,,,,,,,,,,,,,,-999.0,-999.0,,,,,,,,,,,-999.0,,,,
1970,11,22,70.0,60.0,,,,,,,1042.0,0.0,90.0,,,,0.0,0.0,,77.0,57.02,570.0,,,,,,,,,,77.0,63.0,9999.0,9999.0,,,,,9999.0,,,,,,9999.0,,,,
1970,11,23,,,,,,,,,,0.0,,,,,0.0,0.0,,,,,,,,,,,,,,,,-99.0,-99.0,,,,,-99.0,,,,,,-99.0,,,,
1970,11,24,,,,,,,,,,,,,,,,,,,,,,,,,,,,,,,,99.0,99.0,,,,,99.0,,,,,,99.0,,,,
1970,11,25,50.0,80.0,,,,,,,1312.0,0.0,100.0,,,,0.0,0.0,,73.94,51.98,624.0,,,,315.0,315.0,,,,,57.0,49.0,-9999.0,-9999.0,,,,,-9999.0,,,,,,-9999.0,,,,
1970,11,26,,,,,,,,,,0.0,,,,,0.0,0.0,,32.0,32.0,,,,,,,,,,,,,,,,,,,,,,,,,-9.0,,,,
1970,11,27,30.0,20.0,,,,,,,518.0,0.0,100.0,,,,0.0,0.0,,69.08,50.0,630.0,,,,,,,,,,62.0,45.0,1.0,1.0,,,,,1.0,,,,,,999.0,,,,
1970,11,28,,,,,,,,,,0.0,,,,,0.0,0.0,,,,,,,,,,,,,,,,,,,,,,,,,,,,-999.0,,,,
1970,11,30,40.0,30.0,,,,,,,1400.0,0.0,90.0,,,,0.0,0.0,,62.959999999999994,55.94,558.0,,,,,,,,,,72.0,58.0,9999.0,9999.0,,,,,1.0,,,,,,9999.0,,,,
1970,11,31,,,,,,,,,,0.0,,,,,0.0,0.0,,,,,,,,,,,,,,,,-99.0,-99.0,,,,,,,,,,,-99.0,,,,
1970,12,1,30.0,20.0,,,,,,,1206.0,0.0,91.0,,,,0.0,0.0,,64.04,50.0,552.0,,,,315.0,315.0,,,,,98.0,76.0,-9999.0,-9999.0,,,,,-9999.0,,,,,,-9999.0,,,,
1970,12,2,,,,,,,,,,0.0,,,,,0.0,0.0,,32.0,32.0,,,,,,,,,,,,,,-9.0,,,,,-9.0,,,,,,,,,,
1970,12,3,70.0,100.0,,,,,,,218.0,15.0,22.0,,,,0.0,0.0,,60.980000000000004,51.98,138.0,,,,,,,,,,82.0,40.0,1.0,999.0,,,,,999.0,,,,,,1.0,,,,
1970,12,4,,,,,,,,,,0.0,,,,,0.0,0.0,,,,,,,,,,,,,,,,,-999.0,,,,,-999.0,,,,,,,,,,
1970,12,5,,,,,,,,,,,,,,,,,,,,,,,,,,,,,,,,,,,,,,9.0,,,,,,,,,,
1970,12,6,10.0,30.0,,,,,,,1336.0,0.0,86.0,,,,0.0,0.0,,64.94,48.02,522.0,,,,,,,,,,77.0,63.0,9999.0,9999.0,,,,,1.0,,,,,,9999.0,,,,
1970,12,7,,,,,,,,,,0.0,,,,,0.0,0.0,,,32.0,,,,,,,,,,,,,-99.0,-99.0,,,,,,,,,,,-99.0,,,,
1970,12,8,,,,,,,,,,,,,,,,,,,,,,,,,,,,,,,,99.0,99.0,,,,,,,,,,,99.0,,,,
1970,12,9,60.0,100.0,,,,,,,1254.0,0.0,70.0,,,,0.0,0.0,,71.06,51.98,426.0,,,,315.0,315.0,,,,,57.0,54.0,-9999.0,-9999.0,,,,,1.0,,,,,,-9999.0,,,,
1970,12,10,,,,,,,,,,0.0,,,,,0.0,0.0,,32.0,32.0,,,,,,,,,,,,,,,,,,,,,,,,,-9.0,,,,
1970,12,11,40.0,20.0,,,,,,,142.0,0.0,81.0,,,,0.0,0.0,,69.98,51.98,486.0,,,,,,,,,,72.0,63.0,1.0,1.0,,,,,1.0,,,,,,999.0,,,,
1970,12,12,,,,,,,,,,0.0,,,,,0.0,0.0,,,,,,,,,,,,,,,,,,,,,,,,,,,,-999.0,,,,
1970,12,13,,,,,,,,,,,,,,,,,,,,,,,,,,,,,,,,,,,,,,,,,,,,9.0,,,,
1970,12,14,60.0,70.0,,,,,,,1312.0,66.0,37.0,,,,0.0,0.0,,60.08,53.96,222.0,,,,,,,,,,113.0,76.0,1.0,9999.0,,,,,1.0,,,,,,1.0,,,,
1970,12,15,,,,,,,,,,0.0,,,,,0.0,0.0,,,32.0,,,,,,,,,,,,,,-99.0,,,,,,,,,,,,,,,
1970,12,16,,,,,,,,,,,,,,,,,,,,,,,,,,,,,,,,99.0,99.0,,,,,99.0,,,,,,99.0,,,,
1970,12,17,0.0,0.0,,,,,,,1354.0,0.0,100.0,,,,0.0,0.0,,69.08,46.04,600.0,,,,315.0,315.0,,,,,77.0,58.0,-9999.0,-9999.0,,,,,1.0,,,,,,-9999.0,,,,
1970,12,18,,,,,,,,,,0.0,,,,,0.0,0.0,,32.0,32.0,,,,,,,,,,,,,-9.0,-9.0,,,,,,,,,,,-9.0,,,,
1970,12,19,10.0,20.0,,,,,,,224.0,0.0,100.0,,,,0.0,0.0,,64.94,44.96,600.0,,,,,,,,,,51.0,36.0,999.0,999.0,,,,,1.0,,,,,,999.0,,,,
1970,12,20,,,,,,,,,,0.0,,,,,0.0,0.0,,,,,,,,,,,,,,,,-999.0,-999.0,,,,,,,,,,,-999.0,,,,
1970,12,21,,,,,,,,,,,,,,,,,,,,,,,,,,,,,,,,,,,,,,,,,,,,9.0,,,,
1970,12,22,40.0,40.0,,,,,,,1142.0,,79.0,,,,0.0,0.0,,62.059999999999995,53.06,474.0,,,,,,,,,,103.0,76.0,9999.0,9999.0,,,,,9999.0,,,,,,1.0,,,,
1970,12,23,,,,,,,,,,0.0,,,,,0.0,0.0,,,32.0,,,,,,,,,,,,,-99.0,-99.0,,,,,,,,,,,,,,,
1970,12,24,,,,,,,,,,,,,,,,,,,,,,,,,,,,,,,,99.0,99.0,,,,,,,,,,,99.0,,,,
1970,12,25,80.0,100.0,,,,,,,948.0,15.0,52.0,,,,0.0,0.0,,60.08,48.02,312.0,,,,225.0,315.0,,,,,62.0,36.0,1.0,-9999.0,,,,,1.0,,,,,,1.0,,,,
1970,12,26,,,,,,,,,,0.0,,,,,0.0,0.0,,32.0,32.0,,,,,,,,,,,,,,-9.0,,,,,,,,,,,,,,,
1970,12,27,90.0,100.0,,,,,,,248.0,38.0,4.0,,,,0.0,0.0,,55.94,53.06,24.0,,,,,,,,,,108.0,89.0,1.0,999.0,,,,,999.0,,,,,,1.0,,,,
1970,12,28,,,,,,,,,,,,,,,0.0,0.0,,,,,,,,,,,,,,,,,-999.0,,,,,-999.0,,,,,,,,,,
1970,12,30,80.0,70.0,,,,,,,118.0,191.0,65.0,,,,0.0,0.0,,59.0,51.98,390.0,,,,,,,,,,139.0,94.0,9999.0,9999.0,,,,,9999.0,,,,,,1.0,,,,
1970,12,31,,,,,,,,,,0.0,,,,,0.0,0.0,,,32.0,,,,,,,,,,,,,-99.0,-99.0,,,,,-99.0,,,,,,,,,,
1971,1,1,80.0,80.0,,,,,,,2306.0,0.0,73.0,,,,0.0,0.0,,62.059999999999995,48.92,438.0,,,,180.0,180.0,,,,,82.0,45.0,1.0,-9999.0,,,,,1.0,,,,,,-9999.0,,,,
1971,1,2,,,,,,,,,,0.0,,,,,0.0,0.0,,32.0,32.0,,,,,,,,,,,,,,-9.0,,,,,,,,,,,,,,,
1971,1,3,80.0,90.0,,,,,,,842.0,28.0,22.0,,,,0.0,0.0,,55.94,46.94,138.0,,,,,,,,,,195.0,134.0,1.0,999.0,,,,,1.0,,,,,,1.0,,,,
1971,1,4,,,,,,,,,,0.0,,,,,0.0,0.0,,,,,,,,,,,,,,,,,-999.0,,,,,,,,,,,,,,,
1971,1,6,0.0,0.0,,,,,,,1230.0,0.0,100.0,,,,0.0,0.0,,51.08,35.96,606.0,,,,,,,,,,72.0,45.0,9999.0,9999.0,,,,,9999.0,,,,,,9999.0,,,,
1971,1,7,,,,,,,,,,0.0,,,,,0.0,0.0,,,32.0,,,,,,,,,,,,,-99.0,-99.0,,,,,-99.0,,,,,,-99.0,,,,
1971,1,8,,,,,,,,,,,,,,,,,,,,,,,,,,,,,,,,99.0,99.0,,,,,99.0,,,,,,99.0,,,,
1971,1,9,20.0,0.0,,,,,,,1436.0,0.0,91.0,,,,0.0,0.0,,55.04,37.94,552.0,,,,360.0,45.0,,,,,134.0,85.0,-9999.0,-9999.0,,,,,-9999.0,,,,,,-9999.0,,,,
1971,1,10,,,,,,,,,,0.0,,,,,0.0,0.0,,32.0,32.0,,,,,,,,,,,,,-9.0,-9.0,,,,,-9.0,,,,,,-9.0,,,,
1971,1,11,20.0,30.0,,,,,,,348.0,0.0,97.0,,,,0.0,0.0,,53.06,33.98,588.0,,,,,,,,,,87.0,67.0,999.0,999.0,,,,,999.0,,,,,,999.0,,,,
1971,1,12,,,,,,,,,,0.0,,,,,0.0,0.0,,,,,,,,,,,,,,,,-999.0,-999.0,,,,,-999.0,,,,,,-999.0,,,,
1971,1,14,50.0,50.0,,,,,,,1330.0,0.0,75.0,,,,0.0,0.0,,55.04,41.0,456.0,,,,,,,,,,67.0,45.0,9999.0,9999.0,,,,,9999.0,,,,,,9999.0,,,,
1971,1,15,,,,,,,,,,0.0,,,,,0.0,0.0,,,32.0,,,,,,,,,,,,,-99.0,-99.0,,,,,,,,,,,-99.0,,,,
1971,1,16,,,,,,,,,,,,,,,,,,,,,,,,,,,,,,,,99.0,99.0,,,,,,,,,,,99.0,,,,
1971,1,17,90.0,90.0,,,,,,,1254.0,0.0,5.0,,,,0.0,0.0,,53.96,44.96,30.0,,,,315.0,315.0,,,,,57.0,49.0,-9999.0,-9999.0,,,,,1.0,,,,,,-9999.0,,,,
1971,1,18,,,,,,,,,,0.0,,,,,0.0,0.0,,32.0,32.0,,,,,,,,,,,,,,-9.0,,,,,,,,,,,,,,,
1971,1,19,100.0,100.0,,,,,,,718.0,48.0,26.0,,,,0.0,0.0,,57.02,51.08,162.0,,,,,,,,,,93.0,72.0,1.0,999.0,,,,,999.0,,,,,,1.0,,,,
1971,1,20,,,,,,,,,,0.0,,,,,0.0,0.0,,,,,,,,,,,,,,,,,-999.0,,,,,-999.0,,,,,,,,,,
1971,1,22,60.0,50.0,,,,,,,1606.0,,99.0,,,,0.0,0.0,,57.92,46.04,612.0,,,,,,,,,,87.0,76.0,9999.0,9999.0,,,,,9999.0,,,,,,1.0,,,,
1971,1,23,,,,,,,,,,0.0,,,,,0.0,0.0,,,32.0,,,,,,,,,,,,,-99.0,-99.0,,,,,,,,,,,,,,,
1971,1,24,,,,,,,,,,,,,,,,,,,,,,,,,,,,,,,,99.0,99.0,,,,,,,,,,,99.0,,,,
1971,1,25,50.0,70.0,,,,,,,1424.0,0.0,94.0,,,,0.0,0.0,,66.92,46.04,576.0,,,,315.0,315.0,,,,,77.0,76.0,-9999.0,-9999.0,,,,,1.0,,,,,,-9999.0,,,,
1971,1,26,,,,,,,,,,0.0,,,,,0.0,0.0,,32.0,32.0,,,,,,,,,,,,,-9.0,-9.0,,,,,,,,,,,-9.0,,,,
1971,1,27,20.0,10.0,,,,,,,248.0,0.0,100.0,,,,0.0,0.0,,71.06,48.92,618.0,,,,,,,,,,36.0,27.0,999.0,999.0,,,,,1.0,,,,,,999.0,,,,
1971,1,28,,,,,,,,,,0.0,,,,,0.0,0.0,,,,,,,,,,,,,,,,-999.0,-999.0,,,,,,,,,,,-999.0,,,,
1971,1,29,,,,,,,,,,,,,,,,,,,,,,,,,,,,,,,,9.0,,,,,,,,,,,,,,,,
1971,1,30,30.0,20.0,,,,,,,1400.0,0.0,91.0,,,,0.0,0.0,,69.08,55.94,564.0,,,,,,,,,,67.0,31.0,1.0,9999.0,,,,,1.0,,,,,,9999.0,,,,
1971,1,31,,,,,,,,,,0.0,,,,,0.0,0.0,,,,,,,,,,,,,,,,,,,,,,,,,,,,,,,,
1971,2,1,90.0,80.0,,,,,,,1848.0,0.0,39.0,,,,0.0,0.0,,55.94,51.98,252.0,,,,225.0,225.0,,,,,82.0,40.0,1.0,-9999.0,,,,,1.0,,,,,,-9999.0,,,,
1971,2,2,,,,,,,,,,0.0,,,,,0.0,0.0,,32.0,32.0,,,,,,,,,,,,,,-9.0,,,,,,,,,,,-9.0,,,,
1971,2,3,100.0,100.0,,,,,,,706.0,0.0,2.0,,,,0.0,0.0,,55.94,55.04,18.0,,,,,,,,,,82.0,40.0,999.0,999.0,,,,,1.0,,,,,,999.0,,,,
1971,2,4,,,,,,,,,,0.0,,,,,0.0,0.0,,,,,,,,,,,,,,,,-999.0,-999.0,,,,,,,,,,,-999.0,,,,
1971,2,5,,,,,,,,,,,,,,,,,,,,,,,,,,,,,,,,9.0,9.0,,,,,,,,,,,,,,,
1971,2,6,40.0,60.0,,,,,,,1400.0,0.0,100.0,,,,0.0,0.0,,60.08,46.04,642.0,,,,,,,,,,62.0,40.0,1.0,1.0,,,,,1.0,,,,,,9999.0,,,,
1971,2,7,,,,,,,,,,0.0,,,,,0.0,0.0,,,32.0,,,,,,,,,,,,,,,,,,,,,,,,,-99.0,,,,
1971,2,8,,,,,,,,,,,,,,,,,,,,,,,,,,,,,,,,,,,,,,,,,,,,99.0,,,,
1971,2,9,20.0,20.0,,,,,,,1430.0,0.0,93.0,,,,0.0,0.0,,60.08,48.02,600.0,,,,270.0,225.0,,,,,67.0,40.0,1.0,-9999.0,,,,,1.0,,,,,,-9999.0,,,,
1971,2,10,,,,,,,,,,0.0,,,,,0.0,0.0,,32.0,32.0,,,,,,,,,,,,,,-9.0,,,,,,,,,,,-9.0,,,,
1971,2,11,80.0,90.0,,,,,,,606.0,0.0,67.0,,,,0.0,0.0,,62.059999999999995,48.02,432.0,,,,,,,,,,87.0,72.0,1.0,999.0,,,,,1.0,,,,,,999.0,,,,
1971,2,12,,,,,,,,,,0.0,,,,,0.0,0.0,,,,,,,,,,,,,,,,,-999.0,,,,,,,,,,,-999.0,,,,
1971,2,13,,,,,,,,,,,,,,,,,,,,,,,,,,,,,,,,,9.0,,,,,,,,,,,,,,,
1971,2,14,40.0,30.0,,,,,,,1248.0,0.0,84.0,,,,0.0,0.0,,64.94,46.04,546.0,,,,,,,,,,93.0,76.0,1.0,1.0,,,,,1.0,,,,,,9999.0,,,,
1971,2,15,,,,,,,,,,0.0,,,,,0.0,0.0,,,32.0,,,,,,,,,,,,,,,,,,,,,,,,,-99.0,,,,
1971,2,16,,,,,,,,,,,,,,,,,,,,,,,,,,,,,,,,99.0,99.0,,,,,,,,,,,99.0,,,,
1971,2,17,0.0,0.0,,,,,,,1206.0,0.0,100.0,,,,0.0,0.0,,73.04,51.08,654.0,,,,315.0,315.0,,,,,67.0,54.0,-9999.0,-9999.0,,,,,1.0,,,,,,-9999.0,,,,
1971,2,18,,,,,,,,,,0.0,,,,,0.0,0.0,,32.0,32.0,,,,,,,,,,,,,-9.0,-9.0,,,,,,,,,,,-9.0,,,,
1971,2,19,10.0,20.0,,,,,,,442.0,0.0,87.0,,,,0.0,0.0,,84.02,51.98,570.0,,,,,,,,,,67.0,58.0,999.0,999.0,,,,,999.0,,,,,,999.0,,,,
1971,2,20,,,,,,,,,,0.0,,,,,0.0,0.0,,,,,,,,,,,,,,,,-999.0,-999.0,,,,,,,,,,,-999.0,,,,
1971,2,21,,,,,,,,,,,,,,,,,,,,,,,,,,,,,,,,9.0,9.0,,,,,,,,,,,,,,,
1971,2,22,90.0,90.0,,,,,,,2348.0,0.0,36.0,,,,0.0,0.0,,57.92,50.0,240.0,,,,,,,,,,72.0,40.0,1.0,1.0,,,,,1.0,,,,,,9999.0,,,,
1971,2,23,,,,,,,,,,0.0,,,,,0.0,0.0,,,,,,,,,,,,,,,,,,,,,,,,,,,,-99.0,,,,
1971,2,24,,,,,,,,,,,,,,,,,,,,,,,,,,,,,,,,99.0,99.0,,,,,,,,,,,99.0,,,,
1971,2,25,100.0,100.0,,,,,,,2112.0,41.0,0.0,,,,0.0,0.0,,55.94,55.04,0.0,,,,135.0,180.0,,,,,123.0,89.0,1.0,-9999.0,,,,,1.0,,,,,,1.0,,,,
1971,2,26,,,,,,,,,,0.0,,,,,0.0,0.0,,32.0,32.0,,,,,,,,,,,,,,-9.0,,,,,,,,,,,,,,,
1971,2,27,80.0,80.0,,,,,,,36.0,244.0,63.0,,,,0.0,0.0,,60.08,51.98,420.0,,,,,,,,,,118.0,94.0,999.0,999.0,,,,,999.0,,,,,,1.0,,,,
1971,2,28,,,,,,,,,,0.0,,,,,0.0,0.0,,,,,,,,,,,,,,,,-999.0,-999.0,,,,,-999.0,,,,,,,,,,
1971,2,29,,,,,,,,,,,,,,,,,,,,,,,,,,,,,,,,9.0,,,,,,9.0,,,,,,9.0,,,,
1971,2,30,60.0,80.0,,,,,,,1924.0,23.0,38.0,,,,0.0,0.0,,55.94,48.92,258.0,,,,,,,,,,134.0,98.0,1.0,9999.0,,,,,1.0,,,,,,1.0,,,,
1971,2,31,,,,,,,,,,0.0,,,,,0.0,0.0,,,32.0,,,,,,,,,,,,,,-99.0,,,,,,,,,,,,,,,
1971,3,1,30.0,30.0,,,,,,,136.0,0.0,91.0,,,,0.0,0.0,,57.02,48.02,630.0,,,,315.0,315.0,,,,,123.0,94.0,-9999.0,-9999.0,,,,,-9999.0,,,,,,-9999.0,,,,
1971,3,2,,,,,,,,,,0.0,,,,,0.0,0.0,,32.0,32.0,,,,,,,,,,,,,-9.0,-9.0,,,,,-9.0,,,,,,-9.0,,,,
1971,3,3,0.0,0.0,,,,,,,342.0,0.0,100.0,,,,0.0,0.0,,60.980000000000004,39.02,690.0,,,,,,,,,,134.0,98.0,999.0,999.0,,,,,999.0,,,,,,999.0,,,,
1971,3,4,,,,,,,,,,0.0,,,,,0.0,0.0,,,,,,,,,,,,,,,,-999.0,-999.0,,,,,-999.0,,,,,,-999.0,,,,
1971,3,5,,,,,,,,,,,,,,,,,,,,,,,,,,,,,,,,,,,,,,9.0,,,,,,,,,,
1971,3,6,40.0,30.0,,,,,,,1536.0,0.0,79.0,,,,0.0,0.0,,60.08,46.04,552.0,,,,,,,,,,72.0,45.0,9999.0,9999.0,,,,,1.0,,,,,,9999.0,,,,
1971,3,7,,,,,,,,,,0.0,,,,,0.0,0.0,,,,,,,,,,,,,,,,-99.0,-99.0,,,,,,,,,,,-99.0,,,,
1971,3,8,,,,,,,,,,,,,,,,,,,,,,,,,,,,,,,,99.0,99.0,,,,,99.0,,,,,,99.0,,,,
1971,3,9,0.0,0.0,,,,,,,1442.0,0.0,100.0,,,,0.0,0.0,,66.92,46.04,702.0,,,,315.0,315.0,,,,,98.0,76.0,-9999.0,-9999.0,,,,,-9999.0,,,,,,-9999.0,,,,
1971,3,10,,,,,,,,,,0.0,,,,,0.0,0.0,,32.0,32.0,,,,,,,,,,,,,-9.0,-9.0,,,,,-9.0,,,,,,-9.0,,,,
1971,3,11,0.0,0.0,,,,,,,600.0,0.0,100.0,,,,0.0,0.0,,66.92,46.04,702.0,,,,,,,,,,93.0,76.0,999.0,999.0,,,,,999.0,,,,,,999.0,,,,
1971,3,12,,,,,,,,,,0.0,,,,,0.0,0.0,,,,,,,,,,,,,,,,-999.0,-999.0,,,,,,,,,,,-999.0,,,,
1971,3,14,60.0,30.0,,,,,,,1324.0,0.0,90.0,,,,0.0,0.0,,59.0,53.06,636.0,,,,,,,,,,93.0,72.0,9999.0,9999.0,,,,,9999.0,,,,,,9999.0,,,,
1971,3,15,,,,,,,,,,0.0,,,,,0.0,0.0,,,,,,,,,,,,,,,,-99.0,-99.0,,,,,-99.0,,,,,,-99.0,,,,
1971,3,16,,,,,,,,,,,,,,,,,,,,,,,,,,,,,,,,99.0,99.0,,,,,99.0,,,,,,99.0,,,,
1971,3,17,60.0,60.0,,,,,,,1024.0,0.0,82.0,,,,0.0,0.0,,62.059999999999995,53.06,582.0,,,,270.0,225.0,,,,,77.0,49.0,-9999.0,-9999.0,,,,,1.0,,,,,,-9999.0,,,,
1971,3,18,,,,,,,,,,0.0,,,,,0.0,0.0,,32.0,32.0,,,,,,,,,,,,,-9.0,-9.0,,,,,,,,,,,,,,,
1971,3,19,70.0,40.0,,,,,,,424.0,,65.0,,,,0.0,0.0,,64.04,51.08,462.0,,,,,,,,,,87.0,49.0,999.0,999.0,,,,,1.0,,,,,,1.0,,,,
1971,3,20,,,,,,,,,,,,,,,0.0,0.0,,,,,,,,,,,,,,,,-999.0,-999.0,,,,,,,,,,,,,,,
1971,3,22,10.0,0.0,,,,,,,1330.0,0.0,100.0,,,,0.0,0.0,,66.02,46.94,714.0,,,,,,,,,,108.0,76.0,9999.0,9999.0,,,,,1.0,,,,,,9999.0,,,,
1971,3,23,,,,,,,,,,0.0,,,,,0.0,0.0,,,32.0,,,,,,,,,,,,,-99.0,-99.0,,,,,,,,,,,-99.0,,,,
1971,3,24,,,,,,,,,,,,,,,,,,,,,,,,,,,,,,,,99.0,99.0,,,,,99.0,,,,,,99.0,,,,
1971,3,25,60.0,70.0,,,,,,,1324.0,0.0,90.0,,,,0.0,0.0,,78.08,51.08,648.0,,,,315.0,315.0,,,,,123.0,85.0,-9999.0,-9999.0,,,,,1.0,,,,,,-9999.0,,,,
1971,3,26,,,,,,,,,,0.0,,,,,0.0,0.0,,32.0,32.0,,,,,,,,,,,,,-9.0,-9.0,,,,,,,,,,,-9.0,,,,
1971,3,27,50.0,30.0,,,,,,,336.0,0.0,90.0,,,,0.0,0.0,,64.94,53.06,648.0,,,,,,,,,,77.0,54.0,999.0,999.0,,,,,1.0,,,,,,999.0,,,,
1971,3,28,,,,,,,,,,0.0,,,,,0.0,0.0,,,,,,,,,,,,,,,,-999.0,-999.0,,,,,,,,,,,-999.0,,,,
1971,3,29,,,,,,,,,,,,,,,,,,,,,,,,,,,,,,,,9.0,,,,,,,,,,,,,,,,
1971,3,30,70.0,70.0,,,,,,,1206.0,0.0,70.0,,,,0.0,0.0,,69.98,51.08,510.0,,,,,,,,,,103.0,76.0,1.0,9999.0,,,,,1.0,,,,,,9999.0,,,,
1971,3,31,,,,,,,,,,0.0,,,,,0.0,0.0,,,,,,,,,,,,,,,,,,,,,,,,,,,,-99.0,,,,
1971,4,1,20.0,20.0,,,,,,,1548.0,0.0,84.0,,,,0.0,0.0,,82.94,53.06,636.0,,,,315.0,315.0,,,,,98.0,76.0,1.0,1.0,,,,,1.0,,,,,,-9999.0,,,,
1971,4,2,,,,,,,,,,0.0,,,,,0.0,0.0,,32.0,32.0,,,,,,,,,,,,,,,,,,,,,,,,,-9.0,,,,
1971,4,3,20.0,0.0,,,,,,,406.0,0.0,100.0,,,,0.0,0.0,,73.94,50.0,756.0,,,,,,,,,,93.0,76.0,1.0,1.0,,,,,1.0,,,,,,999.0,,,,
1971,4,4,,,,,,,,,,0.0,,,,,0.0,0.0,,,,,,,,,,,,,,,,,,,,,,,,,,,,-999.0,,,,
1971,4,6,0.0,0.0,,,,,,,1500.0,0.0,100.0,,,,0.0,0.0,,91.03999999999999,53.96,756.0,,,,,,,,,,108.0,94.0,9999.0,9999.0,,,,,9999.0,,,,,,9999.0,,,,
1971,4,7,,,,,,,,,,0.0,,,,,0.0,0.0,,,,,,,,,,,,,,,,-99.0,-99.0,,,,,-99.0,,,,,,-99.0,,,,
1971,4,8,,,,,,,,,,,,,,,,,,,,,,,,,,,,,,,,99.0,99.0,,,,,99.0,,,,,,99.0,,,,
1971,4,9,30.0,20.0,,,,,,,2030.0,0.0,94.0,,,,0.0,0.0,,75.92,53.96,714.0,,,,315.0,315.0,,,,,154.0,107.0,-9999.0,-9999.0,,,,,-9999.0,,,,,,-9999.0,,,,
1971,4,10,,,,,,,,,,0.0,,,,,0.0,0.0,,32.0,32.0,,,,,,,,,,,,,-9.0,-9.0,,,,,-9.0,,,,,,-9.0,,,,
1971,4,11,50.0,30.0,,,,,,,406.0,0.0,86.0,,,,0.0,0.0,,66.92,55.04,660.0,,,,,,,,,,108.0,76.0,999.0,999.0,,,,,999.0,,,,,,999.0,,,,
1971,4,12,,,,,,,,,,0.0,,,,,0.0,0.0,,,,,,,,,,,,,,,,-999.0,-999.0,,,,,-999.0,,,,,,-999.0,,,,
1971,4,13,,,,,,,,,,,,,,,,,,,,,,,,,,,,,,,,,,,,,,9.0,,,,,,,,,,
1971,4,14,30.0,50.0,,,,,,,1312.0,0.0,74.0,,,,0.0,0.0,,69.08,53.96,570.0,,,,,,,,,,93.0,76.0,9999.0,9999.0,,,,,1.0,,,,,,9999.0,,,,
1971,4,15,,,,,,,,,,0.0,,,,,0.0,0.0,,,,,,,,,,,,,,,,,-99.0,,,,,,,,,,,-99.0,,,,
1971,4,16,,,,,,,,,,,,,,,,,,,,,,,,,,,,,,,,,99.0,,,,,,,,,,,99.0,,,,
1971,4,17,30.0,30.0,,,,,,,1454.0,0.0,88.0,,,,0.0,0.0,,69.08,55.04,678.0,,,,315.0,315.0,,,,,72.0,49.0,-9999.0,-9999.0,,,,,-9999.0,,,,,,-9999.0,,,,
1971,4,18,,,,,,,,,,0.0,,,,,0.0,0.0,,32.0,32.0,,,,,,,,,,,,,-9.0,-9.0,,,,,,,,,,,-9.0,,,,
1971,4,19,40.0,30.0,,,,,,,354.0,0.0,77.0,,,,0.0,0.0,,69.08,55.94,594.0,,,,,,,,,,72.0,49.0,999.0,999.0,,,,,1.0,,,,,,999.0,,,,
1971,4,20,,,,,,,,,,0.0,,,,,0.0,0.0,,,,,,,,,,,,,,,,-999.0,-999.0,,,,,,,,,,,-999.0,,,,
1971,4,21,,,,,,,,,,,,,,,,,,,,,,,,,,,,,,,,9.0,,,,,,,,,,,,9.0,,,,
1971,4,22,100.0,100.0,,,,,,,1600.0,173.0,17.0,,,,0.0,0.0,,60.980000000000004,55.94,132.0,,,,,,,,,,103.0,89.0,1.0,9999.0,,,,,9999.0,,,,,,1.0,,,,
1971,4,23,,,,,,,,,,0.0,,,,,0.0,0.0,,,,,,,,,,,,,,,,,-99.0,,,,,-99.0,,,,,,,,,,
1971,4,24,,,,,,,,,,,,,,,,,,,,,,,,,,,,,,,,99.0,99.0,,,,,99.0,,,,,,,,,,
1971,4,25,100.0,100.0,,,,,,,1012.0,0.0,32.0,,,,0.0,0.0,,60.980000000000004,55.94,252.0,,,,225.0,225.0,,,,,93.0,72.0,-9999.0,-9999.0,,,,,-9999.0,,,,,,-9999.0,,,,
1971,4,26,,,,,,,,,,0.0,,,,,0.0,0.0,,32.0,32.0,,,,,,,,,,,,,-9.0,-9.0,,,,,-9.0,,,,,,,,,,
1971,4,27,80.0,80.0,,,,,,,936.0,18.0,46.0,,,,0.0,0.0,,62.959999999999994,51.98,360.0,,,,,,,,,,144.0,116.0,999.0,999.0,,,,,999.0,,,,,,1.0,,,,
1971,4,28,,,,,,,,,,0.0,,,,,0.0,0.0,,,,,,,,,,,,,,,,-999.0,-999.0,,,,,-999.0,,,,,,,,,,
1971,4,30,50.0,50.0,,,,,,,1536.0,0.0,73.0,,,,0.0,0.0,,64.04,51.08,570.0,,,,,,,,,,98.0,63.0,9999.0,9999.0,,,,,9999.0,,,,,,9999.0,,,,
1971,4,31,,,,,,,,,,0.0,,,,,0.0,0.0,,,,,,,,,,,,,,,,-99.0,-99.0,,,,,-99.0,,,,,,,,,,
1971,5,1,80.0,70.0,,,,,,,1448.0,0.0,47.0,,,,0.0,0.0,,62.959999999999994,55.94,384.0,,,,315.0,315.0,,,,,103.0,72.0,1.0,,,,,,1.0,,,,,,1.0,,,,
1971,5,2,,,,,,,,,,,,,,,0.0,0.0,,32.0,32.0,,,,,,,,,,,,,,,,,,,,,,,,,,,,,
1971,5,3,40.0,20.0,,,,,,,300.0,0.0,87.0,,,,0.0,0.0,,64.94,55.94,708.0,,,,,,,,,,103.0,63.0,999.0,,,,,,999.0,,,,,,999.0,,,,
1971,5,4,,,,,,,,,,0.0,,,,,0.0,0.0,,,,,,,,,,,,,,,,-999.0,,,,,,-999.0,,,,,,,,,,
1971,5,6,70.0,70.0,,,,,,,806.0,,75.0,,,,0.0,0.0,,64.04,55.94,612.0,,,,,,,,,,108.0,80.0,9999.0,,,,,,9999.0,,,,,,1.0,,,,
1971,5,7,,,,,,,,,,0.0,,,,,0.0,0.0,,,,,,,,,,,,,,,,,,,,,,-99.0,,,,,,,,,,
1971,5,8,,,,,,,,,,,,,,,,,,,,,,,,,,,,,,,,,,,,,,99.0,,,,,,,,,,
1971,5,9,100.0,90.0,,,,,,,1454.0,33.0,32.0,,,,0.0,0.0,,60.980000000000004,53.06,258.0,,,,180.0,180.0,,,,,87.0,67.0,1.0,,,,,,-9999.0,,,,,,1.0,,,,
1971,5,10,,,,,,,,,,0.0,,,,,0.0,0.0,,32.0,32.0,,,,,,,,,,,,,,,,,,,-9.0,,,,,,,,,,
1971,5,11,80.0,70.0,,,,,,,218.0,81.0,53.0,,,,0.0,0.0,,66.92,55.94,432.0,,,,,,,,,,123.0,80.0,1.0,,,,,,999.0,,,,,,1.0,,,,
1971,5,12,,,,,,,,,,,,,,,0.0,0.0,,,,,,,,,,,,,,,,,,,,,,-999.0,,,,,,,,,,
1971,5,14,40.0,30.0,,,,,,,1542.0,0.0,80.0,,,,0.0,0.0,,66.92,55.94,654.0,,,,,,,,,,93.0,58.0,9999.0,,,,,,9999.0,,,,,,9999.0,,,,
1971,5,15,,,,,,,,,,0.0,,,,,0.0,0.0,,,,,,,,,,,,,,,,-99.0,,,,,,-99.0,,,,,,-99.0,,,,
1971,5,16,,,,,,,,,,,,,,,,,,,,,,,,,,,,,,,,99.0,,,,,,99.0,,,,,,99.0,,,,
1971,5,17,90.0,90.0,,,,,,,1336.0,0.0,37.0,,,,0.0,0.0,,66.92,57.92,306.0,,,,315.0,315.0,,,,,82.0,54.0,-9999.0,,,,,,1.0,,,,,,-9999.0,,,,
1971,5,18,,,,,,,,,,0.0,,,,,0.0,0.0,,32.0,32.0,,,,,,,,,,,,,-9.0,,,,,,,,,,,,,,,,
1971,5,19,100.0,100.0,,,,,,,230.0,,5.0,,,,0.0,0.0,,64.04,57.92,42.0,,,,,,,,,,87.0,67.0,999.0,,,,,,1.0,,,,,,1.0,,,,
1971,5,20,,,,,,,,,,0.0,,,,,0.0,0.0,,,,,,,,,,,,,,,,,,,,,,,,,,,,,,,,
1971,5,21,,,,,,,,,,,,,,,,,,,,,,,,,,,,,,,,,,,,,,,,,,,,9.0,,,,
1971,5,22,90.0,90.0,,,,,,,1936.0,,50.0,,,,0.0,0.0,,64.04,57.02,420.0,,,,,,,,,,82.0,58.0,1.0,,,,,,1.0,,,,,,1.0,,,,
1971,5,23,,,,,,,,,,0.0,,,,,0.0,0.0,,,,,,,,,,,,,,,,,,,,,,,,,,,,,,,,
1971,5,24,,,,,,,,,,,,,,,,,,,,,,,,,,,,,,,,99.0,,,,,,,,,,,,99.0,,,,
1971,5,25,80.0,80.0,,,,,,,1542.0,0.0,49.0,,,,0.0,0.0,,66.92,57.92,414.0,,,,315.0,315.0,,,,,82.0,63.0,-9999.0,,,,,,1.0,,,,,,1.0,,,,
1971,5,26,,,,,,,,,,,,,,,0.0,0.0,,32.0,32.0,,,,,,,,,,,,,-9.0,,,,,,,,,,,,,,,,
1971,5,27,10.0,10.0,,,,,,,242.0,0.0,96.0,,,,0.0,0.0,,73.04,55.94,798.0,,,,,,,,,,103.0,76.0,999.0,,,,,,1.0,,,,,,999.0,,,,
1971,5,28,,,,,,,,,,0.0,,,,,0.0,0.0,,,,,,,,,,,,,,,,-999.0,,,,,,,,,,,,-999.0,,,,
1971,5,30,0.0,0.0,,,,,,,1254.0,0.0,100.0,,,,0.0,0.0,,75.92,57.92,834.0,,,,,,,,,,77.0,67.0,9999.0,,,,,,9999.0,,,,,,9999.0,,,,
1971,5,31,,,,,,,,,,0.0,,,,,0.0,0.0,,,,,,,,,,,,,,,,-99.0,,,,,,,,,,,,-99.0,,,,
1971,6,1,40.0,40.0,,,,,,,1306.0,0.0,77.0,,,,0.0,0.0,,64.04,53.96,654.0,,,,225.0,225.0,,,,,82.0,58.0,-9999.0,-9999.0,,,,,-9999.0,,,,,,-9999.0,,,,
1971,6,2,,,,,,,,,,0.0,,,,,0.0,0.0,,32.0,32.0,,,,,,,,,,,,,-9.0,-9.0,,,,,-9.0,,,,,,,,,,
1971,6,3,70.0,70.0,,,,,,,336.0,,59.0,,,,0.0,0.0,,64.94,57.02,498.0,,,,,,,,,,98.0,67.0,999.0,999.0,,,,,999.0,,,,,,1.0,,,,
1971,6,4,,,,,,,,,,0.0,,,,,0.0,0.0,,,,,,,,,,,,,,,,-999.0,-999.0,,,,,-999.0,,,,,,,,,,
1971,6,5,,,,,,,,,,,,,,,,,,,,,,,,,,,,,,,,,,,,,,9.0,,,,,,,,,,
1971,6,6,70.0,60.0,,,,,,,1254.0,0.0,63.0,,,,0.0,0.0,,68.0,57.92,534.0,,,,,,,,,,108.0,76.0,9999.0,9999.0,,,,,1.0,,,,,,9999.0,,,,
1971,6,7,,,,,,,,,,0.0,,,,,0.0,0.0,,,,,,,,,,,,,,,,-99.0,-99.0,,,,,,,,,,,-99.0,,,,
1971,6,8,,,,,,,,,,,,,,,,,,,,,,,,,,,,,,,,99.0,99.0,,,,,,,,,,,99.0,,,,
1971,6,9,80.0,70.0,,,,,,,1336.0,0.0,74.0,,,,0.0,0.0,,66.92,57.92,630.0,,,,225.0,225.0,,,,,77.0,54.0,-9999.0,-9999.0,,,,,1.0,,,,,,-9999.0,,,,
1971,6,10,,,,,,,,,,0.0,,,,,0.0,0.0,,32.0,32.0,,,,,,,,,,,,,-9.0,-9.0,,,,,,,,,,,-9.0,,,,
1971,6,11,90.0,90.0,,,,,,,342.0,0.0,46.0,,,,0.0,0.0,,66.92,59.0,390.0,,,,,,,,,,72.0,54.0,999.0,999.0,,,,,999.0,,,,,,999.0,,,,
1971,6,12,,,,,,,,,,0.0,,,,,0.0,0.0,,,,,,,,,,,,,,,,-999.0,-999.0,,,,,-999.0,,,,,,-999.0,,,,
1971,6,13,,,,,,,,,,,,,,,,,,,,,,,,,,,,,,,,9.0,,,,,,9.0,,,,,,9.0,,,,
1971,6,14,100.0,100.0,,,,,,,2130.0,3.0,1.0,,,,0.0,0.0,,62.959999999999994,57.92,12.0,,,,,,,,,,93.0,58.0,1.0,9999.0,,,,,1.0,,,,,,1.0,,,,
1971,6,15,,,,,,,,,,0.0,,,,,0.0,0.0,,,,,,,,,,,,,,,,,-99.0,,,,,,,,,,,,,,,
1971,6,16,,,,,,,,,,,,,,,,,,,,,,,,,,,,,,,,99.0,99.0,,,,,99.0,,,,,,,,,,
1971,6,17,70.0,60.0,,,,,,,1500.0,0.0,57.0,,,,0.0,0.0,,71.06,59.0,492.0,,,,270.0,270.0,,,,,103.0,63.0,-9999.0,-9999.0,,,,,-9999.0,,,,,,1.0,,,,
1971,6,18,,,,,,,,,,,,,,,0.0,0.0,,32.0,32.0,,,,,,,,,,,,,-9.0,-9.0,,,,,,,,,,,,,,,
1971,6,19,90.0,80.0,,,,,,,42.0,0.0,62.0,,,,0.0,0.0,,71.06,60.980000000000004,534.0,,,,,,,,,,108.0,80.0,999.0,999.0,,,,,1.0,,,,,,999.0,,,,
1971,6,20,,,,,,,,,,0.0,,,,,0.0,0.0,,,,,,,,,,,,,,,,-999.0,-999.0,,,,,,,,,,,-999.0,,,,
1971,6,21,,,,,,,,,,,,,,,,,,,,,,,,,,,,,,,,9.0,,,,,,,,,,,,,,,,
1971,6,22,50.0,20.0,,,,,,,1224.0,0.0,84.0,,,,0.0,0.0,,73.04,60.980000000000004,720.0,,,,,,,,,,82.0,58.0,1.0,9999.0,,,,,1.0,,,,,,9999.0,,,,
1971,6,23,,,,,,,,,,0.0,,,,,0.0,0.0,,,,,,,,,,,,,,,,,,,,,,,,,,,,-99.0,,,,
1971,6,24,,,,,,,,,,,,,,,,,,,,,,,,,,,,,,,,,,,,,,,,,,,,99.0,,,,
1971,6,25,50.0,50.0,,,,,,,1130.0,0.0,62.0,,,,0.0,0.0,,71.96,57.92,534.0,,,,180.0,225.0,,,,,87.0,49.0,1.0,1.0,,,,,1.0,,,,,,-9999.0,,,,
1971,6,26,,,,,,,,,,0.0,,,,,0.0,0.0,,32.0,32.0,,,,,,,,,,,,,,,,,,,,,,,,,-9.0,,,,
1971,6,27,70.0,70.0,,,,,,,942.0,0.0,45.0,,,,0.0,0.0,,69.98,60.08,390.0,,,,,,,,,,82.0,54.0,1.0,999.0,,,,,1.0,,,,,,999.0,,,,
1971,6,28,,,,,,,,,,0.0,,,,,0.0,0.0,,,,,,,,,,,,,,,,,-999.0,,,,,,,,,,,-999.0,,,,
1971,6,30,30.0,20.0,,,,,,,1712.0,0.0,83.0,,,,0.0,0.0,,73.94,62.059999999999995,714.0,,,,,,,,,,72.0,54.0,9999.0,9999.0,,,,,1.0,,,,,,9999.0,,,,
1971,6,31,,,,,,,,,,0.0,,,,,0.0,0.0,,,,,,,,,,,,,,,,,,,,,,,,,,,,-99.0,,,,
1971,7,1,60.0,40.0,,,,,,,1254.0,0.0,61.0,,,,0.0,0.0,,71.96,60.980000000000004,522.0,,,,270.0,225.0,,,,,87.0,54.0,-9999.0,-9999.0,,,,,1.0,,,,,,-9999.0,,,,
1971,7,2,,,,,,,,,,0.0,,,,,0.0,0.0,,32.0,32.0,,,,,,,,,,,,,-9.0,-9.0,,,,,,,,,,,-9.0,,,,
1971,7,3,70.0,50.0,,,,,,,948.0,0.0,65.0,,,,0.0,0.0,,71.06,60.08,552.0,,,,,,,,,,87.0,54.0,999.0,999.0,,,,,1.0,,,,,,999.0,,,,
1971,7,4,,,,,,,,,,0.0,,,,,0.0,0.0,,,,,,,,,,,,,,,,-999.0,-999.0,,,,,,,,,,,-999.0,,,,
1971,7,6,90.0,80.0,,,,,,,1300.0,0.0,68.0,,,,0.0,0.0,,71.96,60.980000000000004,582.0,,,,,,,,,,82.0,49.0,9999.0,9999.0,,,,,1.0,,,,,,9999.0,,,,
1971,7,7,,,,,,,,,,0.0,,,,,0.0,0.0,,,,,,,,,,,,,,,,-99.0,-99.0,,,,,,,,,,,-99.0,,,,
1971,7,8,,,,,,,,,,,,,,,,,,,,,,,,,,,,,,,,99.0,99.0,,,,,,,,,,,99.0,,,,
1971,7,9,70.0,60.0,,,,,,,1036.0,0.0,61.0,,,,0.0,0.0,,73.04,62.059999999999995,516.0,,,,225.0,225.0,,,,,87.0,54.0,-9999.0,-9999.0,,,,,1.0,,,,,,-9999.0,,,,
1971,7,10,,,,,,,,,,0.0,,,,,0.0,0.0,,32.0,32.0,,,,,,,,,,,,,-9.0,-9.0,,,,,,,,,,,-9.0,,,,
1971,7,11,50.0,30.0,,,,,,,118.0,0.0,67.0,,,,0.0,0.0,,73.94,62.959999999999994,570.0,,,,,,,,,,87.0,58.0,999.0,999.0,,,,,1.0,,,,,,999.0,,,,
1971,7,12,,,,,,,,,,0.0,,,,,0.0,0.0,,,,,,,,,,,,,,,,-999.0,-999.0,,,,,,,,,,,-999.0,,,,
1971,7,13,,,,,,,,,,,,,,,,,,,,,,,,,,,,,,,,9.0,,,,,,,,,,,,,,,,
1971,7,14,30.0,30.0,,,,,,,1518.0,0.0,84.0,,,,0.0,0.0,,78.08,62.059999999999995,714.0,,,,,,,,,,82.0,63.0,1.0,9999.0,,,,,1.0,,,,,,9999.0,,,,
1971,7,15,,,,,,,,,,0.0,,,,,0.0,0.0,,,,,,,,,,,,,,,,,,,,,,,,,,,,-99.0,,,,
1971,7,16,,,,,,,,,,,,,,,,,,,,,,,,,,,,,,,,,,,,,,,,,,,,99.0,,,,
1971,7,17,10.0,10.0,,,,,,,1618.0,0.0,100.0,,,,0.0,0.0,,82.04,64.94,852.0,,,,315.0,315.0,,,,,62.0,45.0,-9999.0,-9999.0,,,,,1.0,,,,,,-9999.0,,,,
1971,7,18,,,,,,,,,,0.0,,,,,0.0,0.0,,32.0,32.0,,,,,,,,,,,,,-9.0,-9.0,,,,,,,,,,,-9.0,,,,
1971,7,19,70.0,90.0,,,,,,,142.0,0.0,54.0,,,,0.0,0.0,,73.04,64.94,462.0,,,,,,,,,,93.0,54.0,999.0,999.0,,,,,1.0,,,,,,999.0,,,,
1971,7,20,,,,,,,,,,0.0,,,,,0.0,0.0,,,,,,,,,,,,,,,,-999.0,-999.0,,,,,,,,,,,-999.0,,,,
1971,7,21,,,,,,,,,,,,,,,,,,,,,,,,,,,,,,,,,,,,,,,,,,,,9.0,,,,
1971,7,22,100.0,100.0,,,,,,,1412.0,,30.0,,,,0.0,0.0,,71.06,64.04,258.0,,,,,,,,,,72.0,58.0,9999.0,9999.0,,,,,1.0,,,,,,1.0,,,,
1971,7,23,,,,,,,,,,0.0,,,,,0.0,0.0,,,,,,,,,,,,,,,,-99.0,-99.0,,,,,,,,,,,,,,,
1971,7,24,,,,,,,,,,,,,,,,,,,,,,,,,,,,,,,,99.0,99.0,,,,,,,,,,,99.0,,,,
1971,7,25,70.0,80.0,,,,,,,818.0,0.0,43.0,,,,0.0,0.0,,71.96,64.04,360.0,,,,180.0,180.0,,,,,62.0,45.0,-9999.0,-9999.0,,,,,1.0,,,,,,1.0,,,,
1971,7,26,,,,,,,,,,,,,,,0.0,0.0,,32.0,32.0,,,,,,,,,,,,,-9.0,-9.0,,,,,,,,,,,,,,,
1971,7,27,40.0,30.0,,,,,,,142.0,0.0,93.0,,,,0.0,0.0,,77.0,66.02,786.0,,,,,,,,,,82.0,49.0,999.0,999.0,,,,,1.0,,,,,,999.0,,,,
1971,7,28,,,,,,,,,,0.0,,,,,0.0,0.0,,,,,,,,,,,,,,,,-999.0,-999.0,,,,,,,,,,,-999.0,,,,
1971,7,30,70.0,60.0,,,,,,,1148.0,0.0,72.0,,,,0.0,0.0,,73.94,66.02,606.0,,,,,,,,,,98.0,72.0,9999.0,9999.0,,,,,1.0,,,,,,9999.0,,,,
1971,7,31,,,,,,,,,,0.0,,,,,0.0,0.0,,,,,,,,,,,,,,,,-99.0,-99.0,,,,,,,,,,,,,,,
1971,8,1,40.0,30.0,,,,,,,1306.0,0.0,98.0,,,,0.0,0.0,,87.98,69.08,810.0,,,,315.0,225.0,,,,,77.0,54.0,-9999.0,,-9999.0,,,,-9999.0,,,,,,-9999.0,,,,
1971,8,2,,,,,,,,,,0.0,,,,,0.0,0.0,,32.0,32.0,,,,,,,,,,,,,-9.0,,,,,,,,,,,,,,,,
1971,8,3,90.0,90.0,,,,,,,442.0,8.0,47.0,,,,0.0,0.0,,84.91999999999999,69.08,384.0,,,,,,,,,,98.0,76.0,999.0,,1.0,,,,1.0,,,,,,1.0,,,,
1971,8,4,,,,,,,,,,0.0,,,,,0.0,0.0,,,,,,,,,,,,,,,,,,,,,,,,,,,,,,,,
1971,8,6,70.0,90.0,,,,,,,1054.0,0.0,66.0,,,,0.0,0.0,,86.0,69.08,540.0,,,,,,,,,,93.0,72.0,9999.0,,9999.0,,,,1.0,,,,,,9999.0,,,,
1971,8,7,,,,,,,,,,0.0,,,,,0.0,0.0,,,,,,,,,,,,,,,,-99.0,,-99.0,,,,,,,,,,-99.0,,,,
1971,8,8,,,,,,,,,,,,,,,,,,,,,,,,,,,,,,,,99.0,,99.0,,,,99.0,,,,,,99.0,,,,
1971,8,9,0.0,0.0,,,,,,,1418.0,0.0,100.0,,,,0.0,0.0,,87.08000000000001,69.98,816.0,,,,225.0,225.0,,,,,62.0,40.0,-9999.0,,-9999.0,,,,-9999.0,,,,,,-9999.0,,,,
1971,8,10,,,,,,,,,,0.0,,,,,0.0,0.0,,32.0,32.0,,,,,,,,,,,,,-9.0,,-9.0,,,,,,,,,,-9.0,,,,
1971,8,11,30.0,20.0,,,,,,,342.0,0.0,88.0,,,,0.0,0.0,,82.04,69.08,720.0,,,,,,,,,,72.0,49.0,999.0,,999.0,,,,1.0,,,,,,999.0,,,,
1971,8,12,,,,,,,,,,0.0,,,,,0.0,0.0,,,,,,,,,,,,,,,,-999.0,,-999.0,,,,,,,,,,-999.0,,,,
1971,8,14,30.0,40.0,,,,,,,1406.0,0.0,80.0,,,,0.0,0.0,,82.04,71.96,654.0,,,,,,,,,,98.0,49.0,9999.0,,9999.0,,,,9999.0,,,,,,9999.0,,,,
1971,8,15,,,,,,,,,,0.0,,,,,0.0,0.0,,,,,,,,,,,,,,,,-99.0,,-99.0,,,,-99.0,,,,,,,,,,
1971,8,16,,,,,,,,,,,,,,,,,,,,,,,,,,,,,,,,99.0,,99.0,,,,99.0,,,,,,,,,,
1971,8,17,20.0,10.0,,,,,,,1254.0,0.0,100.0,,,,0.0,0.0,,82.04,71.96,804.0,,,,180.0,315.0,,,,,72.0,54.0,-9999.0,,-9999.0,,,,-9999.0,,,,,,-9999.0,,,,
1971,8,18,,,,,,,,,,0.0,,,,,0.0,0.0,,32.0,32.0,,,,,,,,,,,,,-9.0,,-9.0,,,,-9.0,,,,,,-9.0,,,,
1971,8,19,20.0,0.0,,,,,,,300.0,0.0,96.0,,,,0.0,0.0,,82.94,71.06,774.0,,,,,,,,,,87.0,49.0,999.0,,999.0,,,,999.0,,,,,,999.0,,,,
1971,8,20,,,,,,,,,,0.0,,,,,0.0,0.0,,,,,,,,,,,,,,,,-999.0,,-999.0,,,,-999.0,,,,,,-999.0,,,,
1971,8,22,80.0,60.0,,,,,,,1218.0,0.0,53.0,,,,0.0,0.0,,80.06,71.96,426.0,,,,,,,,,,93.0,58.0,9999.0,,9999.0,,,,9999.0,,,,,,9999.0,,,,
1971,8,23,,,,,,,,,,0.0,,,,,0.0,0.0,,,,,,,,,,,,,,,,-99.0,,-99.0,,,,-99.0,,,,,,-99.0,,,,
1971,8,24,,,,,,,,,,,,,,,,,,,,,,,,,,,,,,,,99.0,,99.0,,,,99.0,,,,,,99.0,,,,
1971,8,25,70.0,50.0,,,,,,,1136.0,0.0,76.0,,,,0.0,0.0,,80.96,69.98,612.0,,,,270.0,225.0,,,,,87.0,54.0,-9999.0,,-9999.0,,,,1.0,,,,,,-9999.0,,,,
1971,8,26,,,,,,,,,,0.0,,,,,0.0,0.0,,32.0,32.0,,,,,,,,,,,,,-9.0,,-9.0,,,,,,,,,,-9.0,,,,
1971,8,27,70.0,80.0,,,,,,,300.0,0.0,48.0,,,,0.0,0.0,,75.92,69.98,390.0,,,,,,,,,,93.0,58.0,999.0,,999.0,,,,1.0,,,,,,999.0,,,,
1971,8,28,,,,,,,,,,0.0,,,,,0.0,0.0,,,,,,,,,,,,,,,,-999.0,,-999.0,,,,,,,,,,-999.0,,,,
1971,8,30,80.0,90.0,,,,,,,1154.0,0.0,46.0,,,,0.0,0.0,,77.0,69.08,360.0,,,,,,,,,,77.0,54.0,9999.0,,9999.0,,,,1.0,,,,,,9999.0,,,,
1971,8,31,,,,,,,,,,0.0,,,,,0.0,0.0,,,,,,,,,,,,,,,,-99.0,,-99.0,,,,,,,,,,-99.0,,,,
1971,9,1,70.0,50.0,,,,,,,1530.0,0.0,73.0,,,,0.0,0.0,,75.02,68.0,564.0,,,,180.0,180.0,,,,,103.0,58.0,-9999.0,-9999.0,,,,,1.0,,,,,,-9999.0,,,,
1971,9,2,,,,,,,,,,0.0,,,,,0.0,0.0,,32.0,32.0,,,,,,,,,,,,,-9.0,-9.0,,,,,,,,,,,-9.0,,,,
1971,9,3,60.0,30.0,,,,,,,200.0,0.0,74.0,,,,0.0,0.0,,75.02,66.92,564.0,,,,,,,,,,87.0,45.0,999.0,999.0,,,,,1.0,,,,,,999.0,,,,
1971,9,4,,,,,,,,,,0.0,,,,,0.0,0.0,,,,,,,,,,,,,,,,-999.0,-999.0,,,,,,,,,,,-999.0,,,,
1971,9,5,,,,,,,,,,,,,,,,,,,,,,,,,,,,,,,,,,,,,,9.0,,,,,,,,,,
1971,9,6,50.0,60.0,,,,,,,1136.0,0.0,70.0,,,,0.0,0.0,,77.0,62.959999999999994,534.0,,,,,,,,,,77.0,54.0,9999.0,9999.0,,,,,1.0,,,,,,9999.0,,,,
1971,9,7,,,,,,,,,,0.0,,,,,0.0,0.0,,,,,,,,,,,,,,,,,-99.0,,,,,,,,,,,-99.0,,,,
1971,9,8,,,,,,,,,,,,,,,,,,,,,,,,,,,,,,,,,99.0,,,,,,,,,,,99.0,,,,
1971,9,9,50.0,80.0,,,,,,,1236.0,0.0,69.0,,,,0.0,0.0,,80.96,68.0,522.0,,,,315.0,315.0,,,,,103.0,76.0,-9999.0,-9999.0,,,,,1.0,,,,,,-9999.0,,,,
1971,9,10,,,,,,,,,,0.0,,,,,0.0,0.0,,32.0,32.0,,,,,,,,,,,,,-9.0,-9.0,,,,,,,,,,,-9.0,,,,
1971,9,11,0.0,0.0,,,,,,,200.0,0.0,100.0,,,,0.0,0.0,,82.94,69.98,762.0,,,,,,,,,,98.0,72.0,999.0,999.0,,,,,999.0,,,,,,999.0,,,,
1971,9,12,,,,,,,,,,0.0,,,,,0.0,0.0,,,,,,,,,,,,,,,,-999.0,-999.0,,,,,-999.0,,,,,,-999.0,,,,
1971,9,13,,,,,,,,,,,,,,,,,,,,,,,,,,,,,,,,,,,,,,9.0,,,,,,,,,,
1971,9,14,0.0,0.0,,,,,,,1518.0,0.0,100.0,,,,0.0,0.0,,82.04,69.98,756.0,,,,,,,,,,98.0,72.0,9999.0,9999.0,,,,,1.0,,,,,,9999.0,,,,
1971,9,15,,,,,,,,,,0.0,,,,,0.0,0.0,,,,,,,,,,,,,,,,-99.0,-99.0,,,,,,,,,,,-99.0,,,,
1971,9,16,,,,,,,,,,,,,,,,,,,,,,,,,,,,,,,,99.0,99.0,,,,,,,,,,,99.0,,,,
1971,9,17,0.0,0.0,,,,,,,1224.0,0.0,100.0,,,,0.0,0.0,,89.96000000000001,68.0,750.0,,,,315.0,315.0,,,,,103.0,80.0,-9999.0,-9999.0,,,,,1.0,,,,,,-9999.0,,,,
1971,9,18,,,,,,,,,,0.0,,,,,0.0,0.0,,32.0,32.0,,,,,,,,,,,,,,-9.0,,,,,,,,,,,-9.0,,,,
1971,9,19,10.0,0.0,,,,,,,354.0,0.0,100.0,,,,0.0,0.0,,93.91999999999999,69.98,750.0,,,,,,,,,,103.0,76.0,1.0,999.0,,,,,1.0,,,,,,999.0,,,,
1971,9,20,,,,,,,,,,0.0,,,,,0.0,0.0,,,,,,,,,,,,,,,,,-999.0,,,,,,,,,,,-999.0,,,,
1971,9,21,,,,,,,,,,,,,,,,,,,,,,,,,,,,,,,,,9.0,,,,,,,,,,,,,,,
1971,9,22,90.0,80.0,,,,,,,1136.0,0.0,35.0,,,,0.0,0.0,,75.02,66.92,264.0,,,,,,,,,,93.0,54.0,1.0,1.0,,,,,1.0,,,,,,9999.0,,,,
1971,9,23,,,,,,,,,,0.0,,,,,0.0,0.0,,,,,,,,,,,,,,,,,,,,,,,,,,,,,,,,
1971,9,24,,,,,,,,,,,,,,,,,,,,,,,,,,,,,,,,,99.0,,,,,,,,,,,,,,,
1971,9,25,100.0,100.0,,,,,,,1212.0,0.0,5.0,,,,0.0,0.0,,78.08,71.06,36.0,,,,225.0,180.0,,,,,67.0,54.0,-9999.0,-9999.0,,,,,1.0,,,,,,-9999.0,,,,
1971,9,26,,,,,,,,,,0.0,,,,,0.0,0.0,,32.0,32.0,,,,,,,,,,,,,,-9.0,,,,,,,,,,,,,,,
1971,9,27,90.0,100.0,,,,,,,430.0,,20.0,,,,0.0,0.0,,75.92,69.98,150.0,,,,,,,,,,67.0,45.0,1.0,999.0,,,,,1.0,,,,,,1.0,,,,
1971,9,28,,,,,,,,,,0.0,,,,,0.0,0.0,,,,,,,,,,,,,,,,,-999.0,,,,,,,,,,,,,,,
1971,9,30,20.0,10.0,,,,,,,1418.0,0.0,97.0,,,,0.0,0.0,,78.98,68.0,714.0,,,,,,,,,,113.0,94.0,9999.0,9999.0,,,,,1.0,,,,,,9999.0,,,,
1971,9,31,,,,,,,,,,0.0,,,,,0.0,0.0,,,,,,,,,,,,,,,,-99.0,-99.0,,,,,,,,,,,-99.0,,,,
1971,10,1,10.0,10.0,,,,,,,1448.0,0.0,100.0,,,,0.0,0.0,,73.04,55.94,714.0,,,,270.0,225.0,,,,,87.0,54.0,-9999.0,-9999.0,-9999.0,,-9999.0,,-9999.0,,,,,,-9999.0,,,,
1971,10,2,,,,,,,,,,0.0,,,,,0.0,0.0,,32.0,32.0,,,,,,,,,,,,,-9.0,-9.0,-9.0,,-9.0,,-9.0,,,,,,-9.0,,,,
1971,10,3,0.0,0.0,,,,,,,254.0,0.0,100.0,,,,0.0,0.0,,75.92,55.94,708.0,,,,,,,,,,108.0,76.0,999.0,999.0,999.0,,999.0,,999.0,,,,,,999.0,,,,
1971,10,4,,,,,,,,,,0.0,,,,,0.0,0.0,,,,,,,,,,,,,,,,-999.0,-999.0,-999.0,,-999.0,,,,,,,,-999.0,,,,
1971,10,6,0.0,0.0,,,,,,,1242.0,0.0,100.0,,,,0.0,0.0,,84.91999999999999,57.92,708.0,,,,,,,,,,93.0,67.0,9999.0,9999.0,9999.0,,9999.0,,9999.0,,,,,,9999.0,,,,
1971,10,7,,,,,,,,,,0.0,,,,,0.0,0.0,,,,,,,,,,,,,,,,-99.0,-99.0,-99.0,,-99.0,,-99.0,,,,,,-99.0,,,,
1971,10,8,,,,,,,,,,,,,,,,,,,,,,,,,,,,,,,,99.0,99.0,99.0,,99.0,,99.0,,,,,,99.0,,,,
1971,10,9,20.0,20.0,,,,,,,1018.0,0.0,95.0,,,,0.0,0.0,,100.94,69.98,672.0,,,,45.0,315.0,,,,,113.0,89.0,-9999.0,-9999.0,-9999.0,,-9999.0,,-9999.0,,,,,,-9999.0,,,,
1971,10,10,,,,,,,,,,0.0,,,,,0.0,0.0,,32.0,32.0,,,,,,,,,,,,,-9.0,-9.0,-9.0,,-9.0,,-9.0,,,,,,,,,,
1971,10,11,30.0,30.0,,,,,,,242.0,,88.0,,,,0.0,0.0,,87.98,68.0,618.0,,,,,,,,,,82.0,63.0,999.0,999.0,999.0,,999.0,,999.0,,,,,,1.0,,,,
1971,10,12,,,,,,,,,,0.0,,,,,0.0,0.0,,,,,,,,,,,,,,,,,-999.0,-999.0,,-999.0,,,,,,,,,,,,
1971,10,14,40.0,30.0,,,,,,,1536.0,0.0,79.0,,,,0.0,0.0,,78.98,62.059999999999995,546.0,,,,,,,,,,72.0,58.0,1.0,9999.0,9999.0,,9999.0,,1.0,,,,,,9999.0,,,,
1971,10,15,,,,,,,,,,0.0,,,,,0.0,0.0,,,,,,,,,,,,,,,,,-99.0,-99.0,,-99.0,,,,,,,,-99.0,,,,
1971,10,16,,,,,,,,,,,,,,,,,,,,,,,,,,,,,,,,,99.0,99.0,,99.0,,,,,,,,99.0,,,,
1971,10,17,10.0,0.0,,,,,,,1518.0,0.0,100.0,,,,0.0,0.0,,89.06,66.02,690.0,,,,315.0,315.0,,,,,72.0,63.0,1.0,-9999.0,-9999.0,,-9999.0,,-9999.0,,,,,,-9999.0,,,,
1971,10,18,,,,,,,,,,0.0,,,,,0.0,0.0,,32.0,32.0,,,,,,,,,,,,,,-9.0,-9.0,,-9.0,,,,,,,,-9.0,,,,
1971,10,19,50.0,30.0,,,,,,,718.0,0.0,77.0,,,,0.0,0.0,,73.94,62.959999999999994,528.0,,,,,,,,,,77.0,54.0,1.0,999.0,999.0,,999.0,,1.0,,,,,,999.0,,,,
1971,10,20,,,,,,,,,,0.0,,,,,0.0,0.0,,,,,,,,,,,,,,,,,-999.0,-999.0,,-999.0,,,,,,,,-999.0,,,,
1971,10,22,100.0,90.0,,,,,,,848.0,0.0,25.0,,,,0.0,0.0,,69.98,62.059999999999995,174.0,,,,,,,,,,82.0,49.0,9999.0,9999.0,9999.0,,9999.0,,1.0,,,,,,9999.0,,,,
1971,10,23,,,,,,,,,,0.0,,,,,0.0,0.0,,,,,,,,,,,,,,,,-99.0,-99.0,-99.0,,-99.0,,,,,,,,,,,,
1971,10,24,,,,,,,,,,,,,,,,,,,,,,,,,,,,,,,,99.0,99.0,99.0,,99.0,,99.0,,,,,,,,,,
1971,10,25,80.0,80.0,,,,,,,2354.0,173.0,47.0,,,,0.0,0.0,,66.02,55.04,318.0,,,,225.0,270.0,,,,,139.0,98.0,-9999.0,-9999.0,-9999.0,,-9999.0,,-9999.0,,,,,,1.0,,,,
1971,10,26,,,,,,,,,,0.0,,,,,0.0,0.0,,32.0,32.0,,,,,,,,,,,,,-9.0,-9.0,,,,,-9.0,,,,,,,,,,
1971,10,27,70.0,70.0,,,,,,,306.0,183.0,39.0,,,,0.0,0.0,,60.980000000000004,51.08,264.0,,,,,,,,,,129.0,103.0,999.0,999.0,1.0,,1.0,,999.0,,,,,,1.0,,,,
1971,10,28,,,,,,,,,,0.0,,,,,0.0,0.0,,,,,,,,,,,,,,,,-999.0,-999.0,,,,,-999.0,,,,,,,,,,
1971,10,29,,,,,,,,,,,,,,,,,,,,,,,,,,,,,,,,,,,,,,9.0,,,,,,,,,,
1971,10,30,0.0,0.0,,,,,,,1406.0,0.0,100.0,,,,0.0,0.0,,73.04,55.04,678.0,,,,,,,,,,113.0,89.0,9999.0,9999.0,9999.0,,9999.0,,1.0,,,,,,9999.0,,,,
1971,10,31,,,,,,,,,,0.0,,,,,0.0,0.0,,,,,,,,,,,,,,,,-99.0,-99.0,-99.0,,-99.0,,,,,,,,-99.0,,,,
1971,11,1,0.0,0.0,,,,,,,1448.0,0.0,100.0,,,,0.0,0.0,,73.04,48.02,654.0,,,,315.0,315.0,,,,,98.0,76.0,-9999.0,-9999.0,,,,,-9999.0,,,,,,-9999.0,,,,
1971,11,2,,,,,,,,,,0.0,,,,,0.0,0.0,,32.0,32.0,,,,,,,,,,,,,-9.0,-9.0,,,,,,,,,,,-9.0,,,,
1971,11,3,0.0,0.0,,,,,,,500.0,0.0,100.0,,,,0.0,0.0,,73.94,48.02,648.0,,,,,,,,,,98.0,76.0,999.0,999.0,,,,,1.0,,,,,,999.0,,,,
1971,11,4,,,,,,,,,,0.0,,,,,0.0,0.0,,,,,,,,,,,,,,,,-999.0,-999.0,,,,,,,,,,,-999.0,,,,
1971,11,5,,,,,,,,,,,,,,,,,,,,,,,,,,,,,,,,9.0,9.0,,,,,,,,,,,,,,,
1971,11,6,50.0,70.0,,,,,,,1218.0,0.0,97.0,,,,0.0,0.0,,75.02,53.96,630.0,,,,,,,,,,67.0,36.0,1.0,1.0,,,,,1.0,,,,,,9999.0,,,,
1971,11,7,,,,,,,,,,0.0,,,,,0.0,0.0,,,,,,,,,,,,,,,,,,,,,,,,,,,,-99.0,,,,
1971,11,8,,,,,,,,,,,,,,,,,,,,,,,,,,,,,,,,,,,,,,,,,,,,99.0,,,,
1971,11,9,40.0,40.0,,,,,,,1530.0,0.0,69.0,,,,0.0,0.0,,66.02,55.94,444.0,,,,225.0,225.0,,,,,72.0,45.0,-9999.0,-9999.0,,,,,1.0,,,,,,-9999.0,,,,
1971,11,10,,,,,,,,,,0.0,,,,,0.0,0.0,,32.0,32.0,,,,,,,,,,,,,-9.0,-9.0,,,,,,,,,,,-9.0,,,,
1971,11,11,70.0,60.0,,,,,,,418.0,0.0,51.0,,,,0.0,0.0,,66.02,55.04,330.0,,,,,,,,,,103.0,76.0,999.0,999.0,,,,,1.0,,,,,,999.0,,,,
1971,11,12,,,,,,,,,,0.0,,,,,0.0,0.0,,,,,,,,,,,,,,,,-999.0,-999.0,,,,,,,,,,,-999.0,,,,
1971,11,13,,,,,,,,,,,,,,,,,,,,,,,,,,,,,,,,9.0,9.0,,,,,,,,,,,,,,,
1971,11,14,90.0,80.0,,,,,,,918.0,0.0,63.0,,,,0.0,0.0,,68.0,48.92,402.0,,,,,,,,,,62.0,45.0,1.0,1.0,,,,,1.0,,,,,,9999.0,,,,
1971,11,15,,,,,,,,,,0.0,,,,,0.0,0.0,,,,,,,,,,,,,,,,,,,,,,,,,,,,-99.0,,,,
1971,11,16,,,,,,,,,,,,,,,,,,,,,,,,,,,,,,,,99.0,99.0,,,,,,,,,,,99.0,,,,
1971,11,17,100.0,100.0,,,,,,,1318.0,0.0,20.0,,,,0.0,0.0,,68.0,55.94,126.0,,,,315.0,315.0,,,,,87.0,72.0,1.0,-9999.0,,,,,1.0,,,,,,-9999.0,,,,
1971,11,18,,,,,,,,,,0.0,,,,,0.0,0.0,,32.0,32.0,,,,,,,,,,,,,,-9.0,,,,,,,,,,,,,,,
1971,11,19,60.0,60.0,,,,,,,18.0,10.0,67.0,,,,0.0,0.0,,68.0,57.92,420.0,,,,,,,,,,103.0,76.0,1.0,999.0,,,,,999.0,,,,,,1.0,,,,
1971,11,20,,,,,,,,,,0.0,,,,,0.0,0.0,,,,,,,,,,,,,,,,,-999.0,,,,,-999.0,,,,,,,,,,
1971,11,21,,,,,,,,,,,,,,,,,,,,,,,,,,,,,,,,,,,,,,,,,,,,9.0,,,,
1971,11,22,60.0,90.0,,,,,,,936.0,,21.0,,,,0.0,0.0,,64.04,55.04,138.0,,,,,,,,,,98.0,58.0,9999.0,9999.0,,,,,9999.0,,,,,,1.0,,,,
1971,11,23,,,,,,,,,,0.0,,,,,0.0,0.0,,,,,,,,,,,,,,,,-99.0,-99.0,,,,,-99.0,,,,,,,,,,
1971,11,24,,,,,,,,,,,,,,,,,,,,,,,,,,,,,,,,99.0,99.0,,,,,99.0,,,,,,99.0,,,,
1971,11,25,0.0,0.0,,,,,,,1530.0,0.0,100.0,,,,0.0,0.0,,68.0,46.04,630.0,,,,315.0,270.0,,,,,98.0,76.0,-9999.0,-9999.0,,,,,-9999.0,,,,,,-9999.0,,,,
1971,11,26,,,,,,,,,,0.0,,,,,0.0,0.0,,32.0,32.0,,,,,,,,,,,,,-9.0,-9.0,,,,,,,,,,,-9.0,,,,
1971,11,27,10.0,10.0,,,,,,,412.0,0.0,98.0,,,,0.0,0.0,,64.94,46.94,612.0,,,,,,,,,,67.0,45.0,999.0,999.0,,,,,1.0,,,,,,999.0,,,,
1971,11,28,,,,,,,,,,0.0,,,,,0.0,0.0,,,,,,,,,,,,,,,,-999.0,-999.0,,,,,,,,,,,-999.0,,,,
1971,11,30,80.0,90.0,,,,,,,618.0,0.0,34.0,,,,0.0,0.0,,73.04,53.96,216.0,,,,,,,,,,129.0,76.0,9999.0,9999.0,,,,,9999.0,,,,,,9999.0,,,,
1971,11,31,,,,,,,,,,0.0,,,,,0.0,0.0,,,,,,,,,,,,,,,,,-99.0,,,,,,,,,,,,,,,
1971,12,1,10.0,10.0,,,,,,,1406.0,0.0,91.0,,,,0.0,0.0,,64.94,48.92,558.0,,,,270.0,270.0,,,,,82.0,54.0,-9999.0,,-9999.0,,,,1.0,,,,,,-9999.0,,,,
1971,12,2,,,,,,,,,,0.0,,,,,0.0,0.0,,32.0,32.0,,,,,,,,,,,,,,,-9.0,,,,,,,,,,,,,,
1971,12,3,80.0,60.0,,,,,,,30.0,10.0,58.0,,,,0.0,0.0,,62.959999999999994,50.0,354.0,,,,,,,,,,103.0,63.0,1.0,,999.0,,,,999.0,,,,,,1.0,,,,
1971,12,4,,,,,,,,,,,,,,,0.0,0.0,,,,,,,,,,,,,,,,,,-999.0,,,,-999.0,,,,,,,,,,
1971,12,6,40.0,60.0,,,,,,,254.0,18.0,99.0,,,,0.0,0.0,,66.02,48.92,606.0,,,,,,,,,,154.0,116.0,9999.0,,9999.0,,,,9999.0,,,,,,1.0,,,,
1971,12,7,,,,,,,,,,0.0,,,,,0.0,0.0,,,32.0,,,,,,,,,,,,,-99.0,,-99.0,,,,-99.0,,,,,,,,,,
1971,12,8,,,,,,,,,,,,,,,,,,,,,,,,,,,,,,,,99.0,,99.0,,,,99.0,,,,,,99.0,,,,
1971,12,9,70.0,80.0,,,,,,,2348.0,0.0,70.0,,,,0.0,0.0,,60.980000000000004,44.06,420.0,,,,270.0,270.0,,,,,123.0,76.0,-9999.0,,-9999.0,,,,-9999.0,,,,,,1.0,,,,
1971,12,10,,,,,,,,,,,,,,,0.0,0.0,,32.0,32.0,,,,,,,,,,,,,-9.0,,-9.0,,,,-9.0,,,,,,,,,,
1971,12,11,10.0,0.0,,,,,,,230.0,8.0,100.0,,,,0.0,0.0,,60.980000000000004,46.04,606.0,,,,,,,,,,159.0,85.0,999.0,,999.0,,,,999.0,,,,,,1.0,,,,
1971,12,12,,,,,,,,,,0.0,,,,,0.0,0.0,,,,,,,,,,,,,,,,-999.0,,-999.0,,,,-999.0,,,,,,,,,,
1971,12,14,10.0,20.0,,,,,,,1336.0,0.0,87.0,,,,0.0,0.0,,59.0,41.0,522.0,,,,,,,,,,87.0,67.0,9999.0,,9999.0,,,,9999.0,,,,,,9999.0,,,,
1971,12,15,,,,,,,,,,0.0,,,,,0.0,0.0,,,32.0,,,,,,,,,,,,,-99.0,,-99.0,,,,-99.0,,,,,,,,,,
1971,12,16,,,,,,,,,,,,,,,,,,,,,,,,,,,,,,,,99.0,,99.0,,,,99.0,,,,,,,,,,
1971,12,17,20.0,30.0,,,,,,,1412.0,0.0,86.0,,,,0.0,0.0,,59.0,46.04,522.0,,,,270.0,270.0,,,,,87.0,67.0,-9999.0,,-9999.0,,,,-9999.0,,,,,,-9999.0,,,,
1971,12,18,,,,,,,,,,0.0,,,,,0.0,0.0,,32.0,32.0,,,,,,,,,,,,,-9.0,,-9.0,,,,-9.0,,,,,,-9.0,,,,
1971,12,19,10.0,0.0,,,,,,,348.0,0.0,100.0,,,,0.0,0.0,,60.980000000000004,41.0,600.0,,,,,,,,,,93.0,67.0,999.0,,999.0,,,,999.0,,,,,,999.0,,,,
1971,12,20,,,,,,,,,,,,,,,0.0,0.0,,,,,,,,,,,,,,,,,,-999.0,,,,-999.0,,,,,,,,,,
1971,12,22,10.0,0.0,,,,,,,1518.0,0.0,100.0,,,,0.0,0.0,,59.0,41.0,600.0,,,,,,,,,,72.0,49.0,9999.0,,9999.0,,,,9999.0,,,,,,9999.0,,,,
1971,12,23,,,,,,,,,,0.0,,,,,0.0,0.0,,,32.0,,,,,,,,,,,,,-99.0,,-99.0,,,,-99.0,,,,,,-99.0,,,,
1971,12,24,,,,,,,,,,,,,,,,,,,,,,,,,,,,,,,,99.0,,99.0,,,,99.0,,,,,,99.0,,,,
1971,12,25,0.0,0.0,,,,,,,742.0,0.0,100.0,,,,0.0,0.0,,64.94,44.06,600.0,,,,360.0,270.0,,,,,87.0,58.0,-9999.0,,-9999.0,,,,-9999.0,,,,,,-9999.0,,,,
1971,12,26,,,,,,,,,,0.0,,,,,0.0,0.0,,32.0,32.0,,,,,,,,,,,,,-9.0,,-9.0,,,,,,,,,,-9.0,,,,
1971,12,27,70.0,100.0,,,,,,,418.0,0.0,24.0,,,,0.0,0.0,,62.959999999999994,42.08,144.0,,,,,,,,,,77.0,54.0,999.0,,999.0,,,,1.0,,,,,,999.0,,,,
1971,12,28,,,,,,,,,,0.0,,,,,0.0,0.0,,,,,,,,,,,,,,,,-999.0,,-999.0,,,,,,,,,,-999.0,,,,
1971,12,30,30.0,10.0,,,,,,,1306.0,0.0,90.0,,,,0.0,0.0,,62.959999999999994,48.02,540.0,,,,,,,,,,93.0,76.0,9999.0,,9999.0,,,,9999.0,,,,,,9999.0,,,,
1971,12,31,,,,,,,,,,0.0,,,,,0.0,0.0,,,32.0,,,,,,,,,,,,,,,-99.0,,,,,,,,,,-99.0,,,,
1972,1,1,20.0,0.0,,,,,,,1536.0,0.0,100.0,,,,0.0,0.0,,69.98,46.04,606.0,,,,315.0,315.0,,,,,72.0,58.0,-9999.0,-9999.0,,,,,-9999.0,,,,,,-9999.0,,,,
1972,1,2,,,,,,,,,,0.0,,,,,0.0,0.0,,32.0,32.0,,,,,,,,,,,,,-9.0,-9.0,,,,,-9.0,,,,,,-9.0,,,,
1972,1,3,0.0,0.0,,,,,,,930.0,0.0,100.0,,,,0.0,0.0,,69.08,44.06,606.0,,,,,,,,,,67.0,40.0,999.0,999.0,,,,,999.0,,,,,,999.0,,,,
1972,1,4,,,,,,,,,,0.0,,,,,0.0,0.0,,,,,,,,,,,,,,,,-999.0,-999.0,,,,,-999.0,,,,,,-999.0,,,,
1972,1,6,0.0,0.0,,,,,,,1106.0,0.0,100.0,,,,0.0,0.0,,64.04,42.08,606.0,,,,,,,,,,77.0,49.0,9999.0,9999.0,,,,,9999.0,,,,,,9999.0,,,,
1972,1,7,,,,,,,,,,0.0,,,,,0.0,0.0,,,32.0,,,,,,,,,,,,,-99.0,-99.0,,,,,-99.0,,,,,,-99.0,,,,
1972,1,8,,,,,,,,,,,,,,,,,,,,,,,,,,,,,,,,99.0,99.0,,,,,99.0,,,,,,99.0,,,,
1972,1,9,0.0,0.0,,,,,,,1330.0,0.0,100.0,,,,0.0,0.0,,71.06,39.92,606.0,,,,315.0,315.0,,,,,72.0,49.0,-9999.0,-9999.0,,,,,1.0,,,,,,-9999.0,,,,
1972,1,10,,,,,,,,,,0.0,,,,,0.0,0.0,,32.0,32.0,,,,,,,,,,,,,,-9.0,,,,,,,,,,,-9.0,,,,
1972,1,11,60.0,80.0,,,,,,,330.0,0.0,48.0,,,,0.0,0.0,,62.059999999999995,42.08,294.0,,,,,,,,,,57.0,40.0,1.0,999.0,,,,,1.0,,,,,,999.0,,,,
1972,1,12,,,,,,,,,,0.0,,,,,0.0,0.0,,,,,,,,,,,,,,,,,-999.0,,,,,,,,,,,-999.0,,,,
1972,1,14,10.0,10.0,,,,,,,1406.0,0.0,100.0,,,,0.0,0.0,,60.980000000000004,42.08,606.0,,,,,,,,,,82.0,63.0,9999.0,9999.0,,,,,1.0,,,,,,9999.0,,,,
1972,1,15,,,,,,,,,,0.0,,,,,0.0,0.0,,,32.0,,,,,,,,,,,,,,-99.0,,,,,,,,,,,-99.0,,,,
1972,1,16,,,,,,,,,,,,,,,,,,,,,,,,,,,,,,,,,99.0,,,,,,,,,,,99.0,,,,
1972,1,17,20.0,0.0,,,,,,,1412.0,0.0,98.0,,,,0.0,0.0,,69.98,42.08,594.0,,,,315.0,315.0,,,,,87.0,63.0,1.0,1.0,,,,,1.0,,,,,,-9999.0,,,,
1972,1,18,,,,,,,,,,0.0,,,,,0.0,0.0,,32.0,32.0,,,,,,,,,,,,,,,,,,,,,,,,,-9.0,,,,
1972,1,19,70.0,70.0,,,,,,,342.0,0.0,88.0,,,,0.0,0.0,,60.980000000000004,42.08,534.0,,,,,,,,,,62.0,36.0,1.0,1.0,,,,,1.0,,,,,,999.0,,,,
1972,1,20,,,,,,,,,,0.0,,,,,0.0,0.0,,,,,,,,,,,,,,,,,,,,,,,,,,,,-999.0,,,,
1972,1,22,50.0,50.0,,,,,,,1354.0,0.0,69.0,,,,0.0,0.0,,64.94,48.92,420.0,,,,,,,,,,82.0,67.0,1.0,9999.0,,,,,1.0,,,,,,9999.0,,,,
1972,1,23,,,,,,,,,,0.0,,,,,0.0,0.0,,,32.0,,,,,,,,,,,,,,-99.0,,,,,,,,,,,-99.0,,,,
1972,1,24,,,,,,,,,,,,,,,,,,,,,,,,,,,,,,,,99.0,99.0,,,,,,,,,,,99.0,,,,
1972,1,25,30.0,0.0,,,,,,,1630.0,0.0,98.0,,,,0.0,0.0,,69.98,46.94,606.0,,,,180.0,180.0,,,,,67.0,40.0,1.0,1.0,,,,,-9999.0,,,,,,-9999.0,,,,
1972,1,26,,,,,,,,,,0.0,,,,,0.0,0.0,,32.0,32.0,,,,,,,,,,,,,,,,,,,,,,,,,-9.0,,,,
1972,1,27,70.0,50.0,,,,,,,236.0,0.0,71.0,,,,0.0,0.0,,59.0,44.06,438.0,,,,,,,,,,72.0,54.0,1.0,1.0,,,,,1.0,,,,,,999.0,,,,
1972,1,28,,,,,,,,,,0.0,,,,,0.0,0.0,,,,,,,,,,,,,,,,,,,,,,,,,,,,-999.0,,,,
1972,1,30,70.0,70.0,,,,,,,1342.0,0.0,72.0,,,,0.0,0.0,,60.08,51.08,444.0,,,,,,,,,,82.0,45.0,9999.0,9999.0,,,,,1.0,,,,,,9999.0,,,,
1972,1,31,,,,,,,,,,0.0,,,,,0.0,0.0,,,,,,,,,,,,,,,,-99.0,-99.0,,,,,,,,,,,-99.0,,,,
1972,2,1,90.0,100.0,,,,,,,1318.0,0.0,51.0,,,,0.0,0.0,,62.059999999999995,44.96,324.0,,,,180.0,180.0,,,,,118.0,49.0,-9999.0,-9999.0,,,,,-9999.0,,,,,,1.0,,,,
1972,2,2,,,,,,,,,,,,,,,0.0,0.0,,32.0,32.0,,,,,,,,,,,,,-9.0,-9.0,,,,,-9.0,,,,,,,,,,
1972,2,3,70.0,90.0,,,,,,,318.0,0.0,88.0,,,,0.0,0.0,,64.94,48.92,564.0,,,,,,,,,,82.0,63.0,999.0,999.0,,,,,999.0,,,,,,999.0,,,,
1972,2,4,,,,,,,,,,0.0,,,,,0.0,0.0,,,,,,,,,,,,,,,,-999.0,-999.0,,,,,-999.0,,,,,,-999.0,,,,
1972,2,6,100.0,90.0,,,,,,,1406.0,0.0,43.0,,,,0.0,0.0,,64.94,46.94,276.0,,,,,,,,,,72.0,49.0,9999.0,9999.0,,,,,9999.0,,,,,,9999.0,,,,
1972,2,7,,,,,,,,,,0.0,,,,,0.0,0.0,,,,,,,,,,,,,,,,,-99.0,,,,,-99.0,,,,,,,,,,
1972,2,8,,,,,,,,,,,,,,,,,,,,,,,,,,,,,,,,,99.0,,,,,99.0,,,,,,,,,,
1972,2,9,70.0,70.0,,,,,,,1612.0,0.0,54.0,,,,0.0,0.0,,62.959999999999994,53.96,348.0,,,,315.0,315.0,,,,,103.0,80.0,1.0,-9999.0,,,,,-9999.0,,,,,,1.0,,,,
1972,2,10,,,,,,,,,,,,,,,0.0,0.0,,32.0,32.0,,,,,,,,,,,,,,-9.0,,,,,,,,,,,,,,,
1972,2,11,30.0,30.0,,,,,,,448.0,0.0,92.0,,,,0.0,0.0,,64.04,48.02,600.0,,,,,,,,,,103.0,80.0,1.0,999.0,,,,,1.0,,,,,,999.0,,,,
1972,2,12,,,,,,,,,,0.0,,,,,0.0,0.0,,,,,,,,,,,,,,,,,,,,,,,,,,,,-999.0,,,,
1972,2,13,,,,,,,,,,,,,,,,,,,,,,,,,,,,,,,,,,,,,,9.0,,,,,,,,,,
1972,2,14,80.0,90.0,,,,,,,1306.0,0.0,68.0,,,,0.0,0.0,,69.98,53.96,444.0,,,,,,,,,,82.0,58.0,9999.0,9999.0,,,,,1.0,,,,,,9999.0,,,,
1972,2,15,,,,,,,,,,0.0,,,,,0.0,0.0,,,32.0,,,,,,,,,,,,,,-99.0,,,,,,,,,,,-99.0,,,,
1972,2,16,,,,,,,,,,,,,,,,,,,,,,,,,,,,,,,,,99.0,,,,,,,,,,,99.0,,,,
1972,2,17,20.0,10.0,,,,,,,1554.0,0.0,100.0,,,,0.0,0.0,,75.02,48.92,654.0,,,,315.0,315.0,,,,,82.0,63.0,-9999.0,-9999.0,,,,,1.0,,,,,,-9999.0,,,,
1972,2,18,,,,,,,,,,0.0,,,,,0.0,0.0,,32.0,32.0,,,,,,,,,,,,,-9.0,-9.0,,,,,,,,,,,-9.0,,,,
1972,2,19,10.0,20.0,,,,,,,424.0,0.0,100.0,,,,0.0,0.0,,75.02,48.02,654.0,,,,,,,,,,82.0,63.0,999.0,999.0,,,,,999.0,,,,,,999.0,,,,
1972,2,20,,,,,,,,,,0.0,,,,,0.0,0.0,,,,,,,,,,,,,,,,-999.0,-999.0,,,,,-999.0,,,,,,-999.0,,,,
1972,2,22,40.0,60.0,,,,,,,1454.0,0.0,72.0,,,,0.0,0.0,,60.980000000000004,48.92,480.0,,,,,,,,,,93.0,67.0,9999.0,9999.0,,,,,9999.0,,,,,,9999.0,,,,
1972,2,23,,,,,,,,,,0.0,,,,,0.0,0.0,,,,,,,,,,,,,,,,-99.0,-99.0,,,,,,,,,,,-99.0,,,,
1972,2,24,,,,,,,,,,,,,,,,,,,,,,,,,,,,,,,,99.0,99.0,,,,,,,,,,,99.0,,,,
1972,2,25,60.0,60.0,,,,,,,1442.0,0.0,88.0,,,,0.0,0.0,,64.94,51.08,588.0,,,,315.0,315.0,,,,,77.0,54.0,1.0,-9999.0,,,,,1.0,,,,,,-9999.0,,,,
1972,2,26,,,,,,,,,,0.0,,,,,0.0,0.0,,32.0,32.0,,,,,,,,,,,,,,,,,,,,,,,,,-9.0,,,,
1972,2,27,50.0,40.0,,,,,,,242.0,0.0,93.0,,,,0.0,0.0,,62.959999999999994,46.94,624.0,,,,,,,,,,93.0,58.0,1.0,1.0,,,,,1.0,,,,,,999.0,,,,
1972,2,28,,,,,,,,,,0.0,,,,,0.0,0.0,,,,,,,,,,,,,,,,,,,,,,,,,,,,-999.0,,,,
1972,2,30,80.0,80.0,,,,,,,1454.0,0.0,66.0,,,,0.0,0.0,,66.02,53.96,438.0,,,,,,,,,,103.0,85.0,1.0,9999.0,,,,,1.0,,,,,,9999.0,,,,
1972,2,31,,,,,,,,,,0.0,,,,,0.0,0.0,,,,,,,,,,,,,,,,,,,,,,,,,,,,-99.0,,,,
1972,3,1,50.0,20.0,,,,,,,1424.0,0.0,96.0,,,,0.0,0.0,,69.98,57.02,666.0,,,,315.0,315.0,,,,,87.0,76.0,-9999.0,-9999.0,,,,,1.0,,,,,,-9999.0,,,,
1972,3,2,,,,,,,,,,0.0,,,,,0.0,0.0,,32.0,32.0,,,,,,,,,,,,,-9.0,-9.0,,,,,,,,,,,-9.0,,,,
1972,3,3,20.0,40.0,,,,,,,300.0,0.0,100.0,,,,0.0,0.0,,73.94,53.06,690.0,,,,,,,,,,72.0,72.0,999.0,999.0,,,,,1.0,,,,,,999.0,,,,
1972,3,4,,,,,,,,,,0.0,,,,,0.0,0.0,,,,,,,,,,,,,,,,-999.0,-999.0,,,,,,,,,,,-999.0,,,,
1972,3,5,,,,,,,,,,,,,,,,,,,,,,,,,,,,,,,,9.0,,,,,,,,,,,,,,,,
1972,3,6,70.0,60.0,,,,,,,1224.0,0.0,64.0,,,,0.0,0.0,,64.04,55.94,444.0,,,,,,,,,,82.0,45.0,1.0,9999.0,,,,,1.0,,,,,,9999.0,,,,
1972,3,7,,,,,,,,,,0.0,,,,,0.0,0.0,,,,,,,,,,,,,,,,,,,,,,,,,,,,-99.0,,,,
1972,3,8,,,,,,,,,,,,,,,,,,,,,,,,,,,,,,,,,,,,,,,,,,,,99.0,,,,
1972,3,9,100.0,100.0,,,,,,,1012.0,0.0,0.0,,,,0.0,0.0,,60.08,55.04,0.0,,,,315.0,270.0,,,,,82.0,40.0,1.0,-9999.0,,,,,1.0,,,,,,1.0,,,,
1972,3,10,,,,,,,,,,,,,,,0.0,0.0,,32.0,32.0,,,,,,,,,,,,,,-9.0,,,,,,,,,,,,,,,
1972,3,11,80.0,60.0,,,,,,,618.0,0.0,51.0,,,,0.0,0.0,,64.94,55.04,354.0,,,,,,,,,,72.0,54.0,999.0,999.0,,,,,1.0,,,,,,999.0,,,,
1972,3,12,,,,,,,,,,0.0,,,,,0.0,0.0,,,,,,,,,,,,,,,,-999.0,-999.0,,,,,,,,,,,-999.0,,,,
1972,3,13,,,,,,,,,,,,,,,,,,,,,,,,,,,,,,,,,,,,,,9.0,,,,,,,,,,
1972,3,14,80.0,90.0,,,,,,,1312.0,0.0,11.0,,,,0.0,0.0,,62.059999999999995,55.04,78.0,,,,,,,,,,82.0,67.0,9999.0,9999.0,,,,,1.0,,,,,,9999.0,,,,
1972,3,15,,,,,,,,,,0.0,,,,,0.0,0.0,,,,,,,,,,,,,,,,-99.0,-99.0,,,,,,,,,,,-99.0,,,,
1972,3,16,,,,,,,,,,,,,,,,,,,,,,,,,,,,,,,,99.0,99.0,,,,,,,,,,,99.0,,,,
1972,3,17,70.0,50.0,,,,,,,1512.0,0.0,71.0,,,,0.0,0.0,,68.0,55.94,504.0,,,,270.0,315.0,,,,,72.0,54.0,1.0,-9999.0,,,,,1.0,,,,,,-9999.0,,,,
1972,3,18,,,,,,,,,,0.0,,,,,0.0,0.0,,32.0,32.0,,,,,,,,,,,,,,-9.0,,,,,,,,,,,-9.0,,,,
1972,3,19,90.0,80.0,,,,,,,42.0,0.0,60.0,,,,0.0,0.0,,62.959999999999994,53.96,426.0,,,,,,,,,,67.0,40.0,1.0,999.0,,,,,1.0,,,,,,999.0,,,,
1972,3,20,,,,,,,,,,0.0,,,,,0.0,0.0,,,,,,,,,,,,,,,,,-999.0,,,,,,,,,,,-999.0,,,,
1972,3,22,100.0,100.0,,,,,,,1454.0,0.0,53.0,,,,0.0,0.0,,64.04,57.02,378.0,,,,,,,,,,93.0,40.0,9999.0,9999.0,,,,,1.0,,,,,,9999.0,,,,
1972,3,23,,,,,,,,,,0.0,,,,,0.0,0.0,,,,,,,,,,,,,,,,-99.0,-99.0,,,,,,,,,,,-99.0,,,,
1972,3,24,,,,,,,,,,,,,,,,,,,,,,,,,,,,,,,,99.0,99.0,,,,,,,,,,,99.0,,,,
1972,3,25,100.0,100.0,,,,,,,1612.0,0.0,47.0,,,,0.0,0.0,,64.04,55.94,342.0,,,,315.0,270.0,,,,,62.0,45.0,-9999.0,-9999.0,,,,,1.0,,,,,,-9999.0,,,,
1972,3,26,,,,,,,,,,0.0,,,,,0.0,0.0,,32.0,32.0,,,,,,,,,,,,,,-9.0,,,,,,,,,,,-9.0,,,,
1972,3,27,100.0,100.0,,,,,,,542.0,0.0,0.0,,,,0.0,0.0,,60.08,55.04,0.0,,,,,,,,,,62.0,40.0,1.0,999.0,,,,,1.0,,,,,,999.0,,,,
1972,3,28,,,,,,,,,,0.0,,,,,0.0,0.0,,,,,,,,,,,,,,,,,-999.0,,,,,,,,,,,,,,,
1972,3,30,90.0,80.0,,,,,,,1706.0,0.0,59.0,,,,0.0,0.0,,64.04,57.92,426.0,,,,,,,,,,77.0,63.0,9999.0,9999.0,,,,,1.0,,,,,,9999.0,,,,
1972,3,31,,,,,,,,,,0.0,,,,,0.0,0.0,,,,,,,,,,,,,,,,-99.0,-99.0,,,,,,,,,,,-99.0,,,,
1972,4,1,30.0,40.0,,,,,,,1636.0,0.0,99.0,,,,0.0,0.0,,73.94,53.96,744.0,,,,270.0,315.0,,,,,67.0,54.0,-9999.0,,,,,,1.0,,,,,,-9999.0,,,,
1972,4,2,,,,,,,,,,0.0,,,,,0.0,0.0,,32.0,32.0,,,,,,,,,,,,,-9.0,,,,,,,,,,,,-9.0,,,,
1972,4,3,50.0,60.0,,,,,,,642.0,0.0,92.0,,,,0.0,0.0,,71.96,55.94,696.0,,,,,,,,,,72.0,63.0,999.0,,,,,,1.0,,,,,,999.0,,,,
1972,4,4,,,,,,,,,,0.0,,,,,0.0,0.0,,,,,,,,,,,,,,,,-999.0,,,,,,,,,,,,-999.0,,,,
1972,4,6,100.0,100.0,,,,,,,1100.0,0.0,61.0,,,,0.0,0.0,,73.94,57.02,468.0,,,,,,,,,,82.0,63.0,9999.0,,,,,,1.0,,,,,,9999.0,,,,
1972,4,7,,,,,,,,,,0.0,,,,,0.0,0.0,,,,,,,,,,,,,,,,-99.0,,,,,,,,,,,,-99.0,,,,
1972,4,8,,,,,,,,,,,,,,,,,,,,,,,,,,,,,,,,99.0,,,,,,,,,,,,99.0,,,,
1972,4,9,40.0,30.0,,,,,,,1318.0,0.0,75.0,,,,0.0,0.0,,71.06,57.92,576.0,,,,315.0,315.0,,,,,108.0,76.0,-9999.0,,,,,,-9999.0,,,,,,-9999.0,,,,
1972,4,10,,,,,,,,,,0.0,,,,,0.0,0.0,,32.0,32.0,,,,,,,,,,,,,-9.0,,,,,,-9.0,,,,,,-9.0,,,,
1972,4,11,30.0,20.0,,,,,,,412.0,0.0,86.0,,,,0.0,0.0,,71.06,55.94,660.0,,,,,,,,,,82.0,63.0,999.0,,,,,,999.0,,,,,,999.0,,,,
1972,4,12,,,,,,,,,,0.0,,,,,0.0,0.0,,,,,,,,,,,,,,,,-999.0,,,,,,,,,,,,-999.0,,,,
1972,4,14,80.0,80.0,,,,,,,1418.0,0.0,84.0,,,,0.0,0.0,,71.06,55.94,642.0,,,,,,,,,,87.0,63.0,9999.0,,,,,,1.0,,,,,,9999.0,,,,
1972,4,15,,,,,,,,,,0.0,,,,,0.0,0.0,,,,,,,,,,,,,,,,-99.0,,,,,,,,,,,,,,,,
1972,4,16,,,,,,,,,,,,,,,,,,,,,,,,,,,,,,,,99.0,,,,,,99.0,,,,,,,,,,
1972,4,17,80.0,100.0,,,,,,,1424.0,0.0,29.0,,,,0.0,0.0,,69.98,57.02,222.0,,,,315.0,270.0,,,,,77.0,67.0,-9999.0,,,,,,-9999.0,,,,,,1.0,,,,
1972,4,18,,,,,,,,,,,,,,,0.0,0.0,,32.0,32.0,,,,,,,,,,,,,-9.0,,,,,,-9.0,,,,,,,,,,
1972,4,19,50.0,40.0,,,,,,,412.0,0.0,94.0,,,,0.0,0.0,,69.08,57.02,726.0,,,,,,,,,,103.0,85.0,999.0,,,,,,999.0,,,,,,999.0,,,,
1972,4,20,,,,,,,,,,0.0,,,,,0.0,0.0,,,,,,,,,,,,,,,,-999.0,,,,,,-999.0,,,,,,,,,,
1972,4,22,0.0,0.0,,,,,,,1442.0,0.0,100.0,,,,0.0,0.0,,68.0,50.0,780.0,,,,,,,,,,113.0,80.0,9999.0,,,,,,9999.0,,,,,,9999.0,,,,
1972,4,23,,,,,,,,,,0.0,,,,,0.0,0.0,,,,,,,,,,,,,,,,-99.0,,,,,,-99.0,,,,,,-99.0,,,,
1972,4,24,,,,,,,,,,,,,,,,,,,,,,,,,,,,,,,,99.0,,,,,,99.0,,,,,,99.0,,,,
1972,4,25,10.0,0.0,,,,,,,1124.0,0.0,100.0,,,,0.0,0.0,,68.0,53.06,780.0,,,,315.0,315.0,,,,,98.0,80.0,-9999.0,,,,,,-9999.0,,,,,,-9999.0,,,,
1972,4,26,,,,,,,,,,0.0,,,,,0.0,0.0,,32.0,32.0,,,,,,,,,,,,,-9.0,,,,,,-9.0,,,,,,,,,,
1972,4,27,100.0,90.0,,,,,,,212.0,,38.0,,,,0.0,0.0,,62.959999999999994,55.94,300.0,,,,,,,,,,93.0,58.0,999.0,,,,,,999.0,,,,,,1.0,,,,
1972,4,28,,,,,,,,,,0.0,,,,,0.0,0.0,,,,,,,,,,,,,,,,-999.0,,,,,,-999.0,,,,,,,,,,
1972,4,30,50.0,60.0,,,,,,,1636.0,0.0,63.0,,,,0.0,0.0,,62.959999999999994,51.98,498.0,,,,,,,,,,144.0,112.0,9999.0,,,,,,9999.0,,,,,,9999.0,,,,
1972,4,31,,,,,,,,,,0.0,,,,,0.0,0.0,,,32.0,,,,,,,,,,,,,-99.0,,,,,,-99.0,,,,,,-99.0,,,,
1972,5,1,40.0,30.0,,,,,,,1342.0,0.0,100.0,,,,0.0,0.0,,69.98,55.94,810.0,,,,225.0,225.0,,,,,77.0,49.0,-9999.0,-9999.0,,,,,1.0,,,,,,-9999.0,,,,
1972,5,2,,,,,,,,,,0.0,,,,,0.0,0.0,,32.0,32.0,,,,,,,,,,,,,-9.0,-9.0,,,,,,,,,,,-9.0,,,,
1972,5,3,60.0,40.0,,,,,,,442.0,0.0,75.0,,,,0.0,0.0,,69.98,57.92,606.0,,,,,,,,,,82.0,58.0,999.0,999.0,,,,,1.0,,,,,,999.0,,,,
1972,5,4,,,,,,,,,,0.0,,,,,0.0,0.0,,,,,,,,,,,,,,,,-999.0,-999.0,,,,,,,,,,,-999.0,,,,
1972,5,6,90.0,80.0,,,,,,,1148.0,0.0,43.0,,,,0.0,0.0,,66.02,59.0,348.0,,,,,,,,,,82.0,49.0,9999.0,9999.0,,,,,9999.0,,,,,,9999.0,,,,
1972,5,7,,,,,,,,,,0.0,,,,,0.0,0.0,,,,,,,,,,,,,,,,-99.0,-99.0,,,,,-99.0,,,,,,-99.0,,,,
1972,5,8,,,,,,,,,,,,,,,,,,,,,,,,,,,,,,,,99.0,99.0,,,,,99.0,,,,,,99.0,,,,
1972,5,9,90.0,90.0,,,,,,,1418.0,0.0,39.0,,,,0.0,0.0,,66.02,59.0,318.0,,,,270.0,315.0,,,,,108.0,76.0,-9999.0,-9999.0,,,,,-9999.0,,,,,,-9999.0,,,,
1972,5,10,,,,,,,,,,0.0,,,,,0.0,0.0,,32.0,32.0,,,,,,,,,,,,,-9.0,-9.0,,,,,-9.0,,,,,,-9.0,,,,
1972,5,11,50.0,50.0,,,,,,,500.0,0.0,57.0,,,,0.0,0.0,,64.04,57.92,462.0,,,,,,,,,,93.0,54.0,999.0,999.0,,,,,999.0,,,,,,999.0,,,,
1972,5,12,,,,,,,,,,0.0,,,,,0.0,0.0,,,,,,,,,,,,,,,,-999.0,-999.0,,,,,-999.0,,,,,,,,,,
1972,5,14,80.0,70.0,,,,,,,1536.0,0.0,47.0,,,,0.0,0.0,,69.08,60.08,384.0,,,,,,,,,,93.0,67.0,9999.0,9999.0,,,,,9999.0,,,,,,9999.0,,,,
1972,5,15,,,,,,,,,,0.0,,,,,0.0,0.0,,,,,,,,,,,,,,,,-99.0,-99.0,,,,,-99.0,,,,,,-99.0,,,,
1972,5,16,,,,,,,,,,,,,,,,,,,,,,,,,,,,,,,,99.0,99.0,,,,,99.0,,,,,,99.0,,,,
1972,5,17,30.0,40.0,,,,,,,1254.0,0.0,72.0,,,,0.0,0.0,,71.06,60.08,588.0,,,,270.0,270.0,,,,,93.0,67.0,-9999.0,-9999.0,,,,,1.0,,,,,,-9999.0,,,,
1972,5,18,,,,,,,,,,0.0,,,,,0.0,0.0,,32.0,32.0,,,,,,,,,,,,,,-9.0,,,,,,,,,,,-9.0,,,,
1972,5,19,40.0,40.0,,,,,,,312.0,0.0,75.0,,,,0.0,0.0,,78.08,60.08,618.0,,,,,,,,,,87.0,72.0,1.0,999.0,,,,,1.0,,,,,,999.0,,,,
1972,5,20,,,,,,,,,,0.0,,,,,0.0,0.0,,,,,,,,,,,,,,,,,,,,,,,,,,,,-999.0,,,,
1972,5,22,70.0,60.0,,,,,,,1242.0,0.0,81.0,,,,0.0,0.0,,71.96,60.08,672.0,,,,,,,,,,87.0,63.0,1.0,9999.0,,,,,1.0,,,,,,9999.0,,,,
1972,5,23,,,,,,,,,,0.0,,,,,0.0,0.0,,,,,,,,,,,,,,,,,-99.0,,,,,,,,,,,-99.0,,,,
1972,5,24,,,,,,,,,,,,,,,,,,,,,,,,,,,,,,,,,99.0,,,,,,,,,,,99.0,,,,
1972,5,25,100.0,100.0,,,,,,,1606.0,0.0,54.0,,,,0.0,0.0,,69.98,59.0,450.0,,,,225.0,225.0,,,,,82.0,49.0,-9999.0,-9999.0,,,,,1.0,,,,,,-9999.0,,,,
1972,5,26,,,,,,,,,,0.0,,,,,0.0,0.0,,32.0,32.0,,,,,,,,,,,,,-9.0,-9.0,,,,,,,,,,,-9.0,,,,
1972,5,27,70.0,50.0,,,,,,,30.0,0.0,61.0,,,,0.0,0.0,,68.0,59.0,510.0,,,,,,,,,,87.0,54.0,999.0,999.0,,,,,999.0,,,,,,999.0,,,,
1972,5,28,,,,,,,,,,0.0,,,,,0.0,0.0,,,,,,,,,,,,,,,,-999.0,-999.0,,,,,,,,,,,,,,,
1972,5,30,90.0,100.0,,,,,,,1730.0,13.0,39.0,,,,0.0,0.0,,66.02,55.04,324.0,,,,,,,,,,123.0,85.0,9999.0,9999.0,,,,,9999.0,,,,,,1.0,,,,
1972,5,31,,,,,,,,,,0.0,,,,,0.0,0.0,,,,,,,,,,,,,,,,-99.0,-99.0,,,,,-99.0,,,,,,,,,,
1972,6,1,80.0,60.0,,,,,,,1112.0,0.0,64.0,,,,0.0,0.0,,73.04,62.959999999999994,546.0,,,,225.0,180.0,,,,,77.0,54.0,-9999.0,,-9999.0,,,,1.0,,,,,,-9999.0,,,,
1972,6,2,,,,,,,,,,0.0,,,,,0.0,0.0,,32.0,32.0,,,,,,,,,,,,,-9.0,,-9.0,,,,,,,,,,-9.0,,,,
1972,6,3,80.0,90.0,,,,,,,306.0,0.0,32.0,,,,0.0,0.0,,69.08,62.059999999999995,270.0,,,,,,,,,,72.0,54.0,999.0,,999.0,,,,1.0,,,,,,999.0,,,,
1972,6,4,,,,,,,,,,0.0,,,,,0.0,0.0,,,,,,,,,,,,,,,,-999.0,,-999.0,,,,,,,,,,-999.0,,,,
1972,6,6,100.0,90.0,,,,,,,1448.0,0.0,17.0,,,,0.0,0.0,,71.06,64.04,144.0,,,,,,,,,,72.0,49.0,9999.0,,9999.0,,,,1.0,,,,,,9999.0,,,,
1972,6,7,,,,,,,,,,0.0,,,,,0.0,0.0,,,,,,,,,,,,,,,,,,-99.0,,,,,,,,,,,,,,
1972,6,8,,,,,,,,,,,,,,,,,,,,,,,,,,,,,,,,,,99.0,,,,,,,,,,,,,,
1972,6,9,100.0,100.0,,,,,,,1736.0,3.0,1.0,,,,0.0,0.0,,69.08,62.959999999999994,12.0,,,,270.0,180.0,,,,,67.0,49.0,1.0,,-9999.0,,,,1.0,,,,,,1.0,,,,
1972,6,10,,,,,,,,,,0.0,,,,,0.0,0.0,,32.0,32.0,,,,,,,,,,,,,,,-9.0,,,,,,,,,,,,,,
1972,6,11,100.0,100.0,,,,,,,624.0,,0.0,,,,0.0,0.0,,66.92,62.059999999999995,0.0,,,,,,,,,,67.0,40.0,1.0,,999.0,,,,1.0,,,,,,1.0,,,,
1972,6,12,,,,,,,,,,0.0,,,,,0.0,0.0,,,,,,,,,,,,,,,,,,-999.0,,,,,,,,,,,,,,
1972,6,13,,,,,,,,,,,,,,,,,,,,,,,,,,,,,,,,9.0,,,,,,,,,,,,,,,,
1972,6,14,100.0,100.0,,,,,,,2330.0,8.0,0.0,,,,0.0,0.0,,68.0,62.059999999999995,0.0,,,,,,,,,,62.0,49.0,1.0,,9999.0,,,,9999.0,,,,,,1.0,,,,
1972,6,15,,,,,,,,,,0.0,,,,,0.0,0.0,,,,,,,,,,,,,,,,,,-99.0,,,,-99.0,,,,,,,,,,
1972,6,16,,,,,,,,,,,,,,,,,,,,,,,,,,,,,,,,,,99.0,,,,99.0,,,,,,,,,,
1972,6,17,0.0,0.0,,,,,,,1348.0,0.0,100.0,,,,0.0,0.0,,77.0,62.059999999999995,858.0,,,,270.0,270.0,,,,,98.0,76.0,-9999.0,,-9999.0,,,,1.0,,,,,,-9999.0,,,,
1972,6,18,,,,,,,,,,0.0,,,,,0.0,0.0,,32.0,32.0,,,,,,,,,,,,,-9.0,,-9.0,,,,,,,,,,-9.0,,,,
1972,6,19,30.0,20.0,,,,,,,730.0,0.0,100.0,,,,0.0,0.0,,71.96,62.959999999999994,858.0,,,,,,,,,,82.0,49.0,999.0,,999.0,,,,1.0,,,,,,999.0,,,,
1972,6,20,,,,,,,,,,0.0,,,,,0.0,0.0,,,,,,,,,,,,,,,,-999.0,,-999.0,,,,,,,,,,-999.0,,,,
1972,6,22,30.0,30.0,,,,,,,1230.0,0.0,80.0,,,,0.0,0.0,,71.96,62.059999999999995,690.0,,,,,,,,,,77.0,54.0,9999.0,,9999.0,,,,1.0,,,,,,9999.0,,,,
1972,6,23,,,,,,,,,,0.0,,,,,0.0,0.0,,,,,,,,,,,,,,,,-99.0,,-99.0,,,,,,,,,,-99.0,,,,
1972,6,24,,,,,,,,,,,,,,,,,,,,,,,,,,,,,,,,99.0,,99.0,,,,,,,,,,99.0,,,,
1972,6,25,80.0,70.0,,,,,,,1206.0,0.0,63.0,,,,0.0,0.0,,71.06,64.04,546.0,,,,225.0,225.0,,,,,77.0,54.0,-9999.0,,-9999.0,,,,1.0,,,,,,-9999.0,,,,
1972,6,26,,,,,,,,,,0.0,,,,,0.0,0.0,,32.0,32.0,,,,,,,,,,,,,-9.0,,-9.0,,,,,,,,,,-9.0,,,,
1972,6,27,90.0,80.0,,,,,,,424.0,0.0,52.0,,,,0.0,0.0,,71.06,62.959999999999994,444.0,,,,,,,,,,82.0,49.0,999.0,,999.0,,,,1.0,,,,,,999.0,,,,
1972,6,28,,,,,,,,,,0.0,,,,,0.0,0.0,,,,,,,,,,,,,,,,-999.0,,-999.0,,,,,,,,,,-999.0,,,,
1972,6,29,,,,,,,,,,,,,,,,,,,,,,,,,,,,,,,,,,,,,,9.0,,,,,,,,,,
1972,6,30,50.0,30.0,,,,,,,1212.0,0.0,81.0,,,,0.0,0.0,,73.04,62.959999999999994,690.0,,,,,,,,,,98.0,76.0,9999.0,,9999.0,,,,1.0,,,,,,9999.0,,,,
1972,6,31,,,,,,,,,,0.0,,,,,0.0,0.0,,,,,,,,,,,,,,,,-99.0,,,,,,,,,,,,,,,,
1972,7,1,60.0,50.0,,,,,,,1530.0,0.0,62.0,,,,0.0,0.0,,71.96,62.959999999999994,534.0,,,,225.0,225.0,,,,,72.0,49.0,-9999.0,,,,,,1.0,,,,,,-9999.0,,,,
1972,7,2,,,,,,,,,,0.0,,,,,0.0,0.0,,32.0,32.0,,,,,,,,,,,,,-9.0,,,,,,,,,,,,-9.0,,,,
1972,7,3,50.0,40.0,,,,,,,442.0,0.0,79.0,,,,0.0,0.0,,73.94,62.959999999999994,672.0,,,,,,,,,,87.0,67.0,999.0,,,,,,999.0,,,,,,999.0,,,,
1972,7,4,,,,,,,,,,0.0,,,,,0.0,0.0,,,,,,,,,,,,,,,,-999.0,,,,,,,,,,,,-999.0,,,,
1972,7,6,40.0,50.0,,,,,,,1106.0,0.0,91.0,,,,0.0,0.0,,75.92,62.959999999999994,774.0,,,,,,,,,,98.0,76.0,9999.0,,,,,,1.0,,,,,,9999.0,,,,
1972,7,7,,,,,,,,,,0.0,,,,,0.0,0.0,,,,,,,,,,,,,,,,-99.0,,,,,,,,,,,,,,,,
1972,7,8,,,,,,,,,,,,,,,,,,,,,,,,,,,,,,,,99.0,,,,,,99.0,,,,,,,,,,
1972,7,9,90.0,90.0,,,,,,,806.0,0.0,69.0,,,,0.0,0.0,,77.0,62.959999999999994,594.0,,,,135.0,315.0,,,,,87.0,58.0,1.0,,,,,,1.0,,,,,,-9999.0,,,,
1972,7,10,,,,,,,,,,0.0,,,,,0.0,0.0,,32.0,32.0,,,,,,,,,,,,,,,,,,,,,,,,,-9.0,,,,
1972,7,11,90.0,100.0,,,,,,,436.0,0.0,60.0,,,,0.0,0.0,,75.02,62.959999999999994,510.0,,,,,,,,,,67.0,49.0,1.0,,,,,,1.0,,,,,,999.0,,,,
1972,7,12,,,,,,,,,,0.0,,,,,0.0,0.0,,,,,,,,,,,,,,,,,,,,,,,,,,,,-999.0,,,,
1972,7,14,40.0,30.0,,,,,,,1600.0,0.0,80.0,,,,0.0,0.0,,78.08,66.92,678.0,,,,,,,,,,72.0,49.0,9999.0,,,,,,1.0,,,,,,9999.0,,,,
1972,7,15,,,,,,,,,,0.0,,,,,0.0,0.0,,,,,,,,,,,,,,,,-99.0,,,,,,,,,,,,-99.0,,,,
1972,7,16,,,,,,,,,,,,,,,,,,,,,,,,,,,,,,,,99.0,,,,,,,,,,,,99.0,,,,
1972,7,17,40.0,30.0,,,,,,,1436.0,0.0,81.0,,,,0.0,0.0,,78.98,66.92,690.0,,,,270.0,270.0,,,,,87.0,63.0,-9999.0,,,,,,1.0,,,,,,-9999.0,,,,
1972,7,18,,,,,,,,,,0.0,,,,,0.0,0.0,,32.0,32.0,,,,,,,,,,,,,-9.0,,,,,,,,,,,,-9.0,,,,
1972,7,19,50.0,40.0,,,,,,,306.0,0.0,81.0,,,,0.0,0.0,,78.08,66.92,690.0,,,,,,,,,,77.0,49.0,999.0,,,,,,1.0,,,,,,999.0,,,,
1972,7,20,,,,,,,,,,0.0,,,,,0.0,0.0,,,,,,,,,,,,,,,,-999.0,,,,,,,,,,,,-999.0,,,,
1972,7,22,100.0,100.0,,,,,,,1024.0,0.0,46.0,,,,0.0,0.0,,73.94,66.92,390.0,,,,,,,,,,108.0,63.0,9999.0,,,,,,1.0,,,,,,9999.0,,,,
1972,7,23,,,,,,,,,,0.0,,,,,0.0,0.0,,,,,,,,,,,,,,,,-99.0,,,,,,,,,,,,-99.0,,,,
1972,7,24,,,,,,,,,,,,,,,,,,,,,,,,,,,,,,,,99.0,,,,,,99.0,,,,,,99.0,,,,
1972,7,25,50.0,40.0,,,,,,,1218.0,0.0,75.0,,,,0.0,0.0,,78.98,68.0,636.0,,,,270.0,225.0,,,,,77.0,49.0,-9999.0,,,,,,1.0,,,,,,-9999.0,,,,
1972,7,26,,,,,,,,,,0.0,,,,,0.0,0.0,,32.0,32.0,,,,,,,,,,,,,-9.0,,,,,,,,,,,,-9.0,,,,
1972,7,27,50.0,40.0,,,,,,,200.0,0.0,82.0,,,,0.0,0.0,,78.08,68.0,690.0,,,,,,,,,,77.0,49.0,999.0,,,,,,999.0,,,,,,999.0,,,,
1972,7,28,,,,,,,,,,0.0,,,,,0.0,0.0,,,,,,,,,,,,,,,,-999.0,,,,,,-999.0,,,,,,-999.0,,,,
1972,7,30,90.0,80.0,,,,,,,1400.0,0.0,56.0,,,,0.0,0.0,,75.92,68.0,468.0,,,,,,,,,,108.0,54.0,9999.0,,,,,,9999.0,,,,,,9999.0,,,,
1972,7,31,,,,,,,,,,0.0,,,,,0.0,0.0,,,,,,,,,,,,,,,,-99.0,,,,,,-99.0,,,,,,-99.0,,,,
1972,8,1,10.0,10.0,,,,,,,1254.0,0.0,94.0,,,,0.0,0.0,,89.96000000000001,68.0,780.0,,,,225.0,225.0,,,,,67.0,45.0,1.0,-9999.0,,,,,1.0,,,,,,-9999.0,,,,
1972,8,2,,,,,,,,,,0.0,,,,,0.0,0.0,,32.0,32.0,,,,,,,,,,,,,,,,,,,,,,,,,-9.0,,,,
1972,8,3,90.0,80.0,,,,,,,142.0,0.0,49.0,,,,0.0,0.0,,73.04,64.94,402.0,,,,,,,,,,123.0,94.0,1.0,1.0,,,,,1.0,,,,,,999.0,,,,
1972,8,4,,,,,,,,,,0.0,,,,,0.0,0.0,,,,,,,,,,,,,,,,,,,,,,,,,,,,-999.0,,,,
1972,8,6,50.0,40.0,,,,,,,1536.0,0.0,72.0,,,,0.0,0.0,,75.02,66.02,594.0,,,,,,,,,,77.0,58.0,9999.0,9999.0,,,,,1.0,,,,,,9999.0,,,,
1972,8,7,,,,,,,,,,0.0,,,,,0.0,0.0,,,,,,,,,,,,,,,,-99.0,-99.0,,,,,,,,,,,-99.0,,,,
1972,8,8,,,,,,,,,,,,,,,,,,,,,,,,,,,,,,,,99.0,99.0,,,,,,,,,,,99.0,,,,
1972,8,9,60.0,70.0,,,,,,,1024.0,0.0,59.0,,,,0.0,0.0,,80.06,69.98,486.0,,,,270.0,315.0,,,,,82.0,72.0,-9999.0,-9999.0,,,,,1.0,,,,,,1.0,,,,
1972,8,10,,,,,,,,,,,,,,,0.0,0.0,,32.0,32.0,,,,,,,,,,,,,-9.0,-9.0,,,,,,,,,,,,,,,
1972,8,11,30.0,40.0,,,,,,,342.0,0.0,96.0,,,,0.0,0.0,,84.91999999999999,69.08,780.0,,,,,,,,,,87.0,67.0,999.0,999.0,,,,,1.0,,,,,,999.0,,,,
1972,8,12,,,,,,,,,,0.0,,,,,0.0,0.0,,,,,,,,,,,,,,,,-999.0,-999.0,,,,,,,,,,,-999.0,,,,
1972,8,13,,,,,,,,,,,,,,,,,,,,,,,,,,,,,,,,,,,,,,9.0,,,,,,,,,,
1972,8,14,50.0,30.0,,,,,,,1448.0,0.0,88.0,,,,0.0,0.0,,75.02,66.92,714.0,,,,,,,,,,72.0,49.0,9999.0,9999.0,,,,,1.0,,,,,,9999.0,,,,
1972,8,15,,,,,,,,,,0.0,,,,,0.0,0.0,,,,,,,,,,,,,,,,-99.0,-99.0,,,,,,,,,,,-99.0,,,,
1972,8,16,,,,,,,,,,,,,,,,,,,,,,,,,,,,,,,,99.0,99.0,,,,,,,,,,,99.0,,,,
1972,8,17,60.0,60.0,,,,,,,1530.0,0.0,68.0,,,,0.0,0.0,,75.92,69.08,552.0,,,,225.0,225.0,,,,,72.0,49.0,-9999.0,-9999.0,,,,,1.0,,,,,,-9999.0,,,,
1972,8,18,,,,,,,,,,0.0,,,,,0.0,0.0,,32.0,32.0,,,,,,,,,,,,,-9.0,-9.0,,,,,,,,,,,,,,,
1972,8,19,80.0,70.0,,,,,,,224.0,5.0,57.0,,,,0.0,0.0,,78.98,69.08,462.0,,,,,,,,,,87.0,58.0,999.0,999.0,,,,,999.0,,,,,,1.0,,,,
1972,8,20,,,,,,,,,,0.0,,,,,0.0,0.0,,,,,,,,,,,,,,,,-999.0,-999.0,,,,,,,,,,,,,,,
1972,8,22,70.0,50.0,,,,,,,1548.0,0.0,64.0,,,,0.0,0.0,,75.02,68.0,516.0,,,,,,,,,,82.0,54.0,9999.0,9999.0,,,,,1.0,,,,,,9999.0,,,,
1972,8,23,,,,,,,,,,0.0,,,,,0.0,0.0,,,,,,,,,,,,,,,,-99.0,-99.0,,,,,,,,,,,-99.0,,,,
1972,8,24,,,,,,,,,,,,,,,,,,,,,,,,,,,,,,,,99.0,99.0,,,,,99.0,,,,,,99.0,,,,
1972,8,25,10.0,0.0,,,,,,,1412.0,0.0,100.0,,,,0.0,0.0,,77.0,64.94,798.0,,,,225.0,225.0,,,,,77.0,54.0,-9999.0,-9999.0,,,,,-9999.0,,,,,,-9999.0,,,,
1972,8,26,,,,,,,,,,0.0,,,,,0.0,0.0,,32.0,32.0,,,,,,,,,,,,,-9.0,-9.0,,,,,-9.0,,,,,,-9.0,,,,
1972,8,27,50.0,30.0,,,,,,,448.0,0.0,92.0,,,,0.0,0.0,,73.04,62.959999999999994,732.0,,,,,,,,,,82.0,63.0,999.0,999.0,,,,,999.0,,,,,,999.0,,,,
1972,8,28,,,,,,,,,,0.0,,,,,0.0,0.0,,,,,,,,,,,,,,,,-999.0,-999.0,,,,,-999.0,,,,,,-999.0,,,,
1972,8,30,30.0,20.0,,,,,,,1318.0,0.0,82.0,,,,0.0,0.0,,73.94,66.02,648.0,,,,,,,,,,77.0,49.0,9999.0,9999.0,,,,,9999.0,,,,,,9999.0,,,,
1972,8,31,,,,,,,,,,0.0,,,,,0.0,0.0,,,,,,,,,,,,,,,,-99.0,-99.0,,,,,,,,,,,-99.0,,,,
1972,9,1,50.0,50.0,,,,,,,1306.0,0.0,71.0,,,,0.0,0.0,,77.0,68.0,552.0,,,,315.0,315.0,,,,,77.0,49.0,-9999.0,,,,,,1.0,,,,,,-9999.0,,,,
1972,9,2,,,,,,,,,,0.0,,,,,0.0,0.0,,32.0,32.0,,,,,,,,,,,,,-9.0,,,,,,,,,,,,-9.0,,,,
1972,9,3,30.0,50.0,,,,,,,318.0,0.0,87.0,,,,0.0,0.0,,75.92,64.94,672.0,,,,,,,,,,98.0,76.0,999.0,,,,,,1.0,,,,,,999.0,,,,
1972,9,4,,,,,,,,,,0.0,,,,,0.0,0.0,,,,,,,,,,,,,,,,-999.0,,,,,,,,,,,,,,,,
1972,9,6,70.0,80.0,,,,,,,1336.0,0.0,97.0,,,,0.0,0.0,,84.91999999999999,69.08,738.0,,,,,,,,,,98.0,76.0,9999.0,,,,,,1.0,,,,,,9999.0,,,,
1972,9,7,,,,,,,,,,0.0,,,,,0.0,0.0,,,,,,,,,,,,,,,,,,,,,,,,,,,,,,,,
1972,9,9,100.0,100.0,,,,,,,42.0,91.0,15.0,,,,0.0,0.0,,73.04,66.02,114.0,,,,135.0,135.0,,,,,118.0,76.0,1.0,,,,,,-9999.0,,,,,,1.0,,,,
1972,9,10,,,,,,,,,,0.0,,,,,0.0,0.0,,32.0,32.0,,,,,,,,,,,,,,,,,,,,,,,,,,,,,
1972,9,11,100.0,100.0,,,,,,,54.0,,0.0,,,,0.0,0.0,,69.98,66.02,0.0,,,,,,,,,,67.0,45.0,1.0,,,,,,1.0,,,,,,1.0,,,,
1972,9,12,,,,,,,,,,,,,,,0.0,0.0,,,,,,,,,,,,,,,,,,,,,,,,,,,,,,,,
1972,9,14,100.0,100.0,,,,,,,1312.0,,0.0,,,,0.0,0.0,,68.0,64.04,0.0,,,,,,,,,,67.0,49.0,1.0,,,,,,1.0,,,,,,1.0,,,,
1972,9,15,,,,,,,,,,0.0,,,,,0.0,0.0,,,,,,,,,,,,,,,,,,,,,,,,,,,,,,,,
1972,9,16,,,,,,,,,,,,,,,,,,,,,,,,,,,,,,,,99.0,,,,,,99.0,,,,,,,,,,
1972,9,17,70.0,60.0,,,,,,,1200.0,0.0,69.0,,,,0.0,0.0,,73.04,64.04,522.0,,,,270.0,270.0,,,,,93.0,67.0,-9999.0,,,,,,-9999.0,,,,,,-9999.0,,,,
1972,9,18,,,,,,,,,,0.0,,,,,0.0,0.0,,32.0,32.0,,,,,,,,,,,,,-9.0,,,,,,-9.0,,,,,,-9.0,,,,
1972,9,19,50.0,60.0,,,,,,,400.0,0.0,77.0,,,,0.0,0.0,,73.04,60.08,576.0,,,,,,,,,,87.0,67.0,999.0,,,,,,999.0,,,,,,999.0,,,,
1972,9,20,,,,,,,,,,0.0,,,,,0.0,0.0,,,,,,,,,,,,,,,,-999.0,,,,,,-999.0,,,,,,-999.0,,,,
1972,9,21,,,,,,,,,,,,,,,,,,,,,,,,,,,,,,,,,,,,,,9.0,,,,,,,,,,
1972,9,22,20.0,30.0,,,,,,,1442.0,0.0,93.0,,,,0.0,0.0,,71.96,59.0,690.0,,,,,,,,,,77.0,54.0,9999.0,,,,,,1.0,,,,,,9999.0,,,,
1972,9,23,,,,,,,,,,0.0,,,,,0.0,0.0,,,,,,,,,,,,,,,,-99.0,,,,,,,,,,,,-99.0,,,,
1972,9,24,,,,,,,,,,,,,,,,,,,,,,,,,,,,,,,,99.0,,,,,,,,,,,,99.0,,,,
1972,9,25,50.0,40.0,,,,,,,1448.0,0.0,68.0,,,,0.0,0.0,,71.06,60.980000000000004,504.0,,,,315.0,315.0,,,,,93.0,72.0,-9999.0,,,,,,1.0,,,,,,-9999.0,,,,
1972,9,26,,,,,,,,,,0.0,,,,,0.0,0.0,,32.0,32.0,,,,,,,,,,,,,-9.0,,,,,,,,,,,,-9.0,,,,
1972,9,27,50.0,40.0,,,,,,,254.0,0.0,79.0,,,,0.0,0.0,,71.96,62.959999999999994,588.0,,,,,,,,,,108.0,72.0,999.0,,,,,,1.0,,,,,,999.0,,,,
1972,9,28,,,,,,,,,,0.0,,,,,0.0,0.0,,,,,,,,,,,,,,,,-999.0,,,,,,,,,,,,-999.0,,,,
1972,9,30,30.0,20.0,,,,,,,1524.0,0.0,97.0,,,,0.0,0.0,,73.04,60.08,714.0,,,,,,,,,,93.0,80.0,9999.0,,,,,,9999.0,,,,,,9999.0,,,,
1972,9,31,,,,,,,,,,0.0,,,,,0.0,0.0,,,,,,,,,,,,,,,,-99.0,,,,,,,,,,,,-99.0,,,,
1972,10,1,90.0,90.0,,,,,,,1406.0,0.0,53.0,,,,0.0,0.0,,71.96,64.04,378.0,,,,270.0,270.0,,,,,87.0,63.0,-9999.0,,,,,,1.0,,,,,,-9999.0,,,,
1972,10,2,,,,,,,,,,0.0,,,,,0.0,0.0,,32.0,32.0,,,,,,,,,,,,,-9.0,,,,,,,,,,,,-9.0,,,,
1972,10,3,40.0,50.0,,,,,,,400.0,0.0,75.0,,,,0.0,0.0,,71.06,60.980000000000004,534.0,,,,,,,,,,82.0,54.0,999.0,,,,,,999.0,,,,,,999.0,,,,
1972,10,4,,,,,,,,,,0.0,,,,,0.0,0.0,,,,,,,,,,,,,,,,-999.0,,,,,,-999.0,,,,,,-999.0,,,,
1972,10,6,30.0,10.0,,,,,,,1600.0,0.0,100.0,,,,0.0,0.0,,73.94,60.980000000000004,708.0,,,,,,,,,,103.0,85.0,9999.0,,,,,,9999.0,,,,,,9999.0,,,,
1972,10,7,,,,,,,,,,0.0,,,,,0.0,0.0,,,,,,,,,,,,,,,,-99.0,,,,,,-99.0,,,,,,-99.0,,,,
1972,10,8,,,,,,,,,,,,,,,,,,,,,,,,,,,,,,,,99.0,,,,,,99.0,,,,,,99.0,,,,
1972,10,9,80.0,80.0,,,,,,,2012.0,0.0,78.0,,,,0.0,0.0,,86.0,66.92,546.0,,,,180.0,135.0,,,,,113.0,89.0,1.0,,,,,,1.0,,,,,,-9999.0,,,,
1972,10,10,,,,,,,,,,0.0,,,,,0.0,0.0,,32.0,32.0,,,,,,,,,,,,,,,,,,,,,,,,,-9.0,,,,
1972,10,11,90.0,100.0,,,,,,,642.0,0.0,1.0,,,,0.0,0.0,,71.06,66.02,6.0,,,,,,,,,,87.0,54.0,1.0,,,,,,1.0,,,,,,999.0,,,,
1972,10,12,,,,,,,,,,0.0,,,,,0.0,0.0,,,,,,,,,,,,,,,,,,,,,,,,,,,,-999.0,,,,
1972,10,14,100.0,100.0,,,,,,,1106.0,0.0,28.0,,,,0.0,0.0,,71.06,64.94,192.0,,,,,,,,,,67.0,40.0,9999.0,,,,,,9999.0,,,,,,9999.0,,,,
1972,10,15,,,,,,,,,,0.0,,,,,0.0,0.0,,,,,,,,,,,,,,,,-99.0,,,,,,,,,,,,-99.0,,,,
1972,10,16,,,,,,,,,,,,,,,,,,,,,,,,,,,,,,,,99.0,,,,,,,,,,,,99.0,,,,
1972,10,17,30.0,40.0,,,,,,,1306.0,0.0,86.0,,,,0.0,0.0,,73.94,57.02,594.0,,,,270.0,270.0,,,,,98.0,76.0,-9999.0,,,,,,-9999.0,,,,,,-9999.0,,,,
1972,10,18,,,,,,,,,,0.0,,,,,0.0,0.0,,32.0,32.0,,,,,,,,,,,,,-9.0,,,,,,-9.0,,,,,,,,,,
1972,10,19,70.0,90.0,,,,,,,600.0,5.0,20.0,,,,0.0,0.0,,71.96,60.980000000000004,138.0,,,,,,,,,,62.0,45.0,999.0,,,,,,999.0,,,,,,1.0,,,,
1972,10,20,,,,,,,,,,0.0,,,,,0.0,0.0,,,,,,,,,,,,,,,,,,,,,,-999.0,,,,,,,,,,
1972,10,21,,,,,,,,,,,,,,,,,,,,,,,,,,,,,,,,,,,,,,,,,,,,9.0,,,,
1972,10,22,90.0,100.0,,,,,,,1148.0,5.0,26.0,,,,0.0,0.0,,75.02,62.059999999999995,174.0,,,,,,,,,,77.0,67.0,9999.0,,,,,,9999.0,,,,,,1.0,,,,
1972,10,23,,,,,,,,,,0.0,,,,,0.0,0.0,,,,,,,,,,,,,,,,-99.0,,,,,,-99.0,,,,,,,,,,
1972,10,24,,,,,,,,,,,,,,,,,,,,,,,,,,,,,,,,99.0,,,,,,99.0,,,,,,99.0,,,,
1972,10,25,60.0,80.0,,,,,,,1436.0,0.0,69.0,,,,0.0,0.0,,73.94,57.92,468.0,,,,315.0,315.0,,,,,77.0,76.0,-9999.0,,,,,,-9999.0,,,,,,1.0,,,,
1972,10,26,,,,,,,,,,,,,,,0.0,0.0,,32.0,32.0,,,,,,,,,,,,,-9.0,,,,,,-9.0,,,,,,,,,,
1972,10,27,100.0,100.0,,,,,,,12.0,48.0,18.0,,,,0.0,0.0,,71.96,60.08,120.0,,,,,,,,,,93.0,76.0,999.0,,,,,,999.0,,,,,,1.0,,,,
1972,10,28,,,,,,,,,,,,,,,0.0,0.0,,,,,,,,,,,,,,,,-999.0,,,,,,-999.0,,,,,,,,,,
1972,10,30,50.0,50.0,,,,,,,1542.0,33.0,73.0,,,,0.0,0.0,,69.98,55.94,492.0,,,,,,,,,,87.0,58.0,9999.0,,,,,,9999.0,,,,,,1.0,,,,
1972,10,31,,,,,,,,,,0.0,,,,,0.0,0.0,,,,,,,,,,,,,,,,-99.0,,,,,,-99.0,,,,,,,,,,
1972,11,1,40.0,70.0,,,,,,,1524.0,0.0,85.0,,,,0.0,0.0,,66.92,51.98,552.0,,,,270.0,225.0,,,,,67.0,45.0,-9999.0,,,,,,-9999.0,,,,,,-9999.0,,,,
1972,11,2,,,,,,,,,,0.0,,,,,0.0,0.0,,32.0,32.0,,,,,,,,,,,,,-9.0,,,,,,-9.0,,,,,,-9.0,,,,
1972,11,3,0.0,0.0,,,,,,,412.0,0.0,100.0,,,,0.0,0.0,,69.08,51.08,648.0,,,,,,,,,,87.0,76.0,999.0,,,,,,999.0,,,,,,999.0,,,,
1972,11,4,,,,,,,,,,0.0,,,,,0.0,0.0,,,,,,,,,,,,,,,,-999.0,,,,,,,,,,,,-999.0,,,,
1972,11,5,,,,,,,,,,,,,,,,,,,,,,,,,,,,,,,,9.0,,,,,,,,,,,,9.0,,,,
1972,11,6,80.0,70.0,,,,,,,1424.0,,54.0,,,,0.0,0.0,,69.08,59.0,348.0,,,,,,,,,,72.0,58.0,1.0,,,,,,1.0,,,,,,1.0,,,,
1972,11,7,,,,,,,,,,0.0,,,,,0.0,0.0,,,,,,,,,,,,,,,,,,,,,,,,,,,,,,,,
1972,11,8,,,,,,,,,,,,,,,,,,,,,,,,,,,,,,,,99.0,,,,,,99.0,,,,,,99.0,,,,
1972,11,9,50.0,70.0,,,,,,,1430.0,0.0,75.0,,,,0.0,0.0,,73.04,53.96,480.0,,,,270.0,315.0,,,,,72.0,67.0,-9999.0,,,,,,1.0,,,,,,-9999.0,,,,
1972,11,10,,,,,,,,,,0.0,,,,,0.0,0.0,,32.0,32.0,,,,,,,,,,,,,,,,,,,,,,,,,,,,,
1972,11,11,80.0,90.0,,,,,,,418.0,,25.0,,,,0.0,0.0,,66.92,53.96,162.0,,,,,,,,,,67.0,54.0,1.0,,,,,,1.0,,,,,,1.0,,,,
1972,11,12,,,,,,,,,,,,,,,0.0,0.0,,,,,,,,,,,,,,,,,,,,,,,,,,,,,,,,
1972,11,14,0.0,0.0,,,,,,,1636.0,0.0,100.0,,,,0.0,0.0,,69.08,51.08,642.0,,,,,,,,,,72.0,63.0,9999.0,,,,,,9999.0,,,,,,9999.0,,,,
1972,11,15,,,,,,,,,,,,,,,0.0,0.0,,,,,,,,,,,,,,,,,,,,,,-99.0,,,,,,,,,,
1972,11,16,,,,,,,,,,,,,,,,,,,,,,,,,,,,,,,,,,,,,,99.0,,,,,,,,,,
1972,11,17,70.0,70.0,,,,,,,1618.0,175.0,42.0,,,,0.0,0.0,,64.04,55.04,264.0,,,,270.0,225.0,,,,,164.0,121.0,1.0,,,,,,-9999.0,,,,,,1.0,,,,
1972,11,18,,,,,,,,,,0.0,,,,,0.0,0.0,,32.0,32.0,,,,,,,,,,,,,,,,,,,-9.0,,,,,,,,,,
1972,11,19,30.0,20.0,,,,,,,6.0,8.0,87.0,,,,0.0,0.0,,64.04,53.96,552.0,,,,,,,,,,98.0,67.0,999.0,,,,,,999.0,,,,,,1.0,,,,
1972,11,20,,,,,,,,,,0.0,,,,,0.0,0.0,,,,,,,,,,,,,,,,-999.0,,,,,,-999.0,,,,,,,,,,
1972,11,21,,,,,,,,,,,,,,,,,,,,,,,,,,,,,,,,9.0,,,,,,,,,,,,9.0,,,,
1972,11,22,90.0,100.0,,,,,,,1500.0,58.0,12.0,,,,0.0,0.0,,64.04,53.06,78.0,,,,,,,,,,149.0,130.0,1.0,,,,,,9999.0,,,,,,1.0,,,,
1972,11,23,,,,,,,,,,0.0,,,,,0.0,0.0,,,,,,,,,,,,,,,,,,,,,,,,,,,,,,,,
1972,11,24,,,,,,,,,,,,,,,,,,,,,,,,,,,,,,,,99.0,,,,,,,,,,,,99.0,,,,
1972,11,25,80.0,100.0,,,,,,,1430.0,272.0,6.0,,,,0.0,0.0,,62.959999999999994,53.96,36.0,,,,270.0,270.0,,,,,211.0,121.0,-9999.0,,,,,,-9999.0,,,,,,1.0,,,,
1972,11,26,,,,,,,,,,0.0,,,,,0.0,0.0,,32.0,32.0,,,,,,,,,,,,,-9.0,,,,,,-9.0,,,,,,,,,,
1972,11,27,70.0,100.0,,,,,,,36.0,160.0,2.0,,,,0.0,0.0,,62.959999999999994,53.06,12.0,,,,,,,,,,87.0,54.0,999.0,,,,,,999.0,,,,,,1.0,,,,
1972,11,28,,,,,,,,,,0.0,,,,,0.0,0.0,,,,,,,,,,,,,,,,-999.0,,,,,,,,,,,,,,,,
1972,11,30,30.0,30.0,,,,,,,1312.0,0.0,95.0,,,,0.0,0.0,,64.04,50.0,594.0,,,,,,,,,,62.0,36.0,9999.0,,,,,,1.0,,,,,,9999.0,,,,
1972,11,31,,,,,,,,,,0.0,,,,,0.0,0.0,,,,,,,,,,,,,,,,-99.0,,,,,,,,,,,,-99.0,,,,
1972,12,1,0.0,0.0,,,,,,,1306.0,0.0,100.0,,,,0.0,0.0,,78.08,46.94,612.0,,,,315.0,315.0,,,,,67.0,54.0,-9999.0,-9999.0,,,-9999.0,,1.0,,,,,,-9999.0,,,,
1972,12,2,,,,,,,,,,0.0,,,,,0.0,0.0,,32.0,32.0,,,,,,,,,,,,,-9.0,-9.0,,,-9.0,,,,,,,,-9.0,,,,
1972,12,3,30.0,0.0,,,,,,,236.0,0.0,100.0,,,,0.0,0.0,,68.0,46.94,606.0,,,,,,,,,,51.0,31.0,999.0,999.0,,,999.0,,1.0,,,,,,999.0,,,,
1972,12,4,,,,,,,,,,0.0,,,,,0.0,0.0,,,,,,,,,,,,,,,,-999.0,-999.0,,,-999.0,,,,,,,,-999.0,,,,
1972,12,5,,,,,,,,,,,,,,,,,,,,,,,,,,,,,,,,9.0,,,,,,,,,,,,9.0,,,,
1972,12,6,90.0,100.0,,,,,,,2006.0,249.0,0.0,,,,0.0,0.0,,62.059999999999995,55.04,0.0,,,,,,,,,,134.0,107.0,1.0,9999.0,,,9999.0,,1.0,,,,,,1.0,,,,
1972,12,7,,,,,,,,,,0.0,,,,,0.0,0.0,,,,,,,,,,,,,,,,,-99.0,,,-99.0,,,,,,,,,,,,
1972,12,8,,,,,,,,,,,,,,,,,,,,,,,,,,,,,,,,99.0,99.0,,,99.0,,99.0,,,,,,99.0,,,,
1972,12,9,100.0,100.0,,,,,,,906.0,0.0,10.0,,,,0.0,0.0,,59.0,50.0,60.0,,,,180.0,315.0,,,,,57.0,31.0,-9999.0,-9999.0,,,-9999.0,,-9999.0,,,,,,-9999.0,,,,
1972,12,10,,,,,,,,,,0.0,,,,,0.0,0.0,,32.0,32.0,,,,,,,,,,,,,-9.0,-9.0,,,-9.0,,-9.0,,,,,,,,,,
1972,12,11,90.0,100.0,,,,,,,448.0,48.0,8.0,,,,0.0,0.0,,60.980000000000004,51.08,54.0,,,,,,,,,,93.0,72.0,999.0,999.0,,,999.0,,999.0,,,,,,1.0,,,,
1972,12,12,,,,,,,,,,,,,,,0.0,0.0,,,,,,,,,,,,,,,,-999.0,-999.0,,,,,-999.0,,,,,,,,,,
1972,12,14,90.0,90.0,,,,,,,218.0,0.0,7.0,,,,0.0,0.0,,55.04,46.94,42.0,,,,,,,,,,93.0,63.0,9999.0,9999.0,,,9999.0,,9999.0,,,,,,9999.0,,,,
1972,12,15,,,,,,,,,,0.0,,,,,0.0,0.0,,,32.0,,,,,,,,,,,,,-99.0,-99.0,,,-99.0,,-99.0,,,,,,,,,,
1972,12,16,,,,,,,,,,,,,,,,,,,,,,,,,,,,,,,,99.0,99.0,,,99.0,,99.0,,,,,,,,,,
1972,12,17,30.0,30.0,,,,,,,1400.0,0.0,68.0,,,,0.0,0.0,,57.02,44.06,408.0,,,,270.0,270.0,,,,,72.0,54.0,-9999.0,-9999.0,,,-9999.0,,-9999.0,,,,,,-9999.0,,,,
1972,12,18,,,,,,,,,,0.0,,,,,0.0,0.0,,32.0,32.0,,,,,,,,,,,,,-9.0,-9.0,,,-9.0,,-9.0,,,,,,-9.0,,,,
1972,12,19,20.0,0.0,,,,,,,424.0,0.0,100.0,,,,0.0,0.0,,59.0,42.08,600.0,,,,,,,,,,72.0,63.0,999.0,999.0,,,999.0,,999.0,,,,,,999.0,,,,
1972,12,20,,,,,,,,,,0.0,,,,,0.0,0.0,,,,,,,,,,,,,,,,-999.0,-999.0,,,-999.0,,-999.0,,,,,,-999.0,,,,
1972,12,22,60.0,80.0,,,,,,,1506.0,0.0,85.0,,,,0.0,0.0,,64.04,42.980000000000004,516.0,,,,,,,,,,51.0,45.0,9999.0,9999.0,,,9999.0,,9999.0,,,,,,9999.0,,,,
1972,12,23,,,,,,,,,,0.0,,,,,0.0,0.0,,,32.0,,,,,,,,,,,,,-99.0,-99.0,,,-99.0,,-99.0,,,,,,-99.0,,,,
1972,12,24,,,,,,,,,,,,,,,,,,,,,,,,,,,,,,,,99.0,99.0,,,99.0,,99.0,,,,,,99.0,,,,
1972,12,25,70.0,90.0,,,,,,,1430.0,0.0,84.0,,,,0.0,0.0,,73.04,46.04,504.0,,,,315.0,315.0,,,,,57.0,49.0,-9999.0,-9999.0,,,-9999.0,,-9999.0,,,,,,-9999.0,,,,
1972,12,26,,,,,,,,,,0.0,,,,,0.0,0.0,,32.0,32.0,,,,,,,,,,,,,-9.0,-9.0,,,-9.0,,-9.0,,,,,,-9.0,,,,
1972,12,27,100.0,100.0,,,,,,,212.0,0.0,40.0,,,,0.0,0.0,,68.0,53.06,240.0,,,,,,,,,,41.0,31.0,999.0,999.0,,,999.0,,999.0,,,,,,999.0,,,,
1972,12,28,,,,,,,,,,0.0,,,,,0.0,0.0,,,,,,,,,,,,,,,,,-999.0,,,-999.0,,,,,,,,-999.0,,,,
1972,12,29,,,,,,,,,,,,,,,,,,,,,,,,,,,,,,,,,9.0,,,,,,,,,,,,,,,
1972,12,30,60.0,70.0,,,,,,,1324.0,0.0,71.0,,,,0.0,0.0,,68.0,53.06,426.0,,,,,,,,,,67.0,58.0,1.0,1.0,,,9999.0,,1.0,,,,,,9999.0,,,,
1972,12,31,,,,,,,,,,0.0,,,,,0.0,0.0,,,,,,,,,,,,,,,,,,,,-99.0,,,,,,,,-99.0,,,,
1973,1,1,0.0,0.0,,,,,,,1230.0,0.0,100.0,,,,0.0,0.0,,66.02,46.04,606.0,,,,315.0,315.0,,,,,103.0,76.0,-9999.0,-9999.0,,,,,-9999.0,,,,,,-9999.0,,,,
1973,1,2,,,,,,,,,,0.0,,,,,0.0,0.0,,32.0,32.0,,,,,,,,,,,,,-9.0,-9.0,,,,,-9.0,,,,,,-9.0,,,,
1973,1,3,0.0,0.0,,,,,,,630.0,0.0,100.0,,,,0.0,0.0,,64.94,42.08,606.0,,,,,,,,,,62.0,36.0,999.0,999.0,,,,,999.0,,,,,,999.0,,,,
1973,1,4,,,,,,,,,,,,,,,0.0,0.0,,,,,,,,,,,,,,,,-999.0,-999.0,,,,,-999.0,,,,,,,,,,
1973,1,6,70.0,90.0,,,,,,,1554.0,119.0,30.0,,,,0.0,0.0,,57.92,44.06,180.0,,,,,,,,,,93.0,80.0,9999.0,9999.0,,,,,9999.0,,,,,,1.0,,,,
1973,1,7,,,,,,,,,,0.0,,,,,0.0,0.0,,,32.0,,,,,,,,,,,,,-99.0,-99.0,,,,,-99.0,,,,,,,,,,
1973,1,8,,,,,,,,,,,,,,,,,,,,,,,,,,,,,,,,99.0,99.0,,,,,99.0,,,,,,99.0,,,,
1973,1,9,20.0,20.0,,,,,,,1500.0,0.0,96.0,,,,0.0,0.0,,60.08,39.92,582.0,,,,270.0,315.0,,,,,62.0,49.0,-9999.0,-9999.0,,,,,-9999.0,,,,,,-9999.0,,,,
1973,1,10,,,,,,,,,,0.0,,,,,0.0,0.0,,32.0,32.0,,,,,,,,,,,,,-9.0,-9.0,,,,,-9.0,,,,,,-9.0,,,,
1973,1,11,50.0,50.0,,,,,,,436.0,0.0,89.0,,,,0.0,0.0,,59.0,44.06,540.0,,,,,,,,,,57.0,36.0,999.0,999.0,,,,,999.0,,,,,,999.0,,,,
1973,1,12,,,,,,,,,,0.0,,,,,0.0,0.0,,,,,,,,,,,,,,,,-999.0,-999.0,,,,,,,,,,,-999.0,,,,
1973,1,13,,,,,,,,,,,,,,,,,,,,,,,,,,,,,,,,9.0,,,,,,,,,,,,9.0,,,,
1973,1,14,90.0,80.0,,,,,,,1236.0,48.0,35.0,,,,0.0,0.0,,62.059999999999995,53.96,216.0,,,,,,,,,,103.0,85.0,1.0,9999.0,,,,,9999.0,,,,,,1.0,,,,
1973,1,15,,,,,,,,,,0.0,,,,,0.0,0.0,,,,,,,,,,,,,,,,,-99.0,,,,,-99.0,,,,,,,,,,
1973,1,16,,,,,,,,,,,,,,,,,,,,,,,,,,,,,,,,99.0,99.0,,,,,99.0,,,,,,99.0,,,,
1973,1,17,50.0,50.0,,,,,,,1254.0,0.0,93.0,,,,0.0,0.0,,66.92,48.02,564.0,,,,315.0,315.0,,,,,77.0,67.0,-9999.0,-9999.0,,,,,1.0,,,,,,-9999.0,,,,
1973,1,18,,,,,,,,,,0.0,,,,,0.0,0.0,,32.0,32.0,,,,,,,,,,,,,,,,,,,,,,,,,-9.0,,,,
1973,1,19,70.0,100.0,,,,,,,342.0,0.0,83.0,,,,0.0,0.0,,66.92,48.92,504.0,,,,,,,,,,62.0,58.0,1.0,1.0,,,,,1.0,,,,,,999.0,,,,
1973,1,20,,,,,,,,,,0.0,,,,,0.0,0.0,,,,,,,,,,,,,,,,,,,,,,,,,,,,-999.0,,,,
1973,1,21,,,,,,,,,,,,,,,,,,,,,,,,,,,,,,,,9.0,9.0,,,,,,,,,,,,,,,
1973,1,22,50.0,40.0,,,,,,,1636.0,0.0,93.0,,,,0.0,0.0,,68.0,51.08,570.0,,,,,,,,,,67.0,40.0,1.0,1.0,,,,,1.0,,,,,,9999.0,,,,
1973,1,23,,,,,,,,,,0.0,,,,,0.0,0.0,,,,,,,,,,,,,,,,,,,,,,,,,,,,-99.0,,,,
1973,1,24,,,,,,,,,,,,,,,,,,,,,,,,,,,,,,,,,99.0,,,,,,,,,,,99.0,,,,
1973,1,25,100.0,100.0,,,,,,,2206.0,122.0,13.0,,,,0.0,0.0,,62.059999999999995,57.92,84.0,,,,225.0,180.0,,,,,123.0,116.0,1.0,-9999.0,,,,,1.0,,,,,,1.0,,,,
1973,1,26,,,,,,,,,,0.0,,,,,0.0,0.0,,32.0,32.0,,,,,,,,,,,,,,-9.0,,,,,,,,,,,,,,,
1973,1,27,40.0,70.0,,,,,,,330.0,0.0,87.0,,,,0.0,0.0,,64.04,53.06,534.0,,,,,,,,,,82.0,58.0,999.0,999.0,,,,,999.0,,,,,,999.0,,,,
1973,1,28,,,,,,,,,,,,,,,0.0,0.0,,,,,,,,,,,,,,,,,-999.0,,,,,-999.0,,,,,,,,,,
1973,1,30,60.0,80.0,,,,,,,1330.0,18.0,68.0,,,,0.0,0.0,,62.059999999999995,48.02,420.0,,,,,,,,,,113.0,94.0,9999.0,9999.0,,,,,9999.0,,,,,,1.0,,,,
1973,1,31,,,,,,,,,,0.0,,,,,0.0,0.0,,,32.0,,,,,,,,,,,,,-99.0,-99.0,,,,,-99.0,,,,,,,,,,
1973,2,1,60.0,60.0,,,,,,,1936.0,0.0,92.0,,,,0.0,0.0,,68.0,46.94,588.0,,,,90.0,270.0,,,,,72.0,63.0,-9999.0,-9999.0,-9999.0,,,,1.0,,,,,,-9999.0,,,,
1973,2,2,,,,,,,,,,0.0,,,,,0.0,0.0,,32.0,32.0,,,,,,,,,,,,,-9.0,-9.0,-9.0,,,,,,,,,,,,,,
1973,2,3,90.0,90.0,,,,,,,242.0,,64.0,,,,0.0,0.0,,71.96,51.08,408.0,,,,,,,,,,87.0,49.0,999.0,999.0,999.0,,,,999.0,,,,,,1.0,,,,
1973,2,4,,,,,,,,,,,,,,,0.0,0.0,,,,,,,,,,,,,,,,,-999.0,-999.0,,,,,,,,,,,,,,
1973,2,6,20.0,40.0,,,,,,,1306.0,0.0,91.0,,,,0.0,0.0,,66.92,53.06,588.0,,,,,,,,,,77.0,58.0,9999.0,9999.0,9999.0,,,,9999.0,,,,,,9999.0,,,,
1973,2,7,,,,,,,,,,0.0,,,,,0.0,0.0,,,,,,,,,,,,,,,,-99.0,-99.0,-99.0,,,,,,,,,,,,,,
1973,2,8,,,,,,,,,,,,,,,,,,,,,,,,,,,,,,,,99.0,99.0,99.0,,,,,,,,,,,,,,
1973,2,9,90.0,90.0,,,,,,,1306.0,76.0,53.0,,,,0.0,0.0,,64.94,53.96,342.0,,,,180.0,180.0,,,,,108.0,72.0,-9999.0,-9999.0,-9999.0,,,,1.0,,,,,,1.0,,,,
1973,2,10,,,,,,,,,,0.0,,,,,0.0,0.0,,32.0,32.0,,,,,,,,,,,,,-9.0,-9.0,-9.0,,,,,,,,,,,,,,
1973,2,11,70.0,100.0,,,,,,,406.0,0.0,67.0,,,,0.0,0.0,,64.94,55.94,438.0,,,,,,,,,,93.0,49.0,999.0,999.0,999.0,,,,1.0,,,,,,999.0,,,,
1973,2,12,,,,,,,,,,0.0,,,,,0.0,0.0,,,,,,,,,,,,,,,,-999.0,-999.0,-999.0,,,,,,,,,,-999.0,,,,
1973,2,14,50.0,40.0,,,,,,,1548.0,0.0,86.0,,,,0.0,0.0,,66.92,55.04,564.0,,,,,,,,,,87.0,67.0,9999.0,9999.0,9999.0,,,,1.0,,,,,,9999.0,,,,
1973,2,15,,,,,,,,,,0.0,,,,,0.0,0.0,,,,,,,,,,,,,,,,,-99.0,-99.0,,,,,,,,,,,,,,
1973,2,16,,,,,,,,,,,,,,,,,,,,,,,,,,,,,,,,,99.0,99.0,,,,,,,,,,,,,,
1973,2,17,90.0,80.0,,,,,,,342.0,135.0,48.0,,,,0.0,0.0,,64.04,53.06,318.0,,,,180.0,180.0,,,,,170.0,148.0,-9999.0,-9999.0,-9999.0,,,,-9999.0,,,,,,1.0,,,,
1973,2,18,,,,,,,,,,0.0,,,,,0.0,0.0,,32.0,32.0,,,,,,,,,,,,,-9.0,-9.0,-9.0,,,,-9.0,,,,,,,,,,
1973,2,19,80.0,80.0,,,,,,,300.0,18.0,74.0,,,,0.0,0.0,,62.959999999999994,53.96,486.0,,,,,,,,,,113.0,85.0,999.0,999.0,999.0,,,,999.0,,,,,,1.0,,,,
1973,2,20,,,,,,,,,,,,,,,0.0,0.0,,,,,,,,,,,,,,,,-999.0,-999.0,-999.0,,,,-999.0,,,,,,,,,,
1973,2,22,70.0,60.0,,,,,,,1412.0,0.0,89.0,,,,0.0,0.0,,64.04,48.92,588.0,,,,,,,,,,87.0,63.0,9999.0,9999.0,9999.0,,,,9999.0,,,,,,9999.0,,,,
1973,2,23,,,,,,,,,,0.0,,,,,0.0,0.0,,,,,,,,,,,,,,,,-99.0,-99.0,,,,,-99.0,,,,,,,,,,
1973,2,24,,,,,,,,,,,,,,,,,,,,,,,,,,,,,,,,99.0,99.0,,,,,99.0,,,,,,,,,,
1973,2,25,0.0,0.0,,,,,,,1512.0,0.0,100.0,,,,0.0,0.0,,68.0,48.02,666.0,,,,270.0,315.0,,,,,72.0,45.0,-9999.0,-9999.0,-9999.0,,,,1.0,,,,,,-9999.0,,,,
1973,2,26,,,,,,,,,,0.0,,,,,0.0,0.0,,32.0,32.0,,,,,,,,,,,,,-9.0,-9.0,-9.0,,,,,,,,,,-9.0,,,,
1973,2,27,0.0,0.0,,,,,,,306.0,0.0,100.0,,,,0.0,0.0,,68.0,48.92,666.0,,,,,,,,,,82.0,45.0,999.0,999.0,999.0,,,,1.0,,,,,,999.0,,,,
1973,2,28,,,,,,,,,,0.0,,,,,0.0,0.0,,,,,,,,,,,,,,,,-999.0,-999.0,-999.0,,,,,,,,,,-999.0,,,,
1973,2,30,40.0,30.0,,,,,,,1500.0,0.0,100.0,,,,0.0,0.0,,73.94,48.92,672.0,,,,,,,,,,77.0,76.0,9999.0,9999.0,9999.0,,,,1.0,,,,,,9999.0,,,,
1973,2,31,,,,,,,,,,0.0,,,,,0.0,0.0,,,,,,,,,,,,,,,,-99.0,-99.0,-99.0,,,,,,,,,,,,,,
1973,3,1,80.0,90.0,,,,,,,1542.0,0.0,94.0,,,,0.0,0.0,,68.0,53.96,648.0,,,,315.0,270.0,,,,,103.0,80.0,-9999.0,,-9999.0,,,,-9999.0,,,,,,-9999.0,,,,
1973,3,2,,,,,,,,,,0.0,,,,,0.0,0.0,,32.0,32.0,,,,,,,,,,,,,-9.0,,-9.0,,,,-9.0,,,,,,-9.0,,,,
1973,3,3,60.0,50.0,,,,,,,436.0,0.0,89.0,,,,0.0,0.0,,66.92,55.94,612.0,,,,,,,,,,82.0,76.0,999.0,,999.0,,,,999.0,,,,,,999.0,,,,
1973,3,4,,,,,,,,,,0.0,,,,,0.0,0.0,,,,,,,,,,,,,,,,-999.0,,-999.0,,,,,,,,,,-999.0,,,,
1973,3,5,,,,,,,,,,,,,,,,,,,,,,,,,,,,,,,,9.0,,,,,,,,,,,,9.0,,,,
1973,3,6,80.0,90.0,,,,,,,1130.0,8.0,83.0,,,,0.0,0.0,,64.04,55.94,576.0,,,,,,,,,,129.0,89.0,1.0,,9999.0,,,,9999.0,,,,,,1.0,,,,
1973,3,7,,,,,,,,,,0.0,,,,,0.0,0.0,,,,,,,,,,,,,,,,,,-99.0,,,,-99.0,,,,,,,,,,
1973,3,8,,,,,,,,,,,,,,,,,,,,,,,,,,,,,,,,99.0,,99.0,,,,99.0,,,,,,,,,,
1973,3,9,90.0,90.0,,,,,,,812.0,48.0,49.0,,,,0.0,0.0,,64.94,55.04,342.0,,,,180.0,135.0,,,,,164.0,103.0,1.0,,-9999.0,,,,-9999.0,,,,,,1.0,,,,
1973,3,10,,,,,,,,,,0.0,,,,,0.0,0.0,,32.0,32.0,,,,,,,,,,,,,,,-9.0,,,,-9.0,,,,,,,,,,
1973,3,11,60.0,50.0,,,,,,,154.0,18.0,83.0,,,,0.0,0.0,,64.04,53.06,582.0,,,,,,,,,,139.0,98.0,999.0,,999.0,,,,999.0,,,,,,1.0,,,,
1973,3,12,,,,,,,,,,,,,,,0.0,0.0,,,,,,,,,,,,,,,,-999.0,,-999.0,,,,-999.0,,,,,,,,,,
1973,3,14,50.0,30.0,,,,,,,1330.0,0.0,83.0,,,,0.0,0.0,,64.94,50.0,588.0,,,,,,,,,,82.0,49.0,9999.0,,9999.0,,,,9999.0,,,,,,9999.0,,,,
1973,3,15,,,,,,,,,,0.0,,,,,0.0,0.0,,,,,,,,,,,,,,,,-99.0,,-99.0,,,,-99.0,,,,,,-99.0,,,,
1973,3,16,,,,,,,,,,,,,,,,,,,,,,,,,,,,,,,,99.0,,99.0,,,,99.0,,,,,,99.0,,,,
1973,3,17,90.0,100.0,,,,,,,1136.0,180.0,2.0,,,,0.0,0.0,,60.08,51.08,18.0,,,,225.0,180.0,,,,,139.0,98.0,1.0,,-9999.0,,,,-9999.0,,,,,,1.0,,,,
1973,3,18,,,,,,,,,,0.0,,,,,0.0,0.0,,32.0,32.0,,,,,,,,,,,,,,,-9.0,,,,-9.0,,,,,,,,,,
1973,3,19,70.0,80.0,,,,,,,324.0,3.0,70.0,,,,0.0,0.0,,60.08,48.02,498.0,,,,,,,,,,103.0,58.0,999.0,,999.0,,,,999.0,,,,,,1.0,,,,
1973,3,20,,,,,,,,,,,,,,,0.0,0.0,,,,,,,,,,,,,,,,-999.0,,,,,,-999.0,,,,,,,,,,
1973,3,22,0.0,0.0,,,,,,,1418.0,,100.0,,,,0.0,0.0,,64.04,46.04,714.0,,,,,,,,,,93.0,76.0,9999.0,,1.0,,,,9999.0,,,,,,1.0,,,,
1973,3,23,,,,,,,,,,0.0,,,,,0.0,0.0,,,32.0,,,,,,,,,,,,,-99.0,,,,,,-99.0,,,,,,,,,,
1973,3,24,,,,,,,,,,,,,,,,,,,,,,,,,,,,,,,,99.0,,99.0,,,,99.0,,,,,,99.0,,,,
1973,3,25,10.0,0.0,,,,,,,1336.0,0.0,100.0,,,,0.0,0.0,,71.06,50.0,720.0,,,,270.0,270.0,,,,,98.0,85.0,-9999.0,,-9999.0,,,,1.0,,,,,,-9999.0,,,,
1973,3,26,,,,,,,,,,0.0,,,,,0.0,0.0,,32.0,32.0,,,,,,,,,,,,,-9.0,,-9.0,,,,,,,,,,,,,,
1973,3,27,70.0,90.0,,,,,,,148.0,,69.0,,,,0.0,0.0,,64.04,53.06,498.0,,,,,,,,,,103.0,67.0,999.0,,999.0,,,,999.0,,,,,,1.0,,,,
1973,3,28,,,,,,,,,,0.0,,,,,0.0,0.0,,,,,,,,,,,,,,,,-999.0,,-999.0,,,,-999.0,,,,,,,,,,
1973,3,29,,,,,,,,,,,,,,,,,,,,,,,,,,,,,,,,,,,,,,9.0,,,,,,,,,,
1973,3,30,60.0,60.0,,,,,,,1930.0,0.0,52.0,,,,0.0,0.0,,64.94,53.96,378.0,,,,,,,,,,72.0,72.0,9999.0,,9999.0,,,,1.0,,,,,,9999.0,,,,
1973,3,31,,,,,,,,,,,,,,,0.0,0.0,,,,,,,,,,,,,,,,,,-99.0,,,,,,,,,,,,,,
1973,4,1,50.0,60.0,,,,,,,1542.0,0.0,58.0,,,,0.0,0.0,,64.04,55.04,432.0,,,,270.0,315.0,,,,,123.0,107.0,-9999.0,,,,,,1.0,,,,,,-9999.0,,,,
1973,4,2,,,,,,,,,,0.0,,,,,0.0,0.0,,32.0,32.0,,,,,,,,,,,,,-9.0,,,,,,,,,,,,-9.0,,,,
1973,4,3,0.0,0.0,,,,,,,430.0,0.0,100.0,,,,0.0,0.0,,66.92,48.92,756.0,,,,,,,,,,108.0,98.0,999.0,,,,,,999.0,,,,,,999.0,,,,
1973,4,4,,,,,,,,,,0.0,,,,,0.0,0.0,,,,,,,,,,,,,,,,-999.0,,,,,,-999.0,,,,,,-999.0,,,,
1973,4,6,0.0,0.0,,,,,,,1400.0,0.0,99.0,,,,0.0,0.0,,78.08,55.04,750.0,,,,,,,,,,154.0,116.0,9999.0,,,,,,9999.0,,,,,,9999.0,,,,
1973,4,7,,,,,,,,,,0.0,,,,,0.0,0.0,,,,,,,,,,,,,,,,-99.0,,,,,,-99.0,,,,,,-99.0,,,,
1973,4,8,,,,,,,,,,,,,,,,,,,,,,,,,,,,,,,,99.0,,,,,,99.0,,,,,,99.0,,,,
1973,4,9,40.0,20.0,,,,,,,2324.0,0.0,86.0,,,,0.0,0.0,,66.02,55.94,654.0,,,,135.0,180.0,,,,,77.0,54.0,-9999.0,,,,,,1.0,,,,,,-9999.0,,,,
1973,4,10,,,,,,,,,,0.0,,,,,0.0,0.0,,32.0,32.0,,,,,,,,,,,,,-9.0,,,,,,,,,,,,-9.0,,,,
1973,4,11,50.0,60.0,,,,,,,624.0,0.0,45.0,,,,0.0,0.0,,66.02,57.02,342.0,,,,,,,,,,82.0,67.0,999.0,,,,,,1.0,,,,,,999.0,,,,
1973,4,12,,,,,,,,,,0.0,,,,,0.0,0.0,,,,,,,,,,,,,,,,-999.0,,,,,,,,,,,,-999.0,,,,
1973,4,14,50.0,70.0,,,,,,,1442.0,0.0,78.0,,,,0.0,0.0,,80.96,53.96,600.0,,,,,,,,,,113.0,85.0,9999.0,,,,,,9999.0,,,,,,9999.0,,,,
1973,4,15,,,,,,,,,,0.0,,,,,0.0,0.0,,,,,,,,,,,,,,,,-99.0,,,,,,-99.0,,,,,,-99.0,,,,
1973,4,16,,,,,,,,,,,,,,,,,,,,,,,,,,,,,,,,99.0,,,,,,99.0,,,,,,99.0,,,,
1973,4,17,40.0,30.0,,,,,,,1442.0,0.0,79.0,,,,0.0,0.0,,66.02,55.04,606.0,,,,270.0,315.0,,,,,82.0,58.0,-9999.0,,,,,,1.0,,,,,,-9999.0,,,,
1973,4,18,,,,,,,,,,0.0,,,,,0.0,0.0,,32.0,32.0,,,,,,,,,,,,,-9.0,,,,,,,,,,,,-9.0,,,,
1973,4,19,80.0,60.0,,,,,,,354.0,0.0,58.0,,,,0.0,0.0,,66.02,55.94,444.0,,,,,,,,,,77.0,49.0,999.0,,,,,,1.0,,,,,,999.0,,,,
1973,4,20,,,,,,,,,,0.0,,,,,0.0,0.0,,,,,,,,,,,,,,,,-999.0,,,,,,,,,,,,,,,,
1973,4,22,60.0,70.0,,,,,,,1242.0,0.0,53.0,,,,0.0,0.0,,64.04,55.94,408.0,,,,,,,,,,113.0,76.0,9999.0,,,,,,9999.0,,,,,,9999.0,,,,
1973,4,23,,,,,,,,,,0.0,,,,,0.0,0.0,,,,,,,,,,,,,,,,-99.0,,,,,,-99.0,,,,,,-99.0,,,,
1973,4,24,,,,,,,,,,,,,,,,,,,,,,,,,,,,,,,,99.0,,,,,,99.0,,,,,,99.0,,,,
1973,4,25,60.0,40.0,,,,,,,1342.0,0.0,76.0,,,,0.0,0.0,,66.92,55.94,594.0,,,,315.0,315.0,,,,,98.0,72.0,-9999.0,,,,,,-9999.0,,,,,,-9999.0,,,,
1973,4,26,,,,,,,,,,0.0,,,,,0.0,0.0,,32.0,32.0,,,,,,,,,,,,,-9.0,,,,,,,,,,,,,,,,
1973,4,27,100.0,90.0,,,,,,,30.0,,14.0,,,,0.0,0.0,,64.04,57.02,114.0,,,,,,,,,,93.0,63.0,999.0,,,,,,1.0,,,,,,1.0,,,,
1973,4,28,,,,,,,,,,0.0,,,,,0.0,0.0,,,,,,,,,,,,,,,,,,,,,,,,,,,,,,,,
1973,4,30,50.0,60.0,,,,,,,1154.0,0.0,70.0,,,,0.0,0.0,,64.04,55.04,552.0,,,,,,,,,,103.0,58.0,9999.0,,,,,,9999.0,,,,,,9999.0,,,,
1973,4,31,,,,,,,,,,0.0,,,,,0.0,0.0,,,,,,,,,,,,,,,,-99.0,,,,,,-99.0,,,,,,-99.0,,,,
1973,5,1,20.0,10.0,,,,,,,1430.0,0.0,91.0,,,,0.0,0.0,,66.92,55.04,738.0,,,,315.0,270.0,,,,,108.0,89.0,-9999.0,-9999.0,,,,,-9999.0,,,,,,-9999.0,,,,
1973,5,2,,,,,,,,,,0.0,,,,,0.0,0.0,,32.0,32.0,,,,,,,,,,,,,-9.0,-9.0,,,,,,,,,,,-9.0,,,,
1973,5,3,0.0,0.0,,,,,,,542.0,0.0,100.0,,,,0.0,0.0,,80.96,55.04,810.0,,,,,,,,,,108.0,85.0,999.0,999.0,,,,,1.0,,,,,,999.0,,,,
1973,5,4,,,,,,,,,,0.0,,,,,0.0,0.0,,,,,,,,,,,,,,,,,,,,,,,,,,,,-999.0,,,,
1973,5,6,90.0,80.0,,,,,,,518.0,0.0,41.0,,,,0.0,0.0,,64.04,57.02,336.0,,,,,,,,,,108.0,58.0,9999.0,9999.0,,,,,1.0,,,,,,9999.0,,,,
1973,5,7,,,,,,,,,,0.0,,,,,0.0,0.0,,,,,,,,,,,,,,,,-99.0,-99.0,,,,,,,,,,,,,,,
1973,5,8,,,,,,,,,,,,,,,,,,,,,,,,,,,,,,,,99.0,99.0,,,,,99.0,,,,,,,,,,
1973,5,9,60.0,60.0,,,,,,,1442.0,0.0,40.0,,,,0.0,0.0,,64.94,57.02,330.0,,,,270.0,315.0,,,,,93.0,49.0,-9999.0,-9999.0,,,,,-9999.0,,,,,,-9999.0,,,,
1973,5,10,,,,,,,,,,0.0,,,,,0.0,0.0,,32.0,32.0,,,,,,,,,,,,,-9.0,-9.0,,,,,,,,,,,-9.0,,,,
1973,5,11,60.0,50.0,,,,,,,306.0,0.0,67.0,,,,0.0,0.0,,66.92,55.94,546.0,,,,,,,,,,103.0,67.0,999.0,999.0,,,,,1.0,,,,,,999.0,,,,
1973,5,12,,,,,,,,,,0.0,,,,,0.0,0.0,,,,,,,,,,,,,,,,,-999.0,,,,,,,,,,,-999.0,,,,
1973,5,14,60.0,60.0,,,,,,,1500.0,0.0,66.0,,,,0.0,0.0,,68.0,57.02,546.0,,,,,,,,,,87.0,49.0,1.0,9999.0,,,,,1.0,,,,,,9999.0,,,,
1973,5,15,,,,,,,,,,0.0,,,,,0.0,0.0,,,,,,,,,,,,,,,,,,,,,,,,,,,,-99.0,,,,
1973,5,16,,,,,,,,,,,,,,,,,,,,,,,,,,,,,,,,,,,,,,,,,,,,99.0,,,,
1973,5,17,100.0,100.0,,,,,,,706.0,0.0,0.0,,,,0.0,0.0,,62.959999999999994,57.92,0.0,,,,180.0,180.0,,,,,87.0,45.0,1.0,-9999.0,,,,,1.0,,,,,,1.0,,,,
1973,5,18,,,,,,,,,,,,,,,0.0,0.0,,32.0,32.0,,,,,,,,,,,,,,-9.0,,,,,,,,,,,,,,,
1973,5,19,90.0,90.0,,,,,,,400.0,0.0,37.0,,,,0.0,0.0,,68.0,59.0,312.0,,,,,,,,,,87.0,67.0,999.0,999.0,,,,,1.0,,,,,,999.0,,,,
1973,5,20,,,,,,,,,,0.0,,,,,0.0,0.0,,,,,,,,,,,,,,,,,-999.0,,,,,,,,,,,,,,,
1973,5,22,100.0,100.0,,,,,,,1224.0,,0.0,,,,0.0,0.0,,64.04,57.92,0.0,,,,,,,,,,67.0,40.0,9999.0,9999.0,,,,,1.0,,,,,,1.0,,,,
1973,5,23,,,,,,,,,,0.0,,,,,0.0,0.0,,,,,,,,,,,,,,,,,-99.0,,,,,,,,,,,,,,,
1973,5,24,,,,,,,,,,,,,,,,,,,,,,,,,,,,,,,,,99.0,,,,,,,,,,,,,,,
1973,5,25,90.0,90.0,,,,,,,1454.0,0.0,17.0,,,,0.0,0.0,,66.02,59.0,138.0,,,,270.0,315.0,,,,,87.0,63.0,-9999.0,-9999.0,,,,,1.0,,,,,,-9999.0,,,,
1973,5,26,,,,,,,,,,0.0,,,,,0.0,0.0,,32.0,32.0,,,,,,,,,,,,,-9.0,-9.0,,,,,,,,,,,,,,,
1973,5,27,90.0,80.0,,,,,,,506.0,,37.0,,,,0.0,0.0,,68.0,57.92,306.0,,,,,,,,,,87.0,54.0,999.0,999.0,,,,,1.0,,,,,,1.0,,,,
1973,5,28,,,,,,,,,,0.0,,,,,0.0,0.0,,,,,,,,,,,,,,,,,-999.0,,,,,,,,,,,,,,,
1973,5,30,100.0,100.0,,,,,,,1442.0,,9.0,,,,0.0,0.0,,66.02,59.0,78.0,,,,,,,,,,77.0,45.0,9999.0,9999.0,,,,,1.0,,,,,,1.0,,,,
1973,5,31,,,,,,,,,,0.0,,,,,0.0,0.0,,,,,,,,,,,,,,,,-99.0,-99.0,,,,,,,,,,,,,,,
1973,6,1,100.0,100.0,,,,,,,1054.0,0.0,0.0,,,,0.0,0.0,,68.0,62.959999999999994,0.0,,,,225.0,180.0,,,,,67.0,45.0,-9999.0,-9999.0,,,,,-9999.0,,,,,,1.0,,,,
1973,6,2,,,,,,,,,,,,,,,0.0,0.0,,32.0,32.0,,,,,,,,,,,,,-9.0,-9.0,,,,,-9.0,,,,,,,,,,
1973,6,3,100.0,100.0,,,,,,,324.0,,0.0,,,,0.0,0.0,,69.08,62.059999999999995,0.0,,,,,,,,,,72.0,63.0,999.0,999.0,,,,,999.0,,,,,,1.0,,,,
1973,6,4,,,,,,,,,,0.0,,,,,0.0,0.0,,,,,,,,,,,,,,,,-999.0,-999.0,,,,,-999.0,,,,,,,,,,
1973,6,5,,,,,,,,,,,,,,,,,,,,,,,,,,,,,,,,,,,,,,9.0,,,,,,,,,,
1973,6,6,60.0,60.0,,,,,,,1142.0,0.0,72.0,,,,0.0,0.0,,71.06,62.059999999999995,612.0,,,,,,,,,,103.0,72.0,9999.0,9999.0,,,,,1.0,,,,,,9999.0,,,,
1973,6,7,,,,,,,,,,0.0,,,,,0.0,0.0,,,,,,,,,,,,,,,,-99.0,-99.0,,,,,,,,,,,-99.0,,,,
1973,6,8,,,,,,,,,,,,,,,,,,,,,,,,,,,,,,,,99.0,99.0,,,,,,,,,,,99.0,,,,
1973,6,9,90.0,90.0,,,,,,,1236.0,0.0,63.0,,,,0.0,0.0,,73.04,62.059999999999995,540.0,,,,315.0,315.0,,,,,103.0,80.0,1.0,-9999.0,,,,,1.0,,,,,,-9999.0,,,,
1973,6,10,,,,,,,,,,0.0,,,,,0.0,0.0,,32.0,32.0,,,,,,,,,,,,,,-9.0,,,,,,,,,,,-9.0,,,,
1973,6,11,80.0,60.0,,,,,,,254.0,0.0,73.0,,,,0.0,0.0,,73.94,60.980000000000004,624.0,,,,,,,,,,77.0,54.0,1.0,999.0,,,,,1.0,,,,,,999.0,,,,
1973,6,12,,,,,,,,,,0.0,,,,,0.0,0.0,,,,,,,,,,,,,,,,,,,,,,,,,,,,-999.0,,,,
1973,6,14,90.0,90.0,,,,,,,2330.0,0.0,55.0,,,,0.0,0.0,,69.08,59.0,468.0,,,,,,,,,,98.0,49.0,1.0,9999.0,,,,,1.0,,,,,,9999.0,,,,
1973,6,15,,,,,,,,,,0.0,,,,,0.0,0.0,,,,,,,,,,,,,,,,,-99.0,,,,,,,,,,,-99.0,,,,
1973,6,16,,,,,,,,,,,,,,,,,,,,,,,,,,,,,,,,99.0,99.0,,,,,,,,,,,99.0,,,,
1973,6,17,90.0,80.0,,,,,,,1306.0,0.0,48.0,,,,0.0,0.0,,69.98,62.059999999999995,408.0,,,,225.0,225.0,,,,,82.0,45.0,-9999.0,-9999.0,,,,,1.0,,,,,,-9999.0,,,,
1973,6,18,,,,,,,,,,0.0,,,,,0.0,0.0,,32.0,32.0,,,,,,,,,,,,,-9.0,-9.0,,,,,,,,,,,-9.0,,,,
1973,6,19,90.0,100.0,,,,,,,242.0,0.0,10.0,,,,0.0,0.0,,69.98,62.959999999999994,90.0,,,,,,,,,,98.0,58.0,999.0,999.0,,,,,999.0,,,,,,999.0,,,,
1973,6,20,,,,,,,,,,0.0,,,,,0.0,0.0,,,,,,,,,,,,,,,,-999.0,-999.0,,,,,,,,,,,,,,,
1973,6,22,60.0,70.0,,,,,,,1306.0,,46.0,,,,0.0,0.0,,69.08,60.980000000000004,396.0,,,,,,,,,,93.0,58.0,9999.0,9999.0,,,,,9999.0,,,,,,1.0,,,,
1973,6,23,,,,,,,,,,0.0,,,,,0.0,0.0,,,,,,,,,,,,,,,,-99.0,-99.0,,,,,-99.0,,,,,,,,,,
1973,6,24,,,,,,,,,,,,,,,,,,,,,,,,,,,,,,,,99.0,99.0,,,,,99.0,,,,,,99.0,,,,
1973,6,25,40.0,20.0,,,,,,,1354.0,0.0,83.0,,,,0.0,0.0,,71.06,62.059999999999995,714.0,,,,270.0,315.0,,,,,87.0,58.0,-9999.0,-9999.0,,,,,-9999.0,,,,,,-9999.0,,,,
1973,6,26,,,,,,,,,,0.0,,,,,0.0,0.0,,32.0,32.0,,,,,,,,,,,,,-9.0,-9.0,,,,,,,,,,,-9.0,,,,
1973,6,27,50.0,40.0,,,,,,,154.0,0.0,65.0,,,,0.0,0.0,,71.06,62.059999999999995,558.0,,,,,,,,,,82.0,49.0,999.0,999.0,,,,,1.0,,,,,,999.0,,,,
1973,6,28,,,,,,,,,,0.0,,,,,0.0,0.0,,,,,,,,,,,,,,,,-999.0,-999.0,,,,,,,,,,,-999.0,,,,
1973,6,29,,,,,,,,,,,,,,,,,,,,,,,,,,,,,,,,9.0,,,,,,,,,,,,,,,,
1973,6,30,20.0,10.0,,,,,,,1424.0,0.0,97.0,,,,0.0,0.0,,80.96,62.059999999999995,834.0,,,,,,,,,,82.0,58.0,1.0,9999.0,,,,,1.0,,,,,,9999.0,,,,
1973,6,31,,,,,,,,,,0.0,,,,,0.0,0.0,,,,,,,,,,,,,,,,,,,,,,,,,,,,-99.0,,,,
1973,7,1,70.0,50.0,,,,,,,1548.0,0.0,58.0,,,,0.0,0.0,,75.02,64.04,498.0,,,,315.0,270.0,,,,,93.0,72.0,-9999.0,-9999.0,,,,,1.0,,,,,,-9999.0,,,,
1973,7,2,,,,,,,,,,0.0,,,,,0.0,0.0,,32.0,32.0,,,,,,,,,,,,,-9.0,-9.0,,,,,,,,,,,-9.0,,,,
1973,7,3,30.0,20.0,,,,,,,354.0,0.0,83.0,,,,0.0,0.0,,78.08,66.02,714.0,,,,,,,,,,103.0,80.0,999.0,999.0,,,,,1.0,,,,,,999.0,,,,
1973,7,4,,,,,,,,,,0.0,,,,,0.0,0.0,,,,,,,,,,,,,,,,-999.0,-999.0,,,,,,,,,,,-999.0,,,,
1973,7,5,,,,,,,,,,,,,,,,,,,,,,,,,,,,,,,,9.0,9.0,,,,,,,,,,,,,,,
1973,7,6,80.0,70.0,,,,,,,1124.0,0.0,40.0,,,,0.0,0.0,,75.02,62.959999999999994,348.0,,,,,,,,,,87.0,40.0,1.0,1.0,,,,,1.0,,,,,,9999.0,,,,
1973,7,7,,,,,,,,,,0.0,,,,,0.0,0.0,,,,,,,,,,,,,,,,,,,,,,,,,,,,-99.0,,,,
1973,7,8,,,,,,,,,,,,,,,,,,,,,,,,,,,,,,,,,99.0,,,,,,,,,,,99.0,,,,
1973,7,9,100.0,100.0,,,,,,,1036.0,0.0,1.0,,,,0.0,0.0,,71.96,62.959999999999994,12.0,,,,180.0,225.0,,,,,93.0,54.0,1.0,-9999.0,,,,,1.0,,,,,,1.0,,,,
1973,7,10,,,,,,,,,,,,,,,0.0,0.0,,32.0,32.0,,,,,,,,,,,,,,-9.0,,,,,,,,,,,,,,,
1973,7,11,100.0,100.0,,,,,,,442.0,,10.0,,,,0.0,0.0,,71.96,62.059999999999995,84.0,,,,,,,,,,93.0,49.0,999.0,999.0,,,,,1.0,,,,,,1.0,,,,
1973,7,12,,,,,,,,,,0.0,,,,,0.0,0.0,,,,,,,,,,,,,,,,-999.0,-999.0,,,,,,,,,,,,,,,
1973,7,13,,,,,,,,,,,,,,,,,,,,,,,,,,,,,,,,,,,,,,,,,,,,9.0,,,,
1973,7,14,100.0,100.0,,,,,,,1236.0,,1.0,,,,0.0,0.0,,71.96,64.04,6.0,,,,,,,,,,72.0,45.0,9999.0,9999.0,,,,,1.0,,,,,,1.0,,,,
1973,7,15,,,,,,,,,,0.0,,,,,0.0,0.0,,,,,,,,,,,,,,,,,-99.0,,,,,,,,,,,,,,,
1973,7,16,,,,,,,,,,,,,,,,,,,,,,,,,,,,,,,,,99.0,,,,,,,,,,,99.0,,,,
1973,7,17,80.0,80.0,,,,,,,1606.0,0.0,51.0,,,,0.0,0.0,,73.04,62.959999999999994,432.0,,,,225.0,180.0,,,,,72.0,45.0,-9999.0,-9999.0,,,,,1.0,,,,,,-9999.0,,,,
1973,7,18,,,,,,,,,,0.0,,,,,0.0,0.0,,32.0,32.0,,,,,,,,,,,,,-9.0,-9.0,,,,,,,,,,,,,,,
1973,7,19,100.0,100.0,,,,,,,518.0,,1.0,,,,0.0,0.0,,71.06,62.959999999999994,12.0,,,,,,,,,,77.0,49.0,999.0,999.0,,,,,1.0,,,,,,1.0,,,,
1973,7,20,,,,,,,,,,0.0,,,,,0.0,0.0,,,,,,,,,,,,,,,,-999.0,-999.0,,,,,,,,,,,,,,,
1973,7,22,80.0,60.0,,,,,,,1236.0,0.0,54.0,,,,0.0,0.0,,73.94,62.059999999999995,456.0,,,,,,,,,,87.0,58.0,9999.0,9999.0,,,,,9999.0,,,,,,9999.0,,,,
1973,7,23,,,,,,,,,,0.0,,,,,0.0,0.0,,,,,,,,,,,,,,,,-99.0,-99.0,,,,,,,,,,,-99.0,,,,
1973,7,24,,,,,,,,,,,,,,,,,,,,,,,,,,,,,,,,99.0,99.0,,,,,,,,,,,99.0,,,,
1973,7,25,70.0,70.0,,,,,,,1536.0,0.0,47.0,,,,0.0,0.0,,73.04,64.04,396.0,,,,270.0,315.0,,,,,93.0,67.0,-9999.0,-9999.0,,,,,1.0,,,,,,-9999.0,,,,
1973,7,26,,,,,,,,,,0.0,,,,,0.0,0.0,,32.0,32.0,,,,,,,,,,,,,-9.0,-9.0,,,,,,,,,,,-9.0,,,,
1973,7,27,70.0,50.0,,,,,,,48.0,0.0,63.0,,,,0.0,0.0,,73.94,64.04,534.0,,,,,,,,,,93.0,76.0,999.0,999.0,,,,,1.0,,,,,,999.0,,,,
1973,7,28,,,,,,,,,,0.0,,,,,0.0,0.0,,,,,,,,,,,,,,,,-999.0,-999.0,,,,,,,,,,,-999.0,,,,
1973,7,30,70.0,50.0,,,,,,,1648.0,0.0,56.0,,,,0.0,0.0,,73.04,64.04,474.0,,,,,,,,,,93.0,58.0,9999.0,9999.0,,,,,9999.0,,,,,,9999.0,,,,
1973,7,31,,,,,,,,,,0.0,,,,,0.0,0.0,,,,,,,,,,,,,,,,-99.0,-99.0,,,,,-99.0,,,,,,-99.0,,,,
1973,8,1,60.0,60.0,,,,,,,1324.0,0.0,64.0,,,,0.0,0.0,,78.08,66.92,528.0,,,,225.0,270.0,,,,,72.0,58.0,-9999.0,,,,,,1.0,,,,,,-9999.0,,,,
1973,8,2,,,,,,,,,,0.0,,,,,0.0,0.0,,32.0,32.0,,,,,,,,,,,,,-9.0,,,,,,,,,,,,-9.0,,,,
1973,8,3,70.0,70.0,,,,,,,442.0,0.0,53.0,,,,0.0,0.0,,77.0,66.02,432.0,,,,,,,,,,77.0,49.0,999.0,,,,,,1.0,,,,,,999.0,,,,
1973,8,4,,,,,,,,,,0.0,,,,,0.0,0.0,,,,,,,,,,,,,,,,-999.0,,,,,,,,,,,,-999.0,,,,
1973,8,5,,,,,,,,,,,,,,,,,,,,,,,,,,,,,,,,9.0,,,,,,,,,,,,,,,,
1973,8,6,90.0,80.0,,,,,,,1406.0,0.0,41.0,,,,0.0,0.0,,73.04,64.94,336.0,,,,,,,,,,77.0,49.0,1.0,,,,,,1.0,,,,,,9999.0,,,,
1973,8,7,,,,,,,,,,0.0,,,,,0.0,0.0,,,,,,,,,,,,,,,,,,,,,,,,,,,,-99.0,,,,
1973,8,8,,,,,,,,,,,,,,,,,,,,,,,,,,,,,,,,99.0,,,,,,,,,,,,99.0,,,,
1973,8,9,70.0,50.0,,,,,,,1412.0,0.0,60.0,,,,0.0,0.0,,75.02,66.02,492.0,,,,270.0,270.0,,,,,113.0,72.0,-9999.0,,,,,,1.0,,,,,,-9999.0,,,,
1973,8,10,,,,,,,,,,0.0,,,,,0.0,0.0,,32.0,32.0,,,,,,,,,,,,,-9.0,,,,,,,,,,,,-9.0,,,,
1973,8,11,50.0,20.0,,,,,,,630.0,0.0,76.0,,,,0.0,0.0,,75.02,64.94,624.0,,,,,,,,,,93.0,72.0,999.0,,,,,,1.0,,,,,,999.0,,,,
1973,8,12,,,,,,,,,,0.0,,,,,0.0,0.0,,,,,,,,,,,,,,,,-999.0,,,,,,,,,,,,-999.0,,,,
1973,8,14,60.0,30.0,,,,,,,1236.0,0.0,73.0,,,,0.0,0.0,,75.02,64.94,588.0,,,,,,,,,,98.0,54.0,9999.0,,,,,,1.0,,,,,,9999.0,,,,
1973,8,15,,,,,,,,,,0.0,,,,,0.0,0.0,,,,,,,,,,,,,,,,,,,,,,,,,,,,,,,,
1973,8,17,80.0,60.0,,,,,,,1254.0,0.0,66.0,,,,0.0,0.0,,73.94,62.959999999999994,396.0,,,,315.0,315.0,,,,,93.0,58.0,-9999.0,,,,,,1.0,,,,,,-9999.0,,,,
1973,8,18,,,,,,,,,,0.0,,,,,0.0,0.0,,32.0,32.0,,,,,,,,,,,,,-9.0,,,,,,,,,,,,-9.0,,,,
1973,8,19,80.0,60.0,,,,,,,436.0,0.0,58.0,,,,0.0,0.0,,75.02,64.94,468.0,,,,,,,,,,82.0,54.0,999.0,,,,,,1.0,,,,,,999.0,,,,
1973,8,20,,,,,,,,,,0.0,,,,,0.0,0.0,,,,,,,,,,,,,,,,-999.0,,,,,,,,,,,,-999.0,,,,
1973,8,22,90.0,90.0,,,,,,,1436.0,0.0,38.0,,,,0.0,0.0,,75.02,64.94,312.0,,,,,,,,,,67.0,49.0,9999.0,,,,,,1.0,,,,,,9999.0,,,,
1973,8,23,,,,,,,,,,0.0,,,,,0.0,0.0,,,,,,,,,,,,,,,,-99.0,,,,,,,,,,,,-99.0,,,,
1973,8,24,,,,,,,,,,,,,,,,,,,,,,,,,,,,,,,,99.0,,,,,,,,,,,,99.0,,,,
1973,8,25,70.0,60.0,,,,,,,1354.0,0.0,47.0,,,,0.0,0.0,,73.94,66.02,378.0,,,,225.0,225.0,,,,,77.0,45.0,-9999.0,,,,,,1.0,,,,,,-9999.0,,,,
1973,8,26,,,,,,,,,,0.0,,,,,0.0,0.0,,32.0,32.0,,,,,,,,,,,,,-9.0,,,,,,,,,,,,-9.0,,,,
1973,8,27,60.0,60.0,,,,,,,354.0,0.0,56.0,,,,0.0,0.0,,75.92,66.02,450.0,,,,,,,,,,72.0,45.0,999.0,,,,,,1.0,,,,,,999.0,,,,
1973,8,28,,,,,,,,,,0.0,,,,,0.0,0.0,,,,,,,,,,,,,,,,-999.0,,,,,,,,,,,,-999.0,,,,
1973,8,30,20.0,30.0,,,,,,,1606.0,0.0,82.0,,,,0.0,0.0,,82.94,69.08,654.0,,,,,,,,,,118.0,94.0,9999.0,,,,,,1.0,,,,,,9999.0,,,,
1973,8,31,,,,,,,,,,0.0,,,,,0.0,0.0,,,,,,,,,,,,,,,,,,,,,,,,,,,,,,,,
1973,9,1,60.0,30.0,,,,,,,1100.0,0.0,72.0,,,,0.0,0.0,,71.96,64.04,558.0,,,,180.0,225.0,,,,,77.0,49.0,-9999.0,,,,,,-9999.0,,,,,,-9999.0,,,,
1973,9,2,,,,,,,,,,0.0,,,,,0.0,0.0,,32.0,32.0,,,,,,,,,,,,,-9.0,,,,,,,,,,,,-9.0,,,,
1973,9,3,70.0,40.0,,,,,,,254.0,0.0,61.0,,,,0.0,0.0,,73.04,62.959999999999994,474.0,,,,,,,,,,82.0,54.0,999.0,,,,,,1.0,,,,,,999.0,,,,
1973,9,4,,,,,,,,,,0.0,,,,,0.0,0.0,,,,,,,,,,,,,,,,-999.0,,,,,,,,,,,,-999.0,,,,
1973,9,5,,,,,,,,,,,,,,,,,,,,,,,,,,,,,,,,9.0,,,,,,9.0,,,,,,9.0,,,,
1973,9,6,100.0,100.0,,,,,,,1424.0,5.0,0.0,,,,0.0,0.0,,69.08,62.959999999999994,0.0,,,,,,,,,,87.0,72.0,1.0,,,,,,1.0,,,,,,1.0,,,,
1973,9,7,,,,,,,,,,0.0,,,,,0.0,0.0,,,,,,,,,,,,,,,,,,,,,,,,,,,,,,,,
1973,9,8,,,,,,,,,,,,,,,,,,,,,,,,,,,,,,,,99.0,,,,,,,,,,,,99.0,,,,
1973,9,9,40.0,20.0,,,,,,,1118.0,0.0,82.0,,,,0.0,0.0,,75.02,62.959999999999994,624.0,,,,270.0,315.0,,,,,77.0,63.0,-9999.0,,,,,,1.0,,,,,,-9999.0,,,,
1973,9,10,,,,,,,,,,0.0,,,,,0.0,0.0,,32.0,32.0,,,,,,,,,,,,,,,,,,,,,,,,,,,,,
1973,9,11,100.0,100.0,,,,,,,324.0,,5.0,,,,0.0,0.0,,69.98,60.08,42.0,,,,,,,,,,87.0,63.0,1.0,,,,,,1.0,,,,,,1.0,,,,
1973,9,12,,,,,,,,,,0.0,,,,,0.0,0.0,,,,,,,,,,,,,,,,,,,,,,,,,,,,,,,,
1973,9,14,100.0,90.0,,,,,,,1342.0,0.0,12.0,,,,0.0,0.0,,71.96,66.02,90.0,,,,,,,,,,72.0,58.0,9999.0,,,,,,1.0,,,,,,9999.0,,,,
1973,9,15,,,,,,,,,,0.0,,,,,0.0,0.0,,,,,,,,,,,,,,,,-99.0,,,,,,,,,,,,,,,,
1973,9,16,,,,,,,,,,,,,,,,,,,,,,,,,,,,,,,,99.0,,,,,,99.0,,,,,,,,,,
1973,9,17,90.0,80.0,,,,,,,1500.0,0.0,35.0,,,,0.0,0.0,,73.94,66.02,264.0,,,,270.0,270.0,,,,,98.0,80.0,-9999.0,,,,,,1.0,,,,,,-9999.0,,,,
1973,9,18,,,,,,,,,,0.0,,,,,0.0,0.0,,32.0,32.0,,,,,,,,,,,,,-9.0,,,,,,,,,,,,-9.0,,,,
1973,9,19,100.0,100.0,,,,,,,318.0,0.0,0.0,,,,0.0,0.0,,69.98,64.04,0.0,,,,,,,,,,67.0,54.0,999.0,,,,,,1.0,,,,,,999.0,,,,
1973,9,20,,,,,,,,,,0.0,,,,,0.0,0.0,,,,,,,,,,,,,,,,-999.0,,,,,,,,,,,,,,,,
1973,9,22,90.0,90.0,,,,,,,1454.0,0.0,29.0,,,,0.0,0.0,,73.04,64.04,222.0,,,,,,,,,,82.0,49.0,9999.0,,,,,,1.0,,,,,,9999.0,,,,
1973,9,23,,,,,,,,,,0.0,,,,,0.0,0.0,,,,,,,,,,,,,,,,-99.0,,,,,,,,,,,,-99.0,,,,
1973,9,24,,,,,,,,,,,,,,,,,,,,,,,,,,,,,,,,99.0,,,,,,,,,,,,99.0,,,,
1973,9,25,60.0,40.0,,,,,,,1206.0,0.0,65.0,,,,0.0,0.0,,73.04,64.04,480.0,,,,270.0,270.0,,,,,82.0,63.0,-9999.0,,,,,,1.0,,,,,,-9999.0,,,,
1973,9,26,,,,,,,,,,0.0,,,,,0.0,0.0,,32.0,32.0,,,,,,,,,,,,,-9.0,,,,,,,,,,,,-9.0,,,,
1973,9,27,50.0,30.0,,,,,,,342.0,0.0,81.0,,,,0.0,0.0,,73.04,62.959999999999994,600.0,,,,,,,,,,82.0,63.0,999.0,,,,,,1.0,,,,,,999.0,,,,
1973,9,28,,,,,,,,,,0.0,,,,,0.0,0.0,,,,,,,,,,,,,,,,-999.0,,,,,,,,,,,,-999.0,,,,
1973,9,30,70.0,50.0,,,,,,,1318.0,0.0,73.0,,,,0.0,0.0,,71.96,62.059999999999995,540.0,,,,,,,,,,62.0,45.0,9999.0,,,,,,1.0,,,,,,9999.0,,,,
1973,9,31,,,,,,,,,,0.0,,,,,0.0,0.0,,,,,,,,,,,,,,,,-99.0,,,,,,,,,,,,-99.0,,,,
1973,10,1,60.0,30.0,,,,,,,1436.0,0.0,86.0,,,,0.0,0.0,,69.98,62.059999999999995,612.0,,,,225.0,315.0,,,,,87.0,54.0,-9999.0,-9999.0,,,,,1.0,,,,,,-9999.0,,,,
1973,10,2,,,,,,,,,,0.0,,,,,0.0,0.0,,32.0,32.0,,,,,,,,,,,,,-9.0,-9.0,,,,,,,,,,,-9.0,,,,
1973,10,3,60.0,50.0,,,,,,,206.0,0.0,62.0,,,,0.0,0.0,,69.98,62.959999999999994,438.0,,,,,,,,,,82.0,58.0,999.0,999.0,,,,,1.0,,,,,,999.0,,,,
1973,10,4,,,,,,,,,,0.0,,,,,0.0,0.0,,,,,,,,,,,,,,,,-999.0,-999.0,,,,,,,,,,,-999.0,,,,
1973,10,6,60.0,40.0,,,,,,,1300.0,0.0,80.0,,,,0.0,0.0,,71.96,60.08,570.0,,,,,,,,,,72.0,54.0,9999.0,9999.0,,,,,1.0,,,,,,9999.0,,,,
1973,10,7,,,,,,,,,,0.0,,,,,0.0,0.0,,,,,,,,,,,,,,,,,-99.0,,,,,,,,,,,-99.0,,,,
1973,10,8,,,,,,,,,,,,,,,,,,,,,,,,,,,,,,,,,99.0,,,,,,,,,,,99.0,,,,
1973,10,9,90.0,100.0,,,,,,,618.0,0.0,0.0,,,,0.0,0.0,,68.0,62.959999999999994,0.0,,,,180.0,315.0,,,,,93.0,54.0,-9999.0,-9999.0,,,,,1.0,,,,,,-9999.0,,,,
1973,10,10,,,,,,,,,,0.0,,,,,0.0,0.0,,32.0,32.0,,,,,,,,,,,,,-9.0,-9.0,,,,,,,,,,,-9.0,,,,
1973,10,11,80.0,80.0,,,,,,,312.0,0.0,25.0,,,,0.0,0.0,,69.08,60.08,180.0,,,,,,,,,,98.0,63.0,999.0,999.0,,,,,999.0,,,,,,999.0,,,,
1973,10,12,,,,,,,,,,0.0,,,,,0.0,0.0,,,,,,,,,,,,,,,,,-999.0,,,,,,,,,,,,,,,
1973,10,14,50.0,60.0,,,,,,,1530.0,0.0,51.0,,,,0.0,0.0,,71.06,60.08,354.0,,,,,,,,,,113.0,54.0,9999.0,9999.0,,,,,9999.0,,,,,,9999.0,,,,
1973,10,15,,,,,,,,,,0.0,,,,,0.0,0.0,,,,,,,,,,,,,,,,-99.0,-99.0,,,,,-99.0,,,,,,-99.0,,,,
1973,10,16,,,,,,,,,,,,,,,,,,,,,,,,,,,,,,,,99.0,99.0,,,,,99.0,,,,,,99.0,,,,
1973,10,17,20.0,10.0,,,,,,,1348.0,0.0,88.0,,,,0.0,0.0,,71.96,55.94,612.0,,,,270.0,315.0,,,,,87.0,67.0,-9999.0,-9999.0,,,,,-9999.0,,,,,,-9999.0,,,,
1973,10,18,,,,,,,,,,0.0,,,,,0.0,0.0,,32.0,32.0,,,,,,,,,,,,,-9.0,-9.0,,,,,-9.0,,,,,,-9.0,,,,
1973,10,19,20.0,20.0,,,,,,,330.0,0.0,100.0,,,,0.0,0.0,,73.94,57.02,690.0,,,,,,,,,,93.0,76.0,999.0,999.0,,,,,999.0,,,,,,999.0,,,,
1973,10,20,,,,,,,,,,0.0,,,,,0.0,0.0,,,,,,,,,,,,,,,,-999.0,-999.0,,,,,,,,,,,-999.0,,,,
1973,10,21,,,,,,,,,,,,,,,,,,,,,,,,,,,,,,,,9.0,9.0,,,,,,,,,,,,,,,
1973,10,22,40.0,20.0,,,,,,,1200.0,0.0,95.0,,,,0.0,0.0,,73.94,57.02,648.0,,,,,,,,,,72.0,58.0,1.0,1.0,,,,,1.0,,,,,,9999.0,,,,
1973,10,23,,,,,,,,,,0.0,,,,,0.0,0.0,,,,,,,,,,,,,,,,,,,,,,,,,,,,-99.0,,,,
1973,10,24,,,,,,,,,,,,,,,,,,,,,,,,,,,,,,,,,,,,,,,,,,,,99.0,,,,
1973,10,25,90.0,90.0,,,,,,,1442.0,0.0,64.0,,,,0.0,0.0,,73.04,57.02,438.0,,,,315.0,270.0,,,,,82.0,58.0,1.0,1.0,,,,,1.0,,,,,,-9999.0,,,,
1973,10,26,,,,,,,,,,0.0,,,,,0.0,0.0,,32.0,32.0,,,,,,,,,,,,,,,,,,,,,,,,,-9.0,,,,
1973,10,27,20.0,10.0,,,,,,,448.0,0.0,96.0,,,,0.0,0.0,,86.0,57.02,654.0,,,,,,,,,,93.0,80.0,1.0,1.0,,,,,1.0,,,,,,999.0,,,,
1973,10,28,,,,,,,,,,0.0,,,,,0.0,0.0,,,,,,,,,,,,,,,,,,,,,,,,,,,,-999.0,,,,
1973,10,29,,,,,,,,,,,,,,,,,,,,,,,,,,,,,,,,9.0,,,,,,,,,,,,,,,,
1973,10,30,10.0,0.0,,,,,,,1212.0,0.0,100.0,,,,0.0,0.0,,80.06,60.980000000000004,678.0,,,,,,,,,,62.0,49.0,1.0,9999.0,,,,,1.0,,,,,,9999.0,,,,
1973,10,31,,,,,,,,,,0.0,,,,,0.0,0.0,,,,,,,,,,,,,,,,,,,,,,,,,,,,-99.0,,,,
1973,11,1,90.0,80.0,,,,,,,1024.0,0.0,48.0,,,,0.0,0.0,,71.06,59.0,312.0,,,,180.0,180.0,,,,,82.0,72.0,1.0,1.0,,,,,1.0,,,,,,-9999.0,,,,
1973,11,2,,,,,,,,,,0.0,,,,,0.0,0.0,,32.0,32.0,,,,,,,,,,,,,,,,,,,,,,,,,-9.0,,,,
1973,11,3,70.0,50.0,,,,,,,336.0,0.0,49.0,,,,0.0,0.0,,66.02,60.980000000000004,324.0,,,,,,,,,,77.0,58.0,999.0,999.0,,,,,999.0,,,,,,999.0,,,,
1973,11,4,,,,,,,,,,0.0,,,,,0.0,0.0,,,,,,,,,,,,,,,,-999.0,-999.0,,,,,-999.0,,,,,,,,,,
1973,11,6,0.0,0.0,,,,,,,1524.0,0.0,100.0,,,,0.0,0.0,,68.0,53.06,648.0,,,,,,,,,,72.0,58.0,9999.0,9999.0,,,,,9999.0,,,,,,9999.0,,,,
1973,11,7,,,,,,,,,,0.0,,,,,0.0,0.0,,,,,,,,,,,,,,,,-99.0,-99.0,,,,,,,,,,,-99.0,,,,
1973,11,8,,,,,,,,,,,,,,,,,,,,,,,,,,,,,,,,99.0,99.0,,,,,,,,,,,99.0,,,,
1973,11,9,50.0,50.0,,,,,,,1318.0,0.0,86.0,,,,0.0,0.0,,71.06,50.0,552.0,,,,315.0,315.0,,,,,82.0,76.0,-9999.0,-9999.0,,,,,1.0,,,,,,-9999.0,,,,
1973,11,10,,,,,,,,,,0.0,,,,,0.0,0.0,,32.0,32.0,,,,,,,,,,,,,-9.0,-9.0,,,,,,,,,,,-9.0,,,,
1973,11,11,50.0,40.0,,,,,,,412.0,0.0,80.0,,,,0.0,0.0,,71.06,55.04,510.0,,,,,,,,,,57.0,49.0,999.0,999.0,,,,,1.0,,,,,,999.0,,,,
1973,11,12,,,,,,,,,,0.0,,,,,0.0,0.0,,,,,,,,,,,,,,,,-999.0,-999.0,,,,,,,,,,,-999.0,,,,
1973,11,14,100.0,100.0,,,,,,,1324.0,0.0,0.0,,,,0.0,0.0,,66.92,60.08,0.0,,,,,,,,,,67.0,58.0,9999.0,9999.0,,,,,1.0,,,,,,9999.0,,,,
1973,11,15,,,,,,,,,,0.0,,,,,0.0,0.0,,,,,,,,,,,,,,,,,-99.0,,,,,,,,,,,-99.0,,,,
1973,11,16,,,,,,,,,,,,,,,,,,,,,,,,,,,,,,,,,99.0,,,,,,,,,,,99.0,,,,
1973,11,17,70.0,70.0,,,,,,,1248.0,0.0,77.0,,,,0.0,0.0,,82.04,57.92,492.0,,,,315.0,315.0,,,,,103.0,89.0,1.0,1.0,,,,,1.0,,,,,,-9999.0,,,,
1973,11,18,,,,,,,,,,0.0,,,,,0.0,0.0,,32.0,32.0,,,,,,,,,,,,,,,,,,,,,,,,,-9.0,,,,
1973,11,19,70.0,70.0,,,,,,,206.0,0.0,79.0,,,,0.0,0.0,,73.04,60.08,498.0,,,,,,,,,,108.0,98.0,999.0,999.0,,,,,1.0,,,,,,999.0,,,,
1973,11,20,,,,,,,,,,0.0,,,,,0.0,0.0,,,,,,,,,,,,,,,,-999.0,-999.0,,,,,,,,,,,-999.0,,,,
1973,11,22,40.0,30.0,,,,,,,1406.0,0.0,74.0,,,,0.0,0.0,,69.08,55.04,462.0,,,,,,,,,,82.0,72.0,9999.0,9999.0,,,,,9999.0,,,,,,9999.0,,,,
1973,11,23,,,,,,,,,,0.0,,,,,0.0,0.0,,,,,,,,,,,,,,,,-99.0,-99.0,,,,,-99.0,,,,,,-99.0,,,,
1973,11,24,,,,,,,,,,,,,,,,,,,,,,,,,,,,,,,,99.0,99.0,,,,,99.0,,,,,,99.0,,,,
1973,11,25,70.0,60.0,,,,,,,1406.0,0.0,49.0,,,,0.0,0.0,,66.92,57.02,312.0,,,,270.0,315.0,,,,,72.0,58.0,-9999.0,-9999.0,,,,,-9999.0,,,,,,-9999.0,,,,
1973,11,26,,,,,,,,,,0.0,,,,,0.0,0.0,,32.0,32.0,,,,,,,,,,,,,,-9.0,,,,,-9.0,,,,,,,,,,
1973,11,27,100.0,100.0,,,,,,,154.0,36.0,0.0,,,,0.0,0.0,,64.04,59.0,0.0,,,,,,,,,,72.0,58.0,1.0,999.0,,,,,999.0,,,,,,1.0,,,,
1973,11,28,,,,,,,,,,,,,,,0.0,0.0,,,,,,,,,,,,,,,,,-999.0,,,,,-999.0,,,,,,,,,,
1973,11,30,10.0,0.0,,,,,,,30.0,10.0,94.0,,,,0.0,0.0,,62.059999999999995,51.08,588.0,,,,,,,,,,118.0,80.0,9999.0,9999.0,,,,,9999.0,,,,,,1.0,,,,
1973,11,31,,,,,,,,,,0.0,,,,,0.0,0.0,,,32.0,,,,,,,,,,,,,-99.0,-99.0,,,,,-99.0,,,,,,,,,,
1973,12,1,80.0,90.0,,,,,,,1236.0,10.0,25.0,,,,0.0,0.0,,64.94,50.0,156.0,,,,180.0,180.0,,,,,108.0,76.0,1.0,-9999.0,,,,,1.0,,,,,,1.0,,,,
1973,12,2,,,,,,,,,,0.0,,,,,0.0,0.0,,32.0,32.0,,,,,,,,,,,,,,-9.0,,,,,,,,,,,,,,,
1973,12,3,10.0,10.0,,,,,,,548.0,0.0,97.0,,,,0.0,0.0,,62.059999999999995,46.94,588.0,,,,,,,,,,72.0,63.0,999.0,999.0,,,,,999.0,,,,,,999.0,,,,
1973,12,4,,,,,,,,,,0.0,,,,,0.0,0.0,,,,,,,,,,,,,,,,-999.0,-999.0,,,,,-999.0,,,,,,-999.0,,,,
1973,12,5,,,,,,,,,,,,,,,,,,,,,,,,,,,,,,,,,,,,,,9.0,,,,,,,,,,
1973,12,6,40.0,50.0,,,,,,,1254.0,0.0,82.0,,,,0.0,0.0,,62.959999999999994,44.96,498.0,,,,,,,,,,51.0,36.0,9999.0,9999.0,,,,,1.0,,,,,,9999.0,,,,
1973,12,7,,,,,,,,,,0.0,,,,,0.0,0.0,,,32.0,,,,,,,,,,,,,-99.0,-99.0,,,,,,,,,,,-99.0,,,,
1973,12,8,,,,,,,,,,,,,,,,,,,,,,,,,,,,,,,,99.0,99.0,,,,,,,,,,,99.0,,,,
1973,12,9,0.0,0.0,,,,,,,1342.0,0.0,100.0,,,,0.0,0.0,,73.94,46.94,606.0,,,,315.0,315.0,,,,,72.0,58.0,-9999.0,-9999.0,,,,,1.0,,,,,,-9999.0,,,,
1973,12,10,,,,,,,,,,0.0,,,,,0.0,0.0,,32.0,32.0,,,,,,,,,,,,,-9.0,-9.0,,,,,,,,,,,-9.0,,,,
1973,12,11,50.0,100.0,,,,,,,636.0,0.0,82.0,,,,0.0,0.0,,75.02,48.02,492.0,,,,,,,,,,51.0,54.0,999.0,999.0,,,,,1.0,,,,,,999.0,,,,
1973,12,12,,,,,,,,,,0.0,,,,,0.0,0.0,,,,,,,,,,,,,,,,-999.0,-999.0,,,,,,,,,,,-999.0,,,,
1973,12,14,0.0,10.0,,,,,,,1318.0,0.0,100.0,,,,0.0,0.0,,80.96,50.0,606.0,,,,,,,,,,62.0,58.0,9999.0,9999.0,,,,,1.0,,,,,,9999.0,,,,
1973,12,15,,,,,,,,,,0.0,,,,,0.0,0.0,,,,,,,,,,,,,,,,-99.0,-99.0,,,,,,,,,,,-99.0,,,,
1973,12,16,,,,,,,,,,,,,,,,,,,,,,,,,,,,,,,,99.0,99.0,,,,,99.0,,,,,,99.0,,,,
1973,12,17,70.0,100.0,,,,,,,1118.0,0.0,81.0,,,,0.0,0.0,,64.04,48.92,486.0,,,,270.0,270.0,,,,,103.0,72.0,1.0,-9999.0,,,,,1.0,,,,,,-9999.0,,,,
1973,12,18,,,,,,,,,,0.0,,,,,0.0,0.0,,32.0,32.0,,,,,,,,,,,,,,-9.0,,,,,,,,,,,-9.0,,,,
1973,12,19,60.0,60.0,,,,,,,306.0,0.0,67.0,,,,0.0,0.0,,62.959999999999994,53.06,408.0,,,,,,,,,,77.0,72.0,999.0,999.0,,,,,1.0,,,,,,999.0,,,,
1973,12,20,,,,,,,,,,0.0,,,,,0.0,0.0,,,,,,,,,,,,,,,,-999.0,-999.0,,,,,,,,,,,-999.0,,,,
1973,12,21,,,,,,,,,,,,,,,,,,,,,,,,,,,,,,,,9.0,,,,,,,,,,,,,,,,
1973,12,22,80.0,90.0,,,,,,,1630.0,0.0,54.0,,,,0.0,0.0,,64.04,53.96,324.0,,,,,,,,,,57.0,49.0,1.0,9999.0,,,,,1.0,,,,,,9999.0,,,,
1973,12,23,,,,,,,,,,0.0,,,,,0.0,0.0,,,32.0,,,,,,,,,,,,,,,,,,,,,,,,,-99.0,,,,
1973,12,24,,,,,,,,,,,,,,,,,,,,,,,,,,,,,,,,,,,,,,,,,,,,99.0,,,,
1973,12,25,60.0,80.0,,,,,,,1518.0,0.0,76.0,,,,0.0,0.0,,71.96,50.0,456.0,,,,315.0,315.0,,,,,62.0,58.0,1.0,-9999.0,,,,,1.0,,,,,,-9999.0,,,,
1973,12,26,,,,,,,,,,0.0,,,,,0.0,0.0,,32.0,32.0,,,,,,,,,,,,,,,,,,,,,,,,,-9.0,,,,
1973,12,27,30.0,20.0,,,,,,,406.0,0.0,85.0,,,,0.0,0.0,,64.94,48.92,510.0,,,,,,,,,,72.0,58.0,1.0,1.0,,,,,1.0,,,,,,999.0,,,,
1973,12,28,,,,,,,,,,0.0,,,,,0.0,0.0,,,,,,,,,,,,,,,,,,,,,,,,,,,,,,,,
1973,12,30,60.0,80.0,,,,,,,1418.0,0.0,78.0,,,,0.0,0.0,,73.94,46.04,468.0,,,,,,,,,,77.0,58.0,9999.0,9999.0,,,,,1.0,,,,,,9999.0,,,,
1973,12,31,,,,,,,,,,0.0,,,,,0.0,0.0,,,32.0,,,,,,,,,,,,,-99.0,-99.0,,,,,,,,,,,-99.0,,,,
1974,1,1,90.0,90.0,,,,,,,1012.0,15.0,71.0,,,,0.0,0.0,,59.0,46.94,426.0,,,,270.0,270.0,,,,,139.0,112.0,-9999.0,-9999.0,,,,,-9999.0,,,,,,1.0,,,,
1974,1,2,,,,,,,,,,0.0,,,,,0.0,0.0,,32.0,32.0,,,,,,,,,,,,,-9.0,-9.0,,,,,-9.0,,,,,,,,,,
1974,1,3,40.0,30.0,,,,,,,430.0,,94.0,,,,0.0,0.0,,59.0,46.04,570.0,,,,,,,,,,57.0,40.0,999.0,999.0,,,,,999.0,,,,,,1.0,,,,
1974,1,4,,,,,,,,,,0.0,,,,,0.0,0.0,,,,,,,,,,,,,,,,-999.0,-999.0,,,,,-999.0,,,,,,,,,,
1974,1,6,100.0,100.0,,,,,,,1742.0,259.0,10.0,,,,0.0,0.0,,59.0,48.92,60.0,,,,,,,,,,159.0,134.0,9999.0,9999.0,,,,,9999.0,,,,,,1.0,,,,
1974,1,7,,,,,,,,,,0.0,,,,,0.0,0.0,,,,,,,,,,,,,,,,-99.0,-99.0,,,,,-99.0,,,,,,,,,,
1974,1,8,,,,,,,,,,,,,,,,,,,,,,,,,,,,,,,,99.0,99.0,,,,,99.0,,,,,,,,,,
1974,1,9,100.0,100.0,,,,,,,1406.0,91.0,1.0,,,,0.0,0.0,,59.0,51.98,6.0,,,,180.0,180.0,,,,,134.0,89.0,-9999.0,-9999.0,,,,,-9999.0,,,,,,1.0,,,,
1974,1,10,,,,,,,,,,0.0,,,,,0.0,0.0,,32.0,32.0,,,,,,,,,,,,,-9.0,-9.0,,,,,-9.0,,,,,,,,,,
1974,1,11,100.0,100.0,,,,,,,806.0,224.0,0.0,,,,0.0,0.0,,60.08,53.06,0.0,,,,,,,,,,175.0,143.0,999.0,999.0,,,,,999.0,,,,,,1.0,,,,
1974,1,12,,,,,,,,,,,,,,,0.0,0.0,,,,,,,,,,,,,,,,,-999.0,,,,,-999.0,,,,,,,,,,
1974,1,14,90.0,100.0,,,,,,,1306.0,8.0,26.0,,,,0.0,0.0,,60.08,51.98,162.0,,,,,,,,,,82.0,45.0,9999.0,9999.0,,,,,9999.0,,,,,,1.0,,,,
1974,1,15,,,,,,,,,,0.0,,,,,0.0,0.0,,,,,,,,,,,,,,,,-99.0,-99.0,,,,,-99.0,,,,,,,,,,
1974,1,16,,,,,,,,,,,,,,,,,,,,,,,,,,,,,,,,99.0,99.0,,,,,99.0,,,,,,99.0,,,,
1974,1,17,100.0,100.0,,,,,,,1454.0,0.0,64.0,,,,0.0,0.0,,62.059999999999995,44.96,390.0,,,,270.0,270.0,,,,,72.0,63.0,-9999.0,-9999.0,,,,,1.0,,,,,,-9999.0,,,,
1974,1,18,,,,,,,,,,0.0,,,,,0.0,0.0,,32.0,32.0,,,,,,,,,,,,,-9.0,-9.0,,,,,,,,,,,-9.0,,,,
1974,1,19,50.0,60.0,,,,,,,312.0,0.0,88.0,,,,0.0,0.0,,64.94,51.98,540.0,,,,,,,,,,87.0,76.0,999.0,999.0,,,,,1.0,,,,,,999.0,,,,
1974,1,20,,,,,,,,,,0.0,,,,,0.0,0.0,,,,,,,,,,,,,,,,-999.0,-999.0,,,,,,,,,,,-999.0,,,,
1974,1,21,,,,,,,,,,,,,,,,,,,,,,,,,,,,,,,,9.0,,,,,,,,,,,,,,,,
1974,1,22,10.0,0.0,,,,,,,1612.0,0.0,100.0,,,,0.0,0.0,,73.04,48.92,612.0,,,,,,,,,,62.0,54.0,1.0,9999.0,,,,,1.0,,,,,,9999.0,,,,
1974,1,23,,,,,,,,,,0.0,,,,,0.0,0.0,,,,,,,,,,,,,,,,,-99.0,,,,,,,,,,,-99.0,,,,
1974,1,24,,,,,,,,,,,,,,,,,,,,,,,,,,,,,,,,99.0,99.0,,,,,,,,,,,99.0,,,,
1974,1,25,40.0,40.0,,,,,,,1506.0,0.0,87.0,,,,0.0,0.0,,71.96,51.08,534.0,,,,315.0,315.0,,,,,77.0,67.0,-9999.0,-9999.0,,,,,1.0,,,,,,-9999.0,,,,
1974,1,26,,,,,,,,,,0.0,,,,,0.0,0.0,,32.0,32.0,,,,,,,,,,,,,,-9.0,,,,,,,,,,,,,,,
1974,1,27,100.0,100.0,,,,,,,442.0,,47.0,,,,0.0,0.0,,69.08,59.0,294.0,,,,,,,,,,62.0,49.0,1.0,999.0,,,,,1.0,,,,,,1.0,,,,
1974,1,28,,,,,,,,,,0.0,,,,,0.0,0.0,,,,,,,,,,,,,,,,,-999.0,,,,,,,,,,,,,,,
1974,1,29,,,,,,,,,,,,,,,,,,,,,,,,,,,,,,,,,9.0,,,,,,,,,,,,,,,
1974,1,30,100.0,100.0,,,,,,,1100.0,,0.0,,,,0.0,0.0,,60.980000000000004,55.94,0.0,,,,,,,,,,67.0,63.0,1.0,1.0,,,,,1.0,,,,,,1.0,,,,
1974,1,31,,,,,,,,,,0.0,,,,,0.0,0.0,,,,,,,,,,,,,,,,,,,,,,,,,,,,,,,,
1974,2,1,90.0,100.0,,,,,,,1236.0,0.0,32.0,,,,0.0,0.0,,62.059999999999995,53.96,204.0,,,,135.0,315.0,,,,,62.0,54.0,-9999.0,-9999.0,,,,,1.0,,,,,,1.0,,,,
1974,2,2,,,,,,,,,,,,,,,0.0,0.0,,32.0,32.0,,,,,,,,,,,,,-9.0,-9.0,,,,,,,,,,,,,,,
1974,2,3,0.0,10.0,,,,,,,612.0,0.0,100.0,,,,0.0,0.0,,71.06,44.96,642.0,,,,,,,,,,87.0,76.0,999.0,999.0,,,,,1.0,,,,,,999.0,,,,
1974,2,4,,,,,,,,,,0.0,,,,,0.0,0.0,,,,,,,,,,,,,,,,-999.0,-999.0,,,,,,,,,,,-999.0,,,,
1974,2,5,,,,,,,,,,,,,,,,,,,,,,,,,,,,,,,,,,,,,,9.0,,,,,,,,,,
1974,2,6,20.0,20.0,,,,,,,1554.0,0.0,100.0,,,,0.0,0.0,,75.92,48.02,642.0,,,,,,,,,,67.0,58.0,9999.0,9999.0,,,,,1.0,,,,,,9999.0,,,,
1974,2,7,,,,,,,,,,0.0,,,,,0.0,0.0,,,32.0,,,,,,,,,,,,,,-99.0,,,,,,,,,,,-99.0,,,,
1974,2,8,,,,,,,,,,,,,,,,,,,,,,,,,,,,,,,,,99.0,,,,,,,,,,,99.0,,,,
1974,2,9,20.0,0.0,,,,,,,1548.0,0.0,100.0,,,,0.0,0.0,,69.98,48.92,648.0,,,,45.0,45.0,,,,,118.0,89.0,1.0,-9999.0,,,,,1.0,,,,,,-9999.0,,,,
1974,2,10,,,,,,,,,,0.0,,,,,0.0,0.0,,32.0,32.0,,,,,,,,,,,,,,-9.0,,,,,,,,,,,-9.0,,,,
1974,2,11,0.0,10.0,,,,,,,542.0,0.0,100.0,,,,0.0,0.0,,68.0,44.96,648.0,,,,,,,,,,62.0,49.0,999.0,999.0,,,,,999.0,,,,,,999.0,,,,
1974,2,12,,,,,,,,,,0.0,,,,,0.0,0.0,,,,,,,,,,,,,,,,-999.0,-999.0,,,,,-999.0,,,,,,-999.0,,,,
1974,2,14,80.0,90.0,,,,,,,1436.0,0.0,100.0,,,,0.0,0.0,,71.96,46.94,648.0,,,,,,,,,,93.0,76.0,9999.0,9999.0,,,,,9999.0,,,,,,9999.0,,,,
1974,2,15,,,,,,,,,,0.0,,,,,0.0,0.0,,,32.0,,,,,,,,,,,,,,,,,,,-99.0,,,,,,-99.0,,,,
1974,2,16,,,,,,,,,,,,,,,,,,,,,,,,,,,,,,,,,,,,,,99.0,,,,,,99.0,,,,
1974,2,17,90.0,100.0,,,,,,,1448.0,0.0,45.0,,,,0.0,0.0,,68.0,46.94,294.0,,,,315.0,315.0,,,,,72.0,72.0,-9999.0,-9999.0,,,,,1.0,,,,,,-9999.0,,,,
1974,2,18,,,,,,,,,,0.0,,,,,0.0,0.0,,32.0,32.0,,,,,,,,,,,,,-9.0,-9.0,,,,,,,,,,,-9.0,,,,
1974,2,19,90.0,80.0,,,,,,,406.0,0.0,74.0,,,,0.0,0.0,,62.959999999999994,55.94,486.0,,,,,,,,,,82.0,72.0,999.0,999.0,,,,,1.0,,,,,,999.0,,,,
1974,2,20,,,,,,,,,,0.0,,,,,0.0,0.0,,,,,,,,,,,,,,,,-999.0,-999.0,,,,,,,,,,,,,,,
1974,2,22,20.0,20.0,,,,,,,1312.0,0.0,100.0,,,,0.0,0.0,,60.980000000000004,44.06,660.0,,,,,,,,,,87.0,76.0,9999.0,9999.0,,,,,9999.0,,,,,,9999.0,,,,
1974,2,23,,,,,,,,,,0.0,,,,,0.0,0.0,,,32.0,,,,,,,,,,,,,-99.0,-99.0,,,,,,,,,,,-99.0,,,,
1974,2,24,,,,,,,,,,,,,,,,,,,,,,,,,,,,,,,,99.0,99.0,,,,,,,,,,,99.0,,,,
1974,2,25,40.0,20.0,,,,,,,2324.0,0.0,95.0,,,,0.0,0.0,,64.04,48.92,630.0,,,,270.0,270.0,,,,,82.0,54.0,-9999.0,-9999.0,,,,,1.0,,,,,,-9999.0,,,,
1974,2,26,,,,,,,,,,0.0,,,,,0.0,0.0,,32.0,32.0,,,,,,,,,,,,,-9.0,-9.0,,,,,,,,,,,,,,,
1974,2,27,50.0,60.0,,,,,,,130.0,,69.0,,,,0.0,0.0,,60.980000000000004,51.98,462.0,,,,,,,,,,108.0,80.0,999.0,999.0,,,,,999.0,,,,,,1.0,,,,
1974,2,28,,,,,,,,,,0.0,,,,,0.0,0.0,,,,,,,,,,,,,,,,-999.0,-999.0,,,,,-999.0,,,,,,,,,,
1974,2,29,,,,,,,,,,,,,,,,,,,,,,,,,,,,,,,,9.0,,,,,,,,,,,,9.0,,,,
1974,2,30,70.0,100.0,,,,,,,1642.0,10.0,20.0,,,,0.0,0.0,,60.08,50.0,132.0,,,,,,,,,,82.0,63.0,1.0,9999.0,,,,,9999.0,,,,,,1.0,,,,
1974,2,31,,,,,,,,,,0.0,,,,,0.0,0.0,,,32.0,,,,,,,,,,,,,,-99.0,,,,,-99.0,,,,,,,,,,
1974,3,1,90.0,100.0,,,,,,,1212.0,0.0,80.0,,,,0.0,0.0,,71.96,55.04,552.0,,,,315.0,315.0,,,,,57.0,58.0,-9999.0,-9999.0,,,,,1.0,,,,,,-9999.0,,,,
1974,3,2,,,,,,,,,,0.0,,,,,0.0,0.0,,32.0,32.0,,,,,,,,,,,,,,-9.0,,,,,,,,,,,,,,,
1974,3,3,60.0,80.0,,,,,,,836.0,43.0,56.0,,,,0.0,0.0,,64.04,53.96,390.0,,,,,,,,,,103.0,80.0,1.0,999.0,,,,,1.0,,,,,,1.0,,,,
1974,3,4,,,,,,,,,,,,,,,0.0,0.0,,,,,,,,,,,,,,,,,-999.0,,,,,,,,,,,,,,,
1974,3,6,0.0,0.0,,,,,,,1518.0,0.0,100.0,,,,0.0,0.0,,62.959999999999994,46.04,696.0,,,,,,,,,,103.0,89.0,9999.0,9999.0,,,,,9999.0,,,,,,9999.0,,,,
1974,3,7,,,,,,,,,,0.0,,,,,0.0,0.0,,,32.0,,,,,,,,,,,,,-99.0,-99.0,,,,,,,,,,,-99.0,,,,
1974,3,8,,,,,,,,,,,,,,,,,,,,,,,,,,,,,,,,99.0,99.0,,,,,,,,,,,99.0,,,,
1974,3,9,30.0,20.0,,,,,,,2118.0,0.0,91.0,,,,0.0,0.0,,62.059999999999995,48.02,636.0,,,,90.0,225.0,,,,,72.0,45.0,-9999.0,-9999.0,,,,,1.0,,,,,,-9999.0,,,,
1974,3,10,,,,,,,,,,0.0,,,,,0.0,0.0,,32.0,32.0,,,,,,,,,,,,,-9.0,-9.0,,,,,,,,,,,,,,,
1974,3,11,100.0,100.0,,,,,,,400.0,152.0,15.0,,,,0.0,0.0,,62.059999999999995,51.98,108.0,,,,,,,,,,154.0,116.0,999.0,999.0,,,,,999.0,,,,,,1.0,,,,
1974,3,12,,,,,,,,,,,,,,,0.0,0.0,,,,,,,,,,,,,,,,-999.0,-999.0,,,,,-999.0,,,,,,,,,,
1974,3,14,40.0,40.0,,,,,,,1354.0,0.0,82.0,,,,0.0,0.0,,60.08,48.02,582.0,,,,,,,,,,77.0,54.0,9999.0,9999.0,,,,,9999.0,,,,,,9999.0,,,,
1974,3,15,,,,,,,,,,0.0,,,,,0.0,0.0,,,32.0,,,,,,,,,,,,,-99.0,-99.0,,,,,-99.0,,,,,,-99.0,,,,
1974,3,16,,,,,,,,,,,,,,,,,,,,,,,,,,,,,,,,99.0,99.0,,,,,99.0,,,,,,99.0,,,,
1974,3,17,50.0,70.0,,,,,,,1348.0,0.0,94.0,,,,0.0,0.0,,64.94,48.92,672.0,,,,315.0,315.0,,,,,98.0,80.0,-9999.0,-9999.0,,,,,1.0,,,,,,-9999.0,,,,
1974,3,18,,,,,,,,,,0.0,,,,,0.0,0.0,,32.0,32.0,,,,,,,,,,,,,-9.0,-9.0,,,,,,,,,,,-9.0,,,,
1974,3,19,60.0,70.0,,,,,,,412.0,0.0,93.0,,,,0.0,0.0,,66.92,50.0,660.0,,,,,,,,,,93.0,80.0,999.0,999.0,,,,,1.0,,,,,,999.0,,,,
1974,3,20,,,,,,,,,,0.0,,,,,0.0,0.0,,,,,,,,,,,,,,,,,-999.0,,,,,,,,,,,-999.0,,,,
1974,3,21,,,,,,,,,,,,,,,,,,,,,,,,,,,,,,,,,9.0,,,,,,,,,,,,,,,
1974,3,22,80.0,70.0,,,,,,,1236.0,0.0,78.0,,,,0.0,0.0,,62.059999999999995,53.96,558.0,,,,,,,,,,77.0,40.0,1.0,1.0,,,,,1.0,,,,,,9999.0,,,,
1974,3,23,,,,,,,,,,0.0,,,,,0.0,0.0,,,,,,,,,,,,,,,,,,,,,,,,,,,,-99.0,,,,
1974,3,24,,,,,,,,,,,,,,,,,,,,,,,,,,,,,,,,,,,,,,,,,,,,99.0,,,,
1974,3,25,100.0,100.0,,,,,,,1124.0,0.0,77.0,,,,0.0,0.0,,68.0,51.98,552.0,,,,270.0,315.0,,,,,77.0,63.0,1.0,1.0,,,,,1.0,,,,,,-9999.0,,,,
1974,3,26,,,,,,,,,,0.0,,,,,0.0,0.0,,32.0,32.0,,,,,,,,,,,,,,,,,,,,,,,,,-9.0,,,,
1974,3,27,90.0,100.0,,,,,,,118.0,0.0,60.0,,,,0.0,0.0,,64.94,53.06,432.0,,,,,,,,,,62.0,49.0,1.0,1.0,,,,,1.0,,,,,,999.0,,,,
1974,3,28,,,,,,,,,,0.0,,,,,0.0,0.0,,,,,,,,,,,,,,,,,,,,,,,,,,,,-999.0,,,,
1974,3,29,,,,,,,,,,,,,,,,,,,,,,,,,,,,,,,,,,,,,,,,,,,,9.0,,,,
1974,3,30,100.0,100.0,,,,,,,1354.0,,32.0,,,,0.0,0.0,,62.959999999999994,57.92,234.0,,,,,,,,,,67.0,49.0,9999.0,9999.0,,,,,1.0,,,,,,1.0,,,,
1974,3,31,,,,,,,,,,0.0,,,,,0.0,0.0,,,,,,,,,,,,,,,,-99.0,-99.0,,,,,,,,,,,,,,,
1974,4,1,80.0,100.0,,,,,,,2324.0,3.0,74.0,,,,0.0,0.0,,66.92,53.96,558.0,,,,270.0,225.0,,,,,87.0,67.0,1.0,-9999.0,,,,,-9999.0,,,,,,1.0,,,,
1974,4,2,,,,,,,,,,0.0,,,,,0.0,0.0,,32.0,32.0,,,,,,,,,,,,,,-9.0,,,,,-9.0,,,,,,,,,,
1974,4,3,70.0,80.0,,,,,,,254.0,,69.0,,,,0.0,0.0,,64.94,57.92,522.0,,,,,,,,,,123.0,89.0,999.0,999.0,,,,,999.0,,,,,,1.0,,,,
1974,4,4,,,,,,,,,,0.0,,,,,0.0,0.0,,,,,,,,,,,,,,,,-999.0,-999.0,,,,,,,,,,,,,,,
1974,4,6,0.0,0.0,,,,,,,1436.0,0.0,100.0,,,,0.0,0.0,,77.0,51.08,756.0,,,,,,,,,,93.0,89.0,9999.0,9999.0,,,,,9999.0,,,,,,9999.0,,,,
1974,4,7,,,,,,,,,,0.0,,,,,0.0,0.0,,,,,,,,,,,,,,,,-99.0,-99.0,,,,,-99.0,,,,,,-99.0,,,,
1974,4,8,,,,,,,,,,,,,,,,,,,,,,,,,,,,,,,,99.0,99.0,,,,,99.0,,,,,,99.0,,,,
1974,4,9,0.0,0.0,,,,,,,1418.0,0.0,100.0,,,,0.0,0.0,,66.92,55.04,762.0,,,,225.0,225.0,,,,,77.0,45.0,-9999.0,-9999.0,,,,,-9999.0,,,,,,-9999.0,,,,
1974,4,10,,,,,,,,,,0.0,,,,,0.0,0.0,,32.0,32.0,,,,,,,,,,,,,,-9.0,,,,,,,,,,,-9.0,,,,
1974,4,11,40.0,60.0,,,,,,,506.0,0.0,86.0,,,,0.0,0.0,,73.94,55.04,654.0,,,,,,,,,,62.0,45.0,1.0,999.0,,,,,1.0,,,,,,999.0,,,,
1974,4,12,,,,,,,,,,0.0,,,,,0.0,0.0,,,,,,,,,,,,,,,,,-999.0,,,,,,,,,,,-999.0,,,,
1974,4,13,,,,,,,,,,,,,,,,,,,,,,,,,,,,,,,,,,,,,,,,,,,,9.0,,,,
1974,4,14,70.0,60.0,,,,,,,1248.0,3.0,61.0,,,,0.0,0.0,,64.94,55.94,468.0,,,,,,,,,,134.0,116.0,9999.0,9999.0,,,,,9999.0,,,,,,1.0,,,,
1974,4,15,,,,,,,,,,0.0,,,,,0.0,0.0,,,,,,,,,,,,,,,,-99.0,-99.0,,,,,-99.0,,,,,,,,,,
1974,4,16,,,,,,,,,,,,,,,,,,,,,,,,,,,,,,,,99.0,99.0,,,,,99.0,,,,,,99.0,,,,
1974,4,17,0.0,0.0,,,,,,,1412.0,0.0,100.0,,,,0.0,0.0,,69.08,51.98,774.0,,,,270.0,270.0,,,,,77.0,72.0,-9999.0,-9999.0,,,,,1.0,,,,,,-9999.0,,,,
1974,4,18,,,,,,,,,,0.0,,,,,0.0,0.0,,32.0,32.0,,,,,,,,,,,,,-9.0,-9.0,,,,,,,,,,,-9.0,,,,
1974,4,19,0.0,0.0,,,,,,,206.0,0.0,100.0,,,,0.0,0.0,,69.08,53.96,774.0,,,,,,,,,,57.0,40.0,999.0,999.0,,,,,1.0,,,,,,999.0,,,,
1974,4,20,,,,,,,,,,0.0,,,,,0.0,0.0,,,,,,,,,,,,,,,,-999.0,-999.0,,,,,,,,,,,-999.0,,,,
1974,4,21,,,,,,,,,,,,,,,,,,,,,,,,,,,,,,,,9.0,,,,,,,,,,,,,,,,
1974,4,22,20.0,20.0,,,,,,,1400.0,0.0,84.0,,,,0.0,0.0,,75.02,53.96,654.0,,,,,,,,,,103.0,89.0,1.0,9999.0,,,,,1.0,,,,,,9999.0,,,,
1974,4,23,,,,,,,,,,0.0,,,,,0.0,0.0,,,,,,,,,,,,,,,,,,,,,,,,,,,,-99.0,,,,
1974,4,24,,,,,,,,,,,,,,,,,,,,,,,,,,,,,,,,,,,,,,,,,,,,99.0,,,,
1974,4,25,40.0,20.0,,,,,,,1418.0,0.0,89.0,,,,0.0,0.0,,69.98,55.94,690.0,,,,315.0,315.0,,,,,77.0,58.0,1.0,-9999.0,,,,,1.0,,,,,,-9999.0,,,,
1974,4,26,,,,,,,,,,0.0,,,,,0.0,0.0,,32.0,32.0,,,,,,,,,,,,,,-9.0,,,,,,,,,,,-9.0,,,,
1974,4,27,60.0,40.0,,,,,,,418.0,0.0,75.0,,,,0.0,0.0,,66.92,55.94,588.0,,,,,,,,,,82.0,63.0,999.0,999.0,,,,,999.0,,,,,,999.0,,,,
1974,4,28,,,,,,,,,,0.0,,,,,0.0,0.0,,,,,,,,,,,,,,,,-999.0,-999.0,,,,,-999.0,,,,,,-999.0,,,,
1974,4,30,40.0,40.0,,,,,,,1430.0,0.0,87.0,,,,0.0,0.0,,66.02,53.96,678.0,,,,,,,,,,82.0,54.0,9999.0,9999.0,,,,,9999.0,,,,,,9999.0,,,,
1974,4,31,,,,,,,,,,0.0,,,,,0.0,0.0,,,,,,,,,,,,,,,,-99.0,-99.0,,,,,-99.0,,,,,,-99.0,,,,
1974,5,1,80.0,60.0,,,,,,,1442.0,0.0,59.0,,,,0.0,0.0,,68.0,57.92,474.0,,,,225.0,225.0,,,,,67.0,49.0,-9999.0,,,,,,1.0,,,,,,-9999.0,,,,
1974,5,2,,,,,,,,,,0.0,,,,,0.0,0.0,,32.0,32.0,,,,,,,,,,,,,-9.0,,,,,,,,,,,,-9.0,,,,
1974,5,3,90.0,90.0,,,,,,,330.0,0.0,40.0,,,,0.0,0.0,,64.04,57.02,330.0,,,,,,,,,,67.0,49.0,999.0,,,,,,999.0,,,,,,999.0,,,,
1974,5,4,,,,,,,,,,0.0,,,,,0.0,0.0,,,,,,,,,,,,,,,,-999.0,,,,,,-999.0,,,,,,-999.0,,,,
1974,5,5,,,,,,,,,,,,,,,,,,,,,,,,,,,,,,,,,,,,,,,,,,,,9.0,,,,
1974,5,6,100.0,100.0,,,,,,,1300.0,,3.0,,,,0.0,0.0,,64.94,57.02,24.0,,,,,,,,,,108.0,63.0,9999.0,,,,,,9999.0,,,,,,1.0,,,,
1974,5,7,,,,,,,,,,0.0,,,,,0.0,0.0,,,,,,,,,,,,,,,,-99.0,,,,,,-99.0,,,,,,,,,,
1974,5,8,,,,,,,,,,,,,,,,,,,,,,,,,,,,,,,,99.0,,,,,,99.0,,,,,,99.0,,,,
1974,5,9,90.0,90.0,,,,,,,1330.0,0.0,39.0,,,,0.0,0.0,,69.98,59.0,318.0,,,,315.0,270.0,,,,,77.0,58.0,-9999.0,,,,,,1.0,,,,,,1.0,,,,
1974,5,10,,,,,,,,,,,,,,,0.0,0.0,,32.0,32.0,,,,,,,,,,,,,-9.0,,,,,,,,,,,,,,,,
1974,5,11,100.0,90.0,,,,,,,418.0,0.0,26.0,,,,0.0,0.0,,69.98,60.980000000000004,216.0,,,,,,,,,,77.0,58.0,999.0,,,,,,1.0,,,,,,999.0,,,,
1974,5,12,,,,,,,,,,0.0,,,,,0.0,0.0,,,,,,,,,,,,,,,,-999.0,,,,,,,,,,,,,,,,
1974,5,14,100.0,100.0,,,,,,,1542.0,3.0,0.0,,,,0.0,0.0,,66.02,59.0,0.0,,,,,,,,,,51.0,45.0,9999.0,,,,,,9999.0,,,,,,1.0,,,,
1974,5,15,,,,,,,,,,0.0,,,,,0.0,0.0,,,,,,,,,,,,,,,,-99.0,,,,,,-99.0,,,,,,,,,,
1974,5,16,,,,,,,,,,,,,,,,,,,,,,,,,,,,,,,,99.0,,,,,,99.0,,,,,,,,,,
1974,5,17,50.0,40.0,,,,,,,1418.0,0.0,85.0,,,,0.0,0.0,,68.0,60.08,702.0,,,,180.0,180.0,,,,,72.0,54.0,-9999.0,,,,,,1.0,,,,,,-9999.0,,,,
1974,5,18,,,,,,,,,,0.0,,,,,0.0,0.0,,32.0,32.0,,,,,,,,,,,,,-9.0,,,,,,,,,,,,,,,,
1974,5,19,100.0,100.0,,,,,,,442.0,,2.0,,,,0.0,0.0,,64.94,60.08,12.0,,,,,,,,,,62.0,45.0,999.0,,,,,,1.0,,,,,,1.0,,,,
1974,5,20,,,,,,,,,,0.0,,,,,0.0,0.0,,,,,,,,,,,,,,,,-999.0,,,,,,,,,,,,,,,,
1974,5,22,90.0,80.0,,,,,,,1106.0,0.0,45.0,,,,0.0,0.0,,66.02,59.0,372.0,,,,,,,,,,72.0,54.0,9999.0,,,,,,9999.0,,,,,,9999.0,,,,
1974,5,23,,,,,,,,,,0.0,,,,,0.0,0.0,,,,,,,,,,,,,,,,-99.0,,,,,,-99.0,,,,,,-99.0,,,,
1974,5,24,,,,,,,,,,,,,,,,,,,,,,,,,,,,,,,,99.0,,,,,,99.0,,,,,,99.0,,,,
1974,5,25,90.0,80.0,,,,,,,1224.0,0.0,57.0,,,,0.0,0.0,,64.94,57.92,474.0,,,,225.0,180.0,,,,,87.0,63.0,-9999.0,,,,,,-9999.0,,,,,,-9999.0,,,,
1974,5,26,,,,,,,,,,0.0,,,,,0.0,0.0,,32.0,32.0,,,,,,,,,,,,,-9.0,,,,,,-9.0,,,,,,,,,,
1974,5,27,70.0,50.0,,,,,,,42.0,,66.0,,,,0.0,0.0,,66.02,57.92,552.0,,,,,,,,,,82.0,58.0,999.0,,,,,,999.0,,,,,,1.0,,,,
1974,5,28,,,,,,,,,,0.0,,,,,0.0,0.0,,,,,,,,,,,,,,,,-999.0,,,,,,-999.0,,,,,,,,,,
1974,5,30,50.0,50.0,,,,,,,918.0,0.0,76.0,,,,0.0,0.0,,66.02,55.94,636.0,,,,,,,,,,134.0,94.0,9999.0,,,,,,9999.0,,,,,,9999.0,,,,
1974,5,31,,,,,,,,,,0.0,,,,,0.0,0.0,,,,,,,,,,,,,,,,-99.0,,,,,,-99.0,,,,,,-99.0,,,,
1974,6,1,70.0,40.0,,,,,,,1412.0,0.0,75.0,,,,0.0,0.0,,69.98,60.980000000000004,636.0,,,,315.0,315.0,,,,,82.0,58.0,-9999.0,,,,,,-9999.0,,,,,,-9999.0,,,,
1974,6,2,,,,,,,,,,0.0,,,,,0.0,0.0,,32.0,32.0,,,,,,,,,,,,,-9.0,,,,,,,,,,,,-9.0,,,,
1974,6,3,100.0,100.0,,,,,,,342.0,0.0,21.0,,,,0.0,0.0,,69.08,62.059999999999995,180.0,,,,,,,,,,82.0,54.0,999.0,,,,,,1.0,,,,,,999.0,,,,
1974,6,4,,,,,,,,,,0.0,,,,,0.0,0.0,,,,,,,,,,,,,,,,-999.0,,,,,,,,,,,,-999.0,,,,
1974,6,6,100.0,90.0,,,,,,,1636.0,0.0,17.0,,,,0.0,0.0,,69.08,60.08,144.0,,,,,,,,,,72.0,49.0,9999.0,,,,,,1.0,,,,,,9999.0,,,,
1974,6,7,,,,,,,,,,0.0,,,,,0.0,0.0,,,,,,,,,,,,,,,,-99.0,,,,,,,,,,,,-99.0,,,,
1974,6,8,,,,,,,,,,,,,,,,,,,,,,,,,,,,,,,,99.0,,,,,,,,,,,,99.0,,,,
1974,6,9,100.0,100.0,,,,,,,2306.0,0.0,0.0,,,,0.0,0.0,,66.02,60.08,0.0,,,,180.0,180.0,,,,,72.0,49.0,1.0,,,,,,1.0,,,,,,1.0,,,,
1974,6,10,,,,,,,,,,,,,,,0.0,0.0,,32.0,32.0,,,,,,,,,,,,,,,,,,,,,,,,,,,,,
1974,6,11,100.0,100.0,,,,,,,506.0,5.0,0.0,,,,0.0,0.0,,66.92,60.08,0.0,,,,,,,,,,87.0,67.0,1.0,,,,,,999.0,,,,,,1.0,,,,
1974,6,12,,,,,,,,,,0.0,,,,,0.0,0.0,,,,,,,,,,,,,,,,,,,,,,,,,,,,,,,,
1974,6,14,30.0,30.0,,,,,,,1154.0,0.0,78.0,,,,0.0,0.0,,73.04,60.980000000000004,672.0,,,,,,,,,,87.0,63.0,9999.0,,,,,,1.0,,,,,,9999.0,,,,
1974,6,15,,,,,,,,,,0.0,,,,,0.0,0.0,,,,,,,,,,,,,,,,,,,,,,,,,,,,,,,,
1974,6,17,100.0,100.0,,,,,,,1318.0,0.0,3.0,,,,0.0,0.0,,69.08,60.980000000000004,24.0,,,,270.0,270.0,,,,,67.0,54.0,-9999.0,,,,,,1.0,,,,,,1.0,,,,
1974,6,18,,,,,,,,,,,,,,,0.0,0.0,,32.0,32.0,,,,,,,,,,,,,-9.0,,,,,,,,,,,,,,,,
1974,6,19,90.0,90.0,,,,,,,430.0,,31.0,,,,0.0,0.0,,69.98,60.980000000000004,270.0,,,,,,,,,,82.0,58.0,999.0,,,,,,1.0,,,,,,1.0,,,,
1974,6,20,,,,,,,,,,0.0,,,,,0.0,0.0,,,,,,,,,,,,,,,,-999.0,,,,,,,,,,,,,,,,
1974,6,21,,,,,,,,,,,,,,,,,,,,,,,,,,,,,,,,9.0,,,,,,,,,,,,,,,,
1974,6,22,50.0,50.0,,,,,,,1324.0,0.0,72.0,,,,0.0,0.0,,73.04,62.959999999999994,618.0,,,,,,,,,,98.0,76.0,1.0,,,,,,1.0,,,,,,9999.0,,,,
1974,6,23,,,,,,,,,,0.0,,,,,0.0,0.0,,,,,,,,,,,,,,,,,,,,,,,,,,,,-99.0,,,,
1974,6,24,,,,,,,,,,,,,,,,,,,,,,,,,,,,,,,,,,,,,,,,,,,,99.0,,,,
1974,6,25,20.0,10.0,,,,,,,1036.0,0.0,93.0,,,,0.0,0.0,,71.96,62.959999999999994,798.0,,,,270.0,270.0,,,,,87.0,76.0,-9999.0,,,,,,1.0,,,,,,-9999.0,,,,
1974,6,26,,,,,,,,,,0.0,,,,,0.0,0.0,,32.0,32.0,,,,,,,,,,,,,-9.0,,,,,,,,,,,,-9.0,,,,
1974,6,27,20.0,10.0,,,,,,,318.0,0.0,93.0,,,,0.0,0.0,,71.96,60.08,798.0,,,,,,,,,,93.0,76.0,999.0,,,,,,999.0,,,,,,999.0,,,,
1974,6,28,,,,,,,,,,0.0,,,,,0.0,0.0,,,,,,,,,,,,,,,,-999.0,,,,,,-999.0,,,,,,-999.0,,,,
1974,6,30,10.0,10.0,,,,,,,1324.0,0.0,100.0,,,,0.0,0.0,,73.04,59.0,858.0,,,,,,,,,,108.0,89.0,9999.0,,,,,,9999.0,,,,,,9999.0,,,,
1974,6,31,,,,,,,,,,0.0,,,,,0.0,0.0,,,,,,,,,,,,,,,,-99.0,,,,,,,,,,,,-99.0,,,,
1974,7,1,70.0,60.0,,,,,,,1200.0,0.0,55.0,,,,0.0,0.0,,71.06,62.059999999999995,474.0,,,,225.0,225.0,,,,,72.0,49.0,-9999.0,,,,,,1.0,,,,,,-9999.0,,,,
1974,7,2,,,,,,,,,,0.0,,,,,0.0,0.0,,32.0,32.0,,,,,,,,,,,,,-9.0,,,,,,,,,,,,-9.0,,,,
1974,7,3,60.0,40.0,,,,,,,136.0,0.0,63.0,,,,0.0,0.0,,71.96,62.059999999999995,540.0,,,,,,,,,,72.0,49.0,999.0,,,,,,999.0,,,,,,999.0,,,,
1974,7,4,,,,,,,,,,0.0,,,,,0.0,0.0,,,,,,,,,,,,,,,,-999.0,,,,,,-999.0,,,,,,-999.0,,,,
1974,7,5,,,,,,,,,,,,,,,,,,,,,,,,,,,,,,,,,,,,,,9.0,,,,,,,,,,
1974,7,6,60.0,30.0,,,,,,,1248.0,0.0,76.0,,,,0.0,0.0,,73.94,64.04,654.0,,,,,,,,,,103.0,89.0,9999.0,,,,,,1.0,,,,,,9999.0,,,,
1974,7,7,,,,,,,,,,0.0,,,,,0.0,0.0,,,,,,,,,,,,,,,,-99.0,,,,,,,,,,,,-99.0,,,,
1974,7,8,,,,,,,,,,,,,,,,,,,,,,,,,,,,,,,,99.0,,,,,,,,,,,,99.0,,,,
1974,7,9,80.0,60.0,,,,,,,1254.0,0.0,45.0,,,,0.0,0.0,,71.06,62.059999999999995,384.0,,,,225.0,180.0,,,,,72.0,45.0,-9999.0,,,,,,-9999.0,,,,,,-9999.0,,,,
1974,7,10,,,,,,,,,,0.0,,,,,0.0,0.0,,32.0,32.0,,,,,,,,,,,,,-9.0,,,,,,-9.0,,,,,,-9.0,,,,
1974,7,11,50.0,40.0,,,,,,,448.0,0.0,69.0,,,,0.0,0.0,,71.96,64.04,582.0,,,,,,,,,,67.0,54.0,999.0,,,,,,999.0,,,,,,999.0,,,,
1974,7,12,,,,,,,,,,0.0,,,,,0.0,0.0,,,,,,,,,,,,,,,,-999.0,,,,,,-999.0,,,,,,-999.0,,,,
1974,7,14,30.0,10.0,,,,,,,1612.0,0.0,93.0,,,,0.0,0.0,,73.94,62.059999999999995,792.0,,,,,,,,,,82.0,67.0,9999.0,,,,,,9999.0,,,,,,9999.0,,,,
1974,7,15,,,,,,,,,,0.0,,,,,0.0,0.0,,,,,,,,,,,,,,,,-99.0,,,,,,-99.0,,,,,,,,,,
1974,7,16,,,,,,,,,,,,,,,,,,,,,,,,,,,,,,,,99.0,,,,,,99.0,,,,,,,,,,
1974,7,17,30.0,30.0,,,,,,,1524.0,0.0,77.0,,,,0.0,0.0,,73.04,64.04,654.0,,,,225.0,225.0,,,,,72.0,54.0,-9999.0,,,,,,-9999.0,,,,,,-9999.0,,,,
1974,7,18,,,,,,,,,,0.0,,,,,0.0,0.0,,32.0,32.0,,,,,,,,,,,,,-9.0,,,,,,-9.0,,,,,,-9.0,,,,
1974,7,19,40.0,30.0,,,,,,,536.0,0.0,82.0,,,,0.0,0.0,,75.02,62.059999999999995,696.0,,,,,,,,,,72.0,58.0,999.0,,,,,,999.0,,,,,,999.0,,,,
1974,7,20,,,,,,,,,,0.0,,,,,0.0,0.0,,,,,,,,,,,,,,,,-999.0,,,,,,,,,,,,-999.0,,,,
1974,7,21,,,,,,,,,,,,,,,,,,,,,,,,,,,,,,,,,,,,,,,,,,,,9.0,,,,
1974,7,22,80.0,90.0,,,,,,,1718.0,,21.0,,,,0.0,0.0,,73.94,66.92,174.0,,,,,,,,,,67.0,45.0,9999.0,,,,,,1.0,,,,,,1.0,,,,
1974,7,23,,,,,,,,,,0.0,,,,,0.0,0.0,,,,,,,,,,,,,,,,,,,,,,,,,,,,,,,,
1974,7,24,,,,,,,,,,,,,,,,,,,,,,,,,,,,,,,,,,,,,,,,,,,,99.0,,,,
1974,7,25,0.0,0.0,,,,,,,1500.0,0.0,100.0,,,,0.0,0.0,,82.04,66.92,846.0,,,,315.0,270.0,,,,,72.0,58.0,-9999.0,,,,,,1.0,,,,,,-9999.0,,,,
1974,7,26,,,,,,,,,,0.0,,,,,0.0,0.0,,32.0,32.0,,,,,,,,,,,,,-9.0,,,,,,,,,,,,-9.0,,,,
1974,7,27,20.0,10.0,,,,,,,412.0,0.0,90.0,,,,0.0,0.0,,80.06,66.92,762.0,,,,,,,,,,82.0,63.0,999.0,,,,,,1.0,,,,,,999.0,,,,
1974,7,28,,,,,,,,,,0.0,,,,,0.0,0.0,,,,,,,,,,,,,,,,,,,,,,,,,,,,-999.0,,,,
1974,7,30,80.0,70.0,,,,,,,1248.0,0.0,65.0,,,,0.0,0.0,,84.91999999999999,71.06,546.0,,,,,,,,,,67.0,49.0,9999.0,,,,,,9999.0,,,,,,9999.0,,,,
1974,7,31,,,,,,,,,,0.0,,,,,0.0,0.0,,,,,,,,,,,,,,,,-99.0,,,,,,-99.0,,,,,,-99.0,,,,
1974,8,1,100.0,100.0,,,,,,,1148.0,0.0,0.0,,,,0.0,0.0,,73.04,68.0,0.0,,,,225.0,225.0,,,,,72.0,45.0,-9999.0,,,,,,1.0,,,,,,1.0,,,,
1974,8,2,,,,,,,,,,,,,,,0.0,0.0,,32.0,32.0,,,,,,,,,,,,,-9.0,,,,,,,,,,,,,,,,
1974,8,3,80.0,90.0,,,,,,,518.0,0.0,56.0,,,,0.0,0.0,,77.0,68.0,462.0,,,,,,,,,,72.0,49.0,999.0,,,,,,1.0,,,,,,999.0,,,,
1974,8,4,,,,,,,,,,0.0,,,,,0.0,0.0,,,,,,,,,,,,,,,,-999.0,,,,,,,,,,,,-999.0,,,,
1974,8,6,80.0,80.0,,,,,,,1436.0,0.0,33.0,,,,0.0,0.0,,75.92,69.08,270.0,,,,,,,,,,87.0,72.0,9999.0,,,,,,1.0,,,,,,9999.0,,,,
1974,8,7,,,,,,,,,,0.0,,,,,0.0,0.0,,,,,,,,,,,,,,,,-99.0,,,,,,,,,,,,-99.0,,,,
1974,8,8,,,,,,,,,,,,,,,,,,,,,,,,,,,,,,,,99.0,,,,,,99.0,,,,,,99.0,,,,
1974,8,9,50.0,20.0,,,,,,,1142.0,0.0,88.0,,,,0.0,0.0,,75.92,68.0,720.0,,,,315.0,315.0,,,,,72.0,49.0,-9999.0,,,,,,-9999.0,,,,,,-9999.0,,,,
1974,8,10,,,,,,,,,,0.0,,,,,0.0,0.0,,32.0,32.0,,,,,,,,,,,,,-9.0,,,,,,,,,,,,-9.0,,,,
1974,8,11,80.0,60.0,,,,,,,330.0,0.0,48.0,,,,0.0,0.0,,75.92,66.92,396.0,,,,,,,,,,77.0,49.0,999.0,,,,,,1.0,,,,,,999.0,,,,
1974,8,12,,,,,,,,,,0.0,,,,,0.0,0.0,,,,,,,,,,,,,,,,-999.0,,,,,,,,,,,,-999.0,,,,
1974,8,14,50.0,40.0,,,,,,,1454.0,0.0,71.0,,,,0.0,0.0,,73.94,64.94,576.0,,,,,,,,,,82.0,54.0,9999.0,,,,,,1.0,,,,,,9999.0,,,,
1974,8,15,,,,,,,,,,0.0,,,,,0.0,0.0,,,,,,,,,,,,,,,,-99.0,,,,,,,,,,,,-99.0,,,,
1974,8,16,,,,,,,,,,,,,,,,,,,,,,,,,,,,,,,,99.0,,,,,,99.0,,,,,,99.0,,,,
1974,8,17,100.0,100.0,,,,,,,1218.0,0.0,15.0,,,,0.0,0.0,,75.02,66.92,126.0,,,,315.0,270.0,,,,,82.0,67.0,-9999.0,,,,,,-9999.0,,,,,,-9999.0,,,,
1974,8,18,,,,,,,,,,0.0,,,,,0.0,0.0,,32.0,32.0,,,,,,,,,,,,,-9.0,,,,,,-9.0,,,,,,-9.0,,,,
1974,8,19,80.0,60.0,,,,,,,354.0,0.0,45.0,,,,0.0,0.0,,75.92,66.92,366.0,,,,,,,,,,93.0,58.0,999.0,,,,,,999.0,,,,,,999.0,,,,
1974,8,20,,,,,,,,,,0.0,,,,,0.0,0.0,,,,,,,,,,,,,,,,-999.0,,,,,,-999.0,,,,,,-999.0,,,,
1974,8,22,50.0,30.0,,,,,,,1442.0,0.0,72.0,,,,0.0,0.0,,75.02,66.02,582.0,,,,,,,,,,93.0,54.0,9999.0,,,,,,9999.0,,,,,,9999.0,,,,
1974,8,23,,,,,,,,,,0.0,,,,,0.0,0.0,,,,,,,,,,,,,,,,-99.0,,,,,,,,,,,,-99.0,,,,
1974,8,24,,,,,,,,,,,,,,,,,,,,,,,,,,,,,,,,99.0,,,,,,,,,,,,99.0,,,,
1974,8,25,40.0,30.0,,,,,,,1324.0,0.0,77.0,,,,0.0,0.0,,73.94,64.04,618.0,,,,315.0,315.0,,,,,87.0,63.0,-9999.0,,,,,,1.0,,,,,,-9999.0,,,,
1974,8,26,,,,,,,,,,0.0,,,,,0.0,0.0,,32.0,32.0,,,,,,,,,,,,,,,,,,,,,,,,,-9.0,,,,
1974,8,27,50.0,40.0,,,,,,,518.0,0.0,74.0,,,,0.0,0.0,,75.02,62.059999999999995,594.0,,,,,,,,,,77.0,58.0,1.0,,,,,,1.0,,,,,,999.0,,,,
1974,8,28,,,,,,,,,,0.0,,,,,0.0,0.0,,,,,,,,,,,,,,,,,,,,,,,,,,,,-999.0,,,,
1974,8,30,80.0,70.0,,,,,,,924.0,0.0,46.0,,,,0.0,0.0,,73.04,64.04,366.0,,,,,,,,,,93.0,54.0,9999.0,,,,,,1.0,,,,,,9999.0,,,,
1974,8,31,,,,,,,,,,0.0,,,,,0.0,0.0,,,,,,,,,,,,,,,,-99.0,,,,,,,,,,,,-99.0,,,,
1974,9,1,60.0,50.0,,,,,,,1236.0,0.0,82.0,,,,0.0,0.0,,75.92,64.04,636.0,,,,270.0,225.0,,,,,67.0,49.0,-9999.0,-9999.0,,,,,1.0,,,,,,-9999.0,,,,
1974,9,2,,,,,,,,,,0.0,,,,,0.0,0.0,,32.0,32.0,,,,,,,,,,,,,-9.0,-9.0,,,,,,,,,,,-9.0,,,,
1974,9,3,80.0,80.0,,,,,,,600.0,0.0,61.0,,,,0.0,0.0,,84.02,66.92,468.0,,,,,,,,,,72.0,58.0,999.0,999.0,,,,,1.0,,,,,,999.0,,,,
1974,9,4,,,,,,,,,,0.0,,,,,0.0,0.0,,,,,,,,,,,,,,,,-999.0,-999.0,,,,,,,,,,,-999.0,,,,
1974,9,5,,,,,,,,,,,,,,,,,,,,,,,,,,,,,,,,9.0,,,,,,,,,,,,,,,,
1974,9,6,30.0,30.0,,,,,,,1400.0,0.0,77.0,,,,0.0,0.0,,77.0,64.94,588.0,,,,,,,,,,72.0,58.0,1.0,9999.0,,,,,1.0,,,,,,9999.0,,,,
1974,9,7,,,,,,,,,,0.0,,,,,0.0,0.0,,,,,,,,,,,,,,,,,-99.0,,,,,,,,,,,-99.0,,,,
1974,9,8,,,,,,,,,,,,,,,,,,,,,,,,,,,,,,,,,99.0,,,,,,,,,,,99.0,,,,
1974,9,9,50.0,40.0,,,,,,,900.0,0.0,64.0,,,,0.0,0.0,,78.08,69.08,486.0,,,,180.0,225.0,,,,,72.0,49.0,1.0,-9999.0,,,,,1.0,,,,,,-9999.0,,,,
1974,9,10,,,,,,,,,,0.0,,,,,0.0,0.0,,32.0,32.0,,,,,,,,,,,,,,-9.0,,,,,,,,,,,-9.0,,,,
1974,9,11,20.0,20.0,,,,,,,548.0,0.0,100.0,,,,0.0,0.0,,78.98,68.0,762.0,,,,,,,,,,67.0,49.0,999.0,999.0,,,,,999.0,,,,,,999.0,,,,
1974,9,12,,,,,,,,,,0.0,,,,,0.0,0.0,,,,,,,,,,,,,,,,-999.0,-999.0,,,,,-999.0,,,,,,-999.0,,,,
1974,9,13,,,,,,,,,,,,,,,,,,,,,,,,,,,,,,,,,,,,,,9.0,,,,,,,,,,
1974,9,14,50.0,40.0,,,,,,,1312.0,0.0,68.0,,,,0.0,0.0,,77.0,66.92,516.0,,,,,,,,,,62.0,45.0,9999.0,9999.0,,,,,1.0,,,,,,9999.0,,,,
1974,9,15,,,,,,,,,,0.0,,,,,0.0,0.0,,,,,,,,,,,,,,,,-99.0,-99.0,,,,,,,,,,,-99.0,,,,
1974,9,16,,,,,,,,,,,,,,,,,,,,,,,,,,,,,,,,99.0,99.0,,,,,,,,,,,99.0,,,,
1974,9,17,90.0,70.0,,,,,,,1300.0,0.0,37.0,,,,0.0,0.0,,73.94,66.02,282.0,,,,180.0,180.0,,,,,82.0,49.0,-9999.0,-9999.0,,,,,1.0,,,,,,-9999.0,,,,
1974,9,18,,,,,,,,,,0.0,,,,,0.0,0.0,,32.0,32.0,,,,,,,,,,,,,-9.0,-9.0,,,,,,,,,,,-9.0,,,,
1974,9,19,70.0,60.0,,,,,,,206.0,0.0,53.0,,,,0.0,0.0,,73.04,66.02,396.0,,,,,,,,,,72.0,45.0,999.0,999.0,,,,,1.0,,,,,,999.0,,,,
1974,9,20,,,,,,,,,,0.0,,,,,0.0,0.0,,,,,,,,,,,,,,,,-999.0,-999.0,,,,,,,,,,,-999.0,,,,
1974,9,22,50.0,30.0,,,,,,,1318.0,0.0,67.0,,,,0.0,0.0,,75.02,64.94,498.0,,,,,,,,,,93.0,76.0,9999.0,9999.0,,,,,9999.0,,,,,,9999.0,,,,
1974,9,23,,,,,,,,,,0.0,,,,,0.0,0.0,,,,,,,,,,,,,,,,-99.0,-99.0,,,,,,,,,,,-99.0,,,,
1974,9,24,,,,,,,,,,,,,,,,,,,,,,,,,,,,,,,,99.0,99.0,,,,,,,,,,,99.0,,,,
1974,9,25,50.0,30.0,,,,,,,1218.0,0.0,66.0,,,,0.0,0.0,,75.02,64.94,492.0,,,,270.0,270.0,,,,,82.0,67.0,-9999.0,-9999.0,,,,,1.0,,,,,,-9999.0,,,,
1974,9,26,,,,,,,,,,0.0,,,,,0.0,0.0,,32.0,32.0,,,,,,,,,,,,,-9.0,-9.0,,,,,,,,,,,-9.0,,,,
1974,9,27,90.0,80.0,,,,,,,618.0,0.0,35.0,,,,0.0,0.0,,71.96,66.02,258.0,,,,,,,,,,82.0,63.0,999.0,999.0,,,,,1.0,,,,,,999.0,,,,
1974,9,28,,,,,,,,,,0.0,,,,,0.0,0.0,,,,,,,,,,,,,,,,-999.0,-999.0,,,,,,,,,,,-999.0,,,,
1974,9,30,70.0,50.0,,,,,,,1330.0,0.0,60.0,,,,0.0,0.0,,73.94,64.94,444.0,,,,,,,,,,67.0,45.0,9999.0,9999.0,,,,,1.0,,,,,,9999.0,,,,
1974,9,31,,,,,,,,,,0.0,,,,,0.0,0.0,,,,,,,,,,,,,,,,-99.0,-99.0,,,,,,,,,,,-99.0,,,,
1974,10,1,100.0,100.0,,,,,,,1554.0,0.0,3.0,,,,0.0,0.0,,69.98,64.94,24.0,,,,270.0,315.0,,,,,62.0,49.0,-9999.0,-9999.0,,,,,1.0,,,,,,-9999.0,,,,
1974,10,2,,,,,,,,,,0.0,,,,,0.0,0.0,,32.0,32.0,,,,,,,,,,,,,-9.0,-9.0,,,,,,,,,,,-9.0,,,,
1974,10,3,60.0,50.0,,,,,,,212.0,0.0,63.0,,,,0.0,0.0,,73.94,64.94,444.0,,,,,,,,,,82.0,67.0,999.0,999.0,,,,,1.0,,,,,,999.0,,,,
1974,10,4,,,,,,,,,,0.0,,,,,0.0,0.0,,,,,,,,,,,,,,,,-999.0,-999.0,,,,,,,,,,,-999.0,,,,
1974,10,6,100.0,100.0,,,,,,,1512.0,0.0,8.0,,,,0.0,0.0,,69.98,64.04,60.0,,,,,,,,,,67.0,40.0,9999.0,9999.0,,,,,9999.0,,,,,,9999.0,,,,
1974,10,7,,,,,,,,,,0.0,,,,,0.0,0.0,,,,,,,,,,,,,,,,-99.0,-99.0,,,,,-99.0,,,,,,-99.0,,,,
1974,10,8,,,,,,,,,,,,,,,,,,,,,,,,,,,,,,,,99.0,99.0,,,,,99.0,,,,,,99.0,,,,
1974,10,9,70.0,60.0,,,,,,,1312.0,0.0,57.0,,,,0.0,0.0,,71.96,62.959999999999994,402.0,,,,270.0,270.0,,,,,87.0,54.0,-9999.0,-9999.0,,,,,-9999.0,,,,,,-9999.0,,,,
1974,10,10,,,,,,,,,,0.0,,,,,0.0,0.0,,32.0,32.0,,,,,,,,,,,,,-9.0,-9.0,,,,,-9.0,,,,,,-9.0,,,,
1974,10,11,100.0,100.0,,,,,,,342.0,0.0,0.0,,,,0.0,0.0,,69.98,64.94,0.0,,,,,,,,,,67.0,54.0,999.0,999.0,,,,,999.0,,,,,,999.0,,,,
1974,10,12,,,,,,,,,,0.0,,,,,0.0,0.0,,,,,,,,,,,,,,,,-999.0,-999.0,,,,,-999.0,,,,,,-999.0,,,,
1974,10,14,50.0,30.0,,,,,,,1342.0,0.0,82.0,,,,0.0,0.0,,71.96,62.959999999999994,570.0,,,,,,,,,,103.0,76.0,9999.0,9999.0,,,,,9999.0,,,,,,9999.0,,,,
1974,10,15,,,,,,,,,,0.0,,,,,0.0,0.0,,,,,,,,,,,,,,,,-99.0,-99.0,,,,,,,,,,,-99.0,,,,
1974,10,16,,,,,,,,,,,,,,,,,,,,,,,,,,,,,,,,99.0,99.0,,,,,,,,,,,99.0,,,,
1974,10,17,60.0,70.0,,,,,,,1354.0,0.0,17.0,,,,0.0,0.0,,71.96,62.059999999999995,120.0,,,,225.0,225.0,,,,,72.0,49.0,-9999.0,-9999.0,,,,,1.0,,,,,,-9999.0,,,,
1974,10,18,,,,,,,,,,0.0,,,,,0.0,0.0,,32.0,32.0,,,,,,,,,,,,,-9.0,-9.0,,,,,,,,,,,-9.0,,,,
1974,10,19,60.0,40.0,,,,,,,148.0,0.0,62.0,,,,0.0,0.0,,73.04,62.059999999999995,426.0,,,,,,,,,,87.0,63.0,999.0,999.0,,,,,1.0,,,,,,999.0,,,,
1974,10,20,,,,,,,,,,0.0,,,,,0.0,0.0,,,,,,,,,,,,,,,,-999.0,-999.0,,,,,,,,,,,-999.0,,,,
1974,10,21,,,,,,,,,,,,,,,,,,,,,,,,,,,,,,,,9.0,,,,,,,,,,,,,,,,
1974,10,22,40.0,20.0,,,,,,,1442.0,0.0,88.0,,,,0.0,0.0,,73.04,60.980000000000004,600.0,,,,,,,,,,82.0,63.0,1.0,9999.0,,,,,1.0,,,,,,9999.0,,,,
1974,10,23,,,,,,,,,,0.0,,,,,0.0,0.0,,,,,,,,,,,,,,,,,-99.0,,,,,,,,,,,-99.0,,,,
1974,10,24,,,,,,,,,,,,,,,,,,,,,,,,,,,,,,,,,99.0,,,,,,,,,,,99.0,,,,
1974,10,25,20.0,20.0,,,,,,,1318.0,0.0,97.0,,,,0.0,0.0,,91.94,62.059999999999995,666.0,,,,315.0,315.0,,,,,82.0,72.0,-9999.0,-9999.0,,,,,-9999.0,,,,,,-9999.0,,,,
1974,10,26,,,,,,,,,,0.0,,,,,0.0,0.0,,32.0,32.0,,,,,,,,,,,,,,-9.0,,,,,-9.0,,,,,,-9.0,,,,
1974,10,27,40.0,20.0,,,,,,,354.0,0.0,100.0,,,,0.0,0.0,,86.0,62.059999999999995,678.0,,,,,,,,,,62.0,49.0,1.0,999.0,,,,,999.0,,,,,,999.0,,,,
1974,10,28,,,,,,,,,,0.0,,,,,0.0,0.0,,,,,,,,,,,,,,,,,,,,,,,,,,,,-999.0,,,,
1974,10,30,70.0,60.0,,,,,,,1206.0,0.0,51.0,,,,0.0,0.0,,71.96,57.92,348.0,,,,,,,,,,72.0,58.0,1.0,1.0,,,,,1.0,,,,,,9999.0,,,,
1974,10,31,,,,,,,,,,0.0,,,,,0.0,0.0,,,,,,,,,,,,,,,,,,,,,,,,,,,,-99.0,,,,
1974,11,1,80.0,70.0,,,,,,,2200.0,25.0,42.0,,,,0.0,0.0,,66.02,57.02,276.0,,,,270.0,270.0,,,,,118.0,85.0,-9999.0,-9999.0,,,,,-9999.0,,,,,,1.0,,,,
1974,11,2,,,,,,,,,,0.0,,,,,0.0,0.0,,32.0,32.0,,,,,,,,,,,,,-9.0,-9.0,,,,,-9.0,,,,,,,,,,
1974,11,3,30.0,30.0,,,,,,,312.0,0.0,76.0,,,,0.0,0.0,,66.02,53.06,492.0,,,,,,,,,,103.0,54.0,999.0,999.0,,,,,999.0,,,,,,999.0,,,,
1974,11,4,,,,,,,,,,0.0,,,,,0.0,0.0,,,,,,,,,,,,,,,,-999.0,-999.0,,,,,,,,,,,-999.0,,,,
1974,11,6,40.0,60.0,,,,,,,1406.0,0.0,94.0,,,,0.0,0.0,,69.08,51.98,612.0,,,,,,,,,,98.0,76.0,9999.0,9999.0,,,,,1.0,,,,,,9999.0,,,,
1974,11,7,,,,,,,,,,0.0,,,,,0.0,0.0,,,,,,,,,,,,,,,,-99.0,-99.0,,,,,,,,,,,-99.0,,,,
1974,11,8,,,,,,,,,,,,,,,,,,,,,,,,,,,,,,,,99.0,99.0,,,,,,,,,,,99.0,,,,
1974,11,9,0.0,0.0,,,,,,,1206.0,0.0,100.0,,,,0.0,0.0,,73.04,51.08,642.0,,,,315.0,315.0,,,,,82.0,72.0,-9999.0,-9999.0,,,,,-9999.0,,,,,,-9999.0,,,,
1974,11,10,,,,,,,,,,0.0,,,,,0.0,0.0,,32.0,32.0,,,,,,,,,,,,,-9.0,-9.0,,,,,-9.0,,,,,,-9.0,,,,
1974,11,11,0.0,0.0,,,,,,,454.0,0.0,100.0,,,,0.0,0.0,,77.0,51.08,642.0,,,,,,,,,,82.0,67.0,999.0,999.0,,,,,999.0,,,,,,999.0,,,,
1974,11,12,,,,,,,,,,0.0,,,,,0.0,0.0,,,,,,,,,,,,,,,,-999.0,-999.0,,,,,,,,,,,-999.0,,,,
1974,11,14,0.0,0.0,,,,,,,1524.0,0.0,97.0,,,,0.0,0.0,,73.04,51.98,624.0,,,,,,,,,,82.0,67.0,9999.0,9999.0,,,,,1.0,,,,,,9999.0,,,,
1974,11,15,,,,,,,,,,0.0,,,,,0.0,0.0,,,,,,,,,,,,,,,,-99.0,-99.0,,,,,,,,,,,-99.0,,,,
1974,11,16,,,,,,,,,,,,,,,,,,,,,,,,,,,,,,,,99.0,99.0,,,,,,,,,,,99.0,,,,
1974,11,17,20.0,10.0,,,,,,,1406.0,0.0,100.0,,,,0.0,0.0,,86.0,53.96,636.0,,,,315.0,360.0,,,,,77.0,67.0,-9999.0,-9999.0,,,,,-9999.0,,,,,,-9999.0,,,,
1974,11,18,,,,,,,,,,0.0,,,,,0.0,0.0,,32.0,32.0,,,,,,,,,,,,,-9.0,-9.0,,,,,-9.0,,,,,,-9.0,,,,
1974,11,19,20.0,40.0,,,,,,,424.0,0.0,100.0,,,,0.0,0.0,,91.03999999999999,55.94,636.0,,,,,,,,,,67.0,54.0,999.0,999.0,,,,,999.0,,,,,,999.0,,,,
1974,11,20,,,,,,,,,,0.0,,,,,0.0,0.0,,,,,,,,,,,,,,,,-999.0,-999.0,,,,,-999.0,,,,,,-999.0,,,,
1974,11,21,,,,,,,,,,,,,,,,,,,,,,,,,,,,,,,,,,,,,,9.0,,,,,,,,,,
1974,11,22,60.0,60.0,,,,,,,1442.0,0.0,71.0,,,,0.0,0.0,,69.08,55.94,444.0,,,,,,,,,,103.0,80.0,9999.0,9999.0,,,,,1.0,,,,,,9999.0,,,,
1974,11,23,,,,,,,,,,0.0,,,,,0.0,0.0,,,,,,,,,,,,,,,,-99.0,-99.0,,,,,,,,,,,-99.0,,,,
1974,11,24,,,,,,,,,,,,,,,,,,,,,,,,,,,,,,,,99.0,99.0,,,,,,,,,,,99.0,,,,
1974,11,25,100.0,100.0,,,,,,,1406.0,0.0,10.0,,,,0.0,0.0,,64.94,59.0,60.0,,,,225.0,225.0,,,,,67.0,36.0,-9999.0,-9999.0,,,,,1.0,,,,,,-9999.0,,,,
1974,11,26,,,,,,,,,,0.0,,,,,0.0,0.0,,32.0,32.0,,,,,,,,,,,,,-9.0,-9.0,,,,,,,,,,,-9.0,,,,
1974,11,27,80.0,80.0,,,,,,,636.0,0.0,29.0,,,,0.0,0.0,,66.92,57.92,180.0,,,,,,,,,,57.0,45.0,999.0,999.0,,,,,1.0,,,,,,999.0,,,,
1974,11,28,,,,,,,,,,0.0,,,,,0.0,0.0,,,,,,,,,,,,,,,,-999.0,-999.0,,,,,,,,,,,-999.0,,,,
1974,11,30,40.0,30.0,,,,,,,1306.0,0.0,63.0,,,,0.0,0.0,,68.0,57.92,390.0,,,,,,,,,,62.0,40.0,9999.0,9999.0,,,,,1.0,,,,,,9999.0,,,,
1974,11,31,,,,,,,,,,0.0,,,,,0.0,0.0,,,,,,,,,,,,,,,,,-99.0,,,,,,,,,,,-99.0,,,,
1974,12,1,40.0,30.0,,,,,,,1324.0,0.0,73.0,,,,0.0,0.0,,66.02,48.92,444.0,,,,315.0,315.0,,,,,82.0,67.0,-9999.0,-9999.0,,,,,1.0,,,,,,-9999.0,,,,
1974,12,2,,,,,,,,,,0.0,,,,,0.0,0.0,,32.0,32.0,,,,,,,,,,,,,-9.0,-9.0,,,,,,,,,,,-9.0,,,,
1974,12,3,50.0,50.0,,,,,,,306.0,0.0,96.0,,,,0.0,0.0,,64.04,50.0,582.0,,,,,,,,,,67.0,45.0,999.0,999.0,,,,,1.0,,,,,,999.0,,,,
1974,12,4,,,,,,,,,,0.0,,,,,0.0,0.0,,,,,,,,,,,,,,,,-999.0,-999.0,,,,,,,,,,,-999.0,,,,
1974,12,5,,,,,,,,,,,,,,,,,,,,,,,,,,,,,,,,9.0,,,,,,,,,,,,9.0,,,,
1974,12,6,90.0,90.0,,,,,,,1042.0,363.0,27.0,,,,0.0,0.0,,64.94,59.0,162.0,,,,,,,,,,118.0,76.0,1.0,9999.0,,,,,9999.0,,,,,,1.0,,,,
1974,12,7,,,,,,,,,,0.0,,,,,0.0,0.0,,,,,,,,,,,,,,,,,-99.0,,,,,-99.0,,,,,,,,,,
1974,12,8,,,,,,,,,,,,,,,,,,,,,,,,,,,,,,,,99.0,99.0,,,,,99.0,,,,,,99.0,,,,
1974,12,9,10.0,0.0,,,,,,,1336.0,0.0,100.0,,,,0.0,0.0,,66.92,48.92,606.0,,,,315.0,315.0,,,,,67.0,63.0,-9999.0,-9999.0,,,,,1.0,,,,,,-9999.0,,,,
1974,12,10,,,,,,,,,,0.0,,,,,0.0,0.0,,32.0,32.0,,,,,,,,,,,,,-9.0,-9.0,,,,,,,,,,,-9.0,,,,
1974,12,11,0.0,0.0,,,,,,,500.0,0.0,100.0,,,,0.0,0.0,,69.98,48.02,606.0,,,,,,,,,,57.0,45.0,999.0,999.0,,,,,1.0,,,,,,999.0,,,,
1974,12,12,,,,,,,,,,0.0,,,,,0.0,0.0,,,,,,,,,,,,,,,,-999.0,-999.0,,,,,,,,,,,-999.0,,,,
1974,12,14,0.0,0.0,,,,,,,1554.0,0.0,100.0,,,,0.0,0.0,,69.98,50.0,606.0,,,,,,,,,,93.0,76.0,9999.0,9999.0,,,,,9999.0,,,,,,9999.0,,,,
1974,12,15,,,,,,,,,,0.0,,,,,0.0,0.0,,,32.0,,,,,,,,,,,,,-99.0,-99.0,,,,,,,,,,,-99.0,,,,
1974,12,16,,,,,,,,,,,,,,,,,,,,,,,,,,,,,,,,99.0,99.0,,,,,,,,,,,99.0,,,,
1974,12,17,10.0,20.0,,,,,,,1354.0,0.0,100.0,,,,0.0,0.0,,62.959999999999994,44.06,600.0,,,,270.0,270.0,,,,,67.0,58.0,-9999.0,-9999.0,,,,,1.0,,,,,,-9999.0,,,,
1974,12,18,,,,,,,,,,0.0,,,,,0.0,0.0,,32.0,32.0,,,,,,,,,,,,,-9.0,-9.0,,,,,,,,,,,-9.0,,,,
1974,12,19,10.0,0.0,,,,,,,518.0,0.0,97.0,,,,0.0,0.0,,66.02,46.04,582.0,,,,,,,,,,82.0,67.0,999.0,999.0,,,,,1.0,,,,,,999.0,,,,
1974,12,20,,,,,,,,,,0.0,,,,,0.0,0.0,,,,,,,,,,,,,,,,,,,,,,,,,,,,-999.0,,,,
1974,12,22,10.0,10.0,,,,,,,1542.0,0.0,97.0,,,,0.0,0.0,,69.98,46.04,582.0,,,,,,,,,,82.0,67.0,1.0,9999.0,,,,,1.0,,,,,,9999.0,,,,
1974,12,23,,,,,,,,,,0.0,,,,,0.0,0.0,,,32.0,,,,,,,,,,,,,,-99.0,,,,,,,,,,,-99.0,,,,
1974,12,24,,,,,,,,,,,,,,,,,,,,,,,,,,,,,,,,99.0,99.0,,,,,99.0,,,,,,99.0,,,,
1974,12,25,10.0,20.0,,,,,,,1430.0,0.0,99.0,,,,0.0,0.0,,77.0,48.92,594.0,,,,315.0,315.0,,,,,62.0,49.0,-9999.0,-9999.0,,,,,-9999.0,,,,,,-9999.0,,,,
1974,12,26,,,,,,,,,,0.0,,,,,0.0,0.0,,32.0,32.0,,,,,,,,,,,,,,,,,,,-9.0,,,,,,-9.0,,,,
1974,12,27,40.0,30.0,,,,,,,612.0,0.0,93.0,,,,0.0,0.0,,69.98,51.98,558.0,,,,,,,,,,51.0,40.0,1.0,1.0,,,,,999.0,,,,,,999.0,,,,
1974,12,28,,,,,,,,,,0.0,,,,,0.0,0.0,,,,,,,,,,,,,,,,,,,,,,,,,,,,-999.0,,,,
1974,12,30,70.0,100.0,,,,,,,1206.0,0.0,79.0,,,,0.0,0.0,,66.92,48.02,474.0,,,,,,,,,,57.0,49.0,1.0,9999.0,,,,,1.0,,,,,,9999.0,,,,
1974,12,31,,,,,,,,,,0.0,,,,,0.0,0.0,,,32.0,,,,,,,,,,,,,,,,,,,,,,,,,-99.0,,,,
1975,1,1,0.0,0.0,,,,,,,1518.0,0.0,100.0,,,,0.0,0.0,,62.059999999999995,42.08,606.0,,,,270.0,270.0,,,,,67.0,54.0,-9999.0,-9999.0,,,,,-9999.0,,,,,,-9999.0,,,,
1975,1,2,,,,,,,,,,0.0,,,,,0.0,0.0,,32.0,32.0,,,,,,,,,,,,,-9.0,-9.0,,,,,-9.0,,,,,,-9.0,,,,
1975,1,3,10.0,10.0,,,,,,,318.0,0.0,99.0,,,,0.0,0.0,,62.059999999999995,44.96,600.0,,,,,,,,,,67.0,58.0,999.0,999.0,,,,,999.0,,,,,,999.0,,,,
1975,1,4,,,,,,,,,,0.0,,,,,0.0,0.0,,,,,,,,,,,,,,,,-999.0,-999.0,,,,,-999.0,,,,,,-999.0,,,,
1975,1,5,,,,,,,,,,,,,,,,,,,,,,,,,,,,,,,,9.0,,,,,,9.0,,,,,,,,,,
1975,1,6,0.0,10.0,,,,,,,1312.0,0.0,100.0,,,,0.0,0.0,,62.959999999999994,41.0,606.0,,,,,,,,,,67.0,49.0,1.0,9999.0,,,,,1.0,,,,,,9999.0,,,,
1975,1,7,,,,,,,,,,0.0,,,,,0.0,0.0,,,32.0,,,,,,,,,,,,,,-99.0,,,,,,,,,,,-99.0,,,,
1975,1,8,,,,,,,,,,,,,,,,,,,,,,,,,,,,,,,,,99.0,,,,,,,,,,,99.0,,,,
1975,1,9,70.0,80.0,,,,,,,2318.0,5.0,95.0,,,,0.0,0.0,,66.02,44.06,576.0,,,,135.0,270.0,,,,,57.0,40.0,1.0,-9999.0,,,,,-9999.0,,,,,,1.0,,,,
1975,1,10,,,,,,,,,,0.0,,,,,0.0,0.0,,32.0,32.0,,,,,,,,,,,,,,-9.0,,,,,-9.0,,,,,,,,,,
1975,1,11,90.0,100.0,,,,,,,400.0,20.0,59.0,,,,0.0,0.0,,62.059999999999995,53.96,360.0,,,,,,,,,,57.0,40.0,1.0,999.0,,,,,999.0,,,,,,1.0,,,,
1975,1,12,,,,,,,,,,0.0,,,,,0.0,0.0,,,,,,,,,,,,,,,,,-999.0,,,,,,,,,,,,,,,
1975,1,14,90.0,90.0,,,,,,,130.0,0.0,78.0,,,,0.0,0.0,,60.980000000000004,50.0,474.0,,,,,,,,,,123.0,94.0,9999.0,9999.0,,,,,9999.0,,,,,,9999.0,,,,
1975,1,15,,,,,,,,,,0.0,,,,,0.0,0.0,,,32.0,,,,,,,,,,,,,-99.0,-99.0,,,,,-99.0,,,,,,-99.0,,,,
1975,1,16,,,,,,,,,,,,,,,,,,,,,,,,,,,,,,,,99.0,99.0,,,,,99.0,,,,,,99.0,,,,
1975,1,17,50.0,90.0,,,,,,,1224.0,0.0,100.0,,,,0.0,0.0,,64.94,46.04,612.0,,,,315.0,315.0,,,,,77.0,63.0,-9999.0,-9999.0,,,,,-9999.0,,,,,,-9999.0,,,,
1975,1,18,,,,,,,,,,0.0,,,,,0.0,0.0,,32.0,32.0,,,,,,,,,,,,,-9.0,-9.0,,,,,-9.0,,,,,,-9.0,,,,
1975,1,19,0.0,0.0,,,,,,,136.0,0.0,100.0,,,,0.0,0.0,,73.04,46.04,612.0,,,,,,,,,,57.0,45.0,999.0,999.0,,,,,999.0,,,,,,999.0,,,,
1975,1,20,,,,,,,,,,0.0,,,,,0.0,0.0,,,,,,,,,,,,,,,,-999.0,-999.0,,,,,-999.0,,,,,,-999.0,,,,
1975,1,22,0.0,0.0,,,,,,,1536.0,0.0,100.0,,,,0.0,0.0,,82.04,48.02,612.0,,,,,,,,,,51.0,49.0,9999.0,9999.0,,,,,9999.0,,,,,,9999.0,,,,
1975,1,23,,,,,,,,,,0.0,,,,,0.0,0.0,,,32.0,,,,,,,,,,,,,,-99.0,,,,,,,,,,,-99.0,,,,
1975,1,24,,,,,,,,,,,,,,,,,,,,,,,,,,,,,,,,,99.0,,,,,,,,,,,99.0,,,,
1975,1,25,70.0,70.0,,,,,,,1306.0,0.0,90.0,,,,0.0,0.0,,64.94,46.94,558.0,,,,180.0,315.0,,,,,62.0,45.0,1.0,1.0,,,,,1.0,,,,,,-9999.0,,,,
1975,1,26,,,,,,,,,,0.0,,,,,0.0,0.0,,32.0,32.0,,,,,,,,,,,,,,,,,,,,,,,,,-9.0,,,,
1975,1,27,10.0,10.0,,,,,,,542.0,0.0,96.0,,,,0.0,0.0,,71.06,44.96,594.0,,,,,,,,,,57.0,54.0,1.0,1.0,,,,,1.0,,,,,,999.0,,,,
1975,1,28,,,,,,,,,,0.0,,,,,0.0,0.0,,,,,,,,,,,,,,,,,,,,,,,,,,,,-999.0,,,,
1975,1,30,0.0,0.0,,,,,,,1348.0,0.0,100.0,,,,0.0,0.0,,80.06,48.02,618.0,,,,,,,,,,77.0,58.0,9999.0,9999.0,,,,,1.0,,,,,,9999.0,,,,
1975,1,31,,,,,,,,,,0.0,,,,,0.0,0.0,,,32.0,,,,,,,,,,,,,-99.0,-99.0,,,,,,,,,,,-99.0,,,,
1975,2,1,0.0,0.0,,,,,,,1524.0,0.0,100.0,,,,0.0,0.0,,62.059999999999995,42.08,636.0,,,,315.0,315.0,,,,,87.0,76.0,-9999.0,-9999.0,,,,,-9999.0,-9999.0,,,,,-9999.0,,,,
1975,2,2,,,,,,,,,,0.0,,,,,0.0,0.0,,32.0,32.0,,,,,,,,,,,,,-9.0,-9.0,,,,,-9.0,-9.0,,,,,-9.0,,,,
1975,2,3,40.0,40.0,,,,,,,354.0,0.0,94.0,,,,0.0,0.0,,62.059999999999995,42.08,600.0,,,,,,,,,,67.0,49.0,999.0,999.0,,,,,999.0,999.0,,,,,999.0,,,,
1975,2,4,,,,,,,,,,,,,,,0.0,0.0,,,,,,,,,,,,,,,,,-999.0,,,,,-999.0,-999.0,,,,,,,,,
1975,2,6,90.0,90.0,,,,,,,1330.0,25.0,46.0,,,,0.0,0.0,,60.980000000000004,51.98,294.0,,,,,,,,,,93.0,76.0,1.0,9999.0,,,,,9999.0,9999.0,,,,,1.0,,,,
1975,2,7,,,,,,,,,,0.0,,,,,0.0,0.0,,,,,,,,,,,,,,,,,-99.0,,,,,-99.0,-99.0,,,,,,,,,
1975,2,8,,,,,,,,,,,,,,,,,,,,,,,,,,,,,,,,,99.0,,,,,99.0,99.0,,,,,,,,,
1975,2,9,70.0,60.0,,,,,,,1530.0,0.0,86.0,,,,0.0,0.0,,68.0,48.92,558.0,,,,270.0,315.0,,,,,77.0,63.0,1.0,1.0,,,,,1.0,-9999.0,,,,,-9999.0,,,,
1975,2,10,,,,,,,,,,0.0,,,,,0.0,0.0,,32.0,32.0,,,,,,,,,,,,,,,,,,,,-9.0,,,,,-9.0,,,,
1975,2,11,80.0,90.0,,,,,,,506.0,0.0,23.0,,,,0.0,0.0,,62.059999999999995,53.96,150.0,,,,,,,,,,77.0,63.0,1.0,999.0,,,,,1.0,999.0,,,,,999.0,,,,
1975,2,12,,,,,,,,,,0.0,,,,,0.0,0.0,,,,,,,,,,,,,,,,,-999.0,,,,,,-999.0,,,,,-999.0,,,,
1975,2,13,,,,,,,,,,,,,,,,,,,,,,,,,,,,,,,,9.0,,,,,,,9.0,,,,,9.0,,,,
1975,2,14,100.0,100.0,,,,,,,1300.0,79.0,2.0,,,,0.0,0.0,,60.08,53.96,12.0,,,,,,,,,,108.0,76.0,1.0,9999.0,,,,,1.0,1.0,,,,,1.0,,,,
1975,2,15,,,,,,,,,,0.0,,,,,0.0,0.0,,,,,,,,,,,,,,,,,-99.0,,,,,,,,,,,,,,,
1975,2,16,,,,,,,,,,,,,,,,,,,,,,,,,,,,,,,,,99.0,,,,,99.0,99.0,,,,,,,,,
1975,2,17,0.0,0.0,,,,,,,1436.0,0.0,100.0,,,,0.0,0.0,,64.04,50.0,654.0,,,,315.0,315.0,,,,,93.0,80.0,-9999.0,-9999.0,,,,,-9999.0,-9999.0,,,,,-9999.0,,,,
1975,2,18,,,,,,,,,,0.0,,,,,0.0,0.0,,32.0,32.0,,,,,,,,,,,,,,,,,,,,-9.0,,,,,-9.0,,,,
1975,2,19,90.0,100.0,,,,,,,500.0,0.0,62.0,,,,0.0,0.0,,64.94,48.02,408.0,,,,,,,,,,87.0,76.0,1.0,1.0,,,,,1.0,999.0,,,,,999.0,,,,
1975,2,20,,,,,,,,,,0.0,,,,,0.0,0.0,,,,,,,,,,,,,,,,,,,,,,,-999.0,,,,,,,,,
1975,2,22,80.0,90.0,,,,,,,1548.0,5.0,36.0,,,,0.0,0.0,,62.059999999999995,55.04,234.0,,,,,,,,,,98.0,67.0,1.0,9999.0,,,,,9999.0,9999.0,,,,,1.0,,,,
1975,2,23,,,,,,,,,,0.0,,,,,0.0,0.0,,,,,,,,,,,,,,,,,-99.0,,,,,-99.0,-99.0,,,,,,,,,
1975,2,24,,,,,,,,,,,,,,,,,,,,,,,,,,,,,,,,99.0,99.0,,,,,99.0,99.0,,,,,99.0,,,,
1975,2,25,50.0,60.0,,,,,,,1242.0,0.0,58.0,,,,0.0,0.0,,60.08,46.04,384.0,,,,225.0,225.0,,,,,108.0,76.0,-9999.0,-9999.0,,,,,-9999.0,-9999.0,,,,,-9999.0,,,,
1975,2,26,,,,,,,,,,0.0,,,,,0.0,0.0,,32.0,32.0,,,,,,,,,,,,,-9.0,-9.0,,,,,-9.0,-9.0,,,,,-9.0,,,,
1975,2,27,10.0,0.0,,,,,,,512.0,0.0,100.0,,,,0.0,0.0,,62.059999999999995,46.04,666.0,,,,,,,,,,98.0,80.0,999.0,999.0,,,,,999.0,999.0,,,,,999.0,,,,
1975,2,28,,,,,,,,,,0.0,,,,,0.0,0.0,,,,,,,,,,,,,,,,-999.0,-999.0,,,,,-999.0,-999.0,,,,,-999.0,,,,
1975,2,29,,,,,,,,,,,,,,,,,,,,,,,,,,,,,,,,,,,,,,9.0,,,,,,,,,,
1975,2,30,30.0,50.0,,,,,,,1630.0,0.0,84.0,,,,0.0,0.0,,66.02,42.980000000000004,564.0,,,,,,,,,,82.0,67.0,9999.0,9999.0,,,,,1.0,9999.0,,,,,9999.0,,,,
1975,2,31,,,,,,,,,,0.0,,,,,0.0,0.0,,,32.0,,,,,,,,,,,,,-99.0,-99.0,,,,,,-99.0,,,,,,,,,
1975,3,1,70.0,60.0,,,,,,,1418.0,0.0,65.0,,,,0.0,0.0,,66.92,46.94,450.0,,,,270.0,315.0,,,,,123.0,94.0,1.0,,,,,,1.0,,,,,,-9999.0,,,,
1975,3,2,,,,,,,,,,0.0,,,,,0.0,0.0,,32.0,32.0,,,,,,,,,,,,,,,,,,,,,,,,,-9.0,,,,
1975,3,3,70.0,60.0,,,,,,,242.0,0.0,70.0,,,,0.0,0.0,,64.04,48.92,486.0,,,,,,,,,,67.0,58.0,1.0,,,,,,1.0,,,,,,999.0,,,,
1975,3,4,,,,,,,,,,0.0,,,,,0.0,0.0,,,,,,,,,,,,,,,,,,,,,,,,,,,,-999.0,,,,
1975,3,6,80.0,70.0,,,,,,,1430.0,0.0,56.0,,,,0.0,0.0,,66.02,53.06,390.0,,,,,,,,,,72.0,63.0,1.0,,,,,,1.0,,,,,,9999.0,,,,
1975,3,7,,,,,,,,,,0.0,,,,,0.0,0.0,,,,,,,,,,,,,,,,,,,,,,,,,,,,,,,,
1975,3,9,80.0,90.0,,,,,,,424.0,366.0,44.0,,,,0.0,0.0,,62.959999999999994,55.94,312.0,,,,135.0,135.0,,,,,139.0,112.0,1.0,,,,,,-9999.0,,,,,,1.0,,,,
1975,3,10,,,,,,,,,,0.0,,,,,0.0,0.0,,32.0,32.0,,,,,,,,,,,,,,,,,,,,,,,,,,,,,
1975,3,11,80.0,90.0,,,,,,,254.0,0.0,69.0,,,,0.0,0.0,,66.02,55.94,486.0,,,,,,,,,,113.0,80.0,999.0,,,,,,1.0,,,,,,999.0,,,,
1975,3,12,,,,,,,,,,,,,,,0.0,0.0,,,,,,,,,,,,,,,,,,,,,,,,,,,,,,,,
1975,3,14,80.0,100.0,,,,,,,1306.0,0.0,26.0,,,,0.0,0.0,,60.08,55.94,186.0,,,,,,,,,,87.0,63.0,9999.0,,,,,,9999.0,,,,,,9999.0,,,,
1975,3,15,,,,,,,,,,,,,,,0.0,0.0,,,,,,,,,,,,,,,,,,,,,,-99.0,,,,,,,,,,
1975,3,16,,,,,,,,,,,,,,,,,,,,,,,,,,,,,,,,,,,,,,99.0,,,,,,,,,,
1975,3,17,70.0,90.0,,,,,,,748.0,152.0,25.0,,,,0.0,0.0,,57.02,46.94,180.0,,,,225.0,225.0,,,,,108.0,76.0,-9999.0,,,,,,-9999.0,,,,,,1.0,,,,
1975,3,18,,,,,,,,,,0.0,,,,,0.0,0.0,,32.0,32.0,,,,,,,,,,,,,-9.0,,,,,,-9.0,,,,,,,,,,
1975,3,19,50.0,60.0,,,,,,,6.0,0.0,89.0,,,,0.0,0.0,,64.04,44.06,636.0,,,,,,,,,,82.0,54.0,999.0,,,,,,999.0,,,,,,999.0,,,,
1975,3,20,,,,,,,,,,0.0,,,,,0.0,0.0,,,,,,,,,,,,,,,,-999.0,,,,,,-999.0,,,,,,,,,,
1975,3,21,,,,,,,,,,,,,,,,,,,,,,,,,,,,,,,,9.0,,,,,,,,,,,,,,,,
1975,3,22,40.0,40.0,,,,,,,24.0,28.0,81.0,,,,0.0,0.0,,60.08,50.0,576.0,,,,,,,,,,134.0,116.0,1.0,,,,,,9999.0,,,,,,1.0,,,,
1975,3,23,,,,,,,,,,0.0,,,,,0.0,0.0,,,32.0,,,,,,,,,,,,,,,,,,,-99.0,,,,,,,,,,
1975,3,24,,,,,,,,,,,,,,,,,,,,,,,,,,,,,,,,99.0,,,,,,99.0,,,,,,99.0,,,,
1975,3,25,80.0,90.0,,,,,,,1348.0,0.0,48.0,,,,0.0,0.0,,62.059999999999995,53.96,342.0,,,,270.0,270.0,,,,,103.0,89.0,-9999.0,,,,,,-9999.0,,,,,,1.0,,,,
1975,3,26,,,,,,,,,,,,,,,0.0,0.0,,32.0,32.0,,,,,,,,,,,,,-9.0,,,,,,-9.0,,,,,,,,,,
1975,3,27,0.0,0.0,,,,,,,348.0,0.0,100.0,,,,0.0,0.0,,64.94,48.02,720.0,,,,,,,,,,82.0,76.0,999.0,,,,,,999.0,,,,,,999.0,,,,
1975,3,28,,,,,,,,,,0.0,,,,,0.0,0.0,,,,,,,,,,,,,,,,-999.0,,,,,,-999.0,,,,,,-999.0,,,,
1975,3,29,,,,,,,,,,,,,,,,,,,,,,,,,,,,,,,,,,,,,,9.0,,,,,,,,,,
1975,3,30,60.0,70.0,,,,,,,1400.0,0.0,86.0,,,,0.0,0.0,,68.0,53.06,624.0,,,,,,,,,,67.0,54.0,9999.0,,,,,,1.0,,,,,,9999.0,,,,
1975,3,31,,,,,,,,,,0.0,,,,,0.0,0.0,,,,,,,,,,,,,,,,-99.0,,,,,,,,,,,,-99.0,,,,
1975,4,1,40.0,30.0,,,,,,,418.0,0.0,81.0,,,,0.0,0.0,,62.959999999999994,51.98,612.0,,,,225.0,270.0,,,,,98.0,67.0,-9999.0,,,,-9999.0,,1.0,,,,,,1.0,,,,
1975,4,2,,,,,,,,,,,,,,,0.0,0.0,,32.0,32.0,,,,,,,,,,,,,-9.0,,,,-9.0,,,,,,,,,,,,
1975,4,3,0.0,0.0,,,,,,,524.0,0.0,100.0,,,,0.0,0.0,,71.96,50.0,756.0,,,,,,,,,,98.0,85.0,999.0,,,,999.0,,999.0,,,,,,999.0,,,,
1975,4,4,,,,,,,,,,0.0,,,,,0.0,0.0,,,,,,,,,,,,,,,,-999.0,,,,-999.0,,-999.0,,,,,,-999.0,,,,
1975,4,5,,,,,,,,,,,,,,,,,,,,,,,,,,,,,,,,,,,,,,,,,,,,9.0,,,,
1975,4,6,70.0,60.0,,,,,,,1512.0,8.0,76.0,,,,0.0,0.0,,64.04,53.96,576.0,,,,,,,,,,77.0,54.0,9999.0,,,,9999.0,,9999.0,,,,,,1.0,,,,
1975,4,7,,,,,,,,,,0.0,,,,,0.0,0.0,,,,,,,,,,,,,,,,,,,,-99.0,,-99.0,,,,,,,,,,
1975,4,8,,,,,,,,,,,,,,,,,,,,,,,,,,,,,,,,,,,,99.0,,99.0,,,,,,,,,,
1975,4,9,90.0,100.0,,,,,,,1118.0,76.0,34.0,,,,0.0,0.0,,57.92,46.04,258.0,,,,225.0,225.0,,,,,134.0,107.0,-9999.0,,,,-9999.0,,-9999.0,,,,,,1.0,,,,
1975,4,10,,,,,,,,,,0.0,,,,,0.0,0.0,,32.0,32.0,,,,,,,,,,,,,-9.0,,,,,,-9.0,,,,,,,,,,
1975,4,11,80.0,80.0,,,,,,,606.0,3.0,73.0,,,,0.0,0.0,,59.0,44.96,558.0,,,,,,,,,,134.0,89.0,999.0,,,,1.0,,999.0,,,,,,1.0,,,,
1975,4,12,,,,,,,,,,,,,,,0.0,0.0,,,,,,,,,,,,,,,,,,,,,,-999.0,,,,,,,,,,
1975,4,14,70.0,60.0,,,,,,,342.0,104.0,40.0,,,,0.0,0.0,,60.980000000000004,51.08,306.0,,,,,,,,,,123.0,76.0,1.0,,,,9999.0,,9999.0,,,,,,1.0,,,,
1975,4,15,,,,,,,,,,0.0,,,,,0.0,0.0,,,,,,,,,,,,,,,,,,,,-99.0,,-99.0,,,,,,,,,,
1975,4,16,,,,,,,,,,,,,,,,,,,,,,,,,,,,,,,,99.0,,,,99.0,,99.0,,,,,,99.0,,,,
1975,4,17,40.0,40.0,,,,,,,1436.0,0.0,83.0,,,,0.0,0.0,,62.059999999999995,53.96,642.0,,,,225.0,225.0,,,,,87.0,54.0,-9999.0,,,,-9999.0,,-9999.0,,,,,,1.0,,,,
1975,4,18,,,,,,,,,,,,,,,0.0,0.0,,32.0,32.0,,,,,,,,,,,,,-9.0,,,,-9.0,,-9.0,,,,,,,,,,
1975,4,19,40.0,20.0,,,,,,,524.0,0.0,95.0,,,,0.0,0.0,,64.04,51.98,732.0,,,,,,,,,,77.0,49.0,999.0,,,,999.0,,999.0,,,,,,999.0,,,,
1975,4,20,,,,,,,,,,0.0,,,,,0.0,0.0,,,,,,,,,,,,,,,,-999.0,,,,-999.0,,,,,,,,-999.0,,,,
1975,4,22,70.0,60.0,,,,,,,918.0,0.0,62.0,,,,0.0,0.0,,64.04,57.02,486.0,,,,,,,,,,77.0,49.0,9999.0,,,,9999.0,,9999.0,,,,,,9999.0,,,,
1975,4,23,,,,,,,,,,0.0,,,,,0.0,0.0,,,,,,,,,,,,,,,,-99.0,,,,-99.0,,-99.0,,,,,,-99.0,,,,
1975,4,24,,,,,,,,,,,,,,,,,,,,,,,,,,,,,,,,99.0,,,,99.0,,99.0,,,,,,99.0,,,,
1975,4,25,80.0,90.0,,,,,,,942.0,13.0,38.0,,,,0.0,0.0,,62.059999999999995,53.96,294.0,,,,315.0,315.0,,,,,87.0,76.0,-9999.0,,,,-9999.0,,-9999.0,,,,,,1.0,,,,
1975,4,26,,,,,,,,,,0.0,,,,,0.0,0.0,,32.0,32.0,,,,,,,,,,,,,-9.0,,,,-9.0,,-9.0,,,,,,,,,,
1975,4,27,70.0,70.0,,,,,,,506.0,28.0,55.0,,,,0.0,0.0,,60.08,48.02,432.0,,,,,,,,,,108.0,76.0,999.0,,,,999.0,,999.0,,,,,,1.0,,,,
1975,4,28,,,,,,,,,,0.0,,,,,0.0,0.0,,,,,,,,,,,,,,,,-999.0,,,,-999.0,,,,,,,,,,,,
1975,4,30,0.0,0.0,,,,,,,1424.0,0.0,100.0,,,,0.0,0.0,,64.94,50.0,786.0,,,,,,,,,,93.0,72.0,9999.0,,,,9999.0,,1.0,,,,,,9999.0,,,,
1975,4,31,,,,,,,,,,0.0,,,,,0.0,0.0,,,,,,,,,,,,,,,,-99.0,,,,-99.0,,,,,,,,-99.0,,,,
1975,5,1,60.0,80.0,,,,,,,1448.0,0.0,46.0,,,,0.0,0.0,,66.92,57.92,372.0,,,,225.0,270.0,,,,,82.0,49.0,-9999.0,-9999.0,,,,,1.0,,,,,,-9999.0,,,,
1975,5,2,,,,,,,,,,0.0,,,,,0.0,0.0,,32.0,32.0,,,,,,,,,,,,,-9.0,-9.0,,,,,,,,,,,-9.0,,,,
1975,5,3,60.0,40.0,,,,,,,118.0,0.0,65.0,,,,0.0,0.0,,68.0,57.02,528.0,,,,,,,,,,93.0,76.0,999.0,999.0,,,,,1.0,,,,,,999.0,,,,
1975,5,4,,,,,,,,,,0.0,,,,,0.0,0.0,,,,,,,,,,,,,,,,-999.0,-999.0,,,,,,,,,,,-999.0,,,,
1975,5,5,,,,,,,,,,,,,,,,,,,,,,,,,,,,,,,,,,,,,,,,,,,,9.0,,,,
1975,5,6,80.0,80.0,,,,,,,736.0,,51.0,,,,0.0,0.0,,62.959999999999994,55.94,414.0,,,,,,,,,,103.0,72.0,9999.0,9999.0,,,,,1.0,,,,,,1.0,,,,
1975,5,7,,,,,,,,,,0.0,,,,,0.0,0.0,,,,,,,,,,,,,,,,-99.0,-99.0,,,,,,,,,,,,,,,
1975,5,8,,,,,,,,,,,,,,,,,,,,,,,,,,,,,,,,99.0,99.0,,,,,99.0,,,,,,99.0,,,,
1975,5,9,0.0,0.0,,,,,,,1330.0,0.0,100.0,,,,0.0,0.0,,66.92,51.08,816.0,,,,270.0,315.0,,,,,82.0,54.0,-9999.0,-9999.0,,,,,-9999.0,,,,,,-9999.0,,,,
1975,5,10,,,,,,,,,,0.0,,,,,0.0,0.0,,32.0,32.0,,,,,,,,,,,,,-9.0,-9.0,,,,,-9.0,,,,,,-9.0,,,,
1975,5,11,20.0,10.0,,,,,,,336.0,0.0,91.0,,,,0.0,0.0,,68.0,53.96,750.0,,,,,,,,,,77.0,58.0,999.0,999.0,,,,,999.0,,,,,,999.0,,,,
1975,5,12,,,,,,,,,,0.0,,,,,0.0,0.0,,,,,,,,,,,,,,,,-999.0,-999.0,,,,,-999.0,,,,,,-999.0,,,,
1975,5,13,,,,,,,,,,,,,,,,,,,,,,,,,,,,,,,,,,,,,,9.0,,,,,,,,,,
1975,5,14,50.0,30.0,,,,,,,1200.0,0.0,76.0,,,,0.0,0.0,,69.08,55.94,624.0,,,,,,,,,,87.0,76.0,9999.0,9999.0,,,,,1.0,,,,,,9999.0,,,,
1975,5,15,,,,,,,,,,0.0,,,,,0.0,0.0,,,,,,,,,,,,,,,,,-99.0,,,,,,,,,,,-99.0,,,,
1975,5,16,,,,,,,,,,,,,,,,,,,,,,,,,,,,,,,,,99.0,,,,,,,,,,,99.0,,,,
1975,5,17,50.0,40.0,,,,,,,1306.0,0.0,81.0,,,,0.0,0.0,,69.98,55.94,666.0,,,,315.0,270.0,,,,,72.0,63.0,1.0,-9999.0,,,,,1.0,,,,,,-9999.0,,,,
1975,5,18,,,,,,,,,,0.0,,,,,0.0,0.0,,32.0,32.0,,,,,,,,,,,,,,,,,,,,,,,,,,,,,
1975,5,19,90.0,80.0,,,,,,,854.0,,47.0,,,,0.0,0.0,,64.94,55.04,390.0,,,,,,,,,,67.0,54.0,1.0,1.0,,,,,1.0,,,,,,1.0,,,,
1975,5,20,,,,,,,,,,0.0,,,,,0.0,0.0,,,,,,,,,,,,,,,,,,,,,,,,,,,,,,,,
1975,5,22,80.0,60.0,,,,,,,1454.0,0.0,56.0,,,,0.0,0.0,,68.0,57.92,462.0,,,,,,,,,,77.0,63.0,9999.0,9999.0,,,,,1.0,,,,,,9999.0,,,,
1975,5,23,,,,,,,,,,0.0,,,,,0.0,0.0,,,,,,,,,,,,,,,,-99.0,-99.0,,,,,,,,,,,-99.0,,,,
1975,5,24,,,,,,,,,,,,,,,,,,,,,,,,,,,,,,,,99.0,99.0,,,,,,,,,,,99.0,,,,
1975,5,25,100.0,100.0,,,,,,,942.0,0.0,15.0,,,,0.0,0.0,,64.04,57.02,126.0,,,,180.0,180.0,,,,,82.0,76.0,-9999.0,-9999.0,,,,,1.0,,,,,,1.0,,,,
1975,5,26,,,,,,,,,,,,,,,0.0,0.0,,32.0,32.0,,,,,,,,,,,,,-9.0,-9.0,,,,,,,,,,,,,,,
1975,5,27,90.0,90.0,,,,,,,218.0,0.0,32.0,,,,0.0,0.0,,69.98,59.0,264.0,,,,,,,,,,77.0,54.0,999.0,999.0,,,,,999.0,,,,,,999.0,,,,
1975,5,28,,,,,,,,,,0.0,,,,,0.0,0.0,,,,,,,,,,,,,,,,-999.0,-999.0,,,,,-999.0,,,,,,,,,,
1975,5,29,,,,,,,,,,,,,,,,,,,,,,,,,,,,,,,,9.0,,,,,,9.0,,,,,,,,,,
1975,5,30,100.0,100.0,,,,,,,2312.0,,0.0,,,,0.0,0.0,,62.959999999999994,57.92,0.0,,,,,,,,,,77.0,58.0,1.0,9999.0,,,,,1.0,,,,,,1.0,,,,
1975,5,31,,,,,,,,,,0.0,,,,,0.0,0.0,,,,,,,,,,,,,,,,,-99.0,,,,,,,,,,,,,,,
1975,6,1,80.0,70.0,,,,,,,1318.0,0.0,51.0,,,,0.0,0.0,,69.08,60.08,432.0,,,,315.0,270.0,,,,,108.0,80.0,1.0,,,,,,1.0,,,,,,1.0,,,,
1975,6,2,,,,,,,,,,,,,,,0.0,0.0,,32.0,32.0,,,,,,,,,,,,,,,,,,,,,,,,,,,,,
1975,6,3,80.0,70.0,,,,,,,342.0,0.0,49.0,,,,0.0,0.0,,69.08,60.08,420.0,,,,,,,,,,98.0,72.0,999.0,,,,,,1.0,,,,,,999.0,,,,
1975,6,4,,,,,,,,,,0.0,,,,,0.0,0.0,,,,,,,,,,,,,,,,-999.0,,,,,,,,,,,,-999.0,,,,
1975,6,6,80.0,80.0,,,,,,,724.0,0.0,44.0,,,,0.0,0.0,,69.08,60.08,378.0,,,,,,,,,,77.0,54.0,9999.0,,,,,,9999.0,,,,,,9999.0,,,,
1975,6,7,,,,,,,,,,0.0,,,,,0.0,0.0,,,,,,,,,,,,,,,,-99.0,,,,,,,,,,,,-99.0,,,,
1975,6,8,,,,,,,,,,,,,,,,,,,,,,,,,,,,,,,,99.0,,,,,,,,,,,,99.0,,,,
1975,6,9,100.0,100.0,,,,,,,1600.0,0.0,13.0,,,,0.0,0.0,,68.0,60.980000000000004,108.0,,,,315.0,315.0,,,,,77.0,63.0,-9999.0,,,,,,1.0,,,,,,-9999.0,,,,
1975,6,10,,,,,,,,,,0.0,,,,,0.0,0.0,,32.0,32.0,,,,,,,,,,,,,-9.0,,,,,,,,,,,,-9.0,,,,
1975,6,11,90.0,80.0,,,,,,,536.0,0.0,39.0,,,,0.0,0.0,,71.06,60.980000000000004,336.0,,,,,,,,,,77.0,54.0,999.0,,,,,,1.0,,,,,,999.0,,,,
1975,6,12,,,,,,,,,,0.0,,,,,0.0,0.0,,,,,,,,,,,,,,,,-999.0,,,,,,,,,,,,-999.0,,,,
1975,6,14,70.0,60.0,,,,,,,1330.0,0.0,57.0,,,,0.0,0.0,,69.98,60.08,492.0,,,,,,,,,,77.0,49.0,9999.0,,,,,,9999.0,,,,,,9999.0,,,,
1975,6,15,,,,,,,,,,0.0,,,,,0.0,0.0,,,,,,,,,,,,,,,,-99.0,,,,,,,,,,,,-99.0,,,,
1975,6,16,,,,,,,,,,,,,,,,,,,,,,,,,,,,,,,,99.0,,,,,,,,,,,,99.0,,,,
1975,6,17,70.0,60.0,,,,,,,1148.0,0.0,53.0,,,,0.0,0.0,,71.06,62.059999999999995,456.0,,,,315.0,270.0,,,,,98.0,76.0,-9999.0,,,,,,1.0,,,,,,-9999.0,,,,
1975,6,18,,,,,,,,,,0.0,,,,,0.0,0.0,,32.0,32.0,,,,,,,,,,,,,-9.0,,,,,,,,,,,,-9.0,,,,
1975,6,19,100.0,100.0,,,,,,,712.0,0.0,4.0,,,,0.0,0.0,,68.0,62.059999999999995,36.0,,,,,,,,,,67.0,45.0,999.0,,,,,,1.0,,,,,,999.0,,,,
1975,6,20,,,,,,,,,,0.0,,,,,0.0,0.0,,,,,,,,,,,,,,,,-999.0,,,,,,,,,,,,-999.0,,,,
1975,6,22,80.0,70.0,,,,,,,1306.0,0.0,43.0,,,,0.0,0.0,,69.98,62.059999999999995,372.0,,,,,,,,,,87.0,67.0,9999.0,,,,,,1.0,,,,,,9999.0,,,,
1975,6,23,,,,,,,,,,0.0,,,,,0.0,0.0,,,,,,,,,,,,,,,,-99.0,,,,,,,,,,,,-99.0,,,,
1975,6,24,,,,,,,,,,,,,,,,,,,,,,,,,,,,,,,,99.0,,,,,,,,,,,,99.0,,,,
1975,6,25,100.0,100.0,,,,,,,1112.0,0.0,1.0,,,,0.0,0.0,,64.94,60.08,12.0,,,,180.0,225.0,,,,,77.0,45.0,-9999.0,,,,,,1.0,,,,,,1.0,,,,
1975,6,26,,,,,,,,,,,,,,,0.0,0.0,,32.0,32.0,,,,,,,,,,,,,-9.0,,,,,,,,,,,,,,,,
1975,6,27,100.0,100.0,,,,,,,42.0,,13.0,,,,0.0,0.0,,66.92,59.0,108.0,,,,,,,,,,87.0,58.0,999.0,,,,,,1.0,,,,,,1.0,,,,
1975,6,28,,,,,,,,,,0.0,,,,,0.0,0.0,,,,,,,,,,,,,,,,-999.0,,,,,,,,,,,,,,,,
1975,6,30,80.0,70.0,,,,,,,1136.0,0.0,61.0,,,,0.0,0.0,,69.08,60.08,522.0,,,,,,,,,,87.0,54.0,9999.0,,,,,,9999.0,,,,,,9999.0,,,,
1975,6,31,,,,,,,,,,0.0,,,,,0.0,0.0,,,,,,,,,,,,,,,,-99.0,,,,,,-99.0,,,,,,,,,,
1975,7,1,10.0,20.0,,,,,,,1336.0,0.0,85.0,,,,0.0,0.0,,75.02,59.0,726.0,,,,315.0,315.0,,,,,87.0,76.0,1.0,,-9999.0,,,,1.0,,,,,,-9999.0,,,,
1975,7,2,,,,,,,,,,0.0,,,,,0.0,0.0,,32.0,32.0,,,,,,,,,,,,,,,-9.0,,,,,,,,,,-9.0,,,,
1975,7,3,50.0,30.0,,,,,,,430.0,0.0,80.0,,,,0.0,0.0,,73.04,62.959999999999994,684.0,,,,,,,,,,82.0,63.0,999.0,,999.0,,,,1.0,,,,,,999.0,,,,
1975,7,4,,,,,,,,,,0.0,,,,,0.0,0.0,,,,,,,,,,,,,,,,-999.0,,-999.0,,,,,,,,,,-999.0,,,,
1975,7,5,,,,,,,,,,,,,,,,,,,,,,,,,,,,,,,,,,,,,,9.0,,,,,,,,,,
1975,7,6,40.0,40.0,,,,,,,1224.0,0.0,75.0,,,,0.0,0.0,,71.96,60.08,648.0,,,,,,,,,,67.0,49.0,9999.0,,9999.0,,,,1.0,,,,,,9999.0,,,,
1975,7,7,,,,,,,,,,0.0,,,,,0.0,0.0,,,,,,,,,,,,,,,,-99.0,,-99.0,,,,,,,,,,-99.0,,,,
1975,7,8,,,,,,,,,,,,,,,,,,,,,,,,,,,,,,,,99.0,,99.0,,,,,,,,,,99.0,,,,
1975,7,9,30.0,20.0,,,,,,,1142.0,0.0,84.0,,,,0.0,0.0,,77.0,64.04,714.0,,,,315.0,315.0,,,,,87.0,76.0,-9999.0,,-9999.0,,,,1.0,,,,,,-9999.0,,,,
1975,7,10,,,,,,,,,,0.0,,,,,0.0,0.0,,32.0,32.0,,,,,,,,,,,,,-9.0,,-9.0,,,,,,,,,,-9.0,,,,
1975,7,11,80.0,70.0,,,,,,,212.0,0.0,82.0,,,,0.0,0.0,,73.94,64.04,702.0,,,,,,,,,,77.0,58.0,999.0,,999.0,,,,1.0,,,,,,999.0,,,,
1975,7,12,,,,,,,,,,0.0,,,,,0.0,0.0,,,,,,,,,,,,,,,,-999.0,,-999.0,,,,,,,,,,,,,,
1975,7,14,20.0,20.0,,,,,,,1436.0,0.0,91.0,,,,0.0,0.0,,80.96,64.94,774.0,,,,,,,,,,62.0,40.0,9999.0,,9999.0,,,,1.0,,,,,,9999.0,,,,
1975,7,15,,,,,,,,,,0.0,,,,,0.0,0.0,,,,,,,,,,,,,,,,-99.0,,-99.0,,,,,,,,,,-99.0,,,,
1975,7,16,,,,,,,,,,,,,,,,,,,,,,,,,,,,,,,,99.0,,99.0,,,,,,,,,,99.0,,,,
1975,7,17,10.0,10.0,,,,,,,1454.0,0.0,100.0,,,,0.0,0.0,,82.04,68.0,852.0,,,,315.0,315.0,,,,,72.0,63.0,-9999.0,,-9999.0,,,,-9999.0,,,,,,-9999.0,,,,
1975,7,18,,,,,,,,,,0.0,,,,,0.0,0.0,,32.0,32.0,,,,,,,,,,,,,,,-9.0,,,,,,,,,,,,,,
1975,7,19,100.0,100.0,,,,,,,712.0,,17.0,,,,0.0,0.0,,69.98,62.959999999999994,150.0,,,,,,,,,,82.0,63.0,1.0,,999.0,,,,1.0,,,,,,1.0,,,,
1975,7,20,,,,,,,,,,0.0,,,,,0.0,0.0,,,,,,,,,,,,,,,,,,-999.0,,,,,,,,,,,,,,
1975,7,21,,,,,,,,,,,,,,,,,,,,,,,,,,,,,,,,,,,,,,9.0,,,,,,,,,,
1975,7,22,60.0,40.0,,,,,,,1112.0,0.0,64.0,,,,0.0,0.0,,73.94,62.059999999999995,540.0,,,,,,,,,,82.0,54.0,9999.0,,9999.0,,,,1.0,,,,,,9999.0,,,,
1975,7,23,,,,,,,,,,0.0,,,,,0.0,0.0,,,,,,,,,,,,,,,,-99.0,,-99.0,,,,,,,,,,-99.0,,,,
1975,7,24,,,,,,,,,,,,,,,,,,,,,,,,,,,,,,,,99.0,,99.0,,,,,,,,,,99.0,,,,
1975,7,25,80.0,60.0,,,,,,,1618.0,0.0,58.0,,,,0.0,0.0,,71.96,64.04,492.0,,,,180.0,180.0,,,,,72.0,45.0,-9999.0,,-9999.0,,,,1.0,,,,,,-9999.0,,,,
1975,7,26,,,,,,,,,,0.0,,,,,0.0,0.0,,32.0,32.0,,,,,,,,,,,,,-9.0,,-9.0,,,,,,,,,,-9.0,,,,
1975,7,27,100.0,100.0,,,,,,,354.0,0.0,17.0,,,,0.0,0.0,,71.96,64.94,144.0,,,,,,,,,,77.0,54.0,999.0,,999.0,,,,999.0,,,,,,999.0,,,,
1975,7,28,,,,,,,,,,0.0,,,,,0.0,0.0,,,,,,,,,,,,,,,,-999.0,,-999.0,,,,,,,,,,-999.0,,,,
1975,7,30,80.0,70.0,,,,,,,1454.0,0.0,51.0,,,,0.0,0.0,,75.02,64.94,432.0,,,,,,,,,,93.0,67.0,9999.0,,9999.0,,,,9999.0,,,,,,9999.0,,,,
1975,7,31,,,,,,,,,,0.0,,,,,0.0,0.0,,,,,,,,,,,,,,,,-99.0,,-99.0,,,,,,,,,,-99.0,,,,
1975,8,1,100.0,100.0,,,,,,,1342.0,0.0,77.0,,,,0.0,0.0,,73.94,66.02,642.0,,,,315.0,315.0,,,,,82.0,76.0,-9999.0,-9999.0,,,,,1.0,,,,,,-9999.0,,,,
1975,8,2,,,,,,,,,,0.0,,,,,0.0,0.0,,32.0,32.0,,,,,,,,,,,,,-9.0,-9.0,,,,,,,,,,,-9.0,,,,
1975,8,3,50.0,30.0,,,,,,,48.0,0.0,72.0,,,,0.0,0.0,,75.02,64.94,588.0,,,,,,,,,,82.0,63.0,999.0,999.0,,,,,1.0,,,,,,999.0,,,,
1975,8,4,,,,,,,,,,0.0,,,,,0.0,0.0,,,,,,,,,,,,,,,,-999.0,-999.0,,,,,,,,,,,-999.0,,,,
1975,8,6,40.0,30.0,,,,,,,1336.0,0.0,82.0,,,,0.0,0.0,,75.02,64.94,672.0,,,,,,,,,,77.0,67.0,9999.0,9999.0,,,,,1.0,,,,,,9999.0,,,,
1975,8,7,,,,,,,,,,0.0,,,,,0.0,0.0,,,,,,,,,,,,,,,,-99.0,-99.0,,,,,,,,,,,-99.0,,,,
1975,8,8,,,,,,,,,,,,,,,,,,,,,,,,,,,,,,,,99.0,99.0,,,,,,,,,,,99.0,,,,
1975,8,9,40.0,30.0,,,,,,,1518.0,0.0,88.0,,,,0.0,0.0,,77.0,66.92,726.0,,,,315.0,315.0,,,,,82.0,76.0,-9999.0,-9999.0,,,,,1.0,,,,,,-9999.0,,,,
1975,8,10,,,,,,,,,,0.0,,,,,0.0,0.0,,32.0,32.0,,,,,,,,,,,,,,-9.0,,,,,,,,,,,-9.0,,,,
1975,8,11,70.0,80.0,,,,,,,112.0,0.0,60.0,,,,0.0,0.0,,75.92,66.02,492.0,,,,,,,,,,77.0,45.0,1.0,999.0,,,,,1.0,,,,,,999.0,,,,
1975,8,12,,,,,,,,,,0.0,,,,,0.0,0.0,,,,,,,,,,,,,,,,,,,,,,,,,,,,-999.0,,,,
1975,8,13,,,,,,,,,,,,,,,,,,,,,,,,,,,,,,,,,,,,,,,,,,,,9.0,,,,
1975,8,14,80.0,90.0,,,,,,,848.0,,1.0,,,,0.0,0.0,,71.06,64.94,12.0,,,,,,,,,,82.0,54.0,1.0,9999.0,,,,,1.0,,,,,,1.0,,,,
1975,8,15,,,,,,,,,,0.0,,,,,0.0,0.0,,,,,,,,,,,,,,,,,-99.0,,,,,,,,,,,,,,,
1975,8,16,,,,,,,,,,,,,,,,,,,,,,,,,,,,,,,,,99.0,,,,,,,,,,,99.0,,,,
1975,8,17,70.0,50.0,,,,,,,1418.0,0.0,59.0,,,,0.0,0.0,,73.94,64.04,474.0,,,,315.0,315.0,,,,,72.0,54.0,-9999.0,-9999.0,,,,,1.0,,,,,,-9999.0,,,,
1975,8,18,,,,,,,,,,0.0,,,,,0.0,0.0,,32.0,32.0,,,,,,,,,,,,,-9.0,-9.0,,,,,,,,,,,-9.0,,,,
1975,8,19,60.0,30.0,,,,,,,436.0,0.0,71.0,,,,0.0,0.0,,73.94,64.04,576.0,,,,,,,,,,72.0,58.0,999.0,999.0,,,,,1.0,,,,,,999.0,,,,
1975,8,20,,,,,,,,,,0.0,,,,,0.0,0.0,,,,,,,,,,,,,,,,-999.0,-999.0,,,,,,,,,,,-999.0,,,,
1975,8,21,,,,,,,,,,,,,,,,,,,,,,,,,,,,,,,,,,,,,,9.0,,,,,,,,,,
1975,8,22,60.0,30.0,,,,,,,1318.0,0.0,77.0,,,,0.0,0.0,,73.94,64.04,618.0,,,,,,,,,,82.0,58.0,9999.0,9999.0,,,,,1.0,,,,,,9999.0,,,,
1975,8,23,,,,,,,,,,0.0,,,,,0.0,0.0,,,,,,,,,,,,,,,,-99.0,-99.0,,,,,,,,,,,-99.0,,,,
1975,8,24,,,,,,,,,,,,,,,,,,,,,,,,,,,,,,,,99.0,99.0,,,,,99.0,,,,,,99.0,,,,
1975,8,25,60.0,30.0,,,,,,,1148.0,0.0,74.0,,,,0.0,0.0,,73.04,64.04,594.0,,,,315.0,315.0,,,,,87.0,58.0,-9999.0,-9999.0,,,,,-9999.0,,,,,,-9999.0,,,,
1975,8,26,,,,,,,,,,0.0,,,,,0.0,0.0,,32.0,32.0,,,,,,,,,,,,,-9.0,-9.0,,,,,-9.0,,,,,,-9.0,,,,
1975,8,27,40.0,30.0,,,,,,,436.0,0.0,80.0,,,,0.0,0.0,,73.04,64.04,642.0,,,,,,,,,,77.0,63.0,999.0,999.0,,,,,999.0,,,,,,999.0,,,,
1975,8,28,,,,,,,,,,0.0,,,,,0.0,0.0,,,,,,,,,,,,,,,,-999.0,-999.0,,,,,-999.0,,,,,,-999.0,,,,
1975,8,30,70.0,50.0,,,,,,,1354.0,0.0,63.0,,,,0.0,0.0,,75.02,64.94,498.0,,,,,,,,,,93.0,76.0,9999.0,9999.0,,,,,9999.0,,,,,,9999.0,,,,
1975,8,31,,,,,,,,,,0.0,,,,,0.0,0.0,,,,,,,,,,,,,,,,-99.0,-99.0,,,,,-99.0,,,,,,-99.0,,,,
1975,9,1,40.0,30.0,,,,,,,1442.0,0.0,80.0,,,,0.0,0.0,,73.94,64.94,618.0,,,,315.0,315.0,,,,,67.0,45.0,-9999.0,-9999.0,,,,,1.0,,,,,,-9999.0,,,,
1975,9,2,,,,,,,,,,0.0,,,,,0.0,0.0,,32.0,32.0,,,,,,,,,,,,,-9.0,-9.0,,,,,,,,,,,-9.0,,,,
1975,9,3,30.0,30.0,,,,,,,254.0,0.0,78.0,,,,0.0,0.0,,73.94,62.059999999999995,594.0,,,,,,,,,,72.0,58.0,999.0,999.0,,,,,1.0,,,,,,999.0,,,,
1975,9,4,,,,,,,,,,0.0,,,,,0.0,0.0,,,,,,,,,,,,,,,,-999.0,-999.0,,,,,,,,,,,-999.0,,,,
1975,9,6,0.0,0.0,,,,,,,1418.0,0.0,100.0,,,,0.0,0.0,,78.98,64.94,768.0,,,,,,,,,,77.0,63.0,9999.0,9999.0,,,,,1.0,,,,,,9999.0,,,,
1975,9,7,,,,,,,,,,0.0,,,,,0.0,0.0,,,,,,,,,,,,,,,,,-99.0,,,,,,,,,,,-99.0,,,,
1975,9,8,,,,,,,,,,,,,,,,,,,,,,,,,,,,,,,,,99.0,,,,,,,,,,,99.0,,,,
1975,9,9,70.0,50.0,,,,,,,2248.0,0.0,69.0,,,,0.0,0.0,,73.94,66.02,528.0,,,,360.0,180.0,,,,,82.0,58.0,-9999.0,-9999.0,,,,,1.0,,,,,,-9999.0,,,,
1975,9,10,,,,,,,,,,0.0,,,,,0.0,0.0,,32.0,32.0,,,,,,,,,,,,,-9.0,-9.0,,,,,,,,,,,,,,,
1975,9,11,80.0,70.0,,,,,,,124.0,,73.0,,,,0.0,0.0,,78.08,66.02,552.0,,,,,,,,,,67.0,54.0,999.0,999.0,,,,,1.0,,,,,,1.0,,,,
1975,9,12,,,,,,,,,,0.0,,,,,0.0,0.0,,,,,,,,,,,,,,,,,-999.0,,,,,,,,,,,,,,,
1975,9,14,100.0,90.0,,,,,,,1518.0,0.0,20.0,,,,0.0,0.0,,71.06,64.94,156.0,,,,,,,,,,62.0,45.0,9999.0,9999.0,,,,,1.0,,,,,,9999.0,,,,
1975,9,15,,,,,,,,,,0.0,,,,,0.0,0.0,,,,,,,,,,,,,,,,-99.0,-99.0,,,,,,,,,,,-99.0,,,,
1975,9,16,,,,,,,,,,,,,,,,,,,,,,,,,,,,,,,,99.0,99.0,,,,,99.0,,,,,,99.0,,,,
1975,9,17,90.0,90.0,,,,,,,1418.0,0.0,30.0,,,,0.0,0.0,,71.96,66.02,228.0,,,,315.0,315.0,,,,,87.0,72.0,-9999.0,-9999.0,,,,,-9999.0,,,,,,-9999.0,,,,
1975,9,18,,,,,,,,,,0.0,,,,,0.0,0.0,,32.0,32.0,,,,,,,,,,,,,-9.0,-9.0,,,,,,,,,,,,,,,
1975,9,19,100.0,100.0,,,,,,,506.0,,4.0,,,,0.0,0.0,,71.06,64.94,30.0,,,,,,,,,,67.0,54.0,999.0,999.0,,,,,1.0,,,,,,1.0,,,,
1975,9,20,,,,,,,,,,0.0,,,,,0.0,0.0,,,,,,,,,,,,,,,,-999.0,-999.0,,,,,,,,,,,,,,,
1975,9,21,,,,,,,,,,,,,,,,,,,,,,,,,,,,,,,,9.0,,,,,,,,,,,,,,,,
1975,9,22,100.0,100.0,,,,,,,1212.0,,0.0,,,,0.0,0.0,,69.98,64.94,0.0,,,,,,,,,,57.0,45.0,1.0,9999.0,,,,,1.0,,,,,,1.0,,,,
1975,9,23,,,,,,,,,,0.0,,,,,0.0,0.0,,,,,,,,,,,,,,,,,-99.0,,,,,,,,,,,,,,,
1975,9,24,,,,,,,,,,,,,,,,,,,,,,,,,,,,,,,,99.0,99.0,,,,,,,,,,,99.0,,,,
1975,9,25,30.0,40.0,,,,,,,1312.0,0.0,96.0,,,,0.0,0.0,,84.02,69.08,714.0,,,,315.0,315.0,,,,,87.0,76.0,-9999.0,-9999.0,,,,,1.0,,,,,,-9999.0,,,,
1975,9,26,,,,,,,,,,0.0,,,,,0.0,0.0,,32.0,32.0,,,,,,,,,,,,,-9.0,-9.0,,,,,,,,,,,-9.0,,,,
1975,9,27,0.0,0.0,,,,,,,500.0,0.0,100.0,,,,0.0,0.0,,84.02,69.98,738.0,,,,,,,,,,87.0,76.0,999.0,999.0,,,,,999.0,,,,,,999.0,,,,
1975,9,28,,,,,,,,,,0.0,,,,,0.0,0.0,,,,,,,,,,,,,,,,-999.0,-999.0,,,,,,,,,,,-999.0,,,,
1975,9,30,10.0,0.0,,,,,,,1400.0,0.0,100.0,,,,0.0,0.0,,78.98,64.94,738.0,,,,,,,,,,67.0,54.0,9999.0,9999.0,,,,,1.0,,,,,,9999.0,,,,
1975,9,31,,,,,,,,,,0.0,,,,,0.0,0.0,,,,,,,,,,,,,,,,-99.0,-99.0,,,,,,,,,,,-99.0,,,,
1975,10,1,70.0,60.0,,,,,,,1442.0,0.0,63.0,,,,0.0,0.0,,71.96,64.94,450.0,,,,315.0,315.0,,,,,98.0,85.0,-9999.0,-9999.0,,,,,1.0,,,,,,-9999.0,,,,
1975,10,2,,,,,,,,,,0.0,,,,,0.0,0.0,,32.0,32.0,,,,,,,,,,,,,-9.0,-9.0,,,,,,,,,,,-9.0,,,,
1975,10,3,40.0,30.0,,,,,,,48.0,0.0,91.0,,,,0.0,0.0,,73.94,64.04,648.0,,,,,,,,,,77.0,63.0,999.0,999.0,,,,,1.0,,,,,,999.0,,,,
1975,10,4,,,,,,,,,,0.0,,,,,0.0,0.0,,,,,,,,,,,,,,,,,-999.0,,,,,,,,,,,-999.0,,,,
1975,10,6,60.0,30.0,,,,,,,1530.0,0.0,77.0,,,,0.0,0.0,,75.92,64.94,546.0,,,,,,,,,,67.0,49.0,1.0,9999.0,,,,,1.0,,,,,,9999.0,,,,
1975,10,7,,,,,,,,,,0.0,,,,,0.0,0.0,,,,,,,,,,,,,,,,,,,,,,,,,,,,-99.0,,,,
1975,10,8,,,,,,,,,,,,,,,,,,,,,,,,,,,,,,,,,,,,,,,,,,,,99.0,,,,
1975,10,9,90.0,100.0,,,,,,,1742.0,0.0,25.0,,,,0.0,0.0,,71.06,64.04,180.0,,,,45.0,45.0,,,,,98.0,80.0,1.0,-9999.0,,,,,1.0,,,,,,1.0,,,,
1975,10,10,,,,,,,,,,,,,,,0.0,0.0,,32.0,32.0,,,,,,,,,,,,,,-9.0,,,,,,,,,,,,,,,
1975,10,11,60.0,70.0,,,,,,,136.0,10.0,57.0,,,,0.0,0.0,,69.98,60.980000000000004,402.0,,,,,,,,,,103.0,72.0,999.0,999.0,,,,,999.0,,,,,,1.0,,,,
1975,10,12,,,,,,,,,,0.0,,,,,0.0,0.0,,,,,,,,,,,,,,,,-999.0,-999.0,,,,,-999.0,,,,,,,,,,
1975,10,14,30.0,50.0,,,,,,,1336.0,0.0,58.0,,,,0.0,0.0,,69.08,57.02,408.0,,,,,,,,,,82.0,40.0,9999.0,9999.0,,,,,9999.0,,,,,,9999.0,,,,
1975,10,15,,,,,,,,,,0.0,,,,,0.0,0.0,,,,,,,,,,,,,,,,-99.0,-99.0,,,,,-99.0,,,,,,-99.0,,,,
1975,10,16,,,,,,,,,,,,,,,,,,,,,,,,,,,,,,,,99.0,99.0,,,,,99.0,,,,,,99.0,,,,
1975,10,17,80.0,90.0,,,,,,,1236.0,0.0,32.0,,,,0.0,0.0,,69.98,60.980000000000004,222.0,,,,315.0,315.0,,,,,72.0,63.0,-9999.0,-9999.0,,,,,-9999.0,,,,,,-9999.0,,,,
1975,10,18,,,,,,,,,,0.0,,,,,0.0,0.0,,32.0,32.0,,,,,,,,,,,,,-9.0,-9.0,,,,,-9.0,,,,,,-9.0,,,,
1975,10,19,40.0,40.0,,,,,,,342.0,0.0,58.0,,,,0.0,0.0,,69.98,60.980000000000004,396.0,,,,,,,,,,98.0,72.0,999.0,999.0,,,,,999.0,,,,,,999.0,,,,
1975,10,20,,,,,,,,,,0.0,,,,,0.0,0.0,,,,,,,,,,,,,,,,-999.0,-999.0,,,,,-999.0,,,,,,-999.0,,,,
1975,10,22,0.0,0.0,,,,,,,1442.0,0.0,100.0,,,,0.0,0.0,,77.0,55.94,684.0,,,,,,,,,,103.0,89.0,9999.0,9999.0,,,,,9999.0,,,,,,9999.0,,,,
1975,10,23,,,,,,,,,,0.0,,,,,0.0,0.0,,,,,,,,,,,,,,,,-99.0,-99.0,,,,,-99.0,,,,,,-99.0,,,,
1975,10,24,,,,,,,,,,,,,,,,,,,,,,,,,,,,,,,,99.0,99.0,,,,,99.0,,,,,,99.0,,,,
1975,10,25,0.0,0.0,,,,,,,1306.0,0.0,100.0,,,,0.0,0.0,,82.04,57.92,684.0,,,,315.0,315.0,,,,,93.0,76.0,-9999.0,-9999.0,,,,,-9999.0,,,,,,-9999.0,,,,
1975,10,26,,,,,,,,,,0.0,,,,,0.0,0.0,,32.0,32.0,,,,,,,,,,,,,,,,,,,,,,,,,-9.0,,,,
1975,10,27,70.0,70.0,,,,,,,324.0,0.0,51.0,,,,0.0,0.0,,71.96,55.94,348.0,,,,,,,,,,72.0,58.0,1.0,1.0,,,,,1.0,,,,,,999.0,,,,
1975,10,28,,,,,,,,,,0.0,,,,,0.0,0.0,,,,,,,,,,,,,,,,,,,,,,,,,,,,-999.0,,,,
1975,10,30,70.0,80.0,,,,,,,1124.0,0.0,31.0,,,,0.0,0.0,,69.98,62.059999999999995,210.0,,,,,,,,,,67.0,49.0,9999.0,9999.0,,,,,9999.0,,,,,,9999.0,,,,
1975,10,31,,,,,,,,,,0.0,,,,,0.0,0.0,,,,,,,,,,,,,,,,-99.0,-99.0,,,,,-99.0,,,,,,,,,,
1975,11,1,20.0,0.0,,,,,,,1112.0,0.0,100.0,,,,0.0,0.0,,71.06,53.06,654.0,,,,270.0,225.0,,,,,62.0,40.0,-9999.0,-9999.0,-9999.0,,,,1.0,,,,,,-9999.0,,,,
1975,11,2,,,,,,,,,,0.0,,,,,0.0,0.0,,32.0,32.0,,,,,,,,,,,,,,,-9.0,,,,,,,,,,-9.0,,,,
1975,11,3,50.0,30.0,,,,,,,200.0,0.0,72.0,,,,0.0,0.0,,68.0,55.04,468.0,,,,,,,,,,62.0,45.0,1.0,1.0,999.0,,,,1.0,,,,,,999.0,,,,
1975,11,4,,,,,,,,,,0.0,,,,,0.0,0.0,,,,,,,,,,,,,,,,,,-999.0,,,,,,,,,,-999.0,,,,
1975,11,6,60.0,30.0,,,,,,,1624.0,0.0,77.0,,,,0.0,0.0,,66.92,51.08,498.0,,,,,,,,,,57.0,45.0,1.0,1.0,9999.0,,,,1.0,,,,,,9999.0,,,,
1975,11,7,,,,,,,,,,0.0,,,,,0.0,0.0,,,,,,,,,,,,,,,,,,-99.0,,,,,,,,,,-99.0,,,,
1975,11,8,,,,,,,,,,,,,,,,,,,,,,,,,,,,,,,,,,99.0,,,,,,,,,,99.0,,,,
1975,11,9,30.0,20.0,,,,,,,1518.0,0.0,84.0,,,,0.0,0.0,,66.02,55.94,540.0,,,,315.0,315.0,,,,,72.0,58.0,-9999.0,-9999.0,-9999.0,,,,1.0,,,,,,-9999.0,,,,
1975,11,10,,,,,,,,,,0.0,,,,,0.0,0.0,,32.0,32.0,,,,,,,,,,,,,,-9.0,-9.0,,,,,,,,,,-9.0,,,,
1975,11,11,30.0,30.0,,,,,,,348.0,0.0,62.0,,,,0.0,0.0,,68.0,51.98,402.0,,,,,,,,,,67.0,45.0,1.0,999.0,999.0,,,,1.0,,,,,,999.0,,,,
1975,11,12,,,,,,,,,,0.0,,,,,0.0,0.0,,,,,,,,,,,,,,,,,-999.0,-999.0,,,,,,,,,,-999.0,,,,
1975,11,14,30.0,10.0,,,,,,,1236.0,0.0,92.0,,,,0.0,0.0,,68.0,55.94,588.0,,,,,,,,,,87.0,72.0,1.0,9999.0,9999.0,,,,1.0,,,,,,9999.0,,,,
1975,11,15,,,,,,,,,,0.0,,,,,0.0,0.0,,,,,,,,,,,,,,,,,-99.0,-99.0,,,,,,,,,,-99.0,,,,
1975,11,16,,,,,,,,,,,,,,,,,,,,,,,,,,,,,,,,,99.0,99.0,,,,,,,,,,99.0,,,,
1975,11,17,10.0,0.0,,,,,,,1048.0,0.0,100.0,,,,0.0,0.0,,71.06,53.96,636.0,,,,315.0,315.0,,,,,87.0,76.0,1.0,-9999.0,-9999.0,,,,1.0,,,,,,-9999.0,,,,
1975,11,18,,,,,,,,,,0.0,,,,,0.0,0.0,,32.0,32.0,,,,,,,,,,,,,,-9.0,-9.0,,,,,,,,,,-9.0,,,,
1975,11,19,0.0,0.0,,,,,,,348.0,0.0,100.0,,,,0.0,0.0,,82.94,51.08,636.0,,,,,,,,,,67.0,58.0,999.0,999.0,999.0,,,,999.0,,,,,,999.0,,,,
1975,11,20,,,,,,,,,,0.0,,,,,0.0,0.0,,,,,,,,,,,,,,,,-999.0,-999.0,-999.0,,,,-999.0,,,,,,-999.0,,,,
1975,11,22,60.0,80.0,,,,,,,1330.0,0.0,77.0,,,,0.0,0.0,,78.08,51.98,486.0,,,,,,,,,,82.0,49.0,9999.0,9999.0,9999.0,,,,9999.0,,,,,,9999.0,,,,
1975,11,23,,,,,,,,,,0.0,,,,,0.0,0.0,,,32.0,,,,,,,,,,,,,,,-99.0,,,,,,,,,,-99.0,,,,
1975,11,24,,,,,,,,,,,,,,,,,,,,,,,,,,,,,,,,,,99.0,,,,,,,,,,99.0,,,,
1975,11,25,70.0,40.0,,,,,,,1154.0,0.0,77.0,,,,0.0,0.0,,64.94,50.0,486.0,,,,315.0,315.0,,,,,62.0,49.0,1.0,1.0,-9999.0,,,,1.0,,,,,,-9999.0,,,,
1975,11,26,,,,,,,,,,0.0,,,,,0.0,0.0,,32.0,32.0,,,,,,,,,,,,,,,-9.0,,,,,,,,,,-9.0,,,,
1975,11,27,90.0,100.0,,,,,,,554.0,0.0,25.0,,,,0.0,0.0,,64.94,55.94,156.0,,,,,,,,,,72.0,40.0,999.0,999.0,999.0,,,,1.0,,,,,,999.0,,,,
1975,11,28,,,,,,,,,,0.0,,,,,0.0,0.0,,,,,,,,,,,,,,,,-999.0,-999.0,-999.0,,,,,,,,,,-999.0,,,,
1975,11,30,10.0,10.0,,,,,,,1518.0,0.0,100.0,,,,0.0,0.0,,68.0,46.04,624.0,,,,,,,,,,103.0,85.0,9999.0,9999.0,9999.0,,,,9999.0,,,,,,9999.0,,,,
1975,11,31,,,,,,,,,,0.0,,,,,0.0,0.0,,,32.0,,,,,,,,,,,,,-99.0,-99.0,-99.0,,,,-99.0,,,,,,-99.0,,,,
1975,12,1,0.0,0.0,,,,,,,1336.0,0.0,100.0,,,,0.0,0.0,,69.08,44.06,612.0,,,,315.0,315.0,,,,,67.0,67.0,-9999.0,-9999.0,,,,,-9999.0,,,,,,-9999.0,,,,
1975,12,2,,,,,,,,,,0.0,,,,,0.0,0.0,,32.0,32.0,,,,,,,,,,,,,-9.0,-9.0,,,,,-9.0,,,,,,-9.0,,,,
1975,12,3,0.0,0.0,,,,,,,618.0,0.0,100.0,,,,0.0,0.0,,75.02,48.92,606.0,,,,,,,,,,51.0,40.0,999.0,999.0,,,,,999.0,,,,,,999.0,,,,
1975,12,4,,,,,,,,,,0.0,,,,,0.0,0.0,,,,,,,,,,,,,,,,-999.0,-999.0,,,,,,,,,,,-999.0,,,,
1975,12,5,,,,,,,,,,,,,,,,,,,,,,,,,,,,,,,,9.0,,,,,,,,,,,,,,,,
1975,12,6,80.0,60.0,,,,,,,1418.0,0.0,56.0,,,,0.0,0.0,,62.059999999999995,53.06,342.0,,,,,,,,,,51.0,40.0,1.0,9999.0,,,,,1.0,,,,,,9999.0,,,,
1975,12,7,,,,,,,,,,0.0,,,,,0.0,0.0,,,,,,,,,,,,,,,,,-99.0,,,,,,,,,,,-99.0,,,,
1975,12,8,,,,,,,,,,,,,,,,,,,,,,,,,,,,,,,,99.0,99.0,,,,,,,,,,,99.0,,,,
1975,12,9,30.0,20.0,,,,,,,1254.0,0.0,84.0,,,,0.0,0.0,,68.0,46.94,510.0,,,,315.0,315.0,,,,,82.0,76.0,1.0,1.0,,,,,1.0,,,,,,-9999.0,,,,
1975,12,10,,,,,,,,,,0.0,,,,,0.0,0.0,,32.0,32.0,,,,,,,,,,,,,,,,,,,,,,,,,-9.0,,,,
1975,12,11,20.0,0.0,,,,,,,330.0,0.0,94.0,,,,0.0,0.0,,68.0,46.04,564.0,,,,,,,,,,62.0,58.0,1.0,1.0,,,,,1.0,,,,,,999.0,,,,
1975,12,12,,,,,,,,,,0.0,,,,,0.0,0.0,,,,,,,,,,,,,,,,,,,,,,,,,,,,-999.0,,,,
1975,12,13,,,,,,,,,,,,,,,,,,,,,,,,,,,,,,,,9.0,9.0,,,,,,,,,,,,,,,
1975,12,14,30.0,10.0,,,,,,,1600.0,0.0,88.0,,,,0.0,0.0,,66.92,50.0,534.0,,,,,,,,,,62.0,40.0,1.0,1.0,,,,,9999.0,,,,,,9999.0,,,,
1975,12,15,,,,,,,,,,0.0,,,,,0.0,0.0,,,32.0,,,,,,,,,,,,,,,,,,,,,,,,,-99.0,,,,
1975,12,16,,,,,,,,,,,,,,,,,,,,,,,,,,,,,,,,,,,,,,,,,,,,99.0,,,,
1975,12,17,80.0,70.0,,,,,,,2012.0,0.0,50.0,,,,0.0,0.0,,60.980000000000004,55.04,300.0,,,,180.0,225.0,,,,,57.0,40.0,-9999.0,-9999.0,,,,,1.0,,,,,,-9999.0,,,,
1975,12,18,,,,,,,,,,0.0,,,,,0.0,0.0,,32.0,32.0,,,,,,,,,,,,,,-9.0,,,,,,,,,,,,,,,
1975,12,19,90.0,100.0,,,,,,,836.0,71.0,7.0,,,,0.0,0.0,,57.92,53.96,42.0,,,,,,,,,,103.0,76.0,1.0,999.0,,,,,1.0,,,,,,1.0,,,,
1975,12,20,,,,,,,,,,0.0,,,,,0.0,0.0,,,,,,,,,,,,,,,,,-999.0,,,,,,,,,,,,,,,
1975,12,22,0.0,0.0,,,,,,,1430.0,0.0,100.0,,,,0.0,0.0,,66.02,46.04,600.0,,,,,,,,,,93.0,63.0,9999.0,9999.0,,,,,9999.0,,,,,,9999.0,,,,
1975,12,23,,,,,,,,,,0.0,,,,,0.0,0.0,,,32.0,,,,,,,,,,,,,-99.0,-99.0,,,,,-99.0,,,,,,-99.0,,,,
1975,12,24,,,,,,,,,,,,,,,,,,,,,,,,,,,,,,,,99.0,99.0,,,,,99.0,,,,,,99.0,,,,
1975,12,25,20.0,30.0,,,,,,,1348.0,0.0,100.0,,,,0.0,0.0,,64.04,42.08,600.0,,,,315.0,315.0,,,,,46.0,36.0,-9999.0,-9999.0,,,,,-9999.0,,,,,,-9999.0,,,,
1975,12,26,,,,,,,,,,0.0,,,,,0.0,0.0,,32.0,32.0,,,,,,,,,,,,,-9.0,-9.0,,,,,,,,,,,-9.0,,,,
1975,12,27,10.0,0.0,,,,,,,330.0,0.0,100.0,,,,0.0,0.0,,66.92,44.06,600.0,,,,,,,,,,62.0,54.0,999.0,999.0,,,,,1.0,,,,,,999.0,,,,
1975,12,28,,,,,,,,,,0.0,,,,,0.0,0.0,,,,,,,,,,,,,,,,,,,,,,,,,,,,-999.0,,,,
1975,12,30,50.0,50.0,,,,,,,1336.0,0.0,82.0,,,,0.0,0.0,,62.959999999999994,46.94,492.0,,,,,,,,,,46.0,36.0,1.0,1.0,,,,,1.0,,,,,,9999.0,,,,
1975,12,31,,,,,,,,,,0.0,,,,,0.0,0.0,,,32.0,,,,,,,,,,,,,,,,,,,,,,,,,,,,,
1976,1,1,40.0,80.0,,,,,,,1306.0,0.0,18.0,,,,0.0,0.0,,57.02,44.06,108.0,,,,135.0,135.0,,,,,118.0,63.0,-9999.0,-9999.0,,,,,-9999.0,,,,,,-9999.0,,,,
1976,1,2,,,,,,,,,,0.0,,,,,0.0,0.0,,32.0,32.0,,,,,,,,,,,,,-9.0,-9.0,,,,,-9.0,,,,,,-9.0,,,,
1976,1,3,0.0,0.0,,,,,,,412.0,0.0,100.0,,,,0.0,0.0,,59.0,37.04,606.0,,,,,,,,,,82.0,63.0,999.0,999.0,,,,,999.0,,,,,,999.0,,,,
1976,1,4,,,,,,,,,,0.0,,,,,0.0,0.0,,,,,,,,,,,,,,,,-999.0,-999.0,,,,,-999.0,,,,,,-999.0,,,,
1976,1,6,10.0,10.0,,,,,,,1242.0,0.0,100.0,,,,0.0,0.0,,60.980000000000004,41.0,606.0,,,,,,,,,,77.0,58.0,9999.0,9999.0,,,,,9999.0,,,,,,9999.0,,,,
1976,1,7,,,,,,,,,,0.0,,,,,0.0,0.0,,,32.0,,,,,,,,,,,,,,-99.0,,,,,,,,,,,-99.0,,,,
1976,1,8,,,,,,,,,,,,,,,,,,,,,,,,,,,,,,,,,99.0,,,,,,,,,,,99.0,,,,
1976,1,9,30.0,50.0,,,,,,,1300.0,0.0,79.0,,,,0.0,0.0,,60.980000000000004,46.04,480.0,,,,315.0,315.0,,,,,87.0,49.0,-9999.0,-9999.0,,,,,1.0,,,,,,-9999.0,,,,
1976,1,10,,,,,,,,,,0.0,,,,,0.0,0.0,,32.0,32.0,,,,,,,,,,,,,-9.0,-9.0,,,,,,,,,,,-9.0,,,,
1976,1,11,20.0,50.0,,,,,,,436.0,0.0,100.0,,,,0.0,0.0,,69.98,42.980000000000004,606.0,,,,,,,,,,67.0,54.0,999.0,999.0,,,,,1.0,,,,,,999.0,,,,
1976,1,12,,,,,,,,,,0.0,,,,,0.0,0.0,,,,,,,,,,,,,,,,-999.0,-999.0,,,,,,,,,,,-999.0,,,,
1976,1,13,,,,,,,,,,,,,,,,,,,,,,,,,,,,,,,,,,,,,,9.0,,,,,,,,,,
1976,1,14,70.0,90.0,,,,,,,1430.0,0.0,79.0,,,,0.0,0.0,,62.959999999999994,44.96,480.0,,,,,,,,,,67.0,49.0,9999.0,9999.0,,,,,1.0,,,,,,9999.0,,,,
1976,1,15,,,,,,,,,,0.0,,,,,0.0,0.0,,,,,,,,,,,,,,,,-99.0,-99.0,,,,,,,,,,,-99.0,,,,
1976,1,16,,,,,,,,,,,,,,,,,,,,,,,,,,,,,,,,99.0,99.0,,,,,99.0,,,,,,99.0,,,,
1976,1,17,0.0,0.0,,,,,,,1530.0,0.0,100.0,,,,0.0,0.0,,68.0,44.06,612.0,,,,315.0,315.0,,,,,82.0,67.0,-9999.0,-9999.0,,,,,1.0,,,,,,-9999.0,,,,
1976,1,18,,,,,,,,,,0.0,,,,,0.0,0.0,,32.0,32.0,,,,,,,,,,,,,-9.0,-9.0,,,,,,,,,,,-9.0,,,,
1976,1,19,20.0,50.0,,,,,,,254.0,0.0,90.0,,,,0.0,0.0,,64.94,42.980000000000004,552.0,,,,,,,,,,62.0,45.0,999.0,999.0,,,,,1.0,,,,,,999.0,,,,
1976,1,20,,,,,,,,,,0.0,,,,,0.0,0.0,,,,,,,,,,,,,,,,-999.0,-999.0,,,,,,,,,,,-999.0,,,,
1976,1,22,20.0,30.0,,,,,,,1342.0,0.0,100.0,,,,0.0,0.0,,77.0,44.96,612.0,,,,,,,,,,67.0,54.0,9999.0,9999.0,,,,,9999.0,,,,,,9999.0,,,,
1976,1,23,,,,,,,,,,0.0,,,,,0.0,0.0,,,32.0,,,,,,,,,,,,,-99.0,-99.0,,,,,-99.0,,,,,,-99.0,,,,
1976,1,24,,,,,,,,,,,,,,,,,,,,,,,,,,,,,,,,99.0,99.0,,,,,99.0,,,,,,99.0,,,,
1976,1,25,0.0,0.0,,,,,,,1424.0,0.0,100.0,,,,0.0,0.0,,86.0,51.08,618.0,,,,315.0,315.0,,,,,62.0,54.0,-9999.0,-9999.0,,,,,-9999.0,,,,,,-9999.0,,,,
1976,1,26,,,,,,,,,,0.0,,,,,0.0,0.0,,32.0,32.0,,,,,,,,,,,,,-9.0,-9.0,,,,,-9.0,,,,,,-9.0,,,,
1976,1,27,50.0,60.0,,,,,,,542.0,0.0,100.0,,,,0.0,0.0,,80.96,53.96,612.0,,,,,,,,,,67.0,58.0,999.0,999.0,,,,,999.0,,,,,,999.0,,,,
1976,1,28,,,,,,,,,,0.0,,,,,0.0,0.0,,,,,,,,,,,,,,,,-999.0,-999.0,,,,,,,,,,,-999.0,,,,
1976,1,29,,,,,,,,,,,,,,,,,,,,,,,,,,,,,,,,9.0,,,,,,,,,,,,,,,,
1976,1,30,90.0,90.0,,,,,,,530.0,0.0,70.0,,,,0.0,0.0,,64.04,55.04,432.0,,,,,,,,,,57.0,40.0,1.0,9999.0,,,,,1.0,,,,,,9999.0,,,,
1976,1,31,,,,,,,,,,0.0,,,,,0.0,0.0,,,,,,,,,,,,,,,,,-99.0,,,,,,,,,,,-99.0,,,,
1976,2,1,50.0,50.0,,,,,,,1430.0,0.0,100.0,,,,0.0,0.0,,80.96,48.92,636.0,,,,270.0,315.0,,,,,82.0,63.0,1.0,1.0,,,,,1.0,,,,,,-9999.0,,,,
1976,2,2,,,,,,,,,,0.0,,,,,0.0,0.0,,32.0,32.0,,,,,,,,,,,,,,,,,,,,,,,,,-9.0,,,,
1976,2,3,40.0,40.0,,,,,,,348.0,0.0,88.0,,,,0.0,0.0,,69.08,51.08,564.0,,,,,,,,,,62.0,45.0,1.0,999.0,,,,,1.0,,,,,,999.0,,,,
1976,2,4,,,,,,,,,,,,,,,0.0,0.0,,,,,,,,,,,,,,,,,-999.0,,,,,,,,,,,,,,,
1976,2,6,100.0,100.0,,,,,,,1954.0,91.0,0.0,,,,0.0,0.0,,59.0,55.04,0.0,,,,,,,,,,113.0,94.0,1.0,9999.0,,,,,9999.0,,,,,,1.0,,,,
1976,2,7,,,,,,,,,,,,,,,0.0,0.0,,,,,,,,,,,,,,,,,-99.0,,,,,-99.0,,,,,,,,,,
1976,2,8,,,,,,,,,,,,,,,,,,,,,,,,,,,,,,,,,99.0,,,,,99.0,,,,,,,,,,
1976,2,9,100.0,100.0,,,,,,,330.0,157.0,9.0,,,,0.0,0.0,,60.08,53.96,54.0,,,,135.0,180.0,,,,,164.0,121.0,1.0,-9999.0,,,,,-9999.0,,,,,,1.0,,,,
1976,2,10,,,,,,,,,,0.0,,,,,0.0,0.0,,32.0,32.0,,,,,,,,,,,,,,-9.0,,,,,-9.0,,,,,,,,,,
1976,2,11,100.0,100.0,,,,,,,112.0,140.0,5.0,,,,0.0,0.0,,64.94,53.96,30.0,,,,,,,,,,108.0,58.0,999.0,999.0,,,,,999.0,,,,,,1.0,,,,
1976,2,12,,,,,,,,,,,,,,,0.0,0.0,,,,,,,,,,,,,,,,,-999.0,,,,,-999.0,,,,,,,,,,
1976,2,14,80.0,80.0,,,,,,,900.0,43.0,52.0,,,,0.0,0.0,,64.04,57.02,336.0,,,,,,,,,,154.0,121.0,1.0,9999.0,,,,,9999.0,,,,,,1.0,,,,
1976,2,15,,,,,,,,,,,,,,,0.0,0.0,,,,,,,,,,,,,,,,,-99.0,,,,,-99.0,,,,,,,,,,
1976,2,16,,,,,,,,,,,,,,,,,,,,,,,,,,,,,,,,,99.0,,,,,99.0,,,,,,,,,,
1976,2,17,20.0,30.0,,,,,,,1400.0,0.0,100.0,,,,0.0,0.0,,71.06,50.0,654.0,,,,315.0,315.0,,,,,87.0,72.0,-9999.0,-9999.0,,,,,-9999.0,,,,,,-9999.0,,,,
1976,2,18,,,,,,,,,,0.0,,,,,0.0,0.0,,32.0,32.0,,,,,,,,,,,,,-9.0,-9.0,,,,,-9.0,,,,,,-9.0,,,,
1976,2,19,30.0,10.0,,,,,,,400.0,0.0,96.0,,,,0.0,0.0,,66.02,50.0,630.0,,,,,,,,,,62.0,45.0,999.0,999.0,,,,,999.0,,,,,,999.0,,,,
1976,2,20,,,,,,,,,,0.0,,,,,0.0,0.0,,,,,,,,,,,,,,,,,-999.0,,,,,,,,,,,-999.0,,,,
1976,2,22,80.0,100.0,,,,,,,1530.0,0.0,44.0,,,,0.0,0.0,,64.04,55.04,288.0,,,,,,,,,,72.0,54.0,9999.0,9999.0,,,,,9999.0,,,,,,9999.0,,,,
1976,2,23,,,,,,,,,,0.0,,,,,0.0,0.0,,,,,,,,,,,,,,,,-99.0,-99.0,,,,,-99.0,,,,,,-99.0,,,,
1976,2,24,,,,,,,,,,,,,,,,,,,,,,,,,,,,,,,,99.0,99.0,,,,,99.0,,,,,,99.0,,,,
1976,2,25,60.0,60.0,,,,,,,1300.0,0.0,94.0,,,,0.0,0.0,,64.94,51.08,624.0,,,,315.0,315.0,,,,,98.0,80.0,-9999.0,-9999.0,,,,,-9999.0,,,,,,-9999.0,,,,
1976,2,26,,,,,,,,,,0.0,,,,,0.0,0.0,,32.0,32.0,,,,,,,,,,,,,-9.0,-9.0,,,,,,,,,,,-9.0,,,,
1976,2,27,50.0,70.0,,,,,,,306.0,0.0,95.0,,,,0.0,0.0,,64.94,51.08,630.0,,,,,,,,,,87.0,45.0,999.0,999.0,,,,,1.0,,,,,,999.0,,,,
1976,2,28,,,,,,,,,,0.0,,,,,0.0,0.0,,,,,,,,,,,,,,,,,-999.0,,,,,,,,,,,-999.0,,,,
1976,2,29,,,,,,,,,,,,,,,,,,,,,,,,,,,,,,,,,,,,,,,,,,,,9.0,,,,
1976,2,30,70.0,90.0,,,,,,,1630.0,,41.0,,,,0.0,0.0,,62.959999999999994,55.94,276.0,,,,,,,,,,108.0,89.0,1.0,9999.0,,,,,1.0,,,,,,1.0,,,,
1976,2,31,,,,,,,,,,0.0,,,,,0.0,0.0,,,,,,,,,,,,,,,,,-99.0,,,,,,,,,,,,,,,
1976,3,1,100.0,100.0,,,,,,,1400.0,170.0,8.0,,,,0.0,0.0,,62.059999999999995,53.06,60.0,,,,180.0,225.0,,,,,134.0,103.0,1.0,,,,,,-9999.0,,,,,,1.0,,,,
1976,3,2,,,,,,,,,,0.0,,,,,0.0,0.0,,32.0,32.0,,,,,,,,,,,,,,,,,,,-9.0,,,,,,,,,,
1976,3,3,70.0,60.0,,,,,,,330.0,28.0,70.0,,,,0.0,0.0,,60.08,48.92,480.0,,,,,,,,,,175.0,139.0,999.0,,,,,,999.0,,,,,,1.0,,,,
1976,3,4,,,,,,,,,,,,,,,0.0,0.0,,,,,,,,,,,,,,,,-999.0,,,,,,-999.0,,,,,,,,,,
1976,3,6,70.0,60.0,,,,,,,1600.0,,76.0,,,,0.0,0.0,,60.08,48.02,534.0,,,,,,,,,,82.0,58.0,9999.0,,,,,,9999.0,,,,,,1.0,,,,
1976,3,7,,,,,,,,,,0.0,,,,,0.0,0.0,,,,,,,,,,,,,,,,-99.0,,,,,,-99.0,,,,,,,,,,
1976,3,8,,,,,,,,,,,,,,,,,,,,,,,,,,,,,,,,99.0,,,,,,99.0,,,,,,,,,,
1976,3,9,0.0,0.0,,,,,,,1506.0,0.0,100.0,,,,0.0,0.0,,64.94,44.06,702.0,,,,315.0,315.0,,,,,67.0,54.0,-9999.0,,,,,,-9999.0,,,,,,-9999.0,,,,
1976,3,10,,,,,,,,,,0.0,,,,,0.0,0.0,,32.0,32.0,,,,,,,,,,,,,-9.0,,,,,,-9.0,,,,,,-9.0,,,,
1976,3,11,30.0,20.0,,,,,,,612.0,0.0,95.0,,,,0.0,0.0,,62.959999999999994,46.94,660.0,,,,,,,,,,72.0,54.0,999.0,,,,,,999.0,,,,,,999.0,,,,
1976,3,12,,,,,,,,,,0.0,,,,,0.0,0.0,,,,,,,,,,,,,,,,-999.0,,,,,,-999.0,,,,,,-999.0,,,,
1976,3,14,70.0,60.0,,,,,,,1512.0,0.0,86.0,,,,0.0,0.0,,62.059999999999995,53.96,606.0,,,,,,,,,,82.0,54.0,9999.0,,,,,,9999.0,,,,,,9999.0,,,,
1976,3,15,,,,,,,,,,0.0,,,,,0.0,0.0,,,,,,,,,,,,,,,,-99.0,,,,,,-99.0,,,,,,,,,,
1976,3,16,,,,,,,,,,,,,,,,,,,,,,,,,,,,,,,,99.0,,,,,,99.0,,,,,,,,,,
1976,3,17,80.0,90.0,,,,,,,424.0,0.0,48.0,,,,0.0,0.0,,60.980000000000004,55.04,342.0,,,,315.0,315.0,,,,,87.0,67.0,-9999.0,,,,,,-9999.0,,,,,,1.0,,,,
1976,3,18,,,,,,,,,,,,,,,0.0,0.0,,32.0,32.0,,,,,,,,,,,,,-9.0,,,,,,-9.0,,,,,,,,,,
1976,3,19,10.0,0.0,,,,,,,300.0,0.0,100.0,,,,0.0,0.0,,66.02,48.92,714.0,,,,,,,,,,98.0,89.0,999.0,,,,,,999.0,,,,,,999.0,,,,
1976,3,20,,,,,,,,,,0.0,,,,,0.0,0.0,,,,,,,,,,,,,,,,-999.0,,,,,,-999.0,,,,,,-999.0,,,,
1976,3,21,,,,,,,,,,,,,,,,,,,,,,,,,,,,,,,,,,,,,,9.0,,,,,,,,,,
1976,3,22,20.0,10.0,,,,,,,1406.0,0.0,100.0,,,,0.0,0.0,,69.98,48.92,714.0,,,,,,,,,,72.0,45.0,9999.0,,,,,,1.0,,,,,,9999.0,,,,
1976,3,23,,,,,,,,,,0.0,,,,,0.0,0.0,,,,,,,,,,,,,,,,,,,,,,,,,,,,-99.0,,,,
1976,3,24,,,,,,,,,,,,,,,,,,,,,,,,,,,,,,,,,,,,,,,,,,,,99.0,,,,
1976,3,25,100.0,100.0,,,,,,,1400.0,0.0,88.0,,,,0.0,0.0,,78.08,57.92,630.0,,,,315.0,315.0,,,,,82.0,67.0,-9999.0,,,,,,1.0,,,,,,-9999.0,,,,
1976,3,26,,,,,,,,,,0.0,,,,,0.0,0.0,,32.0,32.0,,,,,,,,,,,,,,,,,,,,,,,,,-9.0,,,,
1976,3,27,80.0,90.0,,,,,,,612.0,0.0,73.0,,,,0.0,0.0,,73.94,57.02,522.0,,,,,,,,,,93.0,76.0,1.0,,,,,,1.0,,,,,,999.0,,,,
1976,3,28,,,,,,,,,,0.0,,,,,0.0,0.0,,,,,,,,,,,,,,,,,,,,,,,,,,,,-999.0,,,,
1976,3,30,50.0,60.0,,,,,,,1424.0,0.0,99.0,,,,0.0,0.0,,66.02,57.02,720.0,,,,,,,,,,82.0,54.0,9999.0,,,,,,9999.0,,,,,,9999.0,,,,
1976,3,31,,,,,,,,,,0.0,,,,,0.0,0.0,,,,,,,,,,,,,,,,-99.0,,,,,,,,,,,,-99.0,,,,
1976,4,1,50.0,60.0,,,,,,,1148.0,0.0,93.0,,,,0.0,0.0,,66.02,57.02,696.0,,,,315.0,315.0,,,,,82.0,58.0,-9999.0,,-9999.0,,,,-9999.0,,,,,,-9999.0,,,,
1976,4,2,,,,,,,,,,0.0,,,,,0.0,0.0,,32.0,32.0,,,,,,,,,,,,,-9.0,,-9.0,,,,-9.0,,,,,,-9.0,,,,
1976,4,3,30.0,20.0,,,,,,,206.0,0.0,88.0,,,,0.0,0.0,,62.959999999999994,50.0,660.0,,,,,,,,,,87.0,49.0,999.0,,999.0,,,,999.0,,,,,,999.0,,,,
1976,4,4,,,,,,,,,,0.0,,,,,0.0,0.0,,,,,,,,,,,,,,,,-999.0,,-999.0,,,,-999.0,,,,,,-999.0,,,,
1976,4,5,,,,,,,,,,,,,,,,,,,,,,,,,,,,,,,,,,9.0,,,,,,,,,,9.0,,,,
1976,4,6,80.0,80.0,,,,,,,1236.0,61.0,31.0,,,,0.0,0.0,,62.959999999999994,51.98,240.0,,,,,,,,,,134.0,94.0,9999.0,,1.0,,,,9999.0,,,,,,1.0,,,,
1976,4,7,,,,,,,,,,0.0,,,,,0.0,0.0,,,,,,,,,,,,,,,,-99.0,,,,,,-99.0,,,,,,,,,,
1976,4,8,,,,,,,,,,,,,,,,,,,,,,,,,,,,,,,,99.0,,99.0,,,,99.0,,,,,,,,,,
1976,4,9,40.0,30.0,,,,,,,1212.0,0.0,79.0,,,,0.0,0.0,,66.02,55.04,606.0,,,,315.0,315.0,,,,,113.0,80.0,-9999.0,,-9999.0,,,,-9999.0,,,,,,-9999.0,,,,
1976,4,10,,,,,,,,,,0.0,,,,,0.0,0.0,,32.0,32.0,,,,,,,,,,,,,-9.0,,-9.0,,,,-9.0,,,,,,-9.0,,,,
1976,4,11,60.0,70.0,,,,,,,300.0,0.0,100.0,,,,0.0,0.0,,66.92,51.08,762.0,,,,,,,,,,103.0,85.0,999.0,,999.0,,,,999.0,,,,,,999.0,,,,
1976,4,12,,,,,,,,,,0.0,,,,,0.0,0.0,,,,,,,,,,,,,,,,-999.0,,-999.0,,,,-999.0,,,,,,,,,,
1976,4,14,30.0,30.0,,,,,,,1554.0,0.0,96.0,,,,0.0,0.0,,66.92,55.94,738.0,,,,,,,,,,93.0,76.0,9999.0,,9999.0,,,,9999.0,,,,,,9999.0,,,,
1976,4,15,,,,,,,,,,0.0,,,,,0.0,0.0,,,,,,,,,,,,,,,,-99.0,,-99.0,,,,,,,,,,-99.0,,,,
1976,4,16,,,,,,,,,,,,,,,,,,,,,,,,,,,,,,,,99.0,,99.0,,,,,,,,,,99.0,,,,
1976,4,17,60.0,60.0,,,,,,,1412.0,0.0,79.0,,,,0.0,0.0,,68.0,53.06,612.0,,,,225.0,315.0,,,,,93.0,72.0,-9999.0,,-9999.0,,,,-9999.0,,,,,,1.0,,,,
1976,4,18,,,,,,,,,,,,,,,0.0,0.0,,32.0,32.0,,,,,,,,,,,,,-9.0,,-9.0,,,,-9.0,,,,,,,,,,
1976,4,19,90.0,90.0,,,,,,,306.0,18.0,57.0,,,,0.0,0.0,,62.959999999999994,55.04,438.0,,,,,,,,,,103.0,76.0,999.0,,999.0,,,,999.0,,,,,,1.0,,,,
1976,4,20,,,,,,,,,,,,,,,0.0,0.0,,,,,,,,,,,,,,,,-999.0,,-999.0,,,,-999.0,,,,,,,,,,
1976,4,22,60.0,70.0,,,,,,,1530.0,0.0,71.0,,,,0.0,0.0,,64.04,53.06,546.0,,,,,,,,,,93.0,54.0,9999.0,,9999.0,,,,9999.0,,,,,,9999.0,,,,
1976,4,23,,,,,,,,,,0.0,,,,,0.0,0.0,,,,,,,,,,,,,,,,,,-99.0,,,,-99.0,,,,,,,,,,
1976,4,24,,,,,,,,,,,,,,,,,,,,,,,,,,,,,,,,,,99.0,,,,99.0,,,,,,,,,,
1976,4,25,20.0,20.0,,,,,,,906.0,0.0,81.0,,,,0.0,0.0,,62.059999999999995,53.96,636.0,,,,315.0,315.0,,,,,144.0,112.0,-9999.0,,-9999.0,,,,-9999.0,,,,,,-9999.0,,,,
1976,4,26,,,,,,,,,,0.0,,,,,0.0,0.0,,32.0,32.0,,,,,,,,,,,,,-9.0,,-9.0,,,,-9.0,,,,,,-9.0,,,,
1976,4,27,0.0,10.0,,,,,,,654.0,0.0,100.0,,,,0.0,0.0,,66.92,48.92,786.0,,,,,,,,,,77.0,63.0,999.0,,999.0,,,,999.0,,,,,,999.0,,,,
1976,4,28,,,,,,,,,,0.0,,,,,0.0,0.0,,,,,,,,,,,,,,,,-999.0,,-999.0,,,,-999.0,,,,,,-999.0,,,,
1976,4,30,0.0,0.0,,,,,,,1700.0,0.0,100.0,,,,0.0,0.0,,78.08,53.06,786.0,,,,,,,,,,93.0,67.0,9999.0,,9999.0,,,,9999.0,,,,,,9999.0,,,,
1976,4,31,,,,,,,,,,0.0,,,,,0.0,0.0,,,,,,,,,,,,,,,,-99.0,,-99.0,,,,-99.0,,,,,,-99.0,,,,
1976,5,1,30.0,30.0,,,,,,,1230.0,0.0,93.0,,,,0.0,0.0,,75.02,57.92,756.0,,,,315.0,315.0,,,,,98.0,80.0,1.0,,,,,,1.0,,,,,,-9999.0,,,,
1976,5,2,,,,,,,,,,0.0,,,,,0.0,0.0,,32.0,32.0,,,,,,,,,,,,,,,,,,,,,,,,,-9.0,,,,
1976,5,3,100.0,100.0,,,,,,,30.0,0.0,3.0,,,,0.0,0.0,,64.04,59.0,24.0,,,,,,,,,,93.0,67.0,1.0,,,,,,1.0,,,,,,999.0,,,,
1976,5,4,,,,,,,,,,0.0,,,,,0.0,0.0,,,,,,,,,,,,,,,,,,,,,,,,,,,,-999.0,,,,
1976,5,6,80.0,80.0,,,,,,,1354.0,0.0,35.0,,,,0.0,0.0,,71.06,60.08,282.0,,,,,,,,,,93.0,63.0,9999.0,,,,,,9999.0,,,,,,9999.0,,,,
1976,5,7,,,,,,,,,,0.0,,,,,0.0,0.0,,,,,,,,,,,,,,,,-99.0,,,,,,-99.0,,,,,,-99.0,,,,
1976,5,8,,,,,,,,,,,,,,,,,,,,,,,,,,,,,,,,99.0,,,,,,99.0,,,,,,99.0,,,,
1976,5,9,100.0,90.0,,,,,,,942.0,66.0,18.0,,,,0.0,0.0,,64.94,55.94,150.0,,,,225.0,225.0,,,,,82.0,72.0,-9999.0,,,,,,-9999.0,,,,,,1.0,,,,
1976,5,10,,,,,,,,,,0.0,,,,,0.0,0.0,,32.0,32.0,,,,,,,,,,,,,-9.0,,,,,,-9.0,,,,,,,,,,
1976,5,11,80.0,70.0,,,,,,,648.0,3.0,40.0,,,,0.0,0.0,,69.98,55.94,330.0,,,,,,,,,,82.0,54.0,999.0,,,,,,999.0,,,,,,1.0,,,,
1976,5,12,,,,,,,,,,0.0,,,,,0.0,0.0,,,,,,,,,,,,,,,,-999.0,,,,,,-999.0,,,,,,,,,,
1976,5,13,,,,,,,,,,,,,,,,,,,,,,,,,,,,,,,,,,,,,,9.0,,,,,,,,,,
1976,5,14,80.0,70.0,,,,,,,1306.0,0.0,49.0,,,,0.0,0.0,,71.06,60.980000000000004,408.0,,,,,,,,,,103.0,76.0,9999.0,,,,,,1.0,,,,,,9999.0,,,,
1976,5,15,,,,,,,,,,0.0,,,,,0.0,0.0,,,,,,,,,,,,,,,,,,,,,,,,,,,,,,,,
1976,5,17,70.0,60.0,,,,,,,1200.0,0.0,67.0,,,,0.0,0.0,,71.96,60.980000000000004,552.0,,,,270.0,315.0,,,,,72.0,54.0,1.0,,,,,,1.0,,,,,,-9999.0,,,,
1976,5,18,,,,,,,,,,0.0,,,,,0.0,0.0,,32.0,32.0,,,,,,,,,,,,,,,,,,,,,,,,,-9.0,,,,
1976,5,19,90.0,80.0,,,,,,,224.0,0.0,42.0,,,,0.0,0.0,,73.04,59.0,348.0,,,,,,,,,,72.0,49.0,1.0,,,,,,1.0,,,,,,999.0,,,,
1976,5,20,,,,,,,,,,0.0,,,,,0.0,0.0,,,,,,,,,,,,,,,,,,,,,,,,,,,,-999.0,,,,
1976,5,22,50.0,30.0,,,,,,,1212.0,0.0,80.0,,,,0.0,0.0,,71.96,62.059999999999995,666.0,,,,,,,,,,72.0,49.0,1.0,,,,,,1.0,,,,,,9999.0,,,,
1976,5,23,,,,,,,,,,0.0,,,,,0.0,0.0,,,,,,,,,,,,,,,,,,,,,,,,,,,,-99.0,,,,
1976,5,24,,,,,,,,,,,,,,,,,,,,,,,,,,,,,,,,,,,,,,,,,,,,99.0,,,,
1976,5,25,50.0,20.0,,,,,,,1054.0,0.0,79.0,,,,0.0,0.0,,69.08,60.08,660.0,,,,270.0,315.0,,,,,82.0,58.0,-9999.0,,,,,,-9999.0,,,,,,-9999.0,,,,
1976,5,26,,,,,,,,,,0.0,,,,,0.0,0.0,,32.0,32.0,,,,,,,,,,,,,-9.0,,,,,,,,,,,,-9.0,,,,
1976,5,27,60.0,40.0,,,,,,,242.0,0.0,66.0,,,,0.0,0.0,,69.98,59.0,552.0,,,,,,,,,,98.0,76.0,999.0,,,,,,1.0,,,,,,999.0,,,,
1976,5,28,,,,,,,,,,0.0,,,,,0.0,0.0,,,,,,,,,,,,,,,,-999.0,,,,,,,,,,,,,,,,
1976,5,30,70.0,50.0,,,,,,,1448.0,0.0,65.0,,,,0.0,0.0,,69.08,60.08,546.0,,,,,,,,,,77.0,49.0,9999.0,,,,,,9999.0,,,,,,9999.0,,,,
1976,5,31,,,,,,,,,,0.0,,,,,0.0,0.0,,,,,,,,,,,,,,,,-99.0,,,,,,-99.0,,,,,,-99.0,,,,
1976,6,1,90.0,80.0,,,,,,,1348.0,0.0,48.0,,,,0.0,0.0,,71.96,62.059999999999995,408.0,,,,225.0,225.0,,,,,72.0,49.0,-9999.0,-9999.0,,,,,1.0,,,,,,-9999.0,,,,
1976,6,2,,,,,,,,,,0.0,,,,,0.0,0.0,,32.0,32.0,,,,,,,,,,,,,,-9.0,,,,,,,,,,,,,,,
1976,6,3,100.0,100.0,,,,,,,948.0,,3.0,,,,0.0,0.0,,68.0,60.980000000000004,30.0,,,,,,,,,,72.0,45.0,1.0,999.0,,,,,1.0,,,,,,1.0,,,,
1976,6,4,,,,,,,,,,0.0,,,,,0.0,0.0,,,,,,,,,,,,,,,,,-999.0,,,,,,,,,,,,,,,
1976,6,6,40.0,30.0,,,,,,,1318.0,0.0,76.0,,,,0.0,0.0,,69.98,62.959999999999994,642.0,,,,,,,,,,77.0,49.0,9999.0,9999.0,,,,,9999.0,,,,,,9999.0,,,,
1976,6,7,,,,,,,,,,0.0,,,,,0.0,0.0,,,,,,,,,,,,,,,,-99.0,-99.0,,,,,-99.0,,,,,,-99.0,,,,
1976,6,8,,,,,,,,,,,,,,,,,,,,,,,,,,,,,,,,99.0,99.0,,,,,99.0,,,,,,99.0,,,,
1976,6,9,80.0,70.0,,,,,,,1524.0,0.0,73.0,,,,0.0,0.0,,69.98,62.059999999999995,618.0,,,,270.0,315.0,,,,,72.0,49.0,-9999.0,-9999.0,,,,,-9999.0,,,,,,-9999.0,,,,
1976,6,10,,,,,,,,,,0.0,,,,,0.0,0.0,,32.0,32.0,,,,,,,,,,,,,-9.0,-9.0,,,,,-9.0,,,,,,-9.0,,,,
1976,6,11,40.0,20.0,,,,,,,354.0,0.0,88.0,,,,0.0,0.0,,69.98,62.959999999999994,750.0,,,,,,,,,,87.0,54.0,999.0,999.0,,,,,999.0,,,,,,999.0,,,,
1976,6,12,,,,,,,,,,0.0,,,,,0.0,0.0,,,,,,,,,,,,,,,,-999.0,-999.0,,,,,-999.0,,,,,,-999.0,,,,
1976,6,14,70.0,70.0,,,,,,,1436.0,0.0,41.0,,,,0.0,0.0,,69.08,60.980000000000004,348.0,,,,,,,,,,93.0,49.0,9999.0,9999.0,,,,,9999.0,,,,,,9999.0,,,,
1976,6,15,,,,,,,,,,0.0,,,,,0.0,0.0,,,,,,,,,,,,,,,,,-99.0,,,,,-99.0,,,,,,,,,,
1976,6,16,,,,,,,,,,,,,,,,,,,,,,,,,,,,,,,,,99.0,,,,,99.0,,,,,,,,,,
1976,6,17,50.0,40.0,,,,,,,1206.0,0.0,69.0,,,,0.0,0.0,,71.06,62.059999999999995,594.0,,,,315.0,315.0,,,,,98.0,63.0,-9999.0,-9999.0,,,,,-9999.0,,,,,,1.0,,,,
1976,6,18,,,,,,,,,,,,,,,0.0,0.0,,32.0,32.0,,,,,,,,,,,,,-9.0,-9.0,,,,,-9.0,,,,,,,,,,
1976,6,19,20.0,30.0,,,,,,,406.0,0.0,80.0,,,,0.0,0.0,,73.04,60.08,684.0,,,,,,,,,,77.0,54.0,999.0,999.0,,,,,999.0,,,,,,999.0,,,,
1976,6,20,,,,,,,,,,0.0,,,,,0.0,0.0,,,,,,,,,,,,,,,,-999.0,-999.0,,,,,,,,,,,-999.0,,,,
1976,6,22,40.0,30.0,,,,,,,1206.0,0.0,66.0,,,,0.0,0.0,,75.02,62.959999999999994,564.0,,,,,,,,,,72.0,45.0,9999.0,9999.0,,,,,1.0,,,,,,9999.0,,,,
1976,6,23,,,,,,,,,,0.0,,,,,0.0,0.0,,,,,,,,,,,,,,,,-99.0,-99.0,,,,,,,,,,,-99.0,,,,
1976,6,24,,,,,,,,,,,,,,,,,,,,,,,,,,,,,,,,99.0,99.0,,,,,,,,,,,99.0,,,,
1976,6,25,40.0,30.0,,,,,,,1248.0,0.0,82.0,,,,0.0,0.0,,73.04,60.980000000000004,702.0,,,,315.0,270.0,,,,,87.0,45.0,1.0,1.0,,,,,1.0,,,,,,-9999.0,,,,
1976,6,26,,,,,,,,,,0.0,,,,,0.0,0.0,,32.0,32.0,,,,,,,,,,,,,,,,,,,,,,,,,-9.0,,,,
1976,6,27,40.0,20.0,,,,,,,518.0,0.0,93.0,,,,0.0,0.0,,73.94,62.959999999999994,798.0,,,,,,,,,,72.0,45.0,999.0,999.0,,,,,1.0,,,,,,999.0,,,,
1976,6,28,,,,,,,,,,0.0,,,,,0.0,0.0,,,,,,,,,,,,,,,,-999.0,-999.0,,,,,,,,,,,-999.0,,,,
1976,6,30,30.0,20.0,,,,,,,1306.0,0.0,90.0,,,,0.0,0.0,,75.92,66.02,768.0,,,,,,,,,,98.0,76.0,9999.0,9999.0,,,,,1.0,,,,,,9999.0,,,,
1976,6,31,,,,,,,,,,0.0,,,,,0.0,0.0,,,,,,,,,,,,,,,,-99.0,-99.0,,,,,,,,,,,-99.0,,,,
1976,7,1,60.0,50.0,,,,,,,1042.0,0.0,65.0,,,,0.0,0.0,,71.96,66.02,558.0,,,,180.0,180.0,,,,,93.0,58.0,-9999.0,,,,,,1.0,,,,,,-9999.0,,,,
1976,7,2,,,,,,,,,,0.0,,,,,0.0,0.0,,32.0,32.0,,,,,,,,,,,,,-9.0,,,,,,,,,,,,-9.0,,,,
1976,7,3,40.0,30.0,,,,,,,242.0,0.0,70.0,,,,0.0,0.0,,73.04,64.94,594.0,,,,,,,,,,77.0,49.0,999.0,,,,,,999.0,,,,,,999.0,,,,
1976,7,4,,,,,,,,,,0.0,,,,,0.0,0.0,,,,,,,,,,,,,,,,-999.0,,,,,,,,,,,,-999.0,,,,
1976,7,6,70.0,50.0,,,,,,,1130.0,0.0,57.0,,,,0.0,0.0,,75.02,66.92,492.0,,,,,,,,,,82.0,54.0,9999.0,,,,,,9999.0,,,,,,9999.0,,,,
1976,7,7,,,,,,,,,,0.0,,,,,0.0,0.0,,,,,,,,,,,,,,,,-99.0,,,,,,,,,,,,-99.0,,,,
1976,7,8,,,,,,,,,,,,,,,,,,,,,,,,,,,,,,,,99.0,,,,,,,,,,,,99.0,,,,
1976,7,9,40.0,20.0,,,,,,,1224.0,0.0,82.0,,,,0.0,0.0,,77.0,66.92,702.0,,,,315.0,315.0,,,,,93.0,67.0,-9999.0,,,,,,1.0,,,,,,-9999.0,,,,
1976,7,10,,,,,,,,,,0.0,,,,,0.0,0.0,,32.0,32.0,,,,,,,,,,,,,,,,,,,,,,,,,-9.0,,,,
1976,7,11,30.0,10.0,,,,,,,324.0,0.0,94.0,,,,0.0,0.0,,80.96,64.94,804.0,,,,,,,,,,82.0,63.0,1.0,,,,,,1.0,,,,,,999.0,,,,
1976,7,12,,,,,,,,,,0.0,,,,,0.0,0.0,,,,,,,,,,,,,,,,,,,,,,,,,,,,-999.0,,,,
1976,7,14,90.0,90.0,,,,,,,1230.0,0.0,30.0,,,,0.0,0.0,,73.94,66.92,258.0,,,,,,,,,,98.0,58.0,9999.0,,,,,,1.0,,,,,,9999.0,,,,
1976,7,15,,,,,,,,,,0.0,,,,,0.0,0.0,,,,,,,,,,,,,,,,-99.0,,,,,,,,,,,,-99.0,,,,
1976,7,16,,,,,,,,,,,,,,,,,,,,,,,,,,,,,,,,99.0,,,,,,,,,,,,99.0,,,,
1976,7,17,100.0,100.0,,,,,,,1354.0,0.0,11.0,,,,0.0,0.0,,73.04,66.92,96.0,,,,225.0,225.0,,,,,77.0,45.0,-9999.0,,,,,,1.0,,,,,,-9999.0,,,,
1976,7,18,,,,,,,,,,0.0,,,,,0.0,0.0,,32.0,32.0,,,,,,,,,,,,,-9.0,,,,,,,,,,,,,,,,
1976,7,19,100.0,100.0,,,,,,,300.0,,3.0,,,,0.0,0.0,,73.04,68.0,30.0,,,,,,,,,,77.0,45.0,999.0,,,,,,999.0,,,,,,1.0,,,,
1976,7,20,,,,,,,,,,0.0,,,,,0.0,0.0,,,,,,,,,,,,,,,,-999.0,,,,,,,,,,,,,,,,
1976,7,22,100.0,100.0,,,,,,,1242.0,0.0,5.0,,,,0.0,0.0,,73.94,68.0,48.0,,,,,,,,,,82.0,54.0,9999.0,,,,,,1.0,,,,,,9999.0,,,,
1976,7,23,,,,,,,,,,0.0,,,,,0.0,0.0,,,,,,,,,,,,,,,,-99.0,,,,,,,,,,,,-99.0,,,,
1976,7,24,,,,,,,,,,,,,,,,,,,,,,,,,,,,,,,,99.0,,,,,,99.0,,,,,,99.0,,,,
1976,7,25,100.0,100.0,,,,,,,1412.0,3.0,12.0,,,,0.0,0.0,,75.02,66.02,102.0,,,,315.0,315.0,,,,,93.0,67.0,1.0,,,,,,1.0,,,,,,1.0,,,,
1976,7,26,,,,,,,,,,0.0,,,,,0.0,0.0,,32.0,32.0,,,,,,,,,,,,,,,,,,,,,,,,,,,,,
1976,7,27,100.0,100.0,,,,,,,648.0,,6.0,,,,0.0,0.0,,69.98,66.92,48.0,,,,,,,,,,87.0,67.0,1.0,,,,,,1.0,,,,,,1.0,,,,
1976,7,28,,,,,,,,,,0.0,,,,,0.0,0.0,,,,,,,,,,,,,,,,,,,,,,,,,,,,,,,,
1976,7,30,70.0,50.0,,,,,,,1336.0,0.0,59.0,,,,0.0,0.0,,75.02,68.0,498.0,,,,,,,,,,82.0,54.0,9999.0,,,,,,9999.0,,,,,,9999.0,,,,
1976,7,31,,,,,,,,,,0.0,,,,,0.0,0.0,,,,,,,,,,,,,,,,-99.0,,,,,,,,,,,,-99.0,,,,
1976,8,1,60.0,50.0,,,,,,,1336.0,0.0,83.0,,,,0.0,0.0,,75.92,69.08,684.0,,,,270.0,315.0,,,,,103.0,76.0,-9999.0,-9999.0,,,,,-9999.0,,,,,,-9999.0,,,,
1976,8,2,,,,,,,,,,0.0,,,,,0.0,0.0,,32.0,32.0,,,,,,,,,,,,,-9.0,-9.0,,,,,-9.0,,,,,,-9.0,,,,
1976,8,3,80.0,60.0,,,,,,,318.0,0.0,56.0,,,,0.0,0.0,,75.92,68.0,456.0,,,,,,,,,,108.0,76.0,999.0,999.0,,,,,999.0,,,,,,999.0,,,,
1976,8,4,,,,,,,,,,0.0,,,,,0.0,0.0,,,,,,,,,,,,,,,,-999.0,-999.0,,,,,-999.0,,,,,,-999.0,,,,
1976,8,6,20.0,20.0,,,,,,,1412.0,0.0,82.0,,,,0.0,0.0,,78.08,64.94,678.0,,,,,,,,,,103.0,76.0,9999.0,9999.0,,,,,9999.0,,,,,,9999.0,,,,
1976,8,7,,,,,,,,,,0.0,,,,,0.0,0.0,,,,,,,,,,,,,,,,-99.0,-99.0,,,,,,,,,,,-99.0,,,,
1976,8,8,,,,,,,,,,,,,,,,,,,,,,,,,,,,,,,,99.0,99.0,,,,,,,,,,,99.0,,,,
1976,8,9,40.0,30.0,,,,,,,1242.0,0.0,71.0,,,,0.0,0.0,,77.0,66.92,582.0,,,,315.0,315.0,,,,,93.0,54.0,-9999.0,-9999.0,,,,,1.0,,,,,,-9999.0,,,,
1976,8,10,,,,,,,,,,0.0,,,,,0.0,0.0,,32.0,32.0,,,,,,,,,,,,,-9.0,-9.0,,,,,,,,,,,-9.0,,,,
1976,8,11,30.0,20.0,,,,,,,424.0,0.0,85.0,,,,0.0,0.0,,80.06,64.94,690.0,,,,,,,,,,103.0,76.0,999.0,999.0,,,,,999.0,,,,,,999.0,,,,
1976,8,12,,,,,,,,,,0.0,,,,,0.0,0.0,,,,,,,,,,,,,,,,-999.0,-999.0,,,,,,,,,,,-999.0,,,,
1976,8,14,50.0,30.0,,,,,,,1112.0,0.0,76.0,,,,0.0,0.0,,77.0,66.92,618.0,,,,,,,,,,93.0,63.0,9999.0,9999.0,,,,,1.0,,,,,,9999.0,,,,
1976,8,15,,,,,,,,,,0.0,,,,,0.0,0.0,,,,,,,,,,,,,,,,-99.0,-99.0,,,,,,,,,,,-99.0,,,,
1976,8,16,,,,,,,,,,,,,,,,,,,,,,,,,,,,,,,,99.0,99.0,,,,,99.0,,,,,,99.0,,,,
1976,8,17,30.0,20.0,,,,,,,1448.0,0.0,84.0,,,,0.0,0.0,,80.06,62.959999999999994,678.0,,,,315.0,315.0,,,,,103.0,80.0,1.0,1.0,,,,,1.0,,,,,,-9999.0,,,,
1976,8,18,,,,,,,,,,0.0,,,,,0.0,0.0,,32.0,32.0,,,,,,,,,,,,,,,,,,,,,,,,,-9.0,,,,
1976,8,19,20.0,20.0,,,,,,,506.0,0.0,85.0,,,,0.0,0.0,,78.08,62.959999999999994,684.0,,,,,,,,,,77.0,45.0,1.0,1.0,,,,,1.0,,,,,,999.0,,,,
1976,8,20,,,,,,,,,,0.0,,,,,0.0,0.0,,,,,,,,,,,,,,,,,,,,,,,,,,,,-999.0,,,,
1976,8,22,70.0,50.0,,,,,,,1224.0,0.0,64.0,,,,0.0,0.0,,73.94,66.92,516.0,,,,,,,,,,93.0,54.0,9999.0,9999.0,,,,,9999.0,,,,,,9999.0,,,,
1976,8,23,,,,,,,,,,0.0,,,,,0.0,0.0,,,,,,,,,,,,,,,,-99.0,-99.0,,,,,-99.0,,,,,,-99.0,,,,
1976,8,24,,,,,,,,,,,,,,,,,,,,,,,,,,,,,,,,99.0,99.0,,,,,99.0,,,,,,99.0,,,,
1976,8,25,40.0,40.0,,,,,,,1312.0,3.0,70.0,,,,0.0,0.0,,77.0,66.92,564.0,,,,225.0,225.0,,,,,103.0,63.0,-9999.0,-9999.0,,,,,-9999.0,,,,,,1.0,,,,
1976,8,26,,,,,,,,,,0.0,,,,,0.0,0.0,,32.0,32.0,,,,,,,,,,,,,-9.0,-9.0,,,,,-9.0,,,,,,,,,,
1976,8,27,50.0,40.0,,,,,,,148.0,0.0,62.0,,,,0.0,0.0,,75.02,66.02,492.0,,,,,,,,,,93.0,54.0,999.0,999.0,,,,,999.0,,,,,,999.0,,,,
1976,8,28,,,,,,,,,,0.0,,,,,0.0,0.0,,,,,,,,,,,,,,,,-999.0,-999.0,,,,,-999.0,,,,,,-999.0,,,,
1976,8,30,20.0,10.0,,,,,,,1312.0,0.0,94.0,,,,0.0,0.0,,78.08,66.92,744.0,,,,,,,,,,118.0,89.0,9999.0,9999.0,,,,,9999.0,,,,,,9999.0,,,,
1976,8,31,,,,,,,,,,0.0,,,,,0.0,0.0,,,,,,,,,,,,,,,,-99.0,-99.0,,,,,-99.0,,,,,,-99.0,,,,
1976,9,1,70.0,80.0,,,,,,,1530.0,0.0,45.0,,,,0.0,0.0,,75.02,69.08,348.0,,,,180.0,180.0,,,,,87.0,58.0,-9999.0,,-9999.0,,,,1.0,,,,,,-9999.0,,,,
1976,9,2,,,,,,,,,,0.0,,,,,0.0,0.0,,32.0,32.0,,,,,,,,,,,,,-9.0,,-9.0,,,,,,,,,,-9.0,,,,
1976,9,3,70.0,90.0,,,,,,,342.0,0.0,30.0,,,,0.0,0.0,,82.04,68.0,228.0,,,,,,,,,,72.0,45.0,999.0,,999.0,,,,1.0,,,,,,999.0,,,,
1976,9,4,,,,,,,,,,0.0,,,,,0.0,0.0,,,,,,,,,,,,,,,,-999.0,,,,,,,,,,,,,,,,
1976,9,6,30.0,20.0,,,,,,,1412.0,0.0,96.0,,,,0.0,0.0,,84.91999999999999,71.06,732.0,,,,,,,,,,67.0,40.0,9999.0,,9999.0,,,,1.0,,,,,,9999.0,,,,
1976,9,7,,,,,,,,,,0.0,,,,,0.0,0.0,,,,,,,,,,,,,,,,-99.0,,-99.0,,,,,,,,,,-99.0,,,,
1976,9,8,,,,,,,,,,,,,,,,,,,,,,,,,,,,,,,,99.0,,99.0,,,,,,,,,,99.0,,,,
1976,9,9,80.0,90.0,,,,,,,1800.0,0.0,8.0,,,,0.0,0.0,,78.98,71.96,60.0,,,,315.0,315.0,,,,,72.0,58.0,-9999.0,,-9999.0,,,,-9999.0,,,,,,-9999.0,,,,
1976,9,10,,,,,,,,,,0.0,,,,,0.0,0.0,,32.0,32.0,,,,,,,,,,,,,-9.0,,-9.0,,,,,,,,,,-9.0,,,,
1976,9,11,40.0,50.0,,,,,,,136.0,0.0,58.0,,,,0.0,0.0,,80.96,69.98,444.0,,,,,,,,,,103.0,76.0,999.0,,999.0,,,,1.0,,,,,,999.0,,,,
1976,9,12,,,,,,,,,,0.0,,,,,0.0,0.0,,,,,,,,,,,,,,,,,,-999.0,,,,,,,,,,-999.0,,,,
1976,9,13,,,,,,,,,,,,,,,,,,,,,,,,,,,,,,,,,,,,,,,,,,,,9.0,,,,
1976,9,14,100.0,100.0,,,,,,,2136.0,23.0,0.0,,,,0.0,0.0,,84.02,75.02,0.0,,,,,,,,,,82.0,58.0,9999.0,,9999.0,,,,1.0,,,,,,1.0,,,,
1976,9,15,,,,,,,,,,,,,,,0.0,0.0,,,,,,,,,,,,,,,,,,-99.0,,,,,,,,,,,,,,
1976,9,16,,,,,,,,,,,,,,,,,,,,,,,,,,,,,,,,,,99.0,,,,,,,,,,,,,,
1976,9,17,90.0,80.0,,,,,,,148.0,3.0,25.0,,,,0.0,0.0,,77.0,69.98,192.0,,,,225.0,225.0,,,,,82.0,67.0,1.0,,-9999.0,,,,-9999.0,,,,,,1.0,,,,
1976,9,18,,,,,,,,,,0.0,,,,,0.0,0.0,,32.0,32.0,,,,,,,,,,,,,,,-9.0,,,,-9.0,,,,,,,,,,
1976,9,19,70.0,50.0,,,,,,,506.0,0.0,59.0,,,,0.0,0.0,,78.98,69.98,444.0,,,,,,,,,,108.0,80.0,999.0,,999.0,,,,999.0,,,,,,999.0,,,,
1976,9,20,,,,,,,,,,0.0,,,,,0.0,0.0,,,,,,,,,,,,,,,,-999.0,,-999.0,,,,,,,,,,-999.0,,,,
1976,9,22,100.0,100.0,,,,,,,2200.0,0.0,0.0,,,,0.0,0.0,,73.94,69.98,0.0,,,,,,,,,,67.0,45.0,9999.0,,9999.0,,,,1.0,,,,,,9999.0,,,,
1976,9,23,,,,,,,,,,0.0,,,,,0.0,0.0,,,,,,,,,,,,,,,,-99.0,,-99.0,,,,,,,,,,-99.0,,,,
1976,9,24,,,,,,,,,,,,,,,,,,,,,,,,,,,,,,,,99.0,,99.0,,,,99.0,,,,,,99.0,,,,
1976,9,25,90.0,80.0,,,,,,,1354.0,0.0,19.0,,,,0.0,0.0,,75.92,69.08,144.0,,,,270.0,315.0,,,,,87.0,63.0,-9999.0,,-9999.0,,,,-9999.0,,,,,,-9999.0,,,,
1976,9,26,,,,,,,,,,0.0,,,,,0.0,0.0,,32.0,32.0,,,,,,,,,,,,,-9.0,,-9.0,,,,-9.0,,,,,,-9.0,,,,
1976,9,27,40.0,50.0,,,,,,,618.0,0.0,52.0,,,,0.0,0.0,,75.02,66.02,384.0,,,,,,,,,,93.0,63.0,999.0,,999.0,,,,999.0,,,,,,999.0,,,,
1976,9,28,,,,,,,,,,0.0,,,,,0.0,0.0,,,,,,,,,,,,,,,,-999.0,,-999.0,,,,-999.0,,,,,,-999.0,,,,
1976,9,30,100.0,100.0,,,,,,,1524.0,0.0,7.0,,,,0.0,0.0,,75.92,69.08,54.0,,,,,,,,,,93.0,54.0,9999.0,,9999.0,,,,9999.0,,,,,,9999.0,,,,
1976,9,31,,,,,,,,,,0.0,,,,,0.0,0.0,,,,,,,,,,,,,,,,-99.0,,-99.0,,,,-99.0,,,,,,-99.0,,,,
1976,10,1,30.0,30.0,,,,,,,1312.0,0.0,85.0,,,,0.0,0.0,,78.08,64.94,606.0,,,,270.0,225.0,,,,,93.0,54.0,-9999.0,-9999.0,-9999.0,,,,-9999.0,,,,,,-9999.0,,,,
1976,10,2,,,,,,,,,,0.0,,,,,0.0,0.0,,32.0,32.0,,,,,,,,,,,,,-9.0,-9.0,-9.0,,,,-9.0,,,,,,,,,,
1976,10,3,70.0,70.0,,,,,,,412.0,,58.0,,,,0.0,0.0,,75.92,66.92,408.0,,,,,,,,,,98.0,58.0,999.0,999.0,999.0,,,,999.0,,,,,,1.0,,,,
1976,10,4,,,,,,,,,,0.0,,,,,0.0,0.0,,,,,,,,,,,,,,,,-999.0,-999.0,-999.0,,,,-999.0,,,,,,,,,,
1976,10,5,,,,,,,,,,,,,,,,,,,,,,,,,,,,,,,,,,,,,,9.0,,,,,,,,,,
1976,10,6,0.0,0.0,,,,,,,1348.0,0.0,100.0,,,,0.0,0.0,,80.06,64.94,708.0,,,,,,,,,,93.0,72.0,9999.0,9999.0,9999.0,,,,1.0,,,,,,9999.0,,,,
1976,10,7,,,,,,,,,,0.0,,,,,0.0,0.0,,,,,,,,,,,,,,,,,,-99.0,,,,,,,,,,-99.0,,,,
1976,10,8,,,,,,,,,,,,,,,,,,,,,,,,,,,,,,,,,,99.0,,,,,,,,,,99.0,,,,
1976,10,9,30.0,10.0,,,,,,,1312.0,0.0,91.0,,,,0.0,0.0,,78.98,66.02,636.0,,,,315.0,315.0,,,,,103.0,80.0,1.0,-9999.0,-9999.0,,,,1.0,,,,,,-9999.0,,,,
1976,10,10,,,,,,,,,,0.0,,,,,0.0,0.0,,32.0,32.0,,,,,,,,,,,,,,-9.0,-9.0,,,,,,,,,,-9.0,,,,
1976,10,11,60.0,40.0,,,,,,,330.0,0.0,75.0,,,,0.0,0.0,,80.06,69.08,528.0,,,,,,,,,,93.0,72.0,1.0,999.0,999.0,,,,1.0,,,,,,999.0,,,,
1976,10,12,,,,,,,,,,0.0,,,,,0.0,0.0,,,,,,,,,,,,,,,,,,-999.0,,,,,,,,,,-999.0,,,,
1976,10,14,0.0,0.0,,,,,,,1342.0,0.0,100.0,,,,0.0,0.0,,91.94,66.02,696.0,,,,,,,,,,87.0,72.0,9999.0,9999.0,9999.0,,,,9999.0,,,,,,9999.0,,,,
1976,10,15,,,,,,,,,,0.0,,,,,0.0,0.0,,,,,,,,,,,,,,,,,-99.0,-99.0,,,,-99.0,,,,,,-99.0,,,,
1976,10,16,,,,,,,,,,,,,,,,,,,,,,,,,,,,,,,,,99.0,99.0,,,,99.0,,,,,,99.0,,,,
1976,10,17,40.0,0.0,,,,,,,1142.0,0.0,97.0,,,,0.0,0.0,,78.08,60.980000000000004,672.0,,,,315.0,315.0,,,,,72.0,49.0,1.0,1.0,-9999.0,,,,1.0,,,,,,-9999.0,,,,
1976,10,18,,,,,,,,,,0.0,,,,,0.0,0.0,,32.0,32.0,,,,,,,,,,,,,,,-9.0,,,,,,,,,,-9.0,,,,
1976,10,19,40.0,10.0,,,,,,,424.0,0.0,86.0,,,,0.0,0.0,,75.92,66.92,594.0,,,,,,,,,,82.0,63.0,999.0,999.0,999.0,,,,1.0,,,,,,999.0,,,,
1976,10,20,,,,,,,,,,0.0,,,,,0.0,0.0,,,,,,,,,,,,,,,,-999.0,-999.0,-999.0,,,,,,,,,,-999.0,,,,
1976,10,22,70.0,60.0,,,,,,,1442.0,0.0,48.0,,,,0.0,0.0,,75.02,66.92,330.0,,,,,,,,,,72.0,40.0,9999.0,9999.0,9999.0,,,,1.0,,,,,,9999.0,,,,
1976,10,23,,,,,,,,,,0.0,,,,,0.0,0.0,,,,,,,,,,,,,,,,-99.0,-99.0,-99.0,,,,,,,,,,-99.0,,,,
1976,10,24,,,,,,,,,,,,,,,,,,,,,,,,,,,,,,,,99.0,99.0,99.0,,,,,,,,,,99.0,,,,
1976,10,25,90.0,100.0,,,,,,,1412.0,0.0,71.0,,,,0.0,0.0,,75.02,66.92,486.0,,,,315.0,315.0,,,,,93.0,58.0,-9999.0,-9999.0,-9999.0,,,,1.0,,,,,,-9999.0,,,,
1976,10,26,,,,,,,,,,0.0,,,,,0.0,0.0,,32.0,32.0,,,,,,,,,,,,,-9.0,-9.0,-9.0,,,,,,,,,,-9.0,,,,
1976,10,27,90.0,90.0,,,,,,,448.0,0.0,42.0,,,,0.0,0.0,,75.92,66.92,282.0,,,,,,,,,,87.0,67.0,999.0,999.0,999.0,,,,1.0,,,,,,999.0,,,,
1976,10,28,,,,,,,,,,0.0,,,,,0.0,0.0,,,,,,,,,,,,,,,,-999.0,-999.0,-999.0,,,,,,,,,,-999.0,,,,
1976,10,30,80.0,70.0,,,,,,,1206.0,0.0,48.0,,,,0.0,0.0,,75.92,66.02,324.0,,,,,,,,,,103.0,89.0,9999.0,9999.0,9999.0,,,,1.0,,,,,,9999.0,,,,
1976,10,31,,,,,,,,,,0.0,,,,,0.0,0.0,,,,,,,,,,,,,,,,-99.0,-99.0,,,,,,,,,,,,,,,
1976,11,1,0.0,0.0,,,,,,,1506.0,0.0,100.0,,,,0.0,0.0,,82.94,57.02,654.0,,,,315.0,315.0,,,,,82.0,58.0,-9999.0,-9999.0,-9999.0,,,,1.0,,,,,,-9999.0,,,,
1976,11,2,,,,,,,,,,0.0,,,,,0.0,0.0,,32.0,32.0,,,,,,,,,,,,,-9.0,-9.0,-9.0,,,,,,,,,,-9.0,,,,
1976,11,3,0.0,0.0,,,,,,,330.0,0.0,100.0,,,,0.0,0.0,,87.98,57.92,648.0,,,,,,,,,,82.0,63.0,999.0,999.0,999.0,,,,1.0,,,,,,999.0,,,,
1976,11,4,,,,,,,,,,0.0,,,,,0.0,0.0,,,,,,,,,,,,,,,,-999.0,-999.0,-999.0,,,,,,,,,,-999.0,,,,
1976,11,6,0.0,0.0,,,,,,,1424.0,0.0,100.0,,,,0.0,0.0,,96.98,62.059999999999995,648.0,,,,,,,,,,72.0,63.0,9999.0,9999.0,9999.0,,,,9999.0,,,,,,9999.0,,,,
1976,11,7,,,,,,,,,,0.0,,,,,0.0,0.0,,,,,,,,,,,,,,,,-99.0,-99.0,-99.0,,,,-99.0,,,,,,-99.0,,,,
1976,11,8,,,,,,,,,,,,,,,,,,,,,,,,,,,,,,,,99.0,99.0,99.0,,,,99.0,,,,,,99.0,,,,
1976,11,9,0.0,0.0,,,,,,,1242.0,0.0,100.0,,,,0.0,0.0,,84.91999999999999,60.980000000000004,642.0,,,,225.0,315.0,,,,,46.0,40.0,-9999.0,-9999.0,-9999.0,,,,-9999.0,,,,,,-9999.0,,,,
1976,11,10,,,,,,,,,,0.0,,,,,0.0,0.0,,32.0,32.0,,,,,,,,,,,,,-9.0,-9.0,-9.0,,,,,,,,,,-9.0,,,,
1976,11,11,0.0,0.0,,,,,,,236.0,0.0,100.0,,,,0.0,0.0,,82.94,60.08,642.0,,,,,,,,,,77.0,67.0,999.0,999.0,999.0,,,,1.0,,,,,,999.0,,,,
1976,11,12,,,,,,,,,,0.0,,,,,0.0,0.0,,,,,,,,,,,,,,,,,,-999.0,,,,,,,,,,-999.0,,,,
1976,11,14,90.0,90.0,,,,,,,1424.0,0.0,92.0,,,,0.0,0.0,,77.0,60.980000000000004,588.0,,,,,,,,,,46.0,36.0,1.0,1.0,9999.0,,,,1.0,,,,,,9999.0,,,,
1976,11,15,,,,,,,,,,0.0,,,,,0.0,0.0,,,,,,,,,,,,,,,,,,-99.0,,,,,,,,,,-99.0,,,,
1976,11,16,,,,,,,,,,,,,,,,,,,,,,,,,,,,,,,,,,99.0,,,,,,,,,,99.0,,,,
1976,11,17,90.0,100.0,,,,,,,1648.0,86.0,70.0,,,,0.0,0.0,,71.06,60.980000000000004,444.0,,,,270.0,270.0,,,,,72.0,49.0,-9999.0,-9999.0,-9999.0,,,,1.0,,,,,,1.0,,,,
1976,11,18,,,,,,,,,,0.0,,,,,0.0,0.0,,32.0,32.0,,,,,,,,,,,,,-9.0,-9.0,,,,,,,,,,,,,,,
1976,11,19,80.0,100.0,,,,,,,142.0,86.0,59.0,,,,0.0,0.0,,68.0,60.980000000000004,378.0,,,,,,,,,,134.0,80.0,999.0,999.0,1.0,,,,999.0,,,,,,1.0,,,,
1976,11,20,,,,,,,,,,0.0,,,,,0.0,0.0,,,,,,,,,,,,,,,,-999.0,-999.0,,,,,-999.0,,,,,,,,,,
1976,11,21,,,,,,,,,,,,,,,,,,,,,,,,,,,,,,,,,,,,,,,,,,,,9.0,,,,
1976,11,22,70.0,80.0,,,,,,,1154.0,5.0,49.0,,,,0.0,0.0,,69.08,57.92,306.0,,,,,,,,,,77.0,58.0,9999.0,9999.0,9999.0,,,,9999.0,,,,,,1.0,,,,
1976,11,23,,,,,,,,,,0.0,,,,,0.0,0.0,,,,,,,,,,,,,,,,-99.0,-99.0,-99.0,,,,-99.0,,,,,,,,,,
1976,11,24,,,,,,,,,,,,,,,,,,,,,,,,,,,,,,,,99.0,99.0,99.0,,,,99.0,,,,,,99.0,,,,
1976,11,25,0.0,10.0,,,,,,,1524.0,0.0,99.0,,,,0.0,0.0,,78.98,55.94,624.0,,,,315.0,315.0,,,,,51.0,49.0,-9999.0,-9999.0,-9999.0,,,,-9999.0,,,,,,-9999.0,,,,
1976,11,26,,,,,,,,,,0.0,,,,,0.0,0.0,,32.0,32.0,,,,,,,,,,,,,-9.0,-9.0,-9.0,,,,-9.0,,,,,,-9.0,,,,
1976,11,27,0.0,0.0,,,,,,,224.0,0.0,100.0,,,,0.0,0.0,,87.98,60.980000000000004,630.0,,,,,,,,,,98.0,76.0,999.0,999.0,999.0,,,,999.0,,,,,,999.0,,,,
1976,11,28,,,,,,,,,,0.0,,,,,0.0,0.0,,,,,,,,,,,,,,,,,-999.0,-999.0,,,,-999.0,,,,,,-999.0,,,,
1976,11,29,,,,,,,,,,,,,,,,,,,,,,,,,,,,,,,,,,,,,,9.0,,,,,,,,,,
1976,11,30,10.0,10.0,,,,,,,1400.0,0.0,100.0,,,,0.0,0.0,,73.04,57.92,624.0,,,,,,,,,,41.0,31.0,9999.0,9999.0,9999.0,,,,1.0,,,,,,9999.0,,,,
1976,11,31,,,,,,,,,,0.0,,,,,0.0,0.0,,,,,,,,,,,,,,,,,,-99.0,,,,,,,,,,-99.0,,,,
1976,12,1,0.0,0.0,,,,,,,1236.0,0.0,100.0,,,,0.0,0.0,,78.08,48.02,612.0,,,,315.0,315.0,,,,,62.0,49.0,-9999.0,,,,,,-9999.0,,,,,,-9999.0,,,,
1976,12,2,,,,,,,,,,0.0,,,,,0.0,0.0,,32.0,32.0,,,,,,,,,,,,,-9.0,,,,,,-9.0,,,,,,-9.0,,,,
1976,12,3,0.0,0.0,,,,,,,436.0,0.0,100.0,,,,0.0,0.0,,77.0,51.08,606.0,,,,,,,,,,93.0,76.0,999.0,,,,,,999.0,,,,,,999.0,,,,
1976,12,4,,,,,,,,,,0.0,,,,,0.0,0.0,,,,,,,,,,,,,,,,-999.0,,,,,,-999.0,,,,,,-999.0,,,,
1976,12,6,30.0,10.0,,,,,,,1442.0,0.0,94.0,,,,0.0,0.0,,68.0,48.92,570.0,,,,,,,,,,51.0,36.0,9999.0,,,,,,9999.0,,,,,,9999.0,,,,
1976,12,7,,,,,,,,,,0.0,,,,,0.0,0.0,,,,,,,,,,,,,,,,-99.0,,,,,,,,,,,,-99.0,,,,
1976,12,8,,,,,,,,,,,,,,,,,,,,,,,,,,,,,,,,99.0,,,,,,,,,,,,99.0,,,,
1976,12,9,10.0,20.0,,,,,,,1436.0,0.0,100.0,,,,0.0,0.0,,73.04,50.0,606.0,,,,315.0,315.0,,,,,77.0,63.0,-9999.0,,,,,,1.0,,,,,,-9999.0,,,,
1976,12,10,,,,,,,,,,0.0,,,,,0.0,0.0,,32.0,32.0,,,,,,,,,,,,,-9.0,,,,,,,,,,,,-9.0,,,,
1976,12,11,0.0,0.0,,,,,,,242.0,0.0,100.0,,,,0.0,0.0,,75.02,48.02,606.0,,,,,,,,,,62.0,54.0,999.0,,,,,,1.0,,,,,,999.0,,,,
1976,12,12,,,,,,,,,,0.0,,,,,0.0,0.0,,,,,,,,,,,,,,,,-999.0,,,,,,,,,,,,-999.0,,,,
1976,12,14,50.0,60.0,,,,,,,1242.0,0.0,66.0,,,,0.0,0.0,,66.02,50.0,396.0,,,,,,,,,,72.0,45.0,9999.0,,,,,,1.0,,,,,,9999.0,,,,
1976,12,15,,,,,,,,,,0.0,,,,,0.0,0.0,,,32.0,,,,,,,,,,,,,-99.0,,,,,,,,,,,,-99.0,,,,
1976,12,16,,,,,,,,,,,,,,,,,,,,,,,,,,,,,,,,99.0,,,,,,,,,,,,99.0,,,,
1976,12,17,0.0,0.0,,,,,,,1548.0,0.0,100.0,,,,0.0,0.0,,75.02,46.94,600.0,,,,315.0,315.0,,,,,72.0,54.0,-9999.0,,,,,,-9999.0,,,,,,-9999.0,,,,
1976,12,18,,,,,,,,,,0.0,,,,,0.0,0.0,,32.0,32.0,,,,,,,,,,,,,-9.0,,,,,,-9.0,,,,,,-9.0,,,,
1976,12,19,0.0,0.0,,,,,,,618.0,0.0,100.0,,,,0.0,0.0,,77.0,46.94,600.0,,,,,,,,,,72.0,63.0,999.0,,,,,,999.0,,,,,,999.0,,,,
1976,12,20,,,,,,,,,,0.0,,,,,0.0,0.0,,,,,,,,,,,,,,,,-999.0,,,,,,-999.0,,,,,,-999.0,,,,
1976,12,21,,,,,,,,,,,,,,,,,,,,,,,,,,,,,,,,,,,,,,9.0,,,,,,,,,,
1976,12,22,60.0,70.0,,,,,,,1306.0,0.0,94.0,,,,0.0,0.0,,73.04,51.08,564.0,,,,,,,,,,62.0,58.0,9999.0,,,,,,1.0,,,,,,9999.0,,,,
1976,12,23,,,,,,,,,,0.0,,,,,0.0,0.0,,,32.0,,,,,,,,,,,,,-99.0,,,,,,,,,,,,-99.0,,,,
1976,12,24,,,,,,,,,,,,,,,,,,,,,,,,,,,,,,,,99.0,,,,,,,,,,,,99.0,,,,
1976,12,25,0.0,0.0,,,,,,,600.0,0.0,100.0,,,,0.0,0.0,,80.06,50.0,600.0,,,,45.0,45.0,,,,,67.0,54.0,-9999.0,,,,,,1.0,,,,,,-9999.0,,,,
1976,12,26,,,,,,,,,,0.0,,,,,0.0,0.0,,32.0,32.0,,,,,,,,,,,,,-9.0,,,,,,,,,,,,-9.0,,,,
1976,12,27,10.0,0.0,,,,,,,354.0,0.0,96.0,,,,0.0,0.0,,69.08,48.92,576.0,,,,,,,,,,57.0,40.0,999.0,,,,,,999.0,,,,,,999.0,,,,
1976,12,28,,,,,,,,,,0.0,,,,,0.0,0.0,,,,,,,,,,,,,,,,-999.0,,,,,,-999.0,,,,,,-999.0,,,,
1976,12,29,,,,,,,,,,,,,,,,,,,,,,,,,,,,,,,,9.0,,,,,,9.0,,,,,,,,,,
1976,12,30,40.0,40.0,,,,,,,1506.0,0.0,100.0,,,,0.0,0.0,,69.08,57.02,600.0,,,,,,,,,,67.0,63.0,1.0,,,,,,1.0,,,,,,9999.0,,,,
1976,12,31,,,,,,,,,,0.0,,,,,0.0,0.0,,,,,,,,,,,,,,,,,,,,,,,,,,,,-99.0,,,,
1977,1,1,30.0,30.0,,,,,,,1512.0,0.0,94.0,,,,0.0,0.0,,64.94,51.98,564.0,,,,270.0,270.0,,,,,67.0,40.0,-9999.0,,,,-9999.0,,-9999.0,,,,,,-9999.0,,,,
1977,1,2,,,,,,,,,,0.0,,,,,0.0,0.0,,32.0,32.0,,,,,,,,,,,,,-9.0,,,,-9.0,,-9.0,,,,,,,,,,
1977,1,3,70.0,60.0,,,,,,,142.0,41.0,71.0,,,,0.0,0.0,,64.94,53.06,426.0,,,,,,,,,,113.0,94.0,999.0,,,,999.0,,999.0,,,,,,1.0,,,,
1977,1,4,,,,,,,,,,,,,,,0.0,0.0,,,,,,,,,,,,,,,,-999.0,,,,-999.0,,-999.0,,,,,,,,,,
1977,1,6,70.0,80.0,,,,,,,1406.0,23.0,60.0,,,,0.0,0.0,,62.059999999999995,51.98,366.0,,,,,,,,,,77.0,49.0,9999.0,,,,9999.0,,9999.0,,,,,,1.0,,,,
1977,1,7,,,,,,,,,,0.0,,,,,0.0,0.0,,,,,,,,,,,,,,,,,,,,,,-99.0,,,,,,,,,,
1977,1,8,,,,,,,,,,,,,,,,,,,,,,,,,,,,,,,,,,,,,,99.0,,,,,,,,,,
1977,1,9,90.0,90.0,,,,,,,1048.0,323.0,20.0,,,,0.0,0.0,,62.059999999999995,51.98,126.0,,,,135.0,135.0,,,,,139.0,76.0,1.0,,,,-9999.0,,-9999.0,,,,,,1.0,,,,
1977,1,10,,,,,,,,,,0.0,,,,,0.0,0.0,,32.0,32.0,,,,,,,,,,,,,,,,,-9.0,,-9.0,,,,,,,,,,
1977,1,11,100.0,100.0,,,,,,,12.0,38.0,29.0,,,,0.0,0.0,,62.059999999999995,53.96,174.0,,,,,,,,,,82.0,67.0,1.0,,,,999.0,,999.0,,,,,,1.0,,,,
1977,1,12,,,,,,,,,,0.0,,,,,0.0,0.0,,,,,,,,,,,,,,,,,,,,-999.0,,-999.0,,,,,,,,,,
1977,1,14,10.0,10.0,,,,,,,1442.0,0.0,100.0,,,,0.0,0.0,,62.959999999999994,48.02,606.0,,,,,,,,,,77.0,67.0,9999.0,,,,9999.0,,9999.0,,,,,,9999.0,,,,
1977,1,15,,,,,,,,,,0.0,,,,,0.0,0.0,,,32.0,,,,,,,,,,,,,-99.0,,,,-99.0,,-99.0,,,,,,-99.0,,,,
1977,1,16,,,,,,,,,,,,,,,,,,,,,,,,,,,,,,,,99.0,,,,99.0,,99.0,,,,,,99.0,,,,
1977,1,17,20.0,30.0,,,,,,,1618.0,0.0,94.0,,,,0.0,0.0,,66.92,46.04,576.0,,,,360.0,315.0,,,,,62.0,49.0,-9999.0,,,,-9999.0,,-9999.0,,,,,,-9999.0,,,,
1977,1,18,,,,,,,,,,0.0,,,,,0.0,0.0,,32.0,32.0,,,,,,,,,,,,,-9.0,,,,-9.0,,-9.0,,,,,,-9.0,,,,
1977,1,19,10.0,20.0,,,,,,,354.0,0.0,94.0,,,,0.0,0.0,,64.94,48.02,576.0,,,,,,,,,,103.0,49.0,999.0,,,,999.0,,999.0,,,,,,999.0,,,,
1977,1,20,,,,,,,,,,0.0,,,,,0.0,0.0,,,,,,,,,,,,,,,,-999.0,,,,-999.0,,-999.0,,,,,,-999.0,,,,
1977,1,21,,,,,,,,,,,,,,,,,,,,,,,,,,,,,,,,,,,,,,9.0,,,,,,,,,,
1977,1,22,0.0,0.0,,,,,,,1412.0,0.0,100.0,,,,0.0,0.0,,68.0,48.92,612.0,,,,,,,,,,67.0,58.0,9999.0,,,,9999.0,,1.0,,,,,,9999.0,,,,
1977,1,23,,,,,,,,,,0.0,,,,,0.0,0.0,,,32.0,,,,,,,,,,,,,-99.0,,,,-99.0,,,,,,,,-99.0,,,,
1977,1,24,,,,,,,,,,,,,,,,,,,,,,,,,,,,,,,,99.0,,,,99.0,,,,,,,,99.0,,,,
1977,1,25,20.0,40.0,,,,,,,1612.0,0.0,100.0,,,,0.0,0.0,,71.96,46.94,618.0,,,,315.0,315.0,,,,,67.0,58.0,-9999.0,,,,-9999.0,,1.0,,,,,,-9999.0,,,,
1977,1,26,,,,,,,,,,0.0,,,,,0.0,0.0,,32.0,32.0,,,,,,,,,,,,,-9.0,,,,-9.0,,,,,,,,-9.0,,,,
1977,1,27,30.0,20.0,,,,,,,354.0,0.0,85.0,,,,0.0,0.0,,86.0,50.0,522.0,,,,,,,,,,144.0,103.0,999.0,,,,999.0,,999.0,,,,,,999.0,,,,
1977,1,28,,,,,,,,,,0.0,,,,,0.0,0.0,,,,,,,,,,,,,,,,-999.0,,,,-999.0,,-999.0,,,,,,-999.0,,,,
1977,1,30,100.0,100.0,,,,,,,1300.0,0.0,75.0,,,,0.0,0.0,,73.94,55.94,462.0,,,,,,,,,,51.0,36.0,9999.0,,,,9999.0,,9999.0,,,,,,9999.0,,,,
1977,1,31,,,,,,,,,,0.0,,,,,0.0,0.0,,,,,,,,,,,,,,,,-99.0,,,,-99.0,,-99.0,,,,,,,,,,
1977,2,1,90.0,100.0,,,,,,,1036.0,0.0,32.0,,,,0.0,0.0,,64.04,55.94,204.0,,,,180.0,180.0,,,,,67.0,36.0,-9999.0,-9999.0,,,,,1.0,,,,,,-9999.0,,,,
1977,2,2,,,,,,,,,,0.0,,,,,0.0,0.0,,32.0,32.0,,,,,,,,,,,,,-9.0,-9.0,,,,,,,,,,,-9.0,,,,
1977,2,3,40.0,20.0,,,,,,,348.0,0.0,89.0,,,,0.0,0.0,,69.08,51.08,570.0,,,,,,,,,,77.0,67.0,999.0,999.0,,,,,1.0,,,,,,999.0,,,,
1977,2,4,,,,,,,,,,0.0,,,,,0.0,0.0,,,,,,,,,,,,,,,,-999.0,-999.0,,,,,,,,,,,-999.0,,,,
1977,2,6,0.0,0.0,,,,,,,1612.0,0.0,100.0,,,,0.0,0.0,,71.96,48.02,642.0,,,,,,,,,,82.0,67.0,9999.0,9999.0,,,,,1.0,,,,,,9999.0,,,,
1977,2,7,,,,,,,,,,0.0,,,,,0.0,0.0,,,32.0,,,,,,,,,,,,,-99.0,-99.0,,,,,,,,,,,-99.0,,,,
1977,2,8,,,,,,,,,,,,,,,,,,,,,,,,,,,,,,,,99.0,99.0,,,,,99.0,,,,,,99.0,,,,
1977,2,9,50.0,60.0,,,,,,,1530.0,0.0,100.0,,,,0.0,0.0,,73.04,50.0,648.0,,,,315.0,315.0,,,,,51.0,45.0,-9999.0,-9999.0,,,,,1.0,,,,,,-9999.0,,,,
1977,2,10,,,,,,,,,,0.0,,,,,0.0,0.0,,32.0,32.0,,,,,,,,,,,,,,-9.0,,,,,,,,,,,-9.0,,,,
1977,2,11,30.0,20.0,,,,,,,254.0,0.0,100.0,,,,0.0,0.0,,75.92,50.0,648.0,,,,,,,,,,67.0,63.0,1.0,999.0,,,,,1.0,,,,,,999.0,,,,
1977,2,12,,,,,,,,,,0.0,,,,,0.0,0.0,,,,,,,,,,,,,,,,,-999.0,,,,,,,,,,,-999.0,,,,
1977,2,14,70.0,90.0,,,,,,,1412.0,0.0,73.0,,,,0.0,0.0,,66.92,57.02,474.0,,,,,,,,,,87.0,80.0,9999.0,9999.0,,,,,1.0,,,,,,9999.0,,,,
1977,2,15,,,,,,,,,,0.0,,,,,0.0,0.0,,,,,,,,,,,,,,,,-99.0,-99.0,,,,,,,,,,,-99.0,,,,
1977,2,16,,,,,,,,,,,,,,,,,,,,,,,,,,,,,,,,99.0,99.0,,,,,,,,,,,99.0,,,,
1977,2,17,0.0,0.0,,,,,,,1530.0,0.0,100.0,,,,0.0,0.0,,80.06,50.0,654.0,,,,315.0,315.0,,,,,67.0,63.0,-9999.0,-9999.0,,,,,-9999.0,,,,,,-9999.0,,,,
1977,2,18,,,,,,,,,,0.0,,,,,0.0,0.0,,32.0,32.0,,,,,,,,,,,,,-9.0,-9.0,,,,,-9.0,,,,,,-9.0,,,,
1977,2,19,0.0,0.0,,,,,,,612.0,0.0,100.0,,,,0.0,0.0,,84.91999999999999,53.06,654.0,,,,,,,,,,72.0,63.0,999.0,999.0,,,,,999.0,,,,,,999.0,,,,
1977,2,20,,,,,,,,,,0.0,,,,,0.0,0.0,,,,,,,,,,,,,,,,-999.0,-999.0,,,,,-999.0,,,,,,-999.0,,,,
1977,2,21,,,,,,,,,,,,,,,,,,,,,,,,,,,,,,,,9.0,9.0,,,,,9.0,,,,,,,,,,
1977,2,22,30.0,40.0,,,,,,,1206.0,0.0,93.0,,,,0.0,0.0,,73.94,51.08,612.0,,,,,,,,,,62.0,54.0,1.0,1.0,,,,,1.0,,,,,,9999.0,,,,
1977,2,23,,,,,,,,,,0.0,,,,,0.0,0.0,,,,,,,,,,,,,,,,,,,,,,,,,,,,-99.0,,,,
1977,2,24,,,,,,,,,,,,,,,,,,,,,,,,,,,,,,,,,99.0,,,,,99.0,,,,,,99.0,,,,
1977,2,25,0.0,0.0,,,,,,,1518.0,0.0,100.0,,,,0.0,0.0,,80.96,53.06,666.0,,,,315.0,315.0,,,,,67.0,58.0,-9999.0,-9999.0,,,,,-9999.0,,,,,,-9999.0,,,,
1977,2,26,,,,,,,,,,0.0,,,,,0.0,0.0,,32.0,32.0,,,,,,,,,,,,,,,,,,,,,,,,,-9.0,,,,
1977,2,27,30.0,20.0,,,,,,,354.0,0.0,96.0,,,,0.0,0.0,,71.06,51.98,642.0,,,,,,,,,,57.0,49.0,1.0,1.0,,,,,1.0,,,,,,999.0,,,,
1977,2,28,,,,,,,,,,0.0,,,,,0.0,0.0,,,,,,,,,,,,,,,,,,,,,,,,,,,,-999.0,,,,
1977,2,30,70.0,50.0,,,,,,,1442.0,0.0,65.0,,,,0.0,0.0,,66.92,53.06,438.0,,,,,,,,,,93.0,85.0,1.0,1.0,,,,,1.0,,,,,,9999.0,,,,
1977,2,31,,,,,,,,,,0.0,,,,,0.0,0.0,,,,,,,,,,,,,,,,,,,,,,,,,,,,-99.0,,,,
1977,3,1,20.0,10.0,,,,,,,1142.0,5.0,92.0,,,,0.0,0.0,,64.04,55.04,636.0,,,,315.0,315.0,,,,,159.0,148.0,-9999.0,-9999.0,-9999.0,,,,-9999.0,,,,,,1.0,,,,
1977,3,2,,,,,,,,,,0.0,,,,,0.0,0.0,,32.0,32.0,,,,,,,,,,,,,-9.0,-9.0,-9.0,,,,-9.0,,,,,,,,,,
1977,3,3,0.0,0.0,,,,,,,418.0,0.0,100.0,,,,0.0,0.0,,62.959999999999994,46.04,690.0,,,,,,,,,,108.0,76.0,999.0,999.0,999.0,,,,999.0,,,,,,999.0,,,,
1977,3,4,,,,,,,,,,0.0,,,,,0.0,0.0,,,,,,,,,,,,,,,,-999.0,-999.0,-999.0,,,,-999.0,,,,,,-999.0,,,,
1977,3,6,0.0,0.0,,,,,,,1554.0,0.0,100.0,,,,0.0,0.0,,69.08,48.02,696.0,,,,,,,,,,93.0,85.0,9999.0,9999.0,9999.0,,,,9999.0,,,,,,9999.0,,,,
1977,3,7,,,,,,,,,,0.0,,,,,0.0,0.0,,,32.0,,,,,,,,,,,,,-99.0,-99.0,-99.0,,,,-99.0,,,,,,-99.0,,,,
1977,3,8,,,,,,,,,,,,,,,,,,,,,,,,,,,,,,,,99.0,99.0,99.0,,,,99.0,,,,,,99.0,,,,
1977,3,9,10.0,20.0,,,,,,,1542.0,0.0,100.0,,,,0.0,0.0,,75.92,50.0,702.0,,,,315.0,315.0,,,,,93.0,80.0,-9999.0,-9999.0,-9999.0,,,,-9999.0,,,,,,-9999.0,,,,
1977,3,10,,,,,,,,,,0.0,,,,,0.0,0.0,,32.0,32.0,,,,,,,,,,,,,-9.0,-9.0,-9.0,,,,-9.0,,,,,,-9.0,,,,
1977,3,11,100.0,100.0,,,,,,,636.0,0.0,81.0,,,,0.0,0.0,,73.04,50.0,570.0,,,,,,,,,,77.0,67.0,999.0,999.0,999.0,,,,999.0,,,,,,999.0,,,,
1977,3,12,,,,,,,,,,0.0,,,,,0.0,0.0,,,,,,,,,,,,,,,,-999.0,-999.0,-999.0,,,,,,,,,,-999.0,,,,
1977,3,14,60.0,50.0,,,,,,,2236.0,0.0,75.0,,,,0.0,0.0,,64.04,53.06,528.0,,,,,,,,,,82.0,67.0,9999.0,9999.0,9999.0,,,,1.0,,,,,,9999.0,,,,
1977,3,15,,,,,,,,,,0.0,,,,,0.0,0.0,,,,,,,,,,,,,,,,-99.0,-99.0,-99.0,,,,,,,,,,-99.0,,,,
1977,3,16,,,,,,,,,,,,,,,,,,,,,,,,,,,,,,,,99.0,99.0,99.0,,,,99.0,,,,,,99.0,,,,
1977,3,17,0.0,0.0,,,,,,,1700.0,0.0,100.0,,,,0.0,0.0,,69.08,46.94,708.0,,,,315.0,315.0,,,,,98.0,80.0,-9999.0,-9999.0,-9999.0,,,,-9999.0,,,,,,-9999.0,,,,
1977,3,18,,,,,,,,,,0.0,,,,,0.0,0.0,,32.0,32.0,,,,,,,,,,,,,-9.0,-9.0,-9.0,,,,-9.0,,,,,,-9.0,,,,
1977,3,19,10.0,0.0,,,,,,,324.0,0.0,100.0,,,,0.0,0.0,,68.0,46.94,714.0,,,,,,,,,,67.0,58.0,999.0,999.0,999.0,,,,999.0,,,,,,999.0,,,,
1977,3,20,,,,,,,,,,0.0,,,,,0.0,0.0,,,,,,,,,,,,,,,,-999.0,-999.0,-999.0,,,,-999.0,,,,,,-999.0,,,,
1977,3,22,20.0,20.0,,,,,,,1536.0,0.0,90.0,,,,0.0,0.0,,62.059999999999995,51.08,642.0,,,,,,,,,,93.0,72.0,9999.0,9999.0,9999.0,,,,9999.0,,,,,,9999.0,,,,
1977,3,23,,,,,,,,,,0.0,,,,,0.0,0.0,,,32.0,,,,,,,,,,,,,-99.0,-99.0,-99.0,,,,-99.0,,,,,,-99.0,,,,
1977,3,24,,,,,,,,,,,,,,,,,,,,,,,,,,,,,,,,99.0,99.0,99.0,,,,99.0,,,,,,99.0,,,,
1977,3,25,60.0,70.0,,,,,,,1100.0,69.0,61.0,,,,0.0,0.0,,60.08,50.0,438.0,,,,180.0,180.0,,,,,154.0,125.0,1.0,-9999.0,1.0,,,,-9999.0,,,,,,1.0,,,,
1977,3,26,,,,,,,,,,0.0,,,,,0.0,0.0,,32.0,32.0,,,,,,,,,,,,,,-9.0,,,,,-9.0,,,,,,,,,,
1977,3,27,30.0,20.0,,,,,,,124.0,3.0,81.0,,,,0.0,0.0,,60.980000000000004,50.0,588.0,,,,,,,,,,98.0,63.0,999.0,999.0,999.0,,,,999.0,,,,,,1.0,,,,
1977,3,28,,,,,,,,,,0.0,,,,,0.0,0.0,,,,,,,,,,,,,,,,-999.0,-999.0,-999.0,,,,-999.0,,,,,,,,,,
1977,3,30,0.0,0.0,,,,,,,1218.0,0.0,100.0,,,,0.0,0.0,,64.04,46.94,726.0,,,,,,,,,,67.0,49.0,9999.0,9999.0,9999.0,,,,9999.0,,,,,,9999.0,,,,
1977,3,31,,,,,,,,,,0.0,,,,,0.0,0.0,,,32.0,,,,,,,,,,,,,-99.0,-99.0,-99.0,,,,-99.0,,,,,,-99.0,,,,
1977,4,1,90.0,90.0,,,,,,,1530.0,0.0,45.0,,,,0.0,0.0,,60.980000000000004,51.08,336.0,,,,270.0,225.0,,,,,93.0,67.0,-9999.0,-9999.0,,,,,-9999.0,,,,,,1.0,,,,
1977,4,2,,,,,,,,,,,,,,,0.0,0.0,,32.0,32.0,,,,,,,,,,,,,-9.0,-9.0,,,,,-9.0,,,,,,,,,,
1977,4,3,90.0,90.0,,,,,,,524.0,,32.0,,,,0.0,0.0,,60.08,53.06,246.0,,,,,,,,,,67.0,58.0,999.0,999.0,,,,,999.0,,,,,,1.0,,,,
1977,4,4,,,,,,,,,,0.0,,,,,0.0,0.0,,,,,,,,,,,,,,,,-999.0,-999.0,,,,,-999.0,,,,,,,,,,
1977,4,5,,,,,,,,,,,,,,,,,,,,,,,,,,,,,,,,,,,,,,9.0,,,,,,,,,,
1977,4,6,0.0,0.0,,,,,,,1518.0,0.0,100.0,,,,0.0,0.0,,69.08,50.0,756.0,,,,,,,,,,87.0,76.0,9999.0,9999.0,,,,,1.0,,,,,,9999.0,,,,
1977,4,7,,,,,,,,,,0.0,,,,,0.0,0.0,,,,,,,,,,,,,,,,,,,,,,,,,,,,-99.0,,,,
1977,4,8,,,,,,,,,,,,,,,,,,,,,,,,,,,,,,,,,,,,,,,,,,,,99.0,,,,
1977,4,9,60.0,40.0,,,,,,,1300.0,0.0,72.0,,,,0.0,0.0,,66.92,55.94,546.0,,,,315.0,315.0,,,,,87.0,80.0,1.0,-9999.0,,,,,1.0,,,,,,-9999.0,,,,
1977,4,10,,,,,,,,,,0.0,,,,,0.0,0.0,,32.0,32.0,,,,,,,,,,,,,,-9.0,,,,,,,,,,,-9.0,,,,
1977,4,11,60.0,40.0,,,,,,,406.0,0.0,64.0,,,,0.0,0.0,,66.92,55.04,486.0,,,,,,,,,,72.0,54.0,1.0,999.0,,,,,1.0,,,,,,999.0,,,,
1977,4,12,,,,,,,,,,0.0,,,,,0.0,0.0,,,,,,,,,,,,,,,,,-999.0,,,,,,,,,,,-999.0,,,,
1977,4,14,80.0,80.0,,,,,,,1254.0,0.0,50.0,,,,0.0,0.0,,66.02,55.94,384.0,,,,,,,,,,77.0,58.0,9999.0,9999.0,,,,,9999.0,,,,,,9999.0,,,,
1977,4,15,,,,,,,,,,0.0,,,,,0.0,0.0,,,,,,,,,,,,,,,,-99.0,-99.0,,,,,-99.0,,,,,,-99.0,,,,
1977,4,16,,,,,,,,,,,,,,,,,,,,,,,,,,,,,,,,99.0,99.0,,,,,99.0,,,,,,99.0,,,,
1977,4,17,60.0,50.0,,,,,,,1406.0,0.0,78.0,,,,0.0,0.0,,62.959999999999994,57.02,600.0,,,,225.0,225.0,,,,,72.0,49.0,-9999.0,-9999.0,,,,,-9999.0,,,,,,-9999.0,,,,
1977,4,18,,,,,,,,,,0.0,,,,,0.0,0.0,,32.0,32.0,,,,,,,,,,,,,-9.0,-9.0,,,,,,,,,,,-9.0,,,,
1977,4,19,50.0,40.0,,,,,,,200.0,0.0,69.0,,,,0.0,0.0,,66.02,53.96,528.0,,,,,,,,,,93.0,76.0,999.0,999.0,,,,,1.0,,,,,,999.0,,,,
1977,4,20,,,,,,,,,,0.0,,,,,0.0,0.0,,,,,,,,,,,,,,,,,-999.0,,,,,,,,,,,-999.0,,,,
1977,4,21,,,,,,,,,,,,,,,,,,,,,,,,,,,,,,,,,,,,,,,,,,,,9.0,,,,
1977,4,22,40.0,30.0,,,,,,,18.0,,80.0,,,,0.0,0.0,,64.94,55.04,618.0,,,,,,,,,,82.0,67.0,9999.0,9999.0,,,,,1.0,,,,,,1.0,,,,
1977,4,23,,,,,,,,,,0.0,,,,,0.0,0.0,,,,,,,,,,,,,,,,,-99.0,,,,,,,,,,,,,,,
1977,4,24,,,,,,,,,,,,,,,,,,,,,,,,,,,,,,,,,99.0,,,,,,,,,,,99.0,,,,
1977,4,25,60.0,40.0,,,,,,,1242.0,0.0,63.0,,,,0.0,0.0,,64.04,57.02,492.0,,,,225.0,225.0,,,,,67.0,40.0,1.0,-9999.0,,,,,1.0,,,,,,-9999.0,,,,
1977,4,26,,,,,,,,,,0.0,,,,,0.0,0.0,,32.0,32.0,,,,,,,,,,,,,,-9.0,,,,,,,,,,,-9.0,,,,
1977,4,27,70.0,50.0,,,,,,,400.0,0.0,63.0,,,,0.0,0.0,,66.02,57.92,492.0,,,,,,,,,,77.0,58.0,999.0,999.0,,,,,1.0,,,,,,999.0,,,,
1977,4,28,,,,,,,,,,0.0,,,,,0.0,0.0,,,,,,,,,,,,,,,,-999.0,-999.0,,,,,,,,,,,-999.0,,,,
1977,4,30,30.0,20.0,,,,,,,1312.0,0.0,33.0,,,,0.0,0.0,,66.92,57.92,654.0,,,,,,,,,,77.0,63.0,9999.0,9999.0,,,,,1.0,,,,,,9999.0,,,,
1977,4,31,,,,,,,,,,0.0,,,,,0.0,0.0,,,,,,,,,,,,,,,,,-99.0,,,,,,,,,,,-99.0,,,,
1977,5,1,40.0,40.0,,,,,,,1648.0,0.0,66.0,,,,0.0,0.0,,69.08,59.0,534.0,,,,315.0,315.0,,,,,87.0,72.0,-9999.0,,,,,,-9999.0,,,,,,1.0,,,,
1977,5,2,,,,,,,,,,,,,,,0.0,0.0,,32.0,32.0,,,,,,,,,,,,,-9.0,,,,,,-9.0,,,,,,,,,,
1977,5,3,40.0,40.0,,,,,,,536.0,0.0,100.0,,,,0.0,0.0,,69.98,57.02,810.0,,,,,,,,,,103.0,80.0,999.0,,,,,,999.0,,,,,,999.0,,,,
1977,5,4,,,,,,,,,,0.0,,,,,0.0,0.0,,,,,,,,,,,,,,,,-999.0,,,,,,-999.0,,,,,,-999.0,,,,
1977,5,6,70.0,70.0,,,,,,,1436.0,0.0,52.0,,,,0.0,0.0,,66.92,59.0,426.0,,,,,,,,,,82.0,63.0,9999.0,,,,,,9999.0,,,,,,9999.0,,,,
1977,5,7,,,,,,,,,,0.0,,,,,0.0,0.0,,,,,,,,,,,,,,,,-99.0,,,,,,-99.0,,,,,,,,,,
1977,5,8,,,,,,,,,,,,,,,,,,,,,,,,,,,,,,,,99.0,,,,,,99.0,,,,,,,,,,
1977,5,9,90.0,90.0,,,,,,,1324.0,8.0,55.0,,,,0.0,0.0,,62.959999999999994,53.96,450.0,,,,225.0,225.0,,,,,93.0,54.0,1.0,,,,,,-9999.0,,,,,,1.0,,,,
1977,5,10,,,,,,,,,,0.0,,,,,0.0,0.0,,32.0,32.0,,,,,,,,,,,,,,,,,,,-9.0,,,,,,,,,,
1977,5,11,90.0,90.0,,,,,,,448.0,30.0,50.0,,,,0.0,0.0,,64.94,53.06,408.0,,,,,,,,,,82.0,63.0,1.0,,,,,,999.0,,,,,,1.0,,,,
1977,5,12,,,,,,,,,,,,,,,0.0,0.0,,,,,,,,,,,,,,,,,,,,,,-999.0,,,,,,,,,,
1977,5,14,80.0,80.0,,,,,,,424.0,13.0,46.0,,,,0.0,0.0,,64.04,55.94,306.0,,,,,,,,,,108.0,67.0,9999.0,,,,,,9999.0,,,,,,1.0,,,,
1977,5,15,,,,,,,,,,0.0,,,,,0.0,0.0,,,,,,,,,,,,,,,,-99.0,,,,,,-99.0,,,,,,,,,,
1977,5,16,,,,,,,,,,,,,,,,,,,,,,,,,,,,,,,,99.0,,,,,,99.0,,,,,,,,,,
1977,5,17,50.0,40.0,,,,,,,1706.0,0.0,67.0,,,,0.0,0.0,,64.94,55.04,552.0,,,,315.0,315.0,,,,,82.0,54.0,-9999.0,,,,,,-9999.0,,,,,,-9999.0,,,,
1977,5,18,,,,,,,,,,0.0,,,,,0.0,0.0,,32.0,32.0,,,,,,,,,,,,,-9.0,,,,,,-9.0,,,,,,,,,,
1977,5,19,90.0,90.0,,,,,,,442.0,15.0,37.0,,,,0.0,0.0,,62.959999999999994,57.02,306.0,,,,,,,,,,103.0,67.0,999.0,,,,,,999.0,,,,,,1.0,,,,
1977,5,20,,,,,,,,,,0.0,,,,,0.0,0.0,,,,,,,,,,,,,,,,-999.0,,,,,,-999.0,,,,,,,,,,
1977,5,22,70.0,60.0,,,,,,,1154.0,0.0,66.0,,,,0.0,0.0,,66.02,57.92,546.0,,,,,,,,,,82.0,54.0,9999.0,,,,,,9999.0,,,,,,9999.0,,,,
1977,5,23,,,,,,,,,,0.0,,,,,0.0,0.0,,,,,,,,,,,,,,,,-99.0,,,,,,-99.0,,,,,,-99.0,,,,
1977,5,24,,,,,,,,,,,,,,,,,,,,,,,,,,,,,,,,99.0,,,,,,99.0,,,,,,99.0,,,,
1977,5,25,70.0,80.0,,,,,,,1636.0,0.0,46.0,,,,0.0,0.0,,62.059999999999995,57.02,378.0,,,,270.0,225.0,,,,,93.0,67.0,-9999.0,,,,,,-9999.0,,,,,,-9999.0,,,,
1977,5,26,,,,,,,,,,0.0,,,,,0.0,0.0,,32.0,32.0,,,,,,,,,,,,,-9.0,,,,,,-9.0,,,,,,-9.0,,,,
1977,5,27,20.0,20.0,,,,,,,418.0,0.0,97.0,,,,0.0,0.0,,66.92,53.96,804.0,,,,,,,,,,103.0,58.0,999.0,,,,,,999.0,,,,,,999.0,,,,
1977,5,28,,,,,,,,,,0.0,,,,,0.0,0.0,,,,,,,,,,,,,,,,-999.0,,,,,,-999.0,,,,,,-999.0,,,,
1977,5,30,40.0,40.0,,,,,,,1806.0,0.0,78.0,,,,0.0,0.0,,68.0,57.02,654.0,,,,,,,,,,82.0,72.0,9999.0,,,,,,9999.0,,,,,,9999.0,,,,
1977,5,31,,,,,,,,,,0.0,,,,,0.0,0.0,,,,,,,,,,,,,,,,,,,,,,,,,,,,-99.0,,,,
1977,6,1,60.0,60.0,,,,,,,1142.0,0.0,61.0,,,,0.0,0.0,,69.98,60.08,522.0,,,,270.0,315.0,,,,,72.0,49.0,1.0,,-9999.0,,,,1.0,,,,,,-9999.0,,,,
1977,6,2,,,,,,,,,,0.0,,,,,0.0,0.0,,32.0,32.0,,,,,,,,,,,,,,,-9.0,,,,,,,,,,-9.0,,,,
1977,6,3,50.0,40.0,,,,,,,512.0,0.0,75.0,,,,0.0,0.0,,68.0,59.0,642.0,,,,,,,,,,62.0,40.0,1.0,,999.0,,,,1.0,,,,,,999.0,,,,
1977,6,4,,,,,,,,,,0.0,,,,,0.0,0.0,,,,,,,,,,,,,,,,,,-999.0,,,,,,,,,,-999.0,,,,
1977,6,5,,,,,,,,,,,,,,,,,,,,,,,,,,,,,,,,9.0,,,,,,,,,,,,,,,,
1977,6,6,80.0,70.0,,,,,,,1448.0,0.0,48.0,,,,0.0,0.0,,69.98,59.0,414.0,,,,,,,,,,72.0,54.0,1.0,,9999.0,,,,1.0,,,,,,9999.0,,,,
1977,6,7,,,,,,,,,,0.0,,,,,0.0,0.0,,,,,,,,,,,,,,,,,,,,,,,,,,,,,,,,
1977,6,8,,,,,,,,,,,,,,,,,,,,,,,,,,,,,,,,99.0,,,,,,99.0,,,,,,,,,,
1977,6,9,100.0,100.0,,,,,,,1512.0,0.0,17.0,,,,0.0,0.0,,69.98,62.959999999999994,150.0,,,,225.0,225.0,,,,,67.0,45.0,1.0,,-9999.0,,,,1.0,,,,,,-9999.0,,,,
1977,6,10,,,,,,,,,,0.0,,,,,0.0,0.0,,32.0,32.0,,,,,,,,,,,,,,,-9.0,,,,,,,,,,-9.0,,,,
1977,6,11,100.0,100.0,,,,,,,506.0,0.0,24.0,,,,0.0,0.0,,68.0,62.059999999999995,204.0,,,,,,,,,,62.0,40.0,1.0,,999.0,,,,1.0,,,,,,999.0,,,,
1977,6,12,,,,,,,,,,0.0,,,,,0.0,0.0,,,,,,,,,,,,,,,,,,-999.0,,,,,,,,,,-999.0,,,,
1977,6,13,,,,,,,,,,,,,,,,,,,,,,,,,,,,,,,,,,,,,,,,,,,,9.0,,,,
1977,6,14,100.0,100.0,,,,,,,1218.0,,28.0,,,,0.0,0.0,,68.0,62.059999999999995,240.0,,,,,,,,,,77.0,40.0,9999.0,,9999.0,,,,9999.0,,,,,,1.0,,,,
1977,6,15,,,,,,,,,,0.0,,,,,0.0,0.0,,,,,,,,,,,,,,,,-99.0,,-99.0,,,,-99.0,,,,,,,,,,
1977,6,16,,,,,,,,,,,,,,,,,,,,,,,,,,,,,,,,99.0,,99.0,,,,99.0,,,,,,99.0,,,,
1977,6,17,80.0,70.0,,,,,,,1424.0,0.0,55.0,,,,0.0,0.0,,68.0,62.059999999999995,474.0,,,,270.0,270.0,,,,,93.0,49.0,-9999.0,,-9999.0,,,,-9999.0,,,,,,-9999.0,,,,
1977,6,18,,,,,,,,,,0.0,,,,,0.0,0.0,,32.0,32.0,,,,,,,,,,,,,-9.0,,-9.0,,,,-9.0,,,,,,-9.0,,,,
1977,6,19,90.0,80.0,,,,,,,348.0,0.0,35.0,,,,0.0,0.0,,68.0,62.059999999999995,300.0,,,,,,,,,,93.0,58.0,999.0,,999.0,,,,999.0,,,,,,999.0,,,,
1977,6,20,,,,,,,,,,0.0,,,,,0.0,0.0,,,,,,,,,,,,,,,,-999.0,,-999.0,,,,-999.0,,,,,,-999.0,,,,
1977,6,21,,,,,,,,,,,,,,,,,,,,,,,,,,,,,,,,,,,,,,9.0,,,,,,,,,,
1977,6,22,60.0,50.0,,,,,,,1354.0,0.0,63.0,,,,0.0,0.0,,69.98,62.059999999999995,540.0,,,,,,,,,,113.0,67.0,9999.0,,9999.0,,,,1.0,,,,,,9999.0,,,,
1977,6,23,,,,,,,,,,0.0,,,,,0.0,0.0,,,,,,,,,,,,,,,,,,-99.0,,,,,,,,,,-99.0,,,,
1977,6,24,,,,,,,,,,,,,,,,,,,,,,,,,,,,,,,,,,99.0,,,,,,,,,,99.0,,,,
1977,6,25,90.0,90.0,,,,,,,1500.0,0.0,67.0,,,,0.0,0.0,,71.06,62.059999999999995,576.0,,,,315.0,315.0,,,,,93.0,76.0,1.0,,-9999.0,,,,1.0,,,,,,-9999.0,,,,
1977,6,26,,,,,,,,,,0.0,,,,,0.0,0.0,,32.0,32.0,,,,,,,,,,,,,,,-9.0,,,,,,,,,,-9.0,,,,
1977,6,27,50.0,40.0,,,,,,,148.0,0.0,79.0,,,,0.0,0.0,,71.06,60.980000000000004,684.0,,,,,,,,,,103.0,76.0,1.0,,999.0,,,,1.0,,,,,,999.0,,,,
1977,6,28,,,,,,,,,,0.0,,,,,0.0,0.0,,,,,,,,,,,,,,,,,,-999.0,,,,,,,,,,-999.0,,,,
1977,6,30,60.0,40.0,,,,,,,1706.0,0.0,70.0,,,,0.0,0.0,,68.0,62.059999999999995,600.0,,,,,,,,,,72.0,45.0,9999.0,,9999.0,,,,9999.0,,,,,,9999.0,,,,
1977,6,31,,,,,,,,,,0.0,,,,,0.0,0.0,,,,,,,,,,,,,,,,-99.0,,-99.0,,,,-99.0,,,,,,-99.0,,,,
1977,7,1,30.0,20.0,,,,,,,1330.0,0.0,95.0,,,,0.0,0.0,,75.92,66.02,810.0,,,,315.0,315.0,,,,,82.0,54.0,-9999.0,-9999.0,,,,,1.0,,,,,,-9999.0,,,,
1977,7,2,,,,,,,,,,0.0,,,,,0.0,0.0,,32.0,32.0,,,,,,,,,,,,,-9.0,-9.0,,,,,,,,,,,-9.0,,,,
1977,7,3,40.0,50.0,,,,,,,542.0,0.0,61.0,,,,0.0,0.0,,78.98,64.94,516.0,,,,,,,,,,98.0,80.0,999.0,999.0,,,,,1.0,,,,,,999.0,,,,
1977,7,4,,,,,,,,,,0.0,,,,,0.0,0.0,,,,,,,,,,,,,,,,,-999.0,,,,,,,,,,,,,,,
1977,7,6,60.0,70.0,,,,,,,1330.0,,50.0,,,,0.0,0.0,,71.06,64.04,426.0,,,,,,,,,,72.0,40.0,1.0,9999.0,,,,,1.0,,,,,,1.0,,,,
1977,7,7,,,,,,,,,,0.0,,,,,0.0,0.0,,,,,,,,,,,,,,,,,-99.0,,,,,,,,,,,,,,,
1977,7,8,,,,,,,,,,,,,,,,,,,,,,,,,,,,,,,,99.0,99.0,,,,,,,,,,,99.0,,,,
1977,7,9,20.0,10.0,,,,,,,1330.0,0.0,84.0,,,,0.0,0.0,,75.92,60.980000000000004,714.0,,,,315.0,315.0,,,,,72.0,49.0,1.0,-9999.0,,,,,1.0,,,,,,-9999.0,,,,
1977,7,10,,,,,,,,,,0.0,,,,,0.0,0.0,,32.0,32.0,,,,,,,,,,,,,,-9.0,,,,,,,,,,,-9.0,,,,
1977,7,11,30.0,20.0,,,,,,,324.0,0.0,91.0,,,,0.0,0.0,,75.02,64.94,780.0,,,,,,,,,,87.0,49.0,999.0,999.0,,,,,1.0,,,,,,999.0,,,,
1977,7,12,,,,,,,,,,0.0,,,,,0.0,0.0,,,,,,,,,,,,,,,,-999.0,-999.0,,,,,,,,,,,-999.0,,,,
1977,7,13,,,,,,,,,,,,,,,,,,,,,,,,,,,,,,,,9.0,,,,,,,,,,,,,,,,
1977,7,14,40.0,30.0,,,,,,,1406.0,0.0,80.0,,,,0.0,0.0,,75.02,62.959999999999994,684.0,,,,,,,,,,82.0,49.0,1.0,9999.0,,,,,1.0,,,,,,9999.0,,,,
1977,7,15,,,,,,,,,,0.0,,,,,0.0,0.0,,,,,,,,,,,,,,,,,-99.0,,,,,,,,,,,-99.0,,,,
1977,7,16,,,,,,,,,,,,,,,,,,,,,,,,,,,,,,,,99.0,99.0,,,,,,,,,,,99.0,,,,
1977,7,17,50.0,40.0,,,,,,,1500.0,0.0,69.0,,,,0.0,0.0,,71.96,64.94,588.0,,,,225.0,225.0,,,,,72.0,45.0,-9999.0,-9999.0,,,,,1.0,,,,,,-9999.0,,,,
1977,7,18,,,,,,,,,,0.0,,,,,0.0,0.0,,32.0,32.0,,,,,,,,,,,,,-9.0,-9.0,,,,,,,,,,,-9.0,,,,
1977,7,19,50.0,30.0,,,,,,,630.0,0.0,80.0,,,,0.0,0.0,,73.04,64.94,678.0,,,,,,,,,,87.0,63.0,999.0,999.0,,,,,999.0,,,,,,999.0,,,,
1977,7,20,,,,,,,,,,0.0,,,,,0.0,0.0,,,,,,,,,,,,,,,,-999.0,-999.0,,,,,-999.0,,,,,,-999.0,,,,
1977,7,21,,,,,,,,,,,,,,,,,,,,,,,,,,,,,,,,,,,,,,9.0,,,,,,,,,,
1977,7,22,40.0,30.0,,,,,,,1406.0,0.0,79.0,,,,0.0,0.0,,73.94,66.02,666.0,,,,,,,,,,93.0,63.0,9999.0,9999.0,,,,,1.0,,,,,,9999.0,,,,
1977,7,23,,,,,,,,,,0.0,,,,,0.0,0.0,,,,,,,,,,,,,,,,-99.0,-99.0,,,,,,,,,,,-99.0,,,,
1977,7,24,,,,,,,,,,,,,,,,,,,,,,,,,,,,,,,,99.0,99.0,,,,,,,,,,,99.0,,,,
1977,7,25,20.0,20.0,,,,,,,1524.0,0.0,100.0,,,,0.0,0.0,,78.98,68.0,846.0,,,,315.0,315.0,,,,,77.0,54.0,-9999.0,-9999.0,,,,,1.0,,,,,,-9999.0,,,,
1977,7,26,,,,,,,,,,0.0,,,,,0.0,0.0,,32.0,32.0,,,,,,,,,,,,,-9.0,-9.0,,,,,,,,,,,-9.0,,,,
1977,7,27,60.0,70.0,,,,,,,506.0,0.0,91.0,,,,0.0,0.0,,80.06,69.08,768.0,,,,,,,,,,93.0,63.0,999.0,999.0,,,,,1.0,,,,,,999.0,,,,
1977,7,28,,,,,,,,,,0.0,,,,,0.0,0.0,,,,,,,,,,,,,,,,-999.0,-999.0,,,,,,,,,,,-999.0,,,,
1977,7,30,70.0,60.0,,,,,,,1330.0,0.0,57.0,,,,0.0,0.0,,73.04,64.94,480.0,,,,,,,,,,77.0,40.0,9999.0,9999.0,,,,,9999.0,,,,,,9999.0,,,,
1977,7,31,,,,,,,,,,0.0,,,,,0.0,0.0,,,,,,,,,,,,,,,,-99.0,-99.0,,,,,,,,,,,-99.0,,,,
1977,8,1,90.0,100.0,,,,,,,1654.0,0.0,19.0,,,,0.0,0.0,,78.08,71.06,156.0,,,,360.0,315.0,,,,,123.0,94.0,-9999.0,,,,,,-9999.0,,,,,,1.0,,,,
1977,8,2,,,,,,,,,,,,,,,0.0,0.0,,32.0,32.0,,,,,,,,,,,,,-9.0,,,,,,,,,,,,,,,,
1977,8,3,60.0,50.0,,,,,,,642.0,0.0,98.0,,,,0.0,0.0,,80.96,71.06,810.0,,,,,,,,,,67.0,45.0,999.0,,,,,,1.0,,,,,,999.0,,,,
1977,8,4,,,,,,,,,,0.0,,,,,0.0,0.0,,,,,,,,,,,,,,,,-999.0,,,,,,,,,,,,-999.0,,,,
1977,8,5,,,,,,,,,,,,,,,,,,,,,,,,,,,,,,,,,,,,,,9.0,,,,,,,,,,
1977,8,6,60.0,40.0,,,,,,,1112.0,0.0,86.0,,,,0.0,0.0,,80.06,71.06,708.0,,,,,,,,,,77.0,54.0,9999.0,,,,,,1.0,,,,,,9999.0,,,,
1977,8,7,,,,,,,,,,0.0,,,,,0.0,0.0,,,,,,,,,,,,,,,,-99.0,,,,,,,,,,,,-99.0,,,,
1977,8,8,,,,,,,,,,,,,,,,,,,,,,,,,,,,,,,,99.0,,,,,,,,,,,,99.0,,,,
1977,8,9,40.0,20.0,,,,,,,1142.0,0.0,82.0,,,,0.0,0.0,,75.92,69.08,672.0,,,,315.0,315.0,,,,,82.0,49.0,-9999.0,,,,,,-9999.0,,,,,,-9999.0,,,,
1977,8,10,,,,,,,,,,0.0,,,,,0.0,0.0,,32.0,32.0,,,,,,,,,,,,,-9.0,,,,,,-9.0,,,,,,-9.0,,,,
1977,8,11,40.0,30.0,,,,,,,300.0,0.0,77.0,,,,0.0,0.0,,75.92,69.08,624.0,,,,,,,,,,82.0,54.0,999.0,,,,,,999.0,,,,,,999.0,,,,
1977,8,12,,,,,,,,,,0.0,,,,,0.0,0.0,,,,,,,,,,,,,,,,-999.0,,,,,,-999.0,,,,,,-999.0,,,,
1977,8,13,,,,,,,,,,,,,,,,,,,,,,,,,,,,,,,,,,,,,,9.0,,,,,,,,,,
1977,8,14,60.0,30.0,,,,,,,1224.0,0.0,72.0,,,,0.0,0.0,,75.92,68.0,582.0,,,,,,,,,,77.0,49.0,9999.0,,,,,,1.0,,,,,,9999.0,,,,
1977,8,15,,,,,,,,,,0.0,,,,,0.0,0.0,,,,,,,,,,,,,,,,-99.0,,,,,,,,,,,,-99.0,,,,
1977,8,16,,,,,,,,,,,,,,,,,,,,,,,,,,,,,,,,99.0,,,,,,,,,,,,99.0,,,,
1977,8,17,50.0,40.0,,,,,,,1300.0,0.0,77.0,,,,0.0,0.0,,75.92,68.0,624.0,,,,315.0,315.0,,,,,82.0,49.0,-9999.0,,,,,,1.0,,,,,,-9999.0,,,,
1977,8,18,,,,,,,,,,0.0,,,,,0.0,0.0,,32.0,32.0,,,,,,,,,,,,,-9.0,,,,,,,,,,,,-9.0,,,,
1977,8,19,40.0,20.0,,,,,,,248.0,0.0,93.0,,,,0.0,0.0,,75.92,68.0,750.0,,,,,,,,,,93.0,63.0,999.0,,,,,,1.0,,,,,,999.0,,,,
1977,8,20,,,,,,,,,,0.0,,,,,0.0,0.0,,,,,,,,,,,,,,,,-999.0,,,,,,,,,,,,-999.0,,,,
1977,8,22,30.0,30.0,,,,,,,1500.0,0.0,79.0,,,,0.0,0.0,,77.0,68.0,642.0,,,,,,,,,,103.0,76.0,9999.0,,,,,,1.0,,,,,,9999.0,,,,
1977,8,23,,,,,,,,,,0.0,,,,,0.0,0.0,,,,,,,,,,,,,,,,-99.0,,,,,,,,,,,,,,,,
1977,8,24,,,,,,,,,,,,,,,,,,,,,,,,,,,,,,,,99.0,,,,,,,,,,,,,,,,
1977,8,25,100.0,100.0,,,,,,,1824.0,366.0,0.0,,,,0.0,0.0,,80.96,73.04,0.0,,,,315.0,315.0,,,,,87.0,72.0,1.0,,,,,,-9999.0,,,,,,1.0,,,,
1977,8,26,,,,,,,,,,0.0,,,,,0.0,0.0,,32.0,32.0,,,,,,,,,,,,,,,,,,,-9.0,,,,,,,,,,
1977,8,27,100.0,100.0,,,,,,,124.0,175.0,0.0,,,,0.0,0.0,,73.94,69.08,0.0,,,,,,,,,,149.0,98.0,1.0,,,,,,999.0,,,,,,1.0,,,,
1977,8,28,,,,,,,,,,0.0,,,,,0.0,0.0,,,,,,,,,,,,,,,,,,,,,,,,,,,,,,,,
1977,8,30,50.0,40.0,,,,,,,1442.0,0.0,69.0,,,,0.0,0.0,,78.98,69.98,546.0,,,,,,,,,,82.0,58.0,1.0,,,,,,1.0,,,,,,9999.0,,,,
1977,8,31,,,,,,,,,,0.0,,,,,0.0,0.0,,,,,,,,,,,,,,,,,,,,,,,,,,,,-99.0,,,,
1977,9,1,40.0,40.0,,,,,,,1354.0,0.0,73.0,,,,0.0,0.0,,75.92,69.08,564.0,,,,315.0,270.0,,,,,93.0,54.0,-9999.0,-9999.0,,,,,-9999.0,,,,,,-9999.0,,,,
1977,9,2,,,,,,,,,,0.0,,,,,0.0,0.0,,32.0,32.0,,,,,,,,,,,,,-9.0,-9.0,,,,,,,,,,,-9.0,,,,
1977,9,3,60.0,40.0,,,,,,,400.0,0.0,72.0,,,,0.0,0.0,,77.0,68.0,552.0,,,,,,,,,,108.0,76.0,999.0,999.0,,,,,1.0,,,,,,999.0,,,,
1977,9,4,,,,,,,,,,0.0,,,,,0.0,0.0,,,,,,,,,,,,,,,,,-999.0,,,,,,,,,,,-999.0,,,,
1977,9,6,40.0,40.0,,,,,,,1248.0,0.0,76.0,,,,0.0,0.0,,75.92,69.08,582.0,,,,,,,,,,93.0,58.0,1.0,9999.0,,,,,1.0,,,,,,9999.0,,,,
1977,9,7,,,,,,,,,,0.0,,,,,0.0,0.0,,,,,,,,,,,,,,,,,,,,,,,,,,,,-99.0,,,,
1977,9,8,,,,,,,,,,,,,,,,,,,,,,,,,,,,,,,,,,,,,,,,,,,,99.0,,,,
1977,9,9,10.0,10.0,,,,,,,1218.0,0.0,94.0,,,,0.0,0.0,,84.02,69.08,720.0,,,,315.0,315.0,,,,,93.0,76.0,1.0,-9999.0,,,,,1.0,,,,,,-9999.0,,,,
1977,9,10,,,,,,,,,,0.0,,,,,0.0,0.0,,32.0,32.0,,,,,,,,,,,,,,-9.0,,,,,,,,,,,-9.0,,,,
1977,9,11,0.0,0.0,,,,,,,348.0,0.0,100.0,,,,0.0,0.0,,84.91999999999999,71.06,762.0,,,,,,,,,,93.0,67.0,999.0,999.0,,,,,999.0,,,,,,999.0,,,,
1977,9,12,,,,,,,,,,0.0,,,,,0.0,0.0,,,,,,,,,,,,,,,,-999.0,-999.0,,,,,-999.0,,,,,,-999.0,,,,
1977,9,13,,,,,,,,,,,,,,,,,,,,,,,,,,,,,,,,9.0,,,,,,9.0,,,,,,,,,,
1977,9,14,60.0,30.0,,,,,,,1506.0,0.0,77.0,,,,0.0,0.0,,78.98,69.98,582.0,,,,,,,,,,62.0,36.0,1.0,9999.0,,,,,1.0,,,,,,9999.0,,,,
1977,9,15,,,,,,,,,,0.0,,,,,0.0,0.0,,,,,,,,,,,,,,,,,-99.0,,,,,,,,,,,-99.0,,,,
1977,9,16,,,,,,,,,,,,,,,,,,,,,,,,,,,,,,,,99.0,99.0,,,,,,,,,,,99.0,,,,
1977,9,17,70.0,50.0,,,,,,,1518.0,0.0,63.0,,,,0.0,0.0,,75.92,69.98,474.0,,,,270.0,225.0,,,,,72.0,45.0,-9999.0,-9999.0,,,,,-9999.0,,,,,,-9999.0,,,,
1977,9,18,,,,,,,,,,0.0,,,,,0.0,0.0,,32.0,32.0,,,,,,,,,,,,,-9.0,-9.0,,,,,-9.0,,,,,,-9.0,,,,
1977,9,19,80.0,60.0,,,,,,,606.0,0.0,44.0,,,,0.0,0.0,,75.92,69.98,330.0,,,,,,,,,,77.0,54.0,999.0,999.0,,,,,999.0,,,,,,999.0,,,,
1977,9,20,,,,,,,,,,0.0,,,,,0.0,0.0,,,,,,,,,,,,,,,,-999.0,-999.0,,,,,-999.0,,,,,,-999.0,,,,
1977,9,22,80.0,60.0,,,,,,,1242.0,0.0,74.0,,,,0.0,0.0,,75.02,69.08,552.0,,,,,,,,,,103.0,76.0,9999.0,9999.0,,,,,9999.0,,,,,,9999.0,,,,
1977,9,23,,,,,,,,,,0.0,,,,,0.0,0.0,,,,,,,,,,,,,,,,-99.0,-99.0,,,,,-99.0,,,,,,-99.0,,,,
1977,9,24,,,,,,,,,,,,,,,,,,,,,,,,,,,,,,,,99.0,99.0,,,,,99.0,,,,,,99.0,,,,
1977,9,25,40.0,50.0,,,,,,,1448.0,0.0,83.0,,,,0.0,0.0,,73.04,68.0,618.0,,,,315.0,315.0,,,,,103.0,72.0,-9999.0,-9999.0,,,,,-9999.0,,,,,,-9999.0,,,,
1977,9,26,,,,,,,,,,0.0,,,,,0.0,0.0,,32.0,32.0,,,,,,,,,,,,,-9.0,-9.0,,,,,-9.0,,,,,,-9.0,,,,
1977,9,27,10.0,0.0,,,,,,,442.0,0.0,100.0,,,,0.0,0.0,,75.92,62.959999999999994,738.0,,,,,,,,,,113.0,85.0,999.0,999.0,,,,,999.0,,,,,,999.0,,,,
1977,9,28,,,,,,,,,,0.0,,,,,0.0,0.0,,,,,,,,,,,,,,,,-999.0,-999.0,,,,,-999.0,,,,,,-999.0,,,,
1977,9,30,10.0,10.0,,,,,,,1318.0,0.0,100.0,,,,0.0,0.0,,75.92,66.02,738.0,,,,,,,,,,108.0,76.0,9999.0,9999.0,,,,,9999.0,,,,,,9999.0,,,,
1977,9,31,,,,,,,,,,0.0,,,,,0.0,0.0,,,,,,,,,,,,,,,,-99.0,-99.0,,,,,-99.0,,,,,,-99.0,,,,
1977,10,1,20.0,30.0,,,,,,,1336.0,0.0,79.0,,,,0.0,0.0,,75.02,64.94,558.0,,,,225.0,225.0,,,,,67.0,49.0,1.0,-9999.0,,,,,1.0,,,,,,-9999.0,,,,
1977,10,2,,,,,,,,,,0.0,,,,,0.0,0.0,,32.0,32.0,,,,,,,,,,,,,,-9.0,,,,,,,,,,,-9.0,,,,
1977,10,3,70.0,50.0,,,,,,,200.0,0.0,65.0,,,,0.0,0.0,,75.02,66.92,462.0,,,,,,,,,,62.0,49.0,1.0,999.0,,,,,1.0,,,,,,999.0,,,,
1977,10,4,,,,,,,,,,0.0,,,,,0.0,0.0,,,,,,,,,,,,,,,,,-999.0,,,,,,,,,,,-999.0,,,,
1977,10,6,50.0,40.0,,,,,,,1418.0,0.0,80.0,,,,0.0,0.0,,78.98,64.04,564.0,,,,,,,,,,82.0,58.0,1.0,9999.0,,,,,1.0,,,,,,9999.0,,,,
1977,10,7,,,,,,,,,,0.0,,,,,0.0,0.0,,,,,,,,,,,,,,,,,-99.0,,,,,,,,,,,,,,,
1977,10,8,,,,,,,,,,,,,,,,,,,,,,,,,,,,,,,,99.0,99.0,,,,,99.0,,,,,,,,,,
1977,10,9,80.0,100.0,,,,,,,1536.0,53.0,14.0,,,,0.0,0.0,,75.92,69.08,102.0,,,,315.0,315.0,,,,,62.0,40.0,-9999.0,-9999.0,,,,,1.0,,,,,,1.0,,,,
1977,10,10,,,,,,,,,,0.0,,,,,0.0,0.0,,32.0,32.0,,,,,,,,,,,,,,-9.0,,,,,,,,,,,,,,,
1977,10,11,50.0,50.0,,,,,,,436.0,0.0,94.0,,,,0.0,0.0,,84.02,66.92,654.0,,,,,,,,,,113.0,94.0,1.0,999.0,,,,,1.0,,,,,,999.0,,,,
1977,10,12,,,,,,,,,,0.0,,,,,0.0,0.0,,,,,,,,,,,,,,,,,-999.0,,,,,,,,,,,-999.0,,,,
1977,10,14,70.0,50.0,,,,,,,1306.0,0.0,62.0,,,,0.0,0.0,,73.04,66.92,432.0,,,,,,,,,,72.0,40.0,1.0,9999.0,,,,,1.0,,,,,,9999.0,,,,
1977,10,15,,,,,,,,,,0.0,,,,,0.0,0.0,,,,,,,,,,,,,,,,,-99.0,,,,,,,,,,,-99.0,,,,
1977,10,16,,,,,,,,,,,,,,,,,,,,,,,,,,,,,,,,99.0,99.0,,,,,,,,,,,99.0,,,,
1977,10,17,60.0,30.0,,,,,,,1348.0,0.0,65.0,,,,0.0,0.0,,75.02,66.02,450.0,,,,315.0,315.0,,,,,93.0,76.0,-9999.0,-9999.0,,,,,1.0,,,,,,-9999.0,,,,
1977,10,18,,,,,,,,,,0.0,,,,,0.0,0.0,,32.0,32.0,,,,,,,,,,,,,,-9.0,,,,,,,,,,,-9.0,,,,
1977,10,19,60.0,30.0,,,,,,,418.0,0.0,82.0,,,,0.0,0.0,,78.08,64.04,570.0,,,,,,,,,,77.0,67.0,1.0,999.0,,,,,1.0,,,,,,999.0,,,,
1977,10,20,,,,,,,,,,0.0,,,,,0.0,0.0,,,,,,,,,,,,,,,,,-999.0,,,,,,,,,,,-999.0,,,,
1977,10,22,70.0,40.0,,,,,,,1324.0,0.0,66.0,,,,0.0,0.0,,75.02,62.959999999999994,450.0,,,,,,,,,,87.0,67.0,1.0,9999.0,,,,,1.0,,,,,,9999.0,,,,
1977,10,23,,,,,,,,,,0.0,,,,,0.0,0.0,,,,,,,,,,,,,,,,,,,,,,,,,,,,-99.0,,,,
1977,10,24,,,,,,,,,,,,,,,,,,,,,,,,,,,,,,,,,,,,,,,,,,,,99.0,,,,
1977,10,25,60.0,30.0,,,,,,,1236.0,0.0,77.0,,,,0.0,0.0,,73.94,62.059999999999995,522.0,,,,225.0,315.0,,,,,67.0,45.0,1.0,-9999.0,,,,,1.0,,,,,,-9999.0,,,,
1977,10,26,,,,,,,,,,0.0,,,,,0.0,0.0,,32.0,32.0,,,,,,,,,,,,,,-9.0,,,,,,,,,,,-9.0,,,,
1977,10,27,70.0,50.0,,,,,,,336.0,0.0,67.0,,,,0.0,0.0,,71.96,62.959999999999994,456.0,,,,,,,,,,77.0,54.0,999.0,999.0,,,,,1.0,,,,,,999.0,,,,
1977,10,28,,,,,,,,,,0.0,,,,,0.0,0.0,,,,,,,,,,,,,,,,-999.0,-999.0,,,,,,,,,,,-999.0,,,,
1977,10,29,,,,,,,,,,,,,,,,,,,,,,,,,,,,,,,,,,,,,,,,,,,,9.0,,,,
1977,10,30,80.0,80.0,,,,,,,1418.0,3.0,23.0,,,,0.0,0.0,,69.98,62.959999999999994,156.0,,,,,,,,,,87.0,72.0,9999.0,9999.0,,,,,1.0,,,,,,1.0,,,,
1977,10,31,,,,,,,,,,0.0,,,,,0.0,0.0,,,,,,,,,,,,,,,,-99.0,-99.0,,,,,,,,,,,,,,,
1977,11,1,10.0,0.0,,,,,,,1218.0,0.0,100.0,,,,0.0,0.0,,80.06,57.02,654.0,,,,315.0,315.0,,,,,72.0,58.0,1.0,-9999.0,-9999.0,,,,1.0,,,,,,-9999.0,,,,
1977,11,2,,,,,,,,,,0.0,,,,,0.0,0.0,,32.0,32.0,,,,,,,,,,,,,,,-9.0,,,,,,,,,,-9.0,,,,
1977,11,3,10.0,10.0,,,,,,,454.0,0.0,100.0,,,,0.0,0.0,,84.02,57.02,648.0,,,,,,,,,,82.0,63.0,1.0,1.0,999.0,,,,1.0,,,,,,999.0,,,,
1977,11,4,,,,,,,,,,0.0,,,,,0.0,0.0,,,,,,,,,,,,,,,,,,-999.0,,,,,,,,,,-999.0,,,,
1977,11,6,50.0,30.0,,,,,,,1224.0,0.0,85.0,,,,0.0,0.0,,71.06,62.059999999999995,552.0,,,,,,,,,,77.0,49.0,1.0,9999.0,9999.0,,,,1.0,,,,,,9999.0,,,,
1977,11,7,,,,,,,,,,0.0,,,,,0.0,0.0,,,,,,,,,,,,,,,,,-99.0,-99.0,,,,,,,,,,,,,,
1977,11,8,,,,,,,,,,,,,,,,,,,,,,,,,,,,,,,,99.0,99.0,99.0,,,,99.0,,,,,,,,,,
1977,11,9,20.0,10.0,,,,,,,1206.0,8.0,96.0,,,,0.0,0.0,,69.08,55.94,618.0,,,,270.0,315.0,,,,,108.0,76.0,-9999.0,-9999.0,1.0,,,,-9999.0,,,,,,1.0,,,,
1977,11,10,,,,,,,,,,0.0,,,,,0.0,0.0,,32.0,32.0,,,,,,,,,,,,,-9.0,-9.0,,,,,-9.0,,,,,,,,,,
1977,11,11,10.0,10.0,,,,,,,424.0,0.0,95.0,,,,0.0,0.0,,69.98,55.04,606.0,,,,,,,,,,72.0,49.0,999.0,999.0,999.0,,,,999.0,,,,,,999.0,,,,
1977,11,12,,,,,,,,,,0.0,,,,,0.0,0.0,,,,,,,,,,,,,,,,-999.0,-999.0,-999.0,,,,-999.0,,,,,,-999.0,,,,
1977,11,14,30.0,30.0,,,,,,,1542.0,0.0,96.0,,,,0.0,0.0,,77.0,55.04,618.0,,,,,,,,,,82.0,72.0,9999.0,9999.0,9999.0,,,,9999.0,,,,,,9999.0,,,,
1977,11,15,,,,,,,,,,0.0,,,,,0.0,0.0,,,,,,,,,,,,,,,,-99.0,-99.0,-99.0,,,,-99.0,,,,,,-99.0,,,,
1977,11,16,,,,,,,,,,,,,,,,,,,,,,,,,,,,,,,,99.0,99.0,99.0,,,,99.0,,,,,,99.0,,,,
1977,11,17,70.0,80.0,,,,,,,1506.0,0.0,60.0,,,,0.0,0.0,,78.08,55.04,378.0,,,,315.0,315.0,,,,,67.0,49.0,-9999.0,-9999.0,-9999.0,,,,-9999.0,,,,,,-9999.0,,,,
1977,11,18,,,,,,,,,,0.0,,,,,0.0,0.0,,32.0,32.0,,,,,,,,,,,,,-9.0,-9.0,-9.0,,,,,,,,,,-9.0,,,,
1977,11,19,20.0,0.0,,,,,,,136.0,0.0,100.0,,,,0.0,0.0,,71.96,53.96,636.0,,,,,,,,,,82.0,67.0,999.0,999.0,999.0,,,,1.0,,,,,,999.0,,,,
1977,11,20,,,,,,,,,,0.0,,,,,0.0,0.0,,,,,,,,,,,,,,,,,-999.0,-999.0,,,,,,,,,,-999.0,,,,
1977,11,22,40.0,20.0,,,,,,,1106.0,0.0,80.0,,,,0.0,0.0,,69.98,59.0,504.0,,,,,,,,,,98.0,67.0,9999.0,9999.0,9999.0,,,,1.0,,,,,,9999.0,,,,
1977,11,23,,,,,,,,,,0.0,,,,,0.0,0.0,,,,,,,,,,,,,,,,-99.0,-99.0,-99.0,,,,,,,,,,-99.0,,,,
1977,11,24,,,,,,,,,,,,,,,,,,,,,,,,,,,,,,,,99.0,99.0,99.0,,,,,,,,,,99.0,,,,
1977,11,25,10.0,0.0,,,,,,,800.0,0.0,100.0,,,,0.0,0.0,,73.94,53.96,630.0,,,,180.0,180.0,,,,,67.0,36.0,1.0,-9999.0,-9999.0,,,,1.0,,,,,,-9999.0,,,,
1977,11,26,,,,,,,,,,0.0,,,,,0.0,0.0,,32.0,32.0,,,,,,,,,,,,,,,-9.0,,,,,,,,,,-9.0,,,,
1977,11,27,60.0,20.0,,,,,,,230.0,0.0,83.0,,,,0.0,0.0,,71.06,51.98,516.0,,,,,,,,,,82.0,49.0,1.0,1.0,999.0,,,,1.0,,,,,,999.0,,,,
1977,11,28,,,,,,,,,,0.0,,,,,0.0,0.0,,,,,,,,,,,,,,,,,,-999.0,,,,,,,,,,-999.0,,,,
1977,11,30,60.0,60.0,,,,,,,1306.0,0.0,50.0,,,,0.0,0.0,,68.0,59.0,312.0,,,,,,,,,,108.0,72.0,9999.0,9999.0,9999.0,,,,9999.0,,,,,,9999.0,,,,
1977,11,31,,,,,,,,,,0.0,,,,,0.0,0.0,,,,,,,,,,,,,,,,-99.0,-99.0,-99.0,,,,-99.0,,,,,,-99.0,,,,
1977,12,1,70.0,90.0,,,,,,,1436.0,0.0,95.0,,,,0.0,0.0,,82.04,55.04,576.0,,,,315.0,315.0,,,,,72.0,63.0,-9999.0,-9999.0,,,,,-9999.0,,,,,,-9999.0,,,,
1977,12,2,,,,,,,,,,0.0,,,,,0.0,0.0,,32.0,32.0,,,,,,,,,,,,,-9.0,-9.0,,,,,-9.0,,,,,,-9.0,,,,
1977,12,3,20.0,30.0,,,,,,,318.0,0.0,100.0,,,,0.0,0.0,,78.08,55.04,606.0,,,,,,,,,,51.0,36.0,999.0,999.0,,,,,999.0,,,,,,999.0,,,,
1977,12,4,,,,,,,,,,0.0,,,,,0.0,0.0,,,,,,,,,,,,,,,,,,,,,,,,,,,,-999.0,,,,
1977,12,6,40.0,30.0,,,,,,,1448.0,0.0,84.0,,,,0.0,0.0,,66.92,51.98,510.0,,,,,,,,,,51.0,36.0,1.0,1.0,,,,,1.0,,,,,,9999.0,,,,
1977,12,7,,,,,,,,,,0.0,,,,,0.0,0.0,,,,,,,,,,,,,,,,,,,,,,,,,,,,-99.0,,,,
1977,12,8,,,,,,,,,,,,,,,,,,,,,,,,,,,,,,,,,,,,,,,,,,,,99.0,,,,
1977,12,9,30.0,10.0,,,,,,,1248.0,0.0,100.0,,,,0.0,0.0,,71.96,51.98,606.0,,,,315.0,315.0,,,,,77.0,63.0,1.0,1.0,,,,,1.0,,,,,,-9999.0,,,,
1977,12,10,,,,,,,,,,0.0,,,,,0.0,0.0,,32.0,32.0,,,,,,,,,,,,,,,,,,,,,,,,,-9.0,,,,
1977,12,11,90.0,80.0,,,,,,,312.0,0.0,58.0,,,,0.0,0.0,,60.980000000000004,55.94,348.0,,,,,,,,,,62.0,31.0,1.0,1.0,,,,,1.0,,,,,,999.0,,,,
1977,12,12,,,,,,,,,,0.0,,,,,0.0,0.0,,,,,,,,,,,,,,,,,,,,,,,,,,,,-999.0,,,,
1977,12,13,,,,,,,,,,,,,,,,,,,,,,,,,,,,,,,,,,,,,,9.0,,,,,,,,,,
1977,12,14,100.0,100.0,,,,,,,2248.0,0.0,64.0,,,,0.0,0.0,,66.02,60.08,390.0,,,,,,,,,,51.0,36.0,9999.0,9999.0,,,,,1.0,,,,,,9999.0,,,,
1977,12,15,,,,,,,,,,0.0,,,,,0.0,0.0,,,,,,,,,,,,,,,,-99.0,-99.0,,,,,,,,,,,-99.0,,,,
1977,12,16,,,,,,,,,,,,,,,,,,,,,,,,,,,,,,,,99.0,99.0,,,,,,,,,,,99.0,,,,
1977,12,17,100.0,90.0,,,,,,,1248.0,0.0,37.0,,,,0.0,0.0,,66.02,60.980000000000004,222.0,,,,315.0,315.0,,,,,72.0,58.0,-9999.0,-9999.0,,,,,1.0,,,,,,-9999.0,,,,
1977,12,18,,,,,,,,,,0.0,,,,,0.0,0.0,,32.0,32.0,,,,,,,,,,,,,-9.0,-9.0,,,,,,,,,,,-9.0,,,,
1977,12,19,60.0,40.0,,,,,,,106.0,0.0,75.0,,,,0.0,0.0,,66.92,57.92,450.0,,,,,,,,,,87.0,63.0,999.0,999.0,,,,,1.0,,,,,,999.0,,,,
1977,12,20,,,,,,,,,,0.0,,,,,0.0,0.0,,,,,,,,,,,,,,,,-999.0,-999.0,,,,,,,,,,,-999.0,,,,
1977,12,21,,,,,,,,,,,,,,,,,,,,,,,,,,,,,,,,9.0,,,,,,,,,,,,,,,,
1977,12,22,30.0,0.0,,,,,,,1536.0,0.0,96.0,,,,0.0,0.0,,71.06,53.06,576.0,,,,,,,,,,67.0,54.0,1.0,9999.0,,,,,1.0,,,,,,9999.0,,,,
1977,12,23,,,,,,,,,,0.0,,,,,0.0,0.0,,,,,,,,,,,,,,,,,-99.0,,,,,,,,,,,,,,,
1977,12,24,,,,,,,,,,,,,,,,,,,,,,,,,,,,,,,,99.0,99.0,,,,,,,,,,,,,,,
1977,12,25,30.0,10.0,,,,,,,1400.0,0.0,96.0,,,,0.0,0.0,,69.98,57.92,576.0,,,,270.0,315.0,,,,,77.0,54.0,-9999.0,-9999.0,,,,,1.0,,,,,,-9999.0,,,,
1977,12,26,,,,,,,,,,0.0,,,,,0.0,0.0,,32.0,32.0,,,,,,,,,,,,,,-9.0,,,,,,,,,,,,,,,
1977,12,27,40.0,20.0,,,,,,,324.0,10.0,94.0,,,,0.0,0.0,,66.92,53.06,564.0,,,,,,,,,,72.0,63.0,1.0,999.0,,,,,1.0,,,,,,1.0,,,,
1977,12,28,,,,,,,,,,,,,,,0.0,0.0,,,,,,,,,,,,,,,,,-999.0,,,,,,,,,,,,,,,
1977,12,30,60.0,80.0,,,,,,,1518.0,0.0,91.0,,,,0.0,0.0,,69.08,51.98,546.0,,,,,,,,,,82.0,49.0,9999.0,9999.0,,,,,9999.0,,,,,,9999.0,,,,
1977,12,31,,,,,,,,,,0.0,,,,,0.0,0.0,,,,,,,,,,,,,,,,-99.0,-99.0,,,,,-99.0,,,,,,-99.0,,,,
1978,1,1,40.0,30.0,,,,,,,1212.0,0.0,76.0,,,,0.0,0.0,,66.02,55.04,462.0,,,,315.0,315.0,,,,,82.0,72.0,1.0,,,,,,1.0,,,,,,-9999.0,,,,
1978,1,2,,,,,,,,,,0.0,,,,,0.0,0.0,,32.0,32.0,,,,,,,,,,,,,,,,,,,,,,,,,-9.0,,,,
1978,1,3,60.0,80.0,,,,,,,106.0,0.0,54.0,,,,0.0,0.0,,66.02,53.06,324.0,,,,,,,,,,67.0,36.0,1.0,,,,,,1.0,,,,,,999.0,,,,
1978,1,4,,,,,,,,,,,,,,,0.0,0.0,,,,,,,,,,,,,,,,,,,,,,,,,,,,,,,,
1978,1,6,80.0,100.0,,,,,,,1454.0,8.0,32.0,,,,0.0,0.0,,66.92,57.92,192.0,,,,,,,,,,170.0,121.0,9999.0,,,,,,9999.0,,,,,,1.0,,,,
1978,1,7,,,,,,,,,,0.0,,,,,0.0,0.0,,,,,,,,,,,,,,,,,,,,,,-99.0,,,,,,,,,,
1978,1,8,,,,,,,,,,,,,,,,,,,,,,,,,,,,,,,,,,,,,,99.0,,,,,,,,,,
1978,1,9,90.0,100.0,,,,,,,1118.0,5.0,19.0,,,,0.0,0.0,,66.02,60.980000000000004,114.0,,,,225.0,180.0,,,,,87.0,58.0,1.0,,,,,,-9999.0,,,,,,1.0,,,,
1978,1,10,,,,,,,,,,0.0,,,,,0.0,0.0,,32.0,32.0,,,,,,,,,,,,,,,,,,,,,,,,,,,,,
1978,1,11,20.0,10.0,,,,,,,442.0,0.0,95.0,,,,0.0,0.0,,71.06,57.02,576.0,,,,,,,,,,67.0,58.0,999.0,,,,,,1.0,,,,,,999.0,,,,
1978,1,12,,,,,,,,,,0.0,,,,,0.0,0.0,,,,,,,,,,,,,,,,-999.0,,,,,,,,,,,,-999.0,,,,
1978,1,13,,,,,,,,,,,,,,,,,,,,,,,,,,,,,,,,9.0,,,,,,9.0,,,,,,9.0,,,,
1978,1,14,90.0,100.0,,,,,,,2212.0,147.0,0.0,,,,0.0,0.0,,62.959999999999994,57.92,0.0,,,,,,,,,,170.0,121.0,1.0,,,,,,1.0,,,,,,1.0,,,,
1978,1,15,,,,,,,,,,,,,,,0.0,0.0,,,,,,,,,,,,,,,,,,,,,,,,,,,,,,,,
1978,1,16,,,,,,,,,,,,,,,,,,,,,,,,,,,,,,,,,,,,,,99.0,,,,,,,,,,
1978,1,17,60.0,70.0,,,,,,,948.0,0.0,65.0,,,,0.0,0.0,,64.94,57.02,396.0,,,,135.0,270.0,,,,,77.0,40.0,-9999.0,,,,,,-9999.0,,,,,,1.0,,,,
1978,1,18,,,,,,,,,,,,,,,0.0,0.0,,32.0,32.0,,,,,,,,,,,,,-9.0,,,,,,-9.0,,,,,,,,,,
1978,1,19,60.0,90.0,,,,,,,606.0,0.0,42.0,,,,0.0,0.0,,66.02,51.98,258.0,,,,,,,,,,46.0,40.0,999.0,,,,,,999.0,,,,,,999.0,,,,
1978,1,20,,,,,,,,,,0.0,,,,,0.0,0.0,,,,,,,,,,,,,,,,-999.0,,,,,,-999.0,,,,,,-999.0,,,,
1978,1,21,,,,,,,,,,,,,,,,,,,,,,,,,,,,,,,,9.0,,,,,,,,,,,,9.0,,,,
1978,1,22,100.0,100.0,,,,,,,2248.0,538.0,2.0,,,,0.0,0.0,,66.02,57.92,12.0,,,,,,,,,,139.0,107.0,1.0,,,,,,9999.0,,,,,,1.0,,,,
1978,1,23,,,,,,,,,,,,,,,0.0,0.0,,,,,,,,,,,,,,,,,,,,,,-99.0,,,,,,,,,,
1978,1,24,,,,,,,,,,,,,,,,,,,,,,,,,,,,,,,,,,,,,,99.0,,,,,,,,,,
1978,1,25,90.0,100.0,,,,,,,2030.0,231.0,26.0,,,,0.0,0.0,,66.92,55.04,156.0,,,,180.0,135.0,,,,,170.0,148.0,1.0,,,,,,-9999.0,,,,,,1.0,,,,
1978,1,26,,,,,,,,,,0.0,,,,,0.0,0.0,,32.0,32.0,,,,,,,,,,,,,,,,,,,-9.0,,,,,,,,,,
1978,1,27,60.0,50.0,,,,,,,536.0,,64.0,,,,0.0,0.0,,64.94,60.08,396.0,,,,,,,,,,103.0,80.0,999.0,,,,,,999.0,,,,,,1.0,,,,
1978,1,28,,,,,,,,,,0.0,,,,,0.0,0.0,,,,,,,,,,,,,,,,-999.0,,,,,,-999.0,,,,,,,,,,
1978,1,29,,,,,,,,,,,,,,,,,,,,,,,,,,,,,,,,9.0,,,,,,,,,,,,9.0,,,,
1978,1,30,80.0,90.0,,,,,,,1142.0,43.0,25.0,,,,0.0,0.0,,62.059999999999995,59.0,156.0,,,,,,,,,,123.0,98.0,1.0,,,,,,9999.0,,,,,,1.0,,,,
1978,1,31,,,,,,,,,,0.0,,,,,0.0,0.0,,,,,,,,,,,,,,,,,,,,,,-99.0,,,,,,,,,,
1978,2,1,50.0,50.0,,,,,,,1530.0,0.0,96.0,,,,0.0,0.0,,64.94,53.06,612.0,,,,315.0,315.0,,,,,82.0,67.0,-9999.0,-9999.0,,,,,1.0,,,,,,-9999.0,,,,
1978,2,2,,,,,,,,,,0.0,,,,,0.0,0.0,,32.0,32.0,,,,,,,,,,,,,-9.0,-9.0,,,,,,,,,,,-9.0,,,,
1978,2,3,20.0,30.0,,,,,,,600.0,0.0,100.0,,,,0.0,0.0,,66.02,55.94,636.0,,,,,,,,,,82.0,63.0,999.0,999.0,,,,,1.0,,,,,,999.0,,,,
1978,2,4,,,,,,,,,,0.0,,,,,0.0,0.0,,,,,,,,,,,,,,,,,-999.0,,,,,,,,,,,-999.0,,,,
1978,2,6,90.0,100.0,,,,,,,1448.0,0.0,39.0,,,,0.0,0.0,,80.06,57.02,252.0,,,,,,,,,,67.0,36.0,9999.0,9999.0,,,,,9999.0,,,,,,9999.0,,,,
1978,2,7,,,,,,,,,,0.0,,,,,0.0,0.0,,,,,,,,,,,,,,,,,-99.0,,,,,-99.0,,,,,,,,,,
1978,2,8,,,,,,,,,,,,,,,,,,,,,,,,,,,,,,,,,99.0,,,,,99.0,,,,,,,,,,
1978,2,9,90.0,100.0,,,,,,,1418.0,15.0,4.0,,,,0.0,0.0,,64.04,62.059999999999995,24.0,,,,180.0,180.0,,,,,108.0,58.0,-9999.0,-9999.0,,,,,-9999.0,,,,,,1.0,,,,
1978,2,10,,,,,,,,,,0.0,,,,,0.0,0.0,,32.0,32.0,,,,,,,,,,,,,,-9.0,,,,,-9.0,,,,,,,,,,
1978,2,11,80.0,90.0,,,,,,,606.0,74.0,30.0,,,,0.0,0.0,,64.94,59.0,192.0,,,,,,,,,,103.0,85.0,1.0,999.0,,,,,999.0,,,,,,1.0,,,,
1978,2,12,,,,,,,,,,,,,,,0.0,0.0,,,,,,,,,,,,,,,,,-999.0,,,,,-999.0,,,,,,,,,,
1978,2,13,,,,,,,,,,,,,,,,,,,,,,,,,,,,,,,,,,,,,,9.0,,,,,,,,,,
1978,2,14,100.0,90.0,,,,,,,2354.0,51.0,37.0,,,,0.0,0.0,,66.92,60.08,240.0,,,,,,,,,,170.0,107.0,1.0,9999.0,,,,,1.0,,,,,,1.0,,,,
1978,2,15,,,,,,,,,,0.0,,,,,0.0,0.0,,,,,,,,,,,,,,,,,-99.0,,,,,,,,,,,,,,,
1978,2,16,,,,,,,,,,,,,,,,,,,,,,,,,,,,,,,,,99.0,,,,,99.0,,,,,,,,,,
1978,2,17,70.0,70.0,,,,,,,736.0,18.0,68.0,,,,0.0,0.0,,60.08,53.06,444.0,,,,270.0,270.0,,,,,134.0,85.0,-9999.0,-9999.0,,,,,-9999.0,,,,,,1.0,,,,
1978,2,18,,,,,,,,,,0.0,,,,,0.0,0.0,,32.0,32.0,,,,,,,,,,,,,,-9.0,,,,,-9.0,,,,,,,,,,
1978,2,19,80.0,90.0,,,,,,,124.0,81.0,38.0,,,,0.0,0.0,,60.980000000000004,51.08,246.0,,,,,,,,,,139.0,103.0,1.0,999.0,,,,,999.0,,,,,,1.0,,,,
1978,2,20,,,,,,,,,,,,,,,0.0,0.0,,,,,,,,,,,,,,,,,-999.0,,,,,-999.0,,,,,,,,,,
1978,2,22,30.0,10.0,,,,,,,1530.0,,92.0,,,,0.0,0.0,,64.04,53.96,606.0,,,,,,,,,,77.0,54.0,9999.0,9999.0,,,,,9999.0,,,,,,1.0,,,,
1978,2,23,,,,,,,,,,0.0,,,,,0.0,0.0,,,,,,,,,,,,,,,,-99.0,-99.0,,,,,-99.0,,,,,,,,,,
1978,2,24,,,,,,,,,,,,,,,,,,,,,,,,,,,,,,,,99.0,99.0,,,,,99.0,,,,,,99.0,,,,
1978,2,25,0.0,0.0,,,,,,,1524.0,0.0,100.0,,,,0.0,0.0,,66.02,50.0,666.0,,,,270.0,315.0,,,,,98.0,76.0,-9999.0,-9999.0,,,,,-9999.0,,,,,,-9999.0,,,,
1978,2,26,,,,,,,,,,0.0,,,,,0.0,0.0,,32.0,32.0,,,,,,,,,,,,,-9.0,-9.0,,,,,-9.0,,,,,,-9.0,,,,
1978,2,27,0.0,0.0,,,,,,,400.0,0.0,100.0,,,,0.0,0.0,,66.02,50.0,666.0,,,,,,,,,,87.0,67.0,999.0,999.0,,,,,999.0,,,,,,999.0,,,,
1978,2,28,,,,,,,,,,0.0,,,,,0.0,0.0,,,,,,,,,,,,,,,,-999.0,-999.0,,,,,-999.0,,,,,,-999.0,,,,
1978,2,30,0.0,0.0,,,,,,,1712.0,0.0,100.0,,,,0.0,0.0,,71.96,48.02,672.0,,,,,,,,,,82.0,63.0,9999.0,9999.0,,,,,9999.0,,,,,,9999.0,,,,
1978,2,31,,,,,,,,,,0.0,,,,,0.0,0.0,,,,,,,,,,,,,,,,-99.0,-99.0,,,,,-99.0,,,,,,-99.0,,,,
1978,3,1,100.0,100.0,,,,,,,324.0,216.0,31.0,,,,0.0,0.0,,66.92,60.980000000000004,216.0,,,,180.0,135.0,,,,,236.0,161.0,1.0,-9999.0,-9999.0,,,,-9999.0,,,,,,1.0,,,,
1978,3,2,,,,,,,,,,0.0,,,,,0.0,0.0,,32.0,32.0,,,,,,,,,,,,,,-9.0,-9.0,,,,-9.0,,,,,,,,,,
1978,3,3,90.0,100.0,,,,,,,448.0,66.0,4.0,,,,0.0,0.0,,64.04,60.08,24.0,,,,,,,,,,139.0,112.0,1.0,999.0,999.0,,,,999.0,,,,,,1.0,,,,
1978,3,4,,,,,,,,,,0.0,,,,,0.0,0.0,,,,,,,,,,,,,,,,,-999.0,-999.0,,,,,,,,,,,,,,
1978,3,6,100.0,100.0,,,,,,,1324.0,109.0,2.0,,,,0.0,0.0,,64.94,57.92,12.0,,,,,,,,,,206.0,143.0,1.0,9999.0,9999.0,,,,9999.0,,,,,,1.0,,,,
1978,3,7,,,,,,,,,,,,,,,0.0,0.0,,,,,,,,,,,,,,,,,-99.0,-99.0,,,,-99.0,,,,,,,,,,
1978,3,8,,,,,,,,,,,,,,,,,,,,,,,,,,,,,,,,,99.0,99.0,,,,99.0,,,,,,,,,,
1978,3,9,60.0,90.0,,,,,,,1542.0,0.0,78.0,,,,0.0,0.0,,68.0,59.0,546.0,,,,315.0,315.0,,,,,82.0,63.0,-9999.0,-9999.0,-9999.0,,,,-9999.0,,,,,,-9999.0,,,,
1978,3,10,,,,,,,,,,0.0,,,,,0.0,0.0,,32.0,32.0,,,,,,,,,,,,,-9.0,-9.0,-9.0,,,,,,,,,,-9.0,,,,
1978,3,11,60.0,90.0,,,,,,,424.0,0.0,96.0,,,,0.0,0.0,,69.98,55.04,672.0,,,,,,,,,,103.0,76.0,999.0,999.0,999.0,,,,1.0,,,,,,999.0,,,,
1978,3,12,,,,,,,,,,0.0,,,,,0.0,0.0,,,,,,,,,,,,,,,,,-999.0,-999.0,,,,,,,,,,-999.0,,,,
1978,3,13,,,,,,,,,,,,,,,,,,,,,,,,,,,,,,,,,,,,,,,,,,,,9.0,,,,
1978,3,14,80.0,80.0,,,,,,,1406.0,127.0,43.0,,,,0.0,0.0,,66.02,55.04,306.0,,,,,,,,,,113.0,80.0,1.0,9999.0,9999.0,,,,1.0,,,,,,1.0,,,,
1978,3,15,,,,,,,,,,0.0,,,,,0.0,0.0,,,,,,,,,,,,,,,,,-99.0,-99.0,,,,,,,,,,,,,,
1978,3,16,,,,,,,,,,,,,,,,,,,,,,,,,,,,,,,,,99.0,99.0,,,,99.0,,,,,,,,,,
1978,3,17,100.0,100.0,,,,,,,2054.0,290.0,16.0,,,,0.0,0.0,,62.959999999999994,51.98,114.0,,,,270.0,225.0,,,,,118.0,67.0,1.0,-9999.0,1.0,,,,-9999.0,,,,,,1.0,,,,
1978,3,18,,,,,,,,,,0.0,,,,,0.0,0.0,,32.0,32.0,,,,,,,,,,,,,,-9.0,,,,,-9.0,,,,,,,,,,
1978,3,19,60.0,70.0,,,,,,,154.0,66.0,48.0,,,,0.0,0.0,,62.959999999999994,51.98,342.0,,,,,,,,,,118.0,76.0,1.0,999.0,999.0,,,,999.0,,,,,,1.0,,,,
1978,3,20,,,,,,,,,,0.0,,,,,0.0,0.0,,,,,,,,,,,,,,,,,-999.0,-999.0,,,,-999.0,,,,,,,,,,
1978,3,22,0.0,0.0,,,,,,,1524.0,0.0,100.0,,,,0.0,0.0,,68.0,51.98,714.0,,,,,,,,,,82.0,67.0,9999.0,9999.0,9999.0,,,,9999.0,,,,,,9999.0,,,,
1978,3,23,,,,,,,,,,0.0,,,,,0.0,0.0,,,,,,,,,,,,,,,,-99.0,-99.0,-99.0,,,,-99.0,,,,,,-99.0,,,,
1978,3,24,,,,,,,,,,,,,,,,,,,,,,,,,,,,,,,,99.0,99.0,99.0,,,,99.0,,,,,,99.0,,,,
1978,3,25,0.0,0.0,,,,,,,1418.0,0.0,100.0,,,,0.0,0.0,,91.03999999999999,57.92,720.0,,,,135.0,45.0,,,,,108.0,112.0,-9999.0,-9999.0,-9999.0,,,,-9999.0,,,,,,-9999.0,,,,
1978,3,26,,,,,,,,,,0.0,,,,,0.0,0.0,,32.0,32.0,,,,,,,,,,,,,-9.0,-9.0,-9.0,,,,-9.0,,,,,,-9.0,,,,
1978,3,27,20.0,0.0,,,,,,,542.0,0.0,99.0,,,,0.0,0.0,,93.02,59.0,714.0,,,,,,,,,,62.0,49.0,999.0,999.0,999.0,,,,999.0,,,,,,999.0,,,,
1978,3,28,,,,,,,,,,0.0,,,,,0.0,0.0,,,,,,,,,,,,,,,,-999.0,-999.0,-999.0,,,,-999.0,,,,,,-999.0,,,,
1978,3,30,90.0,100.0,,,,,,,1500.0,0.0,41.0,,,,0.0,0.0,,71.06,62.059999999999995,294.0,,,,,,,,,,72.0,58.0,9999.0,9999.0,9999.0,,,,9999.0,,,,,,9999.0,,,,
1978,3,31,,,,,,,,,,0.0,,,,,0.0,0.0,,,,,,,,,,,,,,,,-99.0,-99.0,-99.0,,,,-99.0,,,,,,,,,,
1978,4,1,50.0,30.0,,,,,,,1300.0,3.0,88.0,,,,0.0,0.0,,69.98,59.0,660.0,,,,270.0,315.0,,,,,103.0,80.0,-9999.0,,,,,,-9999.0,,,,,,1.0,,,,
1978,4,2,,,,,,,,,,0.0,,,,,0.0,0.0,,32.0,32.0,,,,,,,,,,,,,,,,,,,-9.0,,,,,,,,,,
1978,4,3,70.0,70.0,,,,,,,454.0,41.0,55.0,,,,0.0,0.0,,66.92,59.0,420.0,,,,,,,,,,82.0,54.0,1.0,,,,,,999.0,,,,,,1.0,,,,
1978,4,4,,,,,,,,,,0.0,,,,,0.0,0.0,,,,,,,,,,,,,,,,,,,,,,-999.0,,,,,,,,,,
1978,4,5,,,,,,,,,,,,,,,,,,,,,,,,,,,,,,,,,,,,,,,,,,,,9.0,,,,
1978,4,6,70.0,70.0,,,,,,,1842.0,8.0,50.0,,,,0.0,0.0,,66.92,59.0,384.0,,,,,,,,,,93.0,67.0,9999.0,,,,,,9999.0,,,,,,1.0,,,,
1978,4,7,,,,,,,,,,0.0,,,,,0.0,0.0,,,,,,,,,,,,,,,,-99.0,,,,,,-99.0,,,,,,,,,,
1978,4,8,,,,,,,,,,,,,,,,,,,,,,,,,,,,,,,,99.0,,,,,,99.0,,,,,,99.0,,,,
1978,4,9,80.0,60.0,,,,,,,2324.0,3.0,60.0,,,,0.0,0.0,,66.92,60.08,456.0,,,,180.0,180.0,,,,,108.0,85.0,-9999.0,,,,,,-9999.0,,,,,,1.0,,,,
1978,4,10,,,,,,,,,,0.0,,,,,0.0,0.0,,32.0,32.0,,,,,,,,,,,,,,,,,,,-9.0,,,,,,,,,,
1978,4,11,70.0,60.0,,,,,,,54.0,86.0,71.0,,,,0.0,0.0,,64.04,53.06,540.0,,,,,,,,,,123.0,89.0,1.0,,,,,,999.0,,,,,,1.0,,,,
1978,4,12,,,,,,,,,,0.0,,,,,0.0,0.0,,,,,,,,,,,,,,,,,,,,,,-999.0,,,,,,,,,,
1978,4,14,40.0,40.0,,,,,,,1212.0,0.0,86.0,,,,0.0,0.0,,66.02,51.98,660.0,,,,,,,,,,82.0,58.0,9999.0,,,,,,9999.0,,,,,,9999.0,,,,
1978,4,15,,,,,,,,,,0.0,,,,,0.0,0.0,,,,,,,,,,,,,,,,-99.0,,,,,,-99.0,,,,,,-99.0,,,,
1978,4,16,,,,,,,,,,,,,,,,,,,,,,,,,,,,,,,,99.0,,,,,,99.0,,,,,,99.0,,,,
1978,4,17,80.0,80.0,,,,,,,1348.0,0.0,66.0,,,,0.0,0.0,,71.06,60.08,510.0,,,,270.0,315.0,,,,,93.0,63.0,-9999.0,,,,,,1.0,,,,,,-9999.0,,,,
1978,4,18,,,,,,,,,,0.0,,,,,0.0,0.0,,32.0,32.0,,,,,,,,,,,,,-9.0,,,,,,,,,,,,-9.0,,,,
1978,4,19,100.0,90.0,,,,,,,536.0,0.0,49.0,,,,0.0,0.0,,68.0,62.059999999999995,384.0,,,,,,,,,,72.0,49.0,999.0,,,,,,999.0,,,,,,999.0,,,,
1978,4,20,,,,,,,,,,0.0,,,,,0.0,0.0,,,,,,,,,,,,,,,,-999.0,,,,,,-999.0,,,,,,-999.0,,,,
1978,4,21,,,,,,,,,,,,,,,,,,,,,,,,,,,,,,,,,,,,,,,,,,,,9.0,,,,
1978,4,22,90.0,80.0,,,,,,,1506.0,,67.0,,,,0.0,0.0,,68.0,60.980000000000004,522.0,,,,,,,,,,77.0,54.0,9999.0,,,,,,9999.0,,,,,,1.0,,,,
1978,4,23,,,,,,,,,,0.0,,,,,0.0,0.0,,,,,,,,,,,,,,,,,,,,,,-99.0,,,,,,,,,,
1978,4,24,,,,,,,,,,,,,,,,,,,,,,,,,,,,,,,,,,,,,,99.0,,,,,,,,,,
1978,4,25,40.0,20.0,,,,,,,1100.0,5.0,91.0,,,,0.0,0.0,,66.02,57.02,714.0,,,,315.0,315.0,,,,,108.0,89.0,-9999.0,,,,,,-9999.0,,,,,,1.0,,,,
1978,4,26,,,,,,,,,,0.0,,,,,0.0,0.0,,32.0,32.0,,,,,,,,,,,,,-9.0,,,,,,-9.0,,,,,,,,,,
1978,4,27,10.0,0.0,,,,,,,518.0,0.0,100.0,,,,0.0,0.0,,69.08,53.96,780.0,,,,,,,,,,108.0,85.0,999.0,,,,,,999.0,,,,,,999.0,,,,
1978,4,28,,,,,,,,,,0.0,,,,,0.0,0.0,,,,,,,,,,,,,,,,-999.0,,,,,,-999.0,,,,,,-999.0,,,,
1978,4,30,50.0,30.0,,,,,,,1212.0,0.0,82.0,,,,0.0,0.0,,69.98,60.980000000000004,642.0,,,,,,,,,,82.0,54.0,9999.0,,,,,,9999.0,,,,,,9999.0,,,,
1978,4,31,,,,,,,,,,0.0,,,,,0.0,0.0,,,,,,,,,,,,,,,,-99.0,,,,,,-99.0,,,,,,-99.0,,,,
1978,5,1,70.0,90.0,,,,,,,306.0,10.0,63.0,,,,0.0,0.0,,64.94,60.08,510.0,,,,315.0,315.0,,,,,123.0,98.0,-9999.0,-9999.0,,,,,-9999.0,,,,,,1.0,,,,
1978,5,2,,,,,,,,,,0.0,,,,,0.0,0.0,,32.0,32.0,,,,,,,,,,,,,-9.0,-9.0,,,,,-9.0,,,,,,,,,,
1978,5,3,40.0,30.0,,,,,,,342.0,0.0,84.0,,,,0.0,0.0,,68.0,57.02,678.0,,,,,,,,,,72.0,45.0,999.0,999.0,,,,,999.0,,,,,,999.0,,,,
1978,5,4,,,,,,,,,,0.0,,,,,0.0,0.0,,,,,,,,,,,,,,,,-999.0,-999.0,,,,,,,,,,,-999.0,,,,
1978,5,5,,,,,,,,,,,,,,,,,,,,,,,,,,,,,,,,,,,,,,,,,,,,9.0,,,,
1978,5,6,100.0,100.0,,,,,,,1330.0,,4.0,,,,0.0,0.0,,66.02,60.08,36.0,,,,,,,,,,93.0,63.0,9999.0,9999.0,,,,,1.0,,,,,,1.0,,,,
1978,5,7,,,,,,,,,,0.0,,,,,0.0,0.0,,,,,,,,,,,,,,,,-99.0,-99.0,,,,,,,,,,,,,,,
1978,5,8,,,,,,,,,,,,,,,,,,,,,,,,,,,,,,,,99.0,99.0,,,,,99.0,,,,,,,,,,
1978,5,9,10.0,0.0,,,,,,,1512.0,0.0,97.0,,,,0.0,0.0,,73.04,59.0,798.0,,,,270.0,225.0,,,,,87.0,54.0,-9999.0,-9999.0,,,,,-9999.0,,,,,,-9999.0,,,,
1978,5,10,,,,,,,,,,0.0,,,,,0.0,0.0,,32.0,32.0,,,,,,,,,,,,,-9.0,-9.0,,,,,,,,,,,-9.0,,,,
1978,5,11,20.0,10.0,,,,,,,548.0,0.0,100.0,,,,0.0,0.0,,73.94,59.0,822.0,,,,,,,,,,93.0,63.0,999.0,999.0,,,,,1.0,,,,,,999.0,,,,
1978,5,12,,,,,,,,,,0.0,,,,,0.0,0.0,,,,,,,,,,,,,,,,-999.0,-999.0,,,,,,,,,,,-999.0,,,,
1978,5,14,40.0,30.0,,,,,,,1330.0,0.0,100.0,,,,0.0,0.0,,78.08,60.980000000000004,822.0,,,,,,,,,,72.0,54.0,9999.0,9999.0,,,,,9999.0,,,,,,9999.0,,,,
1978,5,15,,,,,,,,,,0.0,,,,,0.0,0.0,,,,,,,,,,,,,,,,-99.0,-99.0,,,,,-99.0,,,,,,-99.0,,,,
1978,5,16,,,,,,,,,,,,,,,,,,,,,,,,,,,,,,,,99.0,99.0,,,,,99.0,,,,,,99.0,,,,
1978,5,17,30.0,20.0,,,,,,,1154.0,0.0,91.0,,,,0.0,0.0,,71.96,60.980000000000004,744.0,,,,315.0,315.0,,,,,82.0,54.0,-9999.0,-9999.0,,,,,-9999.0,,,,,,-9999.0,,,,
1978,5,18,,,,,,,,,,0.0,,,,,0.0,0.0,,32.0,32.0,,,,,,,,,,,,,-9.0,-9.0,,,,,,,,,,,-9.0,,,,
1978,5,19,0.0,0.0,,,,,,,542.0,0.0,100.0,,,,0.0,0.0,,82.94,60.980000000000004,828.0,,,,,,,,,,93.0,76.0,999.0,999.0,,,,,1.0,,,,,,999.0,,,,
1978,5,20,,,,,,,,,,0.0,,,,,0.0,0.0,,,,,,,,,,,,,,,,,,,,,,,,,,,,-999.0,,,,
1978,5,22,60.0,40.0,,,,,,,1618.0,0.0,62.0,,,,0.0,0.0,,73.04,64.04,516.0,,,,,,,,,,72.0,45.0,1.0,9999.0,,,,,1.0,,,,,,9999.0,,,,
1978,5,23,,,,,,,,,,0.0,,,,,0.0,0.0,,,,,,,,,,,,,,,,,-99.0,,,,,,,,,,,-99.0,,,,
1978,5,24,,,,,,,,,,,,,,,,,,,,,,,,,,,,,,,,99.0,99.0,,,,,,,,,,,99.0,,,,
1978,5,25,20.0,20.0,,,,,,,1318.0,0.0,83.0,,,,0.0,0.0,,73.94,62.059999999999995,696.0,,,,315.0,315.0,,,,,108.0,80.0,-9999.0,-9999.0,,,,,-9999.0,,,,,,-9999.0,,,,
1978,5,26,,,,,,,,,,0.0,,,,,0.0,0.0,,32.0,32.0,,,,,,,,,,,,,-9.0,-9.0,,,,,-9.0,,,,,,-9.0,,,,
1978,5,27,40.0,40.0,,,,,,,636.0,0.0,99.0,,,,0.0,0.0,,86.0,60.08,822.0,,,,,,,,,,98.0,80.0,999.0,999.0,,,,,999.0,,,,,,999.0,,,,
1978,5,28,,,,,,,,,,0.0,,,,,0.0,0.0,,,,,,,,,,,,,,,,-999.0,-999.0,,,,,-999.0,,,,,,-999.0,,,,
1978,5,30,40.0,50.0,,,,,,,1530.0,0.0,94.0,,,,0.0,0.0,,82.04,64.94,792.0,,,,,,,,,,72.0,54.0,9999.0,9999.0,,,,,9999.0,,,,,,9999.0,,,,
1978,5,31,,,,,,,,,,0.0,,,,,0.0,0.0,,,,,,,,,,,,,,,,-99.0,-99.0,,,,,,,,,,,-99.0,,,,
1978,6,1,80.0,70.0,,,,,,,1254.0,0.0,55.0,,,,0.0,0.0,,69.98,64.04,468.0,,,,225.0,270.0,,,,,82.0,45.0,-9999.0,,,,,,-9999.0,,,,,,-9999.0,,,,
1978,6,2,,,,,,,,,,0.0,,,,,0.0,0.0,,32.0,32.0,,,,,,,,,,,,,-9.0,,,,,,-9.0,,,,,,-9.0,,,,
1978,6,3,50.0,40.0,,,,,,,436.0,0.0,73.0,,,,0.0,0.0,,73.04,64.04,618.0,,,,,,,,,,93.0,58.0,999.0,,,,,,999.0,,,,,,999.0,,,,
1978,6,4,,,,,,,,,,0.0,,,,,0.0,0.0,,,,,,,,,,,,,,,,-999.0,,,,,,,,,,,,-999.0,,,,
1978,6,6,80.0,70.0,,,,,,,1454.0,0.0,60.0,,,,0.0,0.0,,73.04,64.04,510.0,,,,,,,,,,72.0,49.0,9999.0,,,,,,1.0,,,,,,9999.0,,,,
1978,6,7,,,,,,,,,,0.0,,,,,0.0,0.0,,,,,,,,,,,,,,,,-99.0,,,,,,,,,,,,-99.0,,,,
1978,6,8,,,,,,,,,,,,,,,,,,,,,,,,,,,,,,,,99.0,,,,,,,,,,,,99.0,,,,
1978,6,9,80.0,60.0,,,,,,,1400.0,0.0,59.0,,,,0.0,0.0,,75.02,64.94,510.0,,,,270.0,270.0,,,,,82.0,54.0,-9999.0,,,,,,1.0,,,,,,-9999.0,,,,
1978,6,10,,,,,,,,,,0.0,,,,,0.0,0.0,,32.0,32.0,,,,,,,,,,,,,,,,,,,,,,,,,-9.0,,,,
1978,6,11,70.0,50.0,,,,,,,30.0,0.0,62.0,,,,0.0,0.0,,77.0,64.94,528.0,,,,,,,,,,82.0,45.0,1.0,,,,,,1.0,,,,,,999.0,,,,
1978,6,12,,,,,,,,,,0.0,,,,,0.0,0.0,,,,,,,,,,,,,,,,,,,,,,,,,,,,,,,,
1978,6,14,80.0,70.0,,,,,,,1212.0,0.0,48.0,,,,0.0,0.0,,75.02,64.04,414.0,,,,,,,,,,82.0,63.0,1.0,,,,,,1.0,,,,,,9999.0,,,,
1978,6,15,,,,,,,,,,0.0,,,,,0.0,0.0,,,,,,,,,,,,,,,,,,,,,,,,,,,,-99.0,,,,
1978,6,16,,,,,,,,,,,,,,,,,,,,,,,,,,,,,,,,,,,,,,,,,,,,99.0,,,,
1978,6,17,40.0,30.0,,,,,,,1324.0,0.0,75.0,,,,0.0,0.0,,73.94,62.959999999999994,642.0,,,,180.0,225.0,,,,,67.0,36.0,-9999.0,,,,,,1.0,,,,,,-9999.0,,,,
1978,6,18,,,,,,,,,,0.0,,,,,0.0,0.0,,32.0,32.0,,,,,,,,,,,,,-9.0,,,,,,,,,,,,-9.0,,,,
1978,6,19,20.0,30.0,,,,,,,700.0,0.0,99.0,,,,0.0,0.0,,80.06,64.04,846.0,,,,,,,,,,77.0,67.0,999.0,,,,,,1.0,,,,,,999.0,,,,
1978,6,20,,,,,,,,,,0.0,,,,,0.0,0.0,,,,,,,,,,,,,,,,-999.0,,,,,,,,,,,,-999.0,,,,
1978,6,22,20.0,20.0,,,,,,,1254.0,0.0,87.0,,,,0.0,0.0,,78.08,66.02,750.0,,,,,,,,,,82.0,67.0,9999.0,,,,,,9999.0,,,,,,9999.0,,,,
1978,6,23,,,,,,,,,,0.0,,,,,0.0,0.0,,,,,,,,,,,,,,,,-99.0,,,,,,-99.0,,,,,,-99.0,,,,
1978,6,24,,,,,,,,,,,,,,,,,,,,,,,,,,,,,,,,99.0,,,,,,99.0,,,,,,99.0,,,,
1978,6,25,20.0,30.0,,,,,,,1400.0,0.0,87.0,,,,0.0,0.0,,77.0,64.04,744.0,,,,315.0,315.0,,,,,93.0,76.0,-9999.0,,,,,,-9999.0,,,,,,-9999.0,,,,
1978,6,26,,,,,,,,,,0.0,,,,,0.0,0.0,,32.0,32.0,,,,,,,,,,,,,-9.0,,,,,,-9.0,,,,,,-9.0,,,,
1978,6,27,10.0,20.0,,,,,,,336.0,0.0,100.0,,,,0.0,0.0,,82.04,64.94,858.0,,,,,,,,,,98.0,89.0,999.0,,,,,,999.0,,,,,,999.0,,,,
1978,6,28,,,,,,,,,,0.0,,,,,0.0,0.0,,,,,,,,,,,,,,,,-999.0,,,,,,-999.0,,,,,,-999.0,,,,
1978,6,30,10.0,10.0,,,,,,,1454.0,0.0,95.0,,,,0.0,0.0,,82.94,66.02,810.0,,,,,,,,,,98.0,85.0,9999.0,,,,,,9999.0,,,,,,9999.0,,,,
1978,6,31,,,,,,,,,,0.0,,,,,0.0,0.0,,,,,,,,,,,,,,,,-99.0,,,,,,,,,,,,-99.0,,,,
1978,7,1,40.0,30.0,,,,,,,1642.0,0.0,79.0,,,,0.0,0.0,,73.94,64.04,672.0,,,,315.0,315.0,,,,,82.0,63.0,1.0,,,,,,1.0,,,,,,,,,,
1978,7,2,,,,,,,,,,0.0,,,,,0.0,0.0,,32.0,32.0,,,,,,,,,,,,,,,,,,,,,,,,,,,,,
1978,7,3,40.0,30.0,,,,,,,648.0,0.0,75.0,,,,0.0,0.0,,75.02,62.959999999999994,636.0,,,,,,,,,,82.0,58.0,999.0,,,,,,1.0,,,,,,,,,,
1978,7,4,,,,,,,,,,0.0,,,,,0.0,0.0,,,,,,,,,,,,,,,,-999.0,,,,,,,,,,,,,,,,
1978,7,5,,,,,,,,,,,,,,,,,,,,,,,,,,,,,,,,,,,,,,9.0,,,,,,,,,,
1978,7,6,50.0,40.0,,,,,,,1330.0,0.0,70.0,,,,0.0,0.0,,71.06,64.04,600.0,,,,,,,,,,72.0,45.0,9999.0,,,,,,1.0,,,,,,,,,,
1978,7,7,,,,,,,,,,0.0,,,,,0.0,0.0,,,,,,,,,,,,,,,,-99.0,,,,,,,,,,,,,,,,
1978,7,8,,,,,,,,,,,,,,,,,,,,,,,,,,,,,,,,99.0,,,,,,,,,,,,,,,,
1978,7,9,50.0,40.0,,,,,,,1336.0,0.0,71.0,,,,0.0,0.0,,73.04,64.04,606.0,,,,225.0,225.0,,,,,72.0,49.0,-9999.0,,,,,,1.0,,,,,,,,,,
1978,7,10,,,,,,,,,,0.0,,,,,0.0,0.0,,32.0,32.0,,,,,,,,,,,,,-9.0,,,,,,,,,,,,,,,,
1978,7,11,50.0,40.0,,,,,,,318.0,0.0,73.0,,,,0.0,0.0,,73.94,64.04,624.0,,,,,,,,,,87.0,67.0,999.0,,,,,,1.0,,,,,,,,,,
1978,7,12,,,,,,,,,,0.0,,,,,0.0,0.0,,,,,,,,,,,,,,,,,,,,,,,,,,,,,,,,
1978,7,14,50.0,30.0,,,,,,,1400.0,0.0,79.0,,,,0.0,0.0,,73.94,64.94,672.0,,,,,,,,,,72.0,54.0,1.0,,,,,,1.0,,,,,,,,,,
1978,7,15,,,,,,,,,,0.0,,,,,0.0,0.0,,,,,,,,,,,,,,,,,,,,,,,,,,,,,,,,
1978,7,16,,,,,,,,,,,,,,,,,,,,,,,,,,,,,,,,99.0,,,,,,99.0,,,,,,,,,,
1978,7,17,60.0,50.0,,,,,,,1606.0,0.0,79.0,,,,0.0,0.0,,73.94,66.92,672.0,,,,315.0,315.0,,,,,93.0,67.0,-9999.0,,,,,,1.0,,,,,,,,,,
1978,7,18,,,,,,,,,,0.0,,,,,0.0,0.0,,32.0,32.0,,,,,,,,,,,,,-9.0,,,,,,,,,,,,,,,,
1978,7,19,20.0,10.0,,,,,,,512.0,0.0,93.0,,,,0.0,0.0,,77.0,66.02,792.0,,,,,,,,,,93.0,76.0,999.0,,,,,,1.0,,,,,,,,,,
1978,7,20,,,,,,,,,,0.0,,,,,0.0,0.0,,,,,,,,,,,,,,,,-999.0,,,,,,,,,,,,,,,,
1978,7,22,0.0,0.0,,,,,,,1324.0,0.0,100.0,,,,0.0,0.0,,86.0,69.98,846.0,,,,,,,,,,77.0,63.0,9999.0,,,,,,9999.0,,,,,,,,,,
1978,7,23,,,,,,,,,,0.0,,,,,0.0,0.0,,,,,,,,,,,,,,,,-99.0,,,,,,-99.0,,,,,,,,,,
1978,7,24,,,,,,,,,,,,,,,,,,,,,,,,,,,,,,,,99.0,,,,,,99.0,,,,,,,,,,
1978,7,25,40.0,40.0,,,,,,,1030.0,0.0,96.0,,,,0.0,0.0,,78.98,66.02,816.0,,,,225.0,225.0,,,,,72.0,45.0,-9999.0,,,,,,1.0,,,,,,,,,,
1978,7,26,,,,,,,,,,0.0,,,,,0.0,0.0,,32.0,32.0,,,,,,,,,,,,,,,,,,,,,,,,,,,,,
1978,7,27,50.0,60.0,,,,,,,218.0,0.0,62.0,,,,0.0,0.0,,71.96,66.02,522.0,,,,,,,,,,87.0,54.0,1.0,,,,,,1.0,,,,,,,,,,
1978,7,28,,,,,,,,,,0.0,,,,,0.0,0.0,,,,,,,,,,,,,,,,,,,,,,,,,,,,,,,,
1978,7,29,,,,,,,,,,,,,,,,,,,,,,,,,,,,,,,,,,,,,,9.0,,,,,,,,,,
1978,7,30,60.0,30.0,,,,,,,1400.0,0.0,71.0,,,,0.0,0.0,,77.0,68.0,600.0,,,,,,,,,,93.0,76.0,9999.0,,,,,,1.0,,,,,,,,,,
1978,7,31,,,,,,,,,,0.0,,,,,0.0,0.0,,,,,,,,,,,,,,,,-99.0,,,,,,,,,,,,,,,,
1978,8,1,40.0,30.0,,,,,,,1236.0,0.0,80.0,,,,0.0,0.0,,73.94,66.92,660.0,,,,225.0,180.0,,,,,72.0,45.0,-9999.0,,,,,,1.0,,,,,,-9999.0,,,,
1978,8,2,,,,,,,,,,0.0,,,,,0.0,0.0,,32.0,32.0,,,,,,,,,,,,,-9.0,,,,,,,,,,,,-9.0,,,,
1978,8,3,70.0,60.0,,,,,,,518.0,0.0,72.0,,,,0.0,0.0,,75.02,68.0,588.0,,,,,,,,,,77.0,49.0,999.0,,,,,,1.0,,,,,,999.0,,,,
1978,8,4,,,,,,,,,,0.0,,,,,0.0,0.0,,,,,,,,,,,,,,,,-999.0,,,,,,,,,,,,-999.0,,,,
1978,8,5,,,,,,,,,,,,,,,,,,,,,,,,,,,,,,,,,,,,,,9.0,,,,,,,,,,
1978,8,6,60.0,40.0,,,,,,,1412.0,0.0,77.0,,,,0.0,0.0,,80.06,69.98,636.0,,,,,,,,,,93.0,72.0,9999.0,,,,,,1.0,,,,,,9999.0,,,,
1978,8,7,,,,,,,,,,0.0,,,,,0.0,0.0,,,,,,,,,,,,,,,,-99.0,,,,,,,,,,,,-99.0,,,,
1978,8,8,,,,,,,,,,,,,,,,,,,,,,,,,,,,,,,,99.0,,,,,,,,,,,,99.0,,,,
1978,8,9,30.0,20.0,,,,,,,1142.0,0.0,87.0,,,,0.0,0.0,,80.96,71.06,708.0,,,,225.0,225.0,,,,,82.0,49.0,-9999.0,,,,,,1.0,,,,,,-9999.0,,,,
1978,8,10,,,,,,,,,,0.0,,,,,0.0,0.0,,32.0,32.0,,,,,,,,,,,,,-9.0,,,,,,,,,,,,-9.0,,,,
1978,8,11,40.0,10.0,,,,,,,206.0,0.0,90.0,,,,0.0,0.0,,80.96,71.06,738.0,,,,,,,,,,77.0,49.0,999.0,,,,,,999.0,,,,,,999.0,,,,
1978,8,12,,,,,,,,,,0.0,,,,,0.0,0.0,,,,,,,,,,,,,,,,-999.0,,,,,,,,,,,,,,,,
1978,8,14,50.0,50.0,,,,,,,1342.0,0.0,67.0,,,,0.0,0.0,,77.0,69.98,540.0,,,,,,,,,,72.0,49.0,9999.0,,,,,,1.0,,,,,,9999.0,,,,
1978,8,15,,,,,,,,,,0.0,,,,,0.0,0.0,,,,,,,,,,,,,,,,-99.0,,,,,,,,,,,,-99.0,,,,
1978,8,16,,,,,,,,,,,,,,,,,,,,,,,,,,,,,,,,99.0,,,,,,,,,,,,99.0,,,,
1978,8,17,90.0,80.0,,,,,,,1424.0,0.0,52.0,,,,0.0,0.0,,78.08,71.06,426.0,,,,315.0,270.0,,,,,87.0,58.0,-9999.0,,,,,,1.0,,,,,,-9999.0,,,,
1978,8,18,,,,,,,,,,0.0,,,,,0.0,0.0,,32.0,32.0,,,,,,,,,,,,,-9.0,,,,,,,,,,,,-9.0,,,,
1978,8,19,70.0,50.0,,,,,,,418.0,0.0,70.0,,,,0.0,0.0,,78.08,69.98,564.0,,,,,,,,,,93.0,67.0,999.0,,,,,,1.0,,,,,,999.0,,,,
1978,8,20,,,,,,,,,,0.0,,,,,0.0,0.0,,,,,,,,,,,,,,,,-999.0,,,,,,,,,,,,-999.0,,,,
1978,8,22,60.0,60.0,,,,,,,1342.0,0.0,74.0,,,,0.0,0.0,,78.08,69.98,594.0,,,,,,,,,,93.0,58.0,9999.0,,,,,,9999.0,,,,,,9999.0,,,,
1978,8,23,,,,,,,,,,0.0,,,,,0.0,0.0,,,,,,,,,,,,,,,,-99.0,,,,,,-99.0,,,,,,-99.0,,,,
1978,8,24,,,,,,,,,,,,,,,,,,,,,,,,,,,,,,,,99.0,,,,,,99.0,,,,,,99.0,,,,
1978,8,25,30.0,20.0,,,,,,,1142.0,0.0,80.0,,,,0.0,0.0,,77.0,66.92,642.0,,,,315.0,315.0,,,,,98.0,72.0,-9999.0,,,,,,-9999.0,,,,,,-9999.0,,,,
1978,8,26,,,,,,,,,,0.0,,,,,0.0,0.0,,32.0,32.0,,,,,,,,,,,,,-9.0,,,,,,,,,,,,-9.0,,,,
1978,8,27,20.0,20.0,,,,,,,412.0,0.0,79.0,,,,0.0,0.0,,77.0,64.94,636.0,,,,,,,,,,82.0,54.0,999.0,,,,,,1.0,,,,,,999.0,,,,
1978,8,28,,,,,,,,,,0.0,,,,,0.0,0.0,,,,,,,,,,,,,,,,-999.0,,,,,,,,,,,,-999.0,,,,
1978,8,30,40.0,30.0,,,,,,,1230.0,0.0,76.0,,,,0.0,0.0,,75.92,66.92,600.0,,,,,,,,,,77.0,49.0,9999.0,,,,,,9999.0,,,,,,9999.0,,,,
1978,8,31,,,,,,,,,,0.0,,,,,0.0,0.0,,,,,,,,,,,,,,,,-99.0,,,,,,-99.0,,,,,,-99.0,,,,
1978,9,1,70.0,50.0,,,,,,,1436.0,0.0,64.0,,,,0.0,0.0,,77.0,69.08,498.0,,,,315.0,315.0,,,,,87.0,49.0,-9999.0,,-9999.0,,,,1.0,,,,,,-9999.0,,,,
1978,9,2,,,,,,,,,,0.0,,,,,0.0,0.0,,32.0,32.0,,,,,,,,,,,,,-9.0,,-9.0,,,,,,,,,,-9.0,,,,
1978,9,3,60.0,30.0,,,,,,,206.0,0.0,76.0,,,,0.0,0.0,,78.08,69.08,582.0,,,,,,,,,,98.0,76.0,999.0,,999.0,,,,1.0,,,,,,999.0,,,,
1978,9,4,,,,,,,,,,0.0,,,,,0.0,0.0,,,,,,,,,,,,,,,,-999.0,,-999.0,,,,,,,,,,-999.0,,,,
1978,9,5,,,,,,,,,,,,,,,,,,,,,,,,,,,,,,,,,,,,,,9.0,,,,,,,,,,
1978,9,6,50.0,30.0,,,,,,,1448.0,0.0,89.0,,,,0.0,0.0,,82.94,71.96,678.0,,,,,,,,,,77.0,45.0,9999.0,,9999.0,,,,1.0,,,,,,9999.0,,,,
1978,9,7,,,,,,,,,,,,,,,0.0,0.0,,,,,,,,,,,,,,,,,,-99.0,,,,,,,,,,,,,,
1978,9,8,,,,,,,,,,,,,,,,,,,,,,,,,,,,,,,,,,99.0,,,,99.0,,,,,,,,,,
1978,9,9,100.0,100.0,,,,,,,42.0,15.0,15.0,,,,0.0,0.0,,73.94,69.08,114.0,,,,180.0,180.0,,,,,113.0,80.0,1.0,,-9999.0,,,,-9999.0,,,,,,1.0,,,,
1978,9,10,,,,,,,,,,0.0,,,,,0.0,0.0,,32.0,32.0,,,,,,,,,,,,,,,-9.0,,,,-9.0,,,,,,,,,,
1978,9,11,30.0,20.0,,,,,,,442.0,,85.0,,,,0.0,0.0,,73.94,66.02,642.0,,,,,,,,,,87.0,63.0,999.0,,999.0,,,,999.0,,,,,,1.0,,,,
1978,9,12,,,,,,,,,,0.0,,,,,0.0,0.0,,,,,,,,,,,,,,,,-999.0,,-999.0,,,,-999.0,,,,,,,,,,
1978,9,13,,,,,,,,,,,,,,,,,,,,,,,,,,,,,,,,,,,,,,9.0,,,,,,,,,,
1978,9,14,70.0,50.0,,,,,,,1230.0,0.0,66.0,,,,0.0,0.0,,73.04,64.94,498.0,,,,,,,,,,82.0,49.0,9999.0,,9999.0,,,,1.0,,,,,,9999.0,,,,
1978,9,15,,,,,,,,,,0.0,,,,,0.0,0.0,,,,,,,,,,,,,,,,-99.0,,-99.0,,,,,,,,,,,,,,
1978,9,16,,,,,,,,,,,,,,,,,,,,,,,,,,,,,,,,99.0,,99.0,,,,,,,,,,,,,,
1978,9,17,60.0,40.0,,,,,,,1318.0,0.0,69.0,,,,0.0,0.0,,73.94,69.08,516.0,,,,225.0,225.0,,,,,77.0,49.0,-9999.0,,-9999.0,,,,-9999.0,,,,,,-9999.0,,,,
1978,9,18,,,,,,,,,,0.0,,,,,0.0,0.0,,32.0,32.0,,,,,,,,,,,,,-9.0,,-9.0,,,,-9.0,,,,,,-9.0,,,,
1978,9,19,80.0,100.0,,,,,,,142.0,0.0,0.0,,,,0.0,0.0,,69.98,68.0,0.0,,,,,,,,,,93.0,58.0,999.0,,999.0,,,,999.0,,,,,,999.0,,,,
1978,9,20,,,,,,,,,,0.0,,,,,0.0,0.0,,,,,,,,,,,,,,,,-999.0,,-999.0,,,,-999.0,,,,,,-999.0,,,,
1978,9,21,,,,,,,,,,,,,,,,,,,,,,,,,,,,,,,,,,,,,,,,,,,,9.0,,,,
1978,9,22,70.0,90.0,,,,,,,1718.0,3.0,28.0,,,,0.0,0.0,,71.96,64.94,210.0,,,,,,,,,,72.0,49.0,9999.0,,9999.0,,,,9999.0,,,,,,1.0,,,,
1978,9,23,,,,,,,,,,0.0,,,,,0.0,0.0,,,,,,,,,,,,,,,,-99.0,,-99.0,,,,-99.0,,,,,,,,,,
1978,9,24,,,,,,,,,,,,,,,,,,,,,,,,,,,,,,,,99.0,,99.0,,,,99.0,,,,,,99.0,,,,
1978,9,25,90.0,80.0,,,,,,,1500.0,61.0,37.0,,,,0.0,0.0,,71.96,66.92,270.0,,,,270.0,315.0,,,,,72.0,54.0,-9999.0,,1.0,,,,-9999.0,,,,,,1.0,,,,
1978,9,26,,,,,,,,,,0.0,,,,,0.0,0.0,,32.0,32.0,,,,,,,,,,,,,-9.0,,,,,,-9.0,,,,,,,,,,
1978,9,27,100.0,90.0,,,,,,,542.0,0.0,47.0,,,,0.0,0.0,,71.96,68.0,342.0,,,,,,,,,,82.0,45.0,999.0,,999.0,,,,999.0,,,,,,999.0,,,,
1978,9,28,,,,,,,,,,0.0,,,,,0.0,0.0,,,,,,,,,,,,,,,,-999.0,,-999.0,,,,-999.0,,,,,,-999.0,,,,
1978,9,30,0.0,0.0,,,,,,,1424.0,0.0,100.0,,,,0.0,0.0,,82.04,60.08,738.0,,,,,,,,,,103.0,76.0,9999.0,,9999.0,,,,9999.0,,,,,,9999.0,,,,
1978,9,31,,,,,,,,,,0.0,,,,,0.0,0.0,,,,,,,,,,,,,,,,-99.0,,-99.0,,,,-99.0,,,,,,-99.0,,,,
1978,10,1,50.0,40.0,,,,,,,1200.0,0.0,85.0,,,,0.0,0.0,,78.08,69.98,606.0,,,,315.0,315.0,,,,,72.0,45.0,-9999.0,-9999.0,,,,,1.0,,,,,,-9999.0,,,,
1978,10,2,,,,,,,,,,0.0,,,,,0.0,0.0,,32.0,32.0,,,,,,,,,,,,,,-9.0,,,,,,,,,,,-9.0,,,,
1978,10,3,60.0,80.0,,,,,,,400.0,0.0,41.0,,,,0.0,0.0,,73.04,68.0,294.0,,,,,,,,,,62.0,31.0,1.0,999.0,,,,,1.0,,,,,,999.0,,,,
1978,10,4,,,,,,,,,,0.0,,,,,0.0,0.0,,,,,,,,,,,,,,,,,-999.0,,,,,,,,,,,-999.0,,,,
1978,10,5,,,,,,,,,,,,,,,,,,,,,,,,,,,,,,,,9.0,,,,,,,,,,,,,,,,
1978,10,6,80.0,80.0,,,,,,,1548.0,0.0,34.0,,,,0.0,0.0,,73.94,69.08,240.0,,,,,,,,,,82.0,58.0,1.0,9999.0,,,,,1.0,,,,,,9999.0,,,,
1978,10,7,,,,,,,,,,0.0,,,,,0.0,0.0,,,,,,,,,,,,,,,,,-99.0,,,,,,,,,,,-99.0,,,,
1978,10,8,,,,,,,,,,,,,,,,,,,,,,,,,,,,,,,,99.0,99.0,,,,,,,,,,,99.0,,,,
1978,10,9,70.0,80.0,,,,,,,1248.0,0.0,58.0,,,,0.0,0.0,,73.94,68.0,408.0,,,,225.0,225.0,,,,,72.0,36.0,-9999.0,-9999.0,,,,,1.0,,,,,,-9999.0,,,,
1978,10,10,,,,,,,,,,0.0,,,,,0.0,0.0,,32.0,32.0,,,,,,,,,,,,,-9.0,-9.0,,,,,,,,,,,-9.0,,,,
1978,10,11,80.0,70.0,,,,,,,506.0,0.0,64.0,,,,0.0,0.0,,75.92,66.92,444.0,,,,,,,,,,67.0,36.0,999.0,999.0,,,,,1.0,,,,,,999.0,,,,
1978,10,12,,,,,,,,,,0.0,,,,,0.0,0.0,,,,,,,,,,,,,,,,-999.0,-999.0,,,,,,,,,,,-999.0,,,,
1978,10,13,,,,,,,,,,,,,,,,,,,,,,,,,,,,,,,,9.0,,,,,,,,,,,,,,,,
1978,10,14,40.0,20.0,,,,,,,1412.0,0.0,90.0,,,,0.0,0.0,,78.98,66.92,630.0,,,,,,,,,,103.0,85.0,1.0,9999.0,,,,,1.0,,,,,,9999.0,,,,
1978,10,15,,,,,,,,,,0.0,,,,,0.0,0.0,,,,,,,,,,,,,,,,,-99.0,,,,,,,,,,,-99.0,,,,
1978,10,16,,,,,,,,,,,,,,,,,,,,,,,,,,,,,,,,,99.0,,,,,,,,,,,99.0,,,,
1978,10,17,70.0,80.0,,,,,,,1248.0,0.0,72.0,,,,0.0,0.0,,77.0,66.92,498.0,,,,315.0,315.0,,,,,87.0,72.0,1.0,-9999.0,,,,,1.0,,,,,,-9999.0,,,,
1978,10,18,,,,,,,,,,0.0,,,,,0.0,0.0,,32.0,32.0,,,,,,,,,,,,,,,,,,,,,,,,,-9.0,,,,
1978,10,19,80.0,80.0,,,,,,,330.0,0.0,75.0,,,,0.0,0.0,,75.92,64.04,516.0,,,,,,,,,,67.0,49.0,1.0,1.0,,,,,1.0,,,,,,999.0,,,,
1978,10,20,,,,,,,,,,0.0,,,,,0.0,0.0,,,,,,,,,,,,,,,,,,,,,,,,,,,,-999.0,,,,
1978,10,22,40.0,30.0,,,,,,,1430.0,0.0,86.0,,,,0.0,0.0,,84.02,64.94,588.0,,,,,,,,,,93.0,76.0,1.0,9999.0,,,,,1.0,,,,,,9999.0,,,,
1978,10,23,,,,,,,,,,0.0,,,,,0.0,0.0,,,,,,,,,,,,,,,,,,,,,,,,,,,,-99.0,,,,
1978,10,24,,,,,,,,,,,,,,,,,,,,,,,,,,,,,,,,,,,,,,,,,,,,99.0,,,,
1978,10,25,80.0,50.0,,,,,,,2136.0,0.0,59.0,,,,0.0,0.0,,71.06,64.94,402.0,,,,180.0,180.0,,,,,77.0,40.0,-9999.0,-9999.0,,,,,1.0,,,,,,-9999.0,,,,
1978,10,26,,,,,,,,,,0.0,,,,,0.0,0.0,,32.0,32.0,,,,,,,,,,,,,-9.0,-9.0,,,,,,,,,,,-9.0,,,,
1978,10,27,90.0,100.0,,,,,,,999.0,0.0,41.0,,,,0.0,0.0,,71.06,64.94,282.0,,,,999.0,,,,,,999.0,49.0,999.0,999.0,,,,,999.0,,,,,,999.0,,,,
1978,10,28,,,,,,,,,141.0,0.0,,,,,0.0,0.0,,,,,,,,31.0,,,,,,8.0,,,-999.0,,,,,,,,,,,-999.0,,,,
1978,10,29,,,,,,,,,,,,,,,,,,,,,,,,,,,,,,,,,,,,,,,,,,,,9.0,,,,
1978,10,30,90.0,100.0,,,,,,,1442.0,,5.0,,,,0.0,0.0,,77.0,62.059999999999995,36.0,,,,,,,,,,139.0,98.0,1.0,9999.0,,,,,1.0,,,,,,1.0,,,,
1978,10,31,,,,,,,,,,0.0,,,,,0.0,0.0,,,,,,,,,,,,,,,,,-99.0,,,,,,,,,,,,,,,
1978,11,1,30.0,20.0,,,,,,,1442.0,0.0,66.0,,,,0.0,0.0,,69.08,57.92,432.0,,,,270.0,315.0,,,,,93.0,76.0,-9999.0,-9999.0,,,,,-9999.0,,,,,,-9999.0,,,,
1978,11,2,,,,,,,,,,0.0,,,,,0.0,0.0,,32.0,32.0,,,,,,,,,,,,,-9.0,-9.0,,,,,-9.0,,,,,,-9.0,,,,
1978,11,3,10.0,10.0,,,,,,,330.0,0.0,90.0,,,,0.0,0.0,,69.98,57.02,582.0,,,,,,,,,,93.0,67.0,999.0,999.0,,,,,999.0,,,,,,999.0,,,,
1978,11,4,,,,,,,,,,0.0,,,,,0.0,0.0,,,,,,,,,,,,,,,,-999.0,-999.0,,,,,,,,,,,-999.0,,,,
1978,11,5,,,,,,,,,,,,,,,,,,,,,,,,,,,,,,,,9.0,,,,,,,,,,,,,,,,
1978,11,6,20.0,0.0,,,,,,,2342.0,0.0,96.0,,,,0.0,0.0,,78.98,57.02,624.0,,,,,,,,,,77.0,45.0,1.0,9999.0,,,,,1.0,,,,,,9999.0,,,,
1978,11,7,,,,,,,,,,0.0,,,,,0.0,0.0,,,,,,,,,,,,,,,,,-99.0,,,,,,,,,,,-99.0,,,,
1978,11,8,,,,,,,,,,,,,,,,,,,,,,,,,,,,,,,,,99.0,,,,,,,,,,,99.0,,,,
1978,11,9,20.0,30.0,,,,,,,1230.0,0.0,76.0,,,,0.0,0.0,,73.94,60.08,486.0,,,,315.0,315.0,,,,,72.0,49.0,1.0,-9999.0,,,,,1.0,,,,,,-9999.0,,,,
1978,11,10,,,,,,,,,,0.0,,,,,0.0,0.0,,32.0,32.0,,,,,,,,,,,,,,-9.0,,,,,,,,,,,-9.0,,,,
1978,11,11,20.0,10.0,,,,,,,330.0,0.0,94.0,,,,0.0,0.0,,75.92,57.02,600.0,,,,,,,,,,93.0,72.0,1.0,999.0,,,,,1.0,,,,,,999.0,,,,
1978,11,12,,,,,,,,,,0.0,,,,,0.0,0.0,,,,,,,,,,,,,,,,,,,,,,,,,,,,-999.0,,,,
1978,11,14,90.0,100.0,,,,,,,2336.0,0.0,23.0,,,,0.0,0.0,,69.08,62.059999999999995,150.0,,,,,,,,,,108.0,76.0,1.0,9999.0,,,,,1.0,,,,,,9999.0,,,,
1978,11,15,,,,,,,,,,0.0,,,,,0.0,0.0,,,,,,,,,,,,,,,,,-99.0,,,,,,,,,,,,,,,
1978,11,16,,,,,,,,,,,,,,,,,,,,,,,,,,,,,,,,,99.0,,,,,99.0,,,,,,,,,,
1978,11,17,100.0,100.0,,,,,,,1806.0,127.0,0.0,,,,0.0,0.0,,60.980000000000004,53.96,0.0,,,,225.0,225.0,,,,,154.0,116.0,-9999.0,-9999.0,,,,,-9999.0,,,,,,1.0,,,,
1978,11,18,,,,,,,,,,0.0,,,,,0.0,0.0,,32.0,32.0,,,,,,,,,,,,,-9.0,-9.0,,,,,-9.0,,,,,,,,,,
1978,11,19,50.0,50.0,,,,,,,100.0,3.0,70.0,,,,0.0,0.0,,62.959999999999994,53.06,444.0,,,,,,,,,,93.0,76.0,999.0,999.0,,,,,999.0,,,,,,1.0,,,,
1978,11,20,,,,,,,,,,,,,,,0.0,0.0,,,,,,,,,,,,,,,,,-999.0,,,,,-999.0,,,,,,,,,,
1978,11,22,40.0,60.0,,,,,,,1354.0,38.0,52.0,,,,0.0,0.0,,64.04,53.06,330.0,,,,,,,,,,67.0,31.0,1.0,9999.0,,,,,9999.0,,,,,,1.0,,,,
1978,11,23,,,,,,,,,,0.0,,,,,0.0,0.0,,,32.0,,,,,,,,,,,,,,-99.0,,,,,-99.0,,,,,,,,,,
1978,11,24,,,,,,,,,,,,,,,,,,,,,,,,,,,,,,,,99.0,99.0,,,,,99.0,,,,,,99.0,,,,
1978,11,25,0.0,0.0,,,,,,,1418.0,0.0,100.0,,,,0.0,0.0,,68.0,48.92,630.0,,,,315.0,315.0,,,,,72.0,63.0,-9999.0,-9999.0,,,,,-9999.0,,,,,,-9999.0,,,,
1978,11,26,,,,,,,,,,0.0,,,,,0.0,0.0,,32.0,32.0,,,,,,,,,,,,,-9.0,-9.0,,,,,,,,,,,-9.0,,,,
1978,11,27,10.0,10.0,,,,,,,318.0,0.0,82.0,,,,0.0,0.0,,66.92,50.0,516.0,,,,,,,,,,77.0,58.0,999.0,999.0,,,,,1.0,,,,,,999.0,,,,
1978,11,28,,,,,,,,,,0.0,,,,,0.0,0.0,,,,,,,,,,,,,,,,,,,,,,,,,,,,-999.0,,,,
1978,11,29,,,,,,,,,,,,,,,,,,,,,,,,,,,,,,,,,,,,,,9.0,,,,,,,,,,
1978,11,30,60.0,40.0,,,,,,,1518.0,0.0,64.0,,,,0.0,0.0,,66.92,53.96,402.0,,,,,,,,,,72.0,63.0,1.0,9999.0,,,,,1.0,,,,,,9999.0,,,,
1978,11,31,,,,,,,,,,0.0,,,,,0.0,0.0,,,,,,,,,,,,,,,,,-99.0,,,,,,,,,,,-99.0,,,,
1978,12,1,90.0,100.0,,,,,,,2048.0,13.0,6.0,,,,0.0,0.0,,64.04,53.96,36.0,,,,270.0,315.0,,,,,129.0,85.0,1.0,-9999.0,,,,,1.0,,,,,,1.0,,,,
1978,12,2,,,,,,,,,,0.0,,,,,0.0,0.0,,32.0,32.0,,,,,,,,,,,,,,-9.0,,,,,,,,,,,,,,,
1978,12,3,20.0,20.0,,,,,,,406.0,0.0,99.0,,,,0.0,0.0,,66.92,51.98,600.0,,,,,,,,,,103.0,58.0,999.0,999.0,,,,,999.0,,,,,,999.0,,,,
1978,12,4,,,,,,,,,,0.0,,,,,0.0,0.0,,,,,,,,,,,,,,,,-999.0,-999.0,,,,,-999.0,,,,,,-999.0,,,,
1978,12,6,0.0,0.0,,,,,,,1230.0,0.0,98.0,,,,0.0,0.0,,66.92,46.94,594.0,,,,,,,,,,72.0,49.0,9999.0,9999.0,,,,,9999.0,,,,,,9999.0,,,,
1978,12,7,,,,,,,,,,0.0,,,,,0.0,0.0,,,,,,,,,,,,,,,,,-99.0,,,,,-99.0,,,,,,,,,,
1978,12,8,,,,,,,,,,,,,,,,,,,,,,,,,,,,,,,,,99.0,,,,,99.0,,,,,,,,,,
1978,12,9,20.0,20.0,,,,,,,1512.0,0.0,78.0,,,,0.0,0.0,,55.94,42.08,468.0,,,,270.0,315.0,,,,,108.0,76.0,-9999.0,-9999.0,,,,,-9999.0,,,,,,1.0,,,,
1978,12,10,,,,,,,,,,,,,,,0.0,0.0,,32.0,32.0,,,,,,,,,,,,,-9.0,-9.0,,,,,-9.0,,,,,,,,,,
1978,12,11,0.0,0.0,,,,,,,418.0,0.0,100.0,,,,0.0,0.0,,55.04,37.94,606.0,,,,,,,,,,87.0,72.0,999.0,999.0,,,,,999.0,,,,,,999.0,,,,
1978,12,12,,,,,,,,,,0.0,,,,,0.0,0.0,,,,,,,,,,,,,,,,-999.0,-999.0,,,,,-999.0,,,,,,-999.0,,,,
1978,12,14,20.0,30.0,,,,,,,1442.0,0.0,93.0,,,,0.0,0.0,,57.92,37.94,564.0,,,,,,,,,,93.0,76.0,9999.0,9999.0,,,,,9999.0,,,,,,9999.0,,,,
1978,12,15,,,,,,,,,,0.0,,,,,0.0,0.0,,,32.0,,,,,,,,,,,,,-99.0,-99.0,,,,,-99.0,,,,,,-99.0,,,,
1978,12,16,,,,,,,,,,,,,,,,,,,,,,,,,,,,,,,,99.0,99.0,,,,,99.0,,,,,,99.0,,,,
1978,12,17,0.0,0.0,,,,,,,1454.0,0.0,100.0,,,,0.0,0.0,,75.02,50.0,600.0,,,,315.0,315.0,,,,,67.0,54.0,-9999.0,-9999.0,,,,,-9999.0,,,,,,-9999.0,,,,
1978,12,18,,,,,,,,,,0.0,,,,,0.0,0.0,,32.0,32.0,,,,,,,,,,,,,-9.0,-9.0,,,,,-9.0,,,,,,-9.0,,,,
1978,12,19,80.0,100.0,,,,,,,354.0,0.0,87.0,,,,0.0,0.0,,69.98,48.02,522.0,,,,,,,,,,67.0,36.0,999.0,999.0,,,,,999.0,,,,,,999.0,,,,
1978,12,20,,,,,,,,,,0.0,,,,,0.0,0.0,,,,,,,,,,,,,,,,-999.0,-999.0,,,,,-999.0,,,,,,-999.0,,,,
1978,12,22,70.0,90.0,,,,,,,1612.0,0.0,100.0,,,,0.0,0.0,,71.96,46.04,600.0,,,,,,,,,,57.0,45.0,9999.0,9999.0,,,,,9999.0,,,,,,9999.0,,,,
1978,12,23,,,,,,,,,,0.0,,,,,0.0,0.0,,,32.0,,,,,,,,,,,,,-99.0,-99.0,,,,,,,,,,,-99.0,,,,
1978,12,24,,,,,,,,,,,,,,,,,,,,,,,,,,,,,,,,99.0,99.0,,,,,,,,,,,99.0,,,,
1978,12,25,100.0,100.0,,,,,,,2218.0,36.0,73.0,,,,0.0,0.0,,62.959999999999994,46.94,438.0,,,,270.0,315.0,,,,,46.0,40.0,-9999.0,-9999.0,,,,,1.0,,,,,,1.0,,,,
1978,12,26,,,,,,,,,,0.0,,,,,0.0,0.0,,32.0,32.0,,,,,,,,,,,,,,-9.0,,,,,,,,,,,,,,,
1978,12,27,100.0,100.0,,,,,,,942.0,335.0,0.0,,,,0.0,0.0,,62.059999999999995,53.96,0.0,,,,,,,,,,113.0,76.0,1.0,999.0,,,,,999.0,,,,,,1.0,,,,
1978,12,28,,,,,,,,,,,,,,,0.0,0.0,,,,,,,,,,,,,,,,,-999.0,,,,,-999.0,,,,,,,,,,
1978,12,30,60.0,60.0,,,,,,,442.0,69.0,72.0,,,,0.0,0.0,,57.92,48.02,432.0,,,,,,,,,,175.0,125.0,9999.0,9999.0,,,,,9999.0,,,,,,1.0,,,,
1978,12,31,,,,,,,,,,0.0,,,,,0.0,0.0,,,32.0,,,,,,,,,,,,,-99.0,-99.0,,,,,-99.0,,,,,,,,,,
1979,1,1,40.0,60.0,,,,,,,1612.0,0.0,100.0,,,,0.0,0.0,,68.0,42.980000000000004,606.0,,,,45.0,45.0,,,,,72.0,45.0,-9999.0,,-9999.0,,-9999.0,,-9999.0,,,,,,-9999.0,,,,
1979,1,2,,,,,,,,,,0.0,,,,,0.0,0.0,,32.0,32.0,,,,,,,,,,,,,-9.0,,-9.0,,-9.0,,-9.0,,,,,,-9.0,,,,
1979,1,3,90.0,100.0,,,,,,,112.0,0.0,75.0,,,,0.0,0.0,,66.02,46.04,450.0,,,,,,,,,,72.0,45.0,999.0,,999.0,,999.0,,999.0,,,,,,999.0,,,,
1979,1,4,,,,,,,,,,0.0,,,,,0.0,0.0,,,,,,,,,,,,,,,,-999.0,,-999.0,,-999.0,,-999.0,,,,,,-999.0,,,,
1979,1,6,80.0,90.0,,,,,,,2348.0,0.0,89.0,,,,0.0,0.0,,66.92,48.02,540.0,,,,,,,,,,103.0,49.0,9999.0,,9999.0,,9999.0,,9999.0,,,,,,9999.0,,,,
1979,1,7,,,,,,,,,,,,,,,0.0,0.0,,,,,,,,,,,,,,,,,,-99.0,,-99.0,,-99.0,,,,,,,,,,
1979,1,8,,,,,,,,,,,,,,,,,,,,,,,,,,,,,,,,,,99.0,,99.0,,99.0,,,,,,,,,,
1979,1,9,100.0,90.0,,,,,,,342.0,277.0,78.0,,,,0.0,0.0,,62.959999999999994,59.0,474.0,,,,225.0,135.0,,,,,139.0,98.0,1.0,,-9999.0,,-9999.0,,-9999.0,,,,,,1.0,,,,
1979,1,10,,,,,,,,,,0.0,,,,,0.0,0.0,,32.0,32.0,,,,,,,,,,,,,,,-9.0,,-9.0,,-9.0,,,,,,,,,,
1979,1,11,70.0,80.0,,,,,,,430.0,,74.0,,,,0.0,0.0,,64.04,55.94,450.0,,,,,,,,,,67.0,45.0,999.0,,999.0,,999.0,,999.0,,,,,,1.0,,,,
1979,1,12,,,,,,,,,,0.0,,,,,0.0,0.0,,,,,,,,,,,,,,,,,,-999.0,,-999.0,,-999.0,,,,,,,,,,
1979,1,13,,,,,,,,,,,,,,,,,,,,,,,,,,,,,,,,,,,,,,,,,,,,9.0,,,,
1979,1,14,70.0,100.0,,,,,,,1200.0,10.0,32.0,,,,0.0,0.0,,60.08,55.04,192.0,,,,,,,,,,82.0,54.0,1.0,,9999.0,,9999.0,,9999.0,,,,,,1.0,,,,
1979,1,15,,,,,,,,,,0.0,,,,,0.0,0.0,,,,,,,,,,,,,,,,,,-99.0,,-99.0,,-99.0,,,,,,,,,,
1979,1,16,,,,,,,,,,,,,,,,,,,,,,,,,,,,,,,,,,99.0,,99.0,,99.0,,,,,,99.0,,,,
1979,1,17,90.0,100.0,,,,,,,1312.0,0.0,83.0,,,,0.0,0.0,,64.04,50.0,510.0,,,,315.0,315.0,,,,,72.0,49.0,1.0,,-9999.0,,-9999.0,,1.0,,,,,,-9999.0,,,,
1979,1,18,,,,,,,,,,0.0,,,,,0.0,0.0,,32.0,32.0,,,,,,,,,,,,,,,-9.0,,-9.0,,,,,,,,,,,,
1979,1,19,80.0,90.0,,,,,,,354.0,5.0,63.0,,,,0.0,0.0,,64.94,57.02,384.0,,,,,,,,,,77.0,67.0,1.0,,999.0,,999.0,,1.0,,,,,,1.0,,,,
1979,1,20,,,,,,,,,,0.0,,,,,0.0,0.0,,,,,,,,,,,,,,,,,,-999.0,,-999.0,,,,,,,,,,,,
1979,1,21,,,,,,,,,,,,,,,,,,,,,,,,,,,,,,,,,,,,,,,,,,,,9.0,,,,
1979,1,22,100.0,100.0,,,,,,,1236.0,5.0,42.0,,,,0.0,0.0,,64.94,53.96,258.0,,,,,,,,,,98.0,72.0,9999.0,,9999.0,,9999.0,,9999.0,,,,,,1.0,,,,
1979,1,23,,,,,,,,,,,,,,,0.0,0.0,,,,,,,,,,,,,,,,,,-99.0,,-99.0,,-99.0,,,,,,,,,,
1979,1,24,,,,,,,,,,,,,,,,,,,,,,,,,,,,,,,,,,99.0,,99.0,,99.0,,,,,,,,,,
1979,1,25,100.0,100.0,,,,,,,1406.0,0.0,26.0,,,,0.0,0.0,,68.0,57.02,162.0,,,,135.0,135.0,,,,,87.0,49.0,-9999.0,,-9999.0,,-9999.0,,-9999.0,,,,,,1.0,,,,
1979,1,26,,,,,,,,,,,,,,,0.0,0.0,,32.0,32.0,,,,,,,,,,,,,-9.0,,-9.0,,-9.0,,-9.0,,,,,,,,,,
1979,1,27,70.0,70.0,,,,,,,942.0,8.0,58.0,,,,0.0,0.0,,62.959999999999994,55.94,354.0,,,,,,,,,,93.0,54.0,999.0,,999.0,,999.0,,999.0,,,,,,1.0,,,,
1979,1,28,,,,,,,,,,,,,,,0.0,0.0,,,,,,,,,,,,,,,,,,-999.0,,-999.0,,-999.0,,,,,,,,,,
1979,1,30,10.0,20.0,,,,,,,1448.0,0.0,99.0,,,,0.0,0.0,,60.980000000000004,48.02,618.0,,,,,,,,,,87.0,67.0,9999.0,,9999.0,,9999.0,,9999.0,,,,,,9999.0,,,,
1979,1,31,,,,,,,,,,0.0,,,,,0.0,0.0,,,32.0,,,,,,,,,,,,,-99.0,,-99.0,,-99.0,,-99.0,,,,,,-99.0,,,,
1979,2,1,70.0,70.0,,,,,,,48.0,41.0,71.0,,,,0.0,0.0,,59.0,48.92,456.0,,,,225.0,225.0,,,,,118.0,80.0,-9999.0,-9999.0,,,,,-9999.0,,,,,,1.0,,,,
1979,2,2,,,,,,,,,,0.0,,,,,0.0,0.0,,32.0,32.0,,,,,,,,,,,,,-9.0,-9.0,,,,,-9.0,,,,,,,,,,
1979,2,3,80.0,70.0,,,,,,,454.0,46.0,53.0,,,,0.0,0.0,,57.92,48.92,342.0,,,,,,,,,,93.0,63.0,999.0,999.0,,,,,999.0,,,,,,1.0,,,,
1979,2,4,,,,,,,,,,0.0,,,,,0.0,0.0,,,,,,,,,,,,,,,,-999.0,-999.0,,,,,-999.0,,,,,,,,,,
1979,2,6,10.0,0.0,,,,,,,1248.0,0.0,96.0,,,,0.0,0.0,,62.059999999999995,42.980000000000004,618.0,,,,,,,,,,98.0,76.0,9999.0,9999.0,,,,,9999.0,,,,,,9999.0,,,,
1979,2,7,,,,,,,,,,0.0,,,,,0.0,0.0,,,32.0,,,,,,,,,,,,,-99.0,-99.0,,,,,-99.0,,,,,,-99.0,,,,
1979,2,8,,,,,,,,,,,,,,,,,,,,,,,,,,,,,,,,99.0,99.0,,,,,99.0,,,,,,99.0,,,,
1979,2,9,30.0,50.0,,,,,,,1348.0,0.0,100.0,,,,0.0,0.0,,62.959999999999994,44.96,648.0,,,,225.0,315.0,,,,,72.0,40.0,-9999.0,-9999.0,,,,,-9999.0,,,,,,-9999.0,,,,
1979,2,10,,,,,,,,,,0.0,,,,,0.0,0.0,,32.0,32.0,,,,,,,,,,,,,-9.0,-9.0,,,,,,,,,,,-9.0,,,,
1979,2,11,80.0,90.0,,,,,,,506.0,0.0,90.0,,,,0.0,0.0,,66.02,48.02,588.0,,,,,,,,,,67.0,45.0,999.0,999.0,,,,,1.0,,,,,,999.0,,,,
1979,2,12,,,,,,,,,,0.0,,,,,0.0,0.0,,,,,,,,,,,,,,,,,-999.0,,,,,,,,,,,-999.0,,,,
1979,2,13,,,,,,,,,,,,,,,,,,,,,,,,,,,,,,,,,9.0,,,,,,,,,,,,,,,
1979,2,14,50.0,40.0,,,,,,,1354.0,0.0,76.0,,,,0.0,0.0,,64.04,48.02,492.0,,,,,,,,,,82.0,58.0,1.0,1.0,,,,,1.0,,,,,,9999.0,,,,
1979,2,15,,,,,,,,,,0.0,,,,,0.0,0.0,,,32.0,,,,,,,,,,,,,,,,,,,,,,,,,-99.0,,,,
1979,2,16,,,,,,,,,,,,,,,,,,,,,,,,,,,,,,,,,,,,,,,,,,,,99.0,,,,
1979,2,17,80.0,60.0,,,,,,,1030.0,0.0,88.0,,,,0.0,0.0,,69.98,48.92,576.0,,,,315.0,315.0,,,,,82.0,67.0,1.0,1.0,,,,,1.0,,,,,,-9999.0,,,,
1979,2,18,,,,,,,,,,0.0,,,,,0.0,0.0,,32.0,32.0,,,,,,,,,,,,,,,,,,,,,,,,,-9.0,,,,
1979,2,19,50.0,80.0,,,,,,,324.0,0.0,97.0,,,,0.0,0.0,,69.98,48.02,636.0,,,,,,,,,,72.0,54.0,1.0,1.0,,,,,1.0,,,,,,999.0,,,,
1979,2,20,,,,,,,,,,0.0,,,,,0.0,0.0,,,,,,,,,,,,,,,,,,,,,,,,,,,,-999.0,,,,
1979,2,21,,,,,,,,,,,,,,,,,,,,,,,,,,,,,,,,9.0,,,,,,,,,,,,9.0,,,,
1979,2,22,60.0,60.0,,,,,,,1324.0,36.0,84.0,,,,0.0,0.0,,62.959999999999994,53.96,558.0,,,,,,,,,,103.0,76.0,1.0,9999.0,,,,,9999.0,,,,,,1.0,,,,
1979,2,23,,,,,,,,,,0.0,,,,,0.0,0.0,,,32.0,,,,,,,,,,,,,,-99.0,,,,,-99.0,,,,,,,,,,
1979,2,24,,,,,,,,,,,,,,,,,,,,,,,,,,,,,,,,99.0,99.0,,,,,99.0,,,,,,99.0,,,,
1979,2,25,60.0,50.0,,,,,,,1318.0,0.0,88.0,,,,0.0,0.0,,64.04,53.96,588.0,,,,315.0,315.0,,,,,82.0,54.0,-9999.0,-9999.0,,,,,-9999.0,,,,,,-9999.0,,,,
1979,2,26,,,,,,,,,,0.0,,,,,0.0,0.0,,32.0,32.0,,,,,,,,,,,,,-9.0,-9.0,,,,,-9.0,,,,,,-9.0,,,,
1979,2,27,10.0,0.0,,,,,,,242.0,0.0,100.0,,,,0.0,0.0,,64.94,51.08,666.0,,,,,,,,,,113.0,80.0,999.0,999.0,,,,,999.0,,,,,,999.0,,,,
1979,2,28,,,,,,,,,,0.0,,,,,0.0,0.0,,,,,,,,,,,,,,,,,,,,,,,,,,,,-999.0,,,,
1979,2,30,70.0,100.0,,,,,,,1524.0,0.0,78.0,,,,0.0,0.0,,64.04,50.0,522.0,,,,,,,,,,87.0,58.0,1.0,1.0,,,,,1.0,,,,,,9999.0,,,,
1979,2,31,,,,,,,,,,0.0,,,,,0.0,0.0,,,,,,,,,,,,,,,,,,,,,,,,,,,,,,,,
1979,3,1,90.0,100.0,,,,,,,1454.0,165.0,3.0,,,,0.0,0.0,,59.0,51.98,18.0,,,,315.0,270.0,,,,,144.0,98.0,1.0,-9999.0,-9999.0,,,,-9999.0,,,,,,1.0,,,,
1979,3,2,,,,,,,,,,0.0,,,,,0.0,0.0,,32.0,32.0,,,,,,,,,,,,,,-9.0,-9.0,,,,-9.0,,,,,,,,,,
1979,3,3,20.0,30.0,,,,,,,412.0,0.0,99.0,,,,0.0,0.0,,60.980000000000004,46.94,684.0,,,,,,,,,,87.0,49.0,999.0,999.0,999.0,,,,999.0,,,,,,999.0,,,,
1979,3,4,,,,,,,,,,0.0,,,,,0.0,0.0,,,,,,,,,,,,,,,,-999.0,-999.0,-999.0,,,,-999.0,,,,,,-999.0,,,,
1979,3,5,,,,,,,,,,,,,,,,,,,,,,,,,,,,,,,,,,,,,,9.0,,,,,,,,,,
1979,3,6,10.0,10.0,,,,,,,1554.0,0.0,93.0,,,,0.0,0.0,,69.98,48.92,648.0,,,,,,,,,,113.0,76.0,9999.0,9999.0,9999.0,,,,1.0,,,,,,9999.0,,,,
1979,3,7,,,,,,,,,,0.0,,,,,0.0,0.0,,,,,,,,,,,,,,,,-99.0,-99.0,-99.0,,,,,,,,,,-99.0,,,,
1979,3,8,,,,,,,,,,,,,,,,,,,,,,,,,,,,,,,,99.0,99.0,99.0,,,,,,,,,,99.0,,,,
1979,3,9,10.0,0.0,,,,,,,1318.0,0.0,100.0,,,,0.0,0.0,,84.02,55.94,702.0,,,,315.0,315.0,,,,,87.0,63.0,-9999.0,-9999.0,-9999.0,,,,-9999.0,,,,,,-9999.0,,,,
1979,3,10,,,,,,,,,,0.0,,,,,0.0,0.0,,32.0,32.0,,,,,,,,,,,,,,,-9.0,,,,-9.0,,,,,,-9.0,,,,
1979,3,11,0.0,0.0,,,,,,,336.0,0.0,100.0,,,,0.0,0.0,,84.02,55.94,702.0,,,,,,,,,,77.0,54.0,1.0,1.0,999.0,,,,999.0,,,,,,999.0,,,,
1979,3,12,,,,,,,,,,0.0,,,,,0.0,0.0,,,,,,,,,,,,,,,,,,-999.0,,,,,,,,,,-999.0,,,,
1979,3,14,100.0,100.0,,,,,,,1218.0,0.0,59.0,,,,0.0,0.0,,66.02,57.02,420.0,,,,,,,,,,72.0,40.0,9999.0,9999.0,9999.0,,,,1.0,,,,,,9999.0,,,,
1979,3,15,,,,,,,,,,0.0,,,,,0.0,0.0,,,,,,,,,,,,,,,,-99.0,-99.0,-99.0,,,,,,,,,,-99.0,,,,
1979,3,16,,,,,,,,,,,,,,,,,,,,,,,,,,,,,,,,99.0,99.0,99.0,,,,,,,,,,99.0,,,,
1979,3,17,10.0,0.0,,,,,,,1148.0,0.0,100.0,,,,0.0,0.0,,69.08,55.04,708.0,,,,315.0,315.0,,,,,108.0,85.0,1.0,-9999.0,-9999.0,,,,1.0,,,,,,-9999.0,,,,
1979,3,18,,,,,,,,,,0.0,,,,,0.0,0.0,,32.0,32.0,,,,,,,,,,,,,,-9.0,-9.0,,,,,,,,,,-9.0,,,,
1979,3,19,50.0,40.0,,,,,,,336.0,0.0,87.0,,,,0.0,0.0,,71.06,55.04,624.0,,,,,,,,,,87.0,49.0,999.0,999.0,999.0,,,,1.0,,,,,,999.0,,,,
1979,3,20,,,,,,,,,,0.0,,,,,0.0,0.0,,,,,,,,,,,,,,,,-999.0,-999.0,-999.0,,,,,,,,,,,,,,
1979,3,22,30.0,20.0,,,,,,,1230.0,23.0,100.0,,,,0.0,0.0,,66.02,55.94,714.0,,,,,,,,,,82.0,45.0,9999.0,9999.0,9999.0,,,,9999.0,,,,,,1.0,,,,
1979,3,23,,,,,,,,,,0.0,,,,,0.0,0.0,,,,,,,,,,,,,,,,,-99.0,-99.0,,,,,,,,,,,,,,
1979,3,24,,,,,,,,,,,,,,,,,,,,,,,,,,,,,,,,,99.0,99.0,,,,,,,,,,,,,,
1979,3,25,60.0,50.0,,,,,,,1312.0,0.0,64.0,,,,0.0,0.0,,62.059999999999995,55.04,456.0,,,,315.0,315.0,,,,,108.0,76.0,-9999.0,-9999.0,-9999.0,,,,-9999.0,,,,,,1.0,,,,
1979,3,26,,,,,,,,,,,,,,,0.0,0.0,,32.0,32.0,,,,,,,,,,,,,-9.0,-9.0,-9.0,,,,-9.0,,,,,,,,,,
1979,3,27,80.0,80.0,,,,,,,706.0,147.0,40.0,,,,0.0,0.0,,60.980000000000004,53.06,288.0,,,,,,,,,,134.0,76.0,999.0,999.0,999.0,,,,999.0,,,,,,1.0,,,,
1979,3,28,,,,,,,,,,,,,,,0.0,0.0,,,,,,,,,,,,,,,,-999.0,-999.0,-999.0,,,,-999.0,,,,,,,,,,
1979,3,30,100.0,90.0,,,,,,,718.0,43.0,38.0,,,,0.0,0.0,,59.0,53.06,276.0,,,,,,,,,,103.0,67.0,9999.0,9999.0,9999.0,,,,9999.0,,,,,,1.0,,,,
1979,3,31,,,,,,,,,,,,,,,0.0,0.0,,,,,,,,,,,,,,,,-99.0,-99.0,-99.0,,,,-99.0,,,,,,,,,,
1979,4,1,0.0,10.0,,,,,,,1312.0,0.0,100.0,,,,0.0,0.0,,71.06,51.98,750.0,,,,225.0,315.0,,,,,82.0,45.0,-9999.0,-9999.0,,,,,1.0,,,,,,-9999.0,,,,
1979,4,2,,,,,,,,,,0.0,,,,,0.0,0.0,,32.0,32.0,,,,,,,,,,,,,-9.0,-9.0,,,,,,,,,,,-9.0,,,,
1979,4,3,20.0,30.0,,,,,,,354.0,0.0,92.0,,,,0.0,0.0,,68.0,55.04,690.0,,,,,,,,,,82.0,58.0,999.0,999.0,,,,,999.0,,,,,,999.0,,,,
1979,4,4,,,,,,,,,,0.0,,,,,0.0,0.0,,,,,,,,,,,,,,,,-999.0,-999.0,,,,,-999.0,,,,,,-999.0,,,,
1979,4,6,0.0,0.0,,,,,,,1636.0,0.0,100.0,,,,0.0,0.0,,75.92,55.94,756.0,,,,,,,,,,103.0,76.0,9999.0,9999.0,,,,,9999.0,,,,,,9999.0,,,,
1979,4,7,,,,,,,,,,0.0,,,,,0.0,0.0,,,,,,,,,,,,,,,,-99.0,-99.0,,,,,-99.0,,,,,,-99.0,,,,
1979,4,8,,,,,,,,,,,,,,,,,,,,,,,,,,,,,,,,99.0,99.0,,,,,99.0,,,,,,99.0,,,,
1979,4,9,70.0,40.0,,,,,,,1618.0,0.0,66.0,,,,0.0,0.0,,66.02,60.08,504.0,,,,315.0,315.0,,,,,77.0,49.0,-9999.0,-9999.0,,,,,-9999.0,,,,,,-9999.0,,,,
1979,4,10,,,,,,,,,,0.0,,,,,0.0,0.0,,32.0,32.0,,,,,,,,,,,,,-9.0,-9.0,,,,,-9.0,,,,,,-9.0,,,,
1979,4,11,90.0,90.0,,,,,,,530.0,0.0,59.0,,,,0.0,0.0,,66.92,60.08,456.0,,,,,,,,,,108.0,67.0,999.0,999.0,,,,,999.0,,,,,,999.0,,,,
1979,4,12,,,,,,,,,,0.0,,,,,0.0,0.0,,,,,,,,,,,,,,,,-999.0,-999.0,,,,,-999.0,,,,,,,,,,
1979,4,13,,,,,,,,,,,,,,,,,,,,,,,,,,,,,,,,9.0,,,,,,,,,,,,,,,,
1979,4,14,100.0,100.0,,,,,,,918.0,3.0,4.0,,,,0.0,0.0,,60.980000000000004,59.0,30.0,,,,,,,,,,118.0,76.0,1.0,9999.0,,,,,9999.0,,,,,,1.0,,,,
1979,4,15,,,,,,,,,,0.0,,,,,0.0,0.0,,,,,,,,,,,,,,,,,-99.0,,,,,-99.0,,,,,,,,,,
1979,4,16,,,,,,,,,,,,,,,,,,,,,,,,,,,,,,,,99.0,99.0,,,,,99.0,,,,,,99.0,,,,
1979,4,17,60.0,90.0,,,,,,,1342.0,0.0,80.0,,,,0.0,0.0,,66.92,55.94,618.0,,,,315.0,315.0,,,,,93.0,54.0,-9999.0,-9999.0,,,,,-9999.0,,,,,,-9999.0,,,,
1979,4,18,,,,,,,,,,0.0,,,,,0.0,0.0,,32.0,32.0,,,,,,,,,,,,,-9.0,-9.0,,,,,-9.0,,,,,,-9.0,,,,
1979,4,19,50.0,70.0,,,,,,,406.0,0.0,96.0,,,,0.0,0.0,,71.96,57.02,738.0,,,,,,,,,,103.0,85.0,999.0,999.0,,,,,999.0,,,,,,999.0,,,,
1979,4,20,,,,,,,,,,0.0,,,,,0.0,0.0,,,,,,,,,,,,,,,,-999.0,-999.0,,,,,,,,,,,-999.0,,,,
1979,4,21,,,,,,,,,,,,,,,,,,,,,,,,,,,,,,,,9.0,9.0,,,,,,,,,,,,,,,
1979,4,22,50.0,10.0,,,,,,,1418.0,0.0,91.0,,,,0.0,0.0,,69.08,59.0,714.0,,,,,,,,,,72.0,40.0,1.0,1.0,,,,,1.0,,,,,,9999.0,,,,
1979,4,23,,,,,,,,,,0.0,,,,,0.0,0.0,,,,,,,,,,,,,,,,,,,,,,,,,,,,-99.0,,,,
1979,4,24,,,,,,,,,,,,,,,,,,,,,,,,,,,,,,,,99.0,99.0,,,,,,,,,,,99.0,,,,
1979,4,25,90.0,80.0,,,,,,,1406.0,0.0,52.0,,,,0.0,0.0,,68.0,60.08,408.0,,,,225.0,270.0,,,,,98.0,58.0,-9999.0,-9999.0,,,,,-9999.0,,,,,,-9999.0,,,,
1979,4,26,,,,,,,,,,0.0,,,,,0.0,0.0,,32.0,32.0,,,,,,,,,,,,,-9.0,-9.0,,,,,-9.0,,,,,,,,,,
1979,4,27,70.0,70.0,,,,,,,406.0,3.0,53.0,,,,0.0,0.0,,64.94,57.92,414.0,,,,,,,,,,118.0,67.0,999.0,999.0,,,,,999.0,,,,,,1.0,,,,
1979,4,28,,,,,,,,,,0.0,,,,,0.0,0.0,,,,,,,,,,,,,,,,-999.0,-999.0,,,,,-999.0,,,,,,,,,,
1979,4,30,0.0,0.0,,,,,,,1542.0,0.0,100.0,,,,0.0,0.0,,68.0,53.06,786.0,,,,,,,,,,108.0,80.0,9999.0,9999.0,,,,,9999.0,,,,,,9999.0,,,,
1979,4,31,,,,,,,,,,0.0,,,,,0.0,0.0,,,,,,,,,,,,,,,,-99.0,-99.0,,,,,-99.0,,,,,,-99.0,,,,
1979,5,1,90.0,90.0,,,,,,,1606.0,0.0,17.0,,,,0.0,0.0,,68.0,60.08,138.0,,,,225.0,225.0,,,,,103.0,58.0,-9999.0,,,,,,-9999.0,,,,,,1.0,,,,
1979,5,2,,,,,,,,,,,,,,,0.0,0.0,,32.0,32.0,,,,,,,,,,,,,-9.0,,,,,,-9.0,,,,,,,,,,
1979,5,3,80.0,70.0,,,,,,,230.0,,45.0,,,,0.0,0.0,,66.92,57.02,366.0,,,,,,,,,,87.0,54.0,999.0,,,,,,999.0,,,,,,1.0,,,,
1979,5,4,,,,,,,,,,0.0,,,,,0.0,0.0,,,,,,,,,,,,,,,,-999.0,,,,,,-999.0,,,,,,,,,,
1979,5,5,,,,,,,,,,,,,,,,,,,,,,,,,,,,,,,,9.0,,,,,,9.0,,,,,,,,,,
1979,5,6,100.0,90.0,,,,,,,1242.0,0.0,36.0,,,,0.0,0.0,,69.08,60.08,288.0,,,,,,,,,,87.0,58.0,1.0,,,,,,1.0,,,,,,9999.0,,,,
1979,5,7,,,,,,,,,,0.0,,,,,0.0,0.0,,,,,,,,,,,,,,,,,,,,,,,,,,,,,,,,
1979,5,9,80.0,80.0,,,,,,,1636.0,0.0,52.0,,,,0.0,0.0,,68.0,60.980000000000004,426.0,,,,270.0,270.0,,,,,87.0,54.0,-9999.0,,,,,,-9999.0,,,,,,1.0,,,,
1979,5,10,,,,,,,,,,,,,,,0.0,0.0,,32.0,32.0,,,,,,,,,,,,,-9.0,,,,,,-9.0,,,,,,,,,,
1979,5,11,70.0,80.0,,,,,,,406.0,0.0,65.0,,,,0.0,0.0,,66.92,60.08,534.0,,,,,,,,,,129.0,89.0,999.0,,,,,,999.0,,,,,,999.0,,,,
1979,5,12,,,,,,,,,,,,,,,0.0,0.0,,,,,,,,,,,,,,,,-999.0,,,,,,-999.0,,,,,,,,,,
1979,5,14,20.0,20.0,,,,,,,1242.0,0.0,88.0,,,,0.0,0.0,,66.92,55.04,726.0,,,,,,,,,,87.0,63.0,9999.0,,,,,,9999.0,,,,,,9999.0,,,,
1979,5,15,,,,,,,,,,0.0,,,,,0.0,0.0,,,,,,,,,,,,,,,,-99.0,,,,,,-99.0,,,,,,-99.0,,,,
1979,5,16,,,,,,,,,,,,,,,,,,,,,,,,,,,,,,,,99.0,,,,,,99.0,,,,,,99.0,,,,
1979,5,17,0.0,0.0,,,,,,,1906.0,0.0,100.0,,,,0.0,0.0,,80.96,57.92,822.0,,,,360.0,315.0,,,,,123.0,98.0,-9999.0,,,,,,-9999.0,,,,,,-9999.0,,,,
1979,5,18,,,,,,,,,,0.0,,,,,0.0,0.0,,32.0,32.0,,,,,,,,,,,,,-9.0,,,,,,-9.0,,,,,,-9.0,,,,
1979,5,19,0.0,0.0,,,,,,,454.0,0.0,100.0,,,,0.0,0.0,,87.98,60.980000000000004,828.0,,,,,,,,,,113.0,89.0,999.0,,,,,,999.0,,,,,,999.0,,,,
1979,5,20,,,,,,,,,,0.0,,,,,0.0,0.0,,,,,,,,,,,,,,,,-999.0,,,,,,-999.0,,,,,,-999.0,,,,
1979,5,21,,,,,,,,,,,,,,,,,,,,,,,,,,,,,,,,9.0,,,,,,,,,,,,,,,,
1979,5,22,30.0,10.0,,,,,,,2018.0,0.0,91.0,,,,0.0,0.0,,77.0,60.980000000000004,756.0,,,,,,,,,,82.0,45.0,1.0,,,,,,9999.0,,,,,,9999.0,,,,
1979,5,23,,,,,,,,,,0.0,,,,,0.0,0.0,,,,,,,,,,,,,,,,,,,,,,-99.0,,,,,,-99.0,,,,
1979,5,24,,,,,,,,,,,,,,,,,,,,,,,,,,,,,,,,,,,,,,99.0,,,,,,99.0,,,,
1979,5,25,90.0,80.0,,,,,,,1230.0,0.0,55.0,,,,0.0,0.0,,66.02,60.980000000000004,456.0,,,,180.0,180.0,,,,,82.0,49.0,-9999.0,,,,,,-9999.0,,,,,,-9999.0,,,,
1979,5,26,,,,,,,,,,0.0,,,,,0.0,0.0,,32.0,32.0,,,,,,,,,,,,,-9.0,,,,,,-9.0,,,,,,-9.0,,,,
1979,5,27,90.0,100.0,,,,,,,224.0,0.0,38.0,,,,0.0,0.0,,66.02,60.980000000000004,318.0,,,,,,,,,,87.0,49.0,999.0,,,,,,999.0,,,,,,999.0,,,,
1979,5,28,,,,,,,,,,0.0,,,,,0.0,0.0,,,,,,,,,,,,,,,,-999.0,,,,,,-999.0,,,,,,-999.0,,,,
1979,5,29,,,,,,,,,,,,,,,,,,,,,,,,,,,,,,,,9.0,,,,,,9.0,,,,,,9.0,,,,
1979,5,30,100.0,100.0,,,,,,,1048.0,10.0,1.0,,,,0.0,0.0,,64.04,60.980000000000004,12.0,,,,,,,,,,93.0,76.0,1.0,,,,,,1.0,,,,,,1.0,,,,
1979,5,31,,,,,,,,,,0.0,,,,,0.0,0.0,,,,,,,,,,,,,,,,,,,,,,,,,,,,,,,,
1979,6,1,100.0,100.0,,,,,,,1512.0,0.0,4.0,,,,0.0,0.0,,69.98,62.959999999999994,36.0,,,,270.0,270.0,,,,,87.0,58.0,1.0,-9999.0,,,,,1.0,,,,,,1.0,,,,
1979,6,2,,,,,,,,,,,,,,,0.0,0.0,,32.0,32.0,,,,,,,,,,,,,,-9.0,,,,,,,,,,,,,,,
1979,6,3,100.0,100.0,,,,,,,318.0,3.0,11.0,,,,0.0,0.0,,64.94,62.959999999999994,96.0,,,,,,,,,,87.0,58.0,1.0,999.0,,,,,999.0,,,,,,1.0,,,,
1979,6,4,,,,,,,,,,0.0,,,,,0.0,0.0,,,,,,,,,,,,,,,,,-999.0,,,,,,,,,,,,,,,
1979,6,5,,,,,,,,,,,,,,,,,,,,,,,,,,,,,,,,,,,,,,,,,,,,9.0,,,,
1979,6,6,100.0,100.0,,,,,,,1324.0,,0.0,,,,0.0,0.0,,66.02,62.059999999999995,0.0,,,,,,,,,,67.0,36.0,1.0,9999.0,,,,,1.0,,,,,,1.0,,,,
1979,6,7,,,,,,,,,,0.0,,,,,0.0,0.0,,,,,,,,,,,,,,,,,-99.0,,,,,,,,,,,,,,,
1979,6,8,,,,,,,,,,,,,,,,,,,,,,,,,,,,,,,,,99.0,,,,,99.0,,,,,,,,,,
1979,6,9,100.0,100.0,,,,,,,1348.0,0.0,1.0,,,,0.0,0.0,,64.04,62.059999999999995,6.0,,,,225.0,180.0,,,,,77.0,58.0,-9999.0,-9999.0,,,,,1.0,,,,,,1.0,,,,
1979,6,10,,,,,,,,,,,,,,,0.0,0.0,,32.0,32.0,,,,,,,,,,,,,-9.0,-9.0,,,,,,,,,,,,,,,
1979,6,11,100.0,100.0,,,,,,,412.0,,25.0,,,,0.0,0.0,,69.08,62.059999999999995,210.0,,,,,,,,,,103.0,67.0,999.0,999.0,,,,,999.0,,,,,,1.0,,,,
1979,6,12,,,,,,,,,,0.0,,,,,0.0,0.0,,,,,,,,,,,,,,,,-999.0,-999.0,,,,,-999.0,,,,,,,,,,
1979,6,13,,,,,,,,,,,,,,,,,,,,,,,,,,,,,,,,9.0,9.0,,,,,9.0,,,,,,,,,,
1979,6,14,30.0,20.0,,,,,,,1854.0,0.0,94.0,,,,0.0,0.0,,89.96000000000001,60.08,804.0,,,,,,,,,,103.0,80.0,1.0,1.0,,,,,1.0,,,,,,9999.0,,,,
1979,6,15,,,,,,,,,,0.0,,,,,0.0,0.0,,,,,,,,,,,,,,,,,,,,,,,,,,,,-99.0,,,,
1979,6,16,,,,,,,,,,,,,,,,,,,,,,,,,,,,,,,,99.0,99.0,,,,,99.0,,,,,,99.0,,,,
1979,6,17,10.0,20.0,,,,,,,1500.0,0.0,100.0,,,,0.0,0.0,,98.06,69.08,858.0,,,,315.0,315.0,,,,,77.0,67.0,-9999.0,-9999.0,,,,,1.0,,,,,,-9999.0,,,,
1979,6,18,,,,,,,,,,0.0,,,,,0.0,0.0,,32.0,32.0,,,,,,,,,,,,,-9.0,-9.0,,,,,,,,,,,-9.0,,,,
1979,6,19,10.0,10.0,,,,,,,406.0,0.0,100.0,,,,0.0,0.0,,89.96000000000001,71.96,858.0,,,,,,,,,,98.0,85.0,999.0,999.0,,,,,1.0,,,,,,999.0,,,,
1979,6,20,,,,,,,,,,0.0,,,,,0.0,0.0,,,,,,,,,,,,,,,,-999.0,-999.0,,,,,,,,,,,-999.0,,,,
1979,6,22,10.0,10.0,,,,,,,1142.0,0.0,100.0,,,,0.0,0.0,,78.98,64.94,858.0,,,,,,,,,,82.0,54.0,9999.0,9999.0,,,,,9999.0,,,,,,9999.0,,,,
1979,6,23,,,,,,,,,,0.0,,,,,0.0,0.0,,,,,,,,,,,,,,,,,-99.0,,,,,,,,,,,-99.0,,,,
1979,6,24,,,,,,,,,,,,,,,,,,,,,,,,,,,,,,,,,99.0,,,,,,,,,,,99.0,,,,
1979,6,25,80.0,80.0,,,,,,,1206.0,0.0,53.0,,,,0.0,0.0,,69.98,64.04,456.0,,,,360.0,225.0,,,,,93.0,63.0,-9999.0,-9999.0,,,,,-9999.0,,,,,,-9999.0,,,,
1979,6,26,,,,,,,,,,0.0,,,,,0.0,0.0,,32.0,32.0,,,,,,,,,,,,,-9.0,-9.0,,,,,-9.0,,,,,,,,,,
1979,6,27,90.0,100.0,,,,,,,206.0,,2.0,,,,0.0,0.0,,66.02,62.059999999999995,18.0,,,,,,,,,,113.0,76.0,999.0,999.0,,,,,999.0,,,,,,1.0,,,,
1979,6,28,,,,,,,,,,0.0,,,,,0.0,0.0,,,,,,,,,,,,,,,,-999.0,-999.0,,,,,-999.0,,,,,,,,,,
1979,6,30,20.0,20.0,,,,,,,1136.0,0.0,94.0,,,,0.0,0.0,,73.94,62.059999999999995,810.0,,,,,,,,,,93.0,54.0,9999.0,9999.0,,,,,9999.0,,,,,,9999.0,,,,
1979,6,31,,,,,,,,,,0.0,,,,,0.0,0.0,,,,,,,,,,,,,,,,-99.0,-99.0,,,,,-99.0,,,,,,-99.0,,,,
1979,7,1,80.0,70.0,,,,,,,1354.0,0.0,50.0,,,,0.0,0.0,,71.06,64.94,432.0,,,,225.0,225.0,,,,,82.0,58.0,-9999.0,-9999.0,-9999.0,,,,-9999.0,,,,,,-9999.0,,,,
1979,7,2,,,,,,,,,,0.0,,,,,0.0,0.0,,32.0,32.0,,,,,,,,,,,,,-9.0,-9.0,-9.0,,,,-9.0,,,,,,-9.0,,,,
1979,7,3,80.0,60.0,,,,,,,500.0,0.0,53.0,,,,0.0,0.0,,71.96,64.04,450.0,,,,,,,,,,82.0,49.0,999.0,999.0,999.0,,,,999.0,,,,,,999.0,,,,
1979,7,4,,,,,,,,,,0.0,,,,,0.0,0.0,,,,,,,,,,,,,,,,-999.0,-999.0,-999.0,,,,-999.0,,,,,,-999.0,,,,
1979,7,6,70.0,70.0,,,,,,,1100.0,0.0,78.0,,,,0.0,0.0,,73.94,64.94,666.0,,,,,,,,,,98.0,58.0,9999.0,9999.0,9999.0,,,,9999.0,,,,,,9999.0,,,,
1979,7,7,,,,,,,,,,0.0,,,,,0.0,0.0,,,,,,,,,,,,,,,,-99.0,-99.0,-99.0,,,,-99.0,,,,,,-99.0,,,,
1979,7,8,,,,,,,,,,,,,,,,,,,,,,,,,,,,,,,,99.0,99.0,99.0,,,,99.0,,,,,,99.0,,,,
1979,7,9,20.0,30.0,,,,,,,1512.0,0.0,85.0,,,,0.0,0.0,,75.02,64.94,726.0,,,,315.0,315.0,,,,,82.0,63.0,-9999.0,-9999.0,-9999.0,,,,-9999.0,,,,,,-9999.0,,,,
1979,7,10,,,,,,,,,,0.0,,,,,0.0,0.0,,32.0,32.0,,,,,,,,,,,,,-9.0,-9.0,-9.0,,,,,,,,,,-9.0,,,,
1979,7,11,30.0,40.0,,,,,,,654.0,0.0,85.0,,,,0.0,0.0,,78.98,64.94,726.0,,,,,,,,,,67.0,58.0,999.0,999.0,999.0,,,,1.0,,,,,,999.0,,,,
1979,7,12,,,,,,,,,,0.0,,,,,0.0,0.0,,,,,,,,,,,,,,,,,,-999.0,,,,,,,,,,-999.0,,,,
1979,7,14,10.0,0.0,,,,,,,1236.0,0.0,100.0,,,,0.0,0.0,,80.06,64.94,852.0,,,,,,,,,,87.0,76.0,1.0,9999.0,9999.0,,,,9999.0,,,,,,9999.0,,,,
1979,7,15,,,,,,,,,,0.0,,,,,0.0,0.0,,,,,,,,,,,,,,,,,-99.0,-99.0,,,,-99.0,,,,,,-99.0,,,,
1979,7,16,,,,,,,,,,,,,,,,,,,,,,,,,,,,,,,,,99.0,99.0,,,,99.0,,,,,,99.0,,,,
1979,7,17,30.0,30.0,,,,,,,1312.0,0.0,73.0,,,,0.0,0.0,,75.92,66.02,618.0,,,,225.0,225.0,,,,,67.0,45.0,-9999.0,-9999.0,-9999.0,,,,-9999.0,,,,,,-9999.0,,,,
1979,7,18,,,,,,,,,,0.0,,,,,0.0,0.0,,32.0,32.0,,,,,,,,,,,,,-9.0,-9.0,-9.0,,,,,,,,,,-9.0,,,,
1979,7,19,90.0,90.0,,,,,,,6.0,0.0,42.0,,,,0.0,0.0,,71.96,64.04,354.0,,,,,,,,,,77.0,54.0,999.0,999.0,999.0,,,,1.0,,,,,,999.0,,,,
1979,7,20,,,,,,,,,,0.0,,,,,0.0,0.0,,,,,,,,,,,,,,,,-999.0,-999.0,-999.0,,,,,,,,,,-999.0,,,,
1979,7,22,40.0,30.0,,,,,,,1024.0,0.0,72.0,,,,0.0,0.0,,78.08,66.02,612.0,,,,,,,,,,103.0,54.0,9999.0,9999.0,9999.0,,,,9999.0,,,,,,9999.0,,,,
1979,7,23,,,,,,,,,,0.0,,,,,0.0,0.0,,,,,,,,,,,,,,,,-99.0,-99.0,-99.0,,,,,,,,,,-99.0,,,,
1979,7,24,,,,,,,,,,,,,,,,,,,,,,,,,,,,,,,,99.0,99.0,99.0,,,,,,,,,,99.0,,,,
1979,7,25,50.0,40.0,,,,,,,1448.0,0.0,69.0,,,,0.0,0.0,,78.08,68.0,588.0,,,,315.0,315.0,,,,,87.0,76.0,-9999.0,-9999.0,-9999.0,,,,1.0,,,,,,-9999.0,,,,
1979,7,26,,,,,,,,,,0.0,,,,,0.0,0.0,,32.0,32.0,,,,,,,,,,,,,-9.0,-9.0,-9.0,,,,,,,,,,-9.0,,,,
1979,7,27,30.0,30.0,,,,,,,418.0,0.0,100.0,,,,0.0,0.0,,82.04,69.08,846.0,,,,,,,,,,82.0,76.0,999.0,999.0,999.0,,,,1.0,,,,,,999.0,,,,
1979,7,28,,,,,,,,,,0.0,,,,,0.0,0.0,,,,,,,,,,,,,,,,-999.0,-999.0,-999.0,,,,,,,,,,-999.0,,,,
1979,7,29,,,,,,,,,,,,,,,,,,,,,,,,,,,,,,,,9.0,,,,,,,,,,,,,,,,
1979,7,30,80.0,80.0,,,,,,,1142.0,0.0,43.0,,,,0.0,0.0,,77.0,68.0,360.0,,,,,,,,,,82.0,49.0,1.0,9999.0,9999.0,,,,1.0,,,,,,9999.0,,,,
1979,7,31,,,,,,,,,,0.0,,,,,0.0,0.0,,,,,,,,,,,,,,,,,-99.0,,,,,,,,,,,,,,,
1979,8,1,50.0,20.0,,,,,,,1400.0,0.0,83.0,,,,0.0,0.0,,80.06,69.98,684.0,,,,315.0,225.0,,,,,72.0,49.0,1.0,,,,,,1.0,,,,,,-9999.0,,,,
1979,8,2,,,,,,,,,,0.0,,,,,0.0,0.0,,32.0,32.0,,,,,,,,,,,,,,,,,,,,,,,,,-9.0,,,,
1979,8,3,50.0,30.0,,,,,,,448.0,0.0,78.0,,,,0.0,0.0,,78.08,68.0,642.0,,,,,,,,,,77.0,49.0,999.0,,,,,,999.0,,,,,,999.0,,,,
1979,8,4,,,,,,,,,,0.0,,,,,0.0,0.0,,,,,,,,,,,,,,,,-999.0,,,,,,-999.0,,,,,,-999.0,,,,
1979,8,5,,,,,,,,,,,,,,,,,,,,,,,,,,,,,,,,,,,,,,9.0,,,,,,,,,,
1979,8,6,50.0,30.0,,,,,,,1506.0,0.0,74.0,,,,0.0,0.0,,78.08,66.92,606.0,,,,,,,,,,82.0,67.0,9999.0,,,,,,1.0,,,,,,9999.0,,,,
1979,8,7,,,,,,,,,,0.0,,,,,0.0,0.0,,,,,,,,,,,,,,,,-99.0,,,,,,,,,,,,,,,,
1979,8,8,,,,,,,,,,,,,,,,,,,,,,,,,,,,,,,,99.0,,,,,,,,,,,,,,,,
1979,8,9,30.0,10.0,,,,,,,1124.0,0.0,96.0,,,,0.0,0.0,,87.98,71.06,786.0,,,,225.0,225.0,,,,,62.0,45.0,-9999.0,,,,,,-9999.0,,,,,,-9999.0,,,,
1979,8,10,,,,,,,,,,0.0,,,,,0.0,0.0,,32.0,32.0,,,,,,,,,,,,,-9.0,,,,,,-9.0,,,,,,-9.0,,,,
1979,8,11,20.0,30.0,,,,,,,154.0,0.0,100.0,,,,0.0,0.0,,82.94,73.04,816.0,,,,,,,,,,77.0,54.0,999.0,,,,,,999.0,,,,,,999.0,,,,
1979,8,12,,,,,,,,,,0.0,,,,,0.0,0.0,,,,,,,,,,,,,,,,-999.0,,,,,,-999.0,,,,,,-999.0,,,,
1979,8,13,,,,,,,,,,,,,,,,,,,,,,,,,,,,,,,,,,,,,,9.0,,,,,,,,,,
1979,8,14,40.0,20.0,,,,,,,1412.0,0.0,99.0,,,,0.0,0.0,,82.94,71.06,804.0,,,,,,,,,,67.0,40.0,9999.0,,,,,,1.0,,,,,,9999.0,,,,
1979,8,15,,,,,,,,,,0.0,,,,,0.0,0.0,,,,,,,,,,,,,,,,-99.0,,,,,,,,,,,,-99.0,,,,
1979,8,16,,,,,,,,,,,,,,,,,,,,,,,,,,,,,,,,99.0,,,,,,99.0,,,,,,99.0,,,,
1979,8,17,100.0,100.0,,,,,,,1448.0,0.0,16.0,,,,0.0,0.0,,77.0,69.98,126.0,,,,270.0,225.0,,,,,62.0,40.0,-9999.0,,,,,,-9999.0,,,,,,-9999.0,,,,
1979,8,18,,,,,,,,,,0.0,,,,,0.0,0.0,,32.0,32.0,,,,,,,,,,,,,,,,,,,,,,,,,,,,,
1979,8,19,100.0,100.0,,,,,,,318.0,,0.0,,,,0.0,0.0,,71.96,68.0,0.0,,,,,,,,,,62.0,36.0,1.0,,,,,,1.0,,,,,,1.0,,,,
1979,8,20,,,,,,,,,,0.0,,,,,0.0,0.0,,,,,,,,,,,,,,,,,,,,,,,,,,,,,,,,
1979,8,22,40.0,20.0,,,,,,,1642.0,0.0,84.0,,,,0.0,0.0,,78.08,68.0,672.0,,,,,,,,,,82.0,54.0,9999.0,,,,,,9999.0,,,,,,9999.0,,,,
1979,8,23,,,,,,,,,,0.0,,,,,0.0,0.0,,,,,,,,,,,,,,,,-99.0,,,,,,-99.0,,,,,,-99.0,,,,
1979,8,24,,,,,,,,,,,,,,,,,,,,,,,,,,,,,,,,99.0,,,,,,99.0,,,,,,99.0,,,,
1979,8,25,100.0,90.0,,,,,,,1406.0,0.0,54.0,,,,0.0,0.0,,77.0,68.0,438.0,,,,225.0,225.0,,,,,77.0,49.0,-9999.0,,,,,,-9999.0,,,,,,-9999.0,,,,
1979,8,26,,,,,,,,,,0.0,,,,,0.0,0.0,,32.0,32.0,,,,,,,,,,,,,-9.0,,,,,,,,,,,,-9.0,,,,
1979,8,27,80.0,80.0,,,,,,,330.0,0.0,40.0,,,,0.0,0.0,,77.0,69.98,324.0,,,,,,,,,,77.0,49.0,999.0,,,,,,1.0,,,,,,999.0,,,,
1979,8,28,,,,,,,,,,0.0,,,,,0.0,0.0,,,,,,,,,,,,,,,,-999.0,,,,,,,,,,,,-999.0,,,,
1979,8,29,,,,,,,,,,,,,,,,,,,,,,,,,,,,,,,,9.0,,,,,,,,,,,,9.0,,,,
1979,8,30,100.0,100.0,,,,,,,1236.0,,0.0,,,,0.0,0.0,,71.96,66.92,0.0,,,,,,,,,,62.0,40.0,1.0,,,,,,9999.0,,,,,,1.0,,,,
1979,8,31,,,,,,,,,,0.0,,,,,0.0,0.0,,,,,,,,,,,,,,,,,,,,,,,,,,,,,,,,
1979,9,1,60.0,40.0,,,,,,,1224.0,0.0,69.0,,,,0.0,0.0,,77.0,69.08,534.0,,,,315.0,315.0,,,,,98.0,72.0,-9999.0,-9999.0,,,,,1.0,,,,,,,,,,
1979,9,2,,,,,,,,,,0.0,,,,,0.0,0.0,,32.0,32.0,,,,,,,,,,,,,-9.0,-9.0,,,,,,,,,,,,,,,
1979,9,3,30.0,20.0,,,,,,,254.0,0.0,88.0,,,,0.0,0.0,,80.06,69.08,672.0,,,,,,,,,,93.0,76.0,999.0,999.0,,,,,1.0,,,,,,,,,,
1979,9,4,,,,,,,,,,0.0,,,,,0.0,0.0,,,,,,,,,,,,,,,,,-999.0,,,,,,,,,,,,,,,
1979,9,6,40.0,20.0,,,,,,,1454.0,0.0,88.0,,,,0.0,0.0,,80.06,69.08,672.0,,,,,,,,,,82.0,72.0,9999.0,9999.0,,,,,1.0,,,,,,,,,,
1979,9,7,,,,,,,,,,0.0,,,,,0.0,0.0,,,,,,,,,,,,,,,,-99.0,-99.0,,,,,,,,,,,,,,,
1979,9,8,,,,,,,,,,,,,,,,,,,,,,,,,,,,,,,,99.0,99.0,,,,,,,,,,,,,,,
1979,9,9,40.0,40.0,,,,,,,1500.0,0.0,66.0,,,,0.0,0.0,,77.0,66.92,504.0,,,,225.0,225.0,,,,,62.0,40.0,-9999.0,-9999.0,,,,,1.0,,,,,,,,,,
1979,9,10,,,,,,,,,,0.0,,,,,0.0,0.0,,32.0,32.0,,,,,,,,,,,,,,-9.0,,,,,,,,,,,,,,,
1979,9,11,70.0,50.0,,,,,,,336.0,0.0,69.0,,,,0.0,0.0,,78.98,69.08,522.0,,,,,,,,,,93.0,76.0,1.0,999.0,,,,,1.0,,,,,,,,,,
1979,9,12,,,,,,,,,,0.0,,,,,0.0,0.0,,,,,,,,,,,,,,,,,-999.0,,,,,,,,,,,,,,,
1979,9,13,,,,,,,,,,,,,,,,,,,,,,,,,,,,,,,,,9.0,,,,,,,,,,,,,,,
1979,9,14,60.0,70.0,,,,,,,1542.0,0.0,44.0,,,,0.0,0.0,,78.08,68.0,336.0,,,,,,,,,,77.0,45.0,1.0,1.0,,,,,1.0,,,,,,,,,,
1979,9,15,,,,,,,,,,0.0,,,,,0.0,0.0,,,,,,,,,,,,,,,,,,,,,,,,,,,,,,,,
1979,9,17,30.0,20.0,,,,,,,1354.0,0.0,91.0,,,,0.0,0.0,,84.91999999999999,69.98,684.0,,,,180.0,225.0,,,,,62.0,49.0,1.0,-9999.0,,,,,1.0,,,,,,,,,,
1979,9,18,,,,,,,,,,0.0,,,,,0.0,0.0,,32.0,32.0,,,,,,,,,,,,,,,,,,,,,,,,,,,,,
1979,9,19,20.0,20.0,,,,,,,554.0,0.0,99.0,,,,0.0,0.0,,84.02,69.98,744.0,,,,,,,,,,87.0,76.0,1.0,1.0,,,,,1.0,,,,,,,,,,
1979,9,20,,,,,,,,,,0.0,,,,,0.0,0.0,,,,,,,,,,,,,,,,,,,,,,,,,,,,,,,,
1979,9,22,10.0,10.0,,,,,,,1412.0,0.0,92.0,,,,0.0,0.0,,86.0,75.02,690.0,,,,,,,,,,72.0,58.0,9999.0,9999.0,,,,,1.0,,,,,,,,,,
1979,9,23,,,,,,,,,,0.0,,,,,0.0,0.0,,,,,,,,,,,,,,,,,,,,,,,,,,,,,,,,
1979,9,25,10.0,0.0,,,,,,,1448.0,0.0,100.0,,,,0.0,0.0,,96.98,69.98,744.0,,,,315.0,315.0,,,,,82.0,76.0,1.0,1.0,,,,,-9999.0,,,,,,,,,,
1979,9,26,,,,,,,,,,0.0,,,,,0.0,0.0,,32.0,32.0,,,,,,,,,,,,,,,,,,,-9.0,,,,,,,,,,
1979,9,27,0.0,0.0,,,,,,,400.0,0.0,100.0,,,,0.0,0.0,,91.94,75.02,738.0,,,,,,,,,,77.0,63.0,999.0,999.0,,,,,999.0,,,,,,,,,,
1979,9,28,,,,,,,,,,0.0,,,,,0.0,0.0,,,,,,,,,,,,,,,,,-999.0,,,,,-999.0,,,,,,,,,,
1979,9,29,,,,,,,,,,,,,,,,,,,,,,,,,,,,,,,,,9.0,,,,,9.0,,,,,,,,,,
1979,9,30,20.0,10.0,,,,,,,1248.0,0.0,97.0,,,,0.0,0.0,,91.03999999999999,71.96,708.0,,,,,,,,,,93.0,76.0,1.0,1.0,,,,,1.0,,,,,,,,,,
1979,9,31,,,,,,,,,,0.0,,,,,0.0,0.0,,,,,,,,,,,,,,,,,,,,,,,,,,,,,,,,
1979,10,1,10.0,0.0,,,,,,,1436.0,0.0,100.0,,,,0.0,0.0,,75.92,64.04,714.0,,,,270.0,315.0,,,,,77.0,49.0,-9999.0,,,,,,-9999.0,,,,,,-9999.0,,,,
1979,10,2,,,,,,,,,,0.0,,,,,0.0,0.0,,32.0,32.0,,,,,,,,,,,,,-9.0,,,,,,-9.0,,,,,,-9.0,,,,
1979,10,3,60.0,50.0,,,,,,,212.0,0.0,92.0,,,,0.0,0.0,,78.98,64.94,654.0,,,,,,,,,,98.0,80.0,999.0,,,,,,999.0,,,,,,999.0,,,,
1979,10,4,,,,,,,,,,0.0,,,,,0.0,0.0,,,,,,,,,,,,,,,,-999.0,,,,,,-999.0,,,,,,-999.0,,,,
1979,10,5,,,,,,,,,,,,,,,,,,,,,,,,,,,,,,,,,,,,,,9.0,,,,,,,,,,
1979,10,6,100.0,100.0,,,,,,,1248.0,0.0,82.0,,,,0.0,0.0,,78.98,68.0,582.0,,,,,,,,,,87.0,72.0,9999.0,,,,,,1.0,,,,,,9999.0,,,,
1979,10,7,,,,,,,,,,0.0,,,,,0.0,0.0,,,,,,,,,,,,,,,,,,,,,,,,,,,,-99.0,,,,
1979,10,8,,,,,,,,,,,,,,,,,,,,,,,,,,,,,,,,,,,,,,,,,,,,99.0,,,,
1979,10,9,60.0,30.0,,,,,,,1354.0,0.0,79.0,,,,0.0,0.0,,77.0,68.0,552.0,,,,180.0,225.0,,,,,62.0,40.0,1.0,,,,,,1.0,,,,,,-9999.0,,,,
1979,10,10,,,,,,,,,,0.0,,,,,0.0,0.0,,32.0,32.0,,,,,,,,,,,,,,,,,,,,,,,,,-9.0,,,,
1979,10,11,80.0,60.0,,,,,,,148.0,0.0,57.0,,,,0.0,0.0,,75.02,66.92,402.0,,,,,,,,,,67.0,45.0,999.0,,,,,,1.0,,,,,,999.0,,,,
1979,10,12,,,,,,,,,,0.0,,,,,0.0,0.0,,,,,,,,,,,,,,,,-999.0,,,,,,,,,,,,-999.0,,,,
1979,10,14,70.0,80.0,,,,,,,1500.0,0.0,77.0,,,,0.0,0.0,,75.02,66.02,540.0,,,,,,,,,,67.0,45.0,9999.0,,,,,,9999.0,,,,,,9999.0,,,,
1979,10,15,,,,,,,,,,0.0,,,,,0.0,0.0,,,,,,,,,,,,,,,,-99.0,,,,,,,,,,,,-99.0,,,,
1979,10,16,,,,,,,,,,,,,,,,,,,,,,,,,,,,,,,,99.0,,,,,,,,,,,,99.0,,,,
1979,10,17,60.0,50.0,,,,,,,1242.0,0.0,62.0,,,,0.0,0.0,,75.02,66.92,426.0,,,,270.0,315.0,,,,,93.0,58.0,-9999.0,,,,,,-9999.0,,,,,,-9999.0,,,,
1979,10,18,,,,,,,,,,0.0,,,,,0.0,0.0,,32.0,32.0,,,,,,,,,,,,,-9.0,,,,,,-9.0,,,,,,-9.0,,,,
1979,10,19,60.0,30.0,,,,,,,136.0,0.0,74.0,,,,0.0,0.0,,73.94,64.94,510.0,,,,,,,,,,77.0,54.0,999.0,,,,,,999.0,,,,,,999.0,,,,
1979,10,20,,,,,,,,,,0.0,,,,,0.0,0.0,,,,,,,,,,,,,,,,-999.0,,,,,,-999.0,,,,,,-999.0,,,,
1979,10,22,40.0,40.0,,,,,,,1448.0,0.0,79.0,,,,0.0,0.0,,77.0,68.0,540.0,,,,,,,,,,82.0,58.0,9999.0,,,,,,9999.0,,,,,,9999.0,,,,
1979,10,23,,,,,,,,,,0.0,,,,,0.0,0.0,,,,,,,,,,,,,,,,-99.0,,,,,,-99.0,,,,,,-99.0,,,,
1979,10,24,,,,,,,,,,,,,,,,,,,,,,,,,,,,,,,,99.0,,,,,,99.0,,,,,,99.0,,,,
1979,10,25,70.0,70.0,,,,,,,1148.0,0.0,61.0,,,,0.0,0.0,,75.02,64.94,414.0,,,,225.0,270.0,,,,,82.0,49.0,-9999.0,,,,,,-9999.0,,,,,,-9999.0,,,,
1979,10,26,,,,,,,,,,0.0,,,,,0.0,0.0,,32.0,32.0,,,,,,,,,,,,,-9.0,,,,,,-9.0,,,,,,-9.0,,,,
1979,10,27,100.0,100.0,,,,,,,500.0,0.0,32.0,,,,0.0,0.0,,73.94,68.0,222.0,,,,,,,,,,77.0,45.0,999.0,,,,,,999.0,,,,,,999.0,,,,
1979,10,28,,,,,,,,,,0.0,,,,,0.0,0.0,,,,,,,,,,,,,,,,-999.0,,,,,,,,,,,,-999.0,,,,
1979,10,29,,,,,,,,,,,,,,,,,,,,,,,,,,,,,,,,9.0,,,,,,,,,,,,9.0,,,,
1979,10,30,90.0,90.0,,,,,,,1412.0,36.0,34.0,,,,0.0,0.0,,71.96,66.02,234.0,,,,,,,,,,72.0,45.0,1.0,,,,,,9999.0,,,,,,1.0,,,,
1979,10,31,,,,,,,,,,,,,,,0.0,0.0,,,,,,,,,,,,,,,,,,,,,,-99.0,,,,,,,,,,
1979,11,1,20.0,10.0,,,,,,,1324.0,0.0,100.0,,,,0.0,0.0,,71.06,55.94,654.0,,,,315.0,315.0,,,,,87.0,63.0,-9999.0,-9999.0,,,,,-9999.0,,,,,,-9999.0,,,,
1979,11,2,,,,,,,,,,0.0,,,,,0.0,0.0,,32.0,32.0,,,,,,,,,,,,,,-9.0,,,,,-9.0,,,,,,-9.0,,,,
1979,11,3,10.0,20.0,,,,,,,430.0,0.0,85.0,,,,0.0,0.0,,78.98,57.02,552.0,,,,,,,,,,93.0,67.0,1.0,999.0,,,,,999.0,,,,,,999.0,,,,
1979,11,4,,,,,,,,,,0.0,,,,,0.0,0.0,,,,,,,,,,,,,,,,,-999.0,,,,,,,,,,,,,,,
1979,11,6,30.0,40.0,,,,,,,1400.0,0.0,71.0,,,,0.0,0.0,,69.98,57.92,462.0,,,,,,,,,,72.0,49.0,9999.0,9999.0,,,,,9999.0,,,,,,9999.0,,,,
1979,11,7,,,,,,,,,,0.0,,,,,0.0,0.0,,,,,,,,,,,,,,,,-99.0,-99.0,,,,,-99.0,,,,,,-99.0,,,,
1979,11,8,,,,,,,,,,,,,,,,,,,,,,,,,,,,,,,,99.0,99.0,,,,,99.0,,,,,,99.0,,,,
1979,11,9,70.0,90.0,,,,,,,1336.0,0.0,50.0,,,,0.0,0.0,,71.96,53.96,318.0,,,,225.0,225.0,,,,,62.0,36.0,1.0,-9999.0,,,,,1.0,,,,,,-9999.0,,,,
1979,11,10,,,,,,,,,,0.0,,,,,0.0,0.0,,32.0,32.0,,,,,,,,,,,,,,-9.0,,,,,,,,,,,,,,,
1979,11,11,100.0,100.0,,,,,,,518.0,66.0,13.0,,,,0.0,0.0,,66.92,60.08,84.0,,,,,,,,,,113.0,67.0,1.0,999.0,,,,,1.0,,,,,,1.0,,,,
1979,11,12,,,,,,,,,,0.0,,,,,0.0,0.0,,,,,,,,,,,,,,,,,-999.0,,,,,,,,,,,,,,,
1979,11,14,20.0,20.0,,,,,,,1318.0,0.0,92.0,,,,0.0,0.0,,69.08,57.02,588.0,,,,,,,,,,77.0,63.0,9999.0,9999.0,,,,,9999.0,,,,,,9999.0,,,,
1979,11,15,,,,,,,,,,0.0,,,,,0.0,0.0,,,,,,,,,,,,,,,,-99.0,-99.0,,,,,-99.0,,,,,,-99.0,,,,
1979,11,16,,,,,,,,,,,,,,,,,,,,,,,,,,,,,,,,99.0,99.0,,,,,99.0,,,,,,99.0,,,,
1979,11,17,60.0,70.0,,,,,,,1354.0,0.0,63.0,,,,0.0,0.0,,69.98,59.0,402.0,,,,315.0,315.0,,,,,82.0,67.0,1.0,-9999.0,,,,,1.0,,,,,,-9999.0,,,,
1979,11,18,,,,,,,,,,0.0,,,,,0.0,0.0,,32.0,32.0,,,,,,,,,,,,,,-9.0,,,,,,,,,,,-9.0,,,,
1979,11,19,40.0,60.0,,,,,,,242.0,0.0,80.0,,,,0.0,0.0,,77.0,53.96,510.0,,,,,,,,,,67.0,54.0,1.0,999.0,,,,,1.0,,,,,,999.0,,,,
1979,11,20,,,,,,,,,,0.0,,,,,0.0,0.0,,,,,,,,,,,,,,,,,-999.0,,,,,,,,,,,-999.0,,,,
1979,11,22,30.0,30.0,,,,,,,1236.0,0.0,100.0,,,,0.0,0.0,,73.94,51.98,630.0,,,,,,,,,,82.0,72.0,1.0,9999.0,,,,,9999.0,,,,,,9999.0,,,,
1979,11,23,,,,,,,,,,0.0,,,,,0.0,0.0,,,,,,,,,,,,,,,,,,,,,,,,,,,,-99.0,,,,
1979,11,24,,,,,,,,,,,,,,,,,,,,,,,,,,,,,,,,,,,,,,,,,,,,99.0,,,,
1979,11,25,60.0,90.0,,,,,,,1200.0,0.0,100.0,,,,0.0,0.0,,78.08,51.08,630.0,,,,315.0,315.0,,,,,72.0,63.0,1.0,-9999.0,,,,,1.0,,,,,,-9999.0,,,,
1979,11,26,,,,,,,,,,0.0,,,,,0.0,0.0,,32.0,32.0,,,,,,,,,,,,,,-9.0,,,,,,,,,,,,,,,
1979,11,27,70.0,90.0,,,,,,,548.0,,28.0,,,,0.0,0.0,,69.08,57.92,180.0,,,,,,,,,,77.0,67.0,1.0,999.0,,,,,1.0,,,,,,1.0,,,,
1979,11,28,,,,,,,,,,0.0,,,,,0.0,0.0,,,,,,,,,,,,,,,,,-999.0,,,,,,,,,,,,,,,
1979,11,30,0.0,0.0,,,,,,,1524.0,0.0,100.0,,,,0.0,0.0,,66.92,51.08,624.0,,,,,,,,,,98.0,76.0,9999.0,9999.0,,,,,9999.0,,,,,,9999.0,,,,
1979,11,31,,,,,,,,,,0.0,,,,,0.0,0.0,,,32.0,,,,,,,,,,,,,-99.0,-99.0,,,,,-99.0,,,,,,-99.0,,,,
1979,12,1,10.0,20.0,,,,,,,1436.0,0.0,91.0,,,,0.0,0.0,,78.08,48.92,552.0,,,,315.0,315.0,,,,,72.0,58.0,-9999.0,-9999.0,,,,,-9999.0,,,,,,-9999.0,,,,
1979,12,2,,,,,,,,,,0.0,,,,,0.0,0.0,,32.0,32.0,,,,,,,,,,,,,-9.0,-9.0,,,,,-9.0,,,,,,-9.0,,,,
1979,12,3,60.0,100.0,,,,,,,342.0,0.0,54.0,,,,0.0,0.0,,77.0,51.98,324.0,,,,,,,,,,62.0,49.0,999.0,999.0,,,,,999.0,,,,,,999.0,,,,
1979,12,4,,,,,,,,,,0.0,,,,,0.0,0.0,,,,,,,,,,,,,,,,-999.0,-999.0,,,,,-999.0,,,,,,-999.0,,,,
1979,12,6,50.0,60.0,,,,,,,1736.0,0.0,77.0,,,,0.0,0.0,,82.94,48.92,468.0,,,,,,,,,,77.0,63.0,9999.0,9999.0,,,,,9999.0,,,,,,9999.0,,,,
1979,12,7,,,,,,,,,,0.0,,,,,0.0,0.0,,,,,,,,,,,,,,,,-99.0,-99.0,,,,,-99.0,,,,,,-99.0,,,,
1979,12,8,,,,,,,,,,,,,,,,,,,,,,,,,,,,,,,,99.0,99.0,,,,,99.0,,,,,,99.0,,,,
1979,12,9,0.0,0.0,,,,,,,1330.0,0.0,100.0,,,,0.0,0.0,,84.91999999999999,53.06,606.0,,,,315.0,315.0,,,,,67.0,54.0,-9999.0,-9999.0,,,,,-9999.0,,,,,,-9999.0,,,,
1979,12,10,,,,,,,,,,0.0,,,,,0.0,0.0,,32.0,32.0,,,,,,,,,,,,,-9.0,-9.0,,,,,-9.0,,,,,,-9.0,,,,
1979,12,11,0.0,0.0,,,,,,,530.0,0.0,100.0,,,,0.0,0.0,,73.94,53.06,606.0,,,,,,,,,,67.0,40.0,999.0,999.0,,,,,999.0,,,,,,999.0,,,,
1979,12,12,,,,,,,,,,0.0,,,,,0.0,0.0,,,,,,,,,,,,,,,,-999.0,-999.0,,,,,-999.0,,,,,,-999.0,,,,
1979,12,13,,,,,,,,,,,,,,,,,,,,,,,,,,,,,,,,9.0,9.0,,,,,9.0,,,,,,,,,,
1979,12,14,30.0,10.0,,,,,,,1442.0,0.0,90.0,,,,0.0,0.0,,68.0,48.92,546.0,,,,,,,,,,82.0,76.0,1.0,1.0,,,,,1.0,,,,,,9999.0,,,,
1979,12,15,,,,,,,,,,0.0,,,,,0.0,0.0,,,,,,,,,,,,,,,,,,,,,,,,,,,,-99.0,,,,
1979,12,16,,,,,,,,,,,,,,,,,,,,,,,,,,,,,,,,99.0,99.0,,,,,,,,,,,99.0,,,,
1979,12,17,50.0,60.0,,,,,,,1554.0,0.0,60.0,,,,0.0,0.0,,66.92,57.02,360.0,,,,315.0,45.0,,,,,77.0,72.0,-9999.0,-9999.0,,,,,1.0,,,,,,-9999.0,,,,
1979,12,18,,,,,,,,,,0.0,,,,,0.0,0.0,,32.0,32.0,,,,,,,,,,,,,-9.0,-9.0,,,,,,,,,,,-9.0,,,,
1979,12,19,0.0,0.0,,,,,,,512.0,0.0,100.0,,,,0.0,0.0,,66.92,46.04,600.0,,,,,,,,,,77.0,67.0,999.0,999.0,,,,,1.0,,,,,,999.0,,,,
1979,12,20,,,,,,,,,,0.0,,,,,0.0,0.0,,,,,,,,,,,,,,,,-999.0,-999.0,,,,,,,,,,,-999.0,,,,
1979,12,22,0.0,0.0,,,,,,,1436.0,0.0,100.0,,,,0.0,0.0,,75.02,42.980000000000004,600.0,,,,,,,,,,67.0,54.0,9999.0,9999.0,,,,,9999.0,,,,,,9999.0,,,,
1979,12,23,,,,,,,,,,0.0,,,,,0.0,0.0,,,32.0,,,,,,,,,,,,,-99.0,-99.0,,,,,-99.0,,,,,,-99.0,,,,
1979,12,24,,,,,,,,,,,,,,,,,,,,,,,,,,,,,,,,99.0,99.0,,,,,99.0,,,,,,99.0,,,,
1979,12,25,0.0,10.0,,,,,,,1342.0,0.0,100.0,,,,0.0,0.0,,73.04,44.06,600.0,,,,315.0,315.0,,,,,67.0,54.0,-9999.0,-9999.0,,,,,-9999.0,,,,,,-9999.0,,,,
1979,12,26,,,,,,,,,,0.0,,,,,0.0,0.0,,32.0,32.0,,,,,,,,,,,,,-9.0,-9.0,,,,,-9.0,,,,,,-9.0,,,,
1979,12,27,0.0,0.0,,,,,,,548.0,0.0,100.0,,,,0.0,0.0,,82.04,46.04,600.0,,,,,,,,,,72.0,54.0,999.0,999.0,,,,,999.0,,,,,,999.0,,,,
1979,12,28,,,,,,,,,,0.0,,,,,0.0,0.0,,,,,,,,,,,,,,,,,,,,,,-999.0,,,,,,-999.0,,,,
1979,12,29,,,,,,,,,,,,,,,,,,,,,,,,,,,,,,,,,,,,,,9.0,,,,,,,,,,
1979,12,30,90.0,90.0,,,,,,,1648.0,0.0,80.0,,,,0.0,0.0,,68.0,48.02,480.0,,,,,,,,,,67.0,49.0,1.0,1.0,,,,,1.0,,,,,,9999.0,,,,
1979,12,31,,,,,,,,,,0.0,,,,,0.0,0.0,,,,,,,,,,,,,,,,,,,,,,,,,,,,-99.0,,,,
1980,1,1,90.0,100.0,,,,,,,1124.0,0.0,79.0,,,,0.0,0.0,,66.92,53.96,474.0,,,,315.0,315.0,,,,,72.0,54.0,1.0,-9999.0,,,,,1.0,,,,,,-9999.0,,,,
1980,1,2,,,,,,,,,,0.0,,,,,0.0,0.0,,32.0,32.0,,,,,,,,,,,,,,-9.0,,,,,,,,,,,-9.0,,,,
1980,1,3,10.0,0.0,,,,,,,254.0,0.0,100.0,,,,0.0,0.0,,75.92,48.92,606.0,,,,,,,,,,57.0,58.0,1.0,999.0,,,,,1.0,,,,,,999.0,,,,
1980,1,4,,,,,,,,,,0.0,,,,,0.0,0.0,,,,,,,,,,,,,,,,,-999.0,,,,,,,,,,,-999.0,,,,
1980,1,5,,,,,,,,,,,,,,,,,,,,,,,,,,,,,,,,9.0,9.0,,,,,,,,,,,,,,,
1980,1,6,60.0,90.0,,,,,,,1530.0,0.0,90.0,,,,0.0,0.0,,73.04,46.94,546.0,,,,,,,,,,51.0,40.0,1.0,1.0,,,,,9999.0,,,,,,9999.0,,,,
1980,1,7,,,,,,,,,,0.0,,,,,0.0,0.0,,,32.0,,,,,,,,,,,,,,,,,,,-99.0,,,,,,-99.0,,,,
1980,1,8,,,,,,,,,,,,,,,,,,,,,,,,,,,,,,,,,99.0,,,,,99.0,,,,,,99.0,,,,
1980,1,9,70.0,70.0,,,,,,,1400.0,0.0,92.0,,,,0.0,0.0,,69.98,51.98,558.0,,,,225.0,225.0,,,,,62.0,40.0,1.0,-9999.0,,,,,1.0,,,,,,-9999.0,,,,
1980,1,10,,,,,,,,,,0.0,,,,,0.0,0.0,,32.0,32.0,,,,,,,,,,,,,,-9.0,,,,,,,,,,,,,,,
1980,1,11,100.0,100.0,,,,,,,424.0,3.0,75.0,,,,0.0,0.0,,64.94,55.94,456.0,,,,,,,,,,82.0,54.0,1.0,999.0,,,,,1.0,,,,,,1.0,,,,
1980,1,12,,,,,,,,,,,,,,,0.0,0.0,,,,,,,,,,,,,,,,,-999.0,,,,,,,,,,,,,,,
1980,1,14,90.0,100.0,,,,,,,518.0,259.0,9.0,,,,0.0,0.0,,64.94,60.08,54.0,,,,,,,,,,144.0,116.0,1.0,9999.0,,,,,9999.0,,,,,,1.0,,,,
1980,1,15,,,,,,,,,,0.0,,,,,0.0,0.0,,,,,,,,,,,,,,,,,-99.0,,,,,-99.0,,,,,,,,,,
1980,1,16,,,,,,,,,,,,,,,,,,,,,,,,,,,,,,,,,99.0,,,,,99.0,,,,,,,,,,
1980,1,17,100.0,100.0,,,,,,,1012.0,198.0,1.0,,,,0.0,0.0,,64.04,60.08,6.0,,,,180.0,180.0,,,,,149.0,107.0,1.0,1.0,,,,,-9999.0,,,,,,1.0,,,,
1980,1,18,,,,,,,,,,0.0,,,,,0.0,0.0,,32.0,32.0,,,,,,,,,,,,,,,,,,,-9.0,,,,,,,,,,
1980,1,19,100.0,100.0,,,,,,,300.0,124.0,1.0,,,,0.0,0.0,,66.92,62.059999999999995,6.0,,,,,,,,,,98.0,67.0,1.0,1.0,,,,,999.0,,,,,,1.0,,,,
1980,1,20,,,,,,,,,,,,,,,0.0,0.0,,,,,,,,,,,,,,,,,,,,,,-999.0,,,,,,,,,,
1980,1,22,100.0,100.0,,,,,,,106.0,8.0,18.0,,,,0.0,0.0,,66.02,62.959999999999994,114.0,,,,,,,,,,93.0,40.0,1.0,9999.0,,,,,9999.0,,,,,,1.0,,,,
1980,1,23,,,,,,,,,,0.0,,,,,0.0,0.0,,,,,,,,,,,,,,,,,-99.0,,,,,-99.0,,,,,,,,,,
1980,1,24,,,,,,,,,,,,,,,,,,,,,,,,,,,,,,,,,99.0,,,,,99.0,,,,,,,,,,
1980,1,25,90.0,90.0,,,,,,,1336.0,23.0,32.0,,,,0.0,0.0,,64.94,59.0,198.0,,,,225.0,225.0,,,,,57.0,36.0,1.0,-9999.0,,,,,-9999.0,,,,,,1.0,,,,
1980,1,26,,,,,,,,,,0.0,,,,,0.0,0.0,,32.0,32.0,,,,,,,,,,,,,,-9.0,,,,,-9.0,,,,,,,,,,
1980,1,27,90.0,100.0,,,,,,,830.0,,38.0,,,,0.0,0.0,,64.94,60.980000000000004,234.0,,,,,,,,,,67.0,49.0,1.0,999.0,,,,,999.0,,,,,,1.0,,,,
1980,1,28,,,,,,,,,,,,,,,0.0,0.0,,,,,,,,,,,,,,,,,-999.0,,,,,-999.0,,,,,,,,,,
1980,1,30,20.0,0.0,,,,,,,48.0,8.0,100.0,,,,0.0,0.0,,62.959999999999994,48.92,618.0,,,,,,,,,,123.0,85.0,9999.0,9999.0,,,,,9999.0,,,,,,1.0,,,,
1980,1,31,,,,,,,,,,0.0,,,,,0.0,0.0,,,32.0,,,,,,,,,,,,,-99.0,-99.0,,,,,-99.0,,,,,,,,,,
1980,2,1,10.0,0.0,,,,,,,1500.0,0.0,100.0,,,,0.0,0.0,,75.02,57.92,636.0,,,,315.0,315.0,,,,,82.0,72.0,-9999.0,-9999.0,-9999.0,,,,1.0,,,,,,-9999.0,,,,
1980,2,2,,,,,,,,,,0.0,,,,,0.0,0.0,,32.0,32.0,,,,,,,,,,,,,-9.0,-9.0,-9.0,,,,,,,,,,-9.0,,,,
1980,2,3,30.0,30.0,,,,,,,400.0,0.0,97.0,,,,0.0,0.0,,77.0,55.04,624.0,,,,,,,,,,93.0,72.0,999.0,999.0,999.0,,,,999.0,,,,,,999.0,,,,
1980,2,4,,,,,,,,,,0.0,,,,,0.0,0.0,,,,,,,,,,,,,,,,,-999.0,-999.0,,,,,,,,,,-999.0,,,,
1980,2,6,80.0,90.0,,,,,,,1542.0,0.0,74.0,,,,0.0,0.0,,71.96,55.04,474.0,,,,,,,,,,72.0,63.0,1.0,9999.0,9999.0,,,,1.0,,,,,,9999.0,,,,
1980,2,7,,,,,,,,,,0.0,,,,,0.0,0.0,,,,,,,,,,,,,,,,,,-99.0,,,,,,,,,,-99.0,,,,
1980,2,8,,,,,,,,,,,,,,,,,,,,,,,,,,,,,,,,,,99.0,,,,,,,,,,99.0,,,,
1980,2,9,70.0,80.0,,,,,,,1518.0,0.0,66.0,,,,0.0,0.0,,66.02,55.94,426.0,,,,315.0,315.0,,,,,93.0,76.0,1.0,1.0,-9999.0,,,,1.0,,,,,,-9999.0,,,,
1980,2,10,,,,,,,,,,0.0,,,,,0.0,0.0,,32.0,32.0,,,,,,,,,,,,,,,-9.0,,,,,,,,,,-9.0,,,,
1980,2,11,30.0,10.0,,,,,,,500.0,0.0,90.0,,,,0.0,0.0,,69.98,48.92,588.0,,,,,,,,,,87.0,76.0,1.0,1.0,999.0,,,,1.0,,,,,,999.0,,,,
1980,2,12,,,,,,,,,,0.0,,,,,0.0,0.0,,,,,,,,,,,,,,,,,,-999.0,,,,,,,,,,-999.0,,,,
1980,2,14,0.0,0.0,,,,,,,1730.0,0.0,100.0,,,,0.0,0.0,,73.94,50.0,654.0,,,,,,,,,,72.0,67.0,9999.0,9999.0,9999.0,,,,9999.0,,,,,,9999.0,,,,
1980,2,15,,,,,,,,,,0.0,,,,,0.0,0.0,,,32.0,,,,,,,,,,,,,-99.0,-99.0,-99.0,,,,-99.0,,,,,,-99.0,,,,
1980,2,16,,,,,,,,,,,,,,,,,,,,,,,,,,,,,,,,99.0,99.0,99.0,,,,99.0,,,,,,99.0,,,,
1980,2,17,20.0,40.0,,,,,,,1524.0,0.0,98.0,,,,0.0,0.0,,66.92,48.92,642.0,,,,315.0,315.0,,,,,67.0,49.0,-9999.0,-9999.0,-9999.0,,,,1.0,,,,,,-9999.0,,,,
1980,2,18,,,,,,,,,,0.0,,,,,0.0,0.0,,32.0,32.0,,,,,,,,,,,,,-9.0,-9.0,-9.0,,,,,,,,,,-9.0,,,,
1980,2,19,40.0,20.0,,,,,,,330.0,0.0,91.0,,,,0.0,0.0,,71.06,48.92,600.0,,,,,,,,,,93.0,63.0,999.0,999.0,999.0,,,,1.0,,,,,,999.0,,,,
1980,2,20,,,,,,,,,,,,,,,0.0,0.0,,,,,,,,,,,,,,,,,-999.0,-999.0,,,,,,,,,,,,,,
1980,2,22,100.0,100.0,,,,,,,206.0,89.0,51.0,,,,0.0,0.0,,66.92,62.059999999999995,336.0,,,,,,,,,,231.0,201.0,1.0,9999.0,9999.0,,,,9999.0,,,,,,1.0,,,,
1980,2,23,,,,,,,,,,0.0,,,,,0.0,0.0,,,,,,,,,,,,,,,,,-99.0,-99.0,,,,,,,,,,,,,,
1980,2,24,,,,,,,,,,,,,,,,,,,,,,,,,,,,,,,,99.0,99.0,99.0,,,,,,,,,,,,,,
1980,2,25,100.0,100.0,,,,,,,1842.0,140.0,19.0,,,,0.0,0.0,,69.08,62.959999999999994,126.0,,,,180.0,180.0,,,,,175.0,139.0,1.0,-9999.0,-9999.0,,,,-9999.0,,,,,,1.0,,,,
1980,2,26,,,,,,,,,,0.0,,,,,0.0,0.0,,32.0,32.0,,,,,,,,,,,,,,-9.0,-9.0,,,,,,,,,,,,,,
1980,2,27,90.0,80.0,,,,,,,354.0,18.0,69.0,,,,0.0,0.0,,69.98,62.059999999999995,462.0,,,,,,,,,,154.0,112.0,1.0,999.0,999.0,,,,1.0,,,,,,1.0,,,,
1980,2,28,,,,,,,,,,,,,,,0.0,0.0,,,,,,,,,,,,,,,,,-999.0,-999.0,,,,,,,,,,,,,,
1980,2,29,,,,,,,,,,,,,,,,,,,,,,,,,,,,,,,,,9.0,9.0,,,,,,,,,,,,,,
1980,2,30,100.0,100.0,,,,,,,2048.0,94.0,52.0,,,,0.0,0.0,,69.08,60.980000000000004,348.0,,,,,,,,,,195.0,165.0,1.0,1.0,1.0,,,,9999.0,,,,,,1.0,,,,
1980,2,31,,,,,,,,,,,,,,,0.0,0.0,,,,,,,,,,,,,,,,,,,,,,-99.0,,,,,,,,,,
1980,3,1,90.0,100.0,,,,,,,1318.0,0.0,50.0,,,,0.0,0.0,,66.92,59.0,348.0,,,,225.0,225.0,,,,,67.0,45.0,-9999.0,,-9999.0,,,,1.0,,,,,,-9999.0,,,,
1980,3,2,,,,,,,,,,0.0,,,,,0.0,0.0,,32.0,32.0,,,,,,,,,,,,,,,-9.0,,,,,,,,,,,,,,
1980,3,3,100.0,100.0,,,,,,,42.0,56.0,62.0,,,,0.0,0.0,,66.02,57.92,426.0,,,,,,,,,,154.0,130.0,1.0,,999.0,,,,999.0,,,,,,1.0,,,,
1980,3,4,,,,,,,,,,,,,,,0.0,0.0,,,,,,,,,,,,,,,,,,-999.0,,,,-999.0,,,,,,,,,,
1980,3,6,70.0,80.0,,,,,,,1248.0,,82.0,,,,0.0,0.0,,66.92,57.92,570.0,,,,,,,,,,82.0,58.0,9999.0,,9999.0,,,,9999.0,,,,,,1.0,,,,
1980,3,7,,,,,,,,,,0.0,,,,,0.0,0.0,,,,,,,,,,,,,,,,,,-99.0,,,,-99.0,,,,,,,,,,
1980,3,8,,,,,,,,,,,,,,,,,,,,,,,,,,,,,,,,,,99.0,,,,99.0,,,,,,,,,,
1980,3,9,80.0,90.0,,,,,,,930.0,201.0,46.0,,,,0.0,0.0,,64.04,57.92,318.0,,,,270.0,225.0,,,,,170.0,134.0,1.0,,-9999.0,,,,-9999.0,,,,,,1.0,,,,
1980,3,10,,,,,,,,,,0.0,,,,,0.0,0.0,,32.0,32.0,,,,,,,,,,,,,,,-9.0,,,,-9.0,,,,,,,,,,
1980,3,11,40.0,60.0,,,,,,,342.0,10.0,78.0,,,,0.0,0.0,,66.02,55.04,546.0,,,,,,,,,,72.0,54.0,999.0,,999.0,,,,999.0,,,,,,1.0,,,,
1980,3,12,,,,,,,,,,0.0,,,,,0.0,0.0,,,,,,,,,,,,,,,,-999.0,,-999.0,,,,-999.0,,,,,,,,,,
1980,3,14,60.0,60.0,,,,,,,1424.0,0.0,84.0,,,,0.0,0.0,,73.04,53.06,594.0,,,,,,,,,,62.0,49.0,9999.0,,9999.0,,,,9999.0,,,,,,9999.0,,,,
1980,3,15,,,,,,,,,,,,,,,0.0,0.0,,,,,,,,,,,,,,,,,,-99.0,,,,,,,,,,,,,,
1980,3,16,,,,,,,,,,,,,,,,,,,,,,,,,,,,,,,,,,99.0,,,,,,,,,,,,,,
1980,3,17,70.0,70.0,,,,,,,2330.0,0.0,73.0,,,,0.0,0.0,,66.02,55.94,522.0,,,,270.0,315.0,,,,,98.0,67.0,-9999.0,,-9999.0,,,,-9999.0,,,,,,1.0,,,,
1980,3,18,,,,,,,,,,,,,,,0.0,0.0,,32.0,32.0,,,,,,,,,,,,,-9.0,,-9.0,,,,-9.0,,,,,,,,,,
1980,3,19,30.0,10.0,,,,,,,706.0,0.0,92.0,,,,0.0,0.0,,68.0,59.0,654.0,,,,,,,,,,77.0,67.0,999.0,,999.0,,,,999.0,,,,,,999.0,,,,
1980,3,20,,,,,,,,,,0.0,,,,,0.0,0.0,,,,,,,,,,,,,,,,-999.0,,-999.0,,,,-999.0,,,,,,-999.0,,,,
1980,3,21,,,,,,,,,,,,,,,,,,,,,,,,,,,,,,,,9.0,,,,,,9.0,,,,,,,,,,
1980,3,22,20.0,40.0,,,,,,,1500.0,0.0,90.0,,,,0.0,0.0,,71.96,55.04,642.0,,,,,,,,,,72.0,54.0,1.0,,9999.0,,,,1.0,,,,,,9999.0,,,,
1980,3,23,,,,,,,,,,0.0,,,,,0.0,0.0,,,,,,,,,,,,,,,,,,-99.0,,,,,,,,,,-99.0,,,,
1980,3,24,,,,,,,,,,,,,,,,,,,,,,,,,,,,,,,,99.0,,99.0,,,,,,,,,,99.0,,,,
1980,3,25,30.0,20.0,,,,,,,1330.0,0.0,94.0,,,,0.0,0.0,,69.98,60.08,678.0,,,,315.0,315.0,,,,,103.0,72.0,-9999.0,,-9999.0,,,,-9999.0,,,,,,-9999.0,,,,
1980,3,26,,,,,,,,,,0.0,,,,,0.0,0.0,,32.0,32.0,,,,,,,,,,,,,-9.0,,-9.0,,,,-9.0,,,,,,-9.0,,,,
1980,3,27,0.0,0.0,,,,,,,999.0,0.0,100.0,,,,0.0,0.0,,75.02,53.06,720.0,,,,999.0,,,,,,999.0,72.0,999.0,,999.0,,,,999.0,,,,,,999.0,,,,
1980,3,28,,,,,,,,,191.0,,,,,,0.0,0.0,,,,,,,,27.0,,,,,,13.0,,-999.0,,-999.0,,,,-999.0,,,,,,,,,,
1980,3,30,10.0,0.0,,,,,,,1206.0,0.0,100.0,,,,0.0,0.0,,66.02,51.08,726.0,,,,,,,,,,82.0,49.0,9999.0,,9999.0,,,,9999.0,,,,,,9999.0,,,,
1980,3,31,,,,,,,,,,0.0,,,,,0.0,0.0,,,,,,,,,,,,,,,,-99.0,,-99.0,,,,-99.0,,,,,,-99.0,,,,
1980,4,1,60.0,60.0,,,,,,,948.0,23.0,54.0,,,,0.0,0.0,,64.04,51.98,408.0,,,,360.0,315.0,,,,,149.0,116.0,-9999.0,-9999.0,1.0,,1.0,,-9999.0,,,,,,1.0,,,,
1980,4,2,,,,,,,,,,0.0,,,,,0.0,0.0,,32.0,32.0,,,,,,,,,,,,,-9.0,-9.0,,,,,-9.0,,,,,,,,,,
1980,4,3,60.0,80.0,,,,,,,0.0,13.0,42.0,,,,0.0,0.0,,62.959999999999994,55.04,312.0,,,,,,,,,,129.0,85.0,999.0,999.0,999.0,,999.0,,999.0,,,,,,1.0,,,,
1980,4,4,,,,,,,,,,0.0,,,,,0.0,0.0,,,,,,,,,,,,,,,,-999.0,-999.0,-999.0,,-999.0,,-999.0,,,,,,,,,,
1980,4,6,30.0,40.0,,,,,,,1148.0,0.0,91.0,,,,0.0,0.0,,68.0,51.98,690.0,,,,,,,,,,98.0,76.0,9999.0,9999.0,9999.0,,9999.0,,9999.0,,,,,,9999.0,,,,
1980,4,7,,,,,,,,,,0.0,,,,,0.0,0.0,,,,,,,,,,,,,,,,-99.0,-99.0,-99.0,,-99.0,,-99.0,,,,,,-99.0,,,,
1980,4,8,,,,,,,,,,,,,,,,,,,,,,,,,,,,,,,,99.0,99.0,99.0,,99.0,,99.0,,,,,,99.0,,,,
1980,4,9,30.0,30.0,,,,,,,1318.0,3.0,84.0,,,,0.0,0.0,,68.0,59.0,642.0,,,,225.0,315.0,,,,,77.0,54.0,-9999.0,-9999.0,-9999.0,,-9999.0,,-9999.0,,,,,,1.0,,,,
1980,4,10,,,,,,,,,,0.0,,,,,0.0,0.0,,32.0,32.0,,,,,,,,,,,,,-9.0,-9.0,-9.0,,-9.0,,-9.0,,,,,,,,,,
1980,4,11,40.0,70.0,,,,,,,542.0,0.0,98.0,,,,0.0,0.0,,71.96,55.04,750.0,,,,,,,,,,98.0,80.0,999.0,999.0,999.0,,999.0,,999.0,,,,,,999.0,,,,
1980,4,12,,,,,,,,,,0.0,,,,,0.0,0.0,,,,,,,,,,,,,,,,-999.0,-999.0,-999.0,,-999.0,,-999.0,,,,,,-999.0,,,,
1980,4,14,0.0,0.0,,,,,,,1318.0,0.0,100.0,,,,0.0,0.0,,75.92,60.08,768.0,,,,,,,,,,93.0,76.0,9999.0,9999.0,9999.0,,9999.0,,9999.0,,,,,,9999.0,,,,
1980,4,15,,,,,,,,,,0.0,,,,,0.0,0.0,,,,,,,,,,,,,,,,-99.0,-99.0,-99.0,,-99.0,,,,,,,,-99.0,,,,
1980,4,16,,,,,,,,,,,,,,,,,,,,,,,,,,,,,,,,99.0,99.0,99.0,,99.0,,,,,,,,99.0,,,,
1980,4,17,70.0,80.0,,,,,,,1148.0,0.0,49.0,,,,0.0,0.0,,71.96,60.980000000000004,378.0,,,,225.0,225.0,,,,,72.0,49.0,1.0,-9999.0,-9999.0,,-9999.0,,1.0,,,,,,-9999.0,,,,
1980,4,18,,,,,,,,,,0.0,,,,,0.0,0.0,,32.0,32.0,,,,,,,,,,,,,,-9.0,-9.0,,-9.0,,,,,,,,-9.0,,,,
1980,4,19,0.0,0.0,,,,,,,0.0,0.0,100.0,,,,0.0,0.0,,82.94,59.0,774.0,,,,,,,,,,118.0,85.0,999.0,999.0,999.0,,999.0,,999.0,,,,,,999.0,,,,
1980,4,20,,,,,,,,,,0.0,,,,,0.0,0.0,,,,,,,,,,,,,,,,-999.0,-999.0,-999.0,,-999.0,,-999.0,,,,,,-999.0,,,,
1980,4,22,0.0,10.0,,,,,,,1312.0,0.0,100.0,,,,0.0,0.0,,73.04,57.92,780.0,,,,,,,,,,98.0,76.0,9999.0,9999.0,9999.0,,9999.0,,9999.0,,,,,,9999.0,,,,
1980,4,23,,,,,,,,,,0.0,,,,,0.0,0.0,,,,,,,,,,,,,,,,-99.0,-99.0,-99.0,,-99.0,,,,,,,,-99.0,,,,
1980,4,24,,,,,,,,,,,,,,,,,,,,,,,,,,,,,,,,99.0,99.0,99.0,,99.0,,,,,,,,99.0,,,,
1980,4,25,0.0,0.0,,,,,,,1200.0,0.0,100.0,,,,0.0,0.0,,75.02,60.08,780.0,,,,315.0,315.0,,,,,82.0,58.0,-9999.0,-9999.0,-9999.0,,-9999.0,,1.0,,,,,,-9999.0,,,,
1980,4,26,,,,,,,,,,0.0,,,,,0.0,0.0,,32.0,32.0,,,,,,,,,,,,,,-9.0,-9.0,,-9.0,,,,,,,,-9.0,,,,
1980,4,27,40.0,50.0,,,,,,,712.0,0.0,90.0,,,,0.0,0.0,,75.02,60.08,702.0,,,,,,,,,,93.0,76.0,1.0,999.0,999.0,,999.0,,1.0,,,,,,999.0,,,,
1980,4,28,,,,,,,,,,0.0,,,,,0.0,0.0,,,,,,,,,,,,,,,,,,-999.0,,-999.0,,,,,,,,-999.0,,,,
1980,4,30,20.0,10.0,,,,,,,1406.0,0.0,98.0,,,,0.0,0.0,,73.04,60.980000000000004,774.0,,,,,,,,,,82.0,67.0,1.0,9999.0,9999.0,,9999.0,,1.0,,,,,,9999.0,,,,
1980,4,31,,,,,,,,,,0.0,,,,,0.0,0.0,,,,,,,,,,,,,,,,,-99.0,-99.0,,-99.0,,,,,,,,-99.0,,,,
1980,5,1,80.0,80.0,,,,,,,1648.0,137.0,63.0,,,,0.0,0.0,,68.0,57.92,504.0,,,,315.0,315.0,,,,,72.0,54.0,-9999.0,,1.0,,,,-9999.0,,,,,,1.0,,,,
1980,5,2,,,,,,,,,,0.0,,,,,0.0,0.0,,32.0,32.0,,,,,,,,,,,,,-9.0,,,,,,-9.0,,,,,,,,,,
1980,5,3,10.0,0.0,,,,,,,506.0,13.0,100.0,,,,0.0,0.0,,71.96,59.0,810.0,,,,,,,,,,103.0,76.0,999.0,,999.0,,,,999.0,,,,,,1.0,,,,
1980,5,4,,,,,,,,,,0.0,,,,,0.0,0.0,,,,,,,,,,,,,,,,,,-999.0,,,,,,,,,,,,,,
1980,5,6,80.0,70.0,,,,,,,1206.0,0.0,67.0,,,,0.0,0.0,,69.98,62.959999999999994,546.0,,,,,,,,,,103.0,72.0,1.0,,9999.0,,,,1.0,,,,,,9999.0,,,,
1980,5,7,,,,,,,,,,0.0,,,,,0.0,0.0,,,,,,,,,,,,,,,,,,-99.0,,,,,,,,,,-99.0,,,,
1980,5,8,,,,,,,,,,,,,,,,,,,,,,,,,,,,,,,,,,99.0,,,,,,,,,,99.0,,,,
1980,5,9,90.0,70.0,,,,,,,1124.0,0.0,52.0,,,,0.0,0.0,,69.08,60.980000000000004,426.0,,,,225.0,225.0,,,,,77.0,54.0,1.0,,-9999.0,,,,1.0,,,,,,-9999.0,,,,
1980,5,10,,,,,,,,,,0.0,,,,,0.0,0.0,,32.0,32.0,,,,,,,,,,,,,,,-9.0,,,,,,,,,,,,,,
1980,5,11,100.0,100.0,,,,,,,448.0,,0.0,,,,0.0,0.0,,64.04,60.980000000000004,0.0,,,,,,,,,,82.0,54.0,1.0,,999.0,,,,999.0,,,,,,1.0,,,,
1980,5,12,,,,,,,,,,0.0,,,,,0.0,0.0,,,,,,,,,,,,,,,,,,-999.0,,,,-999.0,,,,,,,,,,
1980,5,14,80.0,80.0,,,,,,,1406.0,0.0,66.0,,,,0.0,0.0,,68.0,60.980000000000004,546.0,,,,,,,,,,93.0,63.0,9999.0,,9999.0,,,,9999.0,,,,,,9999.0,,,,
1980,5,15,,,,,,,,,,0.0,,,,,0.0,0.0,,,,,,,,,,,,,,,,,,-99.0,,,,-99.0,,,,,,,,,,
1980,5,16,,,,,,,,,,,,,,,,,,,,,,,,,,,,,,,,,,99.0,,,,99.0,,,,,,,,,,
1980,5,17,60.0,60.0,,,,,,,1124.0,3.0,76.0,,,,0.0,0.0,,66.02,57.02,630.0,,,,225.0,225.0,,,,,103.0,63.0,-9999.0,,-9999.0,,,,-9999.0,,,,,,1.0,,,,
1980,5,18,,,,,,,,,,0.0,,,,,0.0,0.0,,32.0,32.0,,,,,,,,,,,,,-9.0,,-9.0,,,,-9.0,,,,,,,,,,
1980,5,19,60.0,70.0,,,,,,,118.0,,56.0,,,,0.0,0.0,,66.92,57.92,462.0,,,,,,,,,,87.0,58.0,999.0,,999.0,,,,999.0,,,,,,1.0,,,,
1980,5,20,,,,,,,,,,0.0,,,,,0.0,0.0,,,,,,,,,,,,,,,,-999.0,,-999.0,,,,-999.0,,,,,,,,,,
1980,5,22,90.0,100.0,,,,,,,1736.0,0.0,25.0,,,,0.0,0.0,,64.94,60.08,210.0,,,,,,,,,,87.0,58.0,9999.0,,9999.0,,,,9999.0,,,,,,9999.0,,,,
1980,5,23,,,,,,,,,,0.0,,,,,0.0,0.0,,,,,,,,,,,,,,,,-99.0,,-99.0,,,,-99.0,,,,,,,,,,
1980,5,24,,,,,,,,,,,,,,,,,,,,,,,,,,,,,,,,99.0,,99.0,,,,99.0,,,,,,,,,,
1980,5,25,70.0,50.0,,,,,,,1406.0,0.0,57.0,,,,0.0,0.0,,71.06,62.959999999999994,480.0,,,,315.0,315.0,,,,,98.0,76.0,-9999.0,,-9999.0,,,,-9999.0,,,,,,-9999.0,,,,
1980,5,26,,,,,,,,,,0.0,,,,,0.0,0.0,,32.0,32.0,,,,,,,,,,,,,-9.0,,-9.0,,,,,,,,,,-9.0,,,,
1980,5,27,80.0,70.0,,,,,,,6.0,0.0,68.0,,,,0.0,0.0,,69.98,62.959999999999994,570.0,,,,,,,,,,82.0,49.0,999.0,,999.0,,,,1.0,,,,,,999.0,,,,
1980,5,28,,,,,,,,,,0.0,,,,,0.0,0.0,,,,,,,,,,,,,,,,-999.0,,-999.0,,,,,,,,,,-999.0,,,,
1980,5,29,,,,,,,,,,,,,,,,,,,,,,,,,,,,,,,,9.0,,,,,,,,,,,,,,,,
1980,5,30,100.0,100.0,,,,,,,2206.0,0.0,4.0,,,,0.0,0.0,,66.92,62.059999999999995,30.0,,,,,,,,,,62.0,40.0,1.0,,9999.0,,,,1.0,,,,,,9999.0,,,,
1980,5,31,,,,,,,,,,0.0,,,,,0.0,0.0,,,,,,,,,,,,,,,,,,-99.0,,,,,,,,,,,,,,
1980,6,1,70.0,60.0,,,,,,,1200.0,0.0,56.0,,,,0.0,0.0,,69.08,62.059999999999995,474.0,,,,315.0,315.0,,,,,98.0,72.0,-9999.0,-9999.0,-9999.0,,,,-9999.0,,,,,,-9999.0,,,,
1980,6,2,,,,,,,,,,0.0,,,,,0.0,0.0,,32.0,32.0,,,,,,,,,,,,,-9.0,-9.0,-9.0,,,,-9.0,,,,,,,,,,
1980,6,3,90.0,90.0,,,,,,,542.0,,29.0,,,,0.0,0.0,,66.92,60.980000000000004,246.0,,,,,,,,,,67.0,45.0,999.0,999.0,999.0,,,,999.0,,,,,,1.0,,,,
1980,6,4,,,,,,,,,,0.0,,,,,0.0,0.0,,,,,,,,,,,,,,,,-999.0,-999.0,-999.0,,,,-999.0,,,,,,,,,,
1980,6,5,,,,,,,,,,,,,,,,,,,,,,,,,,,,,,,,,,,,,,9.0,,,,,,,,,,
1980,6,6,10.0,0.0,,,,,,,1500.0,0.0,96.0,,,,0.0,0.0,,71.06,57.92,822.0,,,,,,,,,,98.0,76.0,9999.0,9999.0,9999.0,,,,1.0,,,,,,9999.0,,,,
1980,6,7,,,,,,,,,,0.0,,,,,0.0,0.0,,,,,,,,,,,,,,,,-99.0,-99.0,-99.0,,,,,,,,,,-99.0,,,,
1980,6,8,,,,,,,,,,,,,,,,,,,,,,,,,,,,,,,,99.0,99.0,99.0,,,,99.0,,,,,,99.0,,,,
1980,6,9,60.0,70.0,,,,,,,1406.0,0.0,78.0,,,,0.0,0.0,,69.98,60.980000000000004,660.0,,,,270.0,315.0,,,,,87.0,63.0,-9999.0,-9999.0,-9999.0,,,,-9999.0,,,,,,-9999.0,,,,
1980,6,10,,,,,,,,,,0.0,,,,,0.0,0.0,,32.0,32.0,,,,,,,,,,,,,-9.0,-9.0,-9.0,,,,-9.0,,,,,,-9.0,,,,
1980,6,11,80.0,100.0,,,,,,,442.0,0.0,85.0,,,,0.0,0.0,,73.94,60.08,732.0,,,,,,,,,,108.0,76.0,999.0,999.0,999.0,,,,999.0,,,,,,999.0,,,,
1980,6,12,,,,,,,,,,0.0,,,,,0.0,0.0,,,,,,,,,,,,,,,,-999.0,-999.0,-999.0,,,,-999.0,,,,,,-999.0,,,,
1980,6,13,,,,,,,,,,,,,,,,,,,,,,,,,,,,,,,,9.0,,,,,,,,,,,,,,,,
1980,6,14,80.0,80.0,,,,,,,1554.0,0.0,73.0,,,,0.0,0.0,,78.08,62.959999999999994,624.0,,,,,,,,,,72.0,49.0,1.0,9999.0,9999.0,,,,9999.0,,,,,,9999.0,,,,
1980,6,15,,,,,,,,,,0.0,,,,,0.0,0.0,,,,,,,,,,,,,,,,,-99.0,-99.0,,,,,,,,,,-99.0,,,,
1980,6,16,,,,,,,,,,,,,,,,,,,,,,,,,,,,,,,,,99.0,99.0,,,,,,,,,,99.0,,,,
1980,6,17,30.0,20.0,,,,,,,1718.0,0.0,76.0,,,,0.0,0.0,,71.06,62.959999999999994,648.0,,,,315.0,315.0,,,,,77.0,58.0,-9999.0,-9999.0,-9999.0,,,,1.0,,,,,,-9999.0,,,,
1980,6,18,,,,,,,,,,0.0,,,,,0.0,0.0,,32.0,32.0,,,,,,,,,,,,,,-9.0,-9.0,,,,,,,,,,-9.0,,,,
1980,6,19,20.0,20.0,,,,,,,254.0,0.0,74.0,,,,0.0,0.0,,75.02,60.980000000000004,636.0,,,,,,,,,,87.0,72.0,1.0,999.0,999.0,,,,1.0,,,,,,999.0,,,,
1980,6,20,,,,,,,,,,0.0,,,,,0.0,0.0,,,,,,,,,,,,,,,,,-999.0,-999.0,,,,,,,,,,-999.0,,,,
1980,6,22,50.0,50.0,,,,,,,1306.0,0.0,77.0,,,,0.0,0.0,,75.92,62.959999999999994,666.0,,,,,,,,,,108.0,94.0,9999.0,9999.0,9999.0,,,,9999.0,,,,,,9999.0,,,,
1980,6,23,,,,,,,,,,0.0,,,,,0.0,0.0,,,,,,,,,,,,,,,,-99.0,-99.0,-99.0,,,,-99.0,,,,,,-99.0,,,,
1980,6,24,,,,,,,,,,,,,,,,,,,,,,,,,,,,,,,,99.0,99.0,99.0,,,,99.0,,,,,,99.0,,,,
1980,6,25,60.0,50.0,,,,,,,1412.0,0.0,52.0,,,,0.0,0.0,,75.02,62.959999999999994,450.0,,,,225.0,225.0,,,,,77.0,58.0,-9999.0,-9999.0,-9999.0,,,,1.0,,,,,,-9999.0,,,,
1980,6,26,,,,,,,,,,0.0,,,,,0.0,0.0,,32.0,32.0,,,,,,,,,,,,,-9.0,-9.0,-9.0,,,,,,,,,,-9.0,,,,
1980,6,27,80.0,70.0,,,,,,,224.0,0.0,42.0,,,,0.0,0.0,,69.98,60.980000000000004,360.0,,,,,,,,,,87.0,40.0,999.0,999.0,999.0,,,,1.0,,,,,,999.0,,,,
1980,6,28,,,,,,,,,,0.0,,,,,0.0,0.0,,,,,,,,,,,,,,,,-999.0,-999.0,-999.0,,,,,,,,,,-999.0,,,,
1980,6,30,50.0,30.0,,,,,,,1130.0,0.0,76.0,,,,0.0,0.0,,71.96,62.959999999999994,654.0,,,,,,,,,,93.0,67.0,9999.0,9999.0,9999.0,,,,1.0,,,,,,9999.0,,,,
1980,6,31,,,,,,,,,,0.0,,,,,0.0,0.0,,,,,,,,,,,,,,,,,-99.0,-99.0,,,,,,,,,,-99.0,,,,
1980,7,1,70.0,70.0,,,,,,,1042.0,0.0,77.0,,,,0.0,0.0,,77.0,68.0,660.0,,,,225.0,225.0,,,,,98.0,58.0,1.0,,,,,,1.0,,,,,,1.0,,,,
1980,7,2,,,,,,,,,,,,,,,0.0,0.0,,32.0,32.0,,,,,,,,,,,,,,,,,,,,,,,,,,,,,
1980,7,3,70.0,70.0,,,,,,,248.0,,63.0,,,,0.0,0.0,,75.02,68.0,534.0,,,,,,,,,,77.0,54.0,999.0,,,,,,999.0,,,,,,1.0,,,,
1980,7,4,,,,,,,,,,0.0,,,,,0.0,0.0,,,,,,,,,,,,,,,,,,,,,,,,,,,,,,,,
1980,7,6,70.0,60.0,,,,,,,1600.0,,50.0,,,,0.0,0.0,,75.02,66.92,426.0,,,,,,,,,,87.0,72.0,1.0,,,,,,1.0,,,,,,1.0,,,,
1980,7,7,,,,,,,,,,0.0,,,,,0.0,0.0,,,,,,,,,,,,,,,,,,,,,,,,,,,,,,,,
1980,7,8,,,,,,,,,,,,,,,,,,,,,,,,,,,,,,,,,,,,,,,,,,,,99.0,,,,
1980,7,9,40.0,40.0,,,,,,,1524.0,0.0,73.0,,,,0.0,0.0,,77.0,66.92,624.0,,,,315.0,315.0,,,,,82.0,49.0,1.0,,,,,,1.0,,,,,,-9999.0,,,,
1980,7,10,,,,,,,,,,0.0,,,,,0.0,0.0,,32.0,32.0,,,,,,,,,,,,,,,,,,,,,,,,,,,,,
1980,7,11,70.0,70.0,,,,,,,536.0,,83.0,,,,0.0,0.0,,80.06,68.0,714.0,,,,,,,,,,77.0,54.0,999.0,,,,,,1.0,,,,,,1.0,,,,
1980,7,12,,,,,,,,,,0.0,,,,,0.0,0.0,,,,,,,,,,,,,,,,-999.0,,,,,,,,,,,,,,,,
1980,7,14,0.0,0.0,,,,,,,1448.0,0.0,100.0,,,,0.0,0.0,,80.06,66.02,852.0,,,,,,,,,,103.0,85.0,9999.0,,,,,,9999.0,,,,,,9999.0,,,,
1980,7,15,,,,,,,,,,0.0,,,,,0.0,0.0,,,,,,,,,,,,,,,,-99.0,,,,,,-99.0,,,,,,-99.0,,,,
1980,7,16,,,,,,,,,,,,,,,,,,,,,,,,,,,,,,,,99.0,,,,,,99.0,,,,,,99.0,,,,
1980,7,17,0.0,0.0,,,,,,,1230.0,0.0,100.0,,,,0.0,0.0,,80.06,66.92,852.0,,,,315.0,315.0,,,,,93.0,76.0,-9999.0,,,,,,-9999.0,,,,,,-9999.0,,,,
1980,7,18,,,,,,,,,,0.0,,,,,0.0,0.0,,32.0,32.0,,,,,,,,,,,,,,,,,,,,,,,,,-9.0,,,,
1980,7,19,30.0,30.0,,,,,,,218.0,0.0,77.0,,,,0.0,0.0,,75.02,64.94,654.0,,,,,,,,,,82.0,54.0,1.0,,,,,,1.0,,,,,,999.0,,,,
1980,7,20,,,,,,,,,,0.0,,,,,0.0,0.0,,,,,,,,,,,,,,,,,,,,,,,,,,,,-999.0,,,,
1980,7,21,,,,,,,,,,,,,,,,,,,,,,,,,,,,,,,,9.0,,,,,,,,,,,,,,,,
1980,7,22,30.0,30.0,,,,,,,1330.0,0.0,95.0,,,,0.0,0.0,,78.08,62.959999999999994,804.0,,,,,,,,,,108.0,85.0,1.0,,,,,,9999.0,,,,,,9999.0,,,,
1980,7,23,,,,,,,,,,0.0,,,,,0.0,0.0,,,,,,,,,,,,,,,,,,,,,,-99.0,,,,,,-99.0,,,,
1980,7,24,,,,,,,,,,,,,,,,,,,,,,,,,,,,,,,,99.0,,,,,,99.0,,,,,,99.0,,,,
1980,7,25,0.0,0.0,,,,,,,1054.0,0.0,100.0,,,,0.0,0.0,,80.06,69.08,846.0,,,,315.0,315.0,,,,,93.0,76.0,-9999.0,,,,,,-9999.0,,,,,,-9999.0,,,,
1980,7,26,,,,,,,,,,0.0,,,,,0.0,0.0,,32.0,32.0,,,,,,,,,,,,,-9.0,,,,,,,,,,,,-9.0,,,,
1980,7,27,40.0,20.0,,,,,,,118.0,0.0,87.0,,,,0.0,0.0,,77.0,64.94,738.0,,,,,,,,,,82.0,63.0,999.0,,,,,,1.0,,,,,,999.0,,,,
1980,7,28,,,,,,,,,,0.0,,,,,0.0,0.0,,,,,,,,,,,,,,,,-999.0,,,,,,,,,,,,-999.0,,,,
1980,7,29,,,,,,,,,,,,,,,,,,,,,,,,,,,,,,,,9.0,,,,,,,,,,,,,,,,
1980,7,30,80.0,60.0,,,,,,,1400.0,0.0,61.0,,,,0.0,0.0,,71.06,64.04,510.0,,,,,,,,,,72.0,40.0,1.0,,,,,,1.0,,,,,,9999.0,,,,
1980,7,31,,,,,,,,,,0.0,,,,,0.0,0.0,,,,,,,,,,,,,,,,,,,,,,,,,,,,-99.0,,,,
1980,8,1,30.0,40.0,,,,,,,1000.0,0.0,95.0,,,,0.0,0.0,,86.0,73.94,780.0,,,,225.0,180.0,,,,,118.0,85.0,1.0,-9999.0,,,,,-9999.0,,,,,,,,,,
1980,8,2,,,,,,,,,,0.0,,,,,0.0,0.0,,32.0,32.0,,,,,,,,,,,,,,-9.0,,,,,,,,,,,,,,,
1980,8,3,80.0,90.0,,,,,,,306.0,0.0,58.0,,,,0.0,0.0,,77.0,71.96,480.0,,,,,,,,,,82.0,54.0,1.0,999.0,,,,,1.0,,,,,,,,,,
1980,8,4,,,,,,,,,,0.0,,,,,0.0,0.0,,,,,,,,,,,,,,,,,-999.0,,,,,,,,,,,,,,,
1980,8,6,60.0,30.0,,,,,,,1242.0,0.0,73.0,,,,0.0,0.0,,78.08,71.06,600.0,,,,,,,,,,82.0,49.0,9999.0,9999.0,,,,,9999.0,,,,,,,,,,
1980,8,7,,,,,,,,,,0.0,,,,,0.0,0.0,,,,,,,,,,,,,,,,-99.0,-99.0,,,,,,,,,,,,,,,
1980,8,8,,,,,,,,,,,,,,,,,,,,,,,,,,,,,,,,99.0,99.0,,,,,,,,,,,,,,,
1980,8,9,10.0,10.0,,,,,,,1342.0,0.0,100.0,,,,0.0,0.0,,80.96,69.08,816.0,,,,315.0,315.0,,,,,82.0,67.0,-9999.0,-9999.0,,,,,1.0,,,,,,,,,,
1980,8,10,,,,,,,,,,0.0,,,,,0.0,0.0,,32.0,32.0,,,,,,,,,,,,,,-9.0,,,,,,,,,,,,,,,
1980,8,11,10.0,20.0,,,,,,,218.0,0.0,90.0,,,,0.0,0.0,,84.02,69.08,738.0,,,,,,,,,,82.0,67.0,1.0,999.0,,,,,1.0,,,,,,,,,,
1980,8,12,,,,,,,,,,0.0,,,,,0.0,0.0,,,,,,,,,,,,,,,,,-999.0,,,,,,,,,,,,,,,
1980,8,14,70.0,70.0,,,,,,,1512.0,0.0,78.0,,,,0.0,0.0,,78.08,71.06,636.0,,,,,,,,,,72.0,49.0,1.0,9999.0,,,,,1.0,,,,,,,,,,
1980,8,15,,,,,,,,,,0.0,,,,,0.0,0.0,,,,,,,,,,,,,,,,,-99.0,,,,,,,,,,,,,,,
1980,8,16,,,,,,,,,,,,,,,,,,,,,,,,,,,,,,,,99.0,99.0,,,,,,,,,,,,,,,
1980,8,17,60.0,40.0,,,,,,,1506.0,0.0,68.0,,,,0.0,0.0,,82.04,71.96,552.0,,,,225.0,225.0,,,,,72.0,49.0,1.0,-9999.0,,,,,1.0,,,,,,,,,,
1980,8,18,,,,,,,,,,0.0,,,,,0.0,0.0,,32.0,32.0,,,,,,,,,,,,,,-9.0,,,,,,,,,,,,,,,
1980,8,19,90.0,100.0,,,,,,,212.0,0.0,42.0,,,,0.0,0.0,,78.08,73.04,342.0,,,,,,,,,,77.0,58.0,1.0,999.0,,,,,1.0,,,,,,,,,,
1980,8,20,,,,,,,,,,0.0,,,,,0.0,0.0,,,,,,,,,,,,,,,,,-999.0,,,,,,,,,,,,,,,
1980,8,22,90.0,80.0,,,,,,,1324.0,0.0,54.0,,,,0.0,0.0,,80.06,71.96,432.0,,,,,,,,,,87.0,49.0,9999.0,9999.0,,,,,1.0,,,,,,,,,,
1980,8,23,,,,,,,,,,0.0,,,,,0.0,0.0,,,,,,,,,,,,,,,,-99.0,-99.0,,,,,,,,,,,,,,,
1980,8,24,,,,,,,,,,,,,,,,,,,,,,,,,,,,,,,,99.0,99.0,,,,,99.0,,,,,,,,,,
1980,8,25,80.0,70.0,,,,,,,1418.0,0.0,71.0,,,,0.0,0.0,,75.92,69.98,564.0,,,,315.0,225.0,,,,,87.0,54.0,-9999.0,-9999.0,,,,,-9999.0,,,,,,,,,,
1980,8,26,,,,,,,,,,0.0,,,,,0.0,0.0,,32.0,32.0,,,,,,,,,,,,,-9.0,-9.0,,,,,-9.0,,,,,,,,,,
1980,8,27,60.0,40.0,,,,,,,506.0,0.0,72.0,,,,0.0,0.0,,75.02,69.98,576.0,,,,,,,,,,77.0,49.0,999.0,999.0,,,,,999.0,,,,,,,,,,
1980,8,28,,,,,,,,,,0.0,,,,,0.0,0.0,,,,,,,,,,,,,,,,-999.0,-999.0,,,,,-999.0,,,,,,,,,,
1980,8,30,50.0,50.0,,,,,,,1412.0,0.0,72.0,,,,0.0,0.0,,78.08,69.98,570.0,,,,,,,,,,82.0,54.0,9999.0,9999.0,,,,,9999.0,,,,,,,,,,
1980,8,31,,,,,,,,,,0.0,,,,,0.0,0.0,,,,,,,,,,,,,,,,-99.0,-99.0,,,,,-99.0,,,,,,,,,,
1980,9,1,80.0,50.0,,,,,,,1354.0,0.0,53.0,,,,0.0,0.0,,75.92,66.92,414.0,,,,270.0,315.0,,,,,77.0,49.0,-9999.0,-9999.0,,,,,-9999.0,,,,,,-9999.0,,,,
1980,9,2,,,,,,,,,,0.0,,,,,0.0,0.0,,32.0,32.0,,,,,,,,,,,,,-9.0,-9.0,,,,,,,,,,,-9.0,,,,
1980,9,3,80.0,70.0,,,,,,,412.0,0.0,32.0,,,,0.0,0.0,,75.92,68.0,252.0,,,,,,,,,,82.0,58.0,999.0,999.0,,,,,1.0,,,,,,999.0,,,,
1980,9,4,,,,,,,,,,0.0,,,,,0.0,0.0,,,,,,,,,,,,,,,,-999.0,-999.0,,,,,,,,,,,-999.0,,,,
1980,9,5,,,,,,,,,,,,,,,,,,,,,,,,,,,,,,,,,,,,,,9.0,,,,,,,,,,
1980,9,6,40.0,30.0,,,,,,,1306.0,0.0,86.0,,,,0.0,0.0,,75.92,68.0,654.0,,,,,,,,,,82.0,58.0,9999.0,9999.0,,,,,1.0,,,,,,9999.0,,,,
1980,9,7,,,,,,,,,,0.0,,,,,0.0,0.0,,,,,,,,,,,,,,,,-99.0,-99.0,,,,,,,,,,,-99.0,,,,
1980,9,8,,,,,,,,,,,,,,,,,,,,,,,,,,,,,,,,99.0,99.0,,,,,,,,,,,99.0,,,,
1980,9,9,100.0,100.0,,,,,,,1318.0,0.0,41.0,,,,0.0,0.0,,75.02,68.0,312.0,,,,270.0,315.0,,,,,72.0,49.0,-9999.0,-9999.0,,,,,1.0,,,,,,-9999.0,,,,
1980,9,10,,,,,,,,,,0.0,,,,,0.0,0.0,,32.0,32.0,,,,,,,,,,,,,-9.0,-9.0,,,,,,,,,,,,,,,
1980,9,11,100.0,100.0,,,,,,,348.0,,23.0,,,,0.0,0.0,,71.06,66.92,174.0,,,,,,,,,,72.0,45.0,999.0,999.0,,,,,999.0,,,,,,1.0,,,,
1980,9,12,,,,,,,,,,0.0,,,,,0.0,0.0,,,,,,,,,,,,,,,,-999.0,-999.0,,,,,-999.0,,,,,,,,,,
1980,9,14,60.0,60.0,,,,,,,1448.0,0.0,53.0,,,,0.0,0.0,,75.02,62.959999999999994,402.0,,,,,,,,,,93.0,49.0,9999.0,9999.0,,,,,9999.0,,,,,,9999.0,,,,
1980,9,15,,,,,,,,,,0.0,,,,,0.0,0.0,,,,,,,,,,,,,,,,-99.0,-99.0,,,,,-99.0,,,,,,-99.0,,,,
1980,9,16,,,,,,,,,,,,,,,,,,,,,,,,,,,,,,,,99.0,99.0,,,,,99.0,,,,,,99.0,,,,
1980,9,17,100.0,100.0,,,,,,,1418.0,0.0,18.0,,,,0.0,0.0,,73.04,66.92,138.0,,,,315.0,315.0,,,,,77.0,45.0,-9999.0,-9999.0,,,,,1.0,,,,,,-9999.0,,,,
1980,9,18,,,,,,,,,,0.0,,,,,0.0,0.0,,32.0,32.0,,,,,,,,,,,,,,-9.0,,,,,,,,,,,,,,,
1980,9,19,100.0,100.0,,,,,,,518.0,,0.0,,,,0.0,0.0,,69.98,64.94,0.0,,,,,,,,,,62.0,40.0,1.0,999.0,,,,,1.0,,,,,,1.0,,,,
1980,9,20,,,,,,,,,,0.0,,,,,0.0,0.0,,,,,,,,,,,,,,,,,-999.0,,,,,,,,,,,,,,,
1980,9,22,50.0,50.0,,,,,,,1418.0,0.0,53.0,,,,0.0,0.0,,73.04,64.94,396.0,,,,,,,,,,93.0,49.0,9999.0,9999.0,,,,,9999.0,,,,,,9999.0,,,,
1980,9,23,,,,,,,,,,0.0,,,,,0.0,0.0,,,,,,,,,,,,,,,,-99.0,-99.0,,,,,-99.0,,,,,,-99.0,,,,
1980,9,24,,,,,,,,,,,,,,,,,,,,,,,,,,,,,,,,99.0,99.0,,,,,99.0,,,,,,99.0,,,,
1980,9,25,40.0,40.0,,,,,,,1318.0,0.0,90.0,,,,0.0,0.0,,80.06,66.02,672.0,,,,315.0,315.0,,,,,108.0,85.0,-9999.0,-9999.0,,,,,-9999.0,,,,,,-9999.0,,,,
1980,9,26,,,,,,,,,,0.0,,,,,0.0,0.0,,32.0,32.0,,,,,,,,,,,,,-9.0,-9.0,,,,,-9.0,,,,,,-9.0,,,,
1980,9,27,0.0,0.0,,,,,,,212.0,0.0,100.0,,,,0.0,0.0,,82.94,69.08,738.0,,,,,,,,,,98.0,76.0,999.0,999.0,,,,,999.0,,,,,,999.0,,,,
1980,9,28,,,,,,,,,,0.0,,,,,0.0,0.0,,,,,,,,,,,,,,,,-999.0,-999.0,,,,,-999.0,,,,,,-999.0,,,,
1980,9,30,60.0,40.0,,,,,,,1254.0,0.0,70.0,,,,0.0,0.0,,73.94,66.02,516.0,,,,,,,,,,87.0,58.0,9999.0,9999.0,,,,,9999.0,,,,,,9999.0,,,,
1980,9,31,,,,,,,,,,0.0,,,,,0.0,0.0,,,,,,,,,,,,,,,,-99.0,-99.0,,,,,-99.0,,,,,,-99.0,,,,
1980,10,1,50.0,50.0,,,,,,,1330.0,0.0,49.0,,,,0.0,0.0,,71.96,64.04,348.0,,,,225.0,225.0,,,,,72.0,40.0,1.0,1.0,-9999.0,,,,1.0,,,,,,-9999.0,,,,
1980,10,2,,,,,,,,,,0.0,,,,,0.0,0.0,,32.0,32.0,,,,,,,,,,,,,,,-9.0,,,,,,,,,,-9.0,,,,
1980,10,3,70.0,40.0,,,,,,,142.0,0.0,67.0,,,,0.0,0.0,,71.96,62.959999999999994,474.0,,,,,,,,,,62.0,40.0,1.0,1.0,999.0,,,,1.0,,,,,,999.0,,,,
1980,10,4,,,,,,,,,,0.0,,,,,0.0,0.0,,,,,,,,,,,,,,,,,,-999.0,,,,,,,,,,,,,,
1980,10,6,70.0,60.0,,,,,,,1230.0,0.0,49.0,,,,0.0,0.0,,71.96,64.94,348.0,,,,,,,,,,72.0,45.0,9999.0,9999.0,9999.0,,,,1.0,,,,,,9999.0,,,,
1980,10,7,,,,,,,,,,0.0,,,,,0.0,0.0,,,,,,,,,,,,,,,,,-99.0,-99.0,,,,,,,,,,-99.0,,,,
1980,10,8,,,,,,,,,,,,,,,,,,,,,,,,,,,,,,,,,99.0,99.0,,,,,,,,,,99.0,,,,
1980,10,9,80.0,70.0,,,,,,,1312.0,0.0,35.0,,,,0.0,0.0,,71.96,66.02,246.0,,,,315.0,315.0,,,,,82.0,63.0,1.0,-9999.0,-9999.0,,,,1.0,,,,,,-9999.0,,,,
1980,10,10,,,,,,,,,,0.0,,,,,0.0,0.0,,32.0,32.0,,,,,,,,,,,,,,-9.0,-9.0,,,,,,,,,,-9.0,,,,
1980,10,11,70.0,50.0,,,,,,,406.0,0.0,53.0,,,,0.0,0.0,,71.96,66.02,372.0,,,,,,,,,,87.0,67.0,1.0,999.0,999.0,,,,1.0,,,,,,999.0,,,,
1980,10,12,,,,,,,,,,0.0,,,,,0.0,0.0,,,,,,,,,,,,,,,,,-999.0,-999.0,,,,,,,,,,,,,,
1980,10,14,100.0,90.0,,,,,,,1230.0,0.0,23.0,,,,0.0,0.0,,69.08,64.04,156.0,,,,,,,,,,72.0,36.0,1.0,9999.0,9999.0,,,,1.0,,,,,,9999.0,,,,
1980,10,15,,,,,,,,,,0.0,,,,,0.0,0.0,,,,,,,,,,,,,,,,,-99.0,-99.0,,,,,,,,,,-99.0,,,,
1980,10,16,,,,,,,,,,,,,,,,,,,,,,,,,,,,,,,,,99.0,99.0,,,,,,,,,,99.0,,,,
1980,10,17,80.0,60.0,,,,,,,1348.0,0.0,44.0,,,,0.0,0.0,,71.96,62.959999999999994,306.0,,,,225.0,225.0,,,,,62.0,36.0,1.0,-9999.0,1.0,,,,1.0,,,,,,-9999.0,,,,
1980,10,18,,,,,,,,,,0.0,,,,,0.0,0.0,,32.0,32.0,,,,,,,,,,,,,,-9.0,,,,,,,,,,,-9.0,,,,
1980,10,19,70.0,70.0,,,,,,,306.0,0.0,39.0,,,,0.0,0.0,,69.98,64.04,270.0,,,,,,,,,,87.0,40.0,1.0,999.0,999.0,,,,1.0,,,,,,999.0,,,,
1980,10,20,,,,,,,,,,0.0,,,,,0.0,0.0,,,,,,,,,,,,,,,,,-999.0,-999.0,,,,,,,,,,-999.0,,,,
1980,10,21,,,,,,,,,,,,,,,,,,,,,,,,,,,,,,,,,,,,,,,,,,,,9.0,,,,
1980,10,22,70.0,60.0,,,,,,,1912.0,,26.0,,,,0.0,0.0,,69.08,64.04,180.0,,,,,,,,,,149.0,89.0,9999.0,9999.0,9999.0,,,,9999.0,,,,,,1.0,,,,
1980,10,23,,,,,,,,,,0.0,,,,,0.0,0.0,,,,,,,,,,,,,,,,-99.0,-99.0,-99.0,,,,-99.0,,,,,,,,,,
1980,10,24,,,,,,,,,,,,,,,,,,,,,,,,,,,,,,,,99.0,99.0,99.0,,,,99.0,,,,,,,,,,
1980,10,25,20.0,20.0,,,,,,,1254.0,0.0,90.0,,,,0.0,0.0,,66.92,59.0,618.0,,,,225.0,225.0,,,,,98.0,54.0,-9999.0,-9999.0,-9999.0,,,,-9999.0,,,,,,-9999.0,,,,
1980,10,26,,,,,,,,,,0.0,,,,,0.0,0.0,,32.0,32.0,,,,,,,,,,,,,-9.0,-9.0,-9.0,,,,-9.0,,,,,,-9.0,,,,
1980,10,27,0.0,0.0,,,,,,,412.0,0.0,100.0,,,,0.0,0.0,,69.08,55.94,678.0,,,,,,,,,,113.0,80.0,999.0,999.0,999.0,,,,999.0,,,,,,999.0,,,,
1980,10,28,,,,,,,,,,0.0,,,,,0.0,0.0,,,,,,,,,,,,,,,,-999.0,-999.0,-999.0,,,,-999.0,,,,,,-999.0,,,,
1980,10,30,0.0,0.0,,,,,,,1236.0,0.0,100.0,,,,0.0,0.0,,78.98,55.04,678.0,,,,,,,,,,87.0,58.0,9999.0,9999.0,9999.0,,,,9999.0,,,,,,9999.0,,,,
1980,10,31,,,,,,,,,,0.0,,,,,0.0,0.0,,,,,,,,,,,,,,,,-99.0,-99.0,-99.0,,,,-99.0,,,,,,-99.0,,,,
1980,11,1,0.0,0.0,,,,,,,1318.0,0.0,100.0,,,,0.0,0.0,,84.91999999999999,57.92,654.0,,,,315.0,315.0,,,,,93.0,76.0,-9999.0,-9999.0,,,,,-9999.0,,,,,,,,,,
1980,11,2,,,,,,,,,,0.0,,,,,0.0,0.0,,32.0,32.0,,,,,,,,,,,,,-9.0,-9.0,,,,,-9.0,,,,,,,,,,
1980,11,3,40.0,40.0,,,,,,,342.0,0.0,90.0,,,,0.0,0.0,,80.06,55.94,588.0,,,,,,,,,,87.0,72.0,999.0,999.0,,,,,999.0,,,,,,,,,,
1980,11,4,,,,,,,,,,0.0,,,,,0.0,0.0,,,,,,,,,,,,,,,,,-999.0,,,,,,,,,,,,,,,
1980,11,6,30.0,10.0,,,,,,,1236.0,0.0,94.0,,,,0.0,0.0,,71.96,55.04,612.0,,,,,,,,,,62.0,45.0,1.0,9999.0,,,,,1.0,,,,,,,,,,
1980,11,7,,,,,,,,,,0.0,,,,,0.0,0.0,,,,,,,,,,,,,,,,,-99.0,,,,,,,,,,,,,,,
1980,11,8,,,,,,,,,,,,,,,,,,,,,,,,,,,,,,,,,99.0,,,,,,,,,,,,,,,
1980,11,9,80.0,90.0,,,,,,,1318.0,0.0,59.0,,,,0.0,0.0,,69.08,60.980000000000004,378.0,,,,270.0,225.0,,,,,51.0,36.0,-9999.0,-9999.0,,,,,1.0,,,,,,,,,,
1980,11,10,,,,,,,,,,0.0,,,,,0.0,0.0,,32.0,32.0,,,,,,,,,,,,,,-9.0,,,,,,,,,,,,,,,
1980,11,11,70.0,40.0,,,,,,,318.0,0.0,67.0,,,,0.0,0.0,,68.0,57.02,426.0,,,,,,,,,,67.0,49.0,1.0,999.0,,,,,1.0,,,,,,,,,,
1980,11,12,,,,,,,,,,0.0,,,,,0.0,0.0,,,,,,,,,,,,,,,,,-999.0,,,,,,,,,,,,,,,
1980,11,14,80.0,80.0,,,,,,,1500.0,0.0,28.0,,,,0.0,0.0,,66.92,57.92,180.0,,,,,,,,,,51.0,45.0,1.0,9999.0,,,,,1.0,,,,,,,,,,
1980,11,15,,,,,,,,,,0.0,,,,,0.0,0.0,,,,,,,,,,,,,,,,,-99.0,,,,,,,,,,,,,,,
1980,11,16,,,,,,,,,,,,,,,,,,,,,,,,,,,,,,,,99.0,99.0,,,,,,,,,,,,,,,
1980,11,17,90.0,80.0,,,,,,,1724.0,0.0,59.0,,,,0.0,0.0,,69.98,62.959999999999994,378.0,,,,225.0,225.0,,,,,51.0,45.0,-9999.0,-9999.0,,,,,1.0,,,,,,,,,,
1980,11,18,,,,,,,,,,0.0,,,,,0.0,0.0,,32.0,32.0,,,,,,,,,,,,,-9.0,-9.0,,,,,,,,,,,,,,,
1980,11,19,60.0,60.0,,,,,,,624.0,0.0,67.0,,,,0.0,0.0,,69.08,60.08,426.0,,,,,,,,,,67.0,45.0,999.0,999.0,,,,,999.0,,,,,,,,,,
1980,11,20,,,,,,,,,,0.0,,,,,0.0,0.0,,,,,,,,,,,,,,,,-999.0,-999.0,,,,,-999.0,,,,,,,,,,
1980,11,21,,,,,,,,,,,,,,,,,,,,,,,,,,,,,,,,,,,,,,9.0,,,,,,,,,,
1980,11,22,10.0,10.0,,,,,,,1348.0,0.0,100.0,,,,0.0,0.0,,69.98,55.04,630.0,,,,,,,,,,82.0,72.0,9999.0,9999.0,,,,,1.0,,,,,,,,,,
1980,11,23,,,,,,,,,,0.0,,,,,0.0,0.0,,,,,,,,,,,,,,,,-99.0,-99.0,,,,,,,,,,,,,,,
1980,11,24,,,,,,,,,,,,,,,,,,,,,,,,,,,,,,,,99.0,99.0,,,,,,,,,,,,,,,
1980,11,25,30.0,70.0,,,,,,,1530.0,0.0,83.0,,,,0.0,0.0,,71.96,46.04,522.0,,,,315.0,315.0,,,,,62.0,45.0,-9999.0,-9999.0,,,,,-9999.0,,,,,,,,,,
1980,11,26,,,,,,,,,,0.0,,,,,0.0,0.0,,32.0,32.0,,,,,,,,,,,,,-9.0,-9.0,,,,,-9.0,,,,,,,,,,
1980,11,27,40.0,60.0,,,,,,,506.0,0.0,96.0,,,,0.0,0.0,,73.94,46.94,606.0,,,,,,,,,,93.0,80.0,999.0,999.0,,,,,999.0,,,,,,,,,,
1980,11,28,,,,,,,,,,0.0,,,,,0.0,0.0,,,,,,,,,,,,,,,,-999.0,-999.0,,,,,-999.0,,,,,,,,,,
1980,11,30,20.0,30.0,,,,,,,1542.0,0.0,93.0,,,,0.0,0.0,,75.02,44.06,576.0,,,,,,,,,,93.0,76.0,9999.0,9999.0,,,,,9999.0,,,,,,,,,,
1980,11,31,,,,,,,,,,0.0,,,,,0.0,0.0,,,32.0,,,,,,,,,,,,,-99.0,-99.0,,,,,-99.0,,,,,,,,,,
1980,12,1,40.0,50.0,,,,,,,1512.0,0.0,62.0,,,,0.0,0.0,,66.02,55.94,378.0,,,,270.0,270.0,,,,,62.0,36.0,-9999.0,-9999.0,-9999.0,,,,-9999.0,,,,,,-9999.0,,,,
1980,12,2,,,,,,,,,,0.0,,,,,0.0,0.0,,32.0,32.0,,,,,,,,,,,,,-9.0,-9.0,-9.0,,,,,,,,,,-9.0,,,,
1980,12,3,20.0,10.0,,,,,,,448.0,0.0,97.0,,,,0.0,0.0,,66.92,50.0,588.0,,,,,,,,,,67.0,54.0,999.0,999.0,999.0,,,,1.0,,,,,,999.0,,,,
1980,12,4,,,,,,,,,,0.0,,,,,0.0,0.0,,,,,,,,,,,,,,,,,-999.0,-999.0,,,,,,,,,,-999.0,,,,
1980,12,5,,,,,,,,,,,,,,,,,,,,,,,,,,,,,,,,,,,,,,,,,,,,9.0,,,,
1980,12,6,100.0,100.0,,,,,,,1430.0,79.0,0.0,,,,0.0,0.0,,64.04,60.08,0.0,,,,,,,,,,103.0,76.0,1.0,9999.0,9999.0,,,,9999.0,,,,,,1.0,,,,
1980,12,7,,,,,,,,,,0.0,,,,,0.0,0.0,,,,,,,,,,,,,,,,,-99.0,-99.0,,,,-99.0,,,,,,,,,,
1980,12,8,,,,,,,,,,,,,,,,,,,,,,,,,,,,,,,,99.0,99.0,99.0,,,,99.0,,,,,,,,,,
1980,12,9,80.0,90.0,,,,,,,1230.0,0.0,68.0,,,,0.0,0.0,,62.959999999999994,55.04,408.0,,,,180.0,225.0,,,,,72.0,45.0,-9999.0,-9999.0,-9999.0,,,,-9999.0,,,,,,1.0,,,,
1980,12,10,,,,,,,,,,,,,,,0.0,0.0,,32.0,32.0,,,,,,,,,,,,,-9.0,-9.0,-9.0,,,,-9.0,,,,,,,,,,
1980,12,11,40.0,50.0,,,,,,,442.0,0.0,87.0,,,,0.0,0.0,,62.959999999999994,53.96,528.0,,,,,,,,,,98.0,58.0,999.0,999.0,999.0,,,,999.0,,,,,,999.0,,,,
1980,12,12,,,,,,,,,,0.0,,,,,0.0,0.0,,,,,,,,,,,,,,,,-999.0,-999.0,,,,,-999.0,,,,,,-999.0,,,,
1980,12,14,0.0,10.0,,,,,,,1354.0,0.0,100.0,,,,0.0,0.0,,68.0,46.94,606.0,,,,,,,,,,77.0,63.0,9999.0,9999.0,9999.0,,,,9999.0,,,,,,9999.0,,,,
1980,12,15,,,,,,,,,,0.0,,,,,0.0,0.0,,,32.0,,,,,,,,,,,,,-99.0,-99.0,-99.0,,,,-99.0,,,,,,-99.0,,,,
1980,12,16,,,,,,,,,,,,,,,,,,,,,,,,,,,,,,,,99.0,99.0,99.0,,,,99.0,,,,,,99.0,,,,
1980,12,17,60.0,70.0,,,,,,,1154.0,0.0,90.0,,,,0.0,0.0,,75.02,46.04,540.0,,,,315.0,315.0,,,,,62.0,45.0,-9999.0,-9999.0,-9999.0,,,,-9999.0,,,,,,-9999.0,,,,
1980,12,18,,,,,,,,,,0.0,,,,,0.0,0.0,,32.0,32.0,,,,,,,,,,,,,-9.0,-9.0,-9.0,,,,-9.0,,,,,,-9.0,,,,
1980,12,19,60.0,60.0,,,,,,,524.0,0.0,74.0,,,,0.0,0.0,,71.96,46.94,444.0,,,,,,,,,,51.0,18.0,999.0,999.0,999.0,,,,999.0,,,,,,999.0,,,,
1980,12,20,,,,,,,,,,0.0,,,,,0.0,0.0,,,,,,,,,,,,,,,,-999.0,-999.0,-999.0,,,,-999.0,,,,,,-999.0,,,,
1980,12,21,,,,,,,,,,,,,,,,,,,,,,,,,,,,,,,,,,,,,,9.0,,,,,,,,,,
1980,12,22,0.0,0.0,,,,,,,1536.0,0.0,100.0,,,,0.0,0.0,,73.04,46.94,600.0,,,,,,,,,,87.0,54.0,9999.0,9999.0,9999.0,,,,1.0,,,,,,9999.0,,,,
1980,12,23,,,,,,,,,,0.0,,,,,0.0,0.0,,,32.0,,,,,,,,,,,,,-99.0,-99.0,-99.0,,,,,,,,,,-99.0,,,,
1980,12,24,,,,,,,,,,,,,,,,,,,,,,,,,,,,,,,,99.0,99.0,99.0,,,,99.0,,,,,,99.0,,,,
1980,12,25,10.0,0.0,,,,,,,1430.0,0.0,96.0,,,,0.0,0.0,,84.02,51.98,576.0,,,,315.0,315.0,,,,,72.0,49.0,-9999.0,-9999.0,-9999.0,,,,-9999.0,,,,,,-9999.0,,,,
1980,12,26,,,,,,,,,,0.0,,,,,0.0,0.0,,32.0,32.0,,,,,,,,,,,,,,-9.0,-9.0,,,,-9.0,,,,,,-9.0,,,,
1980,12,27,70.0,30.0,,,,,,,548.0,0.0,80.0,,,,0.0,0.0,,69.98,55.94,480.0,,,,,,,,,,72.0,31.0,1.0,999.0,999.0,,,,999.0,,,,,,999.0,,,,
1980,12,28,,,,,,,,,,0.0,,,,,0.0,0.0,,,,,,,,,,,,,,,,,-999.0,-999.0,,,,,,,,,,-999.0,,,,
1980,12,30,80.0,60.0,,,,,,,1330.0,0.0,57.0,,,,0.0,0.0,,66.02,53.96,342.0,,,,,,,,,,72.0,63.0,1.0,9999.0,9999.0,,,,1.0,,,,,,9999.0,,,,
1980,12,31,,,,,,,,,,0.0,,,,,0.0,0.0,,,32.0,,,,,,,,,,,,,,,-99.0,,,,,,,,,,-99.0,,,,
1981,1,1,50.0,60.0,,,,,,,754.0,0.0,79.0,,,,0.0,0.0,,71.96,57.02,480.0,,,,225.0,315.0,,,,,72.0,49.0,1.0,-9999.0,,,,,-9999.0,,,,,,-9999.0,,,,
1981,1,2,,,,,,,,,,0.0,,,,,0.0,0.0,,32.0,32.0,,,,,,,,,,,,,,-9.0,,,,,,,,,,,-9.0,,,,
1981,1,3,50.0,80.0,,,,,,,424.0,0.0,62.0,,,,0.0,0.0,,69.08,51.98,372.0,,,,,,,,,,98.0,76.0,1.0,999.0,,,,,1.0,,,,,,999.0,,,,
1981,1,4,,,,,,,,,,0.0,,,,,0.0,0.0,,,,,,,,,,,,,,,,,-999.0,,,,,,,,,,,-999.0,,,,
1981,1,6,100.0,100.0,,,,,,,1318.0,0.0,20.0,,,,0.0,0.0,,62.959999999999994,57.92,120.0,,,,,,,,,,57.0,40.0,1.0,9999.0,,,,,1.0,,,,,,9999.0,,,,
1981,1,7,,,,,,,,,,0.0,,,,,0.0,0.0,,,,,,,,,,,,,,,,,,,,,,,,,,,,-99.0,,,,
1981,1,8,,,,,,,,,,,,,,,,,,,,,,,,,,,,,,,,,,,,,,,,,,,,99.0,,,,
1981,1,9,40.0,20.0,,,,,,,1606.0,0.0,99.0,,,,0.0,0.0,,75.02,53.06,600.0,,,,315.0,315.0,,,,,72.0,49.0,1.0,1.0,,,,,1.0,,,,,,-9999.0,,,,
1981,1,10,,,,,,,,,,0.0,,,,,0.0,0.0,,32.0,32.0,,,,,,,,,,,,,,,,,,,,,,,,,-9.0,,,,
1981,1,11,50.0,20.0,,,,,,,312.0,0.0,95.0,,,,0.0,0.0,,69.08,55.04,576.0,,,,,,,,,,77.0,54.0,1.0,999.0,,,,,1.0,,,,,,999.0,,,,
1981,1,12,,,,,,,,,,0.0,,,,,0.0,0.0,,,,,,,,,,,,,,,,,-999.0,,,,,,,,,,,-999.0,,,,
1981,1,14,30.0,40.0,,,,,,,1312.0,0.0,100.0,,,,0.0,0.0,,71.06,48.92,606.0,,,,,,,,,,77.0,49.0,1.0,9999.0,,,,,1.0,,,,,,9999.0,,,,
1981,1,15,,,,,,,,,,0.0,,,,,0.0,0.0,,,32.0,,,,,,,,,,,,,,-99.0,,,,,,,,,,,,,,,
1981,1,16,,,,,,,,,,,,,,,,,,,,,,,,,,,,,,,,99.0,99.0,,,,,,,,,,,,,,,
1981,1,17,100.0,100.0,,,,,,,1912.0,69.0,44.0,,,,0.0,0.0,,73.94,62.059999999999995,270.0,,,,135.0,180.0,,,,,154.0,103.0,-9999.0,-9999.0,,,,,-9999.0,,,,,,1.0,,,,
1981,1,18,,,,,,,,,,0.0,,,,,0.0,0.0,,32.0,32.0,,,,,,,,,,,,,-9.0,-9.0,,,,,-9.0,,,,,,,,,,
1981,1,19,90.0,90.0,,,,,,,136.0,25.0,74.0,,,,0.0,0.0,,73.04,62.059999999999995,450.0,,,,,,,,,,87.0,49.0,999.0,999.0,,,,,999.0,,,,,,1.0,,,,
1981,1,20,,,,,,,,,,0.0,,,,,0.0,0.0,,,,,,,,,,,,,,,,-999.0,-999.0,,,,,-999.0,,,,,,,,,,
1981,1,22,0.0,0.0,,,,,,,1424.0,0.0,100.0,,,,0.0,0.0,,71.06,55.94,612.0,,,,,,,,,,77.0,49.0,9999.0,9999.0,,,,,9999.0,,,,,,9999.0,,,,
1981,1,23,,,,,,,,,,0.0,,,,,0.0,0.0,,,,,,,,,,,,,,,,-99.0,-99.0,,,,,,,,,,,-99.0,,,,
1981,1,24,,,,,,,,,,,,,,,,,,,,,,,,,,,,,,,,99.0,99.0,,,,,,,,,,,99.0,,,,
1981,1,25,60.0,90.0,,,,,,,1518.0,0.0,88.0,,,,0.0,0.0,,68.0,55.94,540.0,,,,315.0,315.0,,,,,82.0,76.0,1.0,-9999.0,,,,,1.0,,,,,,-9999.0,,,,
1981,1,26,,,,,,,,,,0.0,,,,,0.0,0.0,,32.0,32.0,,,,,,,,,,,,,,-9.0,,,,,,,,,,,-9.0,,,,
1981,1,27,70.0,100.0,,,,,,,348.0,0.0,92.0,,,,0.0,0.0,,68.0,57.02,564.0,,,,,,,,,,82.0,76.0,1.0,999.0,,,,,1.0,,,,,,999.0,,,,
1981,1,28,,,,,,,,,,0.0,,,,,0.0,0.0,,,,,,,,,,,,,,,,,-999.0,,,,,,,,,,,-999.0,,,,
1981,1,30,60.0,80.0,,,,,,,1512.0,0.0,96.0,,,,0.0,0.0,,69.98,55.94,594.0,,,,,,,,,,93.0,72.0,1.0,9999.0,,,,,1.0,,,,,,9999.0,,,,
1981,1,31,,,,,,,,,,0.0,,,,,0.0,0.0,,,,,,,,,,,,,,,,,-99.0,,,,,,,,,,,-99.0,,,,
1981,2,1,0.0,10.0,,,,,,,1618.0,0.0,100.0,,,,0.0,0.0,,66.02,44.06,636.0,,,,315.0,315.0,,,,,82.0,58.0,-9999.0,-9999.0,-9999.0,,,,-9999.0,,,,,,-9999.0,,,,
1981,2,2,,,,,,,,,,0.0,,,,,0.0,0.0,,32.0,32.0,,,,,,,,,,,,,-9.0,-9.0,-9.0,,,,-9.0,,,,,,-9.0,,,,
1981,2,3,60.0,90.0,,,,,,,606.0,0.0,91.0,,,,0.0,0.0,,69.98,46.04,582.0,,,,,,,,,,87.0,67.0,999.0,999.0,999.0,,,,999.0,,,,,,999.0,,,,
1981,2,4,,,,,,,,,,0.0,,,,,0.0,0.0,,,,,,,,,,,,,,,,-999.0,-999.0,-999.0,,,,-999.0,,,,,,-999.0,,,,
1981,2,5,,,,,,,,,,,,,,,,,,,,,,,,,,,,,,,,9.0,,,,,,9.0,,,,,,,,,,
1981,2,6,30.0,10.0,,,,,,,1330.0,0.0,98.0,,,,0.0,0.0,,64.94,50.0,630.0,,,,,,,,,,72.0,40.0,1.0,9999.0,9999.0,,,,1.0,,,,,,9999.0,,,,
1981,2,7,,,,,,,,,,0.0,,,,,0.0,0.0,,,32.0,,,,,,,,,,,,,,,-99.0,,,,,,,,,,-99.0,,,,
1981,2,8,,,,,,,,,,,,,,,,,,,,,,,,,,,,,,,,,,99.0,,,,,,,,,,99.0,,,,
1981,2,9,80.0,100.0,,,,,,,1448.0,0.0,40.0,,,,0.0,0.0,,64.04,53.06,264.0,,,,270.0,270.0,,,,,77.0,49.0,1.0,-9999.0,-9999.0,,,,1.0,,,,,,-9999.0,,,,
1981,2,10,,,,,,,,,,0.0,,,,,0.0,0.0,,32.0,32.0,,,,,,,,,,,,,,-9.0,-9.0,,,,,,,,,,-9.0,,,,
1981,2,11,20.0,10.0,,,,,,,606.0,0.0,90.0,,,,0.0,0.0,,66.02,50.0,588.0,,,,,,,,,,72.0,54.0,1.0,999.0,999.0,,,,1.0,,,,,,999.0,,,,
1981,2,12,,,,,,,,,,,,,,,0.0,0.0,,,,,,,,,,,,,,,,,-999.0,-999.0,,,,,,,,,,,,,,
1981,2,14,100.0,100.0,,,,,,,200.0,25.0,37.0,,,,0.0,0.0,,66.02,53.96,240.0,,,,,,,,,,123.0,89.0,1.0,9999.0,9999.0,,,,9999.0,,,,,,1.0,,,,
1981,2,15,,,,,,,,,,0.0,,,,,0.0,0.0,,,,,,,,,,,,,,,,,-99.0,-99.0,,,,-99.0,,,,,,,,,,
1981,2,16,,,,,,,,,,,,,,,,,,,,,,,,,,,,,,,,,99.0,99.0,,,,99.0,,,,,,,,,,
1981,2,17,70.0,60.0,,,,,,,1612.0,0.0,84.0,,,,0.0,0.0,,68.0,59.0,546.0,,,,315.0,315.0,,,,,93.0,80.0,-9999.0,-9999.0,-9999.0,,,,1.0,,,,,,-9999.0,,,,
1981,2,18,,,,,,,,,,0.0,,,,,0.0,0.0,,32.0,32.0,,,,,,,,,,,,,,-9.0,-9.0,,,,,,,,,,-9.0,,,,
1981,2,19,40.0,50.0,,,,,,,254.0,0.0,89.0,,,,0.0,0.0,,69.98,55.94,582.0,,,,,,,,,,123.0,103.0,1.0,999.0,999.0,,,,1.0,,,,,,999.0,,,,
1981,2,20,,,,,,,,,,0.0,,,,,0.0,0.0,,,,,,,,,,,,,,,,,-999.0,-999.0,,,,,,,,,,-999.0,,,,
1981,2,22,70.0,70.0,,,,,,,1036.0,0.0,89.0,,,,0.0,0.0,,78.08,57.02,588.0,,,,,,,,,,77.0,63.0,1.0,9999.0,9999.0,,,,1.0,,,,,,9999.0,,,,
1981,2,23,,,,,,,,,,0.0,,,,,0.0,0.0,,,,,,,,,,,,,,,,,,-99.0,,,,,,,,,,-99.0,,,,
1981,2,24,,,,,,,,,,,,,,,,,,,,,,,,,,,,,,,,,,99.0,,,,,,,,,,99.0,,,,
1981,2,25,80.0,90.0,,,,,,,1442.0,0.0,97.0,,,,0.0,0.0,,80.96,55.04,642.0,,,,315.0,315.0,,,,,82.0,72.0,-9999.0,-9999.0,-9999.0,,,,1.0,,,,,,-9999.0,,,,
1981,2,26,,,,,,,,,,0.0,,,,,0.0,0.0,,32.0,32.0,,,,,,,,,,,,,-9.0,-9.0,-9.0,,,,,,,,,,-9.0,,,,
1981,2,27,30.0,20.0,,,,,,,618.0,0.0,86.0,,,,0.0,0.0,,80.06,57.02,576.0,,,,,,,,,,82.0,67.0,999.0,999.0,999.0,,,,1.0,,,,,,999.0,,,,
1981,2,28,,,,,,,,,,0.0,,,,,0.0,0.0,,,,,,,,,,,,,,,,-999.0,-999.0,-999.0,,,,,,,,,,-999.0,,,,
1981,2,29,,,,,,,,,,,,,,,,,,,,,,,,,,,,,,,,,,,,,,9.0,,,,,,,,,,
1981,2,30,70.0,80.0,,,,,,,1318.0,0.0,82.0,,,,0.0,0.0,,82.94,59.0,552.0,,,,,,,,,,98.0,98.0,9999.0,9999.0,9999.0,,,,1.0,,,,,,9999.0,,,,
1981,2,31,,,,,,,,,,0.0,,,,,0.0,0.0,,,,,,,,,,,,,,,,,-99.0,-99.0,,,,,,,,,,-99.0,,,,
1981,3,1,80.0,100.0,,,,,,,1524.0,417.0,12.0,,,,0.0,0.0,,62.059999999999995,57.02,78.0,,,,180.0,180.0,,,,,144.0,98.0,1.0,-9999.0,,,,,-9999.0,,,,,,1.0,,,,
1981,3,2,,,,,,,,,,0.0,,,,,0.0,0.0,,32.0,32.0,,,,,,,,,,,,,,-9.0,,,,,-9.0,,,,,,,,,,
1981,3,3,80.0,100.0,,,,,,,842.0,33.0,41.0,,,,0.0,0.0,,64.04,53.96,288.0,,,,,,,,,,113.0,76.0,999.0,999.0,,,,,999.0,,,,,,1.0,,,,
1981,3,4,,,,,,,,,,0.0,,,,,0.0,0.0,,,,,,,,,,,,,,,,-999.0,-999.0,,,,,-999.0,,,,,,,,,,
1981,3,5,,,,,,,,,,,,,,,,,,,,,,,,,,,,,,,,,,,,,,,,,,,,9.0,,,,
1981,3,6,90.0,90.0,,,,,,,2354.0,13.0,51.0,,,,0.0,0.0,,64.94,57.02,360.0,,,,,,,,,,134.0,76.0,9999.0,9999.0,,,,,9999.0,,,,,,1.0,,,,
1981,3,7,,,,,,,,,,,,,,,0.0,0.0,,,,,,,,,,,,,,,,,-99.0,,,,,-99.0,,,,,,,,,,
1981,3,8,,,,,,,,,,,,,,,,,,,,,,,,,,,,,,,,,99.0,,,,,99.0,,,,,,,,,,
1981,3,9,70.0,70.0,,,,,,,0.0,3.0,58.0,,,,0.0,0.0,,62.959999999999994,51.98,402.0,,,,180.0,135.0,,,,,103.0,63.0,-9999.0,-9999.0,,,,,-9999.0,,,,,,1.0,,,,
1981,3,10,,,,,,,,,,0.0,,,,,0.0,0.0,,32.0,32.0,,,,,,,,,,,,,-9.0,-9.0,,,,,-9.0,,,,,,,,,,
1981,3,11,60.0,80.0,,,,,,,630.0,0.0,73.0,,,,0.0,0.0,,66.02,55.94,516.0,,,,,,,,,,77.0,63.0,999.0,999.0,,,,,999.0,,,,,,999.0,,,,
1981,3,12,,,,,,,,,,0.0,,,,,0.0,0.0,,,,,,,,,,,,,,,,-999.0,-999.0,,,,,,,,,,,-999.0,,,,
1981,3,14,0.0,0.0,,,,,,,1248.0,0.0,100.0,,,,0.0,0.0,,69.98,53.06,708.0,,,,,,,,,,82.0,72.0,9999.0,9999.0,,,,,9999.0,,,,,,9999.0,,,,
1981,3,15,,,,,,,,,,0.0,,,,,0.0,0.0,,,,,,,,,,,,,,,,,-99.0,,,,,,,,,,,-99.0,,,,
1981,3,16,,,,,,,,,,,,,,,,,,,,,,,,,,,,,,,,,99.0,,,,,,,,,,,99.0,,,,
1981,3,17,70.0,60.0,,,,,,,1048.0,0.0,66.0,,,,0.0,0.0,,66.92,57.02,474.0,,,,180.0,225.0,,,,,67.0,40.0,1.0,-9999.0,,,,,1.0,,,,,,-9999.0,,,,
1981,3,18,,,,,,,,,,0.0,,,,,0.0,0.0,,32.0,32.0,,,,,,,,,,,,,,-9.0,,,,,,,,,,,-9.0,,,,
1981,3,19,60.0,60.0,,,,,,,354.0,0.0,73.0,,,,0.0,0.0,,66.92,60.08,522.0,,,,,,,,,,93.0,72.0,999.0,999.0,,,,,999.0,,,,,,999.0,,,,
1981,3,20,,,,,,,,,,,,,,,0.0,0.0,,,,,,,,,,,,,,,,-999.0,-999.0,,,,,-999.0,,,,,,,,,,
1981,3,22,50.0,50.0,,,,,,,112.0,3.0,71.0,,,,0.0,0.0,,66.02,55.04,504.0,,,,,,,,,,108.0,76.0,9999.0,9999.0,,,,,9999.0,,,,,,1.0,,,,
1981,3,23,,,,,,,,,,0.0,,,,,0.0,0.0,,,,,,,,,,,,,,,,-99.0,-99.0,,,,,-99.0,,,,,,,,,,
1981,3,24,,,,,,,,,,,,,,,,,,,,,,,,,,,,,,,,99.0,99.0,,,,,99.0,,,,,,99.0,,,,
1981,3,25,20.0,10.0,,,,,,,1312.0,0.0,98.0,,,,0.0,0.0,,68.0,55.04,708.0,,,,315.0,315.0,,,,,87.0,72.0,-9999.0,-9999.0,,,,,1.0,,,,,,-9999.0,,,,
1981,3,26,,,,,,,,,,0.0,,,,,0.0,0.0,,32.0,32.0,,,,,,,,,,,,,-9.0,-9.0,,,,,,,,,,,-9.0,,,,
1981,3,27,60.0,70.0,,,,,,,412.0,0.0,92.0,,,,0.0,0.0,,69.08,57.02,660.0,,,,,,,,,,77.0,54.0,999.0,999.0,,,,,999.0,,,,,,999.0,,,,
1981,3,28,,,,,,,,,,0.0,,,,,0.0,0.0,,,,,,,,,,,,,,,,-999.0,-999.0,,,,,,,,,,,-999.0,,,,
1981,3,29,,,,,,,,,,,,,,,,,,,,,,,,,,,,,,,,9.0,,,,,,,,,,,,9.0,,,,
1981,3,30,100.0,100.0,,,,,,,2024.0,160.0,9.0,,,,0.0,0.0,,66.02,57.92,66.0,,,,,,,,,,108.0,76.0,1.0,9999.0,,,,,1.0,,,,,,1.0,,,,
1981,3,31,,,,,,,,,,0.0,,,,,0.0,0.0,,,,,,,,,,,,,,,,,-99.0,,,,,,,,,,,,,,,
1981,4,1,90.0,70.0,,,,,,,1542.0,0.0,52.0,,,,0.0,0.0,,66.02,60.08,396.0,,,,270.0,315.0,,,,,93.0,58.0,1.0,,,,,,1.0,,,,,,-9999.0,,,,
1981,4,2,,,,,,,,,,0.0,,,,,0.0,0.0,,32.0,32.0,,,,,,,,,,,,,,,,,,,,,,,,,,,,,
1981,4,3,80.0,90.0,,,,,,,412.0,41.0,31.0,,,,0.0,0.0,,62.059999999999995,55.94,234.0,,,,,,,,,,144.0,98.0,999.0,,,,,,999.0,,,,,,1.0,,,,
1981,4,4,,,,,,,,,,0.0,,,,,0.0,0.0,,,,,,,,,,,,,,,,-999.0,,,,,,-999.0,,,,,,,,,,
1981,4,6,0.0,0.0,,,,,,,1212.0,0.0,100.0,,,,0.0,0.0,,75.02,53.06,756.0,,,,,,,,,,82.0,63.0,9999.0,,,,,,9999.0,,,,,,9999.0,,,,
1981,4,7,,,,,,,,,,0.0,,,,,0.0,0.0,,,,,,,,,,,,,,,,-99.0,,,,,,-99.0,,,,,,-99.0,,,,
1981,4,8,,,,,,,,,,,,,,,,,,,,,,,,,,,,,,,,99.0,,,,,,99.0,,,,,,99.0,,,,
1981,4,9,30.0,10.0,,,,,,,2212.0,0.0,91.0,,,,0.0,0.0,,69.98,57.92,690.0,,,,180.0,180.0,,,,,82.0,49.0,-9999.0,,,,,,1.0,,,,,,-9999.0,,,,
1981,4,10,,,,,,,,,,0.0,,,,,0.0,0.0,,32.0,32.0,,,,,,,,,,,,,-9.0,,,,,,,,,,,,-9.0,,,,
1981,4,11,100.0,100.0,,,,,,,212.0,0.0,1.0,,,,0.0,0.0,,64.04,57.92,6.0,,,,,,,,,,93.0,54.0,999.0,,,,,,1.0,,,,,,999.0,,,,
1981,4,12,,,,,,,,,,0.0,,,,,0.0,0.0,,,,,,,,,,,,,,,,-999.0,,,,,,,,,,,,-999.0,,,,
1981,4,14,70.0,40.0,,,,,,,1330.0,0.0,53.0,,,,0.0,0.0,,66.02,59.0,408.0,,,,,,,,,,72.0,40.0,9999.0,,,,,,9999.0,,,,,,9999.0,,,,
1981,4,15,,,,,,,,,,0.0,,,,,0.0,0.0,,,,,,,,,,,,,,,,-99.0,,,,,,-99.0,,,,,,-99.0,,,,
1981,4,16,,,,,,,,,,,,,,,,,,,,,,,,,,,,,,,,99.0,,,,,,99.0,,,,,,99.0,,,,
1981,4,17,90.0,90.0,,,,,,,1412.0,0.0,63.0,,,,0.0,0.0,,69.98,60.980000000000004,486.0,,,,315.0,315.0,,,,,87.0,63.0,-9999.0,,,,,,-9999.0,,,,,,-9999.0,,,,
1981,4,18,,,,,,,,,,0.0,,,,,0.0,0.0,,32.0,32.0,,,,,,,,,,,,,-9.0,,,,,,-9.0,,,,,,-9.0,,,,
1981,4,19,70.0,60.0,,,,,,,206.0,0.0,66.0,,,,0.0,0.0,,69.08,60.08,510.0,,,,,,,,,,77.0,49.0,999.0,,,,,,999.0,,,,,,999.0,,,,
1981,4,20,,,,,,,,,,0.0,,,,,0.0,0.0,,,,,,,,,,,,,,,,-999.0,,,,,,,,,,,,-999.0,,,,
1981,4,22,60.0,30.0,,,,,,,1506.0,0.0,65.0,,,,0.0,0.0,,68.0,60.08,504.0,,,,,,,,,,103.0,58.0,9999.0,,,,,,1.0,,,,,,9999.0,,,,
1981,4,23,,,,,,,,,,0.0,,,,,0.0,0.0,,,,,,,,,,,,,,,,-99.0,,,,,,,,,,,,-99.0,,,,
1981,4,24,,,,,,,,,,,,,,,,,,,,,,,,,,,,,,,,99.0,,,,,,,,,,,,99.0,,,,
1981,4,25,60.0,50.0,,,,,,,1318.0,0.0,52.0,,,,0.0,0.0,,68.0,60.08,408.0,,,,315.0,315.0,,,,,87.0,58.0,-9999.0,,,,,,1.0,,,,,,-9999.0,,,,
1981,4,26,,,,,,,,,,0.0,,,,,0.0,0.0,,32.0,32.0,,,,,,,,,,,,,-9.0,,,,,,,,,,,,-9.0,,,,
1981,4,27,100.0,100.0,,,,,,,642.0,0.0,11.0,,,,0.0,0.0,,64.94,60.980000000000004,90.0,,,,,,,,,,67.0,40.0,999.0,,,,,,1.0,,,,,,999.0,,,,
1981,4,28,,,,,,,,,,,,,,,0.0,0.0,,,,,,,,,,,,,,,,-999.0,,,,,,,,,,,,,,,,
1981,4,30,80.0,100.0,,,,,,,1048.0,3.0,50.0,,,,0.0,0.0,,66.02,57.02,390.0,,,,,,,,,,93.0,58.0,9999.0,,,,,,9999.0,,,,,,1.0,,,,
1981,4,31,,,,,,,,,,0.0,,,,,0.0,0.0,,,,,,,,,,,,,,,,-99.0,,,,,,-99.0,,,,,,,,,,
1981,5,1,100.0,100.0,,,,,,,1406.0,0.0,0.0,,,,0.0,0.0,,69.98,64.94,0.0,,,,270.0,270.0,,,,,72.0,45.0,1.0,,,,,,1.0,,,,,,1.0,,,,
1981,5,2,,,,,,,,,,,,,,,0.0,0.0,,32.0,32.0,,,,,,,,,,,,,,,,,,,,,,,,,,,,,
1981,5,3,100.0,100.0,,,,,,,748.0,,0.0,,,,0.0,0.0,,68.0,62.959999999999994,0.0,,,,,,,,,,62.0,36.0,1.0,,,,,,999.0,,,,,,1.0,,,,
1981,5,4,,,,,,,,,,0.0,,,,,0.0,0.0,,,,,,,,,,,,,,,,,,,,,,-999.0,,,,,,,,,,
1981,5,6,80.0,80.0,,,,,,,1312.0,0.0,16.0,,,,0.0,0.0,,69.08,64.04,132.0,,,,,,,,,,82.0,49.0,9999.0,,,,,,9999.0,,,,,,9999.0,,,,
1981,5,7,,,,,,,,,,0.0,,,,,0.0,0.0,,,,,,,,,,,,,,,,-99.0,,,,,,-99.0,,,,,,,,,,
1981,5,8,,,,,,,,,,,,,,,,,,,,,,,,,,,,,,,,99.0,,,,,,99.0,,,,,,,,,,
1981,5,9,50.0,60.0,,,,,,,948.0,0.0,79.0,,,,0.0,0.0,,69.98,62.059999999999995,642.0,,,,225.0,315.0,,,,,87.0,54.0,-9999.0,,,,,,-9999.0,,,,,,-9999.0,,,,
1981,5,10,,,,,,,,,,0.0,,,,,0.0,0.0,,32.0,32.0,,,,,,,,,,,,,-9.0,,,,,,-9.0,,,,,,-9.0,,,,
1981,5,11,10.0,0.0,,,,,,,430.0,0.0,100.0,,,,0.0,0.0,,71.96,60.08,822.0,,,,,,,,,,82.0,45.0,999.0,,,,,,999.0,,,,,,999.0,,,,
1981,5,12,,,,,,,,,,0.0,,,,,0.0,0.0,,,,,,,,,,,,,,,,-999.0,,,,,,-999.0,,,,,,-999.0,,,,
1981,5,13,,,,,,,,,,,,,,,,,,,,,,,,,,,,,,,,9.0,,,,,,9.0,,,,,,,,,,
1981,5,14,0.0,0.0,,,,,,,1530.0,0.0,100.0,,,,0.0,0.0,,78.98,62.959999999999994,822.0,,,,,,,,,,82.0,63.0,1.0,,,,,,1.0,,,,,,9999.0,,,,
1981,5,15,,,,,,,,,,0.0,,,,,0.0,0.0,,,,,,,,,,,,,,,,,,,,,,,,,,,,-99.0,,,,
1981,5,16,,,,,,,,,,,,,,,,,,,,,,,,,,,,,,,,,,,,,,,,,,,,99.0,,,,
1981,5,17,70.0,50.0,,,,,,,1300.0,0.0,88.0,,,,0.0,0.0,,71.06,64.04,726.0,,,,180.0,225.0,,,,,82.0,54.0,1.0,,,,,,1.0,,,,,,-9999.0,,,,
1981,5,18,,,,,,,,,,0.0,,,,,0.0,0.0,,32.0,32.0,,,,,,,,,,,,,,,,,,,,,,,,,-9.0,,,,
1981,5,19,60.0,40.0,,,,,,,30.0,0.0,71.0,,,,0.0,0.0,,69.98,64.04,582.0,,,,,,,,,,93.0,45.0,999.0,,,,,,999.0,,,,,,999.0,,,,
1981,5,20,,,,,,,,,,0.0,,,,,0.0,0.0,,,,,,,,,,,,,,,,-999.0,,,,,,-999.0,,,,,,-999.0,,,,
1981,5,22,100.0,100.0,,,,,,,1548.0,0.0,17.0,,,,0.0,0.0,,69.08,64.94,144.0,,,,,,,,,,87.0,54.0,9999.0,,,,,,9999.0,,,,,,9999.0,,,,
1981,5,23,,,,,,,,,,0.0,,,,,0.0,0.0,,,,,,,,,,,,,,,,-99.0,,,,,,-99.0,,,,,,,,,,
1981,5,24,,,,,,,,,,,,,,,,,,,,,,,,,,,,,,,,99.0,,,,,,99.0,,,,,,,,,,
1981,5,25,70.0,80.0,,,,,,,1412.0,0.0,39.0,,,,0.0,0.0,,68.0,60.08,324.0,,,,225.0,225.0,,,,,103.0,72.0,-9999.0,,,,,,-9999.0,,,,,,1.0,,,,
1981,5,26,,,,,,,,,,,,,,,0.0,0.0,,32.0,32.0,,,,,,,,,,,,,-9.0,,,,,,-9.0,,,,,,,,,,
1981,5,27,0.0,0.0,,,,,,,312.0,0.0,100.0,,,,0.0,0.0,,73.04,57.02,834.0,,,,,,,,,,93.0,67.0,999.0,,,,,,999.0,,,,,,999.0,,,,
1981,5,28,,,,,,,,,,0.0,,,,,0.0,0.0,,,,,,,,,,,,,,,,-999.0,,,,,,-999.0,,,,,,-999.0,,,,
1981,5,30,90.0,100.0,,,,,,,1324.0,0.0,1.0,,,,0.0,0.0,,69.98,62.959999999999994,54.0,,,,,,,,,,87.0,58.0,9999.0,,,,,,9999.0,,,,,,9999.0,,,,
1981,5,31,,,,,,,,,,0.0,,,,,0.0,0.0,,,,,,,,,,,,,,,,-99.0,,,,,,-99.0,,,,,,,,,,
1981,6,1,90.0,80.0,,,,,,,1518.0,0.0,34.0,,,,0.0,0.0,,73.04,64.94,288.0,,,,225.0,225.0,,,,,82.0,54.0,-9999.0,,,,,,-9999.0,,,,,,,,,,
1981,6,2,,,,,,,,,,0.0,,,,,0.0,0.0,,32.0,32.0,,,,,,,,,,,,,-9.0,,,,,,-9.0,,,,,,,,,,
1981,6,3,100.0,100.0,,,,,,,354.0,0.0,0.0,,,,0.0,0.0,,69.98,64.94,0.0,,,,,,,,,,93.0,49.0,999.0,,,,,,999.0,,,,,,,,,,
1981,6,4,,,,,,,,,,0.0,,,,,0.0,0.0,,,,,,,,,,,,,,,,-999.0,,,,,,-999.0,,,,,,,,,,
1981,6,5,,,,,,,,,,,,,,,,,,,,,,,,,,,,,,,,9.0,,,,,,9.0,,,,,,,,,,
1981,6,6,40.0,20.0,,,,,,,2348.0,0.0,94.0,,,,0.0,0.0,,75.92,66.02,804.0,,,,,,,,,,67.0,54.0,1.0,,,,,,1.0,,,,,,,,,,
1981,6,7,,,,,,,,,,0.0,,,,,0.0,0.0,,,,,,,,,,,,,,,,,,,,,,,,,,,,,,,,
1981,6,9,90.0,80.0,,,,,,,1430.0,0.0,41.0,,,,0.0,0.0,,75.92,66.92,354.0,,,,225.0,225.0,,,,,77.0,49.0,1.0,,,,,,1.0,,,,,,,,,,
1981,6,10,,,,,,,,,,0.0,,,,,0.0,0.0,,32.0,32.0,,,,,,,,,,,,,,,,,,,,,,,,,,,,,
1981,6,11,50.0,40.0,,,,,,,500.0,0.0,71.0,,,,0.0,0.0,,75.92,68.0,612.0,,,,,,,,,,77.0,58.0,999.0,,,,,,1.0,,,,,,,,,,
1981,6,12,,,,,,,,,,0.0,,,,,0.0,0.0,,,,,,,,,,,,,,,,-999.0,,,,,,,,,,,,,,,,
1981,6,13,,,,,,,,,,,,,,,,,,,,,,,,,,,,,,,,9.0,,,,,,,,,,,,,,,,
1981,6,14,80.0,80.0,,,,,,,1300.0,0.0,46.0,,,,0.0,0.0,,73.04,66.02,390.0,,,,,,,,,,77.0,45.0,1.0,,,,,,1.0,,,,,,,,,,
1981,6,15,,,,,,,,,,0.0,,,,,0.0,0.0,,,,,,,,,,,,,,,,,,,,,,,,,,,,,,,,
1981,6,16,,,,,,,,,,,,,,,,,,,,,,,,,,,,,,,,99.0,,,,,,,,,,,,,,,,
1981,6,17,70.0,50.0,,,,,,,1442.0,0.0,72.0,,,,0.0,0.0,,75.02,66.92,618.0,,,,315.0,315.0,,,,,77.0,54.0,-9999.0,,,,,,1.0,,,,,,,,,,
1981,6,18,,,,,,,,,,0.0,,,,,0.0,0.0,,32.0,32.0,,,,,,,,,,,,,-9.0,,,,,,,,,,,,,,,,
1981,6,19,50.0,30.0,,,,,,,142.0,0.0,81.0,,,,0.0,0.0,,73.94,69.08,696.0,,,,,,,,,,77.0,49.0,999.0,,,,,,1.0,,,,,,,,,,
1981,6,20,,,,,,,,,,0.0,,,,,0.0,0.0,,,,,,,,,,,,,,,,-999.0,,,,,,,,,,,,,,,,
1981,6,22,0.0,0.0,,,,,,,1418.0,0.0,100.0,,,,0.0,0.0,,78.98,62.959999999999994,858.0,,,,,,,,,,72.0,49.0,9999.0,,,,,,9999.0,,,,,,,,,,
1981,6,23,,,,,,,,,,0.0,,,,,0.0,0.0,,,,,,,,,,,,,,,,-99.0,,,,,,-99.0,,,,,,,,,,
1981,6,24,,,,,,,,,,,,,,,,,,,,,,,,,,,,,,,,99.0,,,,,,99.0,,,,,,,,,,
1981,6,25,30.0,30.0,,,,,,,1318.0,0.0,100.0,,,,0.0,0.0,,100.03999999999999,69.08,858.0,,,,315.0,315.0,,,,,98.0,76.0,-9999.0,,,,,,-9999.0,,,,,,,,,,
1981,6,26,,,,,,,,,,0.0,,,,,0.0,0.0,,32.0,32.0,,,,,,,,,,,,,-9.0,,,,,,,,,,,,,,,,
1981,6,27,30.0,20.0,,,,,,,236.0,0.0,100.0,,,,0.0,0.0,,87.08000000000001,68.0,858.0,,,,,,,,,,72.0,40.0,999.0,,,,,,1.0,,,,,,,,,,
1981,6,28,,,,,,,,,,0.0,,,,,0.0,0.0,,,,,,,,,,,,,,,,,,,,,,,,,,,,,,,,
1981,6,30,30.0,20.0,,,,,,,1430.0,0.0,93.0,,,,0.0,0.0,,78.08,69.08,798.0,,,,,,,,,,77.0,45.0,9999.0,,,,,,1.0,,,,,,,,,,
1981,6,31,,,,,,,,,,0.0,,,,,0.0,0.0,,,,,,,,,,,,,,,,,,,,,,,,,,,,,,,,
1981,7,1,40.0,40.0,,,,,,,1212.0,0.0,88.0,,,,0.0,0.0,,77.0,69.08,750.0,,,,270.0,315.0,,,,,82.0,63.0,-9999.0,,,,,,-9999.0,,,,,,-9999.0,,,,
1981,7,2,,,,,,,,,,0.0,,,,,0.0,0.0,,32.0,32.0,,,,,,,,,,,,,-9.0,,,,,,-9.0,,,,,,-9.0,,,,
1981,7,3,40.0,20.0,,,,,,,230.0,0.0,89.0,,,,0.0,0.0,,78.98,66.02,762.0,,,,,,,,,,103.0,76.0,999.0,,,,,,999.0,,,,,,999.0,,,,
1981,7,4,,,,,,,,,,0.0,,,,,0.0,0.0,,,,,,,,,,,,,,,,-999.0,,,,,,-999.0,,,,,,-999.0,,,,
1981,7,5,,,,,,,,,,,,,,,,,,,,,,,,,,,,,,,,,,,,,,9.0,,,,,,,,,,
1981,7,6,10.0,10.0,,,,,,,1448.0,0.0,96.0,,,,0.0,0.0,,82.94,71.06,822.0,,,,,,,,,,72.0,45.0,9999.0,,,,,,1.0,,,,,,9999.0,,,,
1981,7,7,,,,,,,,,,0.0,,,,,0.0,0.0,,,,,,,,,,,,,,,,,,,,,,,,,,,,-99.0,,,,
1981,7,8,,,,,,,,,,,,,,,,,,,,,,,,,,,,,,,,,,,,,,,,,,,,99.0,,,,
1981,7,9,50.0,50.0,,,,,,,1330.0,0.0,70.0,,,,0.0,0.0,,82.94,73.04,600.0,,,,315.0,315.0,,,,,82.0,49.0,-9999.0,,,,,,-9999.0,,,,,,-9999.0,,,,
1981,7,10,,,,,,,,,,0.0,,,,,0.0,0.0,,32.0,32.0,,,,,,,,,,,,,-9.0,,,,,,-9.0,,,,,,-9.0,,,,
1981,7,11,90.0,90.0,,,,,,,112.0,0.0,54.0,,,,0.0,0.0,,78.98,69.98,462.0,,,,,,,,,,72.0,45.0,999.0,,,,,,999.0,,,,,,999.0,,,,
1981,7,12,,,,,,,,,,0.0,,,,,0.0,0.0,,,,,,,,,,,,,,,,,,,,,,,,,,,,-999.0,,,,
1981,7,14,70.0,60.0,,,,,,,1400.0,0.0,47.0,,,,0.0,0.0,,80.96,69.98,402.0,,,,,,,,,,103.0,72.0,9999.0,,,,,,9999.0,,,,,,9999.0,,,,
1981,7,15,,,,,,,,,,0.0,,,,,0.0,0.0,,,,,,,,,,,,,,,,-99.0,,,,,,,,,,,,-99.0,,,,
1981,7,16,,,,,,,,,,,,,,,,,,,,,,,,,,,,,,,,99.0,,,,,,,,,,,,99.0,,,,
1981,7,17,50.0,50.0,,,,,,,1530.0,0.0,56.0,,,,0.0,0.0,,80.06,69.98,480.0,,,,225.0,225.0,,,,,77.0,49.0,-9999.0,,,,,,1.0,,,,,,-9999.0,,,,
1981,7,18,,,,,,,,,,0.0,,,,,0.0,0.0,,32.0,32.0,,,,,,,,,,,,,-9.0,,,,,,,,,,,,-9.0,,,,
1981,7,19,70.0,80.0,,,,,,,318.0,0.0,63.0,,,,0.0,0.0,,82.04,71.06,534.0,,,,,,,,,,77.0,45.0,999.0,,,,,,999.0,,,,,,999.0,,,,
1981,7,20,,,,,,,,,,0.0,,,,,0.0,0.0,,,,,,,,,,,,,,,,-999.0,,,,,,,,,,,,-999.0,,,,
1981,7,22,60.0,80.0,,,,,,,1330.0,0.0,78.0,,,,0.0,0.0,,84.02,71.06,666.0,,,,,,,,,,87.0,58.0,9999.0,,,,,,9999.0,,,,,,9999.0,,,,
1981,7,23,,,,,,,,,,0.0,,,,,0.0,0.0,,,,,,,,,,,,,,,,-99.0,,,,,,-99.0,,,,,,,,,,
1981,7,24,,,,,,,,,,,,,,,,,,,,,,,,,,,,,,,,99.0,,,,,,99.0,,,,,,,,,,
1981,7,25,40.0,30.0,,,,,,,1412.0,0.0,69.0,,,,0.0,0.0,,82.04,71.96,582.0,,,,225.0,225.0,,,,,82.0,49.0,-9999.0,,,,,,-9999.0,,,,,,-9999.0,,,,
1981,7,26,,,,,,,,,,0.0,,,,,0.0,0.0,,32.0,32.0,,,,,,,,,,,,,-9.0,,,,,,-9.0,,,,,,-9.0,,,,
1981,7,27,40.0,30.0,,,,,,,142.0,0.0,78.0,,,,0.0,0.0,,80.06,71.06,660.0,,,,,,,,,,82.0,54.0,999.0,,,,,,999.0,,,,,,999.0,,,,
1981,7,28,,,,,,,,,,0.0,,,,,0.0,0.0,,,,,,,,,,,,,,,,-999.0,,,,,,-999.0,,,,,,-999.0,,,,
1981,7,29,,,,,,,,,,,,,,,,,,,,,,,,,,,,,,,,,,,,,,9.0,,,,,,,,,,
1981,7,30,40.0,30.0,,,,,,,1630.0,0.0,76.0,,,,0.0,0.0,,82.94,69.08,642.0,,,,,,,,,,77.0,58.0,9999.0,,,,,,1.0,,,,,,9999.0,,,,
1981,7,31,,,,,,,,,,0.0,,,,,0.0,0.0,,,,,,,,,,,,,,,,-99.0,,,,,,,,,,,,-99.0,,,,
1981,8,1,60.0,70.0,,,,,,,1318.0,0.0,74.0,,,,0.0,0.0,,78.98,69.08,612.0,,,,315.0,315.0,,,,,93.0,63.0,-9999.0,,,,,,-9999.0,,,,,,,,,,
1981,8,2,,,,,,,,,,0.0,,,,,0.0,0.0,,32.0,32.0,,,,,,,,,,,,,,,,,,,,,,,,,,,,,
1981,8,3,40.0,20.0,,,,,,,348.0,0.0,80.0,,,,0.0,0.0,,78.98,66.02,660.0,,,,,,,,,,87.0,58.0,1.0,,,,,,1.0,,,,,,,,,,
1981,8,4,,,,,,,,,,0.0,,,,,0.0,0.0,,,,,,,,,,,,,,,,,,,,,,,,,,,,,,,,
1981,8,6,60.0,30.0,,,,,,,1830.0,0.0,80.0,,,,0.0,0.0,,77.0,69.08,654.0,,,,,,,,,,93.0,45.0,9999.0,,,,,,9999.0,,,,,,,,,,
1981,8,7,,,,,,,,,,0.0,,,,,0.0,0.0,,,,,,,,,,,,,,,,-99.0,,,,,,,,,,,,,,,,
1981,8,8,,,,,,,,,,,,,,,,,,,,,,,,,,,,,,,,99.0,,,,,,,,,,,,,,,,
1981,8,9,60.0,50.0,,,,,,,1406.0,0.0,73.0,,,,0.0,0.0,,80.96,69.98,594.0,,,,315.0,315.0,,,,,82.0,58.0,-9999.0,,,,,,1.0,,,,,,,,,,
1981,8,10,,,,,,,,,,0.0,,,,,0.0,0.0,,32.0,32.0,,,,,,,,,,,,,-9.0,,,,,,,,,,,,,,,,
1981,8,11,50.0,50.0,,,,,,,48.0,0.0,65.0,,,,0.0,0.0,,82.04,71.06,534.0,,,,,,,,,,87.0,54.0,999.0,,,,,,1.0,,,,,,,,,,
1981,8,12,,,,,,,,,,0.0,,,,,0.0,0.0,,,,,,,,,,,,,,,,-999.0,,,,,,,,,,,,,,,,
1981,8,14,50.0,30.0,,,,,,,1230.0,0.0,78.0,,,,0.0,0.0,,82.04,71.06,636.0,,,,,,,,,,82.0,45.0,9999.0,,,,,,9999.0,,,,,,,,,,
1981,8,15,,,,,,,,,,0.0,,,,,0.0,0.0,,,,,,,,,,,,,,,,-99.0,,,,,,-99.0,,,,,,,,,,
1981,8,16,,,,,,,,,,,,,,,,,,,,,,,,,,,,,,,,99.0,,,,,,99.0,,,,,,,,,,
1981,8,17,50.0,40.0,,,,,,,1318.0,0.0,70.0,,,,0.0,0.0,,80.06,71.06,570.0,,,,225.0,225.0,,,,,82.0,54.0,-9999.0,,,,,,-9999.0,,,,,,,,,,
1981,8,18,,,,,,,,,,0.0,,,,,0.0,0.0,,32.0,32.0,,,,,,,,,,,,,-9.0,,,,,,,,,,,,,,,,
1981,8,19,90.0,90.0,,,,,,,412.0,0.0,5.0,,,,0.0,0.0,,78.98,71.06,42.0,,,,,,,,,,72.0,45.0,999.0,,,,,,1.0,,,,,,,,,,
1981,8,20,,,,,,,,,,0.0,,,,,0.0,0.0,,,,,,,,,,,,,,,,-999.0,,,,,,,,,,,,,,,,
1981,8,22,60.0,50.0,,,,,,,1436.0,0.0,85.0,,,,0.0,0.0,,82.94,71.06,684.0,,,,,,,,,,93.0,67.0,9999.0,,,,,,1.0,,,,,,,,,,
1981,8,23,,,,,,,,,,0.0,,,,,0.0,0.0,,,,,,,,,,,,,,,,-99.0,,,,,,,,,,,,,,,,
1981,8,24,,,,,,,,,,,,,,,,,,,,,,,,,,,,,,,,99.0,,,,,,,,,,,,,,,,
1981,8,25,50.0,20.0,,,,,,,1336.0,0.0,85.0,,,,0.0,0.0,,80.06,71.06,684.0,,,,315.0,315.0,,,,,82.0,58.0,-9999.0,,,,,,1.0,,,,,,,,,,
1981,8,26,,,,,,,,,,0.0,,,,,0.0,0.0,,32.0,32.0,,,,,,,,,,,,,-9.0,,,,,,,,,,,,,,,,
1981,8,27,90.0,80.0,,,,,,,336.0,0.0,39.0,,,,0.0,0.0,,78.98,71.06,318.0,,,,,,,,,,82.0,45.0,999.0,,,,,,999.0,,,,,,,,,,
1981,8,28,,,,,,,,,,0.0,,,,,0.0,0.0,,,,,,,,,,,,,,,,-999.0,,,,,,,,,,,,,,,,
1981,8,30,50.0,30.0,,,,,,,1248.0,0.0,87.0,,,,0.0,0.0,,80.06,69.98,690.0,,,,,,,,,,103.0,76.0,9999.0,,,,,,1.0,,,,,,,,,,
1981,8,31,,,,,,,,,,0.0,,,,,0.0,0.0,,,,,,,,,,,,,,,,-99.0,,,,,,,,,,,,,,,,
1981,9,1,50.0,30.0,,,,,,,1218.0,0.0,69.0,,,,0.0,0.0,,78.08,68.0,528.0,,,,225.0,225.0,,,,,82.0,45.0,-9999.0,-9999.0,-9999.0,,,,1.0,,,,,,-9999.0,,,,
1981,9,2,,,,,,,,,,0.0,,,,,0.0,0.0,,32.0,32.0,,,,,,,,,,,,,-9.0,-9.0,-9.0,,,,,,,,,,-9.0,,,,
1981,9,3,50.0,20.0,,,,,,,336.0,0.0,89.0,,,,0.0,0.0,,78.98,69.08,678.0,,,,,,,,,,77.0,49.0,999.0,999.0,999.0,,,,999.0,,,,,,999.0,,,,
1981,9,4,,,,,,,,,,0.0,,,,,0.0,0.0,,,,,,,,,,,,,,,,-999.0,-999.0,-999.0,,,,-999.0,,,,,,-999.0,,,,
1981,9,6,80.0,70.0,,,,,,,1206.0,0.0,37.0,,,,0.0,0.0,,80.06,69.08,282.0,,,,,,,,,,98.0,63.0,9999.0,9999.0,9999.0,,,,9999.0,,,,,,9999.0,,,,
1981,9,7,,,,,,,,,,0.0,,,,,0.0,0.0,,,,,,,,,,,,,,,,-99.0,-99.0,-99.0,,,,,,,,,,,,,,
1981,9,8,,,,,,,,,,,,,,,,,,,,,,,,,,,,,,,,99.0,99.0,99.0,,,,,,,,,,,,,,
1981,9,9,50.0,30.0,,,,,,,1448.0,0.0,72.0,,,,0.0,0.0,,80.06,69.98,546.0,,,,315.0,315.0,,,,,93.0,58.0,-9999.0,-9999.0,-9999.0,,,,1.0,,,,,,-9999.0,,,,
1981,9,10,,,,,,,,,,0.0,,,,,0.0,0.0,,32.0,32.0,,,,,,,,,,,,,-9.0,-9.0,-9.0,,,,,,,,,,-9.0,,,,
1981,9,11,30.0,10.0,,,,,,,106.0,0.0,94.0,,,,0.0,0.0,,80.96,71.96,714.0,,,,,,,,,,103.0,76.0,999.0,999.0,999.0,,,,1.0,,,,,,999.0,,,,
1981,9,12,,,,,,,,,,0.0,,,,,0.0,0.0,,,,,,,,,,,,,,,,-999.0,-999.0,-999.0,,,,,,,,,,-999.0,,,,
1981,9,13,,,,,,,,,,,,,,,,,,,,,,,,,,,,,,,,9.0,,,,,,9.0,,,,,,,,,,
1981,9,14,10.0,0.0,,,,,,,1218.0,0.0,100.0,,,,0.0,0.0,,84.02,69.98,756.0,,,,,,,,,,108.0,76.0,1.0,9999.0,9999.0,,,,1.0,,,,,,9999.0,,,,
1981,9,15,,,,,,,,,,0.0,,,,,0.0,0.0,,,,,,,,,,,,,,,,,-99.0,-99.0,,,,,,,,,,-99.0,,,,
1981,9,16,,,,,,,,,,,,,,,,,,,,,,,,,,,,,,,,,99.0,99.0,,,,,,,,,,99.0,,,,
1981,9,17,30.0,20.0,,,,,,,1400.0,0.0,89.0,,,,0.0,0.0,,78.08,68.0,666.0,,,,315.0,315.0,,,,,82.0,67.0,-9999.0,-9999.0,-9999.0,,,,1.0,,,,,,-9999.0,,,,
1981,9,18,,,,,,,,,,0.0,,,,,0.0,0.0,,32.0,32.0,,,,,,,,,,,,,,-9.0,-9.0,,,,,,,,,,-9.0,,,,
1981,9,19,40.0,30.0,,,,,,,200.0,0.0,82.0,,,,0.0,0.0,,78.08,66.02,612.0,,,,,,,,,,103.0,85.0,1.0,999.0,999.0,,,,1.0,,,,,,999.0,,,,
1981,9,20,,,,,,,,,,0.0,,,,,0.0,0.0,,,,,,,,,,,,,,,,,-999.0,-999.0,,,,,,,,,,-999.0,,,,
1981,9,22,20.0,20.0,,,,,,,1400.0,0.0,75.0,,,,0.0,0.0,,78.98,66.92,564.0,,,,,,,,,,87.0,63.0,1.0,9999.0,9999.0,,,,1.0,,,,,,9999.0,,,,
1981,9,23,,,,,,,,,,0.0,,,,,0.0,0.0,,,,,,,,,,,,,,,,,-99.0,-99.0,,,,,,,,,,-99.0,,,,
1981,9,24,,,,,,,,,,,,,,,,,,,,,,,,,,,,,,,,,99.0,99.0,,,,,,,,,,99.0,,,,
1981,9,25,20.0,20.0,,,,,,,1518.0,0.0,77.0,,,,0.0,0.0,,80.06,69.08,570.0,,,,315.0,315.0,,,,,82.0,63.0,1.0,-9999.0,-9999.0,,,,1.0,,,,,,-9999.0,,,,
1981,9,26,,,,,,,,,,0.0,,,,,0.0,0.0,,32.0,32.0,,,,,,,,,,,,,,-9.0,-9.0,,,,,,,,,,-9.0,,,,
1981,9,27,40.0,30.0,,,,,,,518.0,0.0,89.0,,,,0.0,0.0,,82.94,69.08,654.0,,,,,,,,,,82.0,54.0,1.0,999.0,999.0,,,,1.0,,,,,,999.0,,,,
1981,9,28,,,,,,,,,,0.0,,,,,0.0,0.0,,,,,,,,,,,,,,,,,-999.0,-999.0,,,,,,,,,,,,,,
1981,9,29,,,,,,,,,,,,,,,,,,,,,,,,,,,,,,,,,,,,,,9.0,,,,,,,,,,
1981,9,30,0.0,0.0,,,,,,,1342.0,0.0,100.0,,,,0.0,0.0,,87.08000000000001,69.98,738.0,,,,,,,,,,93.0,58.0,9999.0,9999.0,9999.0,,,,1.0,,,,,,9999.0,,,,
1981,9,31,,,,,,,,,,0.0,,,,,0.0,0.0,,,,,,,,,,,,,,,,,,-99.0,,,,,,,,,,-99.0,,,,
1981,10,1,60.0,70.0,,,,,,,1342.0,0.0,48.0,,,,0.0,0.0,,73.04,66.02,336.0,,,,225.0,225.0,,,,,82.0,49.0,-9999.0,-9999.0,1.0,,,,-9999.0,,,,,,1.0,,,,
1981,10,2,,,,,,,,,,,,,,,0.0,0.0,,32.0,32.0,,,,,,,,,,,,,-9.0,-9.0,,,,,-9.0,,,,,,,,,,
1981,10,3,70.0,60.0,,,,,,,530.0,0.0,56.0,,,,0.0,0.0,,73.04,64.94,396.0,,,,,,,,,,93.0,54.0,999.0,999.0,999.0,,,,999.0,,,,,,999.0,,,,
1981,10,4,,,,,,,,,,0.0,,,,,0.0,0.0,,,,,,,,,,,,,,,,-999.0,-999.0,-999.0,,,,-999.0,,,,,,-999.0,,,,
1981,10,6,90.0,80.0,,,,,,,1630.0,0.0,40.0,,,,0.0,0.0,,71.96,66.92,282.0,,,,,,,,,,82.0,54.0,9999.0,9999.0,9999.0,,,,9999.0,,,,,,9999.0,,,,
1981,10,7,,,,,,,,,,0.0,,,,,0.0,0.0,,,,,,,,,,,,,,,,-99.0,-99.0,-99.0,,,,-99.0,,,,,,-99.0,,,,
1981,10,8,,,,,,,,,,,,,,,,,,,,,,,,,,,,,,,,99.0,99.0,99.0,,,,99.0,,,,,,99.0,,,,
1981,10,9,10.0,0.0,,,,,,,1130.0,0.0,100.0,,,,0.0,0.0,,75.92,62.959999999999994,702.0,,,,315.0,315.0,,,,,98.0,67.0,-9999.0,-9999.0,-9999.0,,,,-9999.0,,,,,,-9999.0,,,,
1981,10,10,,,,,,,,,,0.0,,,,,0.0,0.0,,32.0,32.0,,,,,,,,,,,,,,-9.0,-9.0,,,,,,,,,,-9.0,,,,
1981,10,11,40.0,30.0,,,,,,,124.0,0.0,74.0,,,,0.0,0.0,,75.92,64.04,522.0,,,,,,,,,,113.0,76.0,1.0,999.0,999.0,,,,1.0,,,,,,999.0,,,,
1981,10,12,,,,,,,,,,0.0,,,,,0.0,0.0,,,,,,,,,,,,,,,,,-999.0,-999.0,,,,,,,,,,,,,,
1981,10,14,50.0,40.0,,,,,,,1142.0,0.0,65.0,,,,0.0,0.0,,71.96,64.04,450.0,,,,,,,,,,77.0,49.0,9999.0,9999.0,9999.0,,,,9999.0,,,,,,9999.0,,,,
1981,10,15,,,,,,,,,,0.0,,,,,0.0,0.0,,,,,,,,,,,,,,,,-99.0,-99.0,-99.0,,,,-99.0,,,,,,-99.0,,,,
1981,10,16,,,,,,,,,,,,,,,,,,,,,,,,,,,,,,,,99.0,99.0,99.0,,,,99.0,,,,,,99.0,,,,
1981,10,17,70.0,70.0,,,,,,,1348.0,5.0,45.0,,,,0.0,0.0,,71.06,64.04,312.0,,,,270.0,315.0,,,,,118.0,72.0,-9999.0,-9999.0,-9999.0,,,,-9999.0,,,,,,1.0,,,,
1981,10,18,,,,,,,,,,0.0,,,,,0.0,0.0,,32.0,32.0,,,,,,,,,,,,,-9.0,-9.0,-9.0,,,,-9.0,,,,,,,,,,
1981,10,19,50.0,50.0,,,,,,,448.0,,71.0,,,,0.0,0.0,,68.0,60.08,486.0,,,,,,,,,,103.0,58.0,999.0,999.0,999.0,,,,999.0,,,,,,1.0,,,,
1981,10,20,,,,,,,,,,0.0,,,,,0.0,0.0,,,,,,,,,,,,,,,,-999.0,-999.0,-999.0,,,,-999.0,,,,,,,,,,
1981,10,22,20.0,10.0,,,,,,,1412.0,0.0,100.0,,,,0.0,0.0,,69.08,53.96,684.0,,,,,,,,,,93.0,49.0,9999.0,9999.0,9999.0,,,,9999.0,,,,,,9999.0,,,,
1981,10,23,,,,,,,,,,0.0,,,,,0.0,0.0,,,,,,,,,,,,,,,,-99.0,-99.0,-99.0,,,,-99.0,,,,,,-99.0,,,,
1981,10,24,,,,,,,,,,,,,,,,,,,,,,,,,,,,,,,,99.0,99.0,99.0,,,,99.0,,,,,,99.0,,,,
1981,10,25,0.0,0.0,,,,,,,1500.0,0.0,100.0,,,,0.0,0.0,,73.94,55.94,684.0,,,,315.0,315.0,,,,,113.0,89.0,-9999.0,-9999.0,-9999.0,,,,-9999.0,,,,,,-9999.0,,,,
1981,10,26,,,,,,,,,,0.0,,,,,0.0,0.0,,32.0,32.0,,,,,,,,,,,,,-9.0,-9.0,-9.0,,,,,,,,,,-9.0,,,,
1981,10,27,0.0,0.0,,,,,,,242.0,0.0,100.0,,,,0.0,0.0,,80.06,57.02,678.0,,,,,,,,,,118.0,98.0,999.0,999.0,999.0,,,,1.0,,,,,,999.0,,,,
1981,10,28,,,,,,,,,,0.0,,,,,0.0,0.0,,,,,,,,,,,,,,,,-999.0,-999.0,-999.0,,,,,,,,,,-999.0,,,,
1981,10,30,0.0,0.0,,,,,,,1406.0,0.0,100.0,,,,0.0,0.0,,77.0,62.059999999999995,678.0,,,,,,,,,,67.0,36.0,9999.0,9999.0,9999.0,,,,9999.0,,,,,,9999.0,,,,
1981,10,31,,,,,,,,,,0.0,,,,,0.0,0.0,,,,,,,,,,,,,,,,,-99.0,-99.0,,,,,,,,,,-99.0,,,,
1981,11,1,0.0,0.0,,,,,,,1442.0,0.0,100.0,,,,0.0,0.0,,82.04,53.96,654.0,,,,315.0,315.0,,,,,72.0,58.0,-9999.0,-9999.0,,,,,-9999.0,,,,,,-9999.0,,,,
1981,11,2,,,,,,,,,,0.0,,,,,0.0,0.0,,32.0,32.0,,,,,,,,,,,,,-9.0,-9.0,,,,,-9.0,,,,,,-9.0,,,,
1981,11,3,10.0,10.0,,,,,,,436.0,0.0,100.0,,,,0.0,0.0,,84.91999999999999,55.94,648.0,,,,,,,,,,87.0,76.0,999.0,999.0,,,,,999.0,,,,,,999.0,,,,
1981,11,4,,,,,,,,,,0.0,,,,,0.0,0.0,,,,,,,,,,,,,,,,,-999.0,,,,,-999.0,,,,,,-999.0,,,,
1981,11,5,,,,,,,,,,,,,,,,,,,,,,,,,,,,,,,,,,,,,,9.0,,,,,,,,,,
1981,11,6,80.0,80.0,,,,,,,1348.0,0.0,70.0,,,,0.0,0.0,,71.06,57.92,456.0,,,,,,,,,,67.0,40.0,1.0,9999.0,,,,,1.0,,,,,,9999.0,,,,
1981,11,7,,,,,,,,,,0.0,,,,,0.0,0.0,,,,,,,,,,,,,,,,,-99.0,,,,,,,,,,,-99.0,,,,
1981,11,8,,,,,,,,,,,,,,,,,,,,,,,,,,,,,,,,,99.0,,,,,,,,,,,99.0,,,,
1981,11,9,40.0,20.0,,,,,,,1418.0,0.0,94.0,,,,0.0,0.0,,71.06,62.059999999999995,606.0,,,,270.0,270.0,,,,,77.0,58.0,-9999.0,-9999.0,,,,,-9999.0,,,,,,-9999.0,,,,
1981,11,10,,,,,,,,,,0.0,,,,,0.0,0.0,,32.0,32.0,,,,,,,,,,,,,-9.0,-9.0,,,,,-9.0,,,,,,-9.0,,,,
1981,11,11,60.0,20.0,,,,,,,348.0,0.0,95.0,,,,0.0,0.0,,71.06,60.980000000000004,606.0,,,,,,,,,,93.0,72.0,999.0,999.0,,,,,999.0,,,,,,999.0,,,,
1981,11,12,,,,,,,,,,0.0,,,,,0.0,0.0,,,,,,,,,,,,,,,,,-999.0,,,,,,,,,,,-999.0,,,,
1981,11,13,,,,,,,,,,,,,,,,,,,,,,,,,,,,,,,,,9.0,,,,,,,,,,,,,,,
1981,11,14,10.0,0.0,,,,,,,1336.0,0.0,98.0,,,,0.0,0.0,,78.08,57.02,624.0,,,,,,,,,,87.0,63.0,1.0,1.0,,,,,1.0,,,,,,9999.0,,,,
1981,11,15,,,,,,,,,,0.0,,,,,0.0,0.0,,,,,,,,,,,,,,,,,,,,,,,,,,,,,,,,
1981,11,17,60.0,50.0,,,,,,,1448.0,0.0,61.0,,,,0.0,0.0,,68.0,57.92,384.0,,,,315.0,315.0,,,,,72.0,54.0,1.0,1.0,,,,,1.0,,,,,,-9999.0,,,,
1981,11,18,,,,,,,,,,0.0,,,,,0.0,0.0,,32.0,32.0,,,,,,,,,,,,,,,,,,,,,,,,,-9.0,,,,
1981,11,19,80.0,60.0,,,,,,,524.0,0.0,74.0,,,,0.0,0.0,,69.08,59.0,468.0,,,,,,,,,,67.0,58.0,1.0,999.0,,,,,1.0,,,,,,999.0,,,,
1981,11,20,,,,,,,,,,0.0,,,,,0.0,0.0,,,,,,,,,,,,,,,,,-999.0,,,,,,,,,,,-999.0,,,,
1981,11,22,60.0,90.0,,,,,,,1306.0,0.0,91.0,,,,0.0,0.0,,73.04,59.0,576.0,,,,,,,,,,93.0,76.0,9999.0,9999.0,,,,,1.0,,,,,,9999.0,,,,
1981,11,23,,,,,,,,,,0.0,,,,,0.0,0.0,,,,,,,,,,,,,,,,,,,,,,,,,,,,-99.0,,,,
1981,11,24,,,,,,,,,,,,,,,,,,,,,,,,,,,,,,,,,,,,,,,,,,,,99.0,,,,
1981,11,25,80.0,70.0,,,,,,,1542.0,0.0,57.0,,,,0.0,0.0,,69.08,57.92,354.0,,,,315.0,315.0,,,,,87.0,67.0,1.0,1.0,,,,,1.0,,,,,,-9999.0,,,,
1981,11,26,,,,,,,,,,0.0,,,,,0.0,0.0,,32.0,32.0,,,,,,,,,,,,,,,,,,,,,,,,,,,,,
1981,11,27,80.0,70.0,,,,,,,236.0,,84.0,,,,0.0,0.0,,71.06,57.92,528.0,,,,,,,,,,87.0,72.0,1.0,999.0,,,,,1.0,,,,,,1.0,,,,
1981,11,28,,,,,,,,,,0.0,,,,,0.0,0.0,,,,,,,,,,,,,,,,,-999.0,,,,,,,,,,,,,,,
1981,11,29,,,,,,,,,,,,,,,,,,,,,,,,,,,,,,,,9.0,9.0,,,,,,,,,,,,,,,
1981,11,30,40.0,80.0,,,,,,,1548.0,0.0,83.0,,,,0.0,0.0,,71.96,51.98,516.0,,,,,,,,,,51.0,31.0,1.0,1.0,,,,,1.0,,,,,,9999.0,,,,
1981,11,31,,,,,,,,,,0.0,,,,,0.0,0.0,,,,,,,,,,,,,,,,,,,,,,,,,,,,-99.0,,,,
1981,12,1,0.0,0.0,,,,,,,1412.0,0.0,100.0,,,,0.0,0.0,,71.06,48.92,612.0,,,,315.0,315.0,,,,,77.0,67.0,-9999.0,-9999.0,,,,,-9999.0,,,,,,-9999.0,,,,
1981,12,2,,,,,,,,,,0.0,,,,,0.0,0.0,,32.0,32.0,,,,,,,,,,,,,,-9.0,,,,,,,,,,,-9.0,,,,
1981,12,3,0.0,0.0,,,,,,,330.0,0.0,100.0,,,,0.0,0.0,,71.06,50.0,606.0,,,,,,,,,,77.0,58.0,1.0,999.0,,,,,1.0,,,,,,999.0,,,,
1981,12,4,,,,,,,,,,0.0,,,,,0.0,0.0,,,,,,,,,,,,,,,,,,,,,,,,,,,,-999.0,,,,
1981,12,6,70.0,50.0,,,,,,,1142.0,0.0,92.0,,,,0.0,0.0,,75.02,51.08,558.0,,,,,,,,,,67.0,49.0,1.0,1.0,,,,,1.0,,,,,,9999.0,,,,
1981,12,7,,,,,,,,,,0.0,,,,,0.0,0.0,,,,,,,,,,,,,,,,,,,,,,,,,,,,-99.0,,,,
1981,12,8,,,,,,,,,,,,,,,,,,,,,,,,,,,,,,,,,,,,,,,,,,,,99.0,,,,
1981,12,9,60.0,40.0,,,,,,,1424.0,0.0,77.0,,,,0.0,0.0,,64.04,51.08,468.0,,,,315.0,315.0,,,,,72.0,67.0,1.0,1.0,,,,,1.0,,,,,,-9999.0,,,,
1981,12,10,,,,,,,,,,0.0,,,,,0.0,0.0,,32.0,32.0,,,,,,,,,,,,,,,,,,,,,,,,,-9.0,,,,
1981,12,11,60.0,50.0,,,,,,,200.0,0.0,87.0,,,,0.0,0.0,,66.92,50.0,528.0,,,,,,,,,,62.0,49.0,1.0,1.0,,,,,1.0,,,,,,999.0,,,,
1981,12,12,,,,,,,,,,0.0,,,,,0.0,0.0,,,,,,,,,,,,,,,,,,,,,,,,,,,,-999.0,,,,
1981,12,14,60.0,70.0,,,,,,,1454.0,0.0,83.0,,,,0.0,0.0,,71.06,51.98,498.0,,,,,,,,,,82.0,63.0,1.0,1.0,,,,,1.0,,,,,,9999.0,,,,
1981,12,15,,,,,,,,,,0.0,,,,,0.0,0.0,,,,,,,,,,,,,,,,,,,,,,,,,,,,-99.0,,,,
1981,12,16,,,,,,,,,,,,,,,,,,,,,,,,,,,,,,,,,,,,,,,,,,,,99.0,,,,
1981,12,17,100.0,100.0,,,,,,,1336.0,0.0,34.0,,,,0.0,0.0,,66.02,55.94,204.0,,,,315.0,315.0,,,,,57.0,31.0,1.0,-9999.0,,,,,1.0,,,,,,-9999.0,,,,
1981,12,18,,,,,,,,,,0.0,,,,,0.0,0.0,,32.0,32.0,,,,,,,,,,,,,,-9.0,,,,,,,,,,,-9.0,,,,
1981,12,19,70.0,90.0,,,,,,,242.0,0.0,17.0,,,,0.0,0.0,,64.04,55.94,108.0,,,,,,,,,,67.0,54.0,1.0,999.0,,,,,1.0,,,,,,999.0,,,,
1981,12,20,,,,,,,,,,0.0,,,,,0.0,0.0,,,,,,,,,,,,,,,,,-999.0,,,,,,,,,,,-999.0,,,,
1981,12,22,10.0,10.0,,,,,,,1206.0,0.0,97.0,,,,0.0,0.0,,73.04,51.98,582.0,,,,,,,,,,67.0,58.0,9999.0,9999.0,,,,,1.0,,,,,,9999.0,,,,
1981,12,23,,,,,,,,,,0.0,,,,,0.0,0.0,,,,,,,,,,,,,,,,,,,,,,,,,,,,-99.0,,,,
1981,12,24,,,,,,,,,,,,,,,,,,,,,,,,,,,,,,,,,,,,,,,,,,,,99.0,,,,
1981,12,25,80.0,90.0,,,,,,,1312.0,0.0,81.0,,,,0.0,0.0,,69.08,51.08,492.0,,,,315.0,360.0,,,,,51.0,40.0,1.0,1.0,,,,,1.0,,,,,,-9999.0,,,,
1981,12,26,,,,,,,,,,0.0,,,,,0.0,0.0,,32.0,32.0,,,,,,,,,,,,,,,,,,,,,,,,,-9.0,,,,
1981,12,27,60.0,80.0,,,,,,,100.0,0.0,82.0,,,,0.0,0.0,,66.92,55.04,492.0,,,,,,,,,,72.0,54.0,1.0,1.0,,,,,1.0,,,,,,999.0,,,,
1981,12,28,,,,,,,,,,0.0,,,,,0.0,0.0,,,,,,,,,,,,,,,,,,,,,,,,,,,,-999.0,,,,
1981,12,29,,,,,,,,,,,,,,,,,,,,,,,,,,,,,,,,,9.0,,,,,,,,,,,,,,,
1981,12,30,40.0,20.0,,,,,,,1406.0,0.0,91.0,,,,0.0,0.0,,69.98,55.04,546.0,,,,,,,,,,82.0,67.0,1.0,1.0,,,,,1.0,,,,,,9999.0,,,,
1981,12,31,,,,,,,,,,0.0,,,,,0.0,0.0,,,,,,,,,,,,,,,,,,,,,,,,,,,,-99.0,,,,
1982,1,1,90.0,70.0,,,,,,,924.0,160.0,43.0,,,,0.0,0.0,,62.059999999999995,55.94,258.0,,,,180.0,180.0,,,,,159.0,121.0,1.0,-9999.0,-9999.0,,,,-9999.0,,,,,,1.0,,,,
1982,1,2,,,,,,,,,,0.0,,,,,0.0,0.0,,32.0,32.0,,,,,,,,,,,,,,-9.0,-9.0,,,,-9.0,,,,,,0.0,,,,
1982,1,3,70.0,80.0,,,,,,,654.0,84.0,49.0,,,,0.0,0.0,,59.0,51.98,294.0,,,,,,,,,,144.0,121.0,999.0,999.0,999.0,,,,999.0,,,,,,1.0,,,,
1982,1,4,,,,,,,,,,0.0,,,,,0.0,0.0,,,,,,,,,,,,,,,,-999.0,-999.0,-999.0,,,,-999.0,,,,,,,,,,
1982,1,5,,,,,,,,,,,,,,,,,,,,,,,,,,,,,,,,,,,,,,,,,,,,9.0,,,,
1982,1,6,90.0,90.0,,,,,,,2336.0,0.0,67.0,,,,0.0,0.0,,59.0,42.980000000000004,402.0,,,,,,,,,,57.0,27.0,9999.0,9999.0,9999.0,,,,9999.0,,,,,,1.0,,,,
1982,1,7,,,,,,,,,,0.0,,,,,0.0,0.0,,,,,,,,,,,,,,,,,-99.0,-99.0,,,,-99.0,,,,,,0.0,,,,
1982,1,8,,,,,,,,,,,,,,,,,,,,,,,,,,,,,,,,,99.0,99.0,,,,99.0,,,,,,,,,,
1982,1,9,60.0,80.0,,,,,,,430.0,5.0,41.0,,,,0.0,0.0,,60.08,50.0,252.0,,,,315.0,315.0,,,,,67.0,49.0,-9999.0,-9999.0,-9999.0,,,,-9999.0,,,,,,1.0,,,,
1982,1,10,,,,,,,,,,0.0,,,,,0.0,0.0,,32.0,32.0,,,,,,,,,,,,,-9.0,-9.0,-9.0,,,,-9.0,,,,,,,,,,
1982,1,11,0.0,0.0,,,,,,,548.0,0.0,100.0,,,,0.0,0.0,,64.04,42.980000000000004,606.0,,,,,,,,,,77.0,49.0,999.0,999.0,999.0,,,,999.0,,,,,,999.0,,,,
1982,1,12,,,,,,,,,,0.0,,,,,0.0,0.0,,,,,,,,,,,,,,,,-999.0,-999.0,-999.0,,,,-999.0,,,,,,-999.0,,,,
1982,1,14,70.0,60.0,,,,,,,1212.0,0.0,74.0,,,,0.0,0.0,,73.04,46.94,450.0,,,,,,,,,,57.0,49.0,9999.0,9999.0,9999.0,,,,9999.0,,,,,,9999.0,,,,
1982,1,15,,,,,,,,,,0.0,,,,,0.0,0.0,,,,,,,,,,,,,,,,-99.0,-99.0,-99.0,,,,-99.0,,,,,,,,,,
1982,1,16,,,,,,,,,,,,,,,,,,,,,,,,,,,,,,,,99.0,99.0,99.0,,,,99.0,,,,,,,,,,
1982,1,17,80.0,70.0,,,,,,,1412.0,18.0,80.0,,,,0.0,0.0,,68.0,55.94,486.0,,,,315.0,315.0,,,,,72.0,58.0,-9999.0,-9999.0,-9999.0,,,,-9999.0,,,,,,1.0,,,,
1982,1,18,,,,,,,,,,0.0,,,,,0.0,0.0,,32.0,32.0,,,,,,,,,,,,,-9.0,-9.0,-9.0,,,,,,,,,,0.0,,,,
1982,1,19,60.0,80.0,,,,,,,106.0,0.0,31.0,,,,0.0,0.0,,62.059999999999995,53.06,192.0,,,,,,,,,,77.0,54.0,999.0,999.0,999.0,,,,1.0,,,,,,1.0,,,,
1982,1,20,,,,,,,,,,0.0,,,,,0.0,0.0,,,,,,,,,,,,,,,,-999.0,-999.0,-999.0,,,,,,,,,,,,,,
1982,1,22,70.0,80.0,,,,,,,1536.0,0.0,100.0,,,,0.0,0.0,,68.0,48.02,612.0,,,,,,,,,,67.0,54.0,9999.0,9999.0,9999.0,,,,9999.0,,,,,,9999.0,,,,
1982,1,23,,,,,,,,,,0.0,,,,,0.0,0.0,,,32.0,,,,,,,,,,,,,,,-99.0,,,,-99.0,,,,,,-99.0,,,,
1982,1,24,,,,,,,,,,,,,,,,,,,,,,,,,,,,,,,,,,99.0,,,,99.0,,,,,,99.0,,,,
1982,1,25,40.0,10.0,,,,,,,1224.0,0.0,94.0,,,,0.0,0.0,,68.0,46.94,582.0,,,,315.0,315.0,,,,,51.0,40.0,1.0,1.0,-9999.0,,,,1.0,,,,,,-9999.0,,,,
1982,1,26,,,,,,,,,,0.0,,,,,0.0,0.0,,32.0,32.0,,,,,,,,,,,,,0.0,,-9.0,,,,0.0,,,,,,-9.0,,,,
1982,1,27,80.0,60.0,,,,,,,130.0,0.0,86.0,,,,0.0,0.0,,60.980000000000004,46.04,528.0,,,,,,,,,,62.0,36.0,1.0,1.0,999.0,,,,1.0,,,,,,999.0,,,,
1982,1,28,,,,,,,,,,0.0,,,,,0.0,0.0,,,,,,,,,,,,,,,,0.0,,-999.0,,,,0.0,,,,,,-999.0,,,,
1982,1,30,50.0,40.0,,,,,,,1506.0,0.0,83.0,,,,0.0,0.0,,62.059999999999995,53.96,510.0,,,,,,,,,,82.0,67.0,9999.0,9999.0,9999.0,,,,9999.0,,,,,,9999.0,,,,
1982,1,31,,,,,,,,,,,,,,,0.0,0.0,,,,,,,,,,,,,,,,,-99.0,,,,,-99.0,,,,,,,,,,
1982,2,1,0.0,0.0,,,,,,,1742.0,0.0,100.0,,,,0.0,0.0,,71.96,44.96,636.0,-9999.0,,,360.0,360.0,,-9999.0,,,67.0,63.0,-9999.0,-9999.0,,,,,-9999.0,,,,,,-9999.0,,,,
1982,2,2,,,,,,,,,,0.0,,,,,0.0,0.0,,32.0,32.0,,-9.0,,,,,,-9.0,,,,,-9.0,-9.0,,,,,-9.0,,,,,,-9.0,,,,
1982,2,3,0.0,0.0,,,,,,,636.0,0.0,100.0,,,,0.0,0.0,,69.08,46.94,642.0,999.0,,,,,,999.0,,,77.0,63.0,999.0,999.0,,,,,999.0,,,,,,999.0,,,,
1982,2,4,,,,,,,,,,0.0,,,,,0.0,0.0,,,,,-999.0,,,,,,-999.0,,,,,-999.0,-999.0,,,,,-999.0,,,,,,-999.0,,,,
1982,2,6,70.0,70.0,,,,,,,1430.0,0.0,28.0,,,,0.0,0.0,,60.08,55.04,180.0,9999.0,,,,,,9999.0,,,62.0,40.0,9999.0,9999.0,,,,,9999.0,,,,,,9999.0,,,,
1982,2,7,,,,,,,,,,0.0,,,,,0.0,0.0,,,,,1.0,,,,,,,,,,,-99.0,-99.0,,,,,,,,,,,-99.0,,,,
1982,2,8,,,,,,,,,,,,,,,,,,,,,,,,,99.0,,,,,,99.0,99.0,99.0,,,,,,,,,,,99.0,,,,
1982,2,9,90.0,100.0,,,,,,,1212.0,0.0,16.0,,,,0.0,0.0,,66.92,53.96,102.0,310.0,,,315.0,-9999.0,,40.0,,,57.0,-9999.0,-9999.0,-9999.0,,,,,-9999.0,,,,,,-9999.0,,,,
1982,2,10,,,,,,,,,,0.0,,,,,0.0,0.0,,32.0,32.0,,,,,,-9.0,,,,,,-9.0,-9.0,-9.0,,,,,-9.0,,,,,,-9.0,,,,
1982,2,11,90.0,100.0,,,,,,,342.0,0.0,3.0,,,,0.0,0.0,,62.959999999999994,51.08,24.0,210.0,,,,999.0,,45.0,,,57.0,999.0,999.0,999.0,,,,,999.0,,,,,,999.0,,,,
1982,2,12,,,,,,,,,,0.0,,,,,0.0,0.0,,,,,,,,,-999.0,,,,,,-999.0,-999.0,-999.0,,,,,-999.0,,,,,,,,,,
1982,2,13,,,,,,,,,,,,,,,,,,,,,,,,,9.0,,,,,,9.0,,,,,,,,,,,,,,,,,
1982,2,14,100.0,90.0,,,,,,,1312.0,53.0,47.0,,,,0.0,0.0,,62.959999999999994,55.04,306.0,9999.0,,,,,,9999.0,,,67.0,45.0,9999.0,9999.0,,,,,9999.0,,,,,,1.0,,,,
1982,2,15,,,,,,,,,,,,,,,0.0,0.0,,,,,-99.0,,,,,,-99.0,,,,,,-99.0,,,,,-99.0,,,,,,0.0,,,,
1982,2,16,,,,,,,,,,,,,,,,,,,,,99.0,,,,,,99.0,,,,,,99.0,,,,,99.0,,,,,,,,,,
1982,2,17,50.0,50.0,,,,,,,30.0,5.0,75.0,,,,0.0,0.0,,64.04,55.04,492.0,-9999.0,,,270.0,270.0,,-9999.0,,,113.0,63.0,1.0,-9999.0,,,,,-9999.0,,,,,,1.0,,,,
1982,2,18,,,,,,,,,,0.0,,,,,0.0,0.0,,32.0,32.0,,-9.0,,,,,,-9.0,,,,,,-9.0,,,,,,,,,,,,,,,
1982,2,19,60.0,80.0,,,,,,,524.0,0.0,43.0,,,,0.0,0.0,,68.0,53.06,282.0,999.0,,,,,,999.0,,,82.0,63.0,999.0,999.0,,,,,1.0,,,,,,999.0,,,,
1982,2,20,,,,,,,,,,0.0,,,,,0.0,0.0,,,,,-999.0,,,,,,-999.0,,,,,,-999.0,,,,,0.0,,,,,,-999.0,,,,
1982,2,21,,,,,,,,,,,,,,,,,,,,,,,,,,,,,,,,,,,,,,,,,,,,9.0,,,,
1982,2,22,100.0,100.0,,,,,,,1730.0,,8.0,,,,0.0,0.0,,62.959999999999994,57.02,54.0,9999.0,,,,,,9999.0,,,72.0,40.0,1.0,9999.0,,,,,1.0,,,,,,1.0,,,,
1982,2,23,,,,,,,,,,0.0,,,,,0.0,0.0,,,,,-99.0,,,,,,-99.0,,,,,0.0,-99.0,,,,,,,,,,,0.0,,,,
1982,2,24,,,,,,,,,,,,,,,,,,,,,99.0,,,,,,99.0,,,,,,99.0,,,,,99.0,,,,,,,,,,
1982,2,25,100.0,100.0,,,,,,,1030.0,0.0,1.0,,,,0.0,0.0,,66.92,59.0,6.0,-9999.0,,,315.0,315.0,,-9999.0,,,67.0,49.0,1.0,-9999.0,,,,,1.0,,,,,,1.0,,,,
1982,2,26,,,,,,,,,,,,,,,0.0,0.0,,32.0,32.0,,-9.0,,,,,,-9.0,,,,,0.0,-9.0,,,,,,,,,,,0.0,,,,
1982,2,27,80.0,100.0,,,,,,,212.0,3.0,13.0,,,,0.0,0.0,,66.02,57.02,90.0,999.0,,,,,,999.0,,,87.0,72.0,1.0,999.0,,,,,999.0,,,,,,1.0,,,,
1982,2,28,,,,,,,,,,0.0,,,,,0.0,0.0,,,,,-999.0,,,,,,-999.0,,,,,0.0,,,,,,,,,,,,,,,,
1982,2,30,20.0,40.0,,,,,,,1330.0,0.0,100.0,,,,0.0,0.0,,80.96,51.98,672.0,9999.0,,,,,,9999.0,,,98.0,80.0,9999.0,9999.0,,,,,9999.0,,,,,,9999.0,,,,
1982,2,31,,,,,,,,,,0.0,,,,,0.0,0.0,,,,,3.0,,,,,,,,,,,-99.0,-99.0,,,,,-99.0,,,,,,-99.0,,,,
1982,3,1,100.0,100.0,,,,,,,1600.0,8.0,26.0,,,,0.0,0.0,,64.94,59.0,180.0,,,,270.0,270.0,,,,,87.0,67.0,1.0,,,,,,-9999.0,,,,,,1.0,,,,
1982,3,2,,,,,,,,,,0.0,,,,,0.0,0.0,,32.0,32.0,,,,,,,,,,,,,0.0,,,,,,-9.0,,,,,,0.0,,,,
1982,3,3,80.0,90.0,,,,,,,524.0,5.0,45.0,,,,0.0,0.0,,64.94,57.92,312.0,,,,,,,,,,82.0,58.0,1.0,,,,,,999.0,,,,,,1.0,,,,
1982,3,4,,,,,,,,,,0.0,,,,,0.0,0.0,,,,,,,,,,,,,,,,,,,,,,-999.0,,,,,,,,,,
1982,3,6,10.0,20.0,,,,,,,1530.0,0.0,100.0,,,,0.0,0.0,,66.02,51.08,696.0,,,,,,,,,,82.0,58.0,9999.0,,,,,,9999.0,,,,,,9999.0,,,,
1982,3,7,,,,,,,,,,0.0,,,,,0.0,0.0,,,,,,,,,,,,,,,,-99.0,,,,,,-99.0,,,,,,-99.0,,,,
1982,3,8,,,,,,,,,,,,,,,,,,,,,,,,,,,,,,,,99.0,,,,,,99.0,,,,,,99.0,,,,
1982,3,9,50.0,70.0,,,,,,,1412.0,0.0,100.0,,,,0.0,0.0,,75.92,48.92,702.0,,,,315.0,315.0,,,,,82.0,63.0,-9999.0,,,,,,-9999.0,,,,,,-9999.0,,,,
1982,3,10,,,,,,,,,,0.0,,,,,0.0,0.0,,32.0,32.0,,,,,,,,,,,,,-9.0,,,,,,-9.0,,,,,,-9.0,,,,
1982,3,11,80.0,90.0,,,,,,,454.0,0.0,95.0,,,,0.0,0.0,,75.02,48.92,666.0,,,,,,,,,,72.0,45.0,999.0,,,,,,999.0,,,,,,999.0,,,,
1982,3,12,,,,,,,,,,0.0,,,,,0.0,0.0,,,,,,,,,,,,,,,,-999.0,,,,,,-999.0,,,,,,-999.0,,,,
1982,3,14,90.0,100.0,,,,,,,1618.0,0.0,94.0,,,,0.0,0.0,,71.06,55.04,666.0,,,,,,,,,,87.0,72.0,9999.0,,,,,,9999.0,,,,,,9999.0,,,,
1982,3,15,,,,,,,,,,0.0,,,,,0.0,0.0,,,,,,,,,,,,,,,,-99.0,,,,,,-99.0,,,,,,-99.0,,,,
1982,3,16,,,,,,,,,,,,,,,,,,,,,,,,,,,,,,,,99.0,,,,,,99.0,,,,,,99.0,,,,
1982,3,17,100.0,100.0,,,,,,,1542.0,23.0,0.0,,,,0.0,0.0,,68.0,62.059999999999995,0.0,,,,315.0,315.0,,,,,82.0,54.0,1.0,,,,,,1.0,,,,,,1.0,,,,
1982,3,18,,,,,,,,,,0.0,,,,,0.0,0.0,,32.0,32.0,,,,,,,,,,,,,0.0,,,,,,,,,,,,0.0,,,,
1982,3,19,80.0,80.0,,,,,,,236.0,10.0,49.0,,,,0.0,0.0,,68.0,57.92,348.0,,,,,,,,,,93.0,63.0,1.0,,,,,,999.0,,,,,,1.0,,,,
1982,3,20,,,,,,,,,,0.0,,,,,0.0,0.0,,,,,,,,,,,,,,,,0.0,,,,,,-999.0,,,,,,0.0,,,,
1982,3,22,100.0,100.0,,,,,,,1206.0,305.0,3.0,,,,0.0,0.0,,62.959999999999994,55.94,24.0,,,,,,,,,,164.0,116.0,1.0,,,,,,9999.0,,,,,,1.0,,,,
1982,3,23,,,,,,,,,,0.0,,,,,0.0,0.0,,,,,,,,,,,,,,,,,,,,,,-99.0,,,,,,0.0,,,,
1982,3,24,,,,,,,,,,,,,,,,,,,,,,,,,,,,,,,,99.0,,,,,,99.0,,,,,,,,,,
1982,3,25,90.0,90.0,,,,,,,1700.0,33.0,27.0,,,,0.0,0.0,,62.959999999999994,53.06,198.0,,,,180.0,180.0,,,,,129.0,98.0,1.0,,,,,,-9999.0,,,,,,1.0,,,,
1982,3,26,,,,,,,,,,0.0,,,,,0.0,0.0,,32.0,32.0,,,,,,,,,,,,,0.0,,,,,,-9.0,,,,,,0.0,,,,
1982,3,27,100.0,100.0,,,,,,,700.0,516.0,0.0,,,,0.0,0.0,,60.08,51.98,0.0,,,,,,,,,,231.0,170.0,1.0,,,,,,999.0,,,,,,1.0,,,,
1982,3,28,,,,,,,,,,,,,,,0.0,0.0,,,,,,,,,,,,,,,,,,,,,,-999.0,,,,,,0.0,,,,
1982,3,30,40.0,30.0,,,,,,,1254.0,5.0,89.0,,,,0.0,0.0,,62.059999999999995,50.0,648.0,,,,,,,,,,103.0,67.0,9999.0,,,,,,9999.0,,,,,,1.0,,,,
1982,3,31,,,,,,,,,,0.0,,,,,0.0,0.0,,,32.0,,,,,,,,,,,,,-99.0,,,,,,-99.0,,,,,,,,,,
1982,4,1,80.0,100.0,,,,,,,1642.0,157.0,6.0,,,,0.0,0.0,,60.08,55.04,48.0,,,,225.0,135.0,,,,,175.0,125.0,1.0,-9999.0,,,,,-9999.0,,,,,,1.0,,,,
1982,4,2,,,,,,,,,,0.0,,,,,0.0,0.0,,32.0,32.0,,,,,,,,,,,,,,-9.0,,,,,-9.0,,,,,,0.0,,,,
1982,4,3,60.0,40.0,,,,,,,348.0,,92.0,,,,0.0,0.0,,62.059999999999995,50.0,696.0,,,,,,,,,,98.0,76.0,999.0,999.0,,,,,999.0,,,,,,1.0,,,,
1982,4,4,,,,,,,,,,0.0,,,,,0.0,0.0,,,,,,,,,,,,,,,,-999.0,-999.0,,,,,-999.0,,,,,,,,,,
1982,4,5,,,,,,,,,,,,,,,,,,,,,,,,,,,,,,,,9.0,,,,,,,,,,,,9.0,,,,
1982,4,6,60.0,50.0,,,,,,,1306.0,,65.0,,,,0.0,0.0,,66.92,57.92,492.0,,,,,,,,,,98.0,72.0,1.0,9999.0,,,,,9999.0,,,,,,1.0,,,,
1982,4,7,,,,,,,,,,0.0,,,,,0.0,0.0,,,,,,,,,,,,,,,,,-99.0,,,,,-99.0,,,,,,,,,,
1982,4,8,,,,,,,,,,,,,,,,,,,,,,,,,,,,,,,,99.0,99.0,,,,,99.0,,,,,,99.0,,,,
1982,4,9,90.0,90.0,,,,,,,1254.0,0.0,29.0,,,,0.0,0.0,,64.04,57.02,222.0,,,,270.0,315.0,,,,,108.0,67.0,-9999.0,-9999.0,,,,,-9999.0,,,,,,-9999.0,,,,
1982,4,10,,,,,,,,,,0.0,,,,,0.0,0.0,,32.0,32.0,,,,,,,,,,,,,-9.0,-9.0,,,,,-9.0,,,,,,-9.0,,,,
1982,4,11,40.0,50.0,,,,,,,454.0,0.0,87.0,,,,0.0,0.0,,64.04,53.96,666.0,,,,,,,,,,93.0,67.0,999.0,999.0,,,,,999.0,,,,,,999.0,,,,
1982,4,12,,,,,,,,,,0.0,,,,,0.0,0.0,,,,,,,,,,,,,,,,-999.0,-999.0,,,,,-999.0,,,,,,-999.0,,,,
1982,4,13,,,,,,,,,,,,,,,,,,,,,,,,,,,,,,,,,,,,,,,,,,,,9.0,,,,
1982,4,14,70.0,80.0,,,,,,,1430.0,,75.0,,,,0.0,0.0,,71.96,59.0,576.0,,,,,,,,,,87.0,76.0,9999.0,9999.0,,,,,9999.0,,,,,,1.0,,,,
1982,4,15,,,,,,,,,,0.0,,,,,0.0,0.0,,,,,,,,,,,,,,,,-99.0,-99.0,,,,,-99.0,,,,,,,,,,
1982,4,16,,,,,,,,,,,,,,,,,,,,,,,,,,,,,,,,99.0,99.0,,,,,99.0,,,,,,99.0,,,,
1982,4,17,100.0,100.0,,,,,,,1242.0,0.0,15.0,,,,0.0,0.0,,75.02,62.059999999999995,120.0,,,,270.0,270.0,,,,,108.0,72.0,-9999.0,-9999.0,,,,,-9999.0,,,,,,-9999.0,,,,
1982,4,18,,,,,,,,,,0.0,,,,,0.0,0.0,,32.0,32.0,,,,,,,,,,,,,-9.0,-9.0,,,,,-9.0,,,,,,-9.0,,,,
1982,4,19,60.0,60.0,,,,,,,354.0,0.0,49.0,,,,0.0,0.0,,69.98,59.0,384.0,,,,,,,,,,98.0,76.0,999.0,999.0,,,,,999.0,,,,,,999.0,,,,
1982,4,20,,,,,,,,,,0.0,,,,,0.0,0.0,,,,,,,,,,,,,,,,-999.0,-999.0,,,,,-999.0,,,,,,-999.0,,,,
1982,4,22,70.0,70.0,,,,,,,1418.0,0.0,45.0,,,,0.0,0.0,,64.94,55.94,348.0,,,,,,,,,,82.0,54.0,9999.0,9999.0,,,,,9999.0,,,,,,9999.0,,,,
1982,4,23,,,,,,,,,,0.0,,,,,0.0,0.0,,,,,,,,,,,,,,,,-99.0,-99.0,,,,,-99.0,,,,,,-99.0,,,,
1982,4,24,,,,,,,,,,,,,,,,,,,,,,,,,,,,,,,,99.0,99.0,,,,,99.0,,,,,,99.0,,,,
1982,4,25,40.0,30.0,,,,,,,1336.0,0.0,97.0,,,,0.0,0.0,,64.94,59.0,756.0,,,,225.0,225.0,,,,,82.0,45.0,-9999.0,-9999.0,,,,,-9999.0,,,,,,-9999.0,,,,
1982,4,26,,,,,,,,,,0.0,,,,,0.0,0.0,,32.0,32.0,,,,,,,,,,,,,-9.0,-9.0,,,,,-9.0,,,,,,-9.0,,,,
1982,4,27,30.0,40.0,,,,,,,218.0,0.0,90.0,,,,0.0,0.0,,66.92,55.04,708.0,,,,,,,,,,77.0,49.0,999.0,999.0,,,,,999.0,,,,,,999.0,,,,
1982,4,28,,,,,,,,,,0.0,,,,,0.0,0.0,,,,,,,,,,,,,,,,-999.0,-999.0,,,,,,,,,,,-999.0,,,,
1982,4,29,,,,,,,,,,,,,,,,,,,,,,,,,,,,,,,,9.0,,,,,,,,,,,,,,,,
1982,4,30,20.0,20.0,,,,,,,1330.0,0.0,78.0,,,,0.0,0.0,,75.02,59.0,612.0,,,,,,,,,,82.0,63.0,1.0,9999.0,,,,,1.0,,,,,,9999.0,,,,
1982,4,31,,,,,,,,,,0.0,,,,,0.0,0.0,,,,,,,,,,,,,,,,0.0,,,,,,0.0,,,,,,-99.0,,,,
1982,5,1,100.0,100.0,,,,,,,1412.0,0.0,7.0,,,,0.0,0.0,,71.96,62.959999999999994,54.0,,,,315.0,315.0,,,,,93.0,72.0,-9999.0,,,,,,-9999.0,,,,,,-9999.0,,,,
1982,5,2,,,,,,,,,,0.0,,,,,0.0,0.0,,32.0,32.0,,,,,,,,,,,,,-9.0,,,,,,-9.0,,,,,,-9.0,,,,
1982,5,3,100.0,100.0,,,,,,,924.0,0.0,5.0,,,,0.0,0.0,,68.0,62.959999999999994,42.0,,,,,,,,,,82.0,58.0,999.0,,,,,,999.0,,,,,,999.0,,,,
1982,5,4,,,,,,,,,,0.0,,,,,0.0,0.0,,,,,,,,,,,,,,,,-999.0,,,,,,-999.0,,,,,,,,,,
1982,5,5,,,,,,,,,,,,,,,,,,,,,,,,,,,,,,,,9.0,,,,,,,,,,,,,,,,
1982,5,6,100.0,100.0,,,,,,,1554.0,0.0,22.0,,,,0.0,0.0,,69.98,60.08,180.0,,,,,,,,,,87.0,67.0,1.0,,,,,,9999.0,,,,,,9999.0,,,,
1982,5,7,,,,,,,,,,0.0,,,,,0.0,0.0,,,,,,,,,,,,,,,,,,,,,,-99.0,,,,,,-99.0,,,,
1982,5,8,,,,,,,,,,,,,,,,,,,,,,,,,,,,,,,,99.0,,,,,,99.0,,,,,,99.0,,,,
1982,5,9,80.0,60.0,,,,,,,1406.0,0.0,60.0,,,,0.0,0.0,,73.04,62.959999999999994,492.0,,,,315.0,315.0,,,,,103.0,94.0,-9999.0,,,,,,1.0,,,,,,-9999.0,,,,
1982,5,10,,,,,,,,,,0.0,,,,,0.0,0.0,,32.0,32.0,,,,,,,,,,,,,,,,,,,0.0,,,,,,-9.0,,,,
1982,5,11,80.0,70.0,,,,,,,312.0,0.0,43.0,,,,0.0,0.0,,71.06,62.059999999999995,348.0,,,,,,,,,,82.0,54.0,1.0,,,,,,1.0,,,,,,999.0,,,,
1982,5,12,,,,,,,,,,0.0,,,,,0.0,0.0,,,,,,,,,,,,,,,,,,,,,,,,,,,,-999.0,,,,
1982,5,14,100.0,100.0,,,,,,,1424.0,0.0,13.0,,,,0.0,0.0,,66.02,60.08,108.0,,,,,,,,,,103.0,76.0,9999.0,,,,,,9999.0,,,,,,9999.0,,,,
1982,5,15,,,,,,,,,,0.0,,,,,0.0,0.0,,,,,,,,,,,,,,,,-99.0,,,,,,-99.0,,,,,,,,,,
1982,5,16,,,,,,,,,,,,,,,,,,,,,,,,,,,,,,,,99.0,,,,,,99.0,,,,,,,,,,
1982,5,17,70.0,70.0,,,,,,,1400.0,0.0,32.0,,,,0.0,0.0,,66.02,60.08,264.0,,,,270.0,315.0,,,,,93.0,72.0,-9999.0,,,,,,-9999.0,,,,,,1.0,,,,
1982,5,18,,,,,,,,,,,,,,,0.0,0.0,,32.0,32.0,,,,,,,,,,,,,-9.0,,,,,,-9.0,,,,,,,,,,
1982,5,19,50.0,50.0,,,,,,,306.0,0.0,87.0,,,,0.0,0.0,,69.08,57.92,720.0,,,,,,,,,,87.0,54.0,999.0,,,,,,999.0,,,,,,999.0,,,,
1982,5,20,,,,,,,,,,0.0,,,,,0.0,0.0,,,,,,,,,,,,,,,,-999.0,,,,,,-999.0,,,,,,-999.0,,,,
1982,5,22,50.0,40.0,,,,,,,1236.0,0.0,63.0,,,,0.0,0.0,,69.98,60.980000000000004,522.0,,,,,,,,,,98.0,76.0,9999.0,,,,,,9999.0,,,,,,9999.0,,,,
1982,5,23,,,,,,,,,,0.0,,,,,0.0,0.0,,,,,,,,,,,,,,,,-99.0,,,,,,-99.0,,,,,,-99.0,,,,
1982,5,24,,,,,,,,,,,,,,,,,,,,,,,,,,,,,,,,99.0,,,,,,99.0,,,,,,99.0,,,,
1982,5,25,0.0,0.0,,,,,,,1518.0,0.0,100.0,,,,0.0,0.0,,75.02,60.08,834.0,,,,315.0,225.0,,,,,67.0,49.0,-9999.0,,,,,,1.0,,,,,,-9999.0,,,,
1982,5,26,,,,,,,,,,0.0,,,,,0.0,0.0,,32.0,32.0,,,,,,,,,,,,,,,,,,,0.0,,,,,,-9.0,,,,
1982,5,27,70.0,60.0,,,,,,,506.0,0.0,72.0,,,,0.0,0.0,,80.96,62.059999999999995,600.0,,,,,,,,,,72.0,49.0,1.0,,,,,,1.0,,,,,,999.0,,,,
1982,5,28,,,,,,,,,,0.0,,,,,0.0,0.0,,,,,,,,,,,,,,,,,,,,,,0.0,,,,,,-999.0,,,,
1982,5,30,60.0,40.0,,,,,,,1254.0,0.0,81.0,,,,0.0,0.0,,69.08,60.08,678.0,,,,,,,,,,82.0,49.0,9999.0,,,,,,9999.0,,,,,,9999.0,,,,
1982,5,31,,,,,,,,,,0.0,,,,,0.0,0.0,,,,,,,,,,,,,,,,-99.0,,,,,,-99.0,,,,,,-99.0,,,,
1982,6,1,60.0,40.0,,,,,,,1336.0,0.0,57.0,,,,0.0,0.0,,69.98,62.059999999999995,486.0,,,,270.0,315.0,,,,,93.0,54.0,-9999.0,,,,,,-9999.0,,,,,,-9999.0,,,,
1982,6,2,,,,,,,,,,0.0,,,,,0.0,0.0,,32.0,32.0,,,,,,,,,,,,,-9.0,,,,,,-9.0,,,,,,-9.0,,,,
1982,6,3,80.0,80.0,,,,,,,542.0,0.0,58.0,,,,0.0,0.0,,69.98,62.059999999999995,492.0,,,,,,,,,,87.0,54.0,999.0,,,,,,999.0,,,,,,999.0,,,,
1982,6,4,,,,,,,,,,0.0,,,,,0.0,0.0,,,,,,,,,,,,,,,,-999.0,,,,,,-999.0,,,,,,-999.0,,,,
1982,6,6,70.0,50.0,,,,,,,1312.0,0.0,67.0,,,,0.0,0.0,,71.06,62.959999999999994,576.0,,,,,,,,,,87.0,63.0,9999.0,,,,,,9999.0,,,,,,9999.0,,,,
1982,6,7,,,,,,,,,,0.0,,,,,0.0,0.0,,,,,,,,,,,,,,,,-99.0,,,,,,-99.0,,,,,,-99.0,,,,
1982,6,8,,,,,,,,,,,,,,,,,,,,,,,,,,,,,,,,99.0,,,,,,99.0,,,,,,99.0,,,,
1982,6,9,60.0,40.0,,,,,,,1600.0,0.0,65.0,,,,0.0,0.0,,69.98,62.059999999999995,552.0,,,,270.0,225.0,,,,,77.0,49.0,-9999.0,,,,,,-9999.0,,,,,,-9999.0,,,,
1982,6,10,,,,,,,,,,0.0,,,,,0.0,0.0,,32.0,32.0,,,,,,,,,,,,,-9.0,,,,,,-9.0,,,,,,-9.0,,,,
1982,6,11,70.0,60.0,,,,,,,448.0,0.0,56.0,,,,0.0,0.0,,71.06,62.059999999999995,480.0,,,,,,,,,,93.0,58.0,999.0,,,,,,999.0,,,,,,999.0,,,,
1982,6,12,,,,,,,,,,0.0,,,,,0.0,0.0,,,,,,,,,,,,,,,,-999.0,,,,,,-999.0,,,,,,-999.0,,,,
1982,6,14,70.0,60.0,,,,,,,1324.0,0.0,46.0,,,,0.0,0.0,,71.96,62.059999999999995,396.0,,,,,,,,,,103.0,63.0,9999.0,,,,,,9999.0,,,,,,9999.0,,,,
1982,6,15,,,,,,,,,,0.0,,,,,0.0,0.0,,,,,,,,,,,,,,,,-99.0,,,,,,-99.0,,,,,,,,,,
1982,6,16,,,,,,,,,,,,,,,,,,,,,,,,,,,,,,,,99.0,,,,,,99.0,,,,,,,,,,
1982,6,17,80.0,70.0,,,,,,,1230.0,0.0,55.0,,,,0.0,0.0,,69.08,62.959999999999994,468.0,,,,225.0,225.0,,,,,93.0,58.0,-9999.0,,,,,,-9999.0,,,,,,-9999.0,,,,
1982,6,18,,,,,,,,,,0.0,,,,,0.0,0.0,,32.0,32.0,,,,,,,,,,,,,-9.0,,,,,,,,,,,,-9.0,,,,
1982,6,19,80.0,80.0,,,,,,,436.0,0.0,38.0,,,,0.0,0.0,,68.0,62.059999999999995,330.0,,,,,,,,,,82.0,45.0,999.0,,,,,,1.0,,,,,,999.0,,,,
1982,6,20,,,,,,,,,,0.0,,,,,0.0,0.0,,,,,,,,,,,,,,,,-999.0,,,,,,,,,,,,-999.0,,,,
1982,6,22,90.0,80.0,,,,,,,1524.0,0.0,51.0,,,,0.0,0.0,,69.98,62.959999999999994,438.0,,,,,,,,,,93.0,45.0,9999.0,,,,,,9999.0,,,,,,9999.0,,,,
1982,6,23,,,,,,,,,,0.0,,,,,0.0,0.0,,,,,,,,,,,,,,,,-99.0,,,,,,-99.0,,,,,,-99.0,,,,
1982,6,24,,,,,,,,,,,,,,,,,,,,,,,,,,,,,,,,99.0,,,,,,99.0,,,,,,99.0,,,,
1982,6,25,100.0,100.0,,,,,,,906.0,3.0,0.0,,,,0.0,0.0,,66.02,62.959999999999994,0.0,,,,225.0,270.0,,,,,72.0,40.0,1.0,,,,,,1.0,,,,,,1.0,,,,
1982,6,26,,,,,,,,,,0.0,,,,,0.0,0.0,,32.0,32.0,,,,,,,,,,,,,0.0,,,,,,,,,,,,0.0,,,,
1982,6,27,100.0,100.0,,,,,,,218.0,5.0,0.0,,,,0.0,0.0,,64.94,62.059999999999995,0.0,,,,,,,,,,67.0,36.0,1.0,,,,,,999.0,,,,,,1.0,,,,
1982,6,28,,,,,,,,,,0.0,,,,,0.0,0.0,,,,,,,,,,,,,,,,,,,,,,-999.0,,,,,,0.0,,,,
1982,6,30,100.0,90.0,,,,,,,1330.0,0.0,11.0,,,,0.0,0.0,,71.06,64.04,90.0,,,,,,,,,,82.0,49.0,9999.0,,,,,,9999.0,,,,,,9999.0,,,,
1982,6,31,,,,,,,,,,0.0,,,,,0.0,0.0,,,,,,,,,,,,,,,,,,,,,,-99.0,,,,,,,,,,
1982,7,1,10.0,10.0,,,,,,,1130.0,0.0,86.0,,,,0.0,0.0,,73.94,62.959999999999994,744.0,-9999.0,,,360.0,315.0,,-9999.0,,,93.0,67.0,-9999.0,,,,,,-9999.0,,,,,,,,,,
1982,7,2,,,,,,,,,,0.0,,,,,0.0,0.0,,32.0,32.0,,-9.0,,,,,,-9.0,,,,,-9.0,,,,,,-9.0,,,,,,,,,,
1982,7,3,50.0,30.0,,,,,,,130.0,0.0,72.0,,,,0.0,0.0,,75.02,64.04,612.0,999.0,,,,,,999.0,,,77.0,54.0,999.0,,,,,,999.0,,,,,,,,,,
1982,7,4,,,,,,,,,,0.0,,,,,0.0,0.0,,,,,-999.0,,,,,,-999.0,,,,,-999.0,,,,,,-999.0,,,,,,,,,,
1982,7,6,60.0,40.0,,,,,,,1448.0,0.0,86.0,,,,0.0,0.0,,73.94,64.04,732.0,9999.0,,,,,,9999.0,,,72.0,63.0,9999.0,,,,,,9999.0,,,,,,,,,,
1982,7,7,,,,,,,,,,0.0,,,,,0.0,0.0,,,,,-99.0,,,,,,-99.0,,,,,-99.0,,,,,,-99.0,,,,,,,,,,
1982,7,8,,,,,,,,,,,,,,,,,,,,,99.0,,,,,,99.0,,,,,99.0,,,,,,99.0,,,,,,,,,,
1982,7,9,30.0,10.0,,,,,,,1248.0,0.0,98.0,,,,0.0,0.0,,77.0,62.959999999999994,834.0,-9999.0,,,315.0,315.0,,-9999.0,,,77.0,45.0,-9999.0,,,,,,-9999.0,,,,,,,,,,
1982,7,10,,,,,,,,,,0.0,,,,,0.0,0.0,,32.0,32.0,,-9.0,,,,,,-9.0,,,,,-9.0,,,,,,-9.0,,,,,,,,,,
1982,7,11,30.0,10.0,,,,,,,518.0,0.0,97.0,,,,0.0,0.0,,75.02,64.04,828.0,999.0,,,,,,999.0,,,82.0,63.0,999.0,,,,,,999.0,,,,,,,,,,
1982,7,12,,,,,,,,,,0.0,,,,,0.0,0.0,,,,,-999.0,,,,,,-999.0,,,,,-999.0,,,,,,-999.0,,,,,,,,,,
1982,7,14,30.0,20.0,,,,,,,1318.0,0.0,95.0,,,,0.0,0.0,,75.02,66.02,810.0,9999.0,,,,,,9999.0,,,82.0,49.0,9999.0,,,,,,9999.0,,,,,,,,,,
1982,7,15,,,,,,,,,,0.0,,,,,0.0,0.0,,,,,-99.0,,,,,,-99.0,,,,,-99.0,,,,,,,,,,,,,,,,
1982,7,16,,,,,,,,,,,,,,,,,,,,,99.0,,,,,,99.0,,,,,99.0,,,,,,,,,,,,,,,,
1982,7,17,50.0,20.0,,,,,,,1506.0,0.0,77.0,,,,0.0,0.0,,75.02,64.94,654.0,-9999.0,,,225.0,225.0,,-9999.0,,,72.0,49.0,-9999.0,,,,,,-9999.0,,,,,,,,,,
1982,7,18,,,,,,,,,,0.0,,,,,0.0,0.0,,32.0,32.0,,-9.0,,,,,,-9.0,,,,,,,,,,,,,,,,,,,,,
1982,7,19,50.0,30.0,,,,,,,512.0,0.0,62.0,,,,0.0,0.0,,75.02,64.94,522.0,999.0,,,,,,999.0,,,82.0,49.0,1.0,,,,,,1.0,,,,,,,,,,
1982,7,20,,,,,,,,,,0.0,,,,,0.0,0.0,,,,,-999.0,,,,,,-999.0,,,,,0.0,,,,,,0.0,,,,,,,,,,
1982,7,22,40.0,30.0,,,,,,,1406.0,0.0,75.0,,,,0.0,0.0,,77.0,64.94,630.0,9999.0,,,,,,9999.0,,,82.0,49.0,1.0,,,,,,1.0,,,,,,,,,,
1982,7,23,,,,,,,,,,0.0,,,,,0.0,0.0,,,,,-99.0,,,,,,-99.0,,,,,,,,,,,0.0,,,,,,,,,,
1982,7,24,,,,,,,,,,,,,,,,,,,,,99.0,,,,,,99.0,,,,,99.0,,,,,,,,,,,,,,,,
1982,7,25,70.0,50.0,,,,,,,1500.0,0.0,64.0,,,,0.0,0.0,,73.04,66.02,540.0,-9999.0,,,270.0,225.0,,-9999.0,,,77.0,49.0,-9999.0,,,,,,1.0,,,,,,,,,,
1982,7,26,,,,,,,,,,0.0,,,,,0.0,0.0,,32.0,32.0,,-9.0,,,,,,-9.0,,,,,-9.0,,,,,,,,,,,,,,,,
1982,7,27,40.0,30.0,,,,,,,442.0,0.0,76.0,,,,0.0,0.0,,73.04,66.02,636.0,999.0,,,,,,999.0,,,77.0,45.0,999.0,,,,,,999.0,,,,,,,,,,
1982,7,28,,,,,,,,,,0.0,,,,,0.0,0.0,,,,,-999.0,,,,,,-999.0,,,,,-999.0,,,,,,,,,,,,,,,,
1982,7,30,30.0,20.0,,,,,,,1436.0,0.0,80.0,,,,0.0,0.0,,78.08,69.08,672.0,9999.0,,,,,,9999.0,,,93.0,76.0,9999.0,,,,,,1.0,,,,,,,,,,
1982,7,31,,,,,,,,,,0.0,,,,,0.0,0.0,,,,,-99.0,,,,,,-99.0,,,,,,,,,,,0.0,,,,,,,,,,
1982,8,1,90.0,90.0,,,,,,,1248.0,0.0,35.0,,,,0.0,0.0,,77.0,69.98,288.0,210.0,,,225.0,-9999.0,,54.0,,,72.0,-9999.0,-9999.0,,,,,,1.0,,,,,,-9999.0,,,,
1982,8,2,,,,,,,,,,0.0,,,,,0.0,0.0,,32.0,32.0,,,,,,-9.0,,,,,,-9.0,-9.0,,,,,,0.0,,,,,,-9.0,,,,
1982,8,3,70.0,50.0,,,,,,,248.0,0.0,63.0,,,,0.0,0.0,,75.92,69.08,516.0,220.0,,,,999.0,,63.0,,,87.0,999.0,999.0,,,,,,1.0,,,,,,999.0,,,,
1982,8,4,,,,,,,,,,0.0,,,,,0.0,0.0,,,,,,,,,-999.0,,,,,,-999.0,-999.0,,,,,,,,,,,,-999.0,,,,
1982,8,6,20.0,10.0,,,,,,,1154.0,0.0,98.0,,,,0.0,0.0,,78.08,66.92,804.0,280.0,,,,9999.0,,58.0,,,93.0,9999.0,9999.0,,,,,,9999.0,,,,,,9999.0,,,,
1982,8,7,,,,,,,,,,0.0,,,,,0.0,0.0,,,,,,,,,3.0,,,,,,,,,,,,,,,,,,,-99.0,,,,
1982,8,8,,,,,,,,,,,,,,,,,,,,,99.0,,,,,,99.0,,,,,,,,,,,,,,,,,99.0,,,,
1982,8,9,60.0,60.0,,,,,,,1342.0,0.0,80.0,,,,0.0,0.0,,84.02,71.96,648.0,-9999.0,,,315.0,315.0,,-9999.0,,,103.0,85.0,-9999.0,,,,,,-9999.0,,,,,,-9999.0,,,,
1982,8,10,,,,,,,,,,0.0,,,,,0.0,0.0,,32.0,32.0,,-9.0,,,,,,-9.0,,,,,,,,,,,,,,,,,-9.0,,,,
1982,8,11,40.0,20.0,,,,,,,224.0,0.0,78.0,,,,0.0,0.0,,80.06,71.06,636.0,999.0,,,,,,999.0,,,93.0,67.0,1.0,,,,,,1.0,,,,,,999.0,,,,
1982,8,12,,,,,,,,,,0.0,,,,,0.0,0.0,,,,,-999.0,,,,,,-999.0,,,,,0.0,,,,,,0.0,,,,,,-999.0,,,,
1982,8,14,70.0,80.0,,,,,,,1624.0,0.0,82.0,,,,0.0,0.0,,80.06,69.08,666.0,9999.0,,,,,,9999.0,,,82.0,58.0,1.0,,,,,,1.0,,,,,,9999.0,,,,
1982,8,15,,,,,,,,,,0.0,,,,,0.0,0.0,,,,,-99.0,,,,,,-99.0,,,,,,,,,,,0.0,,,,,,-99.0,,,,
1982,8,16,,,,,,,,,,,,,,,,,,,,,99.0,,,,,,99.0,,,,,99.0,,,,,,,,,,,,99.0,,,,
1982,8,17,80.0,60.0,,,,,,,1536.0,0.0,52.0,,,,0.0,0.0,,71.96,66.92,420.0,-9999.0,,,225.0,225.0,,-9999.0,,,77.0,49.0,-9999.0,,,,,,1.0,,,,,,-9999.0,,,,
1982,8,18,,,,,,,,,,0.0,,,,,0.0,0.0,,32.0,32.0,,-9.0,,,,,,-9.0,,,,,-9.0,,,,,,0.0,,,,,,-9.0,,,,
1982,8,19,80.0,60.0,,,,,,,306.0,0.0,51.0,,,,0.0,0.0,,75.02,66.02,408.0,999.0,,,,,,999.0,,,77.0,49.0,999.0,,,,,,1.0,,,,,,999.0,,,,
1982,8,20,,,,,,,,,,0.0,,,,,0.0,0.0,,,,,-999.0,,,,,,-999.0,,,,,-999.0,,,,,,0.0,,,,,,-999.0,,,,
1982,8,22,60.0,40.0,,,,,,,1430.0,0.0,69.0,,,,0.0,0.0,,75.02,68.0,558.0,9999.0,,,,,,9999.0,,,108.0,76.0,9999.0,,,,,,9999.0,,,,,,9999.0,,,,
1982,8,23,,,,,,,,,,0.0,,,,,0.0,0.0,,,,,-99.0,,,,,,-99.0,,,,,-99.0,,,,,,-99.0,,,,,,-99.0,,,,
1982,8,24,,,,,,,,,,,,,,,,,,,,,99.0,,,,,,99.0,,,,,99.0,,,,,,99.0,,,,,,99.0,,,,
1982,8,25,60.0,50.0,,,,,,,1348.0,0.0,75.0,,,,0.0,0.0,,75.92,66.92,600.0,-9999.0,,,315.0,315.0,,-9999.0,,,82.0,49.0,-9999.0,,,,,,-9999.0,,,,,,-9999.0,,,,
1982,8,26,,,,,,,,,,0.0,,,,,0.0,0.0,,32.0,32.0,,-9.0,,,,,,-9.0,,,,,,,,,,,,,,,,,-9.0,,,,
1982,8,27,80.0,80.0,,,,,,,454.0,0.0,76.0,,,,0.0,0.0,,75.92,64.04,606.0,999.0,,,,,,999.0,,,67.0,45.0,1.0,,,,,,1.0,,,,,,999.0,,,,
1982,8,28,,,,,,,,,,0.0,,,,,0.0,0.0,,,,,-999.0,,,,,,-999.0,,,,,,,,,,,0.0,,,,,,-999.0,,,,
1982,8,29,,,,,,,,,,,,,,,,,,,,,,,,,,,,,,,,9.0,,,,,,,,,,,,,,,,
1982,8,30,20.0,20.0,,,,,,,1254.0,0.0,90.0,,,,0.0,0.0,,84.02,68.0,714.0,9999.0,,,,,,9999.0,,,77.0,58.0,1.0,,,,,,1.0,,,,,,9999.0,,,,
1982,8,31,,,,,,,,,,0.0,,,,,0.0,0.0,,,,,-99.0,,,,,,-99.0,,,,,,,,,,,0.0,,,,,,-99.0,,,,
1982,9,1,40.0,60.0,,,,,,,1330.0,0.0,91.0,,,,0.0,0.0,,86.0,68.0,696.0,,,,315.0,315.0,,,,,113.0,85.0,1.0,-9999.0,-9999.0,,,,1.0,,,,,,-9999.0,,,,
1982,9,2,,,,,,,,,,0.0,,,,,0.0,0.0,,32.0,32.0,,,,,,,,,,,,,,-9.0,-9.0,,,,,,,,,,-9.0,,,,
1982,9,3,0.0,0.0,,,,,,,330.0,0.0,100.0,,,,0.0,0.0,,87.98,69.08,768.0,,,,,,,,,,87.0,58.0,999.0,999.0,999.0,,,,999.0,,,,,,999.0,,,,
1982,9,4,,,,,,,,,,0.0,,,,,0.0,0.0,,,,,,,,,,,,,,,,-999.0,-999.0,-999.0,,,,-999.0,,,,,,-999.0,,,,
1982,9,5,,,,,,,,,,,,,,,,,,,,,,,,,,,,,,,,,,,,,,9.0,,,,,,,,,,
1982,9,6,30.0,30.0,,,,,,,430.0,0.0,98.0,,,,0.0,0.0,,86.0,71.06,750.0,,,,,,,,,,93.0,45.0,9999.0,9999.0,9999.0,,,,1.0,,,,,,9999.0,,,,
1982,9,7,,,,,,,,,,0.0,,,,,0.0,0.0,,,,,,,,,,,,,,,,,,-99.0,,,,0.0,,,,,,-99.0,,,,
1982,9,8,,,,,,,,,,,,,,,,,,,,,,,,,,,,,,,,,,99.0,,,,,,,,,,99.0,,,,
1982,9,9,60.0,40.0,,,,,,,1130.0,0.0,82.0,,,,0.0,0.0,,80.96,69.08,624.0,,,,270.0,315.0,,,,,93.0,67.0,1.0,-9999.0,-9999.0,,,,1.0,,,,,,-9999.0,,,,
1982,9,10,,,,,,,,,,0.0,,,,,0.0,0.0,,32.0,32.0,,,,,,,,,,,,,,-9.0,-9.0,,,,0.0,,,,,,-9.0,,,,
1982,9,11,80.0,60.0,,,,,,,642.0,0.0,53.0,,,,0.0,0.0,,77.0,69.08,408.0,,,,,,,,,,72.0,49.0,999.0,999.0,999.0,,,,1.0,,,,,,999.0,,,,
1982,9,12,,,,,,,,,,,,,,,0.0,0.0,,,,,,,,,,,,,,,,-999.0,-999.0,,,,,,,,,,,,,,,
1982,9,13,,,,,,,,,,,,,,,,,,,,,,,,,,,,,,,,9.0,,,,,,9.0,,,,,,,,,,
1982,9,14,80.0,100.0,,,,,,,954.0,0.0,18.0,,,,0.0,0.0,,77.0,71.06,132.0,,,,,,,,,,72.0,49.0,1.0,9999.0,9999.0,,,,1.0,,,,,,9999.0,,,,
1982,9,15,,,,,,,,,,0.0,,,,,0.0,0.0,,,,,,,,,,,,,,,,0.0,-99.0,-99.0,,,,0.0,,,,,,-99.0,,,,
1982,9,16,,,,,,,,,,,,,,,,,,,,,,,,,,,,,,,,,99.0,99.0,,,,,,,,,,99.0,,,,
1982,9,17,50.0,50.0,,,,,,,1154.0,0.0,55.0,,,,0.0,0.0,,73.94,68.0,414.0,,,,225.0,225.0,,,,,98.0,49.0,-9999.0,-9999.0,-9999.0,,,,-9999.0,,,,,,-9999.0,,,,
1982,9,18,,,,,,,,,,0.0,,,,,0.0,0.0,,32.0,32.0,,,,,,,,,,,,,-9.0,-9.0,-9.0,,,,-9.0,,,,,,-9.0,,,,
1982,9,19,90.0,80.0,,,,,,,348.0,0.0,42.0,,,,0.0,0.0,,75.92,69.08,312.0,,,,,,,,,,93.0,63.0,999.0,999.0,999.0,,,,999.0,,,,,,999.0,,,,
1982,9,20,,,,,,,,,,0.0,,,,,0.0,0.0,,,,,,,,,,,,,,,,-999.0,-999.0,-999.0,,,,-999.0,,,,,,-999.0,,,,
1982,9,22,90.0,90.0,,,,,,,2024.0,0.0,21.0,,,,0.0,0.0,,73.94,69.98,162.0,,,,,,,,,,67.0,40.0,9999.0,9999.0,9999.0,,,,9999.0,,,,,,9999.0,,,,
1982,9,23,,,,,,,,,,0.0,,,,,0.0,0.0,,,,,,,,,,,,,,,,,-99.0,-99.0,,,,-99.0,,,,,,,,,,
1982,9,24,,,,,,,,,,,,,,,,,,,,,,,,,,,,,,,,,99.0,99.0,,,,99.0,,,,,,,,,,
1982,9,25,100.0,100.0,,,,,,,1054.0,15.0,20.0,,,,0.0,0.0,,71.96,66.02,150.0,,,,90.0,360.0,,,,,72.0,45.0,-9999.0,-9999.0,-9999.0,,,,-9999.0,,,,,,1.0,,,,
1982,9,26,,,,,,,,,,0.0,,,,,0.0,0.0,,32.0,32.0,,,,,,,,,,,,,-9.0,-9.0,-9.0,,,,-9.0,,,,,,0.0,,,,
1982,9,27,70.0,100.0,,,,,,,54.0,3.0,9.0,,,,0.0,0.0,,78.98,64.04,66.0,,,,,,,,,,93.0,67.0,999.0,999.0,999.0,,,,999.0,,,,,,1.0,,,,
1982,9,28,,,,,,,,,,0.0,,,,,0.0,0.0,,,,,,,,,,,,,,,,,-999.0,-999.0,,,,-999.0,,,,,,,,,,
1982,9,30,30.0,60.0,,,,,,,1336.0,0.0,80.0,,,,0.0,0.0,,77.0,66.92,588.0,,,,,,,,,,98.0,76.0,9999.0,9999.0,9999.0,,,,9999.0,,,,,,9999.0,,,,
1982,9,31,,,,,,,,,,0.0,,,,,0.0,0.0,,,,,,,,,,,,,,,,-99.0,-99.0,-99.0,,,,-99.0,,,,,,-99.0,,,,
1982,10,1,0.0,0.0,,,,,,,1342.0,0.0,100.0,,,,0.0,0.0,,73.94,57.92,714.0,,,,315.0,315.0,,,,,98.0,76.0,-9999.0,-9999.0,,,,,-9999.0,,,,,,-9999.0,,,,
1982,10,2,,,,,,,,,,0.0,,,,,0.0,0.0,,32.0,32.0,,,,,,,,,,,,,-9.0,-9.0,,,,,-9.0,,,,,,-9.0,,,,
1982,10,3,0.0,0.0,,,,,,,430.0,0.0,100.0,,,,0.0,0.0,,80.96,59.0,708.0,,,,,,,,,,93.0,80.0,999.0,999.0,,,,,999.0,,,,,,999.0,,,,
1982,10,4,,,,,,,,,,0.0,,,,,0.0,0.0,,,,,,,,,,,,,,,,-999.0,-999.0,,,,,-999.0,,,,,,-999.0,,,,
1982,10,5,,,,,,,,,,,,,,,,,,,,,,,,,,,,,,,,,,,,,,9.0,,,,,,,,,,
1982,10,6,70.0,50.0,,,,,,,2242.0,0.0,67.0,,,,0.0,0.0,,71.06,64.94,474.0,,,,,,,,,,72.0,40.0,9999.0,9999.0,,,,,1.0,,,,,,9999.0,,,,
1982,10,7,,,,,,,,,,0.0,,,,,0.0,0.0,,,,,,,,,,,,,,,,-99.0,-99.0,,,,,,,,,,,-99.0,,,,
1982,10,8,,,,,,,,,,,,,,,,,,,,,,,,,,,,,,,,99.0,99.0,,,,,99.0,,,,,,99.0,,,,
1982,10,9,50.0,30.0,,,,,,,1130.0,0.0,87.0,,,,0.0,0.0,,75.02,62.059999999999995,612.0,,,,225.0,225.0,,,,,67.0,45.0,-9999.0,-9999.0,,,,,1.0,,,,,,-9999.0,,,,
1982,10,10,,,,,,,,,,0.0,,,,,0.0,0.0,,32.0,32.0,,,,,,,,,,,,,-9.0,-9.0,,,,,0.0,,,,,,-9.0,,,,
1982,10,11,60.0,60.0,,,,,,,342.0,0.0,60.0,,,,0.0,0.0,,71.96,66.02,420.0,,,,,,,,,,82.0,54.0,999.0,999.0,,,,,1.0,,,,,,999.0,,,,
1982,10,12,,,,,,,,,,0.0,,,,,0.0,0.0,,,,,,,,,,,,,,,,-999.0,-999.0,,,,,0.0,,,,,,-999.0,,,,
1982,10,14,0.0,0.0,,,,,,,1518.0,0.0,100.0,,,,0.0,0.0,,89.96000000000001,59.0,696.0,,,,,,,,,,77.0,58.0,9999.0,9999.0,,,,,9999.0,,,,,,9999.0,,,,
1982,10,15,,,,,,,,,,0.0,,,,,0.0,0.0,,,,,,,,,,,,,,,,-99.0,-99.0,,,,,-99.0,,,,,,-99.0,,,,
1982,10,16,,,,,,,,,,,,,,,,,,,,,,,,,,,,,,,,99.0,99.0,,,,,99.0,,,,,,99.0,,,,
1982,10,17,0.0,0.0,,,,,,,1512.0,0.0,100.0,,,,0.0,0.0,,84.91999999999999,59.0,690.0,,,,315.0,315.0,,,,,103.0,76.0,-9999.0,-9999.0,,,,,-9999.0,,,,,,-9999.0,,,,
1982,10,18,,,,,,,,,,0.0,,,,,0.0,0.0,,32.0,32.0,,,,,,,,,,,,,-9.0,-9.0,,,,,-9.0,,,,,,-9.0,,,,
1982,10,19,0.0,0.0,,,,,,,500.0,0.0,100.0,,,,0.0,0.0,,84.91999999999999,59.0,690.0,,,,,,,,,,93.0,72.0,999.0,999.0,,,,,999.0,,,,,,999.0,,,,
1982,10,20,,,,,,,,,,0.0,,,,,0.0,0.0,,,,,,,,,,,,,,,,-999.0,-999.0,,,,,-999.0,,,,,,-999.0,,,,
1982,10,21,,,,,,,,,,,,,,,,,,,,,,,,,,,,,,,,,,,,,,9.0,,,,,,,,,,
1982,10,22,50.0,40.0,,,,,,,1348.0,0.0,90.0,,,,0.0,0.0,,82.94,59.0,612.0,,,,,,,,,,87.0,72.0,9999.0,9999.0,,,,,1.0,,,,,,9999.0,,,,
1982,10,23,,,,,,,,,,0.0,,,,,0.0,0.0,,,,,,,,,,,,,,,,-99.0,-99.0,,,,,0.0,,,,,,-99.0,,,,
1982,10,24,,,,,,,,,,,,,,,,,,,,,,,,,,,,,,,,99.0,99.0,,,,,,,,,,,99.0,,,,
1982,10,25,10.0,10.0,,,,,,,1342.0,0.0,96.0,,,,0.0,0.0,,78.08,60.08,654.0,,,,315.0,315.0,,,,,93.0,72.0,1.0,-9999.0,,,,,1.0,,,,,,-9999.0,,,,
1982,10,26,,,,,,,,,,0.0,,,,,0.0,0.0,,32.0,32.0,,,,,,,,,,,,,0.0,,,,,,0.0,,,,,,-9.0,,,,
1982,10,27,40.0,10.0,,,,,,,300.0,0.0,90.0,,,,0.0,0.0,,78.98,62.959999999999994,612.0,,,,,,,,,,72.0,40.0,1.0,1.0,,,,,1.0,,,,,,999.0,,,,
1982,10,28,,,,,,,,,,0.0,,,,,0.0,0.0,,,,,,,,,,,,,,,,,,,,,,0.0,,,,,,-999.0,,,,
1982,10,30,30.0,40.0,,,,,,,1200.0,0.0,96.0,,,,0.0,0.0,,73.94,62.059999999999995,648.0,,,,,,,,,,87.0,67.0,9999.0,9999.0,,,,,1.0,,,,,,9999.0,,,,
1982,10,31,,,,,,,,,,0.0,,,,,0.0,0.0,,,,,,,,,,,,,,,,-99.0,-99.0,,,,,0.0,,,,,,-99.0,,,,
1982,11,1,0.0,0.0,,,,,,,1306.0,0.0,100.0,,,,0.0,0.0,,73.94,59.0,654.0,,,,315.0,315.0,,,,,87.0,72.0,1.0,,-9999.0,,,,1.0,,,,,,-9999.0,,,,
1982,11,2,,,,,,,,,,0.0,,,,,0.0,0.0,,32.0,32.0,,,,,,,,,,,,,0.0,,-9.0,,,,0.0,,,,,,-9.0,,,,
1982,11,3,20.0,20.0,,,,,,,530.0,0.0,96.0,,,,0.0,0.0,,87.08000000000001,57.02,624.0,,,,,,,,,,93.0,63.0,1.0,,999.0,,,,1.0,,,,,,999.0,,,,
1982,11,4,,,,,,,,,,0.0,,,,,0.0,0.0,,,,,,,,,,,,,,,,,,-999.0,,,,,,,,,,-999.0,,,,
1982,11,6,40.0,40.0,,,,,,,1454.0,0.0,96.0,,,,0.0,0.0,,78.98,48.02,624.0,,,,,,,,,,82.0,67.0,9999.0,,9999.0,,,,9999.0,,,,,,9999.0,,,,
1982,11,7,,,,,,,,,,0.0,,,,,0.0,0.0,,,,,,,,,,,,,,,,-99.0,,-99.0,,,,,,,,,,-99.0,,,,
1982,11,8,,,,,,,,,,,,,,,,,,,,,,,,,,,,,,,,99.0,,99.0,,,,,,,,,,99.0,,,,
1982,11,9,80.0,90.0,,,,,,,1336.0,0.0,77.0,,,,0.0,0.0,,71.96,53.96,492.0,,,,180.0,180.0,,,,,67.0,40.0,-9999.0,,-9999.0,,,,1.0,,,,,,-9999.0,,,,
1982,11,10,,,,,,,,,,0.0,,,,,0.0,0.0,,32.0,32.0,,,,,,,,,,,,,-9.0,,-9.0,,,,0.0,,,,,,-9.0,,,,
1982,11,11,80.0,100.0,,,,,,,124.0,0.0,35.0,,,,0.0,0.0,,68.0,53.96,222.0,,,,,,,,,,72.0,45.0,999.0,,999.0,,,,1.0,,,,,,999.0,,,,
1982,11,12,,,,,,,,,,0.0,,,,,0.0,0.0,,,,,,,,,,,,,,,,-999.0,,-999.0,,,,,,,,,,,,,,
1982,11,14,80.0,90.0,,,,,,,1300.0,94.0,28.0,,,,0.0,0.0,,68.0,57.02,180.0,,,,,,,,,,170.0,165.0,9999.0,,9999.0,,,,9999.0,,,,,,1.0,,,,
1982,11,15,,,,,,,,,,,,,,,0.0,0.0,,,,,,,,,,,,,,,,-99.0,,,,,,-99.0,,,,,,0.0,,,,
1982,11,16,,,,,,,,,,,,,,,,,,,,,,,,,,,,,,,,99.0,,,,,,99.0,,,,,,,,,,
1982,11,17,10.0,0.0,,,,,,,1518.0,10.0,100.0,,,,0.0,0.0,,64.94,50.0,636.0,,,,315.0,315.0,,,,,87.0,72.0,1.0,,-9999.0,,,,-9999.0,,,,,,1.0,,,,
1982,11,18,,,,,,,,,,0.0,,,,,0.0,0.0,,32.0,32.0,,,,,,,,,,,,,,,-9.0,,,,-9.0,,,,,,,,,,
1982,11,19,40.0,70.0,,,,,,,454.0,0.0,96.0,,,,0.0,0.0,,71.06,46.94,606.0,,,,,,,,,,103.0,98.0,999.0,,999.0,,,,999.0,,,,,,999.0,,,,
1982,11,20,,,,,,,,,,0.0,,,,,0.0,0.0,,,,,,,,,,,,,,,,-999.0,,-999.0,,,,-999.0,,,,,,-999.0,,,,
1982,11,21,,,,,,,,,,,,,,,,,,,,,,,,,,,,,,,,,,,,,,9.0,,,,,,,,,,
1982,11,22,10.0,10.0,,,,,,,1212.0,0.0,94.0,,,,0.0,0.0,,71.06,46.94,594.0,,,,,,,,,,77.0,67.0,9999.0,,9999.0,,,,1.0,,,,,,9999.0,,,,
1982,11,23,,,,,,,,,,0.0,,,,,0.0,0.0,,,,,,,,,,,,,,,,-99.0,,-99.0,,,,0.0,,,,,,-99.0,,,,
1982,11,24,,,,,,,,,,,,,,,,,,,,,,,,,,,,,,,,99.0,,99.0,,,,,,,,,,99.0,,,,
1982,11,25,100.0,100.0,,,,,,,1312.0,0.0,64.0,,,,0.0,0.0,,69.98,57.92,402.0,,,,315.0,315.0,,,,,67.0,45.0,-9999.0,,-9999.0,,,,1.0,,,,,,-9999.0,,,,
1982,11,26,,,,,,,,,,0.0,,,,,0.0,0.0,,32.0,32.0,,,,,,,,,,,,,-9.0,,-9.0,,,,0.0,,,,,,,,,,
1982,11,27,70.0,90.0,,,,,,,454.0,,26.0,,,,0.0,0.0,,69.08,60.08,162.0,,,,,,,,,,72.0,58.0,999.0,,999.0,,,,1.0,,,,,,1.0,,,,
1982,11,28,,,,,,,,,,0.0,,,,,0.0,0.0,,,,,,,,,,,,,,,,-999.0,,-999.0,,,,0.0,,,,,,0.0,,,,
1982,11,29,,,,,,,,,,,,,,,,,,,,,,,,,,,,,,,,9.0,,,,,,,,,,,,,,,,
1982,11,30,70.0,80.0,,,,,,,754.0,41.0,52.0,,,,0.0,0.0,,69.08,60.08,324.0,,,,,,,,,,87.0,67.0,1.0,,9999.0,,,,9999.0,,,,,,1.0,,,,
1982,11,31,,,,,,,,,,0.0,,,,,0.0,0.0,,,,,,,,,,,,,,,,,,-99.0,,,,-99.0,,,,,,,,,,
1982,12,1,50.0,80.0,,,,,,,424.0,0.0,30.0,,,,0.0,0.0,,62.959999999999994,53.06,186.0,,,,315.0,315.0,,,,,180.0,174.0,-9999.0,-9999.0,-9999.0,,,,-9999.0,,,,,,-9999.0,,,,
1982,12,2,,,,,,,,,,0.0,,,,,0.0,0.0,,32.0,32.0,,,,,,,,,,,,,-9.0,-9.0,-9.0,,,,-9.0,,,,,,-9.0,,,,
1982,12,3,10.0,10.0,,,,,,,548.0,0.0,99.0,,,,0.0,0.0,,64.04,46.94,606.0,,,,,,,,,,62.0,36.0,999.0,999.0,999.0,,,,999.0,,,,,,999.0,,,,
1982,12,4,,,,,,,,,,0.0,,,,,0.0,0.0,,,,,,,,,,,,,,,,-999.0,-999.0,-999.0,,,,-999.0,,,,,,-999.0,,,,
1982,12,5,,,,,,,,,,,,,,,,,,,,,,,,,,,,,,,,,,,,,,9.0,,,,,,,,,,
1982,12,6,20.0,50.0,,,,,,,1512.0,0.0,100.0,,,,0.0,0.0,,68.0,46.94,606.0,,,,,,,,,,72.0,58.0,9999.0,9999.0,9999.0,,,,1.0,,,,,,9999.0,,,,
1982,12,7,,,,,,,,,,0.0,,,,,0.0,0.0,,,32.0,,,,,,,,,,,,,,-99.0,-99.0,,,,0.0,,,,,,-99.0,,,,
1982,12,8,,,,,,,,,,,,,,,,,,,,,,,,,,,,,,,,,99.0,99.0,,,,,,,,,,99.0,,,,
1982,12,9,50.0,20.0,,,,,,,1318.0,0.0,88.0,,,,0.0,0.0,,69.08,46.04,534.0,,,,315.0,315.0,,,,,57.0,36.0,1.0,1.0,-9999.0,,,,1.0,,,,,,-9999.0,,,,
1982,12,10,,,,,,,,,,0.0,,,,,0.0,0.0,,32.0,32.0,,,,,,,,,,,,,0.0,,-9.0,,,,0.0,,,,,,,,,,
1982,12,11,70.0,80.0,,,,,,,336.0,5.0,26.0,,,,0.0,0.0,,62.959999999999994,51.08,156.0,,,,,,,,,,93.0,58.0,1.0,1.0,999.0,,,,1.0,,,,,,1.0,,,,
1982,12,12,,,,,,,,,,,,,,,0.0,0.0,,,,,,,,,,,,,,,,,,,,,,,,,,,,0.0,,,,
1982,12,14,90.0,100.0,,,,,,,1130.0,107.0,48.0,,,,0.0,0.0,,66.02,57.02,288.0,,,,,,,,,,123.0,80.0,9999.0,9999.0,9999.0,,,,9999.0,,,,,,1.0,,,,
1982,12,15,,,,,,,,,,0.0,,,,,0.0,0.0,,,,,,,,,,,,,,,,-99.0,-99.0,-99.0,,,,-99.0,,,,,,,,,,
1982,12,16,,,,,,,,,,,,,,,,,,,,,,,,,,,,,,,,99.0,99.0,99.0,,,,99.0,,,,,,99.0,,,,
1982,12,17,20.0,10.0,,,,,,,1436.0,0.0,96.0,,,,0.0,0.0,,66.02,51.98,576.0,,,,315.0,315.0,,,,,98.0,76.0,1.0,-9999.0,-9999.0,,,,1.0,,,,,,-9999.0,,,,
1982,12,18,,,,,,,,,,0.0,,,,,0.0,0.0,,32.0,32.0,,,,,,,,,,,,,0.0,,-9.0,,,,0.0,,,,,,-9.0,,,,
1982,12,19,40.0,0.0,,,,,,,500.0,0.0,87.0,,,,0.0,0.0,,68.0,51.08,522.0,,,,,,,,,,72.0,63.0,1.0,1.0,999.0,,,,1.0,,,,,,999.0,,,,
1982,12,20,,,,,,,,,,0.0,,,,,0.0,0.0,,,,,,,,,,,,,,,,0.0,,-999.0,,,,0.0,,,,,,-999.0,,,,
1982,12,22,20.0,40.0,,,,,,,1348.0,0.0,100.0,,,,0.0,0.0,,69.98,48.02,600.0,,,,,,,,,,62.0,45.0,9999.0,9999.0,9999.0,,,,9999.0,,,,,,9999.0,,,,
1982,12,23,,,,,,,,,,0.0,,,,,0.0,0.0,,,32.0,,,,,,,,,,,,,-99.0,-99.0,-99.0,,,,-99.0,,,,,,-99.0,,,,
1982,12,24,,,,,,,,,,,,,,,,,,,,,,,,,,,,,,,,99.0,99.0,99.0,,,,99.0,,,,,,99.0,,,,
1982,12,25,10.0,20.0,,,,,,,1242.0,0.0,100.0,,,,0.0,0.0,,71.06,44.96,600.0,,,,315.0,315.0,,,,,72.0,54.0,-9999.0,-9999.0,-9999.0,,,,1.0,,,,,,-9999.0,,,,
1982,12,26,,,,,,,,,,0.0,,,,,0.0,0.0,,32.0,32.0,,,,,,,,,,,,,-9.0,-9.0,-9.0,,,,0.0,,,,,,-9.0,,,,
1982,12,27,10.0,0.0,,,,,,,612.0,0.0,100.0,,,,0.0,0.0,,68.0,46.94,600.0,,,,,,,,,,77.0,63.0,999.0,999.0,999.0,,,,1.0,,,,,,999.0,,,,
1982,12,28,,,,,,,,,,0.0,,,,,0.0,0.0,,,,,,,,,,,,,,,,,-999.0,-999.0,,,,0.0,,,,,,-999.0,,,,
1982,12,29,,,,,,,,,,,,,,,,,,,,,,,,,,,,,,,,,9.0,,,,,,,,,,,,,,,
1982,12,30,10.0,0.0,,,,,,,1436.0,0.0,100.0,,,,0.0,0.0,,73.04,46.04,600.0,,,,,,,,,,57.0,40.0,1.0,1.0,9999.0,,,,1.0,,,,,,9999.0,,,,
1982,12,31,,,,,,,,,,0.0,,,,,0.0,0.0,,,32.0,,,,,,,,,,,,,0.0,,-99.0,,,,0.0,,,,,,-99.0,,,,
1983,1,1,0.0,0.0,,,,,,,1406.0,0.0,100.0,,,,0.0,0.0,,64.04,42.980000000000004,606.0,,,,315.0,315.0,,,,,77.0,67.0,-9999.0,-9999.0,,,,,-9999.0,,,,,,-9999.0,,,,
1983,1,2,,,,,,,,,,0.0,,,,,0.0,0.0,,32.0,32.0,,,,,,,,,,,,,-9.0,-9.0,,,,,-9.0,,,,,,-9.0,,,,
1983,1,3,60.0,70.0,,,,,,,418.0,0.0,94.0,,,,0.0,0.0,,66.92,41.0,570.0,,,,,,,,,,72.0,58.0,999.0,999.0,,,,,999.0,,,,,,999.0,,,,
1983,1,4,,,,,,,,,,0.0,,,,,0.0,0.0,,,,,,,,,,,,,,,,-999.0,-999.0,,,,,-999.0,,,,,,-999.0,,,,
1983,1,6,0.0,0.0,,,,,,,1612.0,0.0,100.0,,,,0.0,0.0,,71.06,44.06,606.0,,,,,,,,,,51.0,31.0,9999.0,9999.0,,,,,9999.0,,,,,,9999.0,,,,
1983,1,7,,,,,,,,,,0.0,,,,,0.0,0.0,,,32.0,,,,,,,,,,,,,,,,,,,,,,,,,-99.0,,,,
1983,1,8,,,,,,,,,,,,,,,,,,,,,,,,,,,,,,,,,,,,,,,,,,,,99.0,,,,
1983,1,9,40.0,20.0,,,,,,,1424.0,0.0,92.0,,,,0.0,0.0,,64.94,46.94,558.0,,,,315.0,315.0,,,,,82.0,63.0,1.0,1.0,,,,,1.0,,,,,,-9999.0,,,,
1983,1,10,,,,,,,,,,0.0,,,,,0.0,0.0,,32.0,32.0,,,,,,,,,,,,,0.0,,,,,,0.0,,,,,,-9.0,,,,
1983,1,11,40.0,30.0,,,,,,,500.0,0.0,83.0,,,,0.0,0.0,,68.0,51.98,504.0,,,,,,,,,,72.0,63.0,1.0,1.0,,,,,1.0,,,,,,999.0,,,,
1983,1,12,,,,,,,,,,0.0,,,,,0.0,0.0,,,,,,,,,,,,,,,,0.0,,,,,,0.0,,,,,,-999.0,,,,
1983,1,14,0.0,0.0,,,,,,,1254.0,0.0,100.0,,,,0.0,0.0,,80.06,50.0,606.0,,,,,,,,,,62.0,54.0,9999.0,9999.0,,,,,9999.0,,,,,,9999.0,,,,
1983,1,15,,,,,,,,,,0.0,,,,,0.0,0.0,,,,,,,,,,,,,,,,-99.0,-99.0,,,,,-99.0,,,,,,-99.0,,,,
1983,1,16,,,,,,,,,,,,,,,,,,,,,,,,,,,,,,,,99.0,99.0,,,,,99.0,,,,,,99.0,,,,
1983,1,17,0.0,0.0,,,,,,,1854.0,0.0,100.0,,,,0.0,0.0,,82.94,50.0,612.0,,,,90.0,315.0,,,,,57.0,45.0,-9999.0,-9999.0,,,,,-9999.0,,,,,,-9999.0,,,,
1983,1,18,,,,,,,,,,0.0,,,,,0.0,0.0,,32.0,32.0,,,,,,,,,,,,,-9.0,-9.0,,,,,-9.0,,,,,,-9.0,,,,
1983,1,19,0.0,0.0,,,,,,,524.0,0.0,100.0,,,,0.0,0.0,,80.06,51.08,612.0,,,,,,,,,,67.0,54.0,999.0,999.0,,,,,999.0,,,,,,999.0,,,,
1983,1,20,,,,,,,,,,0.0,,,,,0.0,0.0,,,,,,,,,,,,,,,,-999.0,-999.0,,,,,-999.0,,,,,,-999.0,,,,
1983,1,22,0.0,0.0,,,,,,,1406.0,0.0,98.0,,,,0.0,0.0,,80.96,53.96,606.0,,,,,,,,,,51.0,49.0,9999.0,9999.0,,,,,9999.0,,,,,,9999.0,,,,
1983,1,23,,,,,,,,,,0.0,,,,,0.0,0.0,,,,,,,,,,,,,,,,-99.0,-99.0,,,,,-99.0,,,,,,-99.0,,,,
1983,1,24,,,,,,,,,,,,,,,,,,,,,,,,,,,,,,,,99.0,99.0,,,,,99.0,,,,,,99.0,,,,
1983,1,25,60.0,40.0,,,,,,,1400.0,0.0,67.0,,,,0.0,0.0,,69.98,59.0,408.0,,,,315.0,315.0,,,,,77.0,63.0,-9999.0,-9999.0,,,,,-9999.0,,,,,,-9999.0,,,,
1983,1,26,,,,,,,,,,0.0,,,,,0.0,0.0,,32.0,32.0,,,,,,,,,,,,,,-9.0,,,,,-9.0,,,,,,,,,,
1983,1,27,40.0,20.0,,,,,,,424.0,15.0,81.0,,,,0.0,0.0,,66.92,57.92,498.0,,,,,,,,,,72.0,54.0,1.0,999.0,,,,,999.0,,,,,,1.0,,,,
1983,1,28,,,,,,,,,,0.0,,,,,0.0,0.0,,,,,,,,,,,,,,,,,-999.0,,,,,-999.0,,,,,,,,,,
1983,1,29,,,,,,,,,,,,,,,,,,,,,,,,,,,,,,,,9.0,,,,,,,,,,,,9.0,,,,
1983,1,30,60.0,40.0,,,,,,,1230.0,81.0,76.0,,,,0.0,0.0,,66.02,59.0,474.0,,,,,,,,,,93.0,76.0,1.0,9999.0,,,,,9999.0,,,,,,1.0,,,,
1983,1,31,,,,,,,,,,0.0,,,,,0.0,0.0,,,,,,,,,,,,,,,,,-99.0,,,,,-99.0,,,,,,,,,,
1983,2,1,10.0,0.0,,,,,,,1354.0,0.0,100.0,,,,0.0,0.0,,66.92,50.0,636.0,,,,225.0,225.0,,,,,57.0,45.0,-9999.0,-9999.0,,,,,-9999.0,,,,,,-9999.0,,,,
1983,2,2,,,,,,,,,,0.0,,,,,0.0,0.0,,32.0,32.0,,,,,,,,,,,,,,-9.0,,,,,-9.0,,,,,,,,,,
1983,2,3,90.0,100.0,,,,,,,418.0,284.0,0.0,,,,0.0,0.0,,60.08,51.98,0.0,,,,,,,,,,154.0,76.0,1.0,999.0,,,,,999.0,,,,,,1.0,,,,
1983,2,4,,,,,,,,,,0.0,,,,,0.0,0.0,,,,,,,,,,,,,,,,,-999.0,,,,,-999.0,,,,,,0.0,,,,
1983,2,6,90.0,100.0,,,,,,,742.0,15.0,37.0,,,,0.0,0.0,,62.059999999999995,51.98,234.0,,,,,,,,,,87.0,40.0,9999.0,9999.0,,,,,9999.0,,,,,,1.0,,,,
1983,2,7,,,,,,,,,,0.0,,,,,0.0,0.0,,,,,,,,,,,,,,,,-99.0,-99.0,,,,,-99.0,,,,,,0.0,,,,
1983,2,8,,,,,,,,,,,,,,,,,,,,,,,,,,,,,,,,99.0,99.0,,,,,99.0,,,,,,,,,,
1983,2,9,100.0,100.0,,,,,,,1542.0,13.0,38.0,,,,0.0,0.0,,64.04,55.94,246.0,,,,270.0,180.0,,,,,67.0,45.0,1.0,-9999.0,,,,,-9999.0,,,,,,1.0,,,,
1983,2,10,,,,,,,,,,0.0,,,,,0.0,0.0,,32.0,32.0,,,,,,,,,,,,,0.0,-9.0,,,,,-9.0,,,,,,0.0,,,,
1983,2,11,100.0,100.0,,,,,,,30.0,198.0,3.0,,,,0.0,0.0,,64.04,57.02,24.0,,,,,,,,,,72.0,54.0,1.0,999.0,,,,,999.0,,,,,,1.0,,,,
1983,2,12,,,,,,,,,,,,,,,0.0,0.0,,,,,,,,,,,,,,,,0.0,-999.0,,,,,-999.0,,,,,,0.0,,,,
1983,2,14,80.0,100.0,,,,,,,1512.0,0.0,52.0,,,,0.0,0.0,,64.94,53.06,342.0,,,,,,,,,,72.0,58.0,9999.0,9999.0,,,,,9999.0,,,,,,9999.0,,,,
1983,2,15,,,,,,,,,,0.0,,,,,0.0,0.0,,,,,,,,,,,,,,,,-99.0,-99.0,,,,,,,,,,,-99.0,,,,
1983,2,16,,,,,,,,,,,,,,,,,,,,,,,,,,,,,,,,99.0,99.0,,,,,,,,,,,99.0,,,,
1983,2,17,50.0,70.0,,,,,,,1254.0,0.0,88.0,,,,0.0,0.0,,75.02,53.06,576.0,,,,315.0,315.0,,,,,62.0,54.0,-9999.0,-9999.0,,,,,1.0,,,,,,-9999.0,,,,
1983,2,18,,,,,,,,,,0.0,,,,,0.0,0.0,,32.0,32.0,,,,,,,,,,,,,,-9.0,,,,,0.0,,,,,,-9.0,,,,
1983,2,19,70.0,80.0,,,,,,,354.0,0.0,89.0,,,,0.0,0.0,,69.08,53.06,582.0,,,,,,,,,,62.0,54.0,1.0,999.0,,,,,1.0,,,,,,999.0,,,,
1983,2,20,,,,,,,,,,0.0,,,,,0.0,0.0,,,,,,,,,,,,,,,,0.0,-999.0,,,,,0.0,,,,,,,,,,
1983,2,22,40.0,60.0,,,,,,,1500.0,0.0,88.0,,,,0.0,0.0,,69.98,51.08,582.0,,,,,,,,,,77.0,72.0,9999.0,9999.0,,,,,9999.0,,,,,,9999.0,,,,
1983,2,23,,,,,,,,,,0.0,,,,,0.0,0.0,,,,,,,,,,,,,,,,,-99.0,,,,,,,,,,,-99.0,,,,
1983,2,24,,,,,,,,,,,,,,,,,,,,,,,,,,,,,,,,,99.0,,,,,,,,,,,99.0,,,,
1983,2,25,50.0,30.0,,,,,,,1406.0,0.0,80.0,,,,0.0,0.0,,69.08,55.04,534.0,,,,270.0,315.0,,,,,77.0,72.0,1.0,-9999.0,,,,,1.0,,,,,,-9999.0,,,,
1983,2,26,,,,,,,,,,0.0,,,,,0.0,0.0,,32.0,32.0,,,,,,,,,,,,,0.0,-9.0,,,,,0.0,,,,,,-9.0,,,,
1983,2,27,60.0,50.0,,,,,,,706.0,0.0,74.0,,,,0.0,0.0,,69.98,55.94,492.0,,,,,,,,,,82.0,72.0,1.0,999.0,,,,,1.0,,,,,,999.0,,,,
1983,2,28,,,,,,,,,,0.0,,,,,0.0,0.0,,,,,,,,,,,,,,,,0.0,,,,,,0.0,,,,,,-999.0,,,,
1983,2,30,10.0,0.0,,,,,,,1406.0,0.0,97.0,,,,0.0,0.0,,69.08,51.98,654.0,,,,,,,,,,87.0,72.0,9999.0,9999.0,,,,,9999.0,,,,,,9999.0,,,,
1983,2,31,,,,,,,,,,0.0,,,,,0.0,0.0,,,,,,,,,,,,,,,,-99.0,-99.0,,,,,-99.0,,,,,,-99.0,,,,
1983,3,1,100.0,100.0,,,,,,,1212.0,262.0,2.0,,,,0.0,0.0,,66.02,55.04,12.0,,,,180.0,180.0,,,,,195.0,143.0,1.0,,1.0,,,,-9999.0,,,,,,1.0,,,,
1983,3,2,,,,,,,,,,0.0,,,,,0.0,0.0,,32.0,32.0,,,,,,,,,,,,,0.0,,,,,,-9.0,,,,,,0.0,,,,
1983,3,3,100.0,100.0,,,,,,,106.0,378.0,0.0,,,,0.0,0.0,,64.94,57.92,0.0,,,,,,,,,,159.0,76.0,1.0,,999.0,,,,999.0,,,,,,1.0,,,,
1983,3,4,,,,,,,,,,,,,,,0.0,0.0,,,,,,,,,,,,,,,,0.0,,-999.0,,,,-999.0,,,,,,0.0,,,,
1983,3,6,60.0,60.0,,,,,,,1306.0,61.0,48.0,,,,0.0,0.0,,66.02,55.94,336.0,,,,,,,,,,113.0,89.0,9999.0,,9999.0,,,,9999.0,,,,,,1.0,,,,
1983,3,7,,,,,,,,,,0.0,,,,,0.0,0.0,,,,,,,,,,,,,,,,,,-99.0,,,,-99.0,,,,,,0.0,,,,
1983,3,8,,,,,,,,,,,,,,,,,,,,,,,,,,,,,,,,,,99.0,,,,99.0,,,,,,,,,,
1983,3,9,90.0,90.0,,,,,,,712.0,30.0,20.0,,,,0.0,0.0,,66.02,57.02,138.0,,,,225.0,180.0,,,,,103.0,72.0,1.0,,-9999.0,,,,-9999.0,,,,,,1.0,,,,
1983,3,10,,,,,,,,,,0.0,,,,,0.0,0.0,,32.0,32.0,,,,,,,,,,,,,,,-9.0,,,,-9.0,,,,,,,,,,
1983,3,11,70.0,90.0,,,,,,,318.0,0.0,7.0,,,,0.0,0.0,,66.02,57.02,48.0,,,,,,,,,,67.0,58.0,999.0,,999.0,,,,999.0,,,,,,999.0,,,,
1983,3,12,,,,,,,,,,0.0,,,,,0.0,0.0,,,,,,,,,,,,,,,,,,-999.0,,,,-999.0,,,,,,,,,,
1983,3,13,,,,,,,,,,,,,,,,,,,,,,,,,,,,,,,,,,,,,,9.0,,,,,,,,,,
1983,3,14,40.0,30.0,,,,,,,1236.0,0.0,89.0,,,,0.0,0.0,,73.04,55.94,630.0,,,,,,,,,,82.0,72.0,1.0,,9999.0,,,,1.0,,,,,,9999.0,,,,
1983,3,15,,,,,,,,,,0.0,,,,,0.0,0.0,,,,,,,,,,,,,,,,0.0,,-99.0,,,,0.0,,,,,,-99.0,,,,
1983,3,16,,,,,,,,,,,,,,,,,,,,,,,,,,,,,,,,,,99.0,,,,,,,,,,99.0,,,,
1983,3,17,80.0,70.0,,,,,,,1512.0,0.0,54.0,,,,0.0,0.0,,69.08,62.059999999999995,384.0,,,,315.0,315.0,,,,,87.0,72.0,-9999.0,,-9999.0,,,,-9999.0,,,,,,1.0,,,,
1983,3,18,,,,,,,,,,,,,,,0.0,0.0,,32.0,32.0,,,,,,,,,,,,,-9.0,,-9.0,,,,-9.0,,,,,,,,,,
1983,3,19,40.0,20.0,,,,,,,6.0,0.0,82.0,,,,0.0,0.0,,68.0,62.059999999999995,582.0,,,,,,,,,,98.0,76.0,999.0,,999.0,,,,999.0,,,,,,999.0,,,,
1983,3,20,,,,,,,,,,0.0,,,,,0.0,0.0,,,,,,,,,,,,,,,,-999.0,,-999.0,,,,-999.0,,,,,,-999.0,,,,
1983,3,21,,,,,,,,,,,,,,,,,,,,,,,,,,,,,,,,9.0,,,,,,,,,,,,9.0,,,,
1983,3,22,60.0,60.0,,,,,,,1100.0,10.0,59.0,,,,0.0,0.0,,68.0,59.0,420.0,,,,,,,,,,93.0,67.0,1.0,,9999.0,,,,9999.0,,,,,,1.0,,,,
1983,3,23,,,,,,,,,,0.0,,,,,0.0,0.0,,,,,,,,,,,,,,,,,,-99.0,,,,-99.0,,,,,,,,,,
1983,3,24,,,,,,,,,,,,,,,,,,,,,,,,,,,,,,,,99.0,,99.0,,,,99.0,,,,,,99.0,,,,
1983,3,25,40.0,30.0,,,,,,,1406.0,8.0,73.0,,,,0.0,0.0,,69.08,53.06,528.0,,,,225.0,225.0,,,,,87.0,80.0,1.0,,-9999.0,,,,-9999.0,,,,,,1.0,,,,
1983,3,26,,,,,,,,,,0.0,,,,,0.0,0.0,,32.0,32.0,,,,,,,,,,,,,0.0,,-9.0,,,,-9.0,,,,,,0.0,,,,
1983,3,27,90.0,90.0,,,,,,,442.0,150.0,25.0,,,,0.0,0.0,,66.02,57.02,180.0,,,,,,,,,,123.0,107.0,1.0,,999.0,,,,999.0,,,,,,1.0,,,,
1983,3,28,,,,,,,,,,,,,,,0.0,0.0,,,,,,,,,,,,,,,,0.0,,,,,,-999.0,,,,,,0.0,,,,
1983,3,30,20.0,10.0,,,,,,,1330.0,0.0,100.0,,,,0.0,0.0,,66.02,51.98,726.0,,,,,,,,,,72.0,49.0,9999.0,,9999.0,,,,9999.0,,,,,,9999.0,,,,
1983,3,31,,,,,,,,,,0.0,,,,,0.0,0.0,,,,,,,,,,,,,,,,-99.0,,-99.0,,,,-99.0,,,,,,-99.0,,,,
1983,4,1,20.0,10.0,,,,,,,1330.0,0.0,97.0,,,,0.0,0.0,,80.06,57.92,732.0,,,,315.0,315.0,,,,,98.0,98.0,1.0,,,,,,1.0,,,,,,-9999.0,,,,
1983,4,2,,,,,,,,,,0.0,,,,,0.0,0.0,,32.0,32.0,,,,,,,,,,,,,,,,,,,,,,,,,-9.0,,,,
1983,4,3,40.0,50.0,,,,,,,554.0,0.0,95.0,,,,0.0,0.0,,71.06,59.0,714.0,,,,,,,,,,72.0,58.0,999.0,,,,,,999.0,,,,,,999.0,,,,
1983,4,4,,,,,,,,,,0.0,,,,,0.0,0.0,,,,,,,,,,,,,,,,-999.0,,,,,,,,,,,,-999.0,,,,
1983,4,6,10.0,0.0,,,,,,,1524.0,0.0,100.0,,,,0.0,0.0,,68.0,48.92,756.0,,,,,,,,,,98.0,85.0,9999.0,,,,,,9999.0,,,,,,9999.0,,,,
1983,4,7,,,,,,,,,,0.0,,,,,0.0,0.0,,,,,,,,,,,,,,,,-99.0,,,,,,-99.0,,,,,,,,,,
1983,4,8,,,,,,,,,,,,,,,,,,,,,,,,,,,,,,,,99.0,,,,,,99.0,,,,,,,,,,
1983,4,9,40.0,70.0,,,,,,,1412.0,0.0,100.0,,,,0.0,0.0,,71.96,53.06,762.0,,,,360.0,360.0,,,,,118.0,85.0,-9999.0,,,,,,-9999.0,,,,,,1.0,,,,
1983,4,10,,,,,,,,,,,,,,,0.0,0.0,,32.0,32.0,,,,,,,,,,,,,-9.0,,,,,,-9.0,,,,,,,,,,
1983,4,11,0.0,0.0,,,,,,,548.0,0.0,100.0,,,,0.0,0.0,,71.06,51.08,762.0,,,,,,,,,,87.0,76.0,999.0,,,,,,999.0,,,,,,999.0,,,,
1983,4,12,,,,,,,,,,0.0,,,,,0.0,0.0,,,,,,,,,,,,,,,,-999.0,,,,,,-999.0,,,,,,-999.0,,,,
1983,4,14,50.0,50.0,,,,,,,1630.0,0.0,93.0,,,,0.0,0.0,,66.92,55.04,720.0,,,,,,,,,,93.0,72.0,9999.0,,,,,,9999.0,,,,,,9999.0,,,,
1983,4,15,,,,,,,,,,0.0,,,,,0.0,0.0,,,,,,,,,,,,,,,,-99.0,,,,,,-99.0,,,,,,,,,,
1983,4,16,,,,,,,,,,,,,,,,,,,,,,,,,,,,,,,,99.0,,,,,,99.0,,,,,,,,,,
1983,4,17,60.0,60.0,,,,,,,1336.0,18.0,63.0,,,,0.0,0.0,,64.04,55.94,492.0,,,,315.0,315.0,,,,,98.0,76.0,1.0,,,,,,-9999.0,,,,,,1.0,,,,
1983,4,18,,,,,,,,,,0.0,,,,,0.0,0.0,,32.0,32.0,,,,,,,,,,,,,0.0,,,,,,-9.0,,,,,,0.0,,,,
1983,4,19,60.0,50.0,,,,,,,530.0,30.0,86.0,,,,0.0,0.0,,62.959999999999994,51.08,660.0,,,,,,,,,,144.0,112.0,1.0,,,,,,999.0,,,,,,1.0,,,,
1983,4,20,,,,,,,,,,0.0,,,,,0.0,0.0,,,,,,,,,,,,,,,,,,,,,,-999.0,,,,,,0.0,,,,
1983,4,22,0.0,0.0,,,,,,,1406.0,0.0,100.0,,,,0.0,0.0,,66.02,50.0,780.0,,,,,,,,,,82.0,76.0,9999.0,,,,,,9999.0,,,,,,9999.0,,,,
1983,4,23,,,,,,,,,,0.0,,,,,0.0,0.0,,,,,,,,,,,,,,,,-99.0,,,,,,-99.0,,,,,,-99.0,,,,
1983,4,24,,,,,,,,,,,,,,,,,,,,,,,,,,,,,,,,99.0,,,,,,99.0,,,,,,99.0,,,,
1983,4,25,0.0,0.0,,,,,,,1142.0,0.0,100.0,,,,0.0,0.0,,84.02,55.04,780.0,,,,315.0,315.0,,,,,62.0,54.0,-9999.0,,,,,,-9999.0,,,,,,-9999.0,,,,
1983,4,26,,,,,,,,,,0.0,,,,,0.0,0.0,,32.0,32.0,,,,,,,,,,,,,,,,,,,,,,,,,,,,,
1983,4,27,50.0,50.0,,,,,,,206.0,25.0,88.0,,,,0.0,0.0,,68.0,57.92,684.0,,,,,,,,,,129.0,80.0,1.0,,,,,,1.0,,,,,,1.0,,,,
1983,4,28,,,,,,,,,,,,,,,0.0,0.0,,,,,,,,,,,,,,,,0.0,,,,,,,,,,,,0.0,,,,
1983,4,30,30.0,20.0,,,,,,,2342.0,18.0,91.0,,,,0.0,0.0,,66.92,57.02,714.0,,,,,,,,,,93.0,67.0,9999.0,,,,,,9999.0,,,,,,1.0,,,,
1983,4,31,,,,,,,,,,0.0,,,,,0.0,0.0,,,,,,,,,,,,,,,,,,,,,,-99.0,,,,,,0.0,,,,
1983,5,1,50.0,50.0,,,,,,,1242.0,0.0,68.0,,,,0.0,0.0,,68.0,60.08,552.0,,,,270.0,270.0,,,,,108.0,67.0,-9999.0,,,,,,-9999.0,,,,,,1.0,,,,
1983,5,2,,,,,,,,,,,,,,,0.0,0.0,,32.0,32.0,,,,,,,,,,,,,-9.0,,,,,,-9.0,,,,,,,,,,
1983,5,3,10.0,10.0,,,,,,,412.0,0.0,98.0,,,,0.0,0.0,,69.98,57.02,792.0,,,,,,,,,,82.0,54.0,999.0,,,,,,999.0,,,,,,999.0,,,,
1983,5,4,,,,,,,,,,0.0,,,,,0.0,0.0,,,,,,,,,,,,,,,,-999.0,,,,,,-999.0,,,,,,-999.0,,,,
1983,5,6,80.0,70.0,,,,,,,1730.0,0.0,60.0,,,,0.0,0.0,,66.02,62.059999999999995,486.0,,,,,,,,,,98.0,63.0,9999.0,,,,,,9999.0,,,,,,9999.0,,,,
1983,5,7,,,,,,,,,,0.0,,,,,0.0,0.0,,,,,,,,,,,,,,,,-99.0,,,,,,-99.0,,,,,,-99.0,,,,
1983,5,8,,,,,,,,,,,,,,,,,,,,,,,,,,,,,,,,99.0,,,,,,99.0,,,,,,99.0,,,,
1983,5,9,30.0,30.0,,,,,,,1436.0,0.0,80.0,,,,0.0,0.0,,69.08,60.08,654.0,,,,270.0,315.0,,,,,103.0,72.0,-9999.0,,,,,,-9999.0,,,,,,-9999.0,,,,
1983,5,10,,,,,,,,,,0.0,,,,,0.0,0.0,,32.0,32.0,,,,,,,,,,,,,-9.0,,,,,,-9.0,,,,,,-9.0,,,,
1983,5,11,10.0,20.0,,,,,,,430.0,0.0,100.0,,,,0.0,0.0,,71.06,55.94,822.0,,,,,,,,,,103.0,63.0,999.0,,,,,,999.0,,,,,,999.0,,,,
1983,5,12,,,,,,,,,,0.0,,,,,0.0,0.0,,,,,,,,,,,,,,,,-999.0,,,,,,-999.0,,,,,,-999.0,,,,
1983,5,14,70.0,60.0,,,,,,,1518.0,0.0,60.0,,,,0.0,0.0,,69.98,62.959999999999994,492.0,,,,,,,,,,82.0,49.0,9999.0,,,,,,9999.0,,,,,,9999.0,,,,
1983,5,15,,,,,,,,,,0.0,,,,,0.0,0.0,,,,,,,,,,,,,,,,-99.0,,,,,,-99.0,,,,,,-99.0,,,,
1983,5,16,,,,,,,,,,,,,,,,,,,,,,,,,,,,,,,,99.0,,,,,,99.0,,,,,,99.0,,,,
1983,5,17,0.0,0.0,,,,,,,1348.0,0.0,100.0,,,,0.0,0.0,,71.06,57.02,822.0,,,,315.0,315.0,,,,,103.0,76.0,-9999.0,,,,,,-9999.0,,,,,,-9999.0,,,,
1983,5,18,,,,,,,,,,0.0,,,,,0.0,0.0,,32.0,32.0,,,,,,,,,,,,,-9.0,,,,,,-9.0,,,,,,-9.0,,,,
1983,5,19,40.0,20.0,,,,,,,142.0,0.0,92.0,,,,0.0,0.0,,71.06,59.0,756.0,,,,,,,,,,82.0,54.0,999.0,,,,,,999.0,,,,,,999.0,,,,
1983,5,20,,,,,,,,,,0.0,,,,,0.0,0.0,,,,,,,,,,,,,,,,-999.0,,,,,,-999.0,,,,,,-999.0,,,,
1983,5,22,40.0,30.0,,,,,,,1236.0,0.0,96.0,,,,0.0,0.0,,71.06,60.980000000000004,792.0,,,,,,,,,,103.0,72.0,9999.0,,,,,,9999.0,,,,,,9999.0,,,,
1983,5,23,,,,,,,,,,0.0,,,,,0.0,0.0,,,,,,,,,,,,,,,,-99.0,,,,,,,,,,,,-99.0,,,,
1983,5,24,,,,,,,,,,,,,,,,,,,,,,,,,,,,,,,,99.0,,,,,,,,,,,,99.0,,,,
1983,5,25,70.0,90.0,,,,,,,1518.0,0.0,31.0,,,,0.0,0.0,,69.98,60.980000000000004,258.0,,,,270.0,270.0,,,,,82.0,49.0,-9999.0,,,,,,1.0,,,,,,-9999.0,,,,
1983,5,26,,,,,,,,,,0.0,,,,,0.0,0.0,,32.0,32.0,,,,,,,,,,,,,,,,,,,0.0,,,,,,-9.0,,,,
1983,5,27,30.0,20.0,,,,,,,542.0,0.0,85.0,,,,0.0,0.0,,80.06,62.059999999999995,702.0,,,,,,,,,,98.0,72.0,1.0,,,,,,1.0,,,,,,999.0,,,,
1983,5,28,,,,,,,,,,0.0,,,,,0.0,0.0,,,,,,,,,,,,,,,,,,,,,,,,,,,,-999.0,,,,
1983,5,29,,,,,,,,,,,,,,,,,,,,,,,,,,,,,,,,,,,,,,9.0,,,,,,,,,,
1983,5,30,30.0,30.0,,,,,,,1130.0,0.0,79.0,,,,0.0,0.0,,71.96,62.059999999999995,660.0,,,,,,,,,,82.0,54.0,9999.0,,,,,,1.0,,,,,,9999.0,,,,
1983,5,31,,,,,,,,,,0.0,,,,,0.0,0.0,,,,,,,,,,,,,,,,,,,,,,0.0,,,,,,-99.0,,,,
1983,6,1,100.0,100.0,,,,,,,1454.0,0.0,1.0,,,,0.0,0.0,,69.08,62.059999999999995,6.0,,,,270.0,270.0,,,,,103.0,67.0,-9999.0,,,,,,1.0,,,,,,1.0,,,,
1983,6,2,,,,,,,,,,,,,,,0.0,0.0,,32.0,32.0,,,,,,,,,,,,,-9.0,,,,,,,,,,,,,,,,
1983,6,3,70.0,70.0,,,,,,,242.0,0.0,61.0,,,,0.0,0.0,,69.98,62.059999999999995,516.0,,,,,,,,,,103.0,58.0,999.0,,,,,,999.0,,,,,,999.0,,,,
1983,6,4,,,,,,,,,,0.0,,,,,0.0,0.0,,,,,,,,,,,,,,,,-999.0,,,,,,-999.0,,,,,,-999.0,,,,
1983,6,6,60.0,50.0,,,,,,,1212.0,0.0,84.0,,,,0.0,0.0,,71.96,64.04,714.0,,,,,,,,,,93.0,58.0,9999.0,,,,,,9999.0,,,,,,9999.0,,,,
1983,6,7,,,,,,,,,,0.0,,,,,0.0,0.0,,,,,,,,,,,,,,,,-99.0,,,,,,,,,,,,-99.0,,,,
1983,6,8,,,,,,,,,,,,,,,,,,,,,,,,,,,,,,,,99.0,,,,,,,,,,,,99.0,,,,
1983,6,9,100.0,90.0,,,,,,,1236.0,0.0,24.0,,,,0.0,0.0,,73.94,64.04,204.0,,,,270.0,315.0,,,,,67.0,49.0,1.0,,,,,,1.0,,,,,,-9999.0,,,,
1983,6,10,,,,,,,,,,0.0,,,,,0.0,0.0,,32.0,32.0,,,,,,,,,,,,,0.0,,,,,,0.0,,,,,,,,,,
1983,6,11,100.0,100.0,,,,,,,24.0,,0.0,,,,0.0,0.0,,68.0,64.04,0.0,,,,,,,,,,62.0,40.0,1.0,,,,,,1.0,,,,,,1.0,,,,
1983,6,12,,,,,,,,,,0.0,,,,,0.0,0.0,,,,,,,,,,,,,,,,0.0,,,,,,0.0,,,,,,0.0,,,,
1983,6,14,100.0,90.0,,,,,,,1518.0,,24.0,,,,0.0,0.0,,69.98,62.959999999999994,204.0,,,,,,,,,,82.0,63.0,1.0,,,,,,9999.0,,,,,,1.0,,,,
1983,6,15,,,,,,,,,,0.0,,,,,0.0,0.0,,,,,,,,,,,,,,,,,,,,,,-99.0,,,,,,,,,,
1983,6,16,,,,,,,,,,,,,,,,,,,,,,,,,,,,,,,,99.0,,,,,,99.0,,,,,,99.0,,,,
1983,6,17,100.0,100.0,,,,,,,842.0,0.0,0.0,,,,0.0,0.0,,66.92,62.959999999999994,0.0,,,,180.0,180.0,,,,,62.0,49.0,1.0,,,,,,-9999.0,,,,,,1.0,,,,
1983,6,18,,,,,,,,,,,,,,,0.0,0.0,,32.0,32.0,,,,,,,,,,,,,,,,,,,-9.0,,,,,,,,,,
1983,6,19,50.0,50.0,,,,,,,948.0,0.0,61.0,,,,0.0,0.0,,69.98,64.04,528.0,,,,,,,,,,82.0,58.0,999.0,,,,,,999.0,,,,,,999.0,,,,
1983,6,20,,,,,,,,,,0.0,,,,,0.0,0.0,,,,,,,,,,,,,,,,,,,,,,,,,,,,-999.0,,,,
1983,6,22,70.0,50.0,,,,,,,1242.0,0.0,68.0,,,,0.0,0.0,,75.02,64.94,582.0,,,,,,,,,,93.0,76.0,1.0,,,,,,1.0,,,,,,9999.0,,,,
1983,6,23,,,,,,,,,,0.0,,,,,0.0,0.0,,,,,,,,,,,,,,,,0.0,,,,,,0.0,,,,,,-99.0,,,,
1983,6,24,,,,,,,,,,,,,,,,,,,,,,,,,,,,,,,,,,,,,,,,,,,,99.0,,,,
1983,6,25,70.0,50.0,,,,,,,1154.0,0.0,67.0,,,,0.0,0.0,,71.96,62.959999999999994,582.0,,,,225.0,180.0,,,,,72.0,45.0,1.0,,,,,,1.0,,,,,,-9999.0,,,,
1983,6,26,,,,,,,,,,0.0,,,,,0.0,0.0,,32.0,32.0,,,,,,,,,,,,,0.0,,,,,,0.0,,,,,,-9.0,,,,
1983,6,27,60.0,30.0,,,,,,,106.0,0.0,74.0,,,,0.0,0.0,,73.94,64.04,636.0,,,,,,,,,,72.0,54.0,1.0,,,,,,1.0,,,,,,999.0,,,,
1983,6,28,,,,,,,,,,0.0,,,,,0.0,0.0,,,,,,,,,,,,,,,,0.0,,,,,,0.0,,,,,,-999.0,,,,
1983,6,30,80.0,60.0,,,,,,,1342.0,0.0,37.0,,,,0.0,0.0,,71.06,64.04,318.0,,,,,,,,,,77.0,45.0,9999.0,,,,,,1.0,,,,,,9999.0,,,,
1983,6,31,,,,,,,,,,0.0,,,,,0.0,0.0,,,,,,,,,,,,,,,,-99.0,,,,,,0.0,,,,,,-99.0,,,,
1983,7,1,90.0,90.0,,,,,,,1212.0,0.0,40.0,,,,0.0,0.0,,71.96,68.0,342.0,,,,225.0,225.0,,,,,77.0,49.0,-9999.0,,,,,,-9999.0,,,,,,-9999.0,,,,
1983,7,2,,,,,,,,,,0.0,,,,,0.0,0.0,,32.0,32.0,,,,,,,,,,,,,-9.0,,,,,,,,,,,,-9.0,,,,
1983,7,3,100.0,100.0,,,,,,,348.0,0.0,31.0,,,,0.0,0.0,,71.96,66.92,270.0,,,,,,,,,,87.0,49.0,999.0,,,,,,1.0,,,,,,999.0,,,,
1983,7,4,,,,,,,,,,0.0,,,,,0.0,0.0,,,,,,,,,,,,,,,,,,,,,,0.0,,,,,,,,,,
1983,7,6,60.0,50.0,,,,,,,1318.0,0.0,70.0,,,,0.0,0.0,,71.96,64.94,594.0,,,,,,,,,,82.0,45.0,9999.0,,,,,,1.0,,,,,,9999.0,,,,
1983,7,7,,,,,,,,,,0.0,,,,,0.0,0.0,,,,,,,,,,,,,,,,-99.0,,,,,,0.0,,,,,,-99.0,,,,
1983,7,8,,,,,,,,,,,,,,,,,,,,,,,,,,,,,,,,99.0,,,,,,,,,,,,99.0,,,,
1983,7,9,70.0,50.0,,,,,,,1412.0,0.0,60.0,,,,0.0,0.0,,75.92,66.02,510.0,,,,270.0,270.0,,,,,93.0,72.0,-9999.0,,,,,,1.0,,,,,,-9999.0,,,,
1983,7,10,,,,,,,,,,0.0,,,,,0.0,0.0,,32.0,32.0,,,,,,,,,,,,,-9.0,,,,,,0.0,,,,,,-9.0,,,,
1983,7,11,60.0,50.0,,,,,,,436.0,0.0,53.0,,,,0.0,0.0,,75.92,68.0,450.0,,,,,,,,,,82.0,63.0,999.0,,,,,,1.0,,,,,,999.0,,,,
1983,7,12,,,,,,,,,,0.0,,,,,0.0,0.0,,,,,,,,,,,,,,,,,,,,,,0.0,,,,,,-999.0,,,,
1983,7,14,30.0,30.0,,,,,,,1342.0,0.0,78.0,,,,0.0,0.0,,84.02,68.0,660.0,,,,,,,,,,72.0,49.0,1.0,,,,,,1.0,,,,,,9999.0,,,,
1983,7,15,,,,,,,,,,0.0,,,,,0.0,0.0,,,,,,,,,,,,,,,,0.0,,,,,,0.0,,,,,,-99.0,,,,
1983,7,16,,,,,,,,,,,,,,,,,,,,,,,,,,,,,,,,,,,,,,,,,,,,99.0,,,,
1983,7,17,0.0,0.0,,,,,,,1524.0,0.0,99.0,,,,0.0,0.0,,84.91999999999999,66.92,840.0,,,,270.0,225.0,,,,,77.0,49.0,-9999.0,,,,,,1.0,,,,,,-9999.0,,,,
1983,7,18,,,,,,,,,,0.0,,,,,0.0,0.0,,32.0,32.0,,,,,,,,,,,,,,,,,,,,,,,,,-9.0,,,,
1983,7,19,0.0,0.0,,,,,,,130.0,0.0,100.0,,,,0.0,0.0,,84.91999999999999,68.0,852.0,,,,,,,,,,87.0,67.0,1.0,,,,,,999.0,,,,,,999.0,,,,
1983,7,20,,,,,,,,,,0.0,,,,,0.0,0.0,,,,,,,,,,,,,,,,0.0,,,,,,,,,,,,-999.0,,,,
1983,7,22,50.0,20.0,,,,,,,1448.0,0.0,87.0,,,,0.0,0.0,,77.0,69.98,738.0,,,,,,,,,,67.0,49.0,1.0,,,,,,1.0,,,,,,9999.0,,,,
1983,7,23,,,,,,,,,,0.0,,,,,0.0,0.0,,,,,,,,,,,,,,,,,,,,,,,,,,,,-99.0,,,,
1983,7,24,,,,,,,,,,,,,,,,,,,,,,,,,,,,,,,,99.0,,,,,,99.0,,,,,,99.0,,,,
1983,7,25,40.0,40.0,,,,,,,1448.0,0.0,73.0,,,,0.0,0.0,,73.04,66.02,618.0,,,,225.0,225.0,,,,,72.0,45.0,-9999.0,,,,,,-9999.0,,,,,,-9999.0,,,,
1983,7,26,,,,,,,,,,0.0,,,,,0.0,0.0,,32.0,32.0,,,,,,,,,,,,,-9.0,,,,,,-9.0,,,,,,-9.0,,,,
1983,7,27,30.0,20.0,,,,,,,212.0,0.0,80.0,,,,0.0,0.0,,75.92,66.92,678.0,,,,,,,,,,82.0,54.0,999.0,,,,,,999.0,,,,,,999.0,,,,
1983,7,28,,,,,,,,,,0.0,,,,,0.0,0.0,,,,,,,,,,,,,,,,-999.0,,,,,,-999.0,,,,,,-999.0,,,,
1983,7,29,,,,,,,,,,,,,,,,,,,,,,,,,,,,,,,,,,,,,,9.0,,,,,,,,,,
1983,7,30,20.0,20.0,,,,,,,1512.0,0.0,93.0,,,,0.0,0.0,,80.96,69.98,780.0,,,,,,,,,,93.0,80.0,9999.0,,,,,,1.0,,,,,,9999.0,,,,
1983,7,31,,,,,,,,,,0.0,,,,,0.0,0.0,,,,,,,,,,,,,,,,-99.0,,,,,,,,,,,,-99.0,,,,
1983,8,1,50.0,30.0,,,,,,,1348.0,0.0,76.0,,,,0.0,0.0,,77.0,69.08,624.0,,,,270.0,225.0,,,,,72.0,40.0,-9999.0,,-9999.0,,,,1.0,,,,,,-9999.0,,,,
1983,8,2,,,,,,,,,,0.0,,,,,0.0,0.0,,32.0,32.0,,,,,,,,,,,,,,,-9.0,,,,0.0,,,,,,-9.0,,,,
1983,8,3,60.0,50.0,,,,,,,436.0,0.0,69.0,,,,0.0,0.0,,80.06,71.06,570.0,,,,,,,,,,82.0,58.0,1.0,,999.0,,,,1.0,,,,,,999.0,,,,
1983,8,4,,,,,,,,,,0.0,,,,,0.0,0.0,,,,,,,,,,,,,,,,,,-999.0,,,,0.0,,,,,,-999.0,,,,
1983,8,6,70.0,80.0,,,,,,,1130.0,0.0,81.0,,,,0.0,0.0,,78.98,69.98,672.0,,,,,,,,,,82.0,63.0,9999.0,,9999.0,,,,1.0,,,,,,9999.0,,,,
1983,8,7,,,,,,,,,,0.0,,,,,0.0,0.0,,,,,,,,,,,,,,,,,,-99.0,,,,0.0,,,,,,-99.0,,,,
1983,8,8,,,,,,,,,,,,,,,,,,,,,,,,,,,,,,,,,,99.0,,,,,,,,,,99.0,,,,
1983,8,9,60.0,60.0,,,,,,,1900.0,5.0,61.0,,,,0.0,0.0,,87.08000000000001,75.02,504.0,,,,180.0,315.0,,,,,72.0,54.0,-9999.0,,1.0,,,,-9999.0,,,,,,1.0,,,,
1983,8,10,,,,,,,,,,0.0,,,,,0.0,0.0,,32.0,32.0,,,,,,,,,,,,,-9.0,,0.0,,,,-9.0,,,,,,0.0,,,,
1983,8,11,50.0,60.0,,,,,,,254.0,38.0,49.0,,,,0.0,0.0,,87.08000000000001,75.92,402.0,,,,,,,,,,87.0,67.0,999.0,,1.0,,,,999.0,,,,,,1.0,,,,
1983,8,12,,,,,,,,,,0.0,,,,,0.0,0.0,,,,,,,,,,,,,,,,-999.0,,,,,,,,,,,,0.0,,,,
1983,8,14,70.0,90.0,,,,,,,1724.0,,41.0,,,,0.0,0.0,,84.02,73.94,330.0,,,,,,,,,,57.0,36.0,9999.0,,9999.0,,,,1.0,,,,,,1.0,,,,
1983,8,15,,,,,,,,,,0.0,,,,,0.0,0.0,,,,,,,,,,,,,,,,-99.0,,-99.0,,,,0.0,,,,,,,,,,
1983,8,16,,,,,,,,,,,,,,,,,,,,,,,,,,,,,,,,99.0,,99.0,,,,,,,,,,99.0,,,,
1983,8,17,30.0,20.0,,,,,,,1512.0,0.0,83.0,,,,0.0,0.0,,82.94,71.96,672.0,,,,315.0,315.0,,,,,77.0,58.0,-9999.0,,-9999.0,,,,1.0,,,,,,-9999.0,,,,
1983,8,18,,,,,,,,,,0.0,,,,,0.0,0.0,,32.0,32.0,,,,,,,,,,,,,-9.0,,-9.0,,,,,,,,,,-9.0,,,,
1983,8,19,70.0,80.0,,,,,,,454.0,0.0,38.0,,,,0.0,0.0,,84.02,71.96,306.0,,,,,,,,,,103.0,85.0,999.0,,999.0,,,,999.0,,,,,,999.0,,,,
1983,8,20,,,,,,,,,,0.0,,,,,0.0,0.0,,,,,,,,,,,,,,,,-999.0,,-999.0,,,,-999.0,,,,,,-999.0,,,,
1983,8,21,,,,,,,,,,,,,,,,,,,,,,,,,,,,,,,,9.0,,9.0,,,,9.0,,,,,,9.0,,,,
1983,8,22,70.0,60.0,,,,,,,1442.0,43.0,57.0,,,,0.0,0.0,,84.02,73.94,462.0,,,,,,,,,,82.0,58.0,1.0,,1.0,,,,1.0,,,,,,1.0,,,,
1983,8,23,,,,,,,,,,0.0,,,,,0.0,0.0,,,,,,,,,,,,,,,,,,,,,,,,,,,,0.0,,,,
1983,8,24,,,,,,,,,,,,,,,,,,,,,,,,,,,,,,,,99.0,,99.0,,,,99.0,,,,,,,,,,
1983,8,25,60.0,50.0,,,,,,,1312.0,0.0,62.0,,,,0.0,0.0,,87.98,75.92,492.0,,,,315.0,315.0,,,,,72.0,58.0,-9999.0,,-9999.0,,,,-9999.0,,,,,,-9999.0,,,,
1983,8,26,,,,,,,,,,0.0,,,,,0.0,0.0,,32.0,32.0,,,,,,,,,,,,,,,-9.0,,,,,,,,,,,,,,
1983,8,27,90.0,100.0,,,,,,,306.0,,13.0,,,,0.0,0.0,,80.96,73.94,108.0,,,,,,,,,,113.0,76.0,1.0,,999.0,,,,1.0,,,,,,1.0,,,,
1983,8,28,,,,,,,,,,,,,,,0.0,0.0,,,,,,,,,,,,,,,,0.0,,-999.0,,,,,,,,,,0.0,,,,
1983,8,30,70.0,70.0,,,,,,,1524.0,0.0,41.0,,,,0.0,0.0,,80.06,73.94,324.0,,,,,,,,,,72.0,45.0,9999.0,,9999.0,,,,9999.0,,,,,,9999.0,,,,
1983,8,31,,,,,,,,,,0.0,,,,,0.0,0.0,,,,,,,,,,,,,,,,-99.0,,-99.0,,,,-99.0,,,,,,-99.0,,,,
1983,9,1,60.0,90.0,,,,,,,1606.0,0.0,26.0,,,,0.0,0.0,,87.98,73.04,204.0,,,,315.0,315.0,,,,,98.0,85.0,-9999.0,,,,,,-9999.0,,,,,,1.0,,,,
1983,9,2,,,,,,,,,,,,,,,0.0,0.0,,32.0,32.0,,,,,,,,,,,,,-9.0,,,,,,-9.0,,,,,,,,,,
1983,9,3,0.0,0.0,,,,,,,948.0,0.0,99.0,,,,0.0,0.0,,84.91999999999999,71.96,756.0,,,,,,,,,,93.0,76.0,999.0,,,,,,999.0,,,,,,999.0,,,,
1983,9,4,,,,,,,,,,0.0,,,,,0.0,0.0,,,,,,,,,,,,,,,,,,,,,,,,,,,,-999.0,,,,
1983,9,6,60.0,30.0,,,,,,,1312.0,0.0,79.0,,,,0.0,0.0,,80.06,71.06,600.0,,,,,,,,,,77.0,58.0,9999.0,,,,,,1.0,,,,,,9999.0,,,,
1983,9,7,,,,,,,,,,0.0,,,,,0.0,0.0,,,,,,,,,,,,,,,,-99.0,,,,,,0.0,,,,,,-99.0,,,,
1983,9,8,,,,,,,,,,,,,,,,,,,,,,,,,,,,,,,,99.0,,,,,,,,,,,,99.0,,,,
1983,9,9,50.0,20.0,,,,,,,1306.0,0.0,86.0,,,,0.0,0.0,,82.04,69.98,654.0,,,,315.0,315.0,,,,,93.0,76.0,-9999.0,,,,,,1.0,,,,,,-9999.0,,,,
1983,9,10,,,,,,,,,,0.0,,,,,0.0,0.0,,32.0,32.0,,,,,,,,,,,,,-9.0,,,,,,0.0,,,,,,-9.0,,,,
1983,9,11,30.0,20.0,,,,,,,306.0,0.0,90.0,,,,0.0,0.0,,80.96,71.96,684.0,,,,,,,,,,93.0,76.0,999.0,,,,,,1.0,,,,,,999.0,,,,
1983,9,12,,,,,,,,,,0.0,,,,,0.0,0.0,,,,,,,,,,,,,,,,-999.0,,,,,,,,,,,,-999.0,,,,
1983,9,14,10.0,10.0,,,,,,,1342.0,0.0,98.0,,,,0.0,0.0,,87.08000000000001,71.96,738.0,,,,,,,,,,93.0,80.0,9999.0,,,,,,9999.0,,,,,,9999.0,,,,
1983,9,15,,,,,,,,,,0.0,,,,,0.0,0.0,,,,,,,,,,,,,,,,-99.0,,,,,,-99.0,,,,,,-99.0,,,,
1983,9,16,,,,,,,,,,,,,,,,,,,,,,,,,,,,,,,,99.0,,,,,,99.0,,,,,,99.0,,,,
1983,9,17,0.0,0.0,,,,,,,1154.0,0.0,99.0,,,,0.0,0.0,,91.94,75.02,744.0,,,,315.0,315.0,,,,,77.0,72.0,-9999.0,,,,,,-9999.0,,,,,,-9999.0,,,,
1983,9,18,,,,,,,,,,0.0,,,,,0.0,0.0,,32.0,32.0,,,,,,,,,,,,,,,,,,,-9.0,,,,,,-9.0,,,,
1983,9,19,10.0,10.0,,,,,,,954.0,0.0,97.0,,,,0.0,0.0,,82.04,73.04,726.0,,,,,,,,,,82.0,54.0,1.0,,,,,,999.0,,,,,,999.0,,,,
1983,9,20,,,,,,,,,,0.0,,,,,0.0,0.0,,,,,,,,,,,,,,,,0.0,,,,,,,,,,,,-999.0,,,,
1983,9,22,20.0,0.0,,,,,,,1212.0,0.0,97.0,,,,0.0,0.0,,84.91999999999999,73.04,726.0,,,,,,,,,,82.0,63.0,9999.0,,,,,,1.0,,,,,,9999.0,,,,
1983,9,23,,,,,,,,,,0.0,,,,,0.0,0.0,,,,,,,,,,,,,,,,-99.0,,,,,,0.0,,,,,,-99.0,,,,
1983,9,24,,,,,,,,,,,,,,,,,,,,,,,,,,,,,,,,99.0,,,,,,,,,,,,99.0,,,,
1983,9,25,40.0,30.0,,,,,,,1312.0,0.0,77.0,,,,0.0,0.0,,82.04,71.06,576.0,,,,225.0,225.0,,,,,67.0,45.0,-9999.0,,,,,,1.0,,,,,,-9999.0,,,,
1983,9,26,,,,,,,,,,0.0,,,,,0.0,0.0,,32.0,32.0,,,,,,,,,,,,,-9.0,,,,,,0.0,,,,,,-9.0,,,,
1983,9,27,30.0,20.0,,,,,,,442.0,0.0,88.0,,,,0.0,0.0,,84.02,71.96,654.0,,,,,,,,,,62.0,40.0,999.0,,,,,,1.0,,,,,,999.0,,,,
1983,9,28,,,,,,,,,,0.0,,,,,0.0,0.0,,,,,,,,,,,,,,,,,,,,,,0.0,,,,,,-999.0,,,,
1983,9,29,,,,,,,,,,,,,,,,,,,,,,,,,,,,,,,,,,,,,,,,,,,,9.0,,,,
1983,9,30,100.0,100.0,,,,,,,1848.0,3.0,47.0,,,,0.0,0.0,,86.0,75.92,348.0,,,,,,,,,,62.0,45.0,9999.0,,,,,,9999.0,,,,,,1.0,,,,
1983,9,31,,,,,,,,,,0.0,,,,,0.0,0.0,,,,,,,,,,,,,,,,-99.0,,,,,,-99.0,,,,,,,,,,
1983,10,1,80.0,80.0,,,,,,,148.0,33.0,42.0,,,,0.0,0.0,,73.94,68.0,300.0,,,,180.0,180.0,,,,,123.0,76.0,-9999.0,,-9999.0,,,,-9999.0,,,,,,1.0,,,,
1983,10,2,,,,,,,,,,0.0,,,,,0.0,0.0,,32.0,32.0,,,,,,,,,,,,,-9.0,,-9.0,,,,-9.0,,,,,,,,,,
1983,10,3,20.0,10.0,,,,,,,318.0,0.0,92.0,,,,0.0,0.0,,77.0,66.92,654.0,,,,,,,,,,93.0,72.0,999.0,,999.0,,,,999.0,,,,,,999.0,,,,
1983,10,4,,,,,,,,,,0.0,,,,,0.0,0.0,,,,,,,,,,,,,,,,-999.0,,-999.0,,,,-999.0,,,,,,-999.0,,,,
1983,10,6,80.0,80.0,,,,,,,1324.0,0.0,47.0,,,,0.0,0.0,,75.02,68.0,330.0,,,,,,,,,,72.0,49.0,9999.0,,9999.0,,,,9999.0,,,,,,9999.0,,,,
1983,10,7,,,,,,,,,,0.0,,,,,0.0,0.0,,,,,,,,,,,,,,,,-99.0,,-99.0,,,,-99.0,,,,,,-99.0,,,,
1983,10,8,,,,,,,,,,,,,,,,,,,,,,,,,,,,,,,,99.0,,99.0,,,,99.0,,,,,,99.0,,,,
1983,10,9,80.0,90.0,,,,,,,2306.0,0.0,42.0,,,,0.0,0.0,,84.02,66.02,294.0,,,,315.0,315.0,,,,,77.0,58.0,-9999.0,,-9999.0,,,,1.0,,,,,,1.0,,,,
1983,10,10,,,,,,,,,,,,,,,0.0,0.0,,32.0,32.0,,,,,,,,,,,,,,,,,,,0.0,,,,,,0.0,,,,
1983,10,11,90.0,100.0,,,,,,,642.0,61.0,3.0,,,,0.0,0.0,,73.94,68.0,24.0,,,,,,,,,,103.0,76.0,1.0,,1.0,,,,1.0,,,,,,1.0,,,,
1983,10,12,,,,,,,,,,0.0,,,,,0.0,0.0,,,,,,,,,,,,,,,,,,,,,,,,,,,,,,,,
1983,10,14,70.0,50.0,,,,,,,1300.0,0.0,55.0,,,,0.0,0.0,,77.0,71.06,378.0,,,,,,,,,,98.0,76.0,9999.0,,9999.0,,,,9999.0,,,,,,9999.0,,,,
1983,10,15,,,,,,,,,,0.0,,,,,0.0,0.0,,,,,,,,,,,,,,,,-99.0,,-99.0,,,,,,,,,,-99.0,,,,
1983,10,16,,,,,,,,,,,,,,,,,,,,,,,,,,,,,,,,99.0,,99.0,,,,,,,,,,99.0,,,,
1983,10,17,0.0,0.0,,,,,,,1418.0,0.0,100.0,,,,0.0,0.0,,84.02,62.959999999999994,690.0,,,,315.0,315.0,,,,,87.0,76.0,-9999.0,,-9999.0,,,,1.0,,,,,,-9999.0,,,,
1983,10,18,,,,,,,,,,0.0,,,,,0.0,0.0,,32.0,32.0,,,,,,,,,,,,,-9.0,,-9.0,,,,0.0,,,,,,-9.0,,,,
1983,10,19,10.0,0.0,,,,,,,406.0,0.0,100.0,,,,0.0,0.0,,91.94,62.959999999999994,690.0,,,,,,,,,,103.0,80.0,999.0,,999.0,,,,1.0,,,,,,999.0,,,,
1983,10,20,,,,,,,,,,0.0,,,,,0.0,0.0,,,,,,,,,,,,,,,,,,-999.0,,,,0.0,,,,,,-999.0,,,,
1983,10,22,40.0,30.0,,,,,,,1342.0,0.0,88.0,,,,0.0,0.0,,73.94,66.92,600.0,,,,,,,,,,82.0,54.0,9999.0,,9999.0,,,,1.0,,,,,,9999.0,,,,
1983,10,23,,,,,,,,,,0.0,,,,,0.0,0.0,,,,,,,,,,,,,,,,-99.0,,-99.0,,,,,,,,,,-99.0,,,,
1983,10,24,,,,,,,,,,,,,,,,,,,,,,,,,,,,,,,,99.0,,99.0,,,,99.0,,,,,,99.0,,,,
1983,10,25,90.0,80.0,,,,,,,1400.0,0.0,62.0,,,,0.0,0.0,,75.02,68.0,426.0,,,,315.0,315.0,,,,,93.0,76.0,-9999.0,,-9999.0,,,,-9999.0,,,,,,-9999.0,,,,
1983,10,26,,,,,,,,,,0.0,,,,,0.0,0.0,,32.0,32.0,,,,,,,,,,,,,-9.0,,-9.0,,,,-9.0,,,,,,,,,,
1983,10,27,90.0,90.0,,,,,,,400.0,8.0,26.0,,,,0.0,0.0,,73.04,69.08,180.0,,,,,,,,,,77.0,58.0,999.0,,999.0,,,,999.0,,,,,,1.0,,,,
1983,10,28,,,,,,,,,,0.0,,,,,0.0,0.0,,,,,,,,,,,,,,,,-999.0,,-999.0,,,,,,,,,,,,,,
1983,10,29,,,,,,,,,,,,,,,,,,,,,,,,,,,,,,,,9.0,,,,,,,,,,,,,,,,
1983,10,30,50.0,30.0,,,,,,,1400.0,0.0,81.0,,,,0.0,0.0,,75.92,68.0,552.0,,,,,,,,,,67.0,45.0,1.0,,9999.0,,,,1.0,,,,,,9999.0,,,,
1983,10,31,,,,,,,,,,0.0,,,,,0.0,0.0,,,,,,,,,,,,,,,,0.0,,-99.0,,,,0.0,,,,,,-99.0,,,,
1983,11,1,90.0,90.0,,,,,,,1424.0,3.0,18.0,,,,0.0,0.0,,73.04,68.0,120.0,,,,225.0,225.0,,,,,72.0,49.0,-9999.0,,,,,,-9999.0,,,,,,1.0,,,,
1983,11,2,,,,,,,,,,0.0,,,,,0.0,0.0,,32.0,32.0,,,,,,,,,,,,,-9.0,,,,,,-9.0,,,,,,,,,,
1983,11,3,10.0,0.0,,,,,,,406.0,0.0,100.0,,,,0.0,0.0,,73.94,62.959999999999994,648.0,,,,,,,,,,103.0,76.0,999.0,,,,,,999.0,,,,,,999.0,,,,
1983,11,4,,,,,,,,,,0.0,,,,,0.0,0.0,,,,,,,,,,,,,,,,-999.0,,,,,,-999.0,,,,,,-999.0,,,,
1983,11,5,,,,,,,,,,,,,,,,,,,,,,,,,,,,,,,,,,,,,,9.0,,,,,,,,,,
1983,11,6,30.0,30.0,,,,,,,1412.0,0.0,93.0,,,,0.0,0.0,,78.98,62.959999999999994,600.0,,,,,,,,,,67.0,40.0,9999.0,,,,,,1.0,,,,,,9999.0,,,,
1983,11,7,,,,,,,,,,0.0,,,,,0.0,0.0,,,,,,,,,,,,,,,,-99.0,,,,,,0.0,,,,,,-99.0,,,,
1983,11,8,,,,,,,,,,,,,,,,,,,,,,,,,,,,,,,,99.0,,,,,,,,,,,,99.0,,,,
1983,11,9,10.0,0.0,,,,,,,1348.0,0.0,96.0,,,,0.0,0.0,,75.02,64.04,618.0,,,,315.0,315.0,,,,,77.0,54.0,-9999.0,,,,,,1.0,,,,,,-9999.0,,,,
1983,11,10,,,,,,,,,,0.0,,,,,0.0,0.0,,32.0,32.0,,,,,,,,,,,,,-9.0,,,,,,0.0,,,,,,-9.0,,,,
1983,11,11,60.0,60.0,,,,,,,548.0,0.0,78.0,,,,0.0,0.0,,71.96,62.059999999999995,498.0,,,,,,,,,,62.0,36.0,999.0,,,,,,1.0,,,,,,999.0,,,,
1983,11,12,,,,,,,,,,0.0,,,,,0.0,0.0,,,,,,,,,,,,,,,,-999.0,,,,,,0.0,,,,,,-999.0,,,,
1983,11,14,70.0,80.0,,,,,,,1154.0,0.0,77.0,,,,0.0,0.0,,75.02,57.92,492.0,,,,,,,,,,57.0,36.0,9999.0,,,,,,1.0,,,,,,9999.0,,,,
1983,11,15,,,,,,,,,,0.0,,,,,0.0,0.0,,,,,,,,,,,,,,,,-99.0,,,,,,0.0,,,,,,-99.0,,,,
1983,11,16,,,,,,,,,,,,,,,,,,,,,,,,,,,,,,,,99.0,,,,,,,,,,,,99.0,,,,
1983,11,17,70.0,60.0,,,,,,,2330.0,25.0,53.0,,,,0.0,0.0,,69.98,60.980000000000004,336.0,,,,180.0,180.0,,,,,87.0,67.0,1.0,,,,,,1.0,,,,,,1.0,,,,
1983,11,18,,,,,,,,,,0.0,,,,,0.0,0.0,,32.0,32.0,,,,,,,,,,,,,0.0,,,,,,,,,,,,0.0,,,,
1983,11,19,100.0,100.0,,,,,,,330.0,109.0,0.0,,,,0.0,0.0,,69.98,68.0,0.0,,,,,,,,,,103.0,72.0,1.0,,,,,,999.0,,,,,,1.0,,,,
1983,11,20,,,,,,,,,,0.0,,,,,0.0,0.0,,,,,,,,,,,,,,,,0.0,,,,,,-999.0,,,,,,0.0,,,,
1983,11,22,30.0,20.0,,,,,,,212.0,,80.0,,,,0.0,0.0,,69.98,60.980000000000004,504.0,,,,,,,,,,82.0,54.0,9999.0,,,,,,9999.0,,,,,,1.0,,,,
1983,11,23,,,,,,,,,,0.0,,,,,0.0,0.0,,,,,,,,,,,,,,,,,,,,,,-99.0,,,,,,,,,,
1983,11,24,,,,,,,,,,,,,,,,,,,,,,,,,,,,,,,,,,,,,,99.0,,,,,,99.0,,,,
1983,11,25,50.0,40.0,,,,,,,1112.0,0.0,95.0,,,,0.0,0.0,,71.06,57.92,600.0,,,,315.0,315.0,,,,,77.0,67.0,1.0,,,,,,1.0,,,,,,-9999.0,,,,
1983,11,26,,,,,,,,,,0.0,,,,,0.0,0.0,,32.0,32.0,,,,,,,,,,,,,,,,,,,0.0,,,,,,,,,,
1983,11,27,100.0,100.0,,,,,,,236.0,,31.0,,,,0.0,0.0,,69.08,62.059999999999995,198.0,,,,,,,,,,67.0,40.0,999.0,,,,,,1.0,,,,,,1.0,,,,
1983,11,28,,,,,,,,,,0.0,,,,,0.0,0.0,,,,,,,,,,,,,,,,-999.0,,,,,,,,,,,,,,,,
1983,11,30,10.0,0.0,,,,,,,1406.0,0.0,100.0,,,,0.0,0.0,,73.04,55.94,624.0,,,,,,,,,,72.0,54.0,9999.0,,,,,,9999.0,,,,,,9999.0,,,,
1983,11,31,,,,,,,,,,,,,,,0.0,0.0,,,,,,,,,,,,,,,,,,,,,,,,,,,,,,,,
1983,12,1,80.0,70.0,,,,,,,412.0,20.0,57.0,,,,0.0,0.0,,66.92,60.08,348.0,,,,135.0,225.0,,,,,123.0,76.0,1.0,,,,,,-9999.0,,,,,,1.0,,,,
1983,12,2,,,,,,,,,,0.0,,,,,0.0,0.0,,32.0,32.0,,,,,,,,,,,,,0.0,,,,,,-9.0,,,,,,0.0,,,,
1983,12,3,50.0,50.0,,,,,,,236.0,3.0,41.0,,,,0.0,0.0,,68.0,57.92,246.0,,,,,,,,,,82.0,45.0,1.0,,,,,,999.0,,,,,,1.0,,,,
1983,12,4,,,,,,,,,,,,,,,0.0,0.0,,,,,,,,,,,,,,,,0.0,,,,,,-999.0,,,,,,0.0,,,,
1983,12,6,30.0,50.0,,,,,,,1318.0,0.0,71.0,,,,0.0,0.0,,64.04,51.98,432.0,,,,,,,,,,98.0,76.0,9999.0,,,,,,9999.0,,,,,,9999.0,,,,
1983,12,7,,,,,,,,,,0.0,,,,,0.0,0.0,,,32.0,,,,,,,,,,,,,-99.0,,,,,,-99.0,,,,,,-99.0,,,,
1983,12,8,,,,,,,,,,,,,,,,,,,,,,,,,,,,,,,,99.0,,,,,,99.0,,,,,,99.0,,,,
1983,12,9,0.0,0.0,,,,,,,1448.0,0.0,100.0,,,,0.0,0.0,,68.0,44.96,606.0,,,,315.0,315.0,,,,,87.0,67.0,-9999.0,,,,,,-9999.0,,,,,,-9999.0,,,,
1983,12,10,,,,,,,,,,0.0,,,,,0.0,0.0,,32.0,32.0,,,,,,,,,,,,,-9.0,,,,,,-9.0,,,,,,-9.0,,,,
1983,12,11,30.0,50.0,,,,,,,600.0,0.0,100.0,,,,0.0,0.0,,71.06,48.02,606.0,,,,,,,,,,72.0,54.0,999.0,,,,,,999.0,,,,,,999.0,,,,
1983,12,12,,,,,,,,,,0.0,,,,,0.0,0.0,,,,,,,,,,,,,,,,-999.0,,,,,,,,,,,,-999.0,,,,
1983,12,13,,,,,,,,,,,,,,,,,,,,,,,,,,,,,,,,9.0,,,,,,,,,,,,9.0,,,,
1983,12,14,70.0,70.0,,,,,,,1642.0,79.0,75.0,,,,0.0,0.0,,66.92,53.06,450.0,,,,,,,,,,87.0,58.0,1.0,,,,,,1.0,,,,,,1.0,,,,
1983,12,15,,,,,,,,,,0.0,,,,,0.0,0.0,,,,,,,,,,,,,,,,0.0,,,,,,,,,,,,,,,,
1983,12,16,,,,,,,,,,,,,,,,,,,,,,,,,,,,,,,,,,,,,,99.0,,,,,,99.0,,,,
1983,12,17,70.0,90.0,,,,,,,1212.0,0.0,93.0,,,,0.0,0.0,,66.02,50.0,564.0,,,,315.0,315.0,,,,,72.0,54.0,-9999.0,,,,,,-9999.0,,,,,,1.0,,,,
1983,12,18,,,,,,,,,,,,,,,0.0,0.0,,32.0,32.0,,,,,,,,,,,,,-9.0,,,,,,-9.0,,,,,,,,,,
1983,12,19,30.0,40.0,,,,,,,412.0,0.0,98.0,,,,0.0,0.0,,64.94,53.96,594.0,,,,,,,,,,82.0,67.0,999.0,,,,,,999.0,,,,,,999.0,,,,
1983,12,20,,,,,,,,,,0.0,,,,,0.0,0.0,,,,,,,,,,,,,,,,,,,,,,,,,,,,-999.0,,,,
1983,12,22,0.0,0.0,,,,,,,1454.0,0.0,100.0,,,,0.0,0.0,,71.96,50.0,600.0,,,,,,,,,,67.0,45.0,1.0,,,,,,1.0,,,,,,9999.0,,,,
1983,12,23,,,,,,,,,,0.0,,,,,0.0,0.0,,,,,,,,,,,,,,,,0.0,,,,,,0.0,,,,,,-99.0,,,,
1983,12,24,,,,,,,,,,,,,,,,,,,,,,,,,,,,,,,,,,,,,,,,,,,,99.0,,,,
1983,12,25,90.0,90.0,,,,,,,1136.0,0.0,65.0,,,,0.0,0.0,,64.94,59.0,390.0,,,,180.0,225.0,,,,,72.0,40.0,1.0,,,,,,1.0,,,,,,-9999.0,,,,
1983,12,26,,,,,,,,,,0.0,,,,,0.0,0.0,,32.0,32.0,,,,,,,,,,,,,,,,,,,,,,,,,-9.0,,,,
1983,12,27,70.0,100.0,,,,,,,506.0,0.0,21.0,,,,0.0,0.0,,64.04,55.94,126.0,,,,,,,,,,57.0,54.0,999.0,,,,,,999.0,,,,,,999.0,,,,
1983,12,28,,,,,,,,,,0.0,,,,,0.0,0.0,,,,,,,,,,,,,,,,,,,,,,,,,,,,-999.0,,,,
1983,12,30,90.0,100.0,,,,,,,1512.0,0.0,1.0,,,,0.0,0.0,,62.959999999999994,55.04,6.0,,,,,,,,,,62.0,40.0,1.0,,,,,,1.0,,,,,,9999.0,,,,
1983,12,31,,,,,,,,,,0.0,,,,,0.0,0.0,,,,,,,,,,,,,,,,,,,,,,,,,,,,-99.0,,,,
1984,1,1,30.0,30.0,,,,,25.0,1501.0,1329.0,0.0,,,,,0.0,0.0,,73.94,55.94,468.0,-9999.0,,,315.0,315.0,,-9999.0,,,67.0,54.0,1.0,1.0,,,,,1.0,,,,,,-9999.0,,,,
1984,1,2,,,,,,,,,,0.0,,,,,0.0,0.0,,32.0,32.0,,-9.0,,,,,,-9.0,,,,,,,,,,,,,,,,,-9.0,,,,
1984,1,3,0.0,0.0,,,,,38.0,117.0,157.0,0.0,,,,,0.0,0.0,,78.08,48.92,603.0,999.0,,,,,,999.0,,,123.0,89.0,999.0,999.0,,,,,999.0,,,,,,999.0,,,,
1984,1,4,,,,,,,,,,0.0,,,,,0.0,0.0,,,,,-999.0,,,,,,-999.0,,,,,-999.0,-999.0,,,,,-999.0,,,,,,-999.0,,,,
1984,1,6,40.0,30.0,,,,,23.0,1243.0,1308.0,0.0,,,,,0.0,0.0,,75.92,53.06,595.0,9999.0,,,,,,9999.0,,,67.0,54.0,9999.0,9999.0,,,,,9999.0,,,,,,9999.0,,,,
1984,1,7,,,,,,,,,,0.0,,,,,0.0,0.0,,,,,-99.0,,,,,,-99.0,,,,,-99.0,-99.0,,,,,-99.0,,,,,,,,,,
1984,1,8,,,,,,,,,,,,,,,,,,,,,99.0,,,,,,99.0,,,,,99.0,99.0,,,,,99.0,,,,,,,,,,
1984,1,9,30.0,0.0,,,,,26.0,1606.0,1604.0,0.0,,,,,0.0,0.0,,69.98,60.08,606.0,-9999.0,,,315.0,315.0,,-9999.0,,,62.0,49.0,1.0,-9999.0,,,,,-9999.0,,,,,,-9999.0,,,,
1984,1,10,,,,,,,,,,0.0,,,,,0.0,0.0,,32.0,32.0,,-9.0,,,,,,-9.0,,,,,0.0,-9.0,,,,,,,,,,,-9.0,,,,
1984,1,11,100.0,100.0,,,,,27.0,329.0,338.0,0.0,,,,,0.0,0.0,,60.980000000000004,57.92,0.0,999.0,,,,,,999.0,,,62.0,49.0,1.0,999.0,,,,,1.0,,,,,,999.0,,,,
1984,1,12,,,,,,,,,,0.0,,,,,0.0,0.0,,,,,-999.0,,,,,,-999.0,,,,,,-999.0,,,,,0.0,,,,,,-999.0,,,,
1984,1,13,,,,,,,,,,,,,,,,,,,,,,,,,,,,,,,,9.0,,,,,,,,,,,,,,,,
1984,1,14,40.0,30.0,,,,,34.0,1441.0,1308.0,0.0,,,,,0.0,0.0,,66.02,57.92,475.0,9999.0,,,,,,9999.0,,,87.0,72.0,1.0,9999.0,,,,,1.0,,,,,,9999.0,,,,
1984,1,15,,,,,,,,,,0.0,,,,,0.0,0.0,,,,,-99.0,,,,,,-99.0,,,,,0.0,,,,,,0.0,,,,,,-99.0,,,,
1984,1,16,,,,,,,,,,,,,,,,,,,,,99.0,,,,,,99.0,,,,,,,,,,,,,,,,,99.0,,,,
1984,1,17,60.0,70.0,,,,,20.0,1331.0,1134.0,0.0,,,,,0.0,0.0,,66.02,55.04,524.0,-9999.0,,,180.0,315.0,,-9999.0,,,62.0,40.0,1.0,1.0,,,,,1.0,,,,,,-9999.0,,,,
1984,1,18,,,,,,,,,,0.0,,,,,0.0,0.0,,32.0,32.0,,-9.0,,,,,,-9.0,,,,,,,,,,,,,,,,,-9.0,,,,
1984,1,19,70.0,90.0,,,,,16.0,527.0,550.0,0.0,,,,,0.0,0.0,,71.06,50.0,527.0,999.0,,,,,,999.0,,,67.0,58.0,999.0,999.0,,,,,999.0,,,,,,999.0,,,,
1984,1,20,,,,,,,,,,0.0,,,,,0.0,0.0,,,,,-999.0,,,,,,-999.0,,,,,-999.0,-999.0,,,,,-999.0,,,,,,-999.0,,,,
1984,1,22,50.0,50.0,,,,,35.0,1215.0,322.0,0.0,,,,,0.0,0.0,,64.04,53.96,550.0,9999.0,,,,,,9999.0,,,93.0,54.0,9999.0,9999.0,,,,,9999.0,,,,,,9999.0,,,,
1984,1,23,,,,,,,,,,0.0,,,,,0.0,0.0,,,32.0,,-99.0,,,,,,-99.0,,,,,-99.0,-99.0,,,,,-99.0,,,,,,-99.0,,,,
1984,1,24,,,,,,,,,,,,,,,,,,,,,99.0,,,,,,99.0,,,,,99.0,99.0,,,,,99.0,,,,,,99.0,,,,
1984,1,25,70.0,80.0,,,,,25.0,1502.0,1458.0,66.0,,,,,0.0,0.0,,62.959999999999994,48.92,322.0,320.0,,,315.0,-9999.0,,103.0,,,154.0,-9999.0,1.0,-9999.0,,,,,-9999.0,,,,,,1.0,,,,
1984,1,26,,,,,,,,,,0.0,,,,,0.0,0.0,,32.0,32.0,,,,,,,,,,,,,,-9.0,,,,,-9.0,,,,,,,,,,
1984,1,27,0.0,0.0,,,,,17.0,639.0,411.0,0.0,,,,,0.0,0.0,,64.04,50.0,616.0,999.0,,,,,,999.0,,,62.0,40.0,999.0,999.0,,,,,999.0,,,,,,999.0,,,,
1984,1,28,,,,,,,,,,0.0,,,,,0.0,0.0,,,,,-999.0,,,,,,-999.0,,,,,-999.0,-999.0,,,,,-999.0,,,,,,-999.0,,,,
1984,1,29,,,,,,,,,,,,,,,,,,,,,,,,,,,,,,,,,,,,,,9.0,,,,,,,,,,
1984,1,30,30.0,60.0,,,,,21.0,1513.0,1403.0,0.0,,,,,0.0,0.0,,62.959999999999994,48.92,573.0,9999.0,,,,,,9999.0,,,87.0,67.0,9999.0,9999.0,,,,,1.0,,,,,,9999.0,,,,
1984,1,31,,,,,,,,,,0.0,,,,,0.0,0.0,,,32.0,,-99.0,,,,,,-99.0,,,,,-99.0,-99.0,,,,,0.0,,,,,,-99.0,,,,
1984,2,1,90.0,90.0,,,,,29.0,1444.0,1517.0,0.0,,,,,0.0,0.0,,66.02,57.92,458.0,,,,315.0,315.0,,,,,82.0,49.0,-9999.0,-9999.0,,,,,1.0,,,,,-9999.0,-9999.0,,,,
1984,2,2,,,,,,,,,,0.0,,,,,0.0,0.0,,32.0,32.0,,,,,,,,,,,,,-9.0,-9.0,,,,,,,,,,-9.0,-9.0,,,,
1984,2,3,90.0,100.0,,,,,20.0,639.0,405.0,0.0,,,,,0.0,0.0,,66.02,57.92,503.0,,,,,,,,,,82.0,67.0,999.0,999.0,,,,,999.0,,,,,999.0,999.0,,,,
1984,2,4,,,,,,,,,,0.0,,,,,0.0,0.0,,,,,,,,,,,,,,,,-999.0,-999.0,,,,,-999.0,,,,,-999.0,-999.0,,,,
1984,2,5,,,,,,,,,,,,,,,,,,,,,,,,,,,,,,,,9.0,,,,,,9.0,,,,,,,,,,
1984,2,6,60.0,60.0,,,,,21.0,1418.0,1341.0,0.0,,,,,0.0,0.0,,71.06,55.94,469.0,,,,,,,,,,72.0,54.0,1.0,9999.0,,,,,1.0,,,,,9999.0,9999.0,,,,
1984,2,7,,,,,,,,,,0.0,,,,,0.0,0.0,,,,,,,,,,,,,,,,0.0,,,,,,0.0,,,,,-99.0,-99.0,,,,
1984,2,8,,,,,,,,,,,,,,,,,,,,,,,,,,,,,,,,,,,,,,,,,,,99.0,99.0,,,,
1984,2,9,10.0,0.0,,,,,16.0,1455.0,1430.0,0.0,,,,,0.0,0.0,,73.04,51.98,646.0,,,,315.0,315.0,,,,,67.0,54.0,1.0,-9999.0,,,,,1.0,,,,,-9999.0,-9999.0,,,,
1984,2,10,,,,,,,,,,0.0,,,,,0.0,0.0,,32.0,32.0,,,,,,,,,,,,,0.0,-9.0,,,,,0.0,,,,,-9.0,-9.0,,,,
1984,2,11,10.0,0.0,,,,,17.0,518.0,501.0,0.0,,,,,0.0,0.0,,75.92,50.0,636.0,,,,,,,,,,67.0,54.0,1.0,999.0,,,,,1.0,,,,,999.0,999.0,,,,
1984,2,12,,,,,,,,,,0.0,,,,,0.0,0.0,,,,,,,,,,,,,,,,0.0,,,,,,0.0,,,,,-999.0,-999.0,,,,
1984,2,14,70.0,90.0,,,,,28.0,1408.0,1415.0,0.0,,,,,0.0,0.0,,62.959999999999994,50.0,446.0,,,,,,,,,,72.0,49.0,1.0,9999.0,,,,,1.0,,,,,9999.0,9999.0,,,,
1984,2,15,,,,,,,,,,0.0,,,,,0.0,0.0,,,,,,,,,,,,,,,,0.0,-99.0,,,,,,,,,,-99.0,,,,,
1984,2,16,,,,,,,,,,,,,,,,,,,,,,,,,,,,,,,,,99.0,,,,,99.0,,,,,99.0,,,,,
1984,2,17,40.0,40.0,,,,,28.0,1509.0,1528.0,0.0,,,,,0.0,0.0,,66.02,51.08,542.0,,,,315.0,315.0,,,,,93.0,80.0,-9999.0,-9999.0,,,,,-9999.0,,,,,-9999.0,-9999.0,,,,
1984,2,18,,,,,,,,,,0.0,,,,,0.0,0.0,,32.0,32.0,,,,,,,,,,,,,-9.0,-9.0,,,,,-9.0,,,,,-9.0,-9.0,,,,
1984,2,19,60.0,60.0,,,,,20.0,447.0,420.0,0.0,,,,,0.0,0.0,,68.0,53.06,636.0,,,,,,,,,,82.0,72.0,999.0,999.0,,,,,999.0,,,,,999.0,999.0,,,,
1984,2,20,,,,,,,,,,0.0,,,,,0.0,0.0,,,,,,,,,,,,,,,,-999.0,-999.0,,,,,-999.0,,,,,-999.0,-999.0,,,,
1984,2,21,,,,,,,,,,,,,,,,,,,,,,,,,,,,,,,,9.0,,,,,,,,,,,9.0,9.0,,,,
1984,2,22,40.0,20.0,,,,,29.0,1228.0,1323.0,,,,,,0.0,0.0,,68.0,57.02,625.0,,,,,,,,,,87.0,67.0,1.0,9999.0,,,,,9999.0,,,,,1.0,1.0,,,,
1984,2,23,,,,,,,,,,0.0,,,,,0.0,0.0,,,,,,,,,,,,,,,,,-99.0,,,,,-99.0,,,,,,,,,,
1984,2,24,,,,,,,,,,,,,,,,,,,,,,,,,,,,,,,,99.0,99.0,,,,,99.0,,,,,99.0,99.0,,,,
1984,2,25,60.0,70.0,,,,,49.0,1359.0,2356.0,5.0,,,,,0.0,0.0,,66.02,55.04,313.0,,,,360.0,315.0,,,,,134.0,107.0,-9999.0,-9999.0,,,,,-9999.0,,,,,1.0,1.0,,,,
1984,2,26,,,,,,,,,,0.0,,,,,0.0,0.0,,32.0,32.0,,,,,,,,,,,,,-9.0,-9.0,,,,,-9.0,,,,,,,,,,
1984,2,27,20.0,30.0,,,,,43.0,300.0,106.0,0.0,,,,,0.0,0.0,,62.959999999999994,48.02,666.0,,,,,,,,,,123.0,89.0,999.0,999.0,,,,,999.0,,,,,999.0,999.0,,,,
1984,2,28,,,,,,,,,,0.0,,,,,0.0,0.0,,,,,,,,,,,,,,,,-999.0,-999.0,,,,,-999.0,,,,,-999.0,-999.0,,,,
1984,2,30,0.0,10.0,,,,,19.0,1503.0,1457.0,0.0,,,,,0.0,0.0,,69.98,44.96,670.0,,,,,,,,,,87.0,67.0,9999.0,9999.0,,,,,9999.0,,,,,9999.0,9999.0,,,,
1984,2,31,,,,,,,,,,0.0,,,,,0.0,0.0,,,32.0,,,,,,,,,,,,,-99.0,-99.0,,,,,-99.0,,,,,-99.0,-99.0,,,,
1984,3,1,50.0,50.0,,,,,23.0,1636.0,1623.0,0.0,,,,,0.0,0.0,,66.02,57.92,476.0,,,,315.0,315.0,,,,,67.0,54.0,-9999.0,,,,,,-9999.0,,,,,-9999.0,-9999.0,,,-9999.0,
1984,3,2,,,,,,,,,,0.0,,,,,0.0,0.0,,32.0,32.0,,,,,,,,,,,,,,,,,,,,,,,,-9.0,-9.0,,,-9.0,
1984,3,3,50.0,50.0,,,,,17.0,351.0,513.0,0.0,,,,,0.0,0.0,,69.08,57.02,482.0,,,,,,,,,,67.0,49.0,1.0,,,,,,1.0,,,,,999.0,999.0,,,999.0,
1984,3,4,,,,,,,,,,0.0,,,,,0.0,0.0,,,,,,,,,,,,,,,,0.0,,,,,,0.0,,,,,-999.0,-999.0,,,,
1984,3,6,80.0,90.0,,,,,9.0,1511.0,1432.0,0.0,,,,,0.0,0.0,,62.959999999999994,57.92,135.0,,,,,,,,,,57.0,36.0,9999.0,,,,,,1.0,,,,,9999.0,9999.0,,,9999.0,
1984,3,7,,,,,,,,,,0.0,,,,,0.0,0.0,,,32.0,,,,,,,,,,,,,-99.0,,,,,,0.0,,,,,-99.0,-99.0,,,-99.0,
1984,3,8,,,,,,,,,,,,,,,,,,,,,,,,,,,,,,,,99.0,,,,,,,,,,,99.0,99.0,,,99.0,
1984,3,9,20.0,30.0,,,,,17.0,1559.0,1608.0,0.0,,,,,0.0,0.0,,73.94,48.02,689.0,,,,315.0,315.0,,,,,77.0,63.0,-9999.0,,,,,,-9999.0,,,,,-9999.0,-9999.0,,,-9999.0,
1984,3,10,,,,,,,,,,0.0,,,,,0.0,0.0,,32.0,32.0,,,,,,,,,,,,,,,,,,,-9.0,,,,,-9.0,-9.0,,,-9.0,
1984,3,11,40.0,80.0,,,,,27.0,642.0,653.0,0.0,,,,,0.0,0.0,,69.98,53.06,551.0,,,,,,,,,,72.0,58.0,1.0,,,,,,999.0,,,,,999.0,999.0,,,999.0,
1984,3,12,,,,,,,,,,0.0,,,,,0.0,0.0,,,,,,,,,,,,,,,,0.0,,,,,,,,,,,-999.0,-999.0,,,-999.0,
1984,3,14,20.0,30.0,,,,,29.0,1612.0,1310.0,0.0,,,,,0.0,0.0,,68.0,53.96,602.0,,,,,,,,,,77.0,49.0,1.0,,,,,,9999.0,,,,,9999.0,9999.0,,,9999.0,
1984,3,15,,,,,,,,,,0.0,,,,,0.0,0.0,,,,,,,,,,,,,,,,0.0,,,,,,,,,,,-99.0,-99.0,,,-99.0,
1984,3,16,,,,,,,,,,,,,,,,,,,,,,,,,,,,,,,,,,,,,,,,,,,99.0,99.0,,,99.0,
1984,3,17,40.0,40.0,,,,,21.0,1124.0,1048.0,0.0,,,,,0.0,0.0,,69.08,55.04,656.0,,,,315.0,315.0,,,,,72.0,49.0,1.0,,,,,,1.0,,,,,-9999.0,-9999.0,,,-9999.0,
1984,3,18,,,,,,,,,,0.0,,,,,0.0,0.0,,32.0,32.0,,,,,,,,,,,,,0.0,,,,,,0.0,,,,,-9.0,-9.0,,,-9.0,
1984,3,19,80.0,90.0,,,,,25.0,343.0,422.0,0.0,,,,,0.0,0.0,,69.08,57.92,537.0,,,,,,,,,,72.0,49.0,1.0,,,,,,1.0,,,,,999.0,999.0,,,999.0,
1984,3,20,,,,,,,,,,0.0,,,,,0.0,0.0,,,,,,,,,,,,,,,,,,,,,,,,,,,-999.0,,,,-999.0,
1984,3,21,,,,,,,,,,,,,,,,,,,,,,,,,,,,,,,,9.0,,,,,,9.0,,,,,9.0,,,,,
1984,3,22,70.0,90.0,,,,,28.0,1654.0,1627.0,3.0,,,,,0.0,0.0,,66.92,59.0,200.0,,,,,,,,,,77.0,63.0,1.0,,,,,,1.0,,,,,1.0,1.0,,,9999.0,
1984,3,23,,,,,,,,,,0.0,,,,,0.0,0.0,,,,,,,,,,,,,,,,,,,,,,,,,,,,,,,-99.0,
1984,3,24,,,,,,,,,,,,,,,,,,,,,,,,,,,,,,,,99.0,,,,,,99.0,,,,,99.0,99.0,,,99.0,
1984,3,25,60.0,60.0,,,,,29.0,1744.0,1715.0,0.0,,,,,0.0,0.0,,69.08,57.02,674.0,,,,315.0,315.0,,,,,82.0,63.0,-9999.0,,,,,,-9999.0,,,,,-9999.0,-9999.0,,,-9999.0,
1984,3,26,,,,,,,,,,0.0,,,,,0.0,0.0,,32.0,32.0,,,,,,,,,,,,,,,,,,,-9.0,,,,,,,,,-9.0,
1984,3,27,50.0,70.0,,,,,26.0,303.0,305.0,,,,,,0.0,0.0,,68.0,55.04,630.0,,,,,,,,,,113.0,63.0,1.0,,,,,,999.0,,,,,1.0,1.0,,,999.0,
1984,3,28,,,,,,,,,,0.0,,,,,0.0,0.0,,,,,,,,,,,,,,,,,,,,,,-999.0,,,,,,,,,-999.0,
1984,3,30,10.0,0.0,,,,,25.0,1506.0,1510.0,0.0,,,,,0.0,0.0,,82.04,55.04,725.0,,,,,,,,,,98.0,76.0,9999.0,,,,,,9999.0,,,,,9999.0,9999.0,,,9999.0,
1984,3,31,,,,,,,,,,0.0,,,,,0.0,0.0,,,,,,,,,,,,,,,,-99.0,,,,,,-99.0,,,,,-99.0,-99.0,,,-99.0,
1984,4,1,60.0,60.0,,,,,65.0,57.0,159.0,5.0,,,,,0.0,0.0,,64.94,55.94,589.0,,,,315.0,315.0,,,,,144.0,134.0,-9999.0,-9999.0,-9999.0,,,,-9999.0,,,,,-9999.0,1.0,,,,
1984,4,2,,,,,,,,,,0.0,,,,,0.0,0.0,,32.0,32.0,,,,,,,,,,,,,-9.0,-9.0,-9.0,,,,-9.0,,,,,-9.0,,,,,
1984,4,3,30.0,40.0,,,,,38.0,333.0,330.0,0.0,,,,,0.0,0.0,,66.02,55.94,526.0,,,,,,,,,,77.0,49.0,999.0,999.0,999.0,,,,999.0,,,,,999.0,999.0,,,,
1984,4,4,,,,,,,,,,0.0,,,,,0.0,0.0,,,,,,,,,,,,,,,,-999.0,-999.0,-999.0,,,,-999.0,,,,,-999.0,-999.0,,,,
1984,4,6,80.0,70.0,,,,,36.0,1514.0,1531.0,0.0,,,,,0.0,0.0,,66.02,60.08,311.0,,,,,,,,,,82.0,58.0,9999.0,9999.0,9999.0,,,,9999.0,,,,,9999.0,9999.0,,,,
1984,4,7,,,,,,,,,,0.0,,,,,0.0,0.0,,,,,,,,,,,,,,,,-99.0,-99.0,-99.0,,,,-99.0,,,,,-99.0,,,,,
1984,4,8,,,,,,,,,,,,,,,,,,,,,,,,,,,,,,,,99.0,99.0,99.0,,,,99.0,,,,,99.0,,,,,
1984,4,9,80.0,80.0,,,,,50.0,1435.0,1418.0,102.0,,,,,0.0,0.0,,66.92,57.92,338.0,,,,315.0,315.0,,,,,108.0,80.0,-9999.0,-9999.0,-9999.0,,,,-9999.0,,,,,-9999.0,1.0,,,,
1984,4,10,,,,,,,,,,0.0,,,,,0.0,0.0,,32.0,32.0,,,,,,,,,,,,,-9.0,-9.0,-9.0,,,,-9.0,,,,,-9.0,,,,,
1984,4,11,30.0,30.0,,,,,38.0,235.0,241.0,0.0,,,,,0.0,0.0,,69.08,57.92,654.0,,,,,,,,,,77.0,49.0,999.0,999.0,999.0,,,,999.0,,,,,999.0,999.0,,,,
1984,4,12,,,,,,,,,,0.0,,,,,0.0,0.0,,,,,,,,,,,,,,,,,-999.0,-999.0,,,,,,,,,-999.0,-999.0,,,,
1984,4,14,50.0,40.0,,,,,39.0,1617.0,1613.0,0.0,,,,,0.0,0.0,,69.98,60.08,722.0,,,,,,,,,,98.0,76.0,9999.0,9999.0,9999.0,,,,9999.0,,,,,9999.0,9999.0,,,,
1984,4,15,,,,,,,,,,0.0,,,,,0.0,0.0,,,,,,,,,,,,,,,,-99.0,-99.0,-99.0,,,,-99.0,,,,,-99.0,-99.0,,,,
1984,4,16,,,,,,,,,,,,,,,,,,,,,,,,,,,,,,,,99.0,99.0,99.0,,,,99.0,,,,,99.0,99.0,,,,
1984,4,17,50.0,50.0,,,,,37.0,1619.0,1615.0,0.0,,,,,0.0,0.0,,71.06,62.059999999999995,496.0,,,,315.0,315.0,,,,,82.0,67.0,-9999.0,-9999.0,-9999.0,,,,-9999.0,,,,,-9999.0,-9999.0,,,,
1984,4,18,,,,,,,,,,0.0,,,,,0.0,0.0,,32.0,32.0,,,,,,,,,,,,,-9.0,-9.0,-9.0,,,,-9.0,,,,,-9.0,-9.0,,,,
1984,4,19,0.0,10.0,,,,,30.0,315.0,541.0,0.0,,,,,0.0,0.0,,73.94,59.0,772.0,,,,,,,,,,67.0,54.0,999.0,999.0,999.0,,,,999.0,,,,,999.0,999.0,,,,
1984,4,20,,,,,,,,,,0.0,,,,,0.0,0.0,,,,,,,,,,,,,,,,,-999.0,-999.0,,,,,,,,,-999.0,-999.0,,,,
1984,4,21,,,,,,,,,,,,,,,,,,,,,,,,,,,,,,,,,9.0,,,,,,,,,,,,,,,
1984,4,22,0.0,0.0,,,,,26.0,1432.0,1454.0,0.0,,,,,0.0,0.0,,77.0,60.980000000000004,777.0,,,,,,,,,,72.0,54.0,1.0,1.0,9999.0,,,,1.0,,,,,9999.0,9999.0,,,,
1984,4,23,,,,,,,,,,0.0,,,,,0.0,0.0,,,,,,,,,,,,,,,,0.0,,-99.0,,,,0.0,,,,,-99.0,-99.0,,,,
1984,4,24,,,,,,,,,,,,,,,,,,,,,,,,,,,,,,,,,99.0,99.0,,,,,,,,,99.0,99.0,,,,
1984,4,25,50.0,40.0,,,,,36.0,1338.0,1023.0,0.0,,,,,0.0,0.0,,75.02,60.980000000000004,652.0,,,,225.0,225.0,,,,,77.0,49.0,1.0,-9999.0,-9999.0,,,,1.0,,,,,-9999.0,-9999.0,,,,
1984,4,26,,,,,,,,,,0.0,,,,,0.0,0.0,,32.0,32.0,,,,,,,,,,,,,,-9.0,-9.0,,,,0.0,,,,,-9.0,-9.0,,,,
1984,4,27,80.0,80.0,,,,,40.0,727.0,336.0,0.0,,,,,0.0,0.0,,69.98,60.980000000000004,307.0,,,,,,,,,,82.0,54.0,999.0,999.0,999.0,,,,1.0,,,,,999.0,999.0,,,,
1984,4,28,,,,,,,,,,0.0,,,,,0.0,0.0,,,,,,,,,,,,,,,,-999.0,-999.0,-999.0,,,,,,,,,-999.0,-999.0,,,,
1984,4,29,,,,,,,,,,,,,,,,,,,,,,,,,,,,,,,,,,,,,,,,,,,,9.0,,,,
1984,4,30,70.0,70.0,,,,,69.0,1150.0,1259.0,28.0,,,,,0.0,0.0,,68.0,60.980000000000004,520.0,,,,,,,,,,129.0,85.0,9999.0,9999.0,9999.0,,,,9999.0,,,,,9999.0,1.0,,,,
1984,4,31,,,,,,,,,,0.0,,,,,0.0,0.0,,,,,,,,,,,,,,,,-99.0,-99.0,-99.0,,,,-99.0,,,,,-99.0,,,,,
1984,5,1,80.0,90.0,,,,,33.0,1218.0,916.0,0.0,,,,,0.0,0.0,,66.02,57.02,620.0,,,,225.0,225.0,,,,,87.0,45.0,-9999.0,,,,,,-9999.0,,,,,,,,,,
1984,5,2,,,,,,,,,,0.0,,,,,0.0,0.0,,32.0,32.0,,,,,,,,,,,,,-9.0,,,,,,-9.0,,,,,,,,,,
1984,5,3,50.0,40.0,,,,,33.0,429.0,240.0,0.0,,,,,0.0,0.0,,71.06,62.059999999999995,681.0,,,,,,,,,,77.0,58.0,999.0,,,,,,999.0,,,,,,,,,,
1984,5,4,,,,,,,,,,0.0,,,,,0.0,0.0,,,,,,,,,,,,,,,,-999.0,,,,,,,,,,,,,,,,
1984,5,5,,,,,,,,,,,,,,,,,,,,,,,,,,,,,,,,9.0,,,,,,,,,,,,,,,,
1984,5,6,20.0,20.0,,,,,36.0,1428.0,1315.0,0.0,,,,,0.0,0.0,,73.04,64.04,752.0,,,,,,,,,,87.0,54.0,1.0,,,,,,1.0,,,,,,,,,,
1984,5,7,,,,,,,,,,0.0,,,,,0.0,0.0,,,,,,,,,,,,,,,,,,,,,,0.0,,,,,,,,,,
1984,5,8,,,,,,,,,,,,,,,,,,,,,,,,,,,,,,,,99.0,,,,,,,,,,,,,,,,
1984,5,9,20.0,10.0,,,,,36.0,1258.0,1138.0,0.0,,,,,0.0,0.0,,71.06,62.059999999999995,730.0,,,,225.0,225.0,,,,,72.0,49.0,-9999.0,,,,,,-9999.0,,,,,,,,,,
1984,5,10,,,,,,,,,,0.0,,,,,0.0,0.0,,32.0,32.0,,,,,,,,,,,,,-9.0,,,,,,,,,,,,,,,,
1984,5,11,0.0,0.0,,,,,32.0,255.0,147.0,0.0,,,,,0.0,0.0,,71.06,62.959999999999994,819.0,,,,,,,,,,67.0,49.0,999.0,,,,,,1.0,,,,,,,,,,
1984,5,12,,,,,,,,,,0.0,,,,,0.0,0.0,,,,,,,,,,,,,,,,,,,,,,0.0,,,,,,,,,,
1984,5,14,10.0,0.0,,,,,26.0,1113.0,1425.0,0.0,,,,,0.0,0.0,,87.08000000000001,62.959999999999994,821.0,,,,,,,,,,67.0,54.0,9999.0,,,,,,1.0,,,,,,,,,,
1984,5,15,,,,,,,,,,0.0,,,,,0.0,0.0,,,,,,,,,,,,,,,,-99.0,,,,,,0.0,,,,,,,,,,
1984,5,16,,,,,,,,,,,,,,,,,,,,,,,,,,,,,,,,99.0,,,,,,,,,,,,,,,,
1984,5,17,30.0,20.0,,,,,34.0,1229.0,1438.0,0.0,,,,,0.0,0.0,,69.98,62.959999999999994,773.0,,,,225.0,225.0,,,,,67.0,45.0,-9999.0,,,,,,1.0,,,,,,,,,,
1984,5,18,,,,,,,,,,0.0,,,,,0.0,0.0,,32.0,32.0,,,,,,,,,,,,,-9.0,,,,,,,,,,,,,,,,
1984,5,19,20.0,30.0,,,,,32.0,449.0,410.0,0.0,,,,,0.0,0.0,,73.94,62.959999999999994,787.0,,,,,,,,,,72.0,49.0,999.0,,,,,,999.0,,,,,,,,,,
1984,5,20,,,,,,,,,,0.0,,,,,0.0,0.0,,,,,,,,,,,,,,,,,,,,,,,,,,,,,,,,
1984,5,22,100.0,100.0,,,,,36.0,1716.0,1717.0,0.0,,,,,0.0,0.0,,69.08,64.04,6.0,,,,,,,,,,77.0,58.0,1.0,,,,,,9999.0,,,,,,,,,,
1984,5,23,,,,,,,,,,0.0,,,,,0.0,0.0,,,,,,,,,,,,,,,,,,,,,,-99.0,,,,,,,,,,
1984,5,24,,,,,,,,,,,,,,,,,,,,,,,,,,,,,,,,99.0,,,,,,99.0,,,,,,,,,,
1984,5,25,0.0,0.0,,,,,34.0,1137.0,1515.0,0.0,,,,,0.0,0.0,,71.96,57.92,832.0,,,,225.0,225.0,,,,,67.0,49.0,-9999.0,,,,,,-9999.0,,,,,,,,,,
1984,5,26,,,,,,,,,,0.0,,,,,0.0,0.0,,32.0,32.0,,,,,,,,,,,,,-9.0,,,,,,-9.0,,,,,,,,,,
1984,5,27,20.0,30.0,,,,,30.0,459.0,115.0,0.0,,,,,0.0,0.0,,71.96,60.980000000000004,685.0,,,,,,,,,,72.0,45.0,999.0,,,,,,999.0,,,,,,,,,,
1984,5,28,,,,,,,,,,0.0,,,,,0.0,0.0,,,,,,,,,,,,,,,,-999.0,,,,,,-999.0,,,,,,,,,,
1984,5,30,20.0,10.0,,,,,30.0,1404.0,1506.0,0.0,,,,,0.0,0.0,,75.02,62.959999999999994,810.0,,,,,,,,,,72.0,54.0,9999.0,,,,,,9999.0,,,,,,,,,,
1984,5,31,,,,,,,,,,0.0,,,,,0.0,0.0,,,,,,,,,,,,,,,,-99.0,,,,,,,,,,,,,,,,
1984,6,1,60.0,40.0,,,,,35.0,1120.0,1329.0,0.0,,,,,0.0,0.0,,71.06,64.04,560.0,,,,225.0,225.0,,,,,77.0,49.0,-9999.0,,,,,,-9999.0,,,,,-9999.0,-9999.0,,,,
1984,6,2,,,,,,,,,,0.0,,,,,0.0,0.0,,32.0,32.0,,,,,,,,,,,,,-9.0,,,,,,-9.0,,,,,-9.0,-9.0,,,,
1984,6,3,90.0,90.0,,,,,37.0,238.0,235.0,0.0,,,,,0.0,0.0,,71.96,66.02,146.0,,,,,,,,,,77.0,54.0,999.0,,,,,,999.0,,,,,999.0,999.0,,,,
1984,6,4,,,,,,,,,,0.0,,,,,0.0,0.0,,,,,,,,,,,,,,,,-999.0,,,,,,-999.0,,,,,,,,,,
1984,6,6,100.0,100.0,,,,,34.0,1343.0,1409.0,0.0,,,,,0.0,0.0,,69.08,64.94,0.0,,,,,,,,,,72.0,45.0,9999.0,,,,,,9999.0,,,,,9999.0,9999.0,,,,
1984,6,7,,,,,,,,,,0.0,,,,,0.0,0.0,,,,,,,,,,,,,,,,-99.0,,,,,,-99.0,,,,,,,,,,
1984,6,8,,,,,,,,,,,,,,,,,,,,,,,,,,,,,,,,99.0,,,,,,99.0,,,,,,,,,,
1984,6,9,90.0,90.0,,,,,41.0,2036.0,1734.0,0.0,,,,,0.0,0.0,,71.06,64.94,123.0,,,,270.0,315.0,,,,,77.0,58.0,-9999.0,,,,,,-9999.0,,,,,1.0,1.0,,,,
1984,6,10,,,,,,,,,,,,,,,0.0,0.0,,32.0,32.0,,,,,,,,,,,,,,,,,,,-9.0,,,,,,0.0,,,,
1984,6,11,50.0,50.0,,,,,35.0,202.0,43.0,8.0,,,,,0.0,0.0,,71.06,62.959999999999994,586.0,,,,,,,,,,82.0,54.0,1.0,,,,,,999.0,,,,,1.0,1.0,,,,
1984,6,12,,,,,,,,,,0.0,,,,,0.0,0.0,,,,,,,,,,,,,,,,,,,,,,-999.0,,,,,,,,,,
1984,6,14,30.0,10.0,,,,,38.0,2238.0,2313.0,0.0,,,,,0.0,0.0,,75.02,66.92,774.0,,,,,,,,,,77.0,67.0,9999.0,,,,,,9999.0,,,,,9999.0,9999.0,,,,
1984,6,15,,,,,,,,,,0.0,,,,,0.0,0.0,,,,,,,,,,,,,,,,-99.0,,,,,,-99.0,,,,,-99.0,-99.0,,,,
1984,6,16,,,,,,,,,,,,,,,,,,,,,,,,,,,,,,,,99.0,,,,,,99.0,,,,,99.0,99.0,,,,
1984,6,17,40.0,30.0,,,,,39.0,1135.0,1206.0,0.0,,,,,0.0,0.0,,71.96,66.02,745.0,,,,270.0,270.0,,,,,77.0,54.0,-9999.0,,,,,,-9999.0,,,,,-9999.0,-9999.0,,,,
1984,6,18,,,,,,,,,,0.0,,,,,0.0,0.0,,32.0,32.0,,,,,,,,,,,,,-9.0,,,,,,-9.0,,,,,-9.0,-9.0,,,,
1984,6,19,50.0,50.0,,,,,36.0,405.0,446.0,0.0,,,,,0.0,0.0,,71.06,62.959999999999994,599.0,,,,,,,,,,77.0,49.0,999.0,,,,,,999.0,,,,,999.0,999.0,,,,
1984,6,20,,,,,,,,,,0.0,,,,,0.0,0.0,,,,,,,,,,,,,,,,-999.0,,,,,,-999.0,,,,,-999.0,-999.0,,,,
1984,6,22,70.0,50.0,,,,,41.0,1345.0,1341.0,0.0,,,,,0.0,0.0,,71.06,66.02,569.0,,,,,,,,,,82.0,54.0,9999.0,,,,,,9999.0,,,,,9999.0,9999.0,,,,
1984,6,23,,,,,,,,,,0.0,,,,,0.0,0.0,,,,,,,,,,,,,,,,-99.0,,,,,,-99.0,,,,,-99.0,-99.0,,,,
1984,6,24,,,,,,,,,,,,,,,,,,,,,,,,,,,,,,,,99.0,,,,,,99.0,,,,,99.0,99.0,,,,
1984,6,25,60.0,40.0,,,,,38.0,1305.0,1430.0,0.0,,,,,0.0,0.0,,73.94,68.0,502.0,,,,315.0,315.0,,,,,103.0,67.0,-9999.0,,,,,,-9999.0,,,,,-9999.0,-9999.0,,,,
1984,6,26,,,,,,,,,,0.0,,,,,0.0,0.0,,32.0,32.0,,,,,,,,,,,,,-9.0,,,,,,-9.0,,,,,-9.0,-9.0,,,,
1984,6,27,80.0,60.0,,,,,33.0,235.0,412.0,0.0,,,,,0.0,0.0,,73.94,66.92,427.0,,,,,,,,,,72.0,54.0,999.0,,,,,,999.0,,,,,999.0,999.0,,,,
1984,6,28,,,,,,,,,,0.0,,,,,0.0,0.0,,,,,,,,,,,,,,,,,,,,,,,,,,,-999.0,-999.0,,,,
1984,6,30,60.0,40.0,,,,,36.0,1342.0,1417.0,0.0,,,,,0.0,0.0,,71.96,64.94,569.0,,,,,,,,,,77.0,49.0,9999.0,,,,,,9999.0,,,,,9999.0,9999.0,,,,
1984,6,31,,,,,,,,,,0.0,,,,,0.0,0.0,,,,,,,,,,,,,,,,-99.0,,,,,,,,,,,-99.0,-99.0,,,,
1984,7,1,80.0,70.0,,,,,38.0,1159.0,1157.0,0.0,,,,,0.0,0.0,,75.92,69.98,396.0,,,,315.0,315.0,,,,,87.0,67.0,-9999.0,,,,,,1.0,,,,,,-9999.0,,,,
1984,7,2,,,,,,,,,,0.0,,,,,0.0,0.0,,32.0,32.0,,,,,,,,,,,,,-9.0,,,,,,0.0,,,,,,,,,,
1984,7,3,70.0,70.0,,,,,37.0,442.0,427.0,5.0,,,,,0.0,0.0,,80.06,69.98,508.0,,,,,,,,,,72.0,58.0,999.0,,,,,,1.0,,,,,,1.0,,,,
1984,7,4,,,,,,,,,,0.0,,,,,0.0,0.0,,,,,,,,,,,,,,,,-999.0,,,,,,0.0,,,,,,,,,,
1984,7,6,20.0,10.0,,,,,38.0,1557.0,1558.0,0.0,,,,,0.0,0.0,,78.98,69.98,855.0,,,,,,,,,,67.0,54.0,9999.0,,,,,,9999.0,,,,,,9999.0,,,,
1984,7,7,,,,,,,,,,0.0,,,,,0.0,0.0,,,,,,,,,,,,,,,,-99.0,,,,,,-99.0,,,,,,-99.0,,,,
1984,7,8,,,,,,,,,,,,,,,,,,,,,,,,,,,,,,,,99.0,,,,,,99.0,,,,,,99.0,,,,
1984,7,9,70.0,70.0,,,,,36.0,1418.0,1421.0,0.0,,,,,0.0,0.0,,78.08,71.06,458.0,,,,225.0,225.0,,,,,72.0,58.0,-9999.0,,,,,,-9999.0,,,,,,-9999.0,,,,
1984,7,10,,,,,,,,,,0.0,,,,,0.0,0.0,,32.0,32.0,,,,,,,,,,,,,-9.0,,,,,,-9.0,,,,,,-9.0,,,,
1984,7,11,30.0,40.0,,,,,36.0,241.0,301.0,0.0,,,,,0.0,0.0,,84.91999999999999,71.06,784.0,,,,,,,,,,62.0,54.0,999.0,,,,,,999.0,,,,,,999.0,,,,
1984,7,12,,,,,,,,,,0.0,,,,,0.0,0.0,,,,,,,,,,,,,,,,-999.0,,,,,,-999.0,,,,,,-999.0,,,,
1984,7,14,10.0,10.0,,,,,37.0,1254.0,1248.0,0.0,,,,,0.0,0.0,,84.91999999999999,73.94,822.0,,,,,,,,,,72.0,58.0,9999.0,,,,,,9999.0,,,,,,9999.0,,,,
1984,7,15,,,,,,,,,,0.0,,,,,0.0,0.0,,,,,,,,,,,,,,,,-99.0,,,,,,-99.0,,,,,,-99.0,,,,
1984,7,16,,,,,,,,,,,,,,,,,,,,,,,,,,,,,,,,99.0,,,,,,99.0,,,,,,99.0,,,,
1984,7,17,10.0,10.0,,,,,37.0,1252.0,1453.0,0.0,,,,,0.0,0.0,,84.02,71.96,850.0,,,,360.0,315.0,,,,,72.0,63.0,-9999.0,,,,,,-9999.0,,,,,,-9999.0,,,,
1984,7,18,,,,,,,,,,0.0,,,,,0.0,0.0,,32.0,32.0,,,,,,,,,,,,,,,,,,,,,,,,,-9.0,,,,
1984,7,19,10.0,0.0,,,,,40.0,359.0,407.0,0.0,,,,,0.0,0.0,,80.06,71.06,849.0,,,,,,,,,,82.0,67.0,1.0,,,,,,1.0,,,,,,999.0,,,,
1984,7,20,,,,,,,,,,0.0,,,,,0.0,0.0,,,,,,,,,,,,,,,,,,,,,,0.0,,,,,,-999.0,,,,
1984,7,21,,,,,,,,,,,,,,,,,,,,,,,,,,,,,,,,,,,,,,,,,,,,9.0,,,,
1984,7,22,80.0,100.0,,,,,31.0,1421.0,1425.0,,,,,,0.0,0.0,,84.91999999999999,73.04,131.0,,,,,,,,,,72.0,54.0,9999.0,,,,,,9999.0,,,,,,1.0,,,,
1984,7,23,,,,,,,,,,0.0,,,,,0.0,0.0,,,,,,,,,,,,,,,,,,,,,,,,,,,,0.0,,,,
1984,7,25,20.0,20.0,,,,,31.0,1246.0,1518.0,0.0,,,,,0.0,0.0,,84.91999999999999,73.94,772.0,,,,225.0,225.0,,,,,62.0,45.0,1.0,,,,,,-9999.0,,,,,,-9999.0,,,,
1984,7,26,,,,,,,,,,0.0,,,,,0.0,0.0,,32.0,32.0,,,,,,,,,,,,,,,,,,,-9.0,,,,,,,,,,
1984,7,27,60.0,70.0,,,,,34.0,47.0,154.0,,,,,,0.0,0.0,,86.0,73.94,604.0,,,,,,,,,,62.0,45.0,999.0,,,,,,999.0,,,,,,1.0,,,,
1984,7,28,,,,,,,,,,0.0,,,,,0.0,0.0,,,,,,,,,,,,,,,,-999.0,,,,,,-999.0,,,,,,,,,,
1984,7,30,40.0,20.0,,,,,41.0,1522.0,1517.0,0.0,,,,,0.0,0.0,,84.02,75.02,822.0,,,,,,,,,,87.0,72.0,9999.0,,,,,,9999.0,,,,,,9999.0,,,,
1984,7,31,,,,,,,,,,0.0,,,,,0.0,0.0,,,,,,,,,,,,,,,,-99.0,,,,,,-99.0,,,,,,-99.0,,,,
1984,8,1,50.0,30.0,,,,,38.0,1426.0,1255.0,0.0,,,,,0.0,0.0,,78.08,69.98,591.0,,,,315.0,315.0,,,,,82.0,58.0,-9999.0,,,,,,-9999.0,,,,,-9999.0,-9999.0,,,,
1984,8,2,,,,,,,,,,0.0,,,,,0.0,0.0,,32.0,32.0,,,,,,,,,,,,,-9.0,,,,,,-9.0,,,,,-9.0,-9.0,,,,
1984,8,3,50.0,20.0,,,,,34.0,306.0,449.0,0.0,,,,,0.0,0.0,,77.0,69.98,628.0,,,,,,,,,,67.0,45.0,999.0,,,,,,999.0,,,,,999.0,999.0,,,,
1984,8,4,,,,,,,,,,0.0,,,,,0.0,0.0,,,,,,,,,,,,,,,,-999.0,,,,,,-999.0,,,,,-999.0,-999.0,,,,
1984,8,5,,,,,,,,,,,,,,,,,,,,,,,,,,,,,,,,,,,,,,9.0,,,,,,,,,,
1984,8,6,70.0,50.0,,,,,33.0,1421.0,1438.0,0.0,,,,,0.0,0.0,,75.92,71.06,423.0,,,,,,,,,,67.0,45.0,9999.0,,,,,,1.0,,,,,9999.0,9999.0,,,,
1984,8,7,,,,,,,,,,0.0,,,,,0.0,0.0,,,,,,,,,,,,,,,,,,,,,,0.0,,,,,-99.0,-99.0,,,,
1984,8,8,,,,,,,,,,,,,,,,,,,,,,,,,,,,,,,,,,,,,,,,,,,99.0,99.0,,,,
1984,8,9,40.0,40.0,,,,,35.0,1846.0,1348.0,0.0,,,,,0.0,0.0,,78.08,69.08,522.0,,,,270.0,315.0,,,,,72.0,45.0,1.0,,,,,,1.0,,,,,-9999.0,-9999.0,,,,
1984,8,10,,,,,,,,,,0.0,,,,,0.0,0.0,,32.0,32.0,,,,,,,,,,,,,0.0,,,,,,0.0,,,,,-9.0,-9.0,,,,
1984,8,11,50.0,40.0,,,,,36.0,607.0,330.0,0.0,,,,,0.0,0.0,,80.06,69.98,556.0,,,,,,,,,,77.0,58.0,1.0,,,,,,1.0,,,,,999.0,999.0,,,,
1984,8,12,,,,,,,,,,0.0,,,,,0.0,0.0,,,,,,,,,,,,,,,,,,,,,,0.0,,,,,-999.0,-999.0,,,,
1984,8,13,,,,,,,,,,,,,,,,,,,,,,,,,,,,,,,,9.0,,,,,,,,,,,,,,,,
1984,8,14,90.0,90.0,,,,,37.0,1620.0,1628.0,0.0,,,,,0.0,0.0,,75.02,71.96,113.0,,,,,,,,,,72.0,49.0,1.0,,,,,,9999.0,,,,,9999.0,9999.0,,,,
1984,8,15,,,,,,,,,,0.0,,,,,0.0,0.0,,,,,,,,,,,,,,,,,,,,,,,,,,,-99.0,-99.0,,,,
1984,8,16,,,,,,,,,,,,,,,,,,,,,,,,,,,,,,,,99.0,,,,,,,,,,,99.0,99.0,,,,
1984,8,17,0.0,0.0,,,,,30.0,2004.0,1527.0,0.0,,,,,0.0,0.0,,80.96,71.06,809.0,,,,270.0,315.0,,,,,62.0,45.0,-9999.0,,,,,,-9999.0,,,,,-9999.0,-9999.0,,,,
1984,8,18,,,,,,,,,,0.0,,,,,0.0,0.0,,32.0,32.0,,,,,,,,,,,,,-9.0,,,,,,-9.0,,,,,-9.0,-9.0,,,,
1984,8,19,0.0,0.0,,,,,34.0,211.0,215.0,0.0,,,,,0.0,0.0,,82.04,73.04,807.0,,,,,,,,,,77.0,54.0,999.0,,,,,,999.0,,,,,999.0,999.0,,,,
1984,8,20,,,,,,,,,,0.0,,,,,0.0,0.0,,,,,,,,,,,,,,,,-999.0,,,,,,-999.0,,,,,-999.0,-999.0,,,,
1984,8,21,,,,,,,,,,,,,,,,,,,,,,,,,,,,,,,,,,,,,,,,,,,,9.0,,,,
1984,8,22,80.0,70.0,,,,,31.0,1236.0,1258.0,,,,,,0.0,0.0,,80.96,73.04,298.0,,,,,,,,,,67.0,49.0,9999.0,,,,,,9999.0,,,,,9999.0,1.0,,,,
1984,8,23,,,,,,,,,,0.0,,,,,0.0,0.0,,,,,,,,,,,,,,,,-99.0,,,,,,-99.0,,,,,-99.0,0.0,,,,
1984,8,24,,,,,,,,,,,,,,,,,,,,,,,,,,,,,,,,99.0,,,,,,99.0,,,,,99.0,,,,,
1984,8,25,70.0,80.0,,,,,36.0,1337.0,1247.0,0.0,,,,,0.0,0.0,,82.94,73.94,688.0,,,,315.0,315.0,,,,,87.0,67.0,-9999.0,,,,,,-9999.0,,,,,-9999.0,-9999.0,,,,
1984,8,26,,,,,,,,,,0.0,,,,,0.0,0.0,,32.0,32.0,,,,,,,,,,,,,-9.0,,,,,,-9.0,,,,,-9.0,,,,,
1984,8,27,70.0,80.0,,,,,31.0,730.0,512.0,15.0,,,,,0.0,0.0,,82.04,75.02,175.0,,,,,,,,,,62.0,54.0,999.0,,,,,,999.0,,,,,999.0,1.0,,,,
1984,8,28,,,,,,,,,,0.0,,,,,0.0,0.0,,,,,,,,,,,,,,,,-999.0,,,,,,-999.0,,,,,-999.0,0.0,,,,
1984,8,30,100.0,100.0,,,,,30.0,1314.0,915.0,0.0,,,,,0.0,0.0,,78.08,75.02,0.0,,,,,,,,,,72.0,45.0,9999.0,,,,,,9999.0,,,,,9999.0,9999.0,,,,
1984,8,31,,,,,,,,,,0.0,,,,,0.0,0.0,,,,,,,,,,,,,,,,-99.0,,,,,,-99.0,,,,,-99.0,-99.0,,,,
1984,9,1,50.0,40.0,,,,,46.0,1125.0,1022.0,0.0,,,,,0.0,0.0,,75.92,71.96,565.0,,,,225.0,225.0,,,,,82.0,58.0,1.0,-9999.0,,,,,1.0,,,,,-9999.0,-9999.0,,,,
1984,9,2,,,,,,,,,,0.0,,,,,0.0,0.0,,32.0,32.0,,,,,,,,,,,,,,-9.0,,,,,0.0,,,,,-9.0,-9.0,,,,
1984,9,3,30.0,30.0,,,,,30.0,123.0,136.0,0.0,,,,,0.0,0.0,,80.96,71.06,549.0,,,,,,,,,,67.0,45.0,999.0,999.0,,,,,1.0,,,,,999.0,999.0,,,,
1984,9,4,,,,,,,,,,0.0,,,,,0.0,0.0,,,,,,,,,,,,,,,,-999.0,-999.0,,,,,,,,,,-999.0,-999.0,,,,
1984,9,6,10.0,10.0,,,,,36.0,1254.0,1257.0,0.0,,,,,0.0,0.0,,87.08000000000001,75.92,765.0,,,,,,,,,,82.0,76.0,9999.0,9999.0,,,,,9999.0,,,,,9999.0,9999.0,,,,
1984,9,7,,,,,,,,,,0.0,,,,,0.0,0.0,,,,,,,,,,,,,,,,-99.0,-99.0,,,,,-99.0,,,,,-99.0,-99.0,,,,
1984,9,8,,,,,,,,,,,,,,,,,,,,,,,,,,,,,,,,99.0,99.0,,,,,99.0,,,,,99.0,99.0,,,,
1984,9,9,40.0,20.0,,,,,34.0,1237.0,1607.0,0.0,,,,,0.0,0.0,,89.06,73.04,642.0,,,,180.0,315.0,,,,,62.0,45.0,1.0,1.0,,,,,1.0,,,,,-9999.0,-9999.0,,,,
1984,9,10,,,,,,,,,,0.0,,,,,0.0,0.0,,32.0,32.0,,,,,,,,,,,,,0.0,,,,,,0.0,,,,,-9.0,-9.0,,,,
1984,9,11,30.0,20.0,,,,,31.0,43.0,454.0,0.0,,,,,0.0,0.0,,84.91999999999999,73.04,698.0,,,,,,,,,,62.0,45.0,1.0,999.0,,,,,1.0,,,,,999.0,999.0,,,,
1984,9,12,,,,,,,,,,0.0,,,,,0.0,0.0,,,,,,,,,,,,,,,,,-999.0,,,,,0.0,,,,,-999.0,-999.0,,,,
1984,9,14,90.0,100.0,,,,,33.0,144.0,153.0,0.0,,,,,0.0,0.0,,89.06,78.08,445.0,,,,,,,,,,77.0,67.0,9999.0,9999.0,,,,,9999.0,,,,,9999.0,9999.0,,,,
1984,9,15,,,,,,,,,,0.0,,,,,0.0,0.0,,,,,,,,,,,,,,,,-99.0,-99.0,,,,,-99.0,,,,,-99.0,-99.0,,,,
1984,9,16,,,,,,,,,,,,,,,,,,,,,,,,,,,,,,,,99.0,99.0,,,,,99.0,,,,,99.0,99.0,,,,
1984,9,17,90.0,80.0,,,,,59.0,1325.0,1234.0,0.0,,,,,0.0,0.0,,80.06,75.02,337.0,,,,180.0,225.0,,,,,113.0,76.0,-9999.0,-9999.0,,,,,-9999.0,,,,,-9999.0,1.0,,,,
1984,9,18,,,,,,,,,,,,,,,0.0,0.0,,32.0,32.0,,,,,,,,,,,,,-9.0,-9.0,,,,,-9.0,,,,,-9.0,,,,,
1984,9,19,80.0,70.0,,,,,36.0,253.0,218.0,0.0,,,,,0.0,0.0,,80.96,75.02,562.0,,,,,,,,,,72.0,54.0,999.0,999.0,,,,,999.0,,,,,999.0,999.0,,,,
1984,9,20,,,,,,,,,,0.0,,,,,0.0,0.0,,,,,,,,,,,,,,,,-999.0,-999.0,,,,,,,,,,-999.0,-999.0,,,,
1984,9,21,,,,,,,,,,,,,,,,,,,,,,,,,,,,,,,,9.0,,,,,,,,,,,9.0,9.0,,,,
1984,9,22,40.0,40.0,,,,,45.0,1443.0,1422.0,,,,,,0.0,0.0,,80.96,75.92,524.0,,,,,,,,,,82.0,67.0,1.0,9999.0,,,,,1.0,,,,,1.0,1.0,,,,
1984,9,23,,,,,,,,,,0.0,,,,,0.0,0.0,,,,,,,,,,,,,,,,0.0,-99.0,,,,,0.0,,,,,,,,,,
1984,9,24,,,,,,,,,,,,,,,,,,,,,,,,,,,,,,,,,99.0,,,,,,,,,,99.0,99.0,,,,
1984,9,25,40.0,60.0,,,,,31.0,1408.0,1548.0,0.0,,,,,0.0,0.0,,89.96000000000001,75.92,549.0,,,,180.0,315.0,,,,,82.0,54.0,-9999.0,-9999.0,,,,,1.0,,,,,-9999.0,-9999.0,,,,
1984,9,26,,,,,,,,,,0.0,,,,,0.0,0.0,,32.0,32.0,,,,,,,,,,,,,-9.0,-9.0,,,,,0.0,,,,,-9.0,-9.0,,,,
1984,9,27,30.0,30.0,,,,,37.0,611.0,453.0,0.0,,,,,0.0,0.0,,89.06,78.08,636.0,,,,,,,,,,67.0,54.0,999.0,999.0,,,,,1.0,,,,,999.0,999.0,,,,
1984,9,28,,,,,,,,,,0.0,,,,,0.0,0.0,,,,,,,,,,,,,,,,-999.0,-999.0,,,,,,,,,,-999.0,-999.0,,,,
1984,9,30,0.0,0.0,,,,,39.0,1319.0,1301.0,0.0,,,,,0.0,0.0,,89.06,77.0,719.0,,,,,,,,,,87.0,72.0,9999.0,9999.0,,,,,9999.0,,,,,9999.0,9999.0,,,,
1984,9,31,,,,,,,,,,0.0,,,,,0.0,0.0,,,,,,,,,,,,,,,,-99.0,-99.0,,,,,-99.0,,,,,-99.0,-99.0,,,,
1984,10,1,60.0,60.0,,,,,46.0,1206.0,1207.0,0.0,,,,,0.0,0.0,,73.04,69.08,492.0,,,,225.0,225.0,,,,,87.0,72.0,-9999.0,-9999.0,,,,,-9999.0,,,,,-9999.0,1.0,,,,
1984,10,2,,,,,,,,,,,,,,,0.0,0.0,,32.0,32.0,,,,,,,,,,,,,-9.0,-9.0,,,,,-9.0,,,,,-9.0,0.0,,,,
1984,10,3,60.0,60.0,,,,,36.0,452.0,545.0,,,,,,0.0,0.0,,75.02,66.92,515.0,,,,,,,,,,67.0,49.0,999.0,999.0,,,,,999.0,,,,,999.0,1.0,,,,
1984,10,4,,,,,,,,,,0.0,,,,,0.0,0.0,,,,,,,,,,,,,,,,-999.0,-999.0,,,,,-999.0,,,,,-999.0,,,,,
1984,10,6,100.0,100.0,,,,,44.0,1622.0,1508.0,0.0,,,,,0.0,0.0,,73.94,69.08,286.0,,,,,,,,,,77.0,67.0,9999.0,9999.0,,,,,9999.0,,,,,9999.0,9999.0,,,,
1984,10,7,,,,,,,,,,0.0,,,,,0.0,0.0,,,,,,,,,,,,,,,,-99.0,-99.0,,,,,-99.0,,,,,-99.0,-99.0,,,,
1984,10,8,,,,,,,,,,,,,,,,,,,,,,,,,,,,,,,,99.0,99.0,,,,,99.0,,,,,99.0,99.0,,,,
1984,10,9,40.0,30.0,,,,,38.0,1113.0,1103.0,0.0,,,,,0.0,0.0,,75.92,68.0,418.0,,,,315.0,315.0,,,,,87.0,76.0,-9999.0,-9999.0,,,,,1.0,,,,,-9999.0,-9999.0,,,,
1984,10,10,,,,,,,,,,0.0,,,,,0.0,0.0,,32.0,32.0,,,,,,,,,,,,,,,,,,,0.0,,,,,-9.0,-9.0,,,,
1984,10,11,30.0,20.0,,,,,33.0,330.0,230.0,0.0,,,,,0.0,0.0,,78.08,64.94,515.0,,,,,,,,,,87.0,76.0,1.0,1.0,,,,,1.0,,,,,999.0,999.0,,,,
1984,10,12,,,,,,,,,,0.0,,,,,0.0,0.0,,,,,,,,,,,,,,,,0.0,,,,,,0.0,,,,,-999.0,-999.0,,,,
1984,10,14,70.0,40.0,,,,,31.0,1352.0,1334.0,0.0,,,,,0.0,0.0,,73.04,69.08,454.0,,,,,,,,,,62.0,40.0,9999.0,9999.0,,,,,9999.0,,,,,9999.0,9999.0,,,,
1984,10,15,,,,,,,,,,0.0,,,,,0.0,0.0,,,,,,,,,,,,,,,,-99.0,-99.0,,,,,-99.0,,,,,-99.0,-99.0,,,,
1984,10,16,,,,,,,,,,,,,,,,,,,,,,,,,,,,,,,,99.0,99.0,,,,,99.0,,,,,99.0,99.0,,,,
1984,10,17,90.0,100.0,,,,,34.0,1321.0,1317.0,0.0,,,,,0.0,0.0,,73.04,69.08,168.0,,,,315.0,315.0,,,,,82.0,72.0,-9999.0,-9999.0,,,,,-9999.0,,,,,-9999.0,1.0,,,,
1984,10,18,,,,,,,,,,,,,,,0.0,0.0,,32.0,32.0,,,,,,,,,,,,,,-9.0,,,,,-9.0,,,,,,0.0,,,,
1984,10,19,30.0,30.0,,,,,35.0,424.0,433.0,15.0,,,,,0.0,0.0,,75.02,66.02,664.0,,,,,,,,,,98.0,85.0,1.0,999.0,,,,,999.0,,,,,1.0,1.0,,,,
1984,10,20,,,,,,,,,,0.0,,,,,0.0,0.0,,,,,,,,,,,,,,,,,-999.0,,,,,-999.0,,,,,,,,,,
1984,10,22,70.0,90.0,,,,,46.0,1100.0,1103.0,0.0,,,,,0.0,0.0,,73.04,68.0,346.0,,,,,9999.0,,,,,87.0,67.0,9999.0,9999.0,,,,,9999.0,,,,,9999.0,9999.0,,,,
1984,10,23,,,,,,,,,,0.0,,,,,0.0,0.0,,,,,,,,,1.0,,,,,,,-99.0,-99.0,,,,,-99.0,,,,,-99.0,-99.0,,,,
1984,10,24,,,,,,,,,,,,,,,,,,,,,,,,,,,,,,,,99.0,99.0,,,,,99.0,,,,,99.0,99.0,,,,
1984,10,25,40.0,40.0,,,,,34.0,1232.0,1453.0,0.0,,,,,0.0,0.0,,75.92,60.980000000000004,673.0,,,,225.0,225.0,,,,,77.0,54.0,-9999.0,-9999.0,,,,,-9999.0,,,,,-9999.0,-9999.0,,,,
1984,10,26,,,,,,,,,,0.0,,,,,0.0,0.0,,32.0,32.0,,,,,,,,,,,,,,-9.0,,,,,-9.0,,,,,-9.0,,,,,
1984,10,27,60.0,50.0,,,,,50.0,422.0,502.0,56.0,,,,,0.0,0.0,,69.98,60.980000000000004,386.0,,,,,,,,,,87.0,94.0,1.0,999.0,,,,,999.0,,,,,999.0,1.0,,,,
1984,10,28,,,,,,,,,,0.0,,,,,0.0,0.0,,,,,,,,,,,,,,,,,-999.0,,,,,-999.0,,,,,-999.0,,,,,
1984,10,30,70.0,90.0,,,,,36.0,1534.0,1521.0,0.0,,,,,0.0,0.0,,71.06,59.0,271.0,,,,,,,,,,82.0,49.0,9999.0,9999.0,,,,,9999.0,,,,,9999.0,9999.0,,,,
1984,10,31,,,,,,,,,,0.0,,,,,0.0,0.0,,,,,,,,,,,,,,,,-99.0,-99.0,,,,,-99.0,,,,,-99.0,,,,,
1984,11,1,10.0,0.0,,,,,34.0,1338.0,1344.0,0.0,,,,,0.0,0.0,,73.04,57.02,652.0,,,,315.0,315.0,,,,,87.0,72.0,1.0,-9999.0,-9999.0,,,,1.0,,,,,-9999.0,-9999.0,,,,
1984,11,2,,,,,,,,,,0.0,,,,,0.0,0.0,,32.0,32.0,,,,,,,,,,,,,0.0,,-9.0,,,,0.0,,,,,-9.0,-9.0,,,,
1984,11,3,40.0,20.0,,,,,35.0,422.0,415.0,0.0,,,,,0.0,0.0,,75.02,57.02,552.0,,,,,,,,,,103.0,76.0,1.0,1.0,999.0,,,,1.0,,,,,999.0,999.0,,,,
1984,11,4,,,,,,,,,,0.0,,,,,0.0,0.0,,,,,,,,,,,,,,,,0.0,,-999.0,,,,,,,,,-999.0,-999.0,,,,
1984,11,6,30.0,30.0,,,,,25.0,1313.0,1333.0,0.0,,,,,0.0,0.0,,71.06,59.0,418.0,,,,,,,,,,62.0,36.0,1.0,9999.0,9999.0,,,,9999.0,,,,,9999.0,9999.0,,,,
1984,11,7,,,,,,,,,,0.0,,,,,0.0,0.0,,,,,,,,,,,,,,,,0.0,-99.0,-99.0,,,,,,,,,-99.0,-99.0,,,,
1984,11,8,,,,,,,,,,,,,,,,,,,,,,,,,,,,,,,,,99.0,99.0,,,,,,,,,99.0,99.0,,,,
1984,11,9,70.0,70.0,,,,,34.0,1357.0,1400.0,0.0,,,,,0.0,0.0,,69.08,62.959999999999994,401.0,,,,315.0,315.0,,,,,77.0,54.0,-9999.0,-9999.0,-9999.0,,,,-9999.0,,,,,-9999.0,-9999.0,,,,
1984,11,10,,,,,,,,,,0.0,,,,,0.0,0.0,,32.0,32.0,,,,,,,,,,,,,,-9.0,-9.0,,,,-9.0,,,,,,,,,,
1984,11,11,40.0,50.0,,,,,38.0,109.0,351.0,,,,,,0.0,0.0,,69.08,59.0,440.0,,,,,,,,,,77.0,45.0,1.0,999.0,999.0,,,,999.0,,,,,1.0,1.0,,,,
1984,11,12,,,,,,,,,,,,,,,0.0,0.0,,,,,,,,,,,,,,,,0.0,-999.0,-999.0,,,,-999.0,,,,,,0.0,,,,
1984,11,14,50.0,70.0,,,,,35.0,1558.0,1503.0,0.0,,,,,0.0,0.0,,69.08,57.02,580.0,,,,,,,,,,77.0,58.0,9999.0,9999.0,9999.0,,,,9999.0,,,,,9999.0,9999.0,,,,
1984,11,15,,,,,,,,,,0.0,,,,,0.0,0.0,,,,,,,,,,,,,,,,-99.0,-99.0,-99.0,,,,,,,,,-99.0,-99.0,,,,
1984,11,16,,,,,,,,,,,,,,,,,,,,,,,,,,,,,,,,99.0,99.0,99.0,,,,,,,,,99.0,99.0,,,,
1984,11,17,40.0,40.0,,,,,31.0,1308.0,1257.0,0.0,,,,,0.0,0.0,,77.0,55.94,611.0,,,,270.0,315.0,,,,,108.0,76.0,-9999.0,-9999.0,-9999.0,,,,1.0,,,,,-9999.0,-9999.0,,,,
1984,11,18,,,,,,,,,,0.0,,,,,0.0,0.0,,32.0,32.0,,,,,,,,,,,,,,-9.0,-9.0,,,,0.0,,,,,-9.0,,,,,
1984,11,19,70.0,90.0,,,,,38.0,337.0,353.0,,,,,,0.0,0.0,,68.0,55.04,387.0,,,,,,,,,,82.0,54.0,1.0,999.0,999.0,,,,1.0,,,,,999.0,1.0,,,,
1984,11,20,,,,,,,,,,,,,,,0.0,0.0,,,,,,,,,,,,,,,,0.0,-999.0,-999.0,,,,,,,,,,0.0,,,,
1984,11,21,,,,,,,,,9.0,,,,,,,,,,,,,,,,,,,,,,,,,,,,,,,,,,,,,,,
1984,11,22,60.0,70.0,,,,,37.0,1513.0,1522.0,0.0,,,,,0.0,0.0,,68.0,57.02,584.0,,,,,,,,,,87.0,72.0,9999.0,9999.0,9999.0,,,,9999.0,,,,,9999.0,9999.0,,,,
1984,11,23,,,,,,,,,,0.0,,,,,0.0,0.0,,,,,,,,,,,,,,,,-99.0,-99.0,-99.0,,,,-99.0,,,,,-99.0,-99.0,,,,
1984,11,24,,,,,,,,,,,,,,,,,,,,,,,,,,,,,,,,99.0,99.0,99.0,,,,99.0,,,,,99.0,99.0,,,,
1984,11,25,80.0,90.0,,,,,26.0,1450.0,1038.0,74.0,,,,,0.0,0.0,,62.959999999999994,57.02,204.0,,,,225.0,225.0,,,,,72.0,40.0,1.0,-9999.0,-9999.0,,,,-9999.0,,,,,1.0,1.0,,,,
1984,11,26,,,,,,,,,,0.0,,,,,0.0,0.0,,32.0,32.0,,,,,,,,,,,,,,-9.0,-9.0,,,,-9.0,,,,,,0.0,,,,
1984,11,27,40.0,40.0,,,,,32.0,437.0,426.0,3.0,,,,,0.0,0.0,,66.92,57.92,419.0,,,,,,,,,,93.0,58.0,999.0,999.0,999.0,,,,999.0,,,,,999.0,1.0,,,,
1984,11,28,,,,,,,,,,,,,,,0.0,0.0,,,,,,,,,,,,,,,,,-999.0,-999.0,,,,,,,,,,0.0,,,,
1984,11,30,0.0,10.0,,,,,26.0,1603.0,1625.0,0.0,,,,,0.0,0.0,,69.08,53.96,624.0,,,,,,,,,,62.0,54.0,9999.0,9999.0,9999.0,,,,1.0,,,,,9999.0,9999.0,,,,
1984,11,31,,,,,,,,,,0.0,,,,,0.0,0.0,,,,,,,,,,,,,,,,-99.0,-99.0,-99.0,,,,0.0,,,,,-99.0,-99.0,,,,
1984,12,1,20.0,30.0,,,,,24.0,1456.0,1108.0,0.0,,,,,0.0,0.0,,64.94,53.96,553.0,,,,180.0,270.0,,,,,62.0,31.0,1.0,-9999.0,,,,,1.0,,,,,-9999.0,-9999.0,,,,
1984,12,2,,,,,,,,,,0.0,,,,,0.0,0.0,,32.0,32.0,,,,,,,,,,,,,0.0,-9.0,,,,,0.0,,,,,-9.0,-9.0,,,,
1984,12,3,30.0,20.0,,,,,27.0,520.0,209.0,0.0,,,,,0.0,0.0,,64.94,48.92,577.0,,,,,,,,,,62.0,45.0,1.0,999.0,,,,,1.0,,,,,999.0,999.0,,,,
1984,12,4,,,,,,,,,,,,,,,0.0,0.0,,,,,,,,,,,,,,,,0.0,-999.0,,,,,0.0,,,,,-999.0,,,,,
1984,12,6,20.0,20.0,,,,,26.0,1437.0,1428.0,0.0,,,,,0.0,0.0,,62.959999999999994,48.02,604.0,,,,,,,,,,67.0,40.0,9999.0,9999.0,,,,,9999.0,,,,,9999.0,9999.0,,,,
1984,12,7,,,,,,,,,,0.0,,,,,0.0,0.0,,,,,,,,,,,,,,,,-99.0,-99.0,,,,,-99.0,,,,,-99.0,-99.0,,,,
1984,12,8,,,,,,,,,,,,,,,,,,,,,,,,,,,,,,,,99.0,99.0,,,,,99.0,,,,,99.0,99.0,,,,
1984,12,9,50.0,30.0,,,,,34.0,1126.0,1243.0,0.0,,,,,0.0,0.0,,77.0,51.98,347.0,,,,45.0,180.0,,,,,93.0,63.0,-9999.0,-9999.0,,,,,-9999.0,,,,,-9999.0,-9999.0,,,,
1984,12,10,,,,,,,,,,0.0,,,,,0.0,0.0,,32.0,32.0,,,,,,,,,,,,,-9.0,-9.0,,,,,-9.0,,,,,-9.0,,,,,
1984,12,11,100.0,100.0,,,,,32.0,346.0,352.0,76.0,,,,,0.0,0.0,,66.02,55.94,0.0,,,,,,,,,,123.0,63.0,999.0,999.0,,,,,999.0,,,,,999.0,1.0,,,,
1984,12,12,,,,,,,,,,0.0,,,,,0.0,0.0,,,,,,,,,,,,,,,,-999.0,-999.0,,,,,-999.0,,,,,-999.0,0.0,,,,
1984,12,13,,,,,,,,,,,,,,,,,,,,,,,,,,,,,,,,9.0,,,,,,9.0,,,,,,,,,,
1984,12,14,60.0,90.0,,,,,26.0,1502.0,1337.0,0.0,,,,,0.0,0.0,,68.0,53.06,247.0,,,,,,,,,,57.0,40.0,1.0,9999.0,,,,,1.0,,,,,9999.0,9999.0,,,,
1984,12,15,,,,,,,,,,0.0,,,,,0.0,0.0,,,,,,,,,,,,,,,,0.0,-99.0,,,,,0.0,,,,,,,,,,
1984,12,16,,,,,,,,,,,,,,,,,,,,,,,,,,,,,,,,,99.0,,,,,,,,,,,,,,,
1984,12,17,60.0,70.0,,,,,36.0,742.0,706.0,239.0,,,,,0.0,0.0,,64.94,55.94,160.0,,,,45.0,45.0,,,,,82.0,58.0,1.0,-9999.0,,,,,-9999.0,,,,,-9999.0,1.0,,,,
1984,12,18,,,,,,,,,,0.0,,,,,0.0,0.0,,32.0,32.0,,,,,,,,,,,,,0.0,-9.0,,,,,-9.0,,,,,-9.0,0.0,,,,
1984,12,19,80.0,80.0,,,,,46.0,337.0,338.0,8.0,,,,,0.0,0.0,,64.04,55.94,132.0,,,,,,,,,,180.0,139.0,1.0,999.0,,,,,999.0,,,,,999.0,1.0,,,,
1984,12,20,,,,,,,,,,0.0,,,,,0.0,0.0,,,,,,,,,,,,,,,,,-999.0,,,,,-999.0,,,,,-999.0,,,,,
1984,12,22,0.0,0.0,,,,,31.0,1335.0,1246.0,0.0,,,,,0.0,0.0,,60.08,42.08,601.0,,,,,,,,,,87.0,63.0,9999.0,9999.0,,,,,9999.0,,,,,9999.0,9999.0,,,,
1984,12,23,,,,,,,,,,0.0,,,,,0.0,0.0,,,32.0,,,,,,,,,,,,,-99.0,-99.0,,,,,-99.0,,,,,-99.0,-99.0,,,,
1984,12,24,,,,,,,,,,,,,,,,,,,,,,,,,,,,,,,,99.0,99.0,,,,,99.0,,,,,99.0,99.0,,,,
1984,12,25,50.0,50.0,,,,,45.0,229.0,325.0,99.0,,,,,0.0,0.0,,57.92,48.92,487.0,,,,135.0,180.0,,,,,149.0,121.0,1.0,-9999.0,,,,,-9999.0,,,,,-9999.0,1.0,,,,
1984,12,26,,,,,,,,,,0.0,,,,,0.0,0.0,,32.0,32.0,,,,,,,,,,,,,,-9.0,,,,,-9.0,,,,,-9.0,,,,,
1984,12,27,60.0,80.0,,,,,26.0,347.0,353.0,0.0,,,,,0.0,0.0,,59.0,42.980000000000004,511.0,,,,,,,,,,62.0,36.0,999.0,999.0,,,,,999.0,,,,,999.0,999.0,,,,
1984,12,28,,,,,,,,,,,,,,,0.0,0.0,,,,,,,,,,,,,,,,,-999.0,,,,,-999.0,,,,,-999.0,,,,,
1984,12,30,60.0,30.0,,,,,62.0,1745.0,1750.0,97.0,,,,,0.0,0.0,,64.04,53.96,489.0,,,,,,,,,,134.0,112.0,1.0,9999.0,,,,,9999.0,,,,,9999.0,1.0,,,,
1984,12,31,,,,,,,,,,0.0,,,,,0.0,0.0,,,,,,,,,,,,,,,,,-99.0,,,,,-99.0,,,,,-99.0,0.0,,,,
1985,1,1,0.0,0.0,,,,,30.0,1616.0,1505.0,0.0,,,,,0.0,0.0,,66.92,44.96,603.0,,,,315.0,315.0,,,,,62.0,54.0,1.0,,,,,,1.0,,,,,-9999.0,-9999.0,,,,
1985,1,2,,,,,,,,,,0.0,,,,,0.0,0.0,,32.0,32.0,,,,,,,,,,,,,,,,,,,,,,,,-9.0,-9.0,,,,
1985,1,3,0.0,0.0,,,,,30.0,419.0,455.0,0.0,,,,,0.0,0.0,,68.0,44.96,603.0,,,,,,,,,,62.0,45.0,999.0,,,,,,999.0,,,,,999.0,999.0,,,,
1985,1,4,,,,,,,,,,0.0,,,,,0.0,0.0,,,,,,,,,,,,,,,,-999.0,,,,,,-999.0,,,,,-999.0,-999.0,,,,
1985,1,6,30.0,50.0,,,,,30.0,1148.0,1128.0,0.0,,,,,0.0,0.0,,73.04,44.96,604.0,,,,,,,,,,67.0,54.0,9999.0,,,,,,9999.0,,,,,9999.0,9999.0,,,,
1985,1,7,,,,,,,,,,0.0,,,,,0.0,0.0,,,32.0,,,,,,,,,,,,,-99.0,,,,,,-99.0,,,,,-99.0,-99.0,,,,
1985,1,8,,,,,,,,,,,,,,,,,,,,,,,,,,,,,,,,99.0,,,,,,99.0,,,,,99.0,99.0,,,,
1985,1,9,100.0,100.0,,,,,25.0,1600.0,1549.0,0.0,,,,,0.0,0.0,,66.02,53.96,19.0,,,,270.0,270.0,,,,,67.0,27.0,-9999.0,,,,,,-9999.0,,,,,-9999.0,1.0,,,,
1985,1,10,,,,,,,,,,,,,,,0.0,0.0,,32.0,32.0,,,,,,,,,,,,,,,,,,,-9.0,,,,,,0.0,,,,
1985,1,11,100.0,100.0,,,,,42.0,316.0,317.0,38.0,,,,,0.0,0.0,,60.980000000000004,53.96,0.0,,,,,,,,,,103.0,67.0,1.0,,,,,,999.0,,,,,1.0,1.0,,,,
1985,1,12,,,,,,,,,,0.0,,,,,0.0,0.0,,,,,,,,,,,,,,,,,,,,,,-999.0,,,,,,0.0,,,,
1985,1,14,40.0,50.0,,,,,27.0,1440.0,1435.0,0.0,,,,,0.0,0.0,,60.980000000000004,51.08,287.0,,,,,,,,,,62.0,36.0,9999.0,,,,,,9999.0,,,,,9999.0,9999.0,,,,
1985,1,15,,,,,,,,,,0.0,,,,,0.0,0.0,,,32.0,,,,,,,,,,,,,-99.0,,,,,,-99.0,,,,,-99.0,-99.0,,,,
1985,1,16,,,,,,,,,,,,,,,,,,,,,,,,,,,,,,,,99.0,,,,,,99.0,,,,,99.0,99.0,,,,
1985,1,17,0.0,10.0,,,,,31.0,1454.0,1503.0,0.0,,,,,0.0,0.0,,68.0,44.96,611.0,,,,315.0,315.0,,,,,93.0,76.0,-9999.0,,,,,,-9999.0,,,,,-9999.0,-9999.0,,,,
1985,1,18,,,,,,,,,,0.0,,,,,0.0,0.0,,32.0,32.0,,,,,,,,,,,,,-9.0,,,,,,-9.0,,,,,-9.0,-9.0,,,,
1985,1,19,0.0,0.0,,,,,41.0,521.0,448.0,0.0,,,,,0.0,0.0,,69.08,44.96,611.0,,,,,,,,,,113.0,72.0,999.0,,,,,,999.0,,,,,999.0,999.0,,,,
1985,1,20,,,,,,,,,,0.0,,,,,0.0,0.0,,,,,,,,,,,,,,,,-999.0,,,,,,-999.0,,,,,-999.0,-999.0,,,,
1985,1,22,0.0,10.0,,,,,42.0,1204.0,1051.0,0.0,,,,,0.0,0.0,,69.08,44.96,613.0,,,,,,,,,,103.0,76.0,9999.0,,,,,,9999.0,,,,,9999.0,9999.0,,,,
1985,1,23,,,,,,,,,,0.0,,,,,0.0,0.0,,,32.0,,,,,,,,,,,,,,,,,,,,,,,,-99.0,-99.0,,,,
1985,1,24,,,,,,,,,,,,,,,,,,,,,,,,,,,,,,,,,,,,,,,,,,,99.0,99.0,,,,
1985,1,25,20.0,10.0,,,,,31.0,1537.0,1348.0,0.0,,,,,0.0,0.0,,66.02,50.0,615.0,,,,315.0,315.0,,,,,67.0,54.0,1.0,,,,,,1.0,,,,,-9999.0,-9999.0,,,,
1985,1,26,,,,,,,,,,0.0,,,,,0.0,0.0,,32.0,32.0,,,,,,,,,,,,,0.0,,,,,,0.0,,,,,-9.0,-9.0,,,,
1985,1,27,0.0,0.0,,,,,32.0,355.0,509.0,0.0,,,,,0.0,0.0,,68.0,46.04,616.0,,,,,,,,,,72.0,58.0,1.0,,,,,,1.0,,,,,999.0,999.0,,,,
1985,1,28,,,,,,,,,,0.0,,,,,0.0,0.0,,,,,,,,,,,,,,,,0.0,,,,,,0.0,,,,,-999.0,-999.0,,,,
1985,1,30,60.0,40.0,,,,,33.0,1429.0,1459.0,0.0,,,,,0.0,0.0,,62.059999999999995,55.04,579.0,,,,,,,,,,72.0,45.0,9999.0,,,,,,1.0,,,,,9999.0,9999.0,,,,
1985,1,31,,,,,,,,,,0.0,,,,,0.0,0.0,,,,,,,,,,,,,,,,-99.0,,,,,,0.0,,,,,-99.0,-99.0,,,,
1985,2,1,20.0,20.0,,,,,42.0,1402.0,1439.0,0.0,,,,,0.0,0.0,,57.02,41.0,637.0,,,,225.0,225.0,,,,,82.0,36.0,-9999.0,-9999.0,,,,,-9999.0,,,,,-9999.0,1.0,,,,
1985,2,2,,,,,,,,,,,,,,,0.0,0.0,,32.0,32.0,,,,,,,,,,,,,,-9.0,,,,,-9.0,,,,,-9.0,0.0,,,,
1985,2,3,80.0,80.0,,,,,59.0,247.0,253.0,79.0,,,,,0.0,0.0,,57.92,48.92,203.0,,,,,,,,,,144.0,76.0,1.0,999.0,,,,,999.0,,,,,999.0,1.0,,,,
1985,2,4,,,,,,,,,,0.0,,,,,0.0,0.0,,,,,,,,,,,,,,,,,-999.0,,,,,-999.0,,,,,-999.0,0.0,,,,
1985,2,5,,,,,,,,,,,,,,,,,,,,,,,,,,,,,,,,9.0,,,,,,,,,,,,,,,,
1985,2,6,60.0,70.0,,,,,42.0,1015.0,1030.0,30.0,,,,,0.0,0.0,,57.92,46.94,236.0,,,,,,,,,,103.0,76.0,1.0,9999.0,,,,,9999.0,,,,,9999.0,1.0,,,,
1985,2,7,,,,,,,,,,0.0,,,,,0.0,0.0,,,32.0,,,,,,,,,,,,,,-99.0,,,,,-99.0,,,,,-99.0,,,,,
1985,2,8,,,,,,,,,,,,,,,,,,,,,,,,,,,,,,,,99.0,99.0,,,,,99.0,,,,,99.0,99.0,,,,
1985,2,9,40.0,60.0,,,,,40.0,1251.0,1259.0,0.0,,,,,0.0,0.0,,60.08,48.02,582.0,,,,225.0,225.0,,,,,82.0,45.0,-9999.0,-9999.0,,,,,-9999.0,,,,,-9999.0,-9999.0,,,,
1985,2,10,,,,,,,,,,0.0,,,,,0.0,0.0,,32.0,32.0,,,,,,,,,,,,,-9.0,-9.0,,,,,,,,,,-9.0,-9.0,,,,
1985,2,11,30.0,40.0,,,,,42.0,500.0,204.0,0.0,,,,,0.0,0.0,,60.980000000000004,44.96,648.0,,,,,,,,,,98.0,67.0,999.0,999.0,,,,,1.0,,,,,999.0,999.0,,,,
1985,2,12,,,,,,,,,,0.0,,,,,0.0,0.0,,,,,,,,,,,,,,,,-999.0,-999.0,,,,,0.0,,,,,-999.0,,,,,
1985,2,13,,,,,,,,,,,,,,,,,,,,,,,,,,,,,,,,9.0,,,,,,,,,,,9.0,,,,,
1985,2,14,70.0,100.0,,,,,56.0,1035.0,1117.0,58.0,,,,,0.0,0.0,,57.02,50.0,14.0,,,,,,,,,,123.0,76.0,1.0,9999.0,,,,,9999.0,,,,,1.0,1.0,,,,
1985,2,15,,,,,,,,,,0.0,,,,,0.0,0.0,,,32.0,,,,,,,,,,,,,,-99.0,,,,,-99.0,,,,,,,,,,
1985,2,16,,,,,,,,,,,,,,,,,,,,,,,,,,,,,,,,99.0,99.0,,,,,99.0,,,,,99.0,99.0,,,,
1985,2,17,30.0,60.0,,,,,22.0,1510.0,1526.0,0.0,,,,,0.0,0.0,,71.06,44.96,641.0,,,,315.0,315.0,,,,,67.0,58.0,-9999.0,-9999.0,,,,,-9999.0,,,,,-9999.0,-9999.0,,,,
1985,2,18,,,,,,,,,,0.0,,,,,0.0,0.0,,32.0,32.0,,,,,,,,,,,,,-9.0,-9.0,,,,,-9.0,,,,,-9.0,-9.0,,,,
1985,2,19,0.0,0.0,,,,,25.0,526.0,543.0,0.0,,,,,0.0,0.0,,77.0,46.94,656.0,,,,,,,,,,77.0,72.0,999.0,999.0,,,,,999.0,,,,,999.0,999.0,,,,
1985,2,20,,,,,,,,,,0.0,,,,,0.0,0.0,,,,,,,,,,,,,,,,-999.0,-999.0,,,,,-999.0,,,,,-999.0,-999.0,,,,
1985,2,22,0.0,10.0,,,,,25.0,1349.0,1505.0,0.0,,,,,0.0,0.0,,84.02,53.06,660.0,,,,,,,,,,77.0,67.0,9999.0,9999.0,,,,,9999.0,,,,,9999.0,9999.0,,,,
1985,2,23,,,,,,,,,,0.0,,,,,0.0,0.0,,,,,,,,,,,,,,,,-99.0,-99.0,,,,,-99.0,,,,,-99.0,-99.0,,,,
1985,2,24,,,,,,,,,,,,,,,,,,,,,,,,,,,,,,,,99.0,99.0,,,,,99.0,,,,,99.0,99.0,,,,
1985,2,25,30.0,30.0,,,,,25.0,1614.0,1452.0,0.0,,,,,0.0,0.0,,69.98,53.06,575.0,,,,225.0,180.0,,,,,62.0,36.0,1.0,-9999.0,,,,,1.0,,,,,-9999.0,-9999.0,,,,
1985,2,26,,,,,,,,,,0.0,,,,,0.0,0.0,,32.0,32.0,,,,,,,,,,,,,0.0,-9.0,,,,,0.0,,,,,-9.0,-9.0,,,,
1985,2,27,100.0,100.0,,,,,33.0,256.0,224.0,0.0,,,,,0.0,0.0,,60.08,53.06,88.0,,,,,,,,,,62.0,36.0,1.0,999.0,,,,,1.0,,,,,999.0,999.0,,,,
1985,2,28,,,,,,,,,,0.0,,,,,0.0,0.0,,,,,,,,,,,,,,,,0.0,-999.0,,,,,0.0,,,,,-999.0,-999.0,,,,
1985,2,30,100.0,100.0,,,,,37.0,1541.0,1259.0,0.0,,,,,0.0,0.0,,62.059999999999995,57.02,33.0,,,,,,,,,,77.0,54.0,1.0,9999.0,,,,,1.0,,,,,9999.0,9999.0,,,,
1985,2,31,,,,,,,,,,0.0,,,,,0.0,0.0,,,,,,,,,,,,,,,,0.0,-99.0,,,,,,,,,,,,,,,
1985,3,1,100.0,100.0,,,,,29.0,2314.0,2238.0,0.0,,,,,0.0,0.0,,60.980000000000004,53.96,0.0,,,,225.0,225.0,,,,,72.0,45.0,-9999.0,,,-9999.0,,,1.0,,,,,-9999.0,-9999.0,,,,
1985,3,2,,,,,,,,,,0.0,,,,,0.0,0.0,,32.0,32.0,,,,,,,,,,,,,,,,,,,,,,,,,,,,,
1985,3,3,70.0,60.0,,,,,76.0,522.0,520.0,43.0,,,,,,0.0,,60.08,48.92,390.0,,,,,,,,,,185.0,121.0,1.0,,,1.0,,,999.0,,,,,1.0,1.0,,,,
1985,3,4,,,,,,,,,,,,,,,0.0,0.0,,,,,,,,,,,,,,,,,,,,,,-999.0,,,,,,0.0,,,,
1985,3,6,0.0,0.0,,,,,29.0,1315.0,1300.0,0.0,,,,,0.0,0.0,,60.980000000000004,44.96,695.0,,,,,,,,,,72.0,45.0,9999.0,,,9999.0,,,9999.0,,,,,9999.0,9999.0,,,,
1985,3,7,,,,,,,,,,0.0,,,,,0.0,0.0,,,32.0,,,,,,,,,,,,,-99.0,,,-99.0,,,-99.0,,,,,-99.0,-99.0,,,,
1985,3,8,,,,,,,,,,,,,,,,,,,,,,,,,,,,,,,,99.0,,,99.0,,,99.0,,,,,99.0,99.0,,,,
1985,3,9,70.0,70.0,,,,,36.0,1158.0,1257.0,0.0,,,,,0.0,0.0,,60.08,48.02,500.0,,,,315.0,315.0,,,,,87.0,67.0,-9999.0,,,-9999.0,,,-9999.0,,,,,-9999.0,-9999.0,,,,
1985,3,10,,,,,,,,,,0.0,,,,,0.0,0.0,,32.0,32.0,,,,,,,,,,,,,-9.0,,,-9.0,,,-9.0,,,,,-9.0,-9.0,,,,
1985,3,11,50.0,40.0,,,,,37.0,552.0,543.0,0.0,,,,,0.0,0.0,,64.94,48.02,645.0,,,,,,,,,,87.0,72.0,999.0,,,999.0,,,999.0,,,,,999.0,999.0,,,,
1985,3,12,,,,,,,,,,0.0,,,,,0.0,0.0,,,,,,,,,,,,,,,,-999.0,,,-999.0,,,,,,,,-999.0,-999.0,,,,
1985,3,13,,,,,,,,,,,,,,,,,,,,,,,,,,,,,,,,,,,,,,,,,,,,9.0,,,,
1985,3,14,100.0,100.0,,,,,31.0,1351.0,1552.0,,,,,,0.0,0.0,,66.02,51.98,76.0,,,,,,,,,,72.0,63.0,9999.0,,,9999.0,,,9999.0,,,,,9999.0,1.0,,,,
1985,3,15,,,,,,,,,,0.0,,,,,0.0,0.0,,,,,,,,,,,,,,,,-99.0,,,-99.0,,,-99.0,,,,,-99.0,,,,,
1985,3,16,,,,,,,,,,,,,,,,,,,,,,,,,,,,,,,,99.0,,,99.0,,,99.0,,,,,99.0,99.0,,,,
1985,3,17,90.0,90.0,,,,,38.0,1453.0,1530.0,0.0,,,,,0.0,0.0,,64.94,57.92,376.0,,,,315.0,270.0,,,,,82.0,63.0,-9999.0,,,-9999.0,,,-9999.0,,,,,-9999.0,-9999.0,,,,
1985,3,18,,,,,,,,,,0.0,,,,,0.0,0.0,,32.0,32.0,,,,,,,,,,,,,-9.0,,,-9.0,,,-9.0,,,,,-9.0,,,,,
1985,3,19,20.0,20.0,,,,,37.0,239.0,329.0,,,,,,0.0,0.0,,64.04,55.04,601.0,,,,,,,,,,93.0,58.0,999.0,,,999.0,,,999.0,,,,,999.0,1.0,,,,
1985,3,20,,,,,,,,,,0.0,,,,,0.0,0.0,,,,,,,,,,,,,,,,-999.0,,,-999.0,,,-999.0,,,,,-999.0,,,,,
1985,3,22,80.0,70.0,,,,,27.0,1519.0,1616.0,0.0,,,,,0.0,0.0,,64.94,57.92,82.0,,,,,,,,,,67.0,45.0,9999.0,,,9999.0,,,9999.0,,,,,9999.0,9999.0,,,,
1985,3,23,,,,,,,,,,0.0,,,,,0.0,0.0,,,,,,,,,,,,,,,,-99.0,,,-99.0,,,-99.0,,,,,-99.0,-99.0,,,,
1985,3,24,,,,,,,,,,,,,,,,,,,,,,,,,,,,,,,,99.0,,,99.0,,,99.0,,,,,99.0,99.0,,,,
1985,3,25,70.0,90.0,,,,,37.0,1840.0,1354.0,0.0,,,,,0.0,0.0,,64.94,55.04,168.0,,,,315.0,315.0,,,,,77.0,67.0,-9999.0,,,-9999.0,,,1.0,,,,,-9999.0,-9999.0,,,,
1985,3,26,,,,,,,,,,0.0,,,,,0.0,0.0,,32.0,32.0,,,,,,,,,,,,,-9.0,,,-9.0,,,0.0,,,,,-9.0,-9.0,,,,
1985,3,27,60.0,40.0,,,,,42.0,330.0,237.0,0.0,,,,,0.0,0.0,,66.02,55.04,597.0,,,,,,,,,,98.0,76.0,999.0,,,999.0,,,1.0,,,,,999.0,999.0,,,,
1985,3,28,,,,,,,,,,0.0,,,,,0.0,0.0,,,,,,,,,,,,,,,,,,,-999.0,,,0.0,,,,,-999.0,,,,,
1985,3,30,30.0,20.0,,,,,34.0,105.0,1514.0,0.0,,,,,0.0,0.0,,66.02,53.96,564.0,,,,,,,,,,82.0,63.0,9999.0,,,9999.0,,,9999.0,,,,,9999.0,9999.0,,,,
1985,3,31,,,,,,,,,,0.0,,,,,0.0,0.0,,,,,,,,,,,,,,,,-99.0,,,-99.0,,,,,,,,-99.0,-99.0,,,,
1985,4,1,0.0,0.0,,,,,28.0,1625.0,1903.0,0.0,,,,,0.0,0.0,,87.08000000000001,55.04,752.0,,,,45.0,315.0,,,,,72.0,63.0,-9999.0,-9999.0,,,,,-9999.0,,,,,-9999.0,-9999.0,,,,
1985,4,2,,,,,,,,,,0.0,,,,,0.0,0.0,,32.0,32.0,,,,,,,,,,,,,-9.0,-9.0,,,,,-9.0,,,,,-9.0,-9.0,,,,
1985,4,3,30.0,40.0,,,,,31.0,324.0,515.0,0.0,,,,,0.0,0.0,,87.98,59.0,753.0,,,,,,,,,,72.0,67.0,999.0,999.0,,,,,999.0,,,,,999.0,999.0,,,,
1985,4,4,,,,,,,,,,0.0,,,,,0.0,0.0,,,,,,,,,,,,,,,,-999.0,-999.0,,,,,,,,,,-999.0,-999.0,,,,
1985,4,6,90.0,80.0,,,,,44.0,2209.0,1700.0,0.0,,,,,0.0,0.0,,64.94,59.0,605.0,,,,,,,,,,77.0,49.0,9999.0,9999.0,,,,,1.0,,,,,9999.0,9999.0,,,,
1985,4,7,,,,,,,,,,0.0,,,,,0.0,0.0,,,,,,,,,,,,,,,,-99.0,-99.0,,,,,0.0,,,,,-99.0,-99.0,,,,
1985,4,8,,,,,,,,,,,,,,,,,,,,,,,,,,,,,,,,99.0,99.0,,,,,,,,,,99.0,99.0,,,,
1985,4,9,100.0,100.0,,,,,45.0,1636.0,1633.0,0.0,,,,,0.0,0.0,,62.059999999999995,60.08,0.0,,,,315.0,315.0,,,,,77.0,63.0,1.0,-9999.0,,,,,1.0,,,,,1.0,1.0,,,,
1985,4,10,,,,,,,,,,,,,,,0.0,0.0,,32.0,32.0,,,,,,,,,,,,,0.0,-9.0,,,,,0.0,,,,,,0.0,,,,
1985,4,11,70.0,60.0,,,,,40.0,451.0,328.0,,,,,,0.0,0.0,,66.92,59.0,124.0,,,,,,,,,,82.0,63.0,1.0,999.0,,,,,1.0,,,,,1.0,1.0,,,,
1985,4,12,,,,,,,,,,0.0,,,,,0.0,0.0,,,,,,,,,,,,,,,,0.0,-999.0,,,,,0.0,,,,,,,,,,
1985,4,14,80.0,60.0,,,,,36.0,1320.0,1350.0,0.0,,,,,0.0,0.0,,64.94,57.92,272.0,,,,,,,,,,82.0,76.0,1.0,9999.0,,,,,1.0,,,,,9999.0,9999.0,,,,
1985,4,15,,,,,,,,,,0.0,,,,,0.0,0.0,,,,,,,,,,,,,,,,0.0,-99.0,,,,,0.0,,,,,-99.0,-99.0,,,,
1985,4,16,,,,,,,,,,,,,,,,,,,,,,,,,,,,,,,,,99.0,,,,,,,,,,99.0,99.0,,,,
1985,4,17,40.0,30.0,,,,,38.0,1715.0,1520.0,0.0,,,,,0.0,0.0,,66.92,57.92,594.0,,,,315.0,315.0,,,,,82.0,58.0,1.0,-9999.0,,,,,1.0,,,,,-9999.0,-9999.0,,,,
1985,4,18,,,,,,,,,,0.0,,,,,0.0,0.0,,32.0,32.0,,,,,,,,,,,,,0.0,,,,,,0.0,,,,,-9.0,-9.0,,,,
1985,4,19,40.0,20.0,,,,,35.0,740.0,141.0,0.0,,,,,0.0,0.0,,69.08,55.04,682.0,,,,,,,,,,72.0,49.0,1.0,1.0,,,,,1.0,,,,,999.0,999.0,,,,
1985,4,20,,,,,,,,,,0.0,,,,,0.0,0.0,,,,,,,,,,,,,,,,0.0,,,,,,0.0,,,,,-999.0,-999.0,,,,
1985,4,22,60.0,30.0,,,,,28.0,1148.0,1301.0,0.0,,,,,0.0,0.0,,68.0,55.04,709.0,,,,,,,,,,72.0,45.0,1.0,1.0,,,,,1.0,,,,,9999.0,9999.0,,,,
1985,4,23,,,,,,,,,,0.0,,,,,0.0,0.0,,,,,,,,,,,,,,,,0.0,,,,,,0.0,,,,,-99.0,-99.0,,,,
1985,4,24,,,,,,,,,,,,,,,,,,,,,,,,,,,,,,,,,99.0,,,,,,,,,,99.0,99.0,,,,
1985,4,25,60.0,50.0,,,,,38.0,1142.0,1319.0,0.0,,,,,0.0,0.0,,69.08,60.08,628.0,,,,225.0,225.0,,,,,77.0,49.0,-9999.0,-9999.0,,,,,-9999.0,,,,,-9999.0,-9999.0,,,,
1985,4,26,,,,,,,,,,0.0,,,,,0.0,0.0,,32.0,32.0,,,,,,,,,,,,,,-9.0,,,,,-9.0,,,,,-9.0,,,,,
1985,4,27,80.0,70.0,,,,,42.0,507.0,719.0,64.0,,,,,0.0,0.0,,66.02,57.92,411.0,,,,,,,,,,82.0,54.0,1.0,999.0,,,,,999.0,,,,,999.0,1.0,,,,
1985,4,28,,,,,,,,,,0.0,,,,,0.0,0.0,,,,,,,,,,,,,,,,,-999.0,,,,,-999.0,,,,,-999.0,0.0,,,,
1985,4,30,70.0,50.0,,,,,34.0,1329.0,1330.0,0.0,,,,,0.0,0.0,,66.92,59.0,623.0,,,,,,,,,,82.0,54.0,9999.0,9999.0,,,,,9999.0,,,,,9999.0,9999.0,,,,
1985,4,31,,,,,,,,,,0.0,,,,,0.0,0.0,,,,,,,,,,,,,,,,-99.0,-99.0,,,,,-99.0,,,,,-99.0,,,,,
1985,5,1,40.0,20.0,,,,,32.0,1322.0,1332.0,0.0,,,,,0.0,0.0,,71.06,59.0,693.0,,,,315.0,315.0,,,,,72.0,45.0,-9999.0,,,,,,1.0,,,,,-9999.0,-9999.0,,,,
1985,5,2,,,,,,,,,,0.0,,,,,0.0,0.0,,32.0,32.0,,,,,,,,,,,,,-9.0,,,,,,0.0,,,,,-9.0,-9.0,,,,
1985,5,3,80.0,60.0,,,,,34.0,232.0,552.0,0.0,,,,,0.0,0.0,,68.0,60.980000000000004,582.0,,,,,,,,,,77.0,49.0,999.0,,,,,,1.0,,,,,999.0,999.0,,,,
1985,5,4,,,,,,,,,,0.0,,,,,0.0,0.0,,,,,,,,,,,,,,,,-999.0,,,,,,0.0,,,,,-999.0,-999.0,,,,
1985,5,6,90.0,80.0,,,,,52.0,2152.0,2141.0,0.0,,,,,0.0,0.0,,66.02,60.980000000000004,276.0,,,,,,,,,,87.0,72.0,9999.0,,,,,,9999.0,,,,,9999.0,9999.0,,,,
1985,5,7,,,,,,,,,,0.0,,,,,0.0,0.0,,,,,,,,,,,,,,,,-99.0,,,,,,-99.0,,,,,-99.0,-99.0,,,,
1985,5,8,,,,,,,,,,,,,,,,,,,,,,,,,,,,,,,,99.0,,,,,,99.0,,,,,99.0,99.0,,,,
1985,5,9,60.0,50.0,,,,,39.0,1347.0,1312.0,0.0,,,,,0.0,0.0,,68.0,60.980000000000004,350.0,,,,270.0,225.0,,,,,82.0,54.0,-9999.0,,,,,,-9999.0,,,,,-9999.0,-9999.0,,,,
1985,5,10,,,,,,,,,,0.0,,,,,0.0,0.0,,32.0,32.0,,,,,,,,,,,,,-9.0,,,,,,-9.0,,,,,,,,,,
1985,5,11,60.0,50.0,,,,,45.0,414.0,343.0,,,,,,0.0,0.0,,66.92,60.08,538.0,,,,,,,,,,113.0,76.0,999.0,,,,,,999.0,,,,,1.0,1.0,,,,
1985,5,12,,,,,,,,,,0.0,,,,,0.0,0.0,,,,,,,,,,,,,,,,-999.0,,,,,,-999.0,,,,,,,,,,
1985,5,14,90.0,90.0,,,,,41.0,204.0,156.0,0.0,,,,,0.0,0.0,,64.04,60.08,99.0,,,,,,,,,,93.0,72.0,9999.0,,,,,,9999.0,,,,,9999.0,9999.0,,,,
1985,5,15,,,,,,,,,,0.0,,,,,0.0,0.0,,,,,,,,,,,,,,,,-99.0,,,,,,-99.0,,,,,-99.0,,,,,
1985,5,16,,,,,,,,,,,,,,,,,,,,,,,,,,,,,,,,99.0,,,,,,99.0,,,,,99.0,,,,,
1985,5,17,70.0,50.0,,,,,42.0,1441.0,1502.0,0.0,,,,,0.0,0.0,,66.02,59.0,468.0,,,,225.0,225.0,,,,,93.0,54.0,-9999.0,,,,,,-9999.0,,,,,-9999.0,1.0,,,,
1985,5,18,,,,,,,,,,,,,,,0.0,0.0,,32.0,32.0,,,,,,,,,,,,,-9.0,,,,,,-9.0,,,,,-9.0,,,,,
1985,5,19,60.0,50.0,,,,,39.0,621.0,623.0,0.0,,,,,0.0,0.0,,66.92,60.08,415.0,,,,,,,,,,77.0,54.0,999.0,,,,,,999.0,,,,,999.0,999.0,,,,
1985,5,20,,,,,,,,,,0.0,,,,,0.0,0.0,,,,,,,,,,,,,,,,-999.0,,,,,,-999.0,,,,,-999.0,-999.0,,,,
1985,5,21,,,,,,,,,,,,,,,,,,,,,,,,,,,,,,,,9.0,,,,,,9.0,,,,,,,,,,
1985,5,22,20.0,10.0,,,,,36.0,1150.0,1338.0,0.0,,,,,0.0,0.0,,71.06,57.92,829.0,,,,,,,,,,87.0,72.0,1.0,,,,,,1.0,,,,,9999.0,9999.0,,,,
1985,5,23,,,,,,,,,,0.0,,,,,0.0,0.0,,,,,,,,,,,,,,,,0.0,,,,,,,,,,,-99.0,-99.0,,,,
1985,5,24,,,,,,,,,,,,,,,,,,,,,,,,,,,,,,,,,,,,,,99.0,,,,,99.0,99.0,,,,
1985,5,25,50.0,40.0,,,,,38.0,1514.0,1528.0,0.0,,,,,0.0,0.0,,69.08,62.059999999999995,569.0,,,,225.0,180.0,,,,,77.0,49.0,-9999.0,,,,,,-9999.0,,,,,-9999.0,-9999.0,,,,
1985,5,26,,,,,,,,,,0.0,,,,,0.0,0.0,,32.0,32.0,,,,,,,,,,,,,-9.0,,,,,,-9.0,,,,,-9.0,-9.0,,,,
1985,5,27,40.0,40.0,,,,,57.0,519.0,303.0,0.0,,,,,0.0,0.0,,69.08,60.980000000000004,606.0,,,,,,,,,,123.0,85.0,999.0,,,,,,999.0,,,,,999.0,999.0,,,,
1985,5,28,,,,,,,,,,0.0,,,,,0.0,0.0,,,,,,,,,,,,,,,,-999.0,,,,,,-999.0,,,,,-999.0,-999.0,,,,
1985,5,30,90.0,80.0,,,,,42.0,1438.0,1432.0,0.0,,,,,0.0,0.0,,66.92,60.980000000000004,24.0,,,,,,,,,,82.0,49.0,9999.0,,,,,,9999.0,,,,,9999.0,9999.0,,,,
1985,5,31,,,,,,,,,,0.0,,,,,0.0,0.0,,,,,,,,,,,,,,,,-99.0,,,,,,-99.0,,,,,-99.0,-99.0,,,,
1985,6,1,60.0,50.0,,,,,39.0,1422.0,1324.0,0.0,,,,,0.0,0.0,,66.92,60.980000000000004,404.0,,,,225.0,225.0,,,,,98.0,54.0,-9999.0,-9999.0,,,,,-9999.0,,,,,-9999.0,-9999.0,,,,
1985,6,2,,,,,,,,,,0.0,,,,,0.0,0.0,,32.0,32.0,,,,,,,,,,,,,,-9.0,,,,,-9.0,,,,,,,,,,
1985,6,3,60.0,50.0,,,,,43.0,150.0,4.0,,,,,,0.0,0.0,,68.0,59.0,623.0,,,,,,,,,,82.0,58.0,1.0,999.0,,,,,999.0,,,,,1.0,1.0,,,,
1985,6,4,,,,,,,,,,0.0,,,,,0.0,0.0,,,,,,,,,,,,,,,,,-999.0,,,,,-999.0,,,,,,,,,,
1985,6,6,50.0,30.0,,,,,35.0,1415.0,1329.0,0.0,,,,,0.0,0.0,,71.96,62.959999999999994,737.0,,,,,,,,,,72.0,49.0,9999.0,9999.0,,,,,9999.0,,,,,9999.0,9999.0,,,,
1985,6,7,,,,,,,,,,0.0,,,,,0.0,0.0,,,,,,,,,,,,,,,,-99.0,-99.0,,,,,,,,,,-99.0,-99.0,,,,
1985,6,8,,,,,,,,,,,,,,,,,,,,,,,,,,,,,,,,99.0,99.0,,,,,,,,,,99.0,99.0,,,,
1985,6,9,30.0,20.0,,,,,33.0,1639.0,1636.0,0.0,,,,,0.0,0.0,,80.06,62.059999999999995,757.0,,,,315.0,315.0,,,,,72.0,58.0,1.0,1.0,,,,,1.0,,,,,-9999.0,-9999.0,,,,
1985,6,10,,,,,,,,,,0.0,,,,,0.0,0.0,,32.0,32.0,,,,,,,,,,,,,0.0,,,,,,0.0,,,,,-9.0,-9.0,,,,
1985,6,11,30.0,10.0,,,,,28.0,343.0,354.0,0.0,,,,,0.0,0.0,,77.0,62.959999999999994,828.0,,,,,,,,,,72.0,45.0,1.0,1.0,,,,,1.0,,,,,999.0,999.0,,,,
1985,6,12,,,,,,,,,,0.0,,,,,0.0,0.0,,,,,,,,,,,,,,,,0.0,,,,,,0.0,,,,,-999.0,-999.0,,,,
1985,6,14,60.0,40.0,,,,,32.0,1516.0,1908.0,0.0,,,,,0.0,0.0,,73.94,64.94,662.0,,,,,,,,,,62.0,45.0,1.0,9999.0,,,,,1.0,,,,,9999.0,9999.0,,,,
1985,6,15,,,,,,,,,,0.0,,,,,0.0,0.0,,,,,,,,,,,,,,,,0.0,-99.0,,,,,0.0,,,,,-99.0,-99.0,,,,
1985,6,16,,,,,,,,,,,,,,,,,,,,,,,,,,,,,,,,,99.0,,,,,,,,,,99.0,99.0,,,,
1985,6,17,100.0,100.0,,,,,36.0,1135.0,1305.0,0.0,,,,,0.0,0.0,,69.98,64.94,119.0,,,,225.0,225.0,,,,,82.0,58.0,-9999.0,-9999.0,,,,,1.0,,,,,-9999.0,-9999.0,,,,
1985,6,18,,,,,,,,,,0.0,,,,,0.0,0.0,,32.0,32.0,,,,,,,,,,,,,-9.0,-9.0,,,,,0.0,,,,,-9.0,-9.0,,,,
1985,6,19,90.0,90.0,,,,,31.0,556.0,626.0,0.0,,,,,0.0,0.0,,71.06,64.04,175.0,,,,,,,,,,72.0,45.0,999.0,999.0,,,,,1.0,,,,,999.0,999.0,,,,
1985,6,20,,,,,,,,,,0.0,,,,,0.0,0.0,,,,,,,,,,,,,,,,-999.0,-999.0,,,,,0.0,,,,,-999.0,-999.0,,,,
1985,6,22,50.0,30.0,,,,,33.0,1300.0,1406.0,0.0,,,,,0.0,0.0,,71.96,64.94,631.0,,,,,,,,,,72.0,49.0,9999.0,9999.0,,,,,1.0,,,,,9999.0,9999.0,,,,
1985,6,23,,,,,,,,,,0.0,,,,,0.0,0.0,,,,,,,,,,,,,,,,-99.0,-99.0,,,,,0.0,,,,,-99.0,-99.0,,,,
1985,6,24,,,,,,,,,,,,,,,,,,,,,,,,,,,,,,,,99.0,99.0,,,,,,,,,,99.0,99.0,,,,
1985,6,25,70.0,50.0,,,,,30.0,1504.0,1523.0,0.0,,,,,0.0,0.0,,71.96,64.94,590.0,,,,225.0,225.0,,,,,62.0,40.0,-9999.0,-9999.0,,,,,1.0,,,,,-9999.0,-9999.0,,,,
1985,6,26,,,,,,,,,,0.0,,,,,0.0,0.0,,32.0,32.0,,,,,,,,,,,,,-9.0,-9.0,,,,,,,,,,-9.0,-9.0,,,,
1985,6,27,50.0,30.0,,,,,39.0,812.0,700.0,0.0,,,,,0.0,0.0,,73.94,66.02,640.0,,,,,,,,,,77.0,54.0,999.0,999.0,,,,,999.0,,,,,999.0,999.0,,,,
1985,6,28,,,,,,,,,,0.0,,,,,0.0,0.0,,,,,,,,,,,,,,,,-999.0,-999.0,,,,,,,,,,-999.0,-999.0,,,,
1985,6,30,60.0,30.0,,,,,42.0,1549.0,1404.0,0.0,,,,,0.0,0.0,,73.04,64.94,794.0,,,,,,,,,,87.0,63.0,9999.0,9999.0,,,,,9999.0,,,,,9999.0,9999.0,,,,
1985,6,31,,,,,,,,,,0.0,,,,,0.0,0.0,,,,,,,,,,,,,,,,-99.0,-99.0,,,,,-99.0,,,,,-99.0,-99.0,,,,
1985,7,1,0.0,0.0,,,,,41.0,1505.0,1537.0,0.0,,,,,0.0,0.0,,95.0,73.04,857.0,,,,315.0,315.0,,,,,82.0,63.0,-9999.0,-9999.0,-9999.0,,,,-9999.0,,,,,,,,,,
1985,7,2,,,,,,,,,,0.0,,,,,0.0,0.0,,32.0,32.0,,,,,,,,,,,,,-9.0,-9.0,-9.0,,,,-9.0,,,,,,,,,,
1985,7,3,10.0,0.0,,,,,35.0,628.0,630.0,0.0,,,,,0.0,0.0,,93.91999999999999,73.04,855.0,,,,,,,,,,77.0,63.0,999.0,999.0,999.0,,,,999.0,,,,,,,,,,
1985,7,4,,,,,,,,,,0.0,,,,,0.0,0.0,,,,,,,,,,,,,,,,-999.0,-999.0,-999.0,,,,,,,,,,,,,,
1985,7,5,,,,,,,,,,,,,,,,,,,,,,,,,,,,,,,,9.0,9.0,,,,,,,,,,,,,,,
1985,7,6,80.0,80.0,,,,,43.0,938.0,937.0,0.0,,,,,0.0,0.0,,73.04,66.02,387.0,,,,,,,,,,93.0,63.0,1.0,1.0,9999.0,,,,1.0,,,,,,,,,,
1985,7,7,,,,,,,,,,0.0,,,,,0.0,0.0,,,,,,,,,,,,,,,,0.0,,-99.0,,,,0.0,,,,,,,,,,
1985,7,8,,,,,,,,,,,,,,,,,,,,,,,,,,,,,,,,,99.0,99.0,,,,,,,,,,,,,,
1985,7,9,80.0,70.0,,,,,32.0,1351.0,1608.0,0.0,,,,,0.0,0.0,,73.94,68.0,349.0,,,,180.0,225.0,,,,,82.0,45.0,-9999.0,-9999.0,-9999.0,,,,1.0,,,,,,,,,,
1985,7,10,,,,,,,,,,0.0,,,,,0.0,0.0,,32.0,32.0,,,,,,,,,,,,,-9.0,-9.0,-9.0,,,,0.0,,,,,,,,,,
1985,7,11,30.0,20.0,,,,,32.0,342.0,409.0,0.0,,,,,0.0,0.0,,77.0,68.0,709.0,,,,,,,,,,72.0,45.0,999.0,999.0,999.0,,,,1.0,,,,,,,,,,
1985,7,12,,,,,,,,,,0.0,,,,,0.0,0.0,,,,,,,,,,,,,,,,,-999.0,-999.0,,,,0.0,,,,,,,,,,
1985,7,13,,,,,,,,,,,,,,,,,,,,,,,,,,,,,,,,,,9.0,,,,,,,,,,,,,,
1985,7,14,60.0,70.0,,,,,44.0,1115.0,1116.0,0.0,,,,,0.0,0.0,,95.0,69.08,702.0,,,,,,,,,,134.0,94.0,1.0,9999.0,1.0,,,,1.0,,,,,,,,,,
1985,7,15,,,,,,,,,,0.0,,,,,0.0,0.0,,,,,,,,,,,,,,,,,-99.0,,,,,0.0,,,,,,,,,,
1985,7,16,,,,,,,,,,,,,,,,,,,,,,,,,,,,,,,,99.0,99.0,99.0,,,,,,,,,,,,,,
1985,7,17,20.0,20.0,,,,,38.0,1128.0,1119.0,0.0,,,,,0.0,0.0,,84.02,71.96,820.0,,,,315.0,315.0,,,,,87.0,76.0,-9999.0,-9999.0,-9999.0,,,,-9999.0,,,,,,,,,,
1985,7,18,,,,,,,,,,0.0,,,,,0.0,0.0,,32.0,32.0,,,,,,,,,,,,,-9.0,-9.0,-9.0,,,,-9.0,,,,,,,,,,
1985,7,19,30.0,20.0,,,,,38.0,247.0,249.0,0.0,,,,,0.0,0.0,,78.98,71.06,779.0,,,,,,,,,,87.0,72.0,999.0,999.0,999.0,,,,999.0,,,,,,,,,,
1985,7,20,,,,,,,,,,0.0,,,,,0.0,0.0,,,,,,,,,,,,,,,,-999.0,-999.0,-999.0,,,,-999.0,,,,,,,,,,
1985,7,22,70.0,80.0,,,,,34.0,1045.0,1245.0,0.0,,,,,0.0,0.0,,78.08,69.08,760.0,,,,,,,,,,72.0,49.0,9999.0,9999.0,9999.0,,,,9999.0,,,,,,,,,,
1985,7,23,,,,,,,,,,0.0,,,,,0.0,0.0,,,,,,,,,,,,,,,,-99.0,-99.0,-99.0,,,,,,,,,,,,,,
1985,7,24,,,,,,,,,,,,,,,,,,,,,,,,,,,,,,,,99.0,99.0,99.0,,,,,,,,,,,,,,
1985,7,25,90.0,90.0,,,,,31.0,1404.0,1402.0,0.0,,,,,0.0,0.0,,78.98,71.06,579.0,,,,225.0,225.0,,,,,72.0,49.0,-9999.0,-9999.0,-9999.0,,,,1.0,,,,,,,,,,
1985,7,26,,,,,,,,,,0.0,,,,,0.0,0.0,,32.0,32.0,,,,,,,,,,,,,-9.0,-9.0,-9.0,,,,0.0,,,,,,,,,,
1985,7,27,80.0,90.0,,,,,36.0,253.0,257.0,0.0,,,,,0.0,0.0,,78.08,69.98,477.0,,,,,,,,,,72.0,54.0,999.0,999.0,999.0,,,,1.0,,,,,,,,,,
1985,7,28,,,,,,,,,,0.0,,,,,0.0,0.0,,,,,,,,,,,,,,,,-999.0,-999.0,-999.0,,,,,,,,,,,,,,
1985,7,30,20.0,30.0,,,,,37.0,1035.0,1143.0,0.0,,,,,0.0,0.0,,80.96,71.96,815.0,,,,,,,,,,82.0,63.0,9999.0,9999.0,9999.0,,,,9999.0,,,,,,,,,,
1985,7,31,,,,,,,,,,0.0,,,,,0.0,0.0,,,,,,,,,,,,,,,,-99.0,-99.0,-99.0,,,,-99.0,,,,,,,,,,
1985,8,1,20.0,20.0,,,,,34.0,1131.0,1036.0,0.0,,,,,0.0,0.0,,77.0,68.0,750.0,,,,225.0,225.0,,,,,82.0,49.0,-9999.0,-9999.0,,,,,-9999.0,,,,,-9999.0,-9999.0,,,,
1985,8,2,,,,,,,,,,0.0,,,,,0.0,0.0,,32.0,32.0,,,,,,,,,,,,,-9.0,-9.0,,,,,-9.0,,,,,-9.0,-9.0,,,,
1985,8,3,30.0,30.0,,,,,33.0,338.0,247.0,0.0,,,,,0.0,0.0,,78.08,66.92,623.0,,,,,,,,,,72.0,49.0,999.0,999.0,,,,,999.0,,,,,999.0,999.0,,,,
1985,8,4,,,,,,,,,,0.0,,,,,0.0,0.0,,,,,,,,,,,,,,,,-999.0,-999.0,,,,,-999.0,,,,,-999.0,-999.0,,,,
1985,8,6,20.0,20.0,,,,,42.0,1255.0,1348.0,0.0,,,,,0.0,0.0,,78.08,66.02,722.0,,,,,,,,,,93.0,76.0,9999.0,9999.0,,,,,9999.0,,,,,9999.0,9999.0,,,,
1985,8,7,,,,,,,,,,0.0,,,,,0.0,0.0,,,,,,,,,,,,,,,,-99.0,-99.0,,,,,,,,,,-99.0,-99.0,,,,
1985,8,8,,,,,,,,,,,,,,,,,,,,,,,,,,,,,,,,99.0,99.0,,,,,,,,,,99.0,99.0,,,,
1985,8,9,60.0,50.0,,,,,31.0,1250.0,1556.0,0.0,,,,,0.0,0.0,,78.08,66.92,708.0,,,,225.0,315.0,,,,,87.0,58.0,-9999.0,-9999.0,,,,,1.0,,,,,-9999.0,-9999.0,,,,
1985,8,10,,,,,,,,,,0.0,,,,,0.0,0.0,,32.0,32.0,,,,,,,,,,,,,-9.0,-9.0,,,,,0.0,,,,,-9.0,-9.0,,,,
1985,8,11,50.0,40.0,,,,,28.0,323.0,318.0,0.0,,,,,0.0,0.0,,75.02,68.0,602.0,,,,,,,,,,72.0,45.0,999.0,999.0,,,,,1.0,,,,,999.0,999.0,,,,
1985,8,12,,,,,,,,,,0.0,,,,,0.0,0.0,,,,,,,,,,,,,,,,-999.0,-999.0,,,,,,,,,,-999.0,-999.0,,,,
1985,8,14,50.0,30.0,,,,,31.0,1437.0,1415.0,0.0,,,,,0.0,0.0,,75.02,68.0,597.0,,,,,,,,,,72.0,45.0,9999.0,9999.0,,,,,9999.0,,,,,9999.0,9999.0,,,,
1985,8,15,,,,,,,,,,0.0,,,,,0.0,0.0,,,,,,,,,,,,,,,,-99.0,-99.0,,,,,-99.0,,,,,-99.0,-99.0,,,,
1985,8,16,,,,,,,,,,,,,,,,,,,,,,,,,,,,,,,,99.0,99.0,,,,,99.0,,,,,99.0,99.0,,,,
1985,8,17,50.0,30.0,,,,,36.0,1400.0,1502.0,0.0,,,,,0.0,0.0,,73.04,68.0,587.0,,,,270.0,270.0,,,,,82.0,49.0,-9999.0,-9999.0,,,,,-9999.0,,,,,-9999.0,-9999.0,,,,
1985,8,18,,,,,,,,,,0.0,,,,,0.0,0.0,,32.0,32.0,,,,,,,,,,,,,-9.0,-9.0,,,,,-9.0,,,,,-9.0,-9.0,,,,
1985,8,19,60.0,40.0,,,,,35.0,339.0,334.0,0.0,,,,,0.0,0.0,,73.04,64.94,567.0,,,,,,,,,,82.0,58.0,999.0,999.0,,,,,999.0,,,,,999.0,999.0,,,,
1985,8,20,,,,,,,,,,0.0,,,,,0.0,0.0,,,,,,,,,,,,,,,,-999.0,-999.0,,,,,-999.0,,,,,-999.0,-999.0,,,,
1985,8,22,30.0,10.0,,,,,46.0,1421.0,1352.0,0.0,,,,,0.0,0.0,,75.02,64.94,787.0,,,,,,,,,,93.0,72.0,9999.0,9999.0,,,,,9999.0,,,,,9999.0,9999.0,,,,
1985,8,23,,,,,,,,,,0.0,,,,,0.0,0.0,,,,,,,,,,,,,,,,-99.0,-99.0,,,,,-99.0,,,,,-99.0,-99.0,,,,
1985,8,24,,,,,,,,,,,,,,,,,,,,,,,,,,,,,,,,99.0,99.0,,,,,99.0,,,,,99.0,99.0,,,,
1985,8,25,100.0,100.0,,,,,35.0,1156.0,1408.0,0.0,,,,,0.0,0.0,,71.06,66.92,0.0,,,,270.0,225.0,,,,,72.0,49.0,-9999.0,-9999.0,,,,,-9999.0,,,,,-9999.0,-9999.0,,,,
1985,8,26,,,,,,,,,,0.0,,,,,0.0,0.0,,32.0,32.0,,,,,,,,,,,,,,-9.0,,,,,,,,,,,,,,,
1985,8,27,100.0,100.0,,,,,40.0,708.0,228.0,,,,,,0.0,0.0,,69.98,64.94,0.0,,,,,,,,,,77.0,54.0,1.0,999.0,,,,,1.0,,,,,1.0,1.0,,,,
1985,8,28,,,,,,,,,,0.0,,,,,0.0,0.0,,,,,,,,,,,,,,,,,-999.0,,,,,,,,,,,,,,,
1985,8,29,,,,,,,,,,,,,,,,,,,,,,,,,,,,,,,,,,,,,,9.0,,,,,,,,,,
1985,8,30,40.0,30.0,,,,,34.0,1655.0,1428.0,0.0,,,,,0.0,0.0,,75.02,66.02,599.0,,,,,,,,,,77.0,54.0,9999.0,9999.0,,,,,1.0,,,,,9999.0,9999.0,,,,
1985,8,31,,,,,,,,,,0.0,,,,,0.0,0.0,,,,,,,,,,,,,,,,-99.0,-99.0,,,,,,,,,,-99.0,-99.0,,,,
1985,9,1,60.0,60.0,,,,,37.0,1012.0,1007.0,0.0,,,,,0.0,0.0,,78.08,69.08,667.0,,,,225.0,225.0,,,,,82.0,54.0,1.0,-9999.0,,,,,1.0,,,,,-9999.0,-9999.0,,,,
1985,9,2,,,,,,,,,,0.0,,,,,0.0,0.0,,32.0,32.0,,,,,,,,,,,,,0.0,-9.0,,,,,0.0,,,,,-9.0,-9.0,,,,
1985,9,3,60.0,40.0,,,,,39.0,221.0,442.0,0.0,,,,,0.0,0.0,,78.08,69.08,598.0,,,,,,,,,,72.0,49.0,1.0,999.0,,,,,1.0,,,,,999.0,999.0,,,,
1985,9,4,,,,,,,,,,0.0,,,,,0.0,0.0,,,,,,,,,,,,,,,,,-999.0,,,,,,,,,,-999.0,-999.0,,,,
1985,9,5,,,,,,,,,,,,,,,,,,,,,,,,,,,,,,,,,,,,,,,,,,,,9.0,,,,
1985,9,6,70.0,70.0,,,,,44.0,1531.0,1021.0,,,,,,0.0,0.0,,73.04,66.02,436.0,,,,,,,,,,82.0,54.0,9999.0,9999.0,,,,,9999.0,,,,,9999.0,1.0,,,,
1985,9,7,,,,,,,,,,0.0,,,,,0.0,0.0,,,,,,,,,,,,,,,,-99.0,-99.0,,,,,-99.0,,,,,-99.0,,,,,
1985,9,8,,,,,,,,,,,,,,,,,,,,,,,,,,,,,,,,99.0,99.0,,,,,99.0,,,,,99.0,99.0,,,,
1985,9,9,40.0,50.0,,,,,29.0,1401.0,1402.0,0.0,,,,,0.0,0.0,,75.02,60.980000000000004,631.0,,,,225.0,225.0,,,,,77.0,49.0,-9999.0,-9999.0,,,,,-9999.0,,,,,-9999.0,-9999.0,,,,
1985,9,10,,,,,,,,,,0.0,,,,,0.0,0.0,,32.0,32.0,,,,,,,,,,,,,-9.0,-9.0,,,,,-9.0,,,,,-9.0,-9.0,,,,
1985,9,11,10.0,10.0,,,,,36.0,517.0,352.0,0.0,,,,,0.0,0.0,,78.08,62.959999999999994,759.0,,,,,,,,,,82.0,63.0,999.0,999.0,,,,,999.0,,,,,999.0,999.0,,,,
1985,9,12,,,,,,,,,,0.0,,,,,0.0,0.0,,,,,,,,,,,,,,,,-999.0,-999.0,,,,,-999.0,,,,,-999.0,-999.0,,,,
1985,9,13,,,,,,,,,,,,,,,,,,,,,,,,,,,,,,,,,,,,,,,,,,,9.0,9.0,,,,
1985,9,14,80.0,70.0,,,,,49.0,1656.0,1254.0,,,,,,0.0,0.0,,75.02,66.02,551.0,,,,,,,,,,103.0,72.0,9999.0,9999.0,,,,,9999.0,,,,,1.0,1.0,,,,
1985,9,15,,,,,,,,,,0.0,,,,,0.0,0.0,,,,,,,,,,,,,,,,-99.0,-99.0,,,,,-99.0,,,,,,,,,,
1985,9,16,,,,,,,,,,,,,,,,,,,,,,,,,,,,,,,,99.0,99.0,,,,,99.0,,,,,99.0,99.0,,,,
1985,9,17,20.0,20.0,,,,,49.0,1717.0,1141.0,0.0,,,,,0.0,0.0,,71.96,62.959999999999994,738.0,,,,315.0,315.0,,,,,93.0,67.0,-9999.0,-9999.0,,,,,-9999.0,,,,,-9999.0,-9999.0,,,,
1985,9,18,,,,,,,,,,0.0,,,,,0.0,0.0,,32.0,32.0,,,,,,,,,,,,,-9.0,-9.0,,,,,-9.0,,,,,-9.0,-9.0,,,,
1985,9,19,10.0,10.0,,,,,39.0,152.0,155.0,0.0,,,,,0.0,0.0,,75.92,57.02,743.0,,,,,,,,,,113.0,80.0,999.0,999.0,,,,,999.0,,,,,999.0,999.0,,,,
1985,9,20,,,,,,,,,,0.0,,,,,0.0,0.0,,,,,,,,,,,,,,,,-999.0,-999.0,,,,,-999.0,,,,,-999.0,-999.0,,,,
1985,9,22,0.0,0.0,,,,,31.0,1322.0,1326.0,0.0,,,,,0.0,0.0,,80.06,57.92,745.0,,,,,,,,,,93.0,76.0,9999.0,9999.0,,,,,9999.0,,,,,9999.0,9999.0,,,,
1985,9,23,,,,,,,,,,0.0,,,,,0.0,0.0,,,,,,,,,,,,,,,,-99.0,-99.0,,,,,,,,,,-99.0,-99.0,,,,
1985,9,24,,,,,,,,,,,,,,,,,,,,,,,,,,,,,,,,99.0,99.0,,,,,,,,,,99.0,99.0,,,,
1985,9,25,50.0,20.0,,,,,33.0,1646.0,1421.0,0.0,,,,,0.0,0.0,,73.94,64.94,614.0,,,,270.0,315.0,,,,,72.0,49.0,-9999.0,-9999.0,,,,,-9999.0,,,,,-9999.0,-9999.0,,,,
1985,9,26,,,,,,,,,,0.0,,,,,0.0,0.0,,32.0,32.0,,,,,,,,,,,,,-9.0,-9.0,,,,,-9.0,,,,,-9.0,,,,,
1985,9,27,80.0,70.0,,,,,35.0,204.0,207.0,15.0,,,,,0.0,0.0,,71.96,64.04,366.0,,,,,,,,,,93.0,67.0,999.0,999.0,,,,,999.0,,,,,999.0,1.0,,,,
1985,9,28,,,,,,,,,,,,,,,0.0,0.0,,,,,,,,,,,,,,,,-999.0,-999.0,,,,,-999.0,,,,,-999.0,0.0,,,,
1985,9,30,30.0,20.0,,,,,35.0,1611.0,1541.0,,,,,,0.0,0.0,,73.04,60.980000000000004,726.0,,,,,,,,,,98.0,76.0,9999.0,9999.0,,,,,9999.0,,,,,9999.0,1.0,,,,
1985,9,31,,,,,,,,,,0.0,,,,,0.0,0.0,,,,,,,,,,,,,,,,-99.0,-99.0,,,,,-99.0,,,,,-99.0,,,,,
1985,10,1,50.0,40.0,,,,,42.0,1504.0,1305.0,0.0,,,,,0.0,0.0,,73.94,66.02,579.0,,,,315.0,315.0,,,,,87.0,72.0,-9999.0,,,,,,-9999.0,,,,,,-9999.0,,,,
1985,10,2,,,,,,,,,,0.0,,,,,0.0,0.0,,32.0,32.0,,,,,,,,,,,,,,,,,,,,,,,,,-9.0,,,,
1985,10,3,10.0,20.0,,,,,33.0,528.0,225.0,0.0,,,,,0.0,0.0,,80.06,62.959999999999994,684.0,,,,,,,,,,82.0,67.0,1.0,,,,,,1.0,,,,,,999.0,,,,
1985,10,4,,,,,,,,,,0.0,,,,,0.0,0.0,,,,,,,,,,,,,,,,,,,,,,0.0,,,,,,-999.0,,,,
1985,10,5,,,,,,,,,,,,,,,,,,,,,,,,,,,,,,,,,,,,,,,,,,,,9.0,,,,
1985,10,6,80.0,100.0,,,,,28.0,1611.0,1608.0,,,,,,0.0,0.0,,80.96,69.98,99.0,,,,,,,,,,77.0,54.0,9999.0,,,,,,9999.0,,,,,,1.0,,,,
1985,10,7,,,,,,,,,,0.0,,,,,0.0,0.0,,,,,,,,,,,,,,,,-99.0,,,,,,-99.0,,,,,,,,,,
1985,10,8,,,,,,,,,,,,,,,,,,,,,,,,,,,,,,,,99.0,,,,,,99.0,,,,,,99.0,,,,
1985,10,9,80.0,80.0,,,,,35.0,1310.0,1402.0,8.0,,,,,0.0,0.0,,78.08,64.94,287.0,,,,315.0,315.0,,,,,72.0,67.0,1.0,,,,,,-9999.0,,,,,,1.0,,,,
1985,10,10,,,,,,,,,,0.0,,,,,0.0,0.0,,32.0,32.0,,,,,,,,,,,,,0.0,,,,,,-9.0,,,,,,0.0,,,,
1985,10,11,90.0,80.0,,,,,40.0,441.0,453.0,25.0,,,,,0.0,0.0,,73.04,64.94,245.0,,,,,,,,,,93.0,58.0,1.0,,,,,,999.0,,,,,,1.0,,,,
1985,10,12,,,,,,,,,,0.0,,,,,0.0,0.0,,,,,,,,,,,,,,,,,,,,,,-999.0,,,,,,,,,,
1985,10,13,,,,,,,,,,,,,,,,,,,,,,,,,,,,,,,,,,,,,,,,,,,,9.0,,,,
1985,10,14,80.0,70.0,,,,,35.0,1329.0,1337.0,3.0,,,,,0.0,0.0,,69.98,60.980000000000004,497.0,,,,,,,,,,77.0,58.0,9999.0,,,,,,9999.0,,,,,,1.0,,,,
1985,10,15,,,,,,,,,,0.0,,,,,0.0,0.0,,,,,,,,,,,,,,,,-99.0,,,,,,-99.0,,,,,,0.0,,,,
1985,10,16,,,,,,,,,,,,,,,,,,,,,,,,,,,,,,,,99.0,,,,,,99.0,,,,,,,,,,
1985,10,17,0.0,0.0,,,,,26.0,1246.0,1203.0,0.0,,,,,0.0,0.0,,75.02,57.02,691.0,,,,225.0,225.0,,,,,67.0,40.0,-9999.0,,,,,,-9999.0,,,,,,-9999.0,,,,
1985,10,18,,,,,,,,,,0.0,,,,,0.0,0.0,,32.0,32.0,,,,,,,,,,,,,-9.0,,,,,,-9.0,,,,,,-9.0,,,,
1985,10,19,20.0,30.0,,,,,25.0,201.0,446.0,0.0,,,,,0.0,0.0,,71.96,59.0,674.0,,,,,,,,,,67.0,45.0,999.0,,,,,,999.0,,,,,,999.0,,,,
1985,10,20,,,,,,,,,,0.0,,,,,0.0,0.0,,,,,,,,,,,,,,,,-999.0,,,,,,-999.0,,,,,,-999.0,,,,
1985,10,22,0.0,0.0,,,,,28.0,1418.0,1227.0,0.0,,,,,0.0,0.0,,80.06,57.02,685.0,,,,,,,,,,67.0,54.0,9999.0,,,,,,9999.0,,,,,,9999.0,,,,
1985,10,23,,,,,,,,,,0.0,,,,,0.0,0.0,,,,,,,,,,,,,,,,-99.0,,,,,,-99.0,,,,,,-99.0,,,,
1985,10,24,,,,,,,,,,,,,,,,,,,,,,,,,,,,,,,,99.0,,,,,,99.0,,,,,,99.0,,,,
1985,10,25,40.0,40.0,,,,,42.0,29.0,37.0,0.0,,,,,0.0,0.0,,73.04,64.04,532.0,,,,180.0,180.0,,,,,87.0,76.0,-9999.0,,,,,,-9999.0,,,,,,-9999.0,,,,
1985,10,26,,,,,,,,,,0.0,,,,,0.0,0.0,,32.0,32.0,,,,,,,,,,,,,-9.0,,,,,,-9.0,,,,,,-9.0,,,,
1985,10,27,70.0,40.0,,,,,37.0,248.0,301.0,0.0,,,,,0.0,0.0,,69.98,64.94,415.0,,,,,,,,,,72.0,45.0,999.0,,,,,,999.0,,,,,,999.0,,,,
1985,10,28,,,,,,,,,,0.0,,,,,0.0,0.0,,,,,,,,,,,,,,,,-999.0,,,,,,-999.0,,,,,,-999.0,,,,
1985,10,29,,,,,,,,,,,,,,,,,,,,,,,,,,,,,,,,,,,,,,9.0,,,,,,,,,,
1985,10,30,0.0,0.0,,,,,37.0,1302.0,1248.0,0.0,,,,,0.0,0.0,,71.06,57.92,675.0,,,,,,,,,,87.0,76.0,9999.0,,,,,,1.0,,,,,,9999.0,,,,
1985,10,31,,,,,,,,,,0.0,,,,,0.0,0.0,,,,,,,,,,,,,,,,,,,,,,0.0,,,,,,-99.0,,,,
1985,11,1,0.0,0.0,,,,,25.0,1321.0,1325.0,0.0,,,,,0.0,0.0,,73.94,55.04,652.0,,,,315.0,315.0,,,,,72.0,58.0,-9999.0,-9999.0,-9999.0,-9999.0,,,1.0,,,,,-9999.0,-9999.0,,,,
1985,11,2,,,,,,,,,,0.0,,,,,0.0,0.0,,32.0,32.0,,,,,,,,,,,,,,,-9.0,-9.0,,,0.0,,,,,-9.0,-9.0,,,,
1985,11,3,20.0,0.0,,,,,24.0,204.0,223.0,0.0,,,,,0.0,0.0,,82.04,55.04,650.0,,,,,,,,,,62.0,54.0,1.0,1.0,999.0,999.0,,,1.0,,,,,999.0,999.0,,,,
1985,11,4,,,,,,,,,,0.0,,,,,0.0,0.0,,,,,,,,,,,,,,,,0.0,,-999.0,-999.0,,,0.0,,,,,-999.0,-999.0,,,,
1985,11,6,70.0,80.0,,,,,21.0,1225.0,1229.0,0.0,,,,,0.0,0.0,,78.98,53.96,537.0,,,,,,,,,,62.0,54.0,1.0,9999.0,9999.0,9999.0,,,1.0,,,,,9999.0,9999.0,,,,
1985,11,7,,,,,,,,,,0.0,,,,,0.0,0.0,,,,,,,,,,,,,,,,0.0,-99.0,-99.0,-99.0,,,0.0,,,,,-99.0,-99.0,,,,
1985,11,8,,,,,,,,,,,,,,,,,,,,,,,,,,,,,,,,,99.0,99.0,99.0,,,,,,,,99.0,99.0,,,,
1985,11,9,30.0,0.0,,,,,27.0,1245.0,1436.0,0.0,,,,,0.0,0.0,,69.98,55.04,616.0,,,,315.0,315.0,,,,,62.0,49.0,1.0,-9999.0,-9999.0,-9999.0,,,1.0,,,,,-9999.0,-9999.0,,,,
1985,11,10,,,,,,,,,,0.0,,,,,0.0,0.0,,32.0,32.0,,,,,,,,,,,,,0.0,-9.0,-9.0,-9.0,,,0.0,,,,,-9.0,-9.0,,,,
1985,11,11,50.0,20.0,,,,,29.0,307.0,303.0,0.0,,,,,0.0,0.0,,71.06,57.92,552.0,,,,,,,,,,67.0,54.0,1.0,999.0,999.0,999.0,,,1.0,,,,,999.0,999.0,,,,
1985,11,12,,,,,,,,,,0.0,,,,,0.0,0.0,,,,,,,,,,,,,,,,0.0,-999.0,-999.0,-999.0,,,0.0,,,,,-999.0,-999.0,,,,
1985,11,14,70.0,70.0,,,,,50.0,1216.0,1200.0,0.0,,,,,0.0,0.0,,66.02,60.08,405.0,,,,,,,,,,93.0,67.0,9999.0,9999.0,9999.0,9999.0,,,9999.0,,,,,9999.0,9999.0,,,,
1985,11,15,,,,,,,,,,0.0,,,,,0.0,0.0,,,,,,,,,,,,,,,,-99.0,-99.0,-99.0,-99.0,,,-99.0,,,,,-99.0,,,,,
1985,11,16,,,,,,,,,,,,,,,,,,,,,,,,,,,,,,,,99.0,99.0,99.0,99.0,,,99.0,,,,,99.0,,,,,
1985,11,17,100.0,100.0,,,,,64.0,1002.0,939.0,417.0,,,,,0.0,0.0,,60.980000000000004,53.06,2.0,,,,225.0,225.0,,,,,164.0,134.0,1.0,-9999.0,-9999.0,-9999.0,,,-9999.0,,,,,-9999.0,1.0,,,,
1985,11,18,,,,,,,,,,0.0,,,,,0.0,0.0,,32.0,32.0,,,,,,,,,,,,,,-9.0,,,,,-9.0,,,,,-9.0,0.0,,,,
1985,11,19,70.0,80.0,,,,,49.0,418.0,420.0,23.0,,,,,,0.0,,59.0,50.0,275.0,,,,,,,,,,129.0,94.0,999.0,999.0,1.0,1.0,,,999.0,,,,,999.0,1.0,,,,
1985,11,20,,,,,,,,,,,,,,,0.0,0.0,,,,,,,,,,,,,,,,-999.0,-999.0,,,,,-999.0,,,,,-999.0,0.0,,,,
1985,11,22,0.0,0.0,,,,,28.0,1542.0,1928.0,0.0,,,,,0.0,0.0,,64.04,44.96,617.0,,,,,,,,,,62.0,58.0,9999.0,9999.0,9999.0,9999.0,,,9999.0,,,,,9999.0,9999.0,,,,
1985,11,23,,,,,,,,,,0.0,,,,,0.0,0.0,,,32.0,,,,,,,,,,,,,-99.0,-99.0,-99.0,-99.0,,,-99.0,,,,,-99.0,-99.0,,,,
1985,11,24,,,,,,,,,,,,,,,,,,,,,,,,,,,,,,,,99.0,99.0,99.0,99.0,,,99.0,,,,,99.0,99.0,,,,
1985,11,25,40.0,40.0,,,,,23.0,2350.0,2330.0,0.0,,,,,0.0,0.0,,69.08,48.02,628.0,,,,180.0,135.0,,,,,57.0,40.0,1.0,-9999.0,-9999.0,-9999.0,,,-9999.0,,,,,-9999.0,-9999.0,,,,
1985,11,26,,,,,,,,,,0.0,,,,,0.0,0.0,,32.0,32.0,,,,,,,,,,,,,,-9.0,-9.0,-9.0,,,-9.0,,,,,,,,,,
1985,11,27,60.0,60.0,,,,,46.0,31.0,25.0,,,,,,0.0,0.0,,64.04,57.92,394.0,,,,,,,,,,98.0,67.0,999.0,999.0,999.0,999.0,,,999.0,,,,,1.0,1.0,,,,
1985,11,28,,,,,,,,,,0.0,,,,,0.0,0.0,,,,,,,,,,,,,,,,-999.0,-999.0,-999.0,-999.0,,,-999.0,,,,,,,,,,
1985,11,30,30.0,60.0,,,,,25.0,1629.0,1633.0,0.0,,,,,0.0,0.0,,68.0,48.92,535.0,,,,,,,,,,67.0,67.0,9999.0,9999.0,9999.0,9999.0,,,9999.0,,,,,9999.0,9999.0,,,,
1985,11,31,,,,,,,,,,0.0,,,,,0.0,0.0,,,32.0,,,,,,,,,,,,,-99.0,-99.0,-99.0,-99.0,,,-99.0,,,,,-99.0,-99.0,,,,
1985,12,1,60.0,100.0,,,,,14.0,1347.0,1326.0,0.0,,,,,0.0,0.0,,62.059999999999995,48.92,584.0,,,,315.0,315.0,,,,,62.0,40.0,-9999.0,-9999.0,-9999.0,,,,-9999.0,,,,,-9999.0,-9999.0,,,,
1985,12,2,,,,,,,,,,0.0,,,,,0.0,0.0,,32.0,32.0,,,,,,,,,,,,,-9.0,-9.0,-9.0,,,,,,,,,-9.0,,,,,
1985,12,3,100.0,100.0,,,,,30.0,151.0,203.0,160.0,,,,,0.0,0.0,,59.0,50.0,104.0,,,,,,,,,,108.0,54.0,999.0,999.0,999.0,,,,1.0,,,,,999.0,1.0,,,,
1985,12,4,,,,,,,,,,,,,,,0.0,0.0,,,,,,,,,,,,,,,,,-999.0,-999.0,,,,0.0,,,,,,0.0,,,,
1985,12,6,20.0,0.0,,,,,25.0,1445.0,1503.0,0.0,,,,,0.0,0.0,,73.04,51.98,607.0,,,,,,,,,,72.0,63.0,1.0,9999.0,9999.0,,,,1.0,,,,,9999.0,9999.0,,,,
1985,12,7,,,,,,,,,,0.0,,,,,0.0,0.0,,,,,,,,,,,,,,,,0.0,-99.0,-99.0,,,,0.0,,,,,-99.0,-99.0,,,,
1985,12,8,,,,,,,,,,,,,,,,,,,,,,,,,,,,,,,,,99.0,99.0,,,,,,,,,99.0,99.0,,,,
1985,12,9,80.0,60.0,,,,,31.0,1248.0,1246.0,0.0,,,,,0.0,0.0,,64.94,53.06,219.0,,,,315.0,315.0,,,,,77.0,67.0,1.0,1.0,-9999.0,,,,1.0,,,,,-9999.0,-9999.0,,,,
1985,12,10,,,,,,,,,,0.0,,,,,0.0,0.0,,32.0,32.0,,,,,,,,,,,,,0.0,,-9.0,,,,0.0,,,,,-9.0,-9.0,,,,
1985,12,11,70.0,90.0,,,,,22.0,442.0,441.0,0.0,,,,,0.0,0.0,,66.02,48.92,583.0,,,,,,,,,,67.0,58.0,1.0,1.0,999.0,,,,1.0,,,,,999.0,999.0,,,,
1985,12,12,,,,,,,,,,0.0,,,,,0.0,0.0,,,,,,,,,,,,,,,,0.0,,-999.0,,,,,,,,,-999.0,-999.0,,,,
1985,12,13,,,,,,,,,,,,,,,,,,,,,,,,,,,,,,,,,,,,,,,,,,,,9.0,,,,
1985,12,14,20.0,40.0,,,,,37.0,1601.0,1557.0,,,,,,0.0,0.0,,60.08,46.04,538.0,,,,,,,,,,164.0,121.0,9999.0,9999.0,9999.0,,,,9999.0,,,,,9999.0,1.0,,,,
1985,12,15,,,,,,,,,,0.0,,,,,0.0,0.0,,,32.0,,,,,,,,,,,,,-99.0,-99.0,-99.0,,,,-99.0,,,,,-99.0,0.0,,,,
1985,12,16,,,,,,,,,,,,,,,,,,,,,,,,,,,,,,,,99.0,99.0,99.0,,,,99.0,,,,,99.0,,,,,
1985,12,17,60.0,90.0,,,,,39.0,1250.0,1250.0,61.0,,,,,0.0,0.0,,53.96,42.980000000000004,157.0,,,,315.0,315.0,,,,,77.0,72.0,1.0,-9999.0,1.0,,,,-9999.0,,,,,-9999.0,1.0,,,,
1985,12,18,,,,,,,,,,0.0,,,,,0.0,0.0,,32.0,32.0,,,,,,,,,,,,,,-9.0,,,,,-9.0,,,,,-9.0,,,,,
1985,12,19,0.0,0.0,,,,,22.0,538.0,543.0,0.0,,,,,0.0,0.0,,57.02,37.94,600.0,,,,,,,,,,57.0,49.0,999.0,999.0,999.0,,,,999.0,,,,,999.0,999.0,,,,
1985,12,20,,,,,,,,,,0.0,,,,,0.0,0.0,,,,,,,,,,,,,,,,-999.0,-999.0,-999.0,,,,,,,,,-999.0,-999.0,,,,
1985,12,22,10.0,10.0,,,,,20.0,1551.0,1555.0,0.0,,,,,0.0,0.0,,66.02,39.92,601.0,,,,,,,,,,72.0,58.0,9999.0,9999.0,9999.0,,,,1.0,,,,,9999.0,9999.0,,,,
1985,12,23,,,,,,,,,,0.0,,,,,0.0,0.0,,,32.0,,,,,,,,,,,,,-99.0,-99.0,-99.0,,,,,,,,,-99.0,-99.0,,,,
1985,12,24,,,,,,,,,,,,,,,,,,,,,,,,,,,,,,,,99.0,99.0,99.0,,,,99.0,,,,,99.0,99.0,,,,
1985,12,25,50.0,50.0,,,,,20.0,1540.0,1538.0,0.0,,,,,0.0,0.0,,71.06,51.08,500.0,,,,315.0,315.0,,,,,57.0,54.0,-9999.0,-9999.0,-9999.0,,,,-9999.0,,,,,-9999.0,-9999.0,,,,
1985,12,26,,,,,,,,,,0.0,,,,,0.0,0.0,,32.0,32.0,,,,,,,,,,,,,-9.0,-9.0,-9.0,,,,-9.0,,,,,-9.0,-9.0,,,,
1985,12,27,0.0,0.0,,,,,25.0,359.0,527.0,0.0,,,,,0.0,0.0,,75.92,44.96,600.0,,,,,,,,,,62.0,54.0,999.0,999.0,999.0,,,,999.0,,,,,999.0,999.0,,,,
1985,12,28,,,,,,,,,,0.0,,,,,0.0,0.0,,,,,,,,,,,,,,,,-999.0,-999.0,-999.0,,,,-999.0,,,,,-999.0,-999.0,,,,
1985,12,30,0.0,0.0,,,,,20.0,1305.0,1404.0,0.0,,,,,0.0,0.0,,78.08,46.94,600.0,,,,,,,,,,57.0,49.0,9999.0,9999.0,9999.0,,,,9999.0,,,,,9999.0,9999.0,,,,
1985,12,31,,,,,,,,,,0.0,,,,,0.0,0.0,,,32.0,,,,,,,,,,,,,-99.0,-99.0,-99.0,,,,-99.0,,,,,-99.0,-99.0,,,,
1986,1,1,90.0,80.0,,,,,32.0,1317.0,1306.0,0.0,,,,,0.0,0.0,,66.02,57.02,109.0,,,,315.0,315.0,,,,,77.0,63.0,1.0,-9999.0,,,,,1.0,,,,,-9999.0,1.0,,,,
1986,1,2,,,,,,,,,,,,,,,0.0,0.0,,32.0,32.0,,,,,,,,,,,,,,-9.0,,,,,0.0,,,,,-9.0,,,,,
1986,1,3,100.0,100.0,,,,,28.0,417.0,513.0,0.0,,,,,0.0,0.0,,64.04,57.02,15.0,,,,,,,,,,67.0,54.0,999.0,999.0,,,,,1.0,,,,,999.0,999.0,,,,
1986,1,4,,,,,,,,,,0.0,,,,,0.0,0.0,,,,,,,,,,,,,,,,-999.0,-999.0,,,,,0.0,,,,,-999.0,-999.0,,,,
1986,1,6,80.0,100.0,,,,,22.0,1439.0,1447.0,0.0,,,,,0.0,0.0,,73.94,53.96,560.0,,,,,,,,,,57.0,36.0,9999.0,9999.0,,,,,1.0,,,,,9999.0,9999.0,,,,
1986,1,7,,,,,,,,,,0.0,,,,,0.0,0.0,,,,,,,,,,,,,,,,,-99.0,,,,,,,,,,,,,,,
1986,1,8,,,,,,,,,,,,,,,,,,,,,,,,,,,,,,,,,99.0,,,,,99.0,,,,,,,,,,
1986,1,9,40.0,30.0,,,,,38.0,1624.0,1621.0,0.0,,,,,0.0,0.0,,66.02,53.06,505.0,,,,315.0,315.0,,,,,87.0,72.0,1.0,-9999.0,,,,,1.0,,,,,-9999.0,-9999.0,,,,
1986,1,10,,,,,,,,,,0.0,,,,,0.0,0.0,,32.0,32.0,,,,,,,,,,,,,0.0,,,,,,,,,,,-9.0,-9.0,,,,
1986,1,11,0.0,0.0,,,,,27.0,128.0,221.0,0.0,,,,,0.0,0.0,,77.0,48.02,606.0,,,,,,,,,,123.0,76.0,1.0,1.0,,,,,999.0,,,,,999.0,999.0,,,,
1986,1,12,,,,,,,,,,0.0,,,,,0.0,0.0,,,,,,,,,,,,,,,,,,,,,,-999.0,,,,,-999.0,-999.0,,,,
1986,1,14,0.0,0.0,,,,,22.0,1653.0,1701.0,0.0,,,,,0.0,0.0,,75.02,44.96,608.0,,,,,,,,,,57.0,49.0,9999.0,9999.0,,,,,9999.0,,,,,9999.0,9999.0,,,,
1986,1,15,,,,,,,,,,0.0,,,,,0.0,0.0,,,32.0,,,,,,,,,,,,,-99.0,-99.0,,,,,-99.0,,,,,-99.0,-99.0,,,,
1986,1,16,,,,,,,,,,,,,,,,,,,,,,,,,,,,,,,,99.0,99.0,,,,,99.0,,,,,99.0,99.0,,,,
1986,1,17,0.0,0.0,,,,,20.0,1409.0,1403.0,0.0,,,,,0.0,0.0,,78.98,50.0,610.0,,,,315.0,315.0,,,,,62.0,49.0,-9999.0,-9999.0,,,,,-9999.0,,,,,-9999.0,-9999.0,,,,
1986,1,18,,,,,,,,,,0.0,,,,,0.0,0.0,,32.0,32.0,,,,,,,,,,,,,-9.0,-9.0,,,,,-9.0,,,,,-9.0,-9.0,,,,
1986,1,19,0.0,0.0,,,,,20.0,441.0,507.0,0.0,,,,,0.0,0.0,,82.04,48.92,600.0,,,,,,,,,,57.0,49.0,999.0,999.0,,,,,999.0,,,,,999.0,999.0,,,,
1986,1,20,,,,,,,,,,0.0,,,,,0.0,0.0,,,,,,,,,,,,,,,,-999.0,-999.0,,,,,-999.0,,,,,-999.0,-999.0,,,,
1986,1,21,,,,,,,,,,,,,,,,,,,,,,,,,,,,,,,,,,,,,,,,,,,,9.0,,,,
1986,1,22,100.0,100.0,,,,,35.0,905.0,1446.0,,,,,,0.0,0.0,,66.92,60.08,222.0,,,,,,,,,,82.0,63.0,9999.0,9999.0,,,,,9999.0,,,,,9999.0,1.0,,,,
1986,1,23,,,,,,,,,,0.0,,,,,0.0,0.0,,,,,,,,,,,,,,,,-99.0,-99.0,,,,,-99.0,,,,,-99.0,,,,,
1986,1,24,,,,,,,,,,,,,,,,,,,,,,,,,,,,,,,,99.0,99.0,,,,,99.0,,,,,99.0,99.0,,,,
1986,1,25,20.0,30.0,,,,,31.0,1218.0,1238.0,0.0,,,,,0.0,0.0,,64.04,50.0,595.0,,,,315.0,315.0,,,,,87.0,72.0,1.0,-9999.0,,,,,1.0,,,,,-9999.0,-9999.0,,,,
1986,1,26,,,,,,,,,,0.0,,,,,0.0,0.0,,32.0,32.0,,,,,,,,,,,,,0.0,-9.0,,,,,0.0,,,,,-9.0,-9.0,,,,
1986,1,27,20.0,50.0,,,,,30.0,459.0,620.0,0.0,,,,,0.0,0.0,,66.92,50.0,616.0,,,,,,,,,,72.0,54.0,1.0,999.0,,,,,1.0,,,,,999.0,999.0,,,,
1986,1,28,,,,,,,,,,0.0,,,,,0.0,0.0,,,,,,,,,,,,,,,,0.0,,,,,,0.0,,,,,-999.0,-999.0,,,,
1986,1,30,80.0,70.0,,,,,27.0,1207.0,2211.0,0.0,,,,,0.0,0.0,,60.08,50.0,390.0,,,,,,,,,,77.0,40.0,1.0,1.0,,,,,1.0,,,,,9999.0,9999.0,,,,
1986,1,31,,,,,,,,,,0.0,,,,,0.0,0.0,,,,,,,,,,,,,,,,,,,,,,0.0,,,,,-99.0,-99.0,,,,
1986,2,1,40.0,40.0,,,,,29.0,1436.0,1429.0,0.0,,,,,0.0,0.0,,64.94,51.98,566.0,,,,315.0,315.0,,,,,82.0,67.0,-9999.0,-9999.0,-9999.0,,,,-9999.0,,,,,-9999.0,-9999.0,,,,
1986,2,2,,,,,,,,,,0.0,,,,,0.0,0.0,,32.0,32.0,,,,,,,,,,,,,-9.0,-9.0,-9.0,,,,-9.0,,,,,-9.0,,,,,
1986,2,3,70.0,40.0,,,,,31.0,406.0,401.0,,,,,,0.0,0.0,,64.04,53.06,547.0,,,,,,,,,,82.0,67.0,999.0,999.0,999.0,,,,999.0,,,,,999.0,1.0,,,,
1986,2,4,,,,,,,,,,,,,,,0.0,0.0,,,,,,,,,,,,,,,,-999.0,-999.0,-999.0,,,,-999.0,,,,,,0.0,,,,
1986,2,6,10.0,0.0,,,,,33.0,59.0,311.0,0.0,,,,,0.0,0.0,,64.04,53.06,642.0,,,,,,,,,,87.0,67.0,9999.0,9999.0,9999.0,,,,9999.0,,,,,9999.0,9999.0,,,,
1986,2,7,,,,,,,,,,0.0,,,,,0.0,0.0,,,32.0,,,,,,,,,,,,,-99.0,-99.0,-99.0,,,,-99.0,,,,,-99.0,-99.0,,,,
1986,2,8,,,,,,,,,,,,,,,,,,,,,,,,,,,,,,,,99.0,99.0,99.0,,,,99.0,,,,,99.0,99.0,,,,
1986,2,9,70.0,80.0,,,,,46.0,1110.0,1235.0,0.0,,,,,0.0,0.0,,60.08,51.08,269.0,,,,225.0,270.0,,,,,93.0,58.0,-9999.0,-9999.0,-9999.0,,,,-9999.0,,,,,-9999.0,-9999.0,,,,
1986,2,10,,,,,,,,,,0.0,,,,,0.0,0.0,,32.0,32.0,,,,,,,,,,,,,-9.0,-9.0,-9.0,,,,-9.0,,,,,-9.0,,,,,
1986,2,11,50.0,50.0,,,,,31.0,238.0,338.0,48.0,,,,,0.0,0.0,,62.059999999999995,46.04,487.0,,,,,,,,,,93.0,54.0,999.0,999.0,999.0,,,,999.0,,,,,999.0,1.0,,,,
1986,2,12,,,,,,,,,,,,,,,0.0,0.0,,,,,,,,,,,,,,,,,-999.0,-999.0,,,,-999.0,,,,,-999.0,0.0,,,,
1986,2,14,10.0,0.0,,,,,28.0,1459.0,1502.0,0.0,,,,,0.0,0.0,,60.980000000000004,44.06,651.0,,,,,,,,,,98.0,67.0,9999.0,9999.0,9999.0,,,,9999.0,,,,,9999.0,9999.0,,,,
1986,2,15,,,,,,,,,,0.0,,,,,0.0,0.0,,,32.0,,,,,,,,,,,,,-99.0,-99.0,-99.0,,,,-99.0,,,,,-99.0,-99.0,,,,
1986,2,16,,,,,,,,,,,,,,,,,,,,,,,,,,,,,,,,99.0,99.0,99.0,,,,99.0,,,,,99.0,99.0,,,,
1986,2,17,60.0,70.0,,,,,26.0,1457.0,1324.0,0.0,,,,,0.0,0.0,,60.08,44.96,527.0,,,,270.0,315.0,,,,,67.0,49.0,-9999.0,-9999.0,-9999.0,,,,-9999.0,,,,,-9999.0,-9999.0,,,,
1986,2,18,,,,,,,,,,0.0,,,,,0.0,0.0,,32.0,32.0,,,,,,,,,,,,,-9.0,-9.0,-9.0,,,,-9.0,,,,,-9.0,-9.0,,,,
1986,2,19,80.0,70.0,,,,,26.0,448.0,505.0,0.0,,,,,0.0,0.0,,62.959999999999994,48.02,521.0,,,,,,,,,,62.0,49.0,999.0,999.0,999.0,,,,999.0,,,,,999.0,999.0,,,,
1986,2,20,,,,,,,,,,0.0,,,,,0.0,0.0,,,,,,,,,,,,,,,,-999.0,-999.0,-999.0,,,,-999.0,,,,,-999.0,,,,,
1986,2,21,,,,,,,,,,,,,,,,,,,,,,,,,,,,,,,,9.0,,,,,,,,,,,,,,,,
1986,2,22,100.0,100.0,,,,,48.0,2331.0,2336.0,,,,,,0.0,0.0,,64.04,55.04,40.0,,,,,,,,,,134.0,98.0,1.0,9999.0,9999.0,,,,9999.0,,,,,9999.0,1.0,,,,
1986,2,23,,,,,,,,,,,,,,,0.0,0.0,,,,,,,,,,,,,,,,0.0,-99.0,,,,,-99.0,,,,,-99.0,0.0,,,,
1986,2,24,,,,,,,,,,,,,,,,,,,,,,,,,,,,,,,,,99.0,,,,,99.0,,,,,99.0,,,,,
1986,2,25,90.0,100.0,,,,,34.0,1455.0,1142.0,3.0,,,,,0.0,0.0,,64.94,57.92,263.0,,,,225.0,225.0,,,,,77.0,45.0,1.0,1.0,-9999.0,,,,1.0,,,,,1.0,1.0,,,,
1986,2,26,,,,,,,,,,0.0,,,,,0.0,0.0,,32.0,32.0,,,,,,,,,,,,,0.0,,-9.0,,,,0.0,,,,,,0.0,,,,
1986,2,27,70.0,50.0,,,,,34.0,613.0,227.0,,,,,,0.0,0.0,,69.08,53.96,502.0,,,,,,,,,,82.0,72.0,1.0,999.0,999.0,,,,1.0,,,,,999.0,1.0,,,,
1986,2,28,,,,,,,,,,0.0,,,,,0.0,0.0,,,,,,,,,,,,,,,,0.0,-999.0,-999.0,,,,0.0,,,,,-999.0,,,,,
1986,2,29,,,,,,,,,,,,,,,,,,,,,,,,,,,,,,,,,,,,,,,,,,,9.0,9.0,,,,
1986,2,30,90.0,100.0,,,,,25.0,1740.0,1319.0,10.0,,,,,0.0,0.0,,62.959999999999994,57.02,0.0,,,,,,,,,,57.0,40.0,1.0,9999.0,9999.0,,,,9999.0,,,,,1.0,1.0,,,,
1986,2,31,,,,,,,,,,0.0,,,,,0.0,0.0,,,,,,,,,,,,,,,,0.0,-99.0,-99.0,,,,-99.0,,,,,,,,,,
1986,3,1,100.0,100.0,,,,,26.0,844.0,845.0,0.0,,,,,0.0,0.0,,62.059999999999995,57.02,0.0,,,,180.0,180.0,,,,,57.0,36.0,1.0,-9999.0,-9999.0,,,,1.0,,,,,-9999.0,-9999.0,,,,
1986,3,2,,,,,,,,,,0.0,,,,,0.0,0.0,,32.0,32.0,,,,,,,,,,,,,,-9.0,-9.0,,,,,,,,,-9.0,-9.0,,,,
1986,3,3,100.0,100.0,,,,,26.0,230.0,222.0,0.0,,,,,0.0,0.0,,62.959999999999994,59.0,0.0,,,,,,,,,,67.0,40.0,999.0,999.0,999.0,,,,999.0,,,,,999.0,999.0,,,,
1986,3,4,,,,,,,,,,0.0,,,,,0.0,0.0,,,,,,,,,,,,,,,,-999.0,-999.0,-999.0,,,,-999.0,,,,,-999.0,-999.0,,,,
1986,3,5,,,,,,,,,,,,,,,,,,,,,,,,,,,,,,,,9.0,,,,,,9.0,,,,,,,,,,
1986,3,6,60.0,40.0,,,,,28.0,1709.0,1428.0,0.0,,,,,0.0,0.0,,66.02,55.04,420.0,,,,,,,,,,72.0,58.0,1.0,9999.0,9999.0,,,,1.0,,,,,9999.0,9999.0,,,,
1986,3,7,,,,,,,,,,0.0,,,,,0.0,0.0,,,,,,,,,,,,,,,,0.0,-99.0,-99.0,,,,0.0,,,,,-99.0,-99.0,,,,
1986,3,8,,,,,,,,,,,,,,,,,,,,,,,,,,,,,,,,,99.0,99.0,,,,,,,,,99.0,99.0,,,,
1986,3,9,90.0,90.0,,,,,24.0,1517.0,1520.0,0.0,,,,,0.0,0.0,,64.04,57.02,199.0,,,,270.0,270.0,,,,,72.0,54.0,1.0,-9999.0,-9999.0,,,,1.0,,,,,-9999.0,-9999.0,,,,
1986,3,10,,,,,,,,,,0.0,,,,,0.0,0.0,,32.0,32.0,,,,,,,,,,,,,0.0,-9.0,-9.0,,,,,,,,,,,,,,
1986,3,11,100.0,100.0,,,,,27.0,526.0,535.0,,,,,,0.0,0.0,,62.059999999999995,57.92,5.0,,,,,,,,,,57.0,45.0,1.0,999.0,999.0,,,,999.0,,,,,1.0,1.0,,,,
1986,3,12,,,,,,,,,,,,,,,0.0,0.0,,,,,,,,,,,,,,,,0.0,-999.0,-999.0,,,,-999.0,,,,,,0.0,,,,
1986,3,14,80.0,100.0,,,,,22.0,1319.0,1408.0,0.0,,,,,0.0,0.0,,62.959999999999994,53.06,304.0,,,,,,,,,,67.0,40.0,9999.0,9999.0,9999.0,,,,9999.0,,,,,9999.0,9999.0,,,,
1986,3,15,,,,,,,,,,,,,,,0.0,0.0,,,,,,,,,,,,,,,,,-99.0,-99.0,,,,-99.0,,,,,-99.0,,,,,
1986,3,16,,,,,,,,,,,,,,,,,,,,,,,,,,,,,,,,,99.0,99.0,,,,99.0,,,,,99.0,,,,,
1986,3,17,70.0,70.0,,,,,60.0,40.0,42.0,0.0,,,,,0.0,0.0,,62.959999999999994,57.02,351.0,,,,270.0,270.0,,,,,118.0,85.0,-9999.0,-9999.0,-9999.0,,,,-9999.0,,,,,-9999.0,1.0,,,,
1986,3,18,,,,,,,,,,,,,,,0.0,0.0,,32.0,32.0,,,,,,,,,,,,,,-9.0,-9.0,,,,-9.0,,,,,-9.0,0.0,,,,
1986,3,19,80.0,100.0,,,,,34.0,403.0,413.0,33.0,,,,,0.0,0.0,,62.959999999999994,51.98,271.0,,,,,,,,,,108.0,76.0,1.0,999.0,999.0,,,,999.0,,,,,999.0,1.0,,,,
1986,3,20,,,,,,,,,,,,,,,0.0,0.0,,,,,,,,,,,,,,,,,-999.0,-999.0,,,,-999.0,,,,,-999.0,0.0,,,,
1986,3,21,,,,,,,,,,,,,,,,,,,,,,,,,,,,,,,,9.0,,,,,,,,,,,,,,,,
1986,3,22,50.0,40.0,,,,,30.0,1316.0,1238.0,64.0,,,,,0.0,0.0,,62.059999999999995,51.08,578.0,,,,,,,,,,82.0,54.0,1.0,9999.0,9999.0,,,,9999.0,,,,,9999.0,1.0,,,,
1986,3,23,,,,,,,,,,,,,,,0.0,0.0,,,,,,,,,,,,,,,,0.0,-99.0,-99.0,,,,-99.0,,,,,-99.0,0.0,,,,
1986,3,24,,,,,,,,,,,,,,,,,,,,,,,,,,,,,,,,,99.0,99.0,,,,99.0,,,,,99.0,,,,,
1986,3,25,80.0,80.0,,,,,53.0,1547.0,1548.0,135.0,,,,,0.0,0.0,,62.059999999999995,48.92,289.0,,,,180.0,180.0,,,,,159.0,116.0,-9999.0,-9999.0,1.0,,,,-9999.0,,,,,-9999.0,1.0,,,,
1986,3,26,,,,,,,,,,0.0,,,,,0.0,0.0,,32.0,32.0,,,,,,,,,,,,,-9.0,-9.0,0.0,,,,-9.0,,,,,-9.0,0.0,,,,
1986,3,27,50.0,40.0,,,,,36.0,59.0,51.0,10.0,,,,,0.0,0.0,,62.059999999999995,48.92,601.0,,,,,,,,,,82.0,54.0,999.0,999.0,1.0,,,,999.0,,,,,999.0,1.0,,,,
1986,3,28,,,,,,,,,,0.0,,,,,0.0,0.0,,,,,,,,,,,,,,,,-999.0,-999.0,,,,,-999.0,,,,,-999.0,,,,,
1986,3,30,0.0,0.0,,,,,31.0,1545.0,621.0,0.0,,,,,0.0,0.0,,69.98,50.0,725.0,,,,,,,,,,103.0,67.0,9999.0,9999.0,9999.0,,,,9999.0,,,,,9999.0,9999.0,,,,
1986,3,31,,,,,,,,,,0.0,,,,,0.0,0.0,,,,,,,,,,,,,,,,-99.0,-99.0,-99.0,,,,-99.0,,,,,-99.0,-99.0,,,,
1986,4,1,90.0,90.0,,,,,40.0,1304.0,1301.0,8.0,,,,,0.0,0.0,,68.0,60.08,150.0,,,,270.0,270.0,,,,,93.0,76.0,-9999.0,,,,,,-9999.0,,,,,1.0,1.0,,,,
1986,4,2,,,,,,,,,,0.0,,,,,0.0,0.0,,32.0,32.0,,,,,,,,,,,,,-9.0,,,,,,-9.0,,,,,,,,,,
1986,4,3,50.0,60.0,,,,,41.0,21.0,29.0,0.0,,,,,0.0,0.0,,64.94,57.02,491.0,,,,,,,,,,82.0,63.0,999.0,,,,,,999.0,,,,,999.0,999.0,,,,
1986,4,4,,,,,,,,,,0.0,,,,,0.0,0.0,,,,,,,,,,,,,,,,-999.0,,,,,,-999.0,,,,,-999.0,-999.0,,,,
1986,4,6,40.0,50.0,,,,,31.0,1405.0,1356.0,0.0,,,,,0.0,0.0,,64.94,51.98,626.0,,,,,,,,,,77.0,49.0,9999.0,,,,,,9999.0,,,,,9999.0,9999.0,,,,
1986,4,7,,,,,,,,,,0.0,,,,,0.0,0.0,,,,,,,,,,,,,,,,-99.0,,,,,,-99.0,,,,,-99.0,,,,,
1986,4,8,,,,,,,,,,,,,,,,,,,,,,,,,,,,,,,,99.0,,,,,,99.0,,,,,99.0,,,,,
1986,4,9,70.0,70.0,,,,,45.0,1307.0,1221.0,287.0,,,,,0.0,0.0,,64.94,55.94,391.0,,,,135.0,180.0,,,,,118.0,72.0,1.0,,,,,,-9999.0,,,,,-9999.0,1.0,,,,
1986,4,10,,,,,,,,,,0.0,,,,,0.0,0.0,,32.0,32.0,,,,,,,,,,,,,,,,,,,-9.0,,,,,-9.0,,,,,
1986,4,11,10.0,10.0,,,,,31.0,418.0,436.0,0.0,,,,,0.0,0.0,,66.92,53.06,698.0,,,,,,,,,,82.0,76.0,999.0,,,,,,999.0,,,,,999.0,999.0,,,,
1986,4,12,,,,,,,,,,0.0,,,,,0.0,0.0,,,,,,,,,,,,,,,,-999.0,,,,,,-999.0,,,,,-999.0,-999.0,,,,
1986,4,14,40.0,30.0,,,,,30.0,1408.0,1418.0,0.0,,,,,0.0,0.0,,69.08,53.96,763.0,,,,,,,,,,77.0,63.0,9999.0,,,,,,9999.0,,,,,9999.0,9999.0,,,,
1986,4,15,,,,,,,,,,0.0,,,,,0.0,0.0,,,,,,,,,,,,,,,,,,,,,,-99.0,,,,,-99.0,-99.0,,,,
1986,4,16,,,,,,,,,,,,,,,,,,,,,,,,,,,,,,,,,,,,,,99.0,,,,,99.0,99.0,,,,
1986,4,17,90.0,100.0,,,,,34.0,1623.0,1525.0,0.0,,,,,0.0,0.0,,68.0,57.02,208.0,,,,270.0,270.0,,,,,98.0,63.0,-9999.0,,,,,,-9999.0,,,,,-9999.0,-9999.0,,,,
1986,4,18,,,,,,,,,,0.0,,,,,0.0,0.0,,32.0,32.0,,,,,,,,,,,,,-9.0,,,,,,-9.0,,,,,-9.0,-9.0,,,,
1986,4,19,90.0,100.0,,,,,37.0,509.0,515.0,0.0,,,,,0.0,0.0,,62.959999999999994,55.94,0.0,,,,,,,,,,82.0,72.0,999.0,,,,,,999.0,,,,,999.0,999.0,,,,
1986,4,20,,,,,,,,,,0.0,,,,,0.0,0.0,,,,,,,,,,,,,,,,-999.0,,,,,,-999.0,,,,,-999.0,-999.0,,,,
1986,4,22,40.0,50.0,,,,,26.0,1026.0,1041.0,0.0,,,,,0.0,0.0,,66.92,53.96,381.0,,,,,,,,,,72.0,54.0,9999.0,,,,,,9999.0,,,,,9999.0,9999.0,,,,
1986,4,23,,,,,,,,,,0.0,,,,,0.0,0.0,,,,,,,,,,,,,,,,-99.0,,,,,,-99.0,,,,,-99.0,-99.0,,,,
1986,4,24,,,,,,,,,,,,,,,,,,,,,,,,,,,,,,,,99.0,,,,,,99.0,,,,,99.0,99.0,,,,
1986,4,25,50.0,60.0,,,,,49.0,1047.0,1312.0,0.0,,,,,0.0,0.0,,64.04,55.04,552.0,,,,270.0,270.0,,,,,123.0,89.0,-9999.0,,,,,,-9999.0,,,,,-9999.0,-9999.0,,,,
1986,4,26,,,,,,,,,,0.0,,,,,0.0,0.0,,32.0,32.0,,,,,,,,,,,,,-9.0,,,,,,-9.0,,,,,-9.0,-9.0,,,,
1986,4,27,40.0,30.0,,,,,40.0,628.0,318.0,0.0,,,,,0.0,0.0,,66.02,57.02,630.0,,,,,,,,,,87.0,63.0,999.0,,,,,,999.0,,,,,999.0,999.0,,,,
1986,4,28,,,,,,,,,,0.0,,,,,0.0,0.0,,,,,,,,,,,,,,,,-999.0,,,,,,-999.0,,,,,-999.0,-999.0,,,,
1986,4,30,0.0,0.0,,,,,36.0,1427.0,1428.0,0.0,,,,,0.0,0.0,,82.04,53.06,786.0,,,,,,,,,,103.0,89.0,9999.0,,,,,,9999.0,,,,,9999.0,9999.0,,,,
1986,4,31,,,,,,,,,,0.0,,,,,0.0,0.0,,,,,,,,,,,,,,,,-99.0,,,,,,-99.0,,,,,-99.0,-99.0,,,,
1986,5,1,70.0,80.0,,,,,34.0,1437.0,1438.0,0.0,,,,,0.0,0.0,,71.06,57.02,653.0,,,,270.0,270.0,,,,,87.0,80.0,-9999.0,,,,,,1.0,,,,,,,,,,
1986,5,2,,,,,,,,,,0.0,,,,,0.0,0.0,,32.0,32.0,,,,,,,,,,,,,,,,,,,,,,,,,,,,,
1986,5,3,0.0,0.0,,,,,36.0,458.0,410.0,0.0,,,,,0.0,0.0,,73.04,57.92,792.0,,,,,,,,,,98.0,76.0,1.0,,,,,,999.0,,,,,,,,,,
1986,5,4,,,,,,,,,,0.0,,,,,0.0,0.0,,,,,,,,,,,,,,,,,,,,,,-999.0,,,,,,,,,,
1986,5,6,20.0,10.0,,,,,40.0,650.0,1242.0,0.0,,,,,0.0,0.0,,66.92,57.92,798.0,,,,,,,,,,93.0,72.0,9999.0,,,,,,9999.0,,,,,,,,,,
1986,5,7,,,,,,,,,,0.0,,,,,0.0,0.0,,,,,,,,,,,,,,,,-99.0,,,,,,-99.0,,,,,,,,,,
1986,5,8,,,,,,,,,,,,,,,,,,,,,,,,,,,,,,,,99.0,,,,,,99.0,,,,,,,,,,
1986,5,9,80.0,80.0,,,,,67.0,926.0,934.0,0.0,,,,,0.0,0.0,,64.94,57.02,575.0,,,,225.0,270.0,,,,,123.0,85.0,-9999.0,,,,,,-9999.0,,,,,,,,,,
1986,5,10,,,,,,,,,,0.0,,,,,0.0,0.0,,32.0,32.0,,,,,,,,,,,,,-9.0,,,,,,-9.0,,,,,,,,,,
1986,5,11,20.0,10.0,,,,,39.0,320.0,337.0,0.0,,,,,0.0,0.0,,66.02,55.94,798.0,,,,,,,,,,98.0,76.0,999.0,,,,,,999.0,,,,,,,,,,
1986,5,12,,,,,,,,,,0.0,,,,,0.0,0.0,,,,,,,,,,,,,,,,-999.0,,,,,,-999.0,,,,,,,,,,
1986,5,14,0.0,0.0,,,,,36.0,1337.0,1417.0,0.0,,,,,0.0,0.0,,73.94,55.94,821.0,,,,,,,,,,93.0,85.0,9999.0,,,,,,9999.0,,,,,,,,,,
1986,5,15,,,,,,,,,,0.0,,,,,0.0,0.0,,,,,,,,,,,,,,,,,,,,,,,,,,,,,,,,
1986,5,17,60.0,60.0,,,,,38.0,1124.0,1148.0,0.0,,,,,0.0,0.0,,64.94,57.92,595.0,,,,225.0,180.0,,,,,77.0,49.0,-9999.0,,,,,,-9999.0,,,,,,,,,,
1986,5,18,,,,,,,,,,0.0,,,,,0.0,0.0,,32.0,32.0,,,,,,,,,,,,,-9.0,,,,,,-9.0,,,,,,,,,,
1986,5,19,40.0,30.0,,,,,34.0,154.0,434.0,0.0,,,,,0.0,0.0,,68.0,57.92,741.0,,,,,,,,,,82.0,54.0,999.0,,,,,,999.0,,,,,,,,,,
1986,5,20,,,,,,,,,,0.0,,,,,0.0,0.0,,,,,,,,,,,,,,,,-999.0,,,,,,-999.0,,,,,,,,,,
1986,5,22,80.0,60.0,,,,,36.0,1345.0,1243.0,0.0,,,,,0.0,0.0,,66.92,59.0,473.0,,,,,,,,,,77.0,45.0,9999.0,,,,,,9999.0,,,,,,,,,,
1986,5,23,,,,,,,,,,0.0,,,,,0.0,0.0,,,,,,,,,,,,,,,,-99.0,,,,,,-99.0,,,,,,,,,,
1986,5,24,,,,,,,,,,,,,,,,,,,,,,,,,,,,,,,,99.0,,,,,,99.0,,,,,,,,,,
1986,5,25,50.0,50.0,,,,,33.0,1217.0,1346.0,0.0,,,,,0.0,0.0,,69.08,60.08,552.0,,,,225.0,180.0,,,,,72.0,49.0,-9999.0,,,,,,-9999.0,,,,,,,,,,
1986,5,26,,,,,,,,,,0.0,,,,,0.0,0.0,,32.0,32.0,,,,,,,,,,,,,,,,,,,,,,,,,,,,,
1986,5,27,20.0,10.0,,,,,36.0,252.0,259.0,0.0,,,,,0.0,0.0,,73.94,59.0,768.0,,,,,,,,,,93.0,89.0,1.0,,,,,,1.0,,,,,,,,,,
1986,5,28,,,,,,,,,,0.0,,,,,0.0,0.0,,,,,,,,,,,,,,,,0.0,,,,,,0.0,,,,,,,,,,
1986,5,30,40.0,30.0,,,,,26.0,1426.0,1601.0,0.0,,,,,0.0,0.0,,73.04,60.08,696.0,,,,,,,,,,67.0,54.0,1.0,,,,,,1.0,,,,,,,,,,
1986,5,31,,,,,,,,,,0.0,,,,,0.0,0.0,,,,,,,,,,,,,,,,0.0,,,,,,0.0,,,,,,,,,,
1986,6,1,90.0,80.0,,,,,34.0,1257.0,1300.0,0.0,,,,,0.0,0.0,,69.08,62.059999999999995,215.0,,,,225.0,225.0,,,,,72.0,49.0,-9999.0,,,,,,-9999.0,,,,,-9999.0,-9999.0,,,,
1986,6,2,,,,,,,,,,0.0,,,,,0.0,0.0,,32.0,32.0,,,,,,,,,,,,,-9.0,,,,,,-9.0,,,,,-9.0,-9.0,,,,
1986,6,3,70.0,80.0,,,,,31.0,323.0,148.0,0.0,,,,,0.0,0.0,,69.08,62.959999999999994,288.0,,,,,,,,,,72.0,49.0,999.0,,,,,,999.0,,,,,999.0,999.0,,,,
1986,6,4,,,,,,,,,,0.0,,,,,0.0,0.0,,,,,,,,,,,,,,,,-999.0,,,,,,-999.0,,,,,-999.0,-999.0,,,,
1986,6,5,,,,,,,,,,,,,,,,,,,,,,,,,,,,,,,,,,,,,,,,,,,9.0,9.0,,,,
1986,6,6,90.0,90.0,,,,,30.0,1355.0,1353.0,,,,,,0.0,0.0,,69.98,60.980000000000004,288.0,,,,,,,,,,72.0,49.0,9999.0,,,,,,9999.0,,,,,1.0,1.0,,,,
1986,6,7,,,,,,,,,,0.0,,,,,0.0,0.0,,,,,,,,,,,,,,,,-99.0,,,,,,-99.0,,,,,,,,,,
1986,6,8,,,,,,,,,,,,,,,,,,,,,,,,,,,,,,,,99.0,,,,,,99.0,,,,,99.0,99.0,,,,
1986,6,9,50.0,40.0,,,,,31.0,1429.0,1453.0,0.0,,,,,0.0,0.0,,71.96,62.059999999999995,646.0,,,,180.0,225.0,,,,,72.0,49.0,-9999.0,,,,,,-9999.0,,,,,-9999.0,-9999.0,,,,
1986,6,10,,,,,,,,,,0.0,,,,,0.0,0.0,,32.0,32.0,,,,,,,,,,,,,-9.0,,,,,,-9.0,,,,,-9.0,-9.0,,,,
1986,6,11,80.0,60.0,,,,,35.0,400.0,208.0,0.0,,,,,0.0,0.0,,69.08,62.959999999999994,487.0,,,,,,,,,,77.0,54.0,999.0,,,,,,999.0,,,,,999.0,999.0,,,,
1986,6,12,,,,,,,,,,0.0,,,,,0.0,0.0,,,,,,,,,,,,,,,,-999.0,,,,,,-999.0,,,,,-999.0,-999.0,,,,
1986,6,13,,,,,,,,,,,,,,,,,,,,,,,,,,,,,,,,9.0,,,,,,9.0,,,,,,,,,,
1986,6,14,90.0,80.0,,,,,35.0,1434.0,1441.0,0.0,,,,,0.0,0.0,,71.06,62.059999999999995,465.0,,,,,,,,,,62.0,45.0,1.0,,,,,,1.0,,,,,9999.0,9999.0,,,,
1986,6,15,,,,,,,,,,0.0,,,,,0.0,0.0,,,,,,,,,,,,,,,,0.0,,,,,,0.0,,,,,-99.0,-99.0,,,,
1986,6,16,,,,,,,,,,,,,,,,,,,,,,,,,,,,,,,,,,,,,,,,,,,99.0,99.0,,,,
1986,6,17,100.0,100.0,,,,,37.0,1316.0,1400.0,0.0,,,,,0.0,0.0,,68.0,62.059999999999995,64.0,,,,270.0,270.0,,,,,77.0,63.0,1.0,,,,,,1.0,,,,,-9999.0,-9999.0,,,,
1986,6,18,,,,,,,,,,0.0,,,,,0.0,0.0,,32.0,32.0,,,,,,,,,,,,,0.0,,,,,,0.0,,,,,-9.0,-9.0,,,,
1986,6,19,60.0,50.0,,,,,34.0,440.0,502.0,0.0,,,,,0.0,0.0,,71.06,62.059999999999995,464.0,,,,,,,,,,82.0,67.0,1.0,,,,,,1.0,,,,,999.0,999.0,,,,
1986,6,20,,,,,,,,,,0.0,,,,,0.0,0.0,,,,,,,,,,,,,,,,,,,,,,,,,,,-999.0,-999.0,,,,
1986,6,22,50.0,40.0,,,,,37.0,1409.0,1246.0,0.0,,,,,0.0,0.0,,71.96,60.980000000000004,561.0,,,,,,,,,,77.0,63.0,9999.0,,,,,,9999.0,,,,,9999.0,9999.0,,,,
1986,6,23,,,,,,,,,,0.0,,,,,0.0,0.0,,,,,,,,,,,,,,,,-99.0,,,,,,-99.0,,,,,-99.0,-99.0,,,,
1986,6,24,,,,,,,,,,,,,,,,,,,,,,,,,,,,,,,,99.0,,,,,,99.0,,,,,99.0,99.0,,,,
1986,6,25,40.0,30.0,,,,,31.0,1441.0,1211.0,0.0,,,,,0.0,0.0,,71.96,62.059999999999995,615.0,,,,225.0,225.0,,,,,67.0,45.0,-9999.0,,,,,,-9999.0,,,,,-9999.0,-9999.0,,,,
1986,6,26,,,,,,,,,,0.0,,,,,0.0,0.0,,32.0,32.0,,,,,,,,,,,,,-9.0,,,,,,-9.0,,,,,-9.0,-9.0,,,,
1986,6,27,30.0,30.0,,,,,31.0,342.0,443.0,0.0,,,,,0.0,0.0,,71.96,62.059999999999995,626.0,,,,,,,,,,72.0,54.0,999.0,,,,,,999.0,,,,,999.0,999.0,,,,
1986,6,28,,,,,,,,,,0.0,,,,,0.0,0.0,,,,,,,,,,,,,,,,-999.0,,,,,,-999.0,,,,,-999.0,-999.0,,,,
1986,6,29,,,,,,,,,,,,,,,,,,,,,,,,,,,,,,,,9.0,,,,,,,,,,,,,,,,
1986,6,30,30.0,20.0,,,,,34.0,1216.0,1307.0,0.0,,,,,0.0,0.0,,71.96,62.959999999999994,722.0,,,,,,,,,,72.0,45.0,1.0,,,,,,9999.0,,,,,9999.0,9999.0,,,,
1986,6,31,,,,,,,,,,0.0,,,,,0.0,0.0,,,,,,,,,,,,,,,,0.0,,,,,,,,,,,-99.0,-99.0,,,,
1986,7,1,30.0,30.0,,,,,29.0,1128.0,1210.0,0.0,,,,,0.0,0.0,,78.08,66.92,818.0,-9999.0,,,180.0,135.0,,-9999.0,,,57.0,45.0,1.0,,-9999.0,,,,1.0,,,,,-9999.0,-9999.0,,,,
1986,7,2,,,,,,,,,,0.0,,,,,0.0,0.0,,32.0,32.0,,,,,,,,,,,,,0.0,,-9.0,,,,,,,,,-9.0,-9.0,,,,
1986,7,3,40.0,40.0,,,,,30.0,149.0,217.0,0.0,,,,,0.0,0.0,,82.04,66.92,833.0,230.0,,,,999.0,,45.0,,,57.0,999.0,1.0,,999.0,,,,999.0,,,,,999.0,999.0,,,,
1986,7,4,,,,,,,,,,0.0,,,,,0.0,0.0,,,,,,,,,22.0,,,,,,4.0,,,-999.0,,,,-999.0,,,,,-999.0,-999.0,,,,
1986,7,5,,,,,,,,,,,,,,,,,,,,,,,,,,,,,,,,,,,,,,,,,,,9.0,9.0,,,,
1986,7,6,100.0,90.0,,,,,51.0,837.0,936.0,,,,,,0.0,0.0,,71.06,62.959999999999994,230.0,9999.0,,,,,,9999.0,,,77.0,67.0,9999.0,,9999.0,,,,9999.0,,,,,1.0,1.0,,,,
1986,7,7,,,,,,,,,,0.0,,,,,0.0,0.0,,,,,-99.0,,,,,,-99.0,,,,,,,-99.0,,,,-99.0,,,,,,0.0,,,,
1986,7,8,,,,,,,,,,,,,,,,,,,,,99.0,,,,,,99.0,,,,,,,99.0,,,,99.0,,,,,,,,,,
1986,7,9,50.0,50.0,,,,,39.0,1702.0,1015.0,0.0,,,,,0.0,0.0,,73.04,62.959999999999994,635.0,-9999.0,,,270.0,270.0,,-9999.0,,,82.0,63.0,-9999.0,,-9999.0,,,,-9999.0,,,,,-9999.0,-9999.0,,,,
1986,7,10,,,,,,,,,,0.0,,,,,0.0,0.0,,32.0,32.0,,-9.0,,,,,,-9.0,,,,,-9.0,,-9.0,,,,-9.0,,,,,-9.0,-9.0,,,,
1986,7,11,20.0,20.0,,,,,45.0,655.0,323.0,0.0,,,,,0.0,0.0,,73.94,62.959999999999994,698.0,999.0,,,,,,999.0,,,93.0,72.0,999.0,,999.0,,,,999.0,,,,,999.0,999.0,,,,
1986,7,12,,,,,,,,,,0.0,,,,,0.0,0.0,,,,,-999.0,,,,,,-999.0,,,,,-999.0,,-999.0,,,,-999.0,,,,,-999.0,-999.0,,,,
1986,7,14,40.0,30.0,,,,,36.0,1408.0,1233.0,0.0,,,,,0.0,0.0,,73.94,64.04,750.0,9999.0,,,,,,9999.0,,,77.0,67.0,9999.0,,9999.0,,,,9999.0,,,,,9999.0,9999.0,,,,
1986,7,15,,,,,,,,,,0.0,,,,,0.0,0.0,,,,,-99.0,,,,,,-99.0,,,,,-99.0,,-99.0,,,,-99.0,,,,,-99.0,-99.0,,,,
1986,7,16,,,,,,,,,,,,,,,,,,,,,99.0,,,,,,99.0,,,,,99.0,,99.0,,,,99.0,,,,,99.0,99.0,,,,
1986,7,17,70.0,50.0,,,,,34.0,1329.0,1516.0,0.0,,,,,0.0,0.0,,71.96,64.94,694.0,-9999.0,,,180.0,135.0,,-9999.0,,,67.0,49.0,-9999.0,,-9999.0,,,,-9999.0,,,,,-9999.0,-9999.0,,,,
1986,7,18,,,,,,,,,,0.0,,,,,0.0,0.0,,32.0,32.0,,-9.0,,,,,,-9.0,,,,,-9.0,,-9.0,,,,-9.0,,,,,-9.0,-9.0,,,,
1986,7,19,40.0,40.0,,,,,34.0,254.0,315.0,0.0,,,,,0.0,0.0,,73.04,64.04,644.0,999.0,,,,,,999.0,,,72.0,45.0,999.0,,999.0,,,,999.0,,,,,999.0,999.0,,,,
1986,7,20,,,,,,,,,,0.0,,,,,0.0,0.0,,,,,-999.0,,,,,,-999.0,,,,,-999.0,,-999.0,,,,-999.0,,,,,-999.0,,,,,
1986,7,22,50.0,70.0,,,,,42.0,1731.0,1737.0,,,,,,0.0,0.0,,78.98,66.02,579.0,9999.0,,,,,,9999.0,,,82.0,72.0,9999.0,,9999.0,,,,9999.0,,,,,9999.0,1.0,,,,
1986,7,23,,,,,,,,,,0.0,,,,,0.0,0.0,,,,,-99.0,,,,,,-99.0,,,,,-99.0,,-99.0,,,,-99.0,,,,,-99.0,,,,,
1986,7,24,,,,,,,,,,,,,,,,,,,,,99.0,,,,,,99.0,,,,,99.0,,99.0,,,,99.0,,,,,99.0,99.0,,,,
1986,7,25,40.0,30.0,,,,,33.0,1305.0,1447.0,0.0,,,,,0.0,0.0,,75.02,64.04,679.0,-9999.0,,,225.0,225.0,,-9999.0,,,67.0,49.0,-9999.0,,-9999.0,,,,-9999.0,,,,,-9999.0,-9999.0,,,,
1986,7,26,,,,,,,,,,0.0,,,,,0.0,0.0,,32.0,32.0,,-9.0,,,,,,-9.0,,,,,-9.0,,-9.0,,,,-9.0,,,,,-9.0,-9.0,,,,
1986,7,27,30.0,20.0,,,,,32.0,709.0,652.0,0.0,,,,,0.0,0.0,,75.02,64.04,782.0,999.0,,,,,,999.0,,,67.0,58.0,999.0,,999.0,,,,999.0,,,,,999.0,999.0,,,,
1986,7,28,,,,,,,,,,0.0,,,,,0.0,0.0,,,,,-999.0,,,,,,-999.0,,,,,-999.0,,-999.0,,,,-999.0,,,,,-999.0,-999.0,,,,
1986,7,30,0.0,0.0,,,,,42.0,1338.0,1331.0,0.0,,,,,0.0,0.0,,77.0,62.959999999999994,842.0,9999.0,,,,,,9999.0,,,87.0,76.0,9999.0,,9999.0,,,,9999.0,,,,,9999.0,9999.0,,,,
1986,7,31,,,,,,,,,,0.0,,,,,0.0,0.0,,,,,-99.0,,,,,,-99.0,,,,,-99.0,,-99.0,,,,-99.0,,,,,-99.0,-99.0,,,,
1986,8,1,40.0,20.0,,,,,38.0,1733.0,1629.0,0.0,,,,,0.0,0.0,,73.94,62.959999999999994,701.0,,,,270.0,270.0,,,,,62.0,58.0,1.0,,-9999.0,,,,1.0,,,,,,,,,,
1986,8,2,,,,,,,,,,0.0,,,,,0.0,0.0,,32.0,32.0,,,,,,,,,,,,,0.0,,-9.0,,,,0.0,,,,,,,,,,
1986,8,3,70.0,40.0,,,,,28.0,306.0,326.0,0.0,,,,,0.0,0.0,,78.98,64.04,756.0,,,,,,,,,,51.0,45.0,1.0,,999.0,,,,1.0,,,,,,,,,,
1986,8,4,,,,,,,,,,0.0,,,,,0.0,0.0,,,,,,,,,,,,,,,,,,-999.0,,,,,,,,,,,,,,
1986,8,5,,,,,,,,,,,,,,,,,,,,,,,,,,,,,,,,9.0,,,,,,9.0,,,,,,,,,,
1986,8,6,60.0,40.0,,,,,36.0,1300.0,1332.0,0.0,,,,,0.0,0.0,,75.02,66.02,645.0,,,,,,,,,,67.0,63.0,1.0,,9999.0,,,,1.0,,,,,,,,,,
1986,8,7,,,,,,,,,,0.0,,,,,0.0,0.0,,,,,,,,,,,,,,,,0.0,,-99.0,,,,0.0,,,,,,,,,,
1986,8,8,,,,,,,,,,,,,,,,,,,,,,,,,,,,,,,,,,99.0,,,,,,,,,,,,,,
1986,8,9,60.0,60.0,,,,,30.0,1250.0,1603.0,0.0,,,,,0.0,0.0,,75.02,66.02,582.0,,,,225.0,225.0,,,,,62.0,49.0,-9999.0,,-9999.0,,,,-9999.0,,,,,,,,,,
1986,8,10,,,,,,,,,,0.0,,,,,0.0,0.0,,32.0,32.0,,,,,,,,,,,,,-9.0,,-9.0,,,,,,,,,,,,,,
1986,8,11,100.0,90.0,,,,,31.0,103.0,301.0,0.0,,,,,0.0,0.0,,73.94,66.02,128.0,,,,,,,,,,57.0,49.0,999.0,,999.0,,,,1.0,,,,,,,,,,
1986,8,12,,,,,,,,,,0.0,,,,,0.0,0.0,,,,,,,,,,,,,,,,-999.0,,-999.0,,,,,,,,,,,,,,
1986,8,14,40.0,40.0,,,,,31.0,1031.0,1433.0,0.0,,,,,0.0,0.0,,73.94,66.02,743.0,,,,,,,,,,67.0,54.0,9999.0,,9999.0,,,,9999.0,,,,,,,,,,
1986,8,15,,,,,,,,,,0.0,,,,,0.0,0.0,,,,,,,,,,,,,,,,-99.0,,-99.0,,,,-99.0,,,,,,,,,,
1986,8,16,,,,,,,,,,,,,,,,,,,,,,,,,,,,,,,,99.0,,99.0,,,,99.0,,,,,,,,,,
1986,8,17,60.0,50.0,,,,,34.0,1559.0,1513.0,0.0,,,,,0.0,0.0,,75.92,66.02,691.0,,,,270.0,270.0,,,,,72.0,63.0,-9999.0,,-9999.0,,,,-9999.0,,,,,,,,,,
1986,8,18,,,,,,,,,,0.0,,,,,0.0,0.0,,32.0,32.0,,,,,,,,,,,,,-9.0,,-9.0,,,,,,,,,,,,,,
1986,8,19,40.0,20.0,,,,,37.0,251.0,455.0,0.0,,,,,0.0,0.0,,75.02,66.92,664.0,,,,,,,,,,72.0,67.0,999.0,,999.0,,,,1.0,,,,,,,,,,
1986,8,20,,,,,,,,,,0.0,,,,,0.0,0.0,,,,,,,,,,,,,,,,-999.0,,-999.0,,,,,,,,,,,,,,
1986,8,22,50.0,20.0,,,,,34.0,1425.0,1701.0,0.0,,,,,0.0,0.0,,73.94,64.04,748.0,,,,,,,,,,62.0,58.0,9999.0,,9999.0,,,,9999.0,,,,,,,,,,
1986,8,23,,,,,,,,,,0.0,,,,,0.0,0.0,,,,,,,,,,,,,,,,-99.0,,-99.0,,,,-99.0,,,,,,,,,,
1986,8,24,,,,,,,,,,,,,,,,,,,,,,,,,,,,,,,,99.0,,99.0,,,,99.0,,,,,,,,,,
1986,8,25,40.0,30.0,,,,,50.0,1351.0,1345.0,0.0,,,,,0.0,0.0,,73.94,64.94,550.0,,,,315.0,270.0,,,,,93.0,80.0,-9999.0,,-9999.0,,,,1.0,,,,,,,,,,
1986,8,26,,,,,,,,,,0.0,,,,,0.0,0.0,,32.0,32.0,,,,,,,,,,,,,,,-9.0,,,,,,,,,,,,,,
1986,8,27,60.0,50.0,,,,,36.0,22.0,356.0,0.0,,,,,0.0,0.0,,78.98,62.059999999999995,770.0,,,,,,,,,,72.0,67.0,1.0,,999.0,,,,999.0,,,,,,,,,,
1986,8,28,,,,,,,,,,0.0,,,,,0.0,0.0,,,,,,,,,,,,,,,,,,,,,,-999.0,,,,,,,,,,
1986,8,30,30.0,20.0,,,,,38.0,1459.0,1449.0,0.0,,,,,0.0,0.0,,87.98,71.96,793.0,,,,,,,,,,87.0,76.0,9999.0,,9999.0,,,,9999.0,,,,,,,,,,
1986,8,31,,,,,,,,,,0.0,,,,,0.0,0.0,,,,,,,,,,,,,,,,-99.0,,-99.0,,,,-99.0,,,,,,,,,,
1986,9,1,70.0,40.0,,,,,34.0,1615.0,-9999.0,0.0,,,,,0.0,0.0,,73.94,66.02,524.0,,,,-9999.0,225.0,,,,,-9999.0,45.0,-9999.0,,,,,,-9999.0,,,,,,-9999.0,,,,
1986,9,2,,,,,,,,,1.0,0.0,,,,,0.0,0.0,,32.0,32.0,,,,,,,,,,,,,-9.0,,,,,,-9.0,,,,,,-9.0,,,,
1986,9,3,70.0,50.0,,,,,40.0,513.0,199.0,0.0,,,,,0.0,0.0,,73.94,66.02,424.0,,,,,,,,,,98.0,72.0,999.0,,,,,,999.0,,,,,,999.0,,,,
1986,9,4,,,,,,,,,,0.0,,,,,0.0,0.0,,,,,,,,,,,,,,,,-999.0,,,,,,,,,,,,-999.0,,,,
1986,9,6,60.0,60.0,,,,,38.0,1316.0,1158.0,0.0,,,,,0.0,0.0,,73.94,66.02,392.0,,,,,,,,,,82.0,67.0,9999.0,,,,,,1.0,,,,,,9999.0,,,,
1986,9,7,,,,,,,,,,0.0,,,,,0.0,0.0,,,,,,,,,,,,,,,,,,,,,,0.0,,,,,,-99.0,,,,
1986,9,8,,,,,,,,,,,,,,,,,,,,,,,,,,,,,,,,,,,,,,,,,,,,99.0,,,,
1986,9,9,60.0,30.0,,,,,35.0,1525.0,1513.0,0.0,,,,,0.0,0.0,,73.94,64.94,592.0,,,,270.0,270.0,,,,,77.0,72.0,1.0,,,,,,1.0,,,,,,-9999.0,,,,
1986,9,10,,,,,,,,,,0.0,,,,,0.0,0.0,,32.0,32.0,,,,,,,,,,,,,0.0,,,,,,0.0,,,,,,-9.0,,,,
1986,9,11,60.0,30.0,,,,,33.0,235.0,228.0,0.0,,,,,0.0,0.0,,73.94,64.94,585.0,,,,,,,,,,77.0,63.0,1.0,,,,,,1.0,,,,,,999.0,,,,
1986,9,12,,,,,,,,,,0.0,,,,,0.0,0.0,,,,,,,,,,,,,,,,,,,,,,,,,,,,-999.0,,,,
1986,9,14,100.0,100.0,,,,,35.0,1406.0,1441.0,0.0,,,,,0.0,0.0,,69.08,62.959999999999994,209.0,,,,,,,,,,72.0,49.0,9999.0,,,,,,9999.0,,,,,,9999.0,,,,
1986,9,15,,,,,,,,,,0.0,,,,,0.0,0.0,,,,,,,,,,,,,,,,-99.0,,,,,,-99.0,,,,,,-99.0,,,,
1986,9,16,,,,,,,,,,,,,,,,,,,,,,,,,,,,,,,,99.0,,,,,,99.0,,,,,,99.0,,,,
1986,9,17,50.0,40.0,,,,,27.0,1933.0,1937.0,0.0,,,,,0.0,0.0,,73.04,62.059999999999995,537.0,,,,270.0,270.0,,,,,77.0,54.0,-9999.0,,,,,,-9999.0,,,,,,-9999.0,,,,
1986,9,18,,,,,,,,,,0.0,,,,,0.0,0.0,,32.0,32.0,,,,,,,,,,,,,-9.0,,,,,,-9.0,,,,,,-9.0,,,,
1986,9,19,90.0,90.0,,,,,37.0,202.0,243.0,0.0,,,,,0.0,0.0,,71.06,64.04,487.0,,,,,,,,,,82.0,58.0,999.0,,,,,,999.0,,,,,,999.0,,,,
1986,9,20,,,,,,,,,,0.0,,,,,0.0,0.0,,,,,,,,,,,,,,,,-999.0,,,,,,-999.0,,,,,,-999.0,,,,
1986,9,22,70.0,60.0,,,,,40.0,1457.0,1537.0,0.0,,,,,0.0,0.0,,71.96,64.04,375.0,,,,,,,,,,98.0,80.0,9999.0,,,,,,9999.0,,,,,,9999.0,,,,
1986,9,23,,,,,,,,,,0.0,,,,,0.0,0.0,,,,,,,,,,,,,,,,-99.0,,,,,,-99.0,,,,,,-99.0,,,,
1986,9,24,,,,,,,,,,,,,,,,,,,,,,,,,,,,,,,,99.0,,,,,,99.0,,,,,,99.0,,,,
1986,9,25,0.0,0.0,,,,,34.0,1347.0,1415.0,0.0,,,,,0.0,0.0,,75.02,60.08,741.0,,,,270.0,270.0,,,,,108.0,76.0,-9999.0,,,,,,-9999.0,,,,,,-9999.0,,,,
1986,9,26,,,,,,,,,,0.0,,,,,0.0,0.0,,32.0,32.0,,,,,,,,,,,,,-9.0,,,,,,-9.0,,,,,,-9.0,,,,
1986,9,27,30.0,40.0,,,,,33.0,519.0,527.0,0.0,,,,,0.0,0.0,,75.02,60.08,665.0,,,,,,,,,,93.0,72.0,999.0,,,,,,999.0,,,,,,999.0,,,,
1986,9,28,,,,,,,,,,0.0,,,,,0.0,0.0,,,,,,,,,,,,,,,,-999.0,,,,,,-999.0,,,,,,-999.0,,,,
1986,9,30,50.0,60.0,,,,,36.0,1219.0,1330.0,0.0,,,,,0.0,0.0,,69.98,60.980000000000004,396.0,,,,,,,,,,82.0,45.0,9999.0,,,,,,9999.0,,,,,,9999.0,,,,
1986,9,31,,,,,,,,,,0.0,,,,,0.0,0.0,,,,,,,,,,,,,,,,-99.0,,,,,,-99.0,,,,,,-99.0,,,,
1986,10,1,90.0,100.0,,,,,41.0,1702.0,1641.0,0.0,,,,,0.0,0.0,,68.0,62.959999999999994,38.0,,,,270.0,225.0,,,,,93.0,54.0,1.0,-9999.0,,,,,1.0,,,,,-9999.0,-9999.0,,,,
1986,10,2,,,,,,,,,,0.0,,,,,0.0,0.0,,32.0,32.0,,,,,,,,,,,,,,-9.0,,,,,,,,,,-9.0,-9.0,,,,
1986,10,3,60.0,70.0,,,,,37.0,451.0,122.0,0.0,,,,,0.0,0.0,,69.08,60.980000000000004,324.0,,,,,,,,,,87.0,58.0,999.0,999.0,,,,,999.0,,,,,999.0,999.0,,,,
1986,10,4,,,,,,,,,,0.0,,,,,0.0,0.0,,,,,,,,,,,,,,,,-999.0,-999.0,,,,,-999.0,,,,,-999.0,-999.0,,,,
1986,10,6,0.0,0.0,,,,,27.0,1452.0,1500.0,0.0,,,,,0.0,0.0,,80.06,57.02,705.0,,,,,,,,,,103.0,76.0,9999.0,9999.0,,,,,9999.0,,,,,9999.0,9999.0,,,,
1986,10,7,,,,,,,,,,0.0,,,,,0.0,0.0,,,,,,,,,,,,,,,,,-99.0,,,,,-99.0,,,,,-99.0,-99.0,,,,
1986,10,8,,,,,,,,,,,,,,,,,,,,,,,,,,,,,,,,,99.0,,,,,99.0,,,,,99.0,99.0,,,,
1986,10,9,20.0,10.0,,,,,26.0,1105.0,1145.0,0.0,,,,,0.0,0.0,,73.04,62.059999999999995,608.0,,,,180.0,225.0,,,,,72.0,49.0,1.0,-9999.0,,,,,1.0,,,,,-9999.0,-9999.0,,,,
1986,10,10,,,,,,,,,,0.0,,,,,0.0,0.0,,32.0,32.0,,,,,,,,,,,,,0.0,-9.0,,,,,0.0,,,,,-9.0,-9.0,,,,
1986,10,11,50.0,50.0,,,,,27.0,250.0,305.0,0.0,,,,,0.0,0.0,,71.96,62.959999999999994,363.0,,,,,,,,,,67.0,45.0,1.0,999.0,,,,,1.0,,,,,999.0,999.0,,,,
1986,10,12,,,,,,,,,,0.0,,,,,0.0,0.0,,,,,,,,,,,,,,,,,-999.0,,,,,,,,,,-999.0,-999.0,,,,
1986,10,13,,,,,,,,,,,,,,,,,,,,,,,,,,,,,,,,9.0,,,,,,,,,,,9.0,9.0,,,,
1986,10,14,90.0,100.0,,,,,28.0,1131.0,1403.0,122.0,,,,,0.0,0.0,,66.92,62.059999999999995,29.0,,,,,,,,,,72.0,54.0,1.0,9999.0,,,,,9999.0,,,,,1.0,1.0,,,,
1986,10,15,,,,,,,,,,,,,,,0.0,0.0,,,,,,,,,,,,,,,,0.0,-99.0,,,,,-99.0,,,,,,0.0,,,,
1986,10,16,,,,,,,,,,,,,,,,,,,,,,,,,,,,,,,,,99.0,,,,,99.0,,,,,99.0,,,,,
1986,10,17,100.0,100.0,,,,,36.0,2158.0,1458.0,0.0,,,,,0.0,0.0,,66.92,62.959999999999994,53.0,,,,225.0,270.0,,,,,67.0,40.0,-9999.0,-9999.0,,,,,-9999.0,,,,,-9999.0,-9999.0,,,,
1986,10,18,,,,,,,,,,0.0,,,,,0.0,0.0,,32.0,32.0,,,,,,,,,,,,,-9.0,-9.0,,,,,-9.0,,,,,-9.0,-9.0,,,,
1986,10,19,50.0,50.0,,,,,36.0,244.0,502.0,0.0,,,,,0.0,0.0,,71.06,62.059999999999995,399.0,,,,,,,,,,82.0,67.0,999.0,999.0,,,,,999.0,,,,,999.0,999.0,,,,
1986,10,20,,,,,,,,,,0.0,,,,,0.0,0.0,,,,,,,,,,,,,,,,,-999.0,,,,,,,,,,-999.0,-999.0,,,,
1986,10,22,10.0,0.0,,,,,21.0,1416.0,1442.0,0.0,,,,,0.0,0.0,,78.98,53.96,685.0,,,,,,,,,,72.0,63.0,9999.0,9999.0,,,,,1.0,,,,,9999.0,9999.0,,,,
1986,10,23,,,,,,,,,,0.0,,,,,0.0,0.0,,,,,,,,,,,,,,,,,,,,,,0.0,,,,,-99.0,-99.0,,,,
1986,10,24,,,,,,,,,,,,,,,,,,,,,,,,,,,,,,,,,,,,,,,,,,,99.0,99.0,,,,
1986,10,25,50.0,30.0,,,,,29.0,1424.0,1513.0,0.0,,,,,0.0,0.0,,71.96,57.92,391.0,,,,270.0,270.0,,,,,82.0,63.0,1.0,-9999.0,,,,,1.0,,,,,-9999.0,-9999.0,,,,
1986,10,26,,,,,,,,,,0.0,,,,,0.0,0.0,,32.0,32.0,,,,,,,,,,,,,,-9.0,,,,,,,,,,-9.0,-9.0,,,,
1986,10,27,70.0,50.0,,,,,30.0,515.0,332.0,0.0,,,,,0.0,0.0,,69.08,60.980000000000004,366.0,,,,,,,,,,98.0,54.0,999.0,999.0,,,,,999.0,,,,,999.0,999.0,,,,
1986,10,28,,,,,,,,,,0.0,,,,,0.0,0.0,,,,,,,,,,,,,,,,-999.0,-999.0,,,,,-999.0,,,,,-999.0,-999.0,,,,
1986,10,30,10.0,0.0,,,,,26.0,1434.0,1417.0,0.0,,,,,0.0,0.0,,69.98,55.94,656.0,,,,,,,,,,77.0,45.0,9999.0,9999.0,,,,,9999.0,,,,,9999.0,9999.0,,,,
1986,10,31,,,,,,,,,,0.0,,,,,0.0,0.0,,,,,,,,,,,,,,,,-99.0,-99.0,,,,,-99.0,,,,,-99.0,-99.0,,,,
1986,11,1,0.0,0.0,,,,,23.0,1344.0,1613.0,0.0,,,,,0.0,0.0,,71.06,55.94,652.0,,,,315.0,270.0,,,,,77.0,58.0,1.0,-9999.0,,,,,-9999.0,,,,,-9999.0,-9999.0,,,,
1986,11,2,,,,,,,,,,0.0,,,,,0.0,0.0,,32.0,32.0,,,,,,,,,,,,,,-9.0,,,,,-9.0,,,,,-9.0,-9.0,,,,
1986,11,3,20.0,30.0,,,,,32.0,508.0,451.0,0.0,,,,,0.0,0.0,,75.92,55.04,483.0,,,,,,,,,,103.0,76.0,999.0,999.0,,,,,999.0,,,,,999.0,999.0,,,,
1986,11,4,,,,,,,,,,0.0,,,,,0.0,0.0,,,,,,,,,,,,,,,,,-999.0,,,,,-999.0,,,,,-999.0,-999.0,,,,
1986,11,6,10.0,0.0,,,,,27.0,1656.0,1709.0,0.0,,,,,0.0,0.0,,69.98,55.94,646.0,,,,,,,,,,57.0,45.0,1.0,9999.0,,,,,9999.0,,,,,9999.0,9999.0,,,,
1986,11,7,,,,,,,,,,0.0,,,,,0.0,0.0,,,,,,,,,,,,,,,,0.0,,,,,,-99.0,,,,,-99.0,-99.0,,,,
1986,11,8,,,,,,,,,,,,,,,,,,,,,,,,,,,,,,,,,,,,,,99.0,,,,,99.0,99.0,,,,
1986,11,9,70.0,100.0,,,,,29.0,1404.0,1234.0,0.0,,,,,0.0,0.0,,64.04,57.02,39.0,,,,180.0,180.0,,,,,62.0,45.0,1.0,-9999.0,,,,,1.0,,,,,-9999.0,-9999.0,,,,
1986,11,10,,,,,,,,,,0.0,,,,,0.0,0.0,,32.0,32.0,,,,,,,,,,,,,,-9.0,,,,,0.0,,,,,-9.0,-9.0,,,,
1986,11,11,40.0,50.0,,,,,32.0,408.0,553.0,0.0,,,,,0.0,0.0,,66.02,53.06,365.0,,,,,,,,,,72.0,45.0,999.0,999.0,,,,,1.0,,,,,999.0,999.0,,,,
1986,11,12,,,,,,,,,,0.0,,,,,0.0,0.0,,,,,,,,,,,,,,,,-999.0,-999.0,,,,,,,,,,-999.0,-999.0,,,,
1986,11,14,0.0,0.0,,,,,26.0,1446.0,1643.0,0.0,,,,,0.0,0.0,,73.04,51.98,639.0,,,,,,,,,,72.0,58.0,9999.0,9999.0,,,,,9999.0,,,,,9999.0,9999.0,,,,
1986,11,15,,,,,,,,,,0.0,,,,,0.0,0.0,,,,,,,,,,,,,,,,-99.0,-99.0,,,,,-99.0,,,,,-99.0,-99.0,,,,
1986,11,16,,,,,,,,,,,,,,,,,,,,,,,,,,,,,,,,99.0,99.0,,,,,99.0,,,,,99.0,99.0,,,,
1986,11,17,50.0,80.0,,,,,26.0,1325.0,1452.0,0.0,,,,,0.0,0.0,,82.04,51.08,599.0,,,,315.0,315.0,,,,,67.0,58.0,-9999.0,-9999.0,,,,,-9999.0,,,,,-9999.0,-9999.0,,,,
1986,11,18,,,,,,,,,,0.0,,,,,0.0,0.0,,32.0,32.0,,,,,,,,,,,,,-9.0,-9.0,,,,,-9.0,,,,,-9.0,-9.0,,,,
1986,11,19,0.0,0.0,,,,,22.0,315.0,303.0,0.0,,,,,0.0,0.0,,80.96,50.0,633.0,,,,,,,,,,67.0,58.0,999.0,999.0,,,,,999.0,,,,,999.0,999.0,,,,
1986,11,20,,,,,,,,,,0.0,,,,,0.0,0.0,,,,,,,,,,,,,,,,,-999.0,,,,,-999.0,,,,,-999.0,-999.0,,,,
1986,11,22,60.0,70.0,,,,,21.0,1304.0,1804.0,0.0,,,,,0.0,0.0,,68.0,51.08,560.0,,,,,,,,,,82.0,40.0,1.0,9999.0,,,,,9999.0,,,,,9999.0,9999.0,,,,
1986,11,23,,,,,,,,,,0.0,,,,,0.0,0.0,,,,,,,,,,,,,,,,,-99.0,,,,,-99.0,,,,,-99.0,-99.0,,,,
1986,11,24,,,,,,,,,,,,,,,,,,,,,,,,,,,,,,,,99.0,99.0,,,,,99.0,,,,,99.0,99.0,,,,
1986,11,25,90.0,100.0,,,,,24.0,1308.0,1325.0,0.0,,,,,0.0,0.0,,75.92,57.92,177.0,,,,135.0,135.0,,,,,82.0,49.0,-9999.0,-9999.0,,,,,-9999.0,,,,,-9999.0,-9999.0,,,,
1986,11,26,,,,,,,,,,0.0,,,,,0.0,0.0,,32.0,32.0,,,,,,,,,,,,,,-9.0,,,,,-9.0,,,,,,,,,,
1986,11,27,100.0,100.0,,,,,22.0,349.0,358.0,274.0,,,,,0.0,0.0,,69.98,64.04,40.0,,,,,,,,,,154.0,107.0,1.0,999.0,,,,,999.0,,,,,1.0,1.0,,,,
1986,11,28,,,,,,,,,,,,,,,0.0,0.0,,,,,,,,,,,,,,,,0.0,-999.0,,,,,-999.0,,,,,,0.0,,,,
1986,11,30,40.0,50.0,,,,,35.0,1533.0,1513.0,0.0,,,,,0.0,0.0,,69.08,57.02,467.0,,,,,,,,,,82.0,63.0,9999.0,9999.0,,,,,9999.0,,,,,9999.0,9999.0,,,,
1986,11,31,,,,,,,,,,0.0,,,,,0.0,0.0,,,,,,,,,,,,,,,,,-99.0,,,,,,,,,,-99.0,-99.0,,,,
1986,12,1,70.0,60.0,,,,,23.0,1424.0,1341.0,0.0,,,,,0.0,0.0,,73.94,44.96,474.0,,,,270.0,315.0,,,,,62.0,54.0,-9999.0,-9999.0,-9999.0,,,,-9999.0,,,,,,-9999.0,,,,
1986,12,2,,,,,,,,,,0.0,,,,,0.0,0.0,,32.0,32.0,,,,,,,,,,,,,-9.0,-9.0,-9.0,,,,-9.0,,,,,,-9.0,,,,
1986,12,3,40.0,50.0,,,,,20.0,353.0,202.0,0.0,,,,,0.0,0.0,,75.92,53.06,472.0,,,,,,,,,,57.0,45.0,999.0,999.0,999.0,,,,999.0,,,,,,999.0,,,,
1986,12,4,,,,,,,,,,0.0,,,,,0.0,0.0,,,,,,,,,,,,,,,,,,-999.0,,,,-999.0,,,,,,-999.0,,,,
1986,12,5,,,,,,,,,,,,,,,,,,,,,,,,,,,,,,,,,,,,,,9.0,,,,,,9.0,,,,
1986,12,6,90.0,100.0,,,,,13.0,1650.0,843.0,,,,,,0.0,0.0,,66.92,51.08,49.0,,,,,,,,,,51.0,27.0,1.0,1.0,9999.0,,,,1.0,,,,,,1.0,,,,
1986,12,7,,,,,,,,,,0.0,,,,,0.0,0.0,,,,,,,,,,,,,,,,,,-99.0,,,,0.0,,,,,,0.0,,,,
1986,12,8,,,,,,,,,,,,,,,,,,,,,,,,,,,,,,,,99.0,99.0,99.0,,,,,,,,,,,,,,
1986,12,9,100.0,100.0,,,,,36.0,1655.0,1211.0,147.0,,,,,0.0,0.0,,64.04,53.96,0.0,,,,135.0,180.0,,,,,103.0,72.0,1.0,-9999.0,-9999.0,,,,-9999.0,,,,,,1.0,,,,
1986,12,10,,,,,,,,,,0.0,,,,,0.0,0.0,,32.0,32.0,,,,,,,,,,,,,,-9.0,-9.0,,,,-9.0,,,,,,0.0,,,,
1986,12,11,50.0,80.0,,,,,25.0,218.0,351.0,,,,,,0.0,0.0,,62.959999999999994,51.98,406.0,,,,,,,,,,67.0,63.0,999.0,999.0,999.0,,,,999.0,,,,,,1.0,,,,
1986,12,12,,,,,,,,,,0.0,,,,,0.0,0.0,,,,,,,,,,,,,,,,-999.0,-999.0,-999.0,,,,-999.0,,,,,,,,,,
1986,12,13,,,,,,,,,,,,,,,,,,,,,,,,,,,,,,,,9.0,,,,,,9.0,,,,,,,,,,
1986,12,14,10.0,0.0,,,,,20.0,1335.0,1322.0,0.0,,,,,0.0,0.0,,64.04,46.94,589.0,,,,,,,,,,72.0,63.0,1.0,9999.0,9999.0,,,,1.0,,,,,,9999.0,,,,
1986,12,15,,,,,,,,,,0.0,,,,,0.0,0.0,,,32.0,,,,,,,,,,,,,0.0,-99.0,-99.0,,,,0.0,,,,,,-99.0,,,,
1986,12,16,,,,,,,,,,,,,,,,,,,,,,,,,,,,,,,,,99.0,99.0,,,,,,,,,,99.0,,,,
1986,12,17,0.0,0.0,,,,,21.0,1355.0,1415.0,0.0,,,,,0.0,0.0,,64.94,44.96,602.0,,,,270.0,270.0,,,,,62.0,49.0,-9999.0,-9999.0,-9999.0,,,,-9999.0,,,,,,-9999.0,,,,
1986,12,18,,,,,,,,,,0.0,,,,,0.0,0.0,,32.0,32.0,,,,,,,,,,,,,-9.0,-9.0,-9.0,,,,-9.0,,,,,,-9.0,,,,
1986,12,19,0.0,0.0,,,,,23.0,510.0,303.0,0.0,,,,,0.0,0.0,,64.04,46.04,602.0,,,,,,,,,,82.0,58.0,999.0,999.0,999.0,,,,999.0,,,,,,999.0,,,,
1986,12,20,,,,,,,,,,0.0,,,,,0.0,0.0,,,,,,,,,,,,,,,,-999.0,-999.0,-999.0,,,,,,,,,,-999.0,,,,
1986,12,22,100.0,100.0,,,,,21.0,1329.0,1336.0,0.0,,,,,0.0,0.0,,66.02,48.92,502.0,,,,,,,,,,57.0,31.0,9999.0,9999.0,9999.0,,,,1.0,,,,,,9999.0,,,,
1986,12,23,,,,,,,,,,0.0,,,,,0.0,0.0,,,,,,,,,,,,,,,,-99.0,-99.0,-99.0,,,,0.0,,,,,,,,,,
1986,12,24,,,,,,,,,,,,,,,,,,,,,,,,,,,,,,,,99.0,99.0,99.0,,,,,,,,,,,,,,
1986,12,25,60.0,40.0,,,,,22.0,1322.0,1323.0,0.0,,,,,0.0,0.0,,68.0,51.98,433.0,,,,180.0,225.0,,,,,72.0,40.0,-9999.0,-9999.0,-9999.0,,,,-9999.0,,,,,,-9999.0,,,,
1986,12,26,,,,,,,,,,0.0,,,,,0.0,0.0,,32.0,32.0,,,,,,,,,,,,,-9.0,-9.0,-9.0,,,,,,,,,,-9.0,,,,
1986,12,27,20.0,0.0,,,,,23.0,213.0,213.0,0.0,,,,,0.0,0.0,,68.0,53.06,600.0,,,,,,,,,,62.0,40.0,999.0,999.0,999.0,,,,1.0,,,,,,999.0,,,,
1986,12,28,,,,,,,,,,0.0,,,,,0.0,0.0,,,,,,,,,,,,,,,,,-999.0,-999.0,,,,,,,,,,-999.0,,,,
1986,12,29,,,,,,,,,,,,,,,,,,,,,,,,,,,,,,,,,,,,,,9.0,,,,,,9.0,,,,
1986,12,30,40.0,30.0,,,,,25.0,1444.0,1530.0,18.0,,,,,0.0,0.0,,66.02,50.0,460.0,,,,,,,,,,77.0,72.0,1.0,9999.0,9999.0,,,,1.0,,,,,,1.0,,,,
1986,12,31,,,,,,,,,,0.0,,,,,0.0,0.0,,,32.0,,,,,,,,,,,,,,-99.0,,,,,,,,,,,0.0,,,,
1987,1,1,80.0,80.0,,,,,22.0,1525.0,1533.0,0.0,,,,,0.0,0.0,,64.94,48.02,374.0,,,,270.0,270.0,,,,,77.0,63.0,1.0,,,,,,-9999.0,,,,,,-9999.0,,,,
1987,1,2,,,,,,,,,,0.0,,,,,0.0,0.0,,32.0,32.0,,,,,,,,,,,,,,,,,,,,,,,,,-9.0,,,,
1987,1,3,50.0,50.0,,,,,32.0,405.0,401.0,0.0,,,,,0.0,0.0,,66.92,53.06,586.0,,,,,,,,,,82.0,67.0,999.0,,,,,,1.0,,,,,,999.0,,,,
1987,1,4,,,,,,,,,,0.0,,,,,0.0,0.0,,,,,,,,,,,,,,,,-999.0,,,,,,,,,,,,-999.0,,,,
1987,1,5,,,,,,,,,,,,,,,,,,,,,,,,,,,,,,,,9.0,,,,,,,,,,,,9.0,,,,
1987,1,6,90.0,100.0,,,,,55.0,2347.0,2351.0,234.0,,,,,0.0,0.0,,60.08,51.98,0.0,,,,,,,,,,154.0,80.0,1.0,,,,,,9999.0,,,,,,1.0,,,,
1987,1,7,,,,,,,,,,0.0,,,,,0.0,0.0,,,,,,,,,,,,,,,,,,,,,,-99.0,,,,,,0.0,,,,
1987,1,8,,,,,,,,,,,,,,,,,,,,,,,,,,,,,,,,99.0,,,,,,99.0,,,,,,,,,,
1987,1,9,70.0,80.0,,,,,35.0,2127.0,2133.0,76.0,,,,,0.0,0.0,,60.980000000000004,48.92,363.0,,,,180.0,180.0,,,,,118.0,89.0,1.0,,,,,,-9999.0,,,,,,1.0,,,,
1987,1,10,,,,,,,,,,0.0,,,,,0.0,0.0,,32.0,32.0,,,,,,,,,,,,,,,,,,,-9.0,,,,,,0.0,,,,
1987,1,11,40.0,50.0,,,,,37.0,245.0,212.0,20.0,,,,,0.0,0.0,,62.059999999999995,50.0,354.0,,,,,,,,,,103.0,76.0,999.0,,,,,,999.0,,,,,,1.0,,,,
1987,1,12,,,,,,,,,,0.0,,,,,0.0,0.0,,,,,,,,,,,,,,,,-999.0,,,,,,-999.0,,,,,,,,,,
1987,1,14,40.0,40.0,,,,,30.0,1536.0,1618.0,0.0,,,,,0.0,0.0,,64.04,46.94,552.0,,,,,,,,,,87.0,72.0,9999.0,,,,,,9999.0,,,,,,9999.0,,,,
1987,1,15,,,,,,,,,,0.0,,,,,0.0,0.0,,,32.0,,,,,,,,,,,,,-99.0,,,,,,-99.0,,,,,,-99.0,,,,
1987,1,16,,,,,,,,,,,,,,,,,,,,,,,,,,,,,,,,99.0,,,,,,99.0,,,,,,99.0,,,,
1987,1,17,0.0,0.0,,,,,23.0,1502.0,1503.0,0.0,,,,,0.0,0.0,,75.02,39.92,610.0,,,,315.0,315.0,,,,,67.0,54.0,-9999.0,,,,,,-9999.0,,,,,,-9999.0,,,,
1987,1,18,,,,,,,,,,0.0,,,,,0.0,0.0,,32.0,32.0,,,,,,,,,,,,,-9.0,,,,,,-9.0,,,,,,-9.0,,,,
1987,1,19,0.0,0.0,,,,,24.0,448.0,448.0,0.0,,,,,0.0,0.0,,73.94,42.980000000000004,611.0,,,,,,,,,,82.0,63.0,999.0,,,,,,999.0,,,,,,999.0,,,,
1987,1,20,,,,,,,,,,0.0,,,,,0.0,0.0,,,,,,,,,,,,,,,,,,,,,,-999.0,,,,,,-999.0,,,,
1987,1,22,70.0,80.0,,,,,28.0,944.0,925.0,0.0,,,,,0.0,0.0,,60.980000000000004,51.08,231.0,,,,,,,,,,77.0,36.0,1.0,,,,,,9999.0,,,,,,9999.0,,,,
1987,1,23,,,,,,,,,,0.0,,,,,0.0,0.0,,,32.0,,,,,,,,,,,,,,,,,,,-99.0,,,,,,-99.0,,,,
1987,1,24,,,,,,,,,,,,,,,,,,,,,,,,,,,,,,,,99.0,,,,,,99.0,,,,,,99.0,,,,
1987,1,25,0.0,0.0,,,,,39.0,1844.0,1608.0,0.0,,,,,0.0,0.0,,53.06,37.04,615.0,,,,270.0,360.0,,,,,82.0,58.0,-9999.0,,,,,,-9999.0,,,,,,-9999.0,,,,
1987,1,26,,,,,,,,,,0.0,,,,,0.0,0.0,,32.0,32.0,,,,,,,,,,,,,-9.0,,,,,,-9.0,,,,,,-9.0,,,,
1987,1,27,0.0,0.0,,,,,28.0,326.0,433.0,0.0,,,,,0.0,0.0,,57.02,35.96,596.0,,,,,,,,,,82.0,63.0,999.0,,,,,,999.0,,,,,,999.0,,,,
1987,1,28,,,,,,,,,,0.0,,,,,0.0,0.0,,,,,,,,,,,,,,,,-999.0,,,,,,-999.0,,,,,,-999.0,,,,
1987,1,30,30.0,20.0,,,,,32.0,1428.0,1501.0,0.0,,,,,0.0,0.0,,60.980000000000004,48.02,568.0,,,,,,,,,,77.0,54.0,9999.0,,,,,,9999.0,,,,,,9999.0,,,,
1987,1,31,,,,,,,,,,0.0,,,,,0.0,0.0,,,32.0,,,,,,,,,,,,,-99.0,,,,,,-99.0,,,,,,-99.0,,,,
1987,2,1,0.0,0.0,,,,,24.0,1607.0,1617.0,0.0,,,,,0.0,0.0,,69.98,48.02,637.0,,,,270.0,270.0,,,,,82.0,76.0,-9999.0,,-9999.0,,,,1.0,,,,,-9999.0,-9999.0,,,,
1987,2,2,,,,,,,,,,0.0,,,,,0.0,0.0,,32.0,32.0,,,,,,,,,,,,,,,-9.0,,,,0.0,,,,,-9.0,-9.0,,,,
1987,2,3,50.0,80.0,,,,,26.0,217.0,247.0,0.0,,,,,0.0,0.0,,64.94,46.04,569.0,,,,,,,,,,72.0,54.0,1.0,,999.0,,,,1.0,,,,,999.0,999.0,,,,
1987,2,4,,,,,,,,,,0.0,,,,,0.0,0.0,,,,,,,,,,,,,,,,0.0,,-999.0,,,,0.0,,,,,-999.0,-999.0,,,,
1987,2,6,20.0,0.0,,,,,35.0,1506.0,1504.0,0.0,,,,,0.0,0.0,,66.92,53.06,627.0,,,,,,,,,,123.0,89.0,9999.0,,9999.0,,,,1.0,,,,,9999.0,9999.0,,,,
1987,2,7,,,,,,,,,,0.0,,,,,0.0,0.0,,,32.0,,,,,,,,,,,,,,,-99.0,,,,0.0,,,,,-99.0,-99.0,,,,
1987,2,8,,,,,,,,,,,,,,,,,,,,,,,,,,,,,,,,,,99.0,,,,,,,,,99.0,99.0,,,,
1987,2,9,40.0,20.0,,,,,42.0,1249.0,1325.0,0.0,,,,,0.0,0.0,,82.04,48.92,546.0,,,,45.0,90.0,,,,,154.0,63.0,1.0,,-9999.0,,,,1.0,,,,,-9999.0,-9999.0,,,,
1987,2,10,,,,,,,,,,0.0,,,,,0.0,0.0,,32.0,32.0,,,,,,,,,,,,,,,-9.0,,,,,,,,,-9.0,-9.0,,,,
1987,2,11,90.0,100.0,,,,,38.0,203.0,455.0,0.0,,,,,0.0,0.0,,80.06,57.92,154.0,,,,,,,,,,123.0,76.0,1.0,,999.0,,,,1.0,,,,,999.0,999.0,,,,
1987,2,12,,,,,,,,,,0.0,,,,,0.0,0.0,,,,,,,,,,,,,,,,,,-999.0,,,,,,,,,-999.0,-999.0,,,,
1987,2,13,,,,,,,,,,,,,,,,,,,,,,,,,,,,,,,,9.0,,,,,,,,,,,9.0,9.0,,,,
1987,2,14,90.0,100.0,,,,,26.0,1427.0,1427.0,10.0,,,,,0.0,0.0,,69.08,55.04,120.0,,,,,,,,,,82.0,54.0,1.0,,9999.0,,,,9999.0,,,,,1.0,1.0,,,,
1987,2,15,,,,,,,,,,0.0,,,,,0.0,0.0,,,,,,,,,,,,,,,,,,-99.0,,,,-99.0,,,,,,,,,,
1987,2,16,,,,,,,,,,,,,,,,,,,,,,,,,,,,,,,,99.0,,99.0,,,,99.0,,,,,99.0,99.0,,,,
1987,2,17,80.0,80.0,,,,,33.0,1521.0,1448.0,0.0,,,,,0.0,0.0,,68.0,55.94,300.0,,,,270.0,270.0,,,,,93.0,63.0,1.0,,-9999.0,,,,-9999.0,,,,,1.0,1.0,,,,
1987,2,18,,,,,,,,,,,,,,,0.0,0.0,,32.0,32.0,,,,,,,,,,,,,,,-9.0,,,,,,,,,,0.0,,,,
1987,2,19,100.0,100.0,,,,,41.0,548.0,441.0,,,,,,0.0,0.0,,66.02,55.94,271.0,,,,,,,,,,98.0,85.0,999.0,,999.0,,,,1.0,,,,,1.0,1.0,,,,
1987,2,20,,,,,,,,,,,,,,,0.0,0.0,,,,,,,,,,,,,,,,,,-999.0,,,,,,,,,,0.0,,,,
1987,2,22,60.0,30.0,,,,,30.0,1425.0,1447.0,3.0,,,,,0.0,0.0,,66.02,57.02,482.0,,,,,,,,,,87.0,58.0,1.0,,9999.0,,,,9999.0,,,,,1.0,1.0,,,,
1987,2,23,,,,,,,,,,0.0,,,,,0.0,0.0,,,,,,,,,,,,,,,,0.0,,-99.0,,,,-99.0,,,,,,0.0,,,,
1987,2,24,,,,,,,,,,,,,,,,,,,,,,,,,,,,,,,,,,99.0,,,,99.0,,,,,99.0,,,,,
1987,2,25,0.0,0.0,,,,,40.0,147.0,213.0,0.0,,,,,0.0,0.0,,64.04,48.02,664.0,,,,315.0,315.0,,,,,134.0,89.0,-9999.0,,-9999.0,,,,-9999.0,,,,,-9999.0,-9999.0,,,,
1987,2,26,,,,,,,,,,0.0,,,,,0.0,0.0,,32.0,32.0,,,,,,,,,,,,,-9.0,,-9.0,,,,-9.0,,,,,-9.0,-9.0,,,,
1987,2,27,10.0,10.0,,,,,21.0,620.0,609.0,0.0,,,,,0.0,0.0,,66.02,46.94,666.0,,,,,,,,,,77.0,67.0,999.0,,999.0,,,,999.0,,,,,999.0,999.0,,,,
1987,2,28,,,,,,,,,,0.0,,,,,0.0,0.0,,,,,,,,,,,,,,,,-999.0,,-999.0,,,,-999.0,,,,,-999.0,-999.0,,,,
1987,2,30,20.0,40.0,,,,,34.0,1343.0,1317.0,0.0,,,,,0.0,0.0,,66.92,44.06,667.0,,,,,,,,,,98.0,76.0,9999.0,,9999.0,,,,9999.0,,,,,9999.0,9999.0,,,,
1987,2,31,,,,,,,,,,0.0,,,,,0.0,0.0,,,32.0,,,,,,,,,,,,,-99.0,,-99.0,,,,-99.0,,,,,-99.0,-99.0,,,,
1987,3,1,30.0,20.0,,,,,29.0,1339.0,1242.0,0.0,,,,,0.0,0.0,,60.980000000000004,46.94,646.0,,,,225.0,270.0,,,,,87.0,63.0,-9999.0,,,,,,-9999.0,,,,,-9999.0,-9999.0,,,,
1987,3,2,,,,,,,,,,0.0,,,,,0.0,0.0,,32.0,32.0,,,,,,,,,,,,,-9.0,,,,,,-9.0,,,,,-9.0,-9.0,,,,
1987,3,3,60.0,80.0,,,,,29.0,333.0,704.0,0.0,,,,,0.0,0.0,,64.04,51.08,534.0,,,,,,,,,,82.0,72.0,999.0,,,,,,999.0,,,,,999.0,999.0,,,,
1987,3,4,,,,,,,,,,0.0,,,,,0.0,0.0,,,,,,,,,,,,,,,,,,,,,,,,,,,-999.0,-999.0,,,,
1987,3,6,70.0,90.0,,,,,25.0,1541.0,1552.0,0.0,,,,,0.0,0.0,,84.91999999999999,51.08,449.0,,,,,,,,,,62.0,45.0,9999.0,,,,,,9999.0,,,,,9999.0,9999.0,,,,
1987,3,7,,,,,,,,,,0.0,,,,,0.0,0.0,,,,,,,,,,,,,,,,-99.0,,,,,,-99.0,,,,,-99.0,,,,,
1987,3,8,,,,,,,,,,,,,,,,,,,,,,,,,,,,,,,,99.0,,,,,,99.0,,,,,99.0,,,,,
1987,3,9,100.0,100.0,,,,,23.0,100.0,345.0,91.0,,,,,0.0,0.0,,60.980000000000004,57.02,21.0,,,,90.0,45.0,,,,,57.0,40.0,1.0,,,,,,-9999.0,,,,,1.0,1.0,,,,
1987,3,10,,,,,,,,,,0.0,,,,,0.0,0.0,,32.0,32.0,,,,,,,,,,,,,0.0,,,,,,-9.0,,,,,,0.0,,,,
1987,3,11,90.0,90.0,,,,,34.0,535.0,536.0,3.0,,,,,0.0,0.0,,62.959999999999994,55.94,203.0,,,,,,,,,,77.0,67.0,1.0,,,,,,999.0,,,,,1.0,1.0,,,,
1987,3,12,,,,,,,,,,0.0,,,,,0.0,0.0,,,,,,,,,,,,,,,,,,,,,,-999.0,,,,,,0.0,,,,
1987,3,14,70.0,90.0,,,,,28.0,1355.0,1352.0,0.0,,,,,0.0,0.0,,64.04,55.04,477.0,,,,,,,,,,82.0,58.0,9999.0,,,,,,9999.0,,,,,9999.0,9999.0,,,,
1987,3,15,,,,,,,,,,0.0,,,,,0.0,0.0,,,,,,,,,,,,,,,,-99.0,,,,,,-99.0,,,,,-99.0,-99.0,,,,
1987,3,16,,,,,,,,,,,,,,,,,,,,,,,,,,,,,,,,99.0,,,,,,99.0,,,,,99.0,99.0,,,,
1987,3,17,50.0,10.0,,,,,40.0,1417.0,1207.0,0.0,,,,,0.0,0.0,,64.94,55.94,656.0,,,,270.0,270.0,,,,,93.0,72.0,-9999.0,,,,,,1.0,,,,,-9999.0,-9999.0,,,,
1987,3,18,,,,,,,,,,0.0,,,,,0.0,0.0,,32.0,32.0,,,,,,,,,,,,,-9.0,,,,,,0.0,,,,,-9.0,-9.0,,,,
1987,3,19,90.0,90.0,,,,,40.0,106.0,209.0,0.0,,,,,0.0,0.0,,62.059999999999995,55.94,161.0,,,,,,,,,,87.0,67.0,999.0,,,,,,1.0,,,,,999.0,999.0,,,,
1987,3,20,,,,,,,,,,0.0,,,,,0.0,0.0,,,,,,,,,,,,,,,,-999.0,,,,,,,,,,,-999.0,-999.0,,,,
1987,3,21,,,,,,,,,,,,,,,,,,,,,,,,,,,,,,,,,,,,,,,,,,,,9.0,,,,
1987,3,22,80.0,70.0,,,,,45.0,1857.0,1854.0,,,,,,0.0,0.0,,62.959999999999994,55.04,425.0,,,,,,,,,,108.0,72.0,9999.0,,,,,,9999.0,,,,,9999.0,1.0,,,,
1987,3,23,,,,,,,,,,0.0,,,,,0.0,0.0,,,,,,,,,,,,,,,,-99.0,,,,,,-99.0,,,,,-99.0,0.0,,,,
1987,3,24,,,,,,,,,,,,,,,,,,,,,,,,,,,,,,,,99.0,,,,,,99.0,,,,,99.0,,,,,
1987,3,25,30.0,20.0,,,,,32.0,133.0,1306.0,0.0,,,,,0.0,0.0,,64.04,51.08,597.0,,,,225.0,315.0,,,,,103.0,72.0,-9999.0,,,,,,-9999.0,,,,,-9999.0,1.0,,,,
1987,3,26,,,,,,,,,,,,,,,0.0,0.0,,32.0,32.0,,,,,,,,,,,,,-9.0,,,,,,-9.0,,,,,-9.0,,,,,
1987,3,27,0.0,0.0,,,,,25.0,305.0,434.0,0.0,,,,,0.0,0.0,,66.02,48.92,717.0,,,,,,,,,,87.0,58.0,999.0,,,,,,999.0,,,,,999.0,999.0,,,,
1987,3,28,,,,,,,,,,0.0,,,,,0.0,0.0,,,,,,,,,,,,,,,,-999.0,,,,,,-999.0,,,,,-999.0,-999.0,,,,
1987,3,30,50.0,40.0,,,,,63.0,1154.0,1023.0,0.0,,,,,0.0,0.0,,62.059999999999995,53.06,544.0,,,,,,,,,,139.0,89.0,9999.0,,,,,,9999.0,,,,,9999.0,9999.0,,,,
1987,3,31,,,,,,,,,,0.0,,,,,0.0,0.0,,,,,,,,,,,,,,,,-99.0,,,,,,-99.0,,,,,-99.0,-99.0,,,,
1987,4,1,20.0,0.0,,,,,34.0,1427.0,1421.0,0.0,,,,,0.0,0.0,,73.04,55.04,752.0,,,,225.0,270.0,,,,,98.0,63.0,-9999.0,-9999.0,,,,,-9999.0,,,,,-9999.0,-9999.0,,,,
1987,4,2,,,,,,,,,,0.0,,,,,0.0,0.0,,32.0,32.0,,,,,,,,,,,,,-9.0,-9.0,,,,,-9.0,,,,,,,,,,
1987,4,3,60.0,70.0,,,,,36.0,446.0,135.0,,,,,,0.0,0.0,,64.94,51.08,719.0,,,,,,,,,,98.0,76.0,999.0,999.0,,,,,999.0,,,,,1.0,1.0,,,,
1987,4,4,,,,,,,,,,,,,,,0.0,0.0,,,,,,,,,,,,,,,,,-999.0,,,,,-999.0,,,,,,0.0,,,,
1987,4,6,20.0,10.0,,,,,34.0,1207.0,1207.0,10.0,,,,,0.0,0.0,,62.959999999999994,51.08,758.0,,,,,,,,,,87.0,54.0,9999.0,9999.0,,,,,9999.0,,,,,9999.0,1.0,,,,
1987,4,7,,,,,,,,,,0.0,,,,,0.0,0.0,,,,,,,,,,,,,,,,-99.0,-99.0,,,,,-99.0,,,,,-99.0,,,,,
1987,4,8,,,,,,,,,,,,,,,,,,,,,,,,,,,,,,,,99.0,99.0,,,,,99.0,,,,,99.0,99.0,,,,
1987,4,9,10.0,20.0,,,,,34.0,1258.0,1426.0,0.0,,,,,0.0,0.0,,68.0,51.98,706.0,,,,270.0,315.0,,,,,87.0,72.0,-9999.0,-9999.0,,,,,-9999.0,,,,,-9999.0,-9999.0,,,,
1987,4,10,,,,,,,,,,0.0,,,,,0.0,0.0,,32.0,32.0,,,,,,,,,,,,,-9.0,-9.0,,,,,-9.0,,,,,-9.0,-9.0,,,,
1987,4,11,10.0,30.0,,,,,30.0,353.0,533.0,0.0,,,,,0.0,0.0,,71.96,55.04,764.0,,,,,,,,,,87.0,67.0,999.0,999.0,,,,,999.0,,,,,999.0,999.0,,,,
1987,4,12,,,,,,,,,,0.0,,,,,0.0,0.0,,,,,,,,,,,,,,,,-999.0,-999.0,,,,,-999.0,,,,,-999.0,-999.0,,,,
1987,4,13,,,,,,,,,,,,,,,,,,,,,,,,,,,,,,,,9.0,,,,,,,,,,,,,,,,
1987,4,14,10.0,10.0,,,,,28.0,1330.0,1145.0,0.0,,,,,0.0,0.0,,80.06,57.02,767.0,,,,,,,,,,72.0,49.0,1.0,9999.0,,,,,9999.0,,,,,9999.0,9999.0,,,,
1987,4,15,,,,,,,,,,0.0,,,,,0.0,0.0,,,,,,,,,,,,,,,,0.0,-99.0,,,,,,,,,,-99.0,-99.0,,,,
1987,4,16,,,,,,,,,,,,,,,,,,,,,,,,,,,,,,,,,99.0,,,,,,,,,,99.0,99.0,,,,
1987,4,17,100.0,100.0,,,,,40.0,1006.0,514.0,0.0,,,,,0.0,0.0,,64.04,57.02,11.0,,,,135.0,135.0,,,,,82.0,49.0,1.0,-9999.0,,,,,1.0,,,,,-9999.0,-9999.0,,,,
1987,4,18,,,,,,,,,,0.0,,,,,0.0,0.0,,32.0,32.0,,,,,,,,,,,,,,-9.0,,,,,,,,,,-9.0,-9.0,,,,
1987,4,19,40.0,50.0,,,,,40.0,344.0,632.0,0.0,,,,,0.0,0.0,,66.02,57.02,545.0,,,,,,,,,,103.0,54.0,999.0,999.0,,,,,999.0,,,,,999.0,999.0,,,,
1987,4,20,,,,,,,,,,0.0,,,,,0.0,0.0,,,,,,,,,,,,,,,,-999.0,-999.0,,,,,,,,,,-999.0,-999.0,,,,
1987,4,22,60.0,80.0,,,,,37.0,1426.0,1404.0,0.0,,,,,0.0,0.0,,80.06,57.02,777.0,,,,,,,,,,118.0,89.0,9999.0,9999.0,,,,,1.0,,,,,9999.0,9999.0,,,,
1987,4,23,,,,,,,,,,0.0,,,,,0.0,0.0,,,,,,,,,,,,,,,,,-99.0,,,,,,,,,,-99.0,-99.0,,,,
1987,4,24,,,,,,,,,,,,,,,,,,,,,,,,,,,,,,,,,99.0,,,,,99.0,,,,,99.0,99.0,,,,
1987,4,25,80.0,80.0,,,,,31.0,1404.0,1436.0,0.0,,,,,0.0,0.0,,73.04,55.94,688.0,,,,225.0,225.0,,,,,72.0,49.0,1.0,1.0,,,,,1.0,,,,,-9999.0,-9999.0,,,,
1987,4,26,,,,,,,,,,0.0,,,,,0.0,0.0,,32.0,32.0,,,,,,,,,,,,,,,,,,,,,,,,-9.0,-9.0,,,,
1987,4,27,100.0,100.0,,,,,29.0,443.0,342.0,0.0,,,,,0.0,0.0,,62.959999999999994,57.02,10.0,,,,,,,,,,82.0,40.0,999.0,999.0,,,,,999.0,,,,,999.0,999.0,,,,
1987,4,28,,,,,,,,,,0.0,,,,,0.0,0.0,,,,,,,,,,,,,,,,-999.0,-999.0,,,,,-999.0,,,,,-999.0,-999.0,,,,
1987,4,30,30.0,20.0,,,,,37.0,1140.0,1201.0,0.0,,,,,0.0,0.0,,68.0,57.92,611.0,,,,,,,,,,93.0,63.0,9999.0,9999.0,,,,,9999.0,,,,,9999.0,9999.0,,,,
1987,4,31,,,,,,,,,,0.0,,,,,0.0,0.0,,,,,,,,,,,,,,,,-99.0,-99.0,,,,,-99.0,,,,,-99.0,-99.0,,,,
1987,5,1,70.0,60.0,,,,,42.0,1712.0,1701.0,0.0,,,,,0.0,0.0,,68.0,60.08,511.0,,,,225.0,225.0,,,,,103.0,63.0,-9999.0,-9999.0,,,,,-9999.0,,,,,-9999.0,-9999.0,,,,
1987,5,2,,,,,,,,,,0.0,,,,,0.0,0.0,,32.0,32.0,,,,,,,,,,,,,-9.0,-9.0,,,,,-9.0,,,,,-9.0,-9.0,,,,
1987,5,3,50.0,60.0,,,,,35.0,225.0,215.0,0.0,,,,,0.0,0.0,,68.0,59.0,656.0,,,,,,,,,,93.0,54.0,999.0,999.0,,,,,999.0,,,,,999.0,999.0,,,,
1987,5,4,,,,,,,,,,0.0,,,,,0.0,0.0,,,,,,,,,,,,,,,,-999.0,-999.0,,,,,-999.0,,,,,-999.0,-999.0,,,,
1987,5,6,0.0,0.0,,,,,31.0,1205.0,1208.0,0.0,,,,,0.0,0.0,,77.0,59.0,804.0,,,,,,,,,,87.0,72.0,9999.0,9999.0,,,,,9999.0,,,,,9999.0,9999.0,,,,
1987,5,7,,,,,,,,,,0.0,,,,,0.0,0.0,,,,,,,,,,,,,,,,,,,,,,,,,,,-99.0,-99.0,,,,
1987,5,8,,,,,,,,,,,,,,,,,,,,,,,,,,,,,,,,,,,,,,,,,,,99.0,99.0,,,,
1987,5,9,70.0,50.0,,,,,34.0,845.0,900.0,0.0,,,,,0.0,0.0,,69.08,62.059999999999995,514.0,,,,225.0,225.0,,,,,77.0,45.0,1.0,-9999.0,,,,,1.0,,,,,-9999.0,-9999.0,,,,
1987,5,10,,,,,,,,,,0.0,,,,,0.0,0.0,,32.0,32.0,,,,,,,,,,,,,0.0,-9.0,,,,,0.0,,,,,-9.0,,,,,
1987,5,11,90.0,90.0,,,,,32.0,238.0,534.0,,,,,,0.0,0.0,,68.0,62.059999999999995,182.0,,,,,,,,,,87.0,49.0,1.0,999.0,,,,,1.0,,,,,999.0,1.0,,,,
1987,5,12,,,,,,,,,,0.0,,,,,0.0,0.0,,,,,,,,,,,,,,,,,-999.0,,,,,0.0,,,,,-999.0,,,,,
1987,5,13,,,,,,,,,,,,,,,,,,,,,,,,,,,,,,,,9.0,,,,,,,,,,,9.0,9.0,,,,
1987,5,14,100.0,100.0,,,,,41.0,1243.0,1431.0,,,,,,0.0,0.0,,69.08,62.959999999999994,110.0,,,,,,,,,,87.0,58.0,1.0,9999.0,,,,,1.0,,,,,1.0,1.0,,,,
1987,5,15,,,,,,,,,,0.0,,,,,0.0,0.0,,,,,,,,,,,,,,,,0.0,-99.0,,,,,,,,,,,0.0,,,,
1987,5,16,,,,,,,,,,,,,,,,,,,,,,,,,,,,,,,,,99.0,,,,,99.0,,,,,,,,,,
1987,5,17,90.0,70.0,,,,,32.0,1336.0,1329.0,0.0,,,,,0.0,0.0,,71.06,62.059999999999995,343.0,,,,225.0,225.0,,,,,87.0,58.0,1.0,-9999.0,,,,,1.0,,,,,1.0,1.0,,,,
1987,5,18,,,,,,,,,,,,,,,0.0,0.0,,32.0,32.0,,,,,,,,,,,,,0.0,-9.0,,,,,0.0,,,,,,,,,,
1987,5,19,100.0,90.0,,,,,37.0,359.0,322.0,0.0,,,,,0.0,0.0,,73.94,62.959999999999994,258.0,,,,,,,,,,108.0,76.0,1.0,999.0,,,,,1.0,,,,,999.0,999.0,,,,
1987,5,20,,,,,,,,,,0.0,,,,,0.0,0.0,,,,,,,,,,,,,,,,0.0,-999.0,,,,,0.0,,,,,,,,,,
1987,5,22,90.0,100.0,,,,,30.0,1238.0,1451.0,0.0,,,,,0.0,0.0,,66.02,62.059999999999995,144.0,,,,,,,,,,62.0,40.0,9999.0,9999.0,,,,,1.0,,,,,9999.0,9999.0,,,,
1987,5,23,,,,,,,,,,0.0,,,,,0.0,0.0,,,,,,,,,,,,,,,,,-99.0,,,,,,,,,,,,,,,
1987,5,24,,,,,,,,,,,,,,,,,,,,,,,,,,,,,,,,,99.0,,,,,99.0,,,,,,,,,,
1987,5,25,90.0,80.0,,,,,34.0,1825.0,1555.0,3.0,,,,,0.0,0.0,,71.06,60.08,367.0,,,,225.0,270.0,,,,,72.0,45.0,1.0,-9999.0,,,,,-9999.0,,,,,1.0,1.0,,,,
1987,5,26,,,,,,,,,,0.0,,,,,0.0,0.0,,32.0,32.0,,,,,,,,,,,,,,-9.0,,,,,-9.0,,,,,,,,,,
1987,5,27,100.0,100.0,,,,,43.0,322.0,211.0,0.0,,,,,0.0,0.0,,71.06,62.959999999999994,87.0,,,,,,,,,,93.0,54.0,999.0,999.0,,,,,999.0,,,,,999.0,999.0,,,,
1987,5,28,,,,,,,,,,0.0,,,,,0.0,0.0,,,,,,,,,,,,,,,,-999.0,-999.0,,,,,-999.0,,,,,-999.0,-999.0,,,,
1987,5,30,100.0,100.0,,,,,39.0,1616.0,1448.0,0.0,,,,,0.0,0.0,,66.02,60.980000000000004,394.0,,,,,,,,,,87.0,54.0,9999.0,9999.0,,,,,9999.0,,,,,9999.0,9999.0,,,,
1987,5,31,,,,,,,,,,0.0,,,,,0.0,0.0,,,,,,,,,,,,,,,,-99.0,-99.0,,,,,-99.0,,,,,-99.0,-99.0,,,,
1987,6,1,40.0,20.0,,,,,36.0,1523.0,1604.0,0.0,,,,,0.0,0.0,,75.02,60.980000000000004,702.0,,,,180.0,180.0,,,,,72.0,45.0,1.0,,,,,,1.0,,,,,-9999.0,-9999.0,,,,
1987,6,2,,,,,,,,,,0.0,,,,,0.0,0.0,,32.0,32.0,,,,,,,,,,,,,,,,,,,0.0,,,,,-9.0,-9.0,,,,
1987,6,3,30.0,20.0,,,,,31.0,458.0,348.0,0.0,,,,,0.0,0.0,,69.98,60.980000000000004,771.0,,,,,,,,,,72.0,49.0,999.0,,,,,,1.0,,,,,999.0,999.0,,,,
1987,6,4,,,,,,,,,,0.0,,,,,0.0,0.0,,,,,,,,,,,,,,,,,,,,,,0.0,,,,,-999.0,-999.0,,,,
1987,6,6,70.0,80.0,,,,,38.0,1318.0,1335.0,0.0,,,,,0.0,0.0,,78.98,60.980000000000004,372.0,,,,,,,,,,113.0,89.0,1.0,,,,,,1.0,,,,,9999.0,9999.0,,,,
1987,6,7,,,,,,,,,,0.0,,,,,0.0,0.0,,,,,,,,,,,,,,,,0.0,,,,,,0.0,,,,,-99.0,-99.0,,,,
1987,6,8,,,,,,,,,,,,,,,,,,,,,,,,,,,,,,,,,,,,,,,,,,,99.0,99.0,,,,
1987,6,9,100.0,100.0,,,,,46.0,800.0,1156.0,0.0,,,,,0.0,0.0,,69.08,62.059999999999995,5.0,,,,180.0,135.0,,,,,98.0,63.0,1.0,,,,,,1.0,,,,,1.0,1.0,,,,
1987,6,10,,,,,,,,,,,,,,,0.0,0.0,,32.0,32.0,,,,,,,,,,,,,,,,,,,,,,,,,,,,,
1987,6,11,100.0,100.0,,,,,35.0,316.0,511.0,0.0,,,,,0.0,0.0,,69.08,62.959999999999994,0.0,,,,,,,,,,72.0,54.0,999.0,,,,,,999.0,,,,,999.0,999.0,,,,
1987,6,12,,,,,,,,,,0.0,,,,,0.0,0.0,,,,,,,,,,,,,,,,-999.0,,,,,,-999.0,,,,,-999.0,-999.0,,,,
1987,6,13,,,,,,,,,,,,,,,,,,,,,,,,,,,,,,,,9.0,,,,,,,,,,,9.0,9.0,,,,
1987,6,14,100.0,100.0,,,,,30.0,1336.0,1337.0,,,,,,0.0,0.0,,68.0,60.980000000000004,0.0,,,,,,,,,,72.0,40.0,1.0,,,,,,9999.0,,,,,1.0,1.0,,,,
1987,6,15,,,,,,,,,,0.0,,,,,0.0,0.0,,,,,,,,,,,,,,,,0.0,,,,,,-99.0,,,,,,,,,,
1987,6,16,,,,,,,,,,,,,,,,,,,,,,,,,,,,,,,,,,,,,,99.0,,,,,99.0,99.0,,,,
1987,6,17,100.0,100.0,,,,,32.0,1451.0,1435.0,0.0,,,,,0.0,0.0,,66.02,60.08,0.0,,,,270.0,315.0,,,,,82.0,49.0,-9999.0,,,,,,1.0,,,,,-9999.0,-9999.0,,,,
1987,6,18,,,,,,,,,,0.0,,,,,0.0,0.0,,32.0,32.0,,,,,,,,,,,,,-9.0,,,,,,,,,,,-9.0,-9.0,,,,
1987,6,19,100.0,100.0,,,,,34.0,526.0,312.0,0.0,,,,,0.0,0.0,,66.92,60.980000000000004,1.0,,,,,,,,,,77.0,54.0,999.0,,,,,,999.0,,,,,999.0,999.0,,,,
1987,6,20,,,,,,,,,,0.0,,,,,0.0,0.0,,,,,,,,,,,,,,,,-999.0,,,,,,,,,,,,,,,,
1987,6,22,70.0,60.0,,,,,44.0,1456.0,1225.0,0.0,,,,,0.0,0.0,,69.98,62.059999999999995,512.0,,,,,,,,,,103.0,76.0,9999.0,,,,,,9999.0,,,,,9999.0,9999.0,,,,
1987,6,23,,,,,,,,,,0.0,,,,,0.0,0.0,,,,,,,,,,,,,,,,-99.0,,,,,,-99.0,,,,,-99.0,-99.0,,,,
1987,6,24,,,,,,,,,,,,,,,,,,,,,,,,,,,,,,,,99.0,,,,,,99.0,,,,,99.0,99.0,,,,
1987,6,25,30.0,10.0,,,,,49.0,1627.0,1114.0,0.0,,,,,0.0,0.0,,71.06,60.980000000000004,834.0,,,,270.0,270.0,,,,,103.0,72.0,-9999.0,,,,,,-9999.0,,,,,-9999.0,-9999.0,,,,
1987,6,26,,,,,,,,,,0.0,,,,,0.0,0.0,,32.0,32.0,,,,,,,,,,,,,-9.0,,,,,,-9.0,,,,,-9.0,-9.0,,,,
1987,6,27,50.0,30.0,,,,,34.0,107.0,304.0,0.0,,,,,0.0,0.0,,71.06,60.980000000000004,729.0,,,,,,,,,,87.0,54.0,999.0,,,,,,999.0,,,,,999.0,999.0,,,,
1987,6,28,,,,,,,,,,0.0,,,,,0.0,0.0,,,,,,,,,,,,,,,,-999.0,,,,,,-999.0,,,,,-999.0,-999.0,,,,
1987,6,30,90.0,80.0,,,,,34.0,1854.0,1417.0,0.0,,,,,0.0,0.0,,69.98,62.059999999999995,749.0,,,,,,,,,,82.0,54.0,9999.0,,,,,,9999.0,,,,,9999.0,9999.0,,,,
1987,6,31,,,,,,,,,,0.0,,,,,0.0,0.0,,,,,,,,,,,,,,,,-99.0,,,,,,-99.0,,,,,-99.0,-99.0,,,,
1987,7,1,60.0,50.0,,,,,42.0,1517.0,1507.0,0.0,,,,,0.0,0.0,,71.96,62.959999999999994,481.0,-9999.0,,,270.0,270.0,,-9999.0,,,98.0,72.0,-9999.0,,,,,,-9999.0,,,,,-9999.0,-9999.0,,,,
1987,7,2,,,,,,,,,,0.0,,,,,0.0,0.0,,32.0,32.0,,-9.0,,,,,,-9.0,,,,,-9.0,,,,,,-9.0,,,,,-9.0,-9.0,,,,
1987,7,3,60.0,40.0,,,,,43.0,539.0,147.0,0.0,,,,,0.0,0.0,,71.96,62.059999999999995,587.0,999.0,,,,,,999.0,,,87.0,63.0,999.0,,,,,,999.0,,,,,999.0,999.0,,,,
1987,7,4,,,,,,,,,,0.0,,,,,0.0,0.0,,,,,-999.0,,,,,,-999.0,,,,,-999.0,,,,,,-999.0,,,,,-999.0,-999.0,,,,
1987,7,6,50.0,30.0,,,,,36.0,1400.0,1707.0,0.0,,,,,0.0,0.0,,69.08,62.059999999999995,606.0,9999.0,,,,,,9999.0,,,72.0,45.0,9999.0,,,,,,9999.0,,,,,9999.0,9999.0,,,,
1987,7,7,,,,,,,,,,0.0,,,,,0.0,0.0,,,,,-99.0,,,,,,-99.0,,,,,-99.0,,,,,,-99.0,,,,,-99.0,-99.0,,,,
1987,7,8,,,,,,,,,,,,,,,,,,,,,99.0,,,,,,99.0,,,,,99.0,,,,,,99.0,,,,,99.0,99.0,,,,
1987,7,9,50.0,40.0,,,,,35.0,1441.0,1423.0,0.0,,,,,0.0,0.0,,69.08,62.059999999999995,563.0,-9999.0,,,225.0,225.0,,-9999.0,,,77.0,45.0,-9999.0,,,,,,-9999.0,,,,,-9999.0,-9999.0,,,,
1987,7,10,,,,,,,,,,0.0,,,,,0.0,0.0,,32.0,32.0,,-9.0,,,,,,-9.0,,,,,-9.0,,,,,,-9.0,,,,,,,,,,
1987,7,11,80.0,70.0,,,,,37.0,236.0,302.0,,,,,,0.0,0.0,,68.0,62.059999999999995,352.0,999.0,,,,,,999.0,,,72.0,40.0,999.0,,,,,,999.0,,,,,1.0,1.0,,,,
1987,7,12,,,,,,,,,,0.0,,,,,0.0,0.0,,,,,-999.0,,,,,,-999.0,,,,,-999.0,,,,,,-999.0,,,,,,,,,,
1987,7,14,80.0,70.0,,,,,42.0,653.0,658.0,0.0,,,,,0.0,0.0,,71.06,62.959999999999994,358.0,9999.0,,,,,,9999.0,,,82.0,54.0,9999.0,,,,,,9999.0,,,,,9999.0,9999.0,,,,
1987,7,15,,,,,,,,,,0.0,,,,,0.0,0.0,,,,,-99.0,,,,,,-99.0,,,,,-99.0,,,,,,-99.0,,,,,,,,,,
1987,7,16,,,,,,,,,,,,,,,,,,,,,99.0,,,,,,99.0,,,,,99.0,,,,,,99.0,,,,,,,,,,
1987,7,17,50.0,30.0,,,,,36.0,1337.0,1237.0,0.0,,,,,0.0,0.0,,73.04,64.04,618.0,-9999.0,,,225.0,225.0,,-9999.0,,,93.0,49.0,-9999.0,,,,,,-9999.0,,,,,-9999.0,-9999.0,,,,
1987,7,18,,,,,,,,,,0.0,,,,,0.0,0.0,,32.0,32.0,,-9.0,,,,,,-9.0,,,,,-9.0,,,,,,-9.0,,,,,-9.0,-9.0,,,,
1987,7,19,40.0,20.0,,,,,49.0,513.0,430.0,0.0,,,,,0.0,0.0,,73.94,64.04,749.0,999.0,,,,,,999.0,,,118.0,76.0,999.0,,,,,,999.0,,,,,999.0,999.0,,,,
1987,7,20,,,,,,,,,,0.0,,,,,0.0,0.0,,,,,-999.0,,,,,,-999.0,,,,,-999.0,,,,,,,,,,,-999.0,-999.0,,,,
1987,7,22,90.0,80.0,,,,,40.0,1110.0,1110.0,0.0,,,,,0.0,0.0,,71.06,64.04,247.0,9999.0,,,,,,9999.0,,,93.0,67.0,9999.0,,,,,,1.0,,,,,9999.0,9999.0,,,,
1987,7,23,,,,,,,,,,0.0,,,,,0.0,0.0,,,,,-99.0,,,,,,-99.0,,,,,-99.0,,,,,,0.0,,,,,-99.0,-99.0,,,,
1987,7,24,,,,,,,,,,,,,,,,,,,,,99.0,,,,,,99.0,,,,,99.0,,,,,,,,,,,99.0,99.0,,,,
1987,7,25,100.0,100.0,,,,,43.0,1255.0,1119.0,0.0,,,,,0.0,0.0,,69.08,62.059999999999995,35.0,-9999.0,,,225.0,180.0,,-9999.0,,,77.0,45.0,-9999.0,,,,,,-9999.0,,,,,1.0,1.0,,,,
1987,7,26,,,,,,,,,,,,,,,0.0,0.0,,32.0,32.0,,-9.0,,,,,,-9.0,,,,,,,,,,,-9.0,,,,,,0.0,,,,
1987,7,27,100.0,100.0,,,,,37.0,8.0,18.0,8.0,,,,,0.0,0.0,,66.92,62.059999999999995,11.0,999.0,,,,,,999.0,,,103.0,58.0,1.0,,,,,,999.0,,,,,1.0,1.0,,,,
1987,7,28,,,,,,,,,,0.0,,,,,0.0,0.0,,,,,-999.0,,,,,,-999.0,,,,,,,,,,,-999.0,,,,,,,,,,
1987,7,30,10.0,0.0,,,,,34.0,1559.0,1644.0,0.0,,,,,0.0,0.0,,73.94,59.0,842.0,9999.0,,,,,,9999.0,,,93.0,76.0,9999.0,,,,,,9999.0,,,,,9999.0,9999.0,,,,
1987,7,31,,,,,,,,,,0.0,,,,,0.0,0.0,,,,,2.0,,,,,,,,,,,-99.0,,,,,,-99.0,,,,,-99.0,,,,,
1987,8,1,50.0,50.0,,,,,34.0,1221.0,1212.0,0.0,,,,,0.0,0.0,,80.96,64.94,584.0,,,,270.0,270.0,,,,,87.0,76.0,1.0,,,,,,1.0,,,,,-9999.0,-9999.0,,,,
1987,8,2,,,,,,,,,,0.0,,,,,0.0,0.0,,32.0,32.0,,,,,,,,,,,,,,,,,,,0.0,,,,,-9.0,-9.0,,,,
1987,8,3,30.0,30.0,,,,,33.0,257.0,446.0,0.0,,,,,0.0,0.0,,82.04,68.0,706.0,,,,,,,,,,77.0,54.0,999.0,,,,,,1.0,,,,,999.0,999.0,,,,
1987,8,4,,,,,,,,,,0.0,,,,,0.0,0.0,,,,,,,,,,,,,,,,,,,,,,,,,,,-999.0,-999.0,,,,
1987,8,6,30.0,10.0,,,,,32.0,1259.0,1427.0,0.0,,,,,0.0,0.0,,78.08,66.92,742.0,,,,,,,,,,77.0,45.0,9999.0,,,,,,9999.0,,,,,9999.0,9999.0,,,,
1987,8,7,,,,,,,,,,0.0,,,,,0.0,0.0,,,,,,,,,,,,,,,,-99.0,,,,,,,,,,,-99.0,-99.0,,,,
1987,8,8,,,,,,,,,,,,,,,,,,,,,,,,,,,,,,,,99.0,,,,,,,,,,,99.0,99.0,,,,
1987,8,9,80.0,90.0,,,,,30.0,1113.0,1128.0,0.0,,,,,0.0,0.0,,75.92,66.92,456.0,,,,225.0,225.0,,,,,77.0,40.0,-9999.0,,,,,,-9999.0,,,,,-9999.0,-9999.0,,,,
1987,8,10,,,,,,,,,,0.0,,,,,0.0,0.0,,32.0,32.0,,,,,,,,,,,,,-9.0,,,,,,-9.0,,,,,-9.0,-9.0,,,,
1987,8,11,50.0,50.0,,,,,33.0,329.0,301.0,0.0,,,,,0.0,0.0,,75.02,66.92,638.0,,,,,,,,,,77.0,45.0,999.0,,,,,,999.0,,,,,999.0,999.0,,,,
1987,8,12,,,,,,,,,,0.0,,,,,0.0,0.0,,,,,,,,,,,,,,,,-999.0,,,,,,-999.0,,,,,-999.0,-999.0,,,,
1987,8,14,50.0,30.0,,,,,39.0,1108.0,1248.0,0.0,,,,,0.0,0.0,,75.92,68.0,629.0,,,,,,,,,,98.0,58.0,9999.0,,,,,,9999.0,,,,,9999.0,9999.0,,,,
1987,8,15,,,,,,,,,,0.0,,,,,0.0,0.0,,,,,,,,,,,,,,,,-99.0,,,,,,-99.0,,,,,-99.0,-99.0,,,,
1987,8,16,,,,,,,,,,,,,,,,,,,,,,,,,,,,,,,,99.0,,,,,,99.0,,,,,99.0,99.0,,,,
1987,8,17,40.0,20.0,,,,,34.0,1740.0,1214.0,0.0,,,,,0.0,0.0,,77.0,66.92,753.0,,,,225.0,270.0,,,,,77.0,54.0,-9999.0,,,,,,-9999.0,,,,,-9999.0,-9999.0,,,,
1987,8,18,,,,,,,,,,0.0,,,,,0.0,0.0,,32.0,32.0,,,,,,,,,,,,,-9.0,,,,,,-9.0,,,,,-9.0,-9.0,,,,
1987,8,19,60.0,30.0,,,,,43.0,425.0,235.0,0.0,,,,,0.0,0.0,,75.02,68.0,652.0,,,,,,,,,,103.0,67.0,999.0,,,,,,999.0,,,,,999.0,999.0,,,,
1987,8,20,,,,,,,,,,0.0,,,,,0.0,0.0,,,,,,,,,,,,,,,,,,,,,,-999.0,,,,,,,,,,
1987,8,22,100.0,100.0,,,,,35.0,1207.0,1125.0,3.0,,,,,0.0,0.0,,66.92,62.959999999999994,0.0,,,,,,,,,,82.0,40.0,1.0,,,,,,9999.0,,,,,1.0,1.0,,,,
1987,8,23,,,,,,,,,,0.0,,,,,0.0,0.0,,,,,,,,,,,,,,,,,,,,,,-99.0,,,,,,,,,,
1987,8,24,,,,,,,,,,,,,,,,,,,,,,,,,,,,,,,,99.0,,,,,,99.0,,,,,99.0,99.0,,,,
1987,8,25,60.0,30.0,,,,,40.0,1424.0,1328.0,0.0,,,,,0.0,0.0,,73.94,64.94,559.0,,,,270.0,270.0,,,,,103.0,72.0,-9999.0,,,,,,-9999.0,,,,,-9999.0,-9999.0,,,,
1987,8,26,,,,,,,,,,0.0,,,,,0.0,0.0,,32.0,32.0,,,,,,,,,,,,,-9.0,,,,,,-9.0,,,,,-9.0,-9.0,,,,
1987,8,27,100.0,100.0,,,,,42.0,717.0,454.0,0.0,,,,,0.0,0.0,,71.06,66.02,247.0,,,,,,,,,,103.0,76.0,999.0,,,,,,999.0,,,,,999.0,999.0,,,,
1987,8,28,,,,,,,,,,0.0,,,,,0.0,0.0,,,,,,,,,,,,,,,,-999.0,,,,,,-999.0,,,,,-999.0,-999.0,,,,
1987,8,30,60.0,50.0,,,,,40.0,1345.0,1400.0,0.0,,,,,0.0,0.0,,73.94,64.04,783.0,,,,,,,,,,93.0,63.0,9999.0,,,,,,9999.0,,,,,9999.0,9999.0,,,,
1987,8,31,,,,,,,,,,0.0,,,,,0.0,0.0,,,,,,,,,,,,,,,,-99.0,,,,,,-99.0,,,,,-99.0,-99.0,,,,
1987,9,1,50.0,70.0,,,,,39.0,1424.0,1517.0,0.0,,,,,0.0,0.0,,84.91999999999999,66.02,560.0,,,,270.0,315.0,,,,,113.0,76.0,-9999.0,-9999.0,-9999.0,,,,-9999.0,,,,,,-9999.0,,,,
1987,9,2,,,,,,,,,,0.0,,,,,0.0,0.0,,32.0,32.0,,,,,,,,,,,,,,-9.0,-9.0,,,,-9.0,,,,,,-9.0,,,,
1987,9,3,40.0,30.0,,,,,30.0,502.0,901.0,0.0,,,,,0.0,0.0,,78.98,66.92,763.0,,,,,,,,,,77.0,49.0,1.0,999.0,999.0,,,,999.0,,,,,,999.0,,,,
1987,9,4,,,,,,,,,,0.0,,,,,0.0,0.0,,,,,,,,,,,,,,,,0.0,-999.0,-999.0,,,,,,,,,,-999.0,,,,
1987,9,6,40.0,20.0,,,,,30.0,1005.0,1727.0,0.0,,,,,0.0,0.0,,75.92,66.02,683.0,,,,,,,,,,72.0,45.0,9999.0,9999.0,9999.0,,,,1.0,,,,,,9999.0,,,,
1987,9,7,,,,,,,,,,0.0,,,,,0.0,0.0,,,,,,,,,,,,,,,,,-99.0,-99.0,,,,0.0,,,,,,-99.0,,,,
1987,9,8,,,,,,,,,,,,,,,,,,,,,,,,,,,,,,,,,99.0,99.0,,,,,,,,,,99.0,,,,
1987,9,9,10.0,20.0,,,,,36.0,1400.0,1421.0,0.0,,,,,0.0,0.0,,75.02,62.059999999999995,754.0,,,,315.0,315.0,,,,,87.0,67.0,1.0,-9999.0,-9999.0,,,,1.0,,,,,,-9999.0,,,,
1987,9,10,,,,,,,,,,0.0,,,,,0.0,0.0,,32.0,32.0,,,,,,,,,,,,,0.0,-9.0,-9.0,,,,0.0,,,,,,-9.0,,,,
1987,9,11,10.0,0.0,,,,,28.0,411.0,412.0,0.0,,,,,0.0,0.0,,80.06,60.08,759.0,,,,,,,,,,87.0,67.0,1.0,999.0,999.0,,,,1.0,,,,,,999.0,,,,
1987,9,12,,,,,,,,,,0.0,,,,,0.0,0.0,,,,,,,,,,,,,,,,,-999.0,-999.0,,,,0.0,,,,,,-999.0,,,,
1987,9,13,,,,,,,,,,,,,,,,,,,,,,,,,,,,,,,,9.0,,,,,,,,,,,,,,,,
1987,9,14,60.0,70.0,,,,,36.0,1537.0,1501.0,0.0,,,,,0.0,0.0,,80.06,62.959999999999994,714.0,,,,,,,,,,98.0,76.0,1.0,9999.0,9999.0,,,,1.0,,,,,,9999.0,,,,
1987,9,15,,,,,,,,,,0.0,,,,,0.0,0.0,,,,,,,,,,,,,,,,0.0,-99.0,-99.0,,,,0.0,,,,,,-99.0,,,,
1987,9,16,,,,,,,,,,,,,,,,,,,,,,,,,,,,,,,,,99.0,99.0,,,,,,,,,,99.0,,,,
1987,9,17,70.0,50.0,,,,,37.0,1330.0,1355.0,0.0,,,,,0.0,0.0,,71.96,66.02,461.0,,,,225.0,225.0,,,,,82.0,40.0,-9999.0,-9999.0,-9999.0,,,,-9999.0,,,,,,-9999.0,,,,
1987,9,18,,,,,,,,,,0.0,,,,,0.0,0.0,,32.0,32.0,,,,,,,,,,,,,-9.0,-9.0,-9.0,,,,-9.0,,,,,,-9.0,,,,
1987,9,19,100.0,100.0,,,,,52.0,438.0,358.0,0.0,,,,,0.0,0.0,,69.98,64.94,54.0,,,,,,,,,,98.0,67.0,999.0,999.0,999.0,,,,999.0,,,,,,999.0,,,,
1987,9,20,,,,,,,,,,0.0,,,,,0.0,0.0,,,,,,,,,,,,,,,,-999.0,-999.0,-999.0,,,,-999.0,,,,,,-999.0,,,,
1987,9,21,,,,,,,,,,,,,,,,,,,,,,,,,,,,,,,,9.0,,,,,,,,,,,,,,,,
1987,9,22,0.0,0.0,,,,,34.0,1420.0,1349.0,0.0,,,,,0.0,0.0,,73.04,60.08,745.0,,,,,,,,,,93.0,67.0,1.0,9999.0,9999.0,,,,9999.0,,,,,,9999.0,,,,
1987,9,23,,,,,,,,,,0.0,,,,,0.0,0.0,,,,,,,,,,,,,,,,0.0,-99.0,-99.0,,,,,,,,,,-99.0,,,,
1987,9,24,,,,,,,,,,,,,,,,,,,,,,,,,,,,,,,,,99.0,99.0,,,,,,,,,,99.0,,,,
1987,9,25,90.0,80.0,,,,,31.0,1250.0,1312.0,0.0,,,,,0.0,0.0,,73.94,64.04,637.0,,,,315.0,315.0,,,,,82.0,54.0,-9999.0,-9999.0,-9999.0,,,,-9999.0,,,,,,-9999.0,,,,
1987,9,26,,,,,,,,,,0.0,,,,,0.0,0.0,,32.0,32.0,,,,,,,,,,,,,-9.0,-9.0,-9.0,,,,-9.0,,,,,,-9.0,,,,
1987,9,27,40.0,20.0,,,,,34.0,408.0,332.0,0.0,,,,,0.0,0.0,,73.94,64.04,612.0,,,,,,,,,,82.0,58.0,999.0,999.0,999.0,,,,999.0,,,,,,999.0,,,,
1987,9,28,,,,,,,,,,0.0,,,,,0.0,0.0,,,,,,,,,,,,,,,,-999.0,-999.0,-999.0,,,,,,,,,,-999.0,,,,
1987,9,29,,,,,,,,,,,,,,,,,,,,,,,,,,,,,,,,9.0,,,,,,,,,,,,,,,,
1987,9,30,30.0,40.0,,,,,38.0,1508.0,1412.0,0.0,,,,,0.0,0.0,,73.94,64.04,561.0,,,,,,,,,,87.0,72.0,1.0,9999.0,9999.0,,,,1.0,,,,,,9999.0,,,,
1987,9,31,,,,,,,,,,0.0,,,,,0.0,0.0,,,,,,,,,,,,,,,,0.0,-99.0,-99.0,,,,0.0,,,,,,-99.0,,,,
1987,10,1,10.0,10.0,,,,,35.0,1224.0,1220.0,0.0,,,,,0.0,0.0,,84.91999999999999,64.94,711.0,,,,315.0,315.0,,,,,103.0,76.0,1.0,-9999.0,,,,,1.0,,,,,-9999.0,-9999.0,,,,
1987,10,2,,,,,,,,,,0.0,,,,,0.0,0.0,,32.0,32.0,,,,,,,,,,,,,0.0,,,,,,0.0,,,,,-9.0,-9.0,,,,
1987,10,3,20.0,30.0,,,,,32.0,330.0,302.0,0.0,,,,,0.0,0.0,,77.0,64.94,589.0,,,,,,,,,,87.0,72.0,1.0,1.0,,,,,1.0,,,,,999.0,999.0,,,,
1987,10,4,,,,,,,,,,0.0,,,,,0.0,0.0,,,,,,,,,,,,,,,,0.0,,,,,,0.0,,,,,-999.0,-999.0,,,,
1987,10,6,0.0,0.0,,,,,24.0,1212.0,1308.0,0.0,,,,,0.0,0.0,,96.98,66.92,705.0,,,,,,,,,,82.0,63.0,9999.0,9999.0,,,,,9999.0,,,,,9999.0,9999.0,,,,
1987,10,7,,,,,,,,,,0.0,,,,,0.0,0.0,,,,,,,,,,,,,,,,,,,,,,,,,,,-99.0,-99.0,,,,
1987,10,8,,,,,,,,,,,,,,,,,,,,,,,,,,,,,,,,,,,,,,,,,,,99.0,99.0,,,,
1987,10,9,80.0,80.0,,,,,31.0,1704.0,1650.0,0.0,,,,,0.0,0.0,,73.94,59.0,619.0,,,,315.0,315.0,,,,,82.0,67.0,1.0,1.0,,,,,1.0,,,,,-9999.0,-9999.0,,,,
1987,10,10,,,,,,,,,,0.0,,,,,0.0,0.0,,32.0,32.0,,,,,,,,,,,,,0.0,,,,,,0.0,,,,,-9.0,-9.0,,,,
1987,10,11,70.0,50.0,,,,,40.0,346.0,447.0,0.0,,,,,0.0,0.0,,73.94,66.02,454.0,,,,,,,,,,93.0,80.0,1.0,999.0,,,,,1.0,,,,,999.0,999.0,,,,
1987,10,12,,,,,,,,,,0.0,,,,,0.0,0.0,,,,,,,,,,,,,,,,,-999.0,,,,,,,,,,-999.0,-999.0,,,,
1987,10,14,60.0,40.0,,,,,35.0,1618.0,1238.0,0.0,,,,,0.0,0.0,,73.04,62.959999999999994,503.0,,,,,,,,,,93.0,54.0,9999.0,9999.0,,,,,9999.0,,,,,9999.0,9999.0,,,,
1987,10,15,,,,,,,,,,0.0,,,,,0.0,0.0,,,,,,,,,,,,,,,,,-99.0,,,,,,,,,,-99.0,-99.0,,,,
1987,10,16,,,,,,,,,,,,,,,,,,,,,,,,,,,,,,,,,99.0,,,,,,,,,,99.0,99.0,,,,
1987,10,17,100.0,100.0,,,,,27.0,1807.0,1808.0,130.0,,,,,0.0,0.0,,73.04,62.959999999999994,47.0,,,,90.0,90.0,,,,,108.0,72.0,1.0,-9999.0,,,,,1.0,,,,,-9999.0,1.0,,,,
1987,10,18,,,,,,,,,,0.0,,,,,0.0,0.0,,32.0,32.0,,,,,,,,,,,,,0.0,-9.0,,,,,0.0,,,,,-9.0,0.0,,,,
1987,10,19,100.0,100.0,,,,,36.0,259.0,308.0,46.0,,,,,0.0,0.0,,73.04,62.959999999999994,0.0,,,,,,,,,,103.0,89.0,1.0,999.0,,,,,1.0,,,,,999.0,1.0,,,,
1987,10,20,,,,,,,,,,0.0,,,,,0.0,0.0,,,,,,,,,,,,,,,,,-999.0,,,,,,,,,,-999.0,,,,,
1987,10,21,,,,,,,,,,,,,,,,,,,,,,,,,,,,,,,,,,,,,,9.0,,,,,,,,,,
1987,10,22,100.0,90.0,,,,,35.0,1505.0,1522.0,0.0,,,,,0.0,0.0,,71.06,64.94,119.0,,,,,,,,,,82.0,63.0,9999.0,9999.0,,,,,1.0,,,,,9999.0,9999.0,,,,
1987,10,23,,,,,,,,,,0.0,,,,,0.0,0.0,,,,,,,,,,,,,,,,-99.0,-99.0,,,,,0.0,,,,,-99.0,-99.0,,,,
1987,10,24,,,,,,,,,,,,,,,,,,,,,,,,,,,,,,,,99.0,99.0,,,,,,,,,,99.0,99.0,,,,
1987,10,25,80.0,60.0,,,,,33.0,1422.0,1352.0,0.0,,,,,0.0,0.0,,71.96,62.959999999999994,271.0,,,,315.0,315.0,,,,,87.0,72.0,1.0,-9999.0,,,,,1.0,,,,,-9999.0,-9999.0,,,,
1987,10,26,,,,,,,,,,0.0,,,,,0.0,0.0,,32.0,32.0,,,,,,,,,,,,,,-9.0,,,,,0.0,,,,,-9.0,-9.0,,,,
1987,10,27,90.0,70.0,,,,,37.0,235.0,325.0,0.0,,,,,0.0,0.0,,71.96,64.94,171.0,,,,,,,,,,103.0,76.0,999.0,999.0,,,,,1.0,,,,,999.0,999.0,,,,
1987,10,28,,,,,,,,,,0.0,,,,,0.0,0.0,,,,,,,,,,,,,,,,,-999.0,,,,,0.0,,,,,,,,,,
1987,10,30,60.0,50.0,,,,,40.0,1428.0,1257.0,0.0,,,,,0.0,0.0,,73.04,62.959999999999994,284.0,,,,,,,,,,93.0,72.0,1.0,9999.0,,,,,1.0,,,,,9999.0,9999.0,,,,
1987,10,31,,,,,,,,,,0.0,,,,,0.0,0.0,,,,,,,,,,,,,,,,0.0,-99.0,,,,,0.0,,,,,-99.0,-99.0,,,,
1987,11,1,80.0,70.0,,,,,48.0,1207.0,30.0,10.0,,,,,0.0,0.0,,69.98,60.980000000000004,362.0,,,,135.0,180.0,,,,,98.0,54.0,-9999.0,,-9999.0,,,,-9999.0,,,,,-9999.0,1.0,,,,
1987,11,2,,,,,,,,,,0.0,,,,,0.0,0.0,,32.0,32.0,,,,,,,,,,,,,-9.0,,-9.0,,,,-9.0,,,,,-9.0,,,,,
1987,11,3,80.0,90.0,,,,,42.0,313.0,304.0,0.0,,,,,0.0,0.0,,66.92,57.92,159.0,,,,,,,,,,108.0,76.0,999.0,,999.0,,,,999.0,,,,,999.0,999.0,,,,
1987,11,4,,,,,,,,,,0.0,,,,,0.0,0.0,,,,,,,,,,,,,,,,-999.0,,-999.0,,,,-999.0,,,,,-999.0,-999.0,,,,
1987,11,5,,,,,,,,,,,,,,,,,,,,,,,,,,,,,,,,,,,,,,,,,,,,9.0,,,,
1987,11,6,80.0,100.0,,,,,31.0,1747.0,1748.0,53.0,,,,,0.0,0.0,,68.0,57.02,338.0,,,,,,,,,,134.0,103.0,9999.0,,9999.0,,,,9999.0,,,,,9999.0,1.0,,,,
1987,11,7,,,,,,,,,,,,,,,0.0,0.0,,,,,,,,,,,,,,,,-99.0,,,,,,-99.0,,,,,-99.0,0.0,,,,
1987,11,8,,,,,,,,,,,,,,,,,,,,,,,,,,,,,,,,99.0,,,,,,99.0,,,,,99.0,,,,,
1987,11,9,60.0,40.0,,,,,30.0,1434.0,1335.0,13.0,,,,,0.0,0.0,,68.0,57.92,516.0,,,,270.0,315.0,,,,,77.0,49.0,-9999.0,,-9999.0,,,,-9999.0,,,,,-9999.0,1.0,,,,
1987,11,10,,,,,,,,,,0.0,,,,,0.0,0.0,,32.0,32.0,,,,,,,,,,,,,-9.0,,-9.0,,,,-9.0,,,,,-9.0,,,,,
1987,11,11,50.0,60.0,,,,,27.0,346.0,415.0,0.0,,,,,0.0,0.0,,66.92,55.04,590.0,,,,,,,,,,77.0,63.0,999.0,,999.0,,,,999.0,,,,,999.0,999.0,,,,
1987,11,12,,,,,,,,,,0.0,,,,,0.0,0.0,,,,,,,,,,,,,,,,,,-999.0,,,,,,,,,-999.0,-999.0,,,,
1987,11,14,50.0,60.0,,,,,30.0,1318.0,1245.0,0.0,,,,,0.0,0.0,,71.96,57.92,547.0,,,,,,,,,,87.0,72.0,1.0,,9999.0,,,,1.0,,,,,9999.0,9999.0,,,,
1987,11,15,,,,,,,,,,0.0,,,,,0.0,0.0,,,,,,,,,,,,,,,,,,-99.0,,,,0.0,,,,,-99.0,-99.0,,,,
1987,11,16,,,,,,,,,,,,,,,,,,,,,,,,,,,,,,,,99.0,,99.0,,,,,,,,,99.0,99.0,,,,
1987,11,17,10.0,10.0,,,,,21.0,1442.0,1443.0,0.0,,,,,0.0,0.0,,80.96,55.04,635.0,,,,315.0,315.0,,,,,62.0,58.0,-9999.0,,-9999.0,,,,-9999.0,,,,,-9999.0,-9999.0,,,,
1987,11,18,,,,,,,,,,0.0,,,,,0.0,0.0,,32.0,32.0,,,,,,,,,,,,,-9.0,,-9.0,,,,-9.0,,,,,-9.0,-9.0,,,,
1987,11,19,30.0,20.0,,,,,20.0,648.0,723.0,0.0,,,,,0.0,0.0,,77.0,55.04,607.0,,,,,,,,,,67.0,49.0,999.0,,999.0,,,,999.0,,,,,999.0,999.0,,,,
1987,11,20,,,,,,,,,,0.0,,,,,0.0,0.0,,,,,,,,,,,,,,,,,,-999.0,,,,,,,,,-999.0,,,,,
1987,11,21,,,,,,,,,,,,,,,,,,,,,,,,,,,,,,,,,,,,,,,,,,,9.0,,,,,
1987,11,22,40.0,40.0,,,,,41.0,253.0,242.0,18.0,,,,,0.0,0.0,,68.0,57.02,492.0,,,,,,,,,,113.0,80.0,1.0,,9999.0,,,,9999.0,,,,,1.0,1.0,,,,
1987,11,23,,,,,,,,,,0.0,,,,,0.0,0.0,,,,,,,,,,,,,,,,,,-99.0,,,,-99.0,,,,,,,,,,
1987,11,24,,,,,,,,,,,,,,,,,,,,,,,,,,,,,,,,99.0,,99.0,,,,99.0,,,,,99.0,99.0,,,,
1987,11,25,70.0,90.0,,,,,25.0,1555.0,1235.0,0.0,,,,,0.0,0.0,,66.92,51.08,528.0,,,,225.0,180.0,,,,,72.0,31.0,-9999.0,,-9999.0,,,,-9999.0,,,,,-9999.0,-9999.0,,,,
1987,11,26,,,,,,,,,,0.0,,,,,0.0,0.0,,32.0,32.0,,,,,,,,,,,,,-9.0,,-9.0,,,,-9.0,,,,,-9.0,,,,,
1987,11,27,80.0,70.0,,,,,24.0,346.0,306.0,13.0,,,,,0.0,0.0,,69.08,53.96,394.0,,,,,,,,,,72.0,49.0,999.0,,999.0,,,,999.0,,,,,999.0,1.0,,,,
1987,11,28,,,,,,,,,,0.0,,,,,0.0,0.0,,,,,,,,,,,,,,,,-999.0,,-999.0,,,,,,,,,-999.0,0.0,,,,
1987,11,30,10.0,30.0,,,,,25.0,1337.0,1437.0,0.0,,,,,0.0,0.0,,78.98,53.96,624.0,,,,,,,,,,62.0,63.0,9999.0,,9999.0,,,,9999.0,,,,,9999.0,9999.0,,,,
1987,11,31,,,,,,,,,,0.0,,,,,0.0,0.0,,,,,,,,,,,,,,,,-99.0,,-99.0,,,,-99.0,,,,,-99.0,-99.0,,,,
1987,12,1,50.0,20.0,,,,,26.0,1339.0,1203.0,0.0,,,,,0.0,0.0,,66.02,48.92,609.0,,,,315.0,315.0,,,,,77.0,58.0,1.0,-9999.0,,,,,1.0,,,,,,-9999.0,,,,
1987,12,2,,,,,,,,,,0.0,,,,,0.0,0.0,,32.0,32.0,,,,,,,,,,,,,0.0,-9.0,,,,,0.0,,,,,,-9.0,,,,
1987,12,3,20.0,0.0,,,,,31.0,157.0,234.0,0.0,,,,,0.0,0.0,,66.92,51.08,594.0,,,,,,,,,,103.0,72.0,1.0,999.0,,,,,1.0,,,,,,999.0,,,,
1987,12,4,,,,,,,,,,0.0,,,,,0.0,0.0,,,,,,,,,,,,,,,,0.0,,,,,,0.0,,,,,,-999.0,,,,
1987,12,5,,,,,,,,,,,,,,,,,,,,,,,,,,,,,,,,,,,,,,,,,,,,9.0,,,,
1987,12,6,100.0,100.0,,,,,49.0,2106.0,2013.0,201.0,,,,,0.0,0.0,,64.04,55.94,75.0,,,,,,,,,,159.0,116.0,1.0,9999.0,,,,,1.0,,,,,,1.0,,,,
1987,12,7,,,,,,,,,,0.0,,,,,0.0,0.0,,,,,,,,,,,,,,,,,-99.0,,,,,,,,,,,0.0,,,,
1987,12,8,,,,,,,,,,,,,,,,,,,,,,,,,,,,,,,,99.0,99.0,,,,,99.0,,,,,,,,,,
1987,12,9,20.0,20.0,,,,,23.0,1510.0,1226.0,0.0,,,,,0.0,0.0,,66.02,50.0,596.0,,,,225.0,315.0,,,,,72.0,45.0,-9999.0,-9999.0,,,,,-9999.0,,,,,,-9999.0,,,,
1987,12,10,,,,,,,,,,0.0,,,,,0.0,0.0,,32.0,32.0,,,,,,,,,,,,,-9.0,-9.0,,,,,-9.0,,,,,,-9.0,,,,
1987,12,11,40.0,40.0,,,,,36.0,508.0,522.0,0.0,,,,,0.0,0.0,,66.92,53.96,454.0,,,,,,,,,,87.0,76.0,999.0,999.0,,,,,999.0,,,,,,999.0,,,,
1987,12,12,,,,,,,,,,0.0,,,,,0.0,0.0,,,,,,,,,,,,,,,,,-999.0,,,,,-999.0,,,,,,-999.0,,,,
1987,12,13,,,,,,,,,,,,,,,,,,,,,,,,,,,,,,,,,,,,,,9.0,,,,,,,,,,
1987,12,14,60.0,70.0,,,,,32.0,1357.0,1527.0,0.0,,,,,0.0,0.0,,66.02,53.96,558.0,,,,,,,,,,82.0,67.0,9999.0,9999.0,,,,,1.0,,,,,,9999.0,,,,
1987,12,15,,,,,,,,,,0.0,,,,,0.0,0.0,,,,,,,,,,,,,,,,,-99.0,,,,,0.0,,,,,,-99.0,,,,
1987,12,16,,,,,,,,,,,,,,,,,,,,,,,,,,,,,,,,,99.0,,,,,,,,,,,99.0,,,,
1987,12,17,60.0,60.0,,,,,23.0,1520.0,1534.0,0.0,,,,,0.0,0.0,,69.08,51.98,507.0,,,,315.0,315.0,,,,,72.0,58.0,1.0,-9999.0,,,,,1.0,,,,,,-9999.0,,,,
1987,12,18,,,,,,,,,,0.0,,,,,0.0,0.0,,32.0,32.0,,,,,,,,,,,,,0.0,,,,,,0.0,,,,,,,,,,
1987,12,19,70.0,70.0,,,,,39.0,222.0,136.0,15.0,,,,,0.0,0.0,,62.959999999999994,50.0,262.0,,,,,,,,,,123.0,80.0,1.0,1.0,,,,,1.0,,,,,,1.0,,,,
1987,12,20,,,,,,,,,,0.0,,,,,0.0,0.0,,,,,,,,,,,,,,,,,,,,,,,,,,,,,,,,
1987,12,22,40.0,80.0,,,,,20.0,114.0,1333.0,0.0,,,,,0.0,0.0,,55.04,37.04,398.0,,,,,,,,,,51.0,27.0,9999.0,9999.0,,,,,9999.0,,,,,,9999.0,,,,
1987,12,23,,,,,,,,,,0.0,,,,,0.0,0.0,,,32.0,,,,,,,,,,,,,-99.0,-99.0,,,,,-99.0,,,,,,-99.0,,,,
1987,12,24,,,,,,,,,,,,,,,,,,,,,,,,,,,,,,,,99.0,99.0,,,,,99.0,,,,,,99.0,,,,
1987,12,25,90.0,100.0,,,,,55.0,1136.0,1139.0,345.0,,,,,0.0,0.0,,60.08,48.02,62.0,,,,135.0,180.0,,,,,144.0,98.0,1.0,-9999.0,,,,,-9999.0,,,,,,1.0,,,,
1987,12,26,,,,,,,,,,0.0,,,,,0.0,0.0,,32.0,32.0,,,,,,,,,,,,,,-9.0,,,,,-9.0,,,,,,0.0,,,,
1987,12,27,90.0,100.0,,,,,43.0,548.0,748.0,48.0,,,,,0.0,0.0,,60.980000000000004,51.08,6.0,,,,,,,,,,103.0,58.0,999.0,999.0,,,,,999.0,,,,,,1.0,,,,
1987,12,28,,,,,,,,,,0.0,,,,,0.0,0.0,,,,,,,,,,,,,,,,-999.0,-999.0,,,,,-999.0,,,,,,,,,,
1987,12,29,,,,,,,,,,,,,,,,,,,,,,,,,,,,,,,,9.0,,,,,,,,,,,,9.0,,,,
1987,12,30,80.0,100.0,,,,,37.0,1320.0,1232.0,48.0,,,,,0.0,0.0,,59.0,48.92,34.0,,,,,,,,,,113.0,63.0,1.0,9999.0,,,,,9999.0,,,,,,1.0,,,,
1987,12,31,,,,,,,,,,0.0,,,,,0.0,0.0,,,32.0,,,,,,,,,,,,,,-99.0,,,,,-99.0,,,,,,,,,,
1988,1,1,40.0,70.0,,,,,23.0,1529.0,1533.0,0.0,,,,,0.0,0.0,,62.959999999999994,41.0,291.0,-9999.0,,,315.0,315.0,,-9999.0,,,67.0,54.0,-9999.0,-9999.0,,,,,-9999.0,,,,,,-9999.0,,,,
1988,1,2,,,,,,,,,,0.0,,,,,0.0,0.0,,32.0,32.0,,-9.0,,,,,,-9.0,,,,,-9.0,-9.0,,,,,-9.0,,,,,,-9.0,,,,
1988,1,3,80.0,100.0,,,,,18.0,505.0,530.0,0.0,,,,,0.0,0.0,,62.959999999999994,42.980000000000004,204.0,999.0,,,,,,999.0,,,67.0,45.0,999.0,999.0,,,,,999.0,,,,,,999.0,,,,
1988,1,4,,,,,,,,,,0.0,,,,,0.0,0.0,,,,,-999.0,,,,,,-999.0,,,,,-999.0,-999.0,,,,,-999.0,,,,,,-999.0,,,,
1988,1,5,,,,,,,,,,,,,,,,,,,,,,,,,,,,,,,,,,,,,,,,,,,,9.0,,,,
1988,1,6,100.0,90.0,,,,,16.0,1334.0,2359.0,,,,,,0.0,0.0,,68.0,50.0,252.0,9999.0,,,,,,9999.0,,,57.0,18.0,9999.0,9999.0,,,,,9999.0,,,,,,1.0,,,,
1988,1,7,,,,,,,,,,0.0,,,,,0.0,0.0,,,,,-99.0,,,,,,-99.0,,,,,,-99.0,,,,,-99.0,,,,,,0.0,,,,
1988,1,8,,,,,,,,,,,,,,,,,,,,,99.0,,,,,,99.0,,,,,,99.0,,,,,99.0,,,,,,,,,,
1988,1,9,40.0,30.0,,,,,26.0,1645.0,1309.0,0.0,,,,,0.0,0.0,,62.059999999999995,50.0,473.0,-9999.0,,,270.0,315.0,,-9999.0,,,67.0,40.0,1.0,-9999.0,,,,,1.0,,,,,,-9999.0,,,,
1988,1,10,,,,,,,,,,0.0,,,,,0.0,0.0,,32.0,32.0,,-9.0,,,,,,-9.0,,,,,0.0,-9.0,,,,,0.0,,,,,,-9.0,,,,
1988,1,11,90.0,100.0,,,,,26.0,603.0,601.0,0.0,,,,,0.0,0.0,,60.980000000000004,46.04,220.0,999.0,,,,,,999.0,,,77.0,58.0,1.0,999.0,,,,,1.0,,,,,,999.0,,,,
1988,1,12,,,,,,,,,,0.0,,,,,0.0,0.0,,,,,-999.0,,,,,,-999.0,,,,,0.0,-999.0,,,,,0.0,,,,,,-999.0,,,,
1988,1,14,0.0,0.0,,,,,25.0,1616.0,1621.0,0.0,,,,,0.0,0.0,,64.04,46.04,543.0,9999.0,,,,,,9999.0,,,87.0,67.0,1.0,9999.0,,,,,1.0,,,,,,9999.0,,,,
1988,1,15,,,,,,,,,,0.0,,,,,0.0,0.0,,,32.0,,-99.0,,,,,,-99.0,,,,,0.0,,,,,,0.0,,,,,,-99.0,,,,
1988,1,16,,,,,,,,,,,,,,,,,,,,,99.0,,,,,,99.0,,,,,,,,,,,,,,,,,99.0,,,,
1988,1,17,70.0,90.0,,,,,24.0,1525.0,1533.0,0.0,,,,,0.0,0.0,,64.04,51.98,352.0,-9999.0,,,315.0,315.0,,-9999.0,,,82.0,67.0,1.0,-9999.0,,,,,1.0,,,,,,-9999.0,,,,
1988,1,18,,,,,,,,,,0.0,,,,,0.0,0.0,,32.0,32.0,,-9.0,,,,,,-9.0,,,,,,-9.0,,,,,0.0,,,,,,-9.0,,,,
1988,1,19,20.0,0.0,,,,,28.0,335.0,429.0,0.0,,,,,0.0,0.0,,62.959999999999994,50.0,611.0,999.0,,,,,,999.0,,,67.0,40.0,999.0,999.0,,,,,1.0,,,,,,999.0,,,,
1988,1,20,,,,,,,,,,0.0,,,,,0.0,0.0,,,,,-999.0,,,,,,-999.0,,,,,-999.0,-999.0,,,,,,,,,,,-999.0,,,,
1988,1,22,10.0,10.0,,,,,17.0,1441.0,1437.0,0.0,,,,,0.0,0.0,,75.02,44.06,613.0,9999.0,,,,,,9999.0,,,72.0,54.0,9999.0,9999.0,,,,,9999.0,,,,,,9999.0,,,,
1988,1,23,,,,,,,,,,0.0,,,,,0.0,0.0,,,32.0,,-99.0,,,,,,-99.0,,,,,-99.0,-99.0,,,,,-99.0,,,,,,,,,,
1988,1,24,,,,,,,,,,,,,,,,,,,,,99.0,,,,,,99.0,,,,,99.0,99.0,,,,,99.0,,,,,,,,,,
1988,1,25,70.0,90.0,,,,,28.0,1407.0,2323.0,0.0,,,,,0.0,0.0,,60.980000000000004,50.0,442.0,-9999.0,,,90.0,315.0,,-9999.0,,,72.0,49.0,-9999.0,-9999.0,,,,,-9999.0,,,,,,-9999.0,,,,
1988,1,26,,,,,,,,,,0.0,,,,,0.0,0.0,,32.0,32.0,,-9.0,,,,,,-9.0,,,,,,-9.0,,,,,-9.0,,,,,,,,,,
1988,1,27,100.0,100.0,,,,,99.0,513.0,515.0,196.0,,,,,0.0,0.0,,59.0,51.98,147.0,999.0,,,,,,999.0,,,288.0,179.0,1.0,999.0,,,,,999.0,,,,,,1.0,,,,
1988,1,28,,,,,,,,,,0.0,,,,,0.0,0.0,,,,,-999.0,,,,,,-999.0,,,,,,-999.0,,,,,-999.0,,,,,,0.0,,,,
1988,1,30,0.0,0.0,,,,,30.0,1652.0,1655.0,0.0,,,,,0.0,0.0,,60.08,42.980000000000004,619.0,9999.0,,,,,,9999.0,,,72.0,58.0,9999.0,9999.0,,,,,9999.0,,,,,,9999.0,,,,
1988,1,31,,,,,,,,,,0.0,,,,,0.0,0.0,,,32.0,,-99.0,,,,,,-99.0,,,,,-99.0,-99.0,,,,,-99.0,,,,,,-99.0,,,,
1988,2,1,80.0,70.0,,,,,38.0,1334.0,1230.0,20.0,,,,,0.0,0.0,,60.980000000000004,53.96,335.0,,,,225.0,225.0,,,,,103.0,49.0,-9999.0,-9999.0,,,,,-9999.0,,,,,-9999.0,1.0,,,,
1988,2,2,,,,,,,,,,0.0,,,,,0.0,0.0,,32.0,32.0,,,,,,,,,,,,,,-9.0,,,,,-9.0,,,,,,0.0,,,,
1988,2,3,90.0,100.0,,,,,37.0,450.0,707.0,297.0,,,,,0.0,0.0,,55.04,51.08,0.0,,,,,,,,,,82.0,67.0,1.0,999.0,,,,,999.0,,,,,1.0,1.0,,,,
1988,2,4,,,,,,,,,,0.0,,,,,0.0,0.0,,,,,,,,,,,,,,,,,-999.0,,,,,-999.0,,,,,,,,,,
1988,2,6,40.0,50.0,,,,,20.0,1350.0,1438.0,0.0,,,,,0.0,0.0,,66.92,46.94,583.0,,,,,,,,,,72.0,54.0,9999.0,9999.0,,,,,9999.0,,,,,9999.0,9999.0,,,,
1988,2,7,,,,,,,,,,0.0,,,,,0.0,0.0,,,32.0,,,,,,,,,,,,,-99.0,-99.0,,,,,-99.0,,,,,-99.0,-99.0,,,,
1988,2,8,,,,,,,,,,,,,,,,,,,,,,,,,,,,,,,,99.0,99.0,,,,,99.0,,,,,99.0,99.0,,,,
1988,2,9,0.0,0.0,,,,,27.0,1624.0,1620.0,0.0,,,,,0.0,0.0,,73.04,48.02,646.0,,,,315.0,315.0,,,,,82.0,67.0,-9999.0,-9999.0,,,,,-9999.0,,,,,-9999.0,-9999.0,,,,
1988,2,10,,,,,,,,,,0.0,,,,,0.0,0.0,,32.0,32.0,,,,,,,,,,,,,-9.0,-9.0,,,,,-9.0,,,,,-9.0,-9.0,,,,
1988,2,11,0.0,0.0,,,,,19.0,502.0,438.0,0.0,,,,,0.0,0.0,,71.06,44.96,648.0,,,,,,,,,,82.0,63.0,999.0,999.0,,,,,999.0,,,,,999.0,999.0,,,,
1988,2,12,,,,,,,,,,0.0,,,,,0.0,0.0,,,,,,,,,,,,,,,,-999.0,-999.0,,,,,-999.0,,,,,-999.0,-999.0,,,,
1988,2,13,,,,,,,,,,,,,,,,,,,,,,,,,,,,,,,,,,,,,,9.0,,,,,,,,,,
1988,2,14,0.0,0.0,,,,,26.0,1518.0,1504.0,0.0,,,,,0.0,0.0,,73.94,48.92,651.0,,,,,,,,,,87.0,67.0,9999.0,9999.0,,,,,1.0,,,,,9999.0,9999.0,,,,
1988,2,15,,,,,,,,,,0.0,,,,,0.0,0.0,,,,,,,,,,,,,,,,-99.0,-99.0,,,,,0.0,,,,,-99.0,-99.0,,,,
1988,2,16,,,,,,,,,,,,,,,,,,,,,,,,,,,,,,,,99.0,99.0,,,,,,,,,,99.0,99.0,,,,
1988,2,17,0.0,0.0,,,,,25.0,1429.0,1013.0,0.0,,,,,0.0,0.0,,82.94,51.98,655.0,,,,90.0,315.0,,,,,87.0,58.0,-9999.0,-9999.0,,,,,-9999.0,,,,,-9999.0,-9999.0,,,,
1988,2,18,,,,,,,,,,0.0,,,,,0.0,0.0,,32.0,32.0,,,,,,,,,,,,,-9.0,-9.0,,,,,-9.0,,,,,-9.0,-9.0,,,,
1988,2,19,0.0,0.0,,,,,24.0,320.0,548.0,0.0,,,,,0.0,0.0,,78.98,50.0,656.0,,,,,,,,,,72.0,58.0,999.0,999.0,,,,,999.0,,,,,999.0,999.0,,,,
1988,2,20,,,,,,,,,,0.0,,,,,0.0,0.0,,,,,,,,,,,,,,,,-999.0,-999.0,,,,,-999.0,,,,,-999.0,-999.0,,,,
1988,2,21,,,,,,,,,,,,,,,,,,,,,,,,,,,,,,,,9.0,9.0,,,,,,,,,,,,,,,
1988,2,22,20.0,0.0,,,,,26.0,1247.0,2023.0,0.0,,,,,0.0,0.0,,75.92,48.02,660.0,,,,,,,,,,77.0,63.0,1.0,1.0,,,,,9999.0,,,,,9999.0,9999.0,,,,
1988,2,23,,,,,,,,,,0.0,,,,,0.0,0.0,,,32.0,,,,,,,,,,,,,0.0,,,,,,-99.0,,,,,-99.0,-99.0,,,,
1988,2,24,,,,,,,,,,,,,,,,,,,,,,,,,,,,,,,,,99.0,,,,,99.0,,,,,99.0,99.0,,,,
1988,2,25,10.0,10.0,,,,,25.0,1136.0,1133.0,0.0,,,,,0.0,0.0,,60.980000000000004,48.92,625.0,,,,180.0,225.0,,,,,72.0,40.0,1.0,-9999.0,,,,,1.0,,,,,-9999.0,-9999.0,,,,
1988,2,26,,,,,,,,,,0.0,,,,,0.0,0.0,,32.0,32.0,,,,,,,,,,,,,,-9.0,,,,,,,,,,-9.0,-9.0,,,,
1988,2,27,0.0,0.0,,,,,48.0,359.0,4.0,0.0,,,,,0.0,0.0,,71.96,50.0,666.0,,,,,,,,,,159.0,103.0,999.0,999.0,,,,,999.0,,,,,999.0,999.0,,,,
1988,2,28,,,,,,,,,,0.0,,,,,0.0,0.0,,,,,,,,,,,,,,,,-999.0,-999.0,,,,,-999.0,,,,,-999.0,-999.0,,,,
1988,2,30,0.0,0.0,,,,,34.0,1433.0,1414.0,0.0,,,,,0.0,0.0,,68.0,48.02,670.0,,,,,,,,,,113.0,85.0,9999.0,9999.0,,,,,9999.0,,,,,9999.0,9999.0,,,,
1988,2,31,,,,,,,,,,0.0,,,,,0.0,0.0,,,32.0,,,,,,,,,,,,,-99.0,-99.0,,,,,-99.0,,,,,-99.0,-99.0,,,,
1988,3,1,90.0,90.0,,,,,38.0,2236.0,2242.0,89.0,,,,,0.0,0.0,,60.980000000000004,53.96,173.0,,,,315.0,315.0,,,,,113.0,89.0,1.0,,,,,,-9999.0,,,,,,1.0,,,,
1988,3,2,,,,,,,,,,0.0,,,,,0.0,0.0,,32.0,32.0,,,,,,,,,,,,,,,,,,,-9.0,,,,,,0.0,,,,
1988,3,3,20.0,10.0,,,,,34.0,47.0,35.0,61.0,,,,,0.0,0.0,,62.959999999999994,48.92,685.0,,,,,,,,,,118.0,94.0,999.0,,,,,,999.0,,,,,,1.0,,,,
1988,3,4,,,,,,,,,,0.0,,,,,0.0,0.0,,,,,,,,,,,,,,,,-999.0,,,,,,-999.0,,,,,,,,,,
1988,3,6,80.0,80.0,,,,,36.0,1458.0,323.0,0.0,,,,,0.0,0.0,,62.959999999999994,55.94,260.0,,,,,,,,,,67.0,40.0,9999.0,,,,,,9999.0,,,,,,9999.0,,,,
1988,3,7,,,,,,,,,,0.0,,,,,0.0,0.0,,,,,,,,,,,,,,,,,,,,,,,,,,,,-99.0,,,,
1988,3,8,,,,,,,,,,,,,,,,,,,,,,,,,,,,,,,,,,,,,,,,,,,,99.0,,,,
1988,3,9,90.0,90.0,,,,,31.0,1243.0,1304.0,0.0,,,,,0.0,0.0,,62.059999999999995,55.94,168.0,,,,270.0,270.0,,,,,77.0,54.0,1.0,,,,,,1.0,,,,,,-9999.0,,,,
1988,3,10,,,,,,,,,,0.0,,,,,0.0,0.0,,32.0,32.0,,,,,,,,,,,,,,,,,,,,,,,,,-9.0,,,,
1988,3,11,40.0,40.0,,,,,34.0,459.0,508.0,0.0,,,,,0.0,0.0,,64.94,55.94,448.0,,,,,,,,,,67.0,36.0,999.0,,,,,,999.0,,,,,,999.0,,,,
1988,3,12,,,,,,,,,,0.0,,,,,0.0,0.0,,,,,,,,,,,,,,,,,,,,,,,,,,,,-999.0,,,,
1988,3,14,80.0,90.0,,,,,31.0,1205.0,1334.0,0.0,,,,,0.0,0.0,,62.059999999999995,55.04,315.0,,,,,,,,,,87.0,40.0,1.0,,,,,,1.0,,,,,,9999.0,,,,
1988,3,15,,,,,,,,,,0.0,,,,,0.0,0.0,,,32.0,,,,,,,,,,,,,0.0,,,,,,,,,,,,-99.0,,,,
1988,3,16,,,,,,,,,,,,,,,,,,,,,,,,,,,,,,,,,,,,,,99.0,,,,,,99.0,,,,
1988,3,17,0.0,0.0,,,,,41.0,1328.0,1518.0,0.0,,,,,0.0,0.0,,64.04,50.0,710.0,,,,225.0,225.0,,,,,82.0,54.0,-9999.0,,,,,,-9999.0,,,,,,-9999.0,,,,
1988,3,18,,,,,,,,,,0.0,,,,,0.0,0.0,,32.0,32.0,,,,,,,,,,,,,-9.0,,,,,,-9.0,,,,,,-9.0,,,,
1988,3,19,0.0,0.0,,,,,34.0,608.0,555.0,0.0,,,,,0.0,0.0,,68.0,46.94,711.0,,,,,,,,,,103.0,76.0,999.0,,,,,,999.0,,,,,,999.0,,,,
1988,3,20,,,,,,,,,,0.0,,,,,0.0,0.0,,,,,,,,,,,,,,,,-999.0,,,,,,-999.0,,,,,,-999.0,,,,
1988,3,22,0.0,0.0,,,,,26.0,1214.0,1430.0,0.0,,,,,0.0,0.0,,71.96,46.94,715.0,,,,,,,,,,87.0,54.0,9999.0,,,,,,9999.0,,,,,,9999.0,,,,
1988,3,23,,,,,,,,,,0.0,,,,,0.0,0.0,,,,,,,,,,,,,,,,-99.0,,,,,,-99.0,,,,,,-99.0,,,,
1988,3,24,,,,,,,,,,,,,,,,,,,,,,,,,,,,,,,,99.0,,,,,,99.0,,,,,,99.0,,,,
1988,3,25,40.0,40.0,,,,,41.0,1443.0,1417.0,0.0,,,,,0.0,0.0,,62.959999999999994,53.96,450.0,,,,360.0,315.0,,,,,98.0,67.0,-9999.0,,,,,,-9999.0,,,,,,-9999.0,,,,
1988,3,26,,,,,,,,,,0.0,,,,,0.0,0.0,,32.0,32.0,,,,,,,,,,,,,-9.0,,,,,,-9.0,,,,,,-9.0,,,,
1988,3,27,0.0,0.0,,,,,33.0,336.0,418.0,0.0,,,,,0.0,0.0,,69.08,48.92,721.0,,,,,,,,,,93.0,80.0,999.0,,,,,,999.0,,,,,,999.0,,,,
1988,3,28,,,,,,,,,,0.0,,,,,0.0,0.0,,,,,,,,,,,,,,,,-999.0,,,,,,-999.0,,,,,,-999.0,,,,
1988,3,30,0.0,0.0,,,,,28.0,1450.0,1509.0,0.0,,,,,0.0,0.0,,80.96,51.08,725.0,,,,,,,,,,93.0,76.0,9999.0,,,,,,9999.0,,,,,,9999.0,,,,
1988,3,31,,,,,,,,,,0.0,,,,,0.0,0.0,,,,,,,,,,,,,,,,-99.0,,,,,,-99.0,,,,,,-99.0,,,,
1988,4,1,30.0,40.0,,,,,30.0,1346.0,1342.0,0.0,,,,,0.0,0.0,,78.08,50.0,752.0,,,,315.0,315.0,,,,,82.0,76.0,-9999.0,-9999.0,-9999.0,,,,-9999.0,,,,,-9999.0,-9999.0,,,,
1988,4,2,,,,,,,,,,0.0,,,,,0.0,0.0,,32.0,32.0,,,,,,,,,,,,,-9.0,-9.0,-9.0,,,,-9.0,,,,,-9.0,-9.0,,,,
1988,4,3,20.0,30.0,,,,,28.0,446.0,457.0,0.0,,,,,0.0,0.0,,71.96,51.98,753.0,,,,,,,,,,98.0,76.0,999.0,999.0,999.0,,,,999.0,,,,,999.0,999.0,,,,
1988,4,4,,,,,,,,,,0.0,,,,,0.0,0.0,,,,,,,,,,,,,,,,-999.0,-999.0,-999.0,,,,-999.0,,,,,-999.0,-999.0,,,,
1988,4,6,50.0,30.0,,,,,34.0,1159.0,1226.0,0.0,,,,,0.0,0.0,,66.92,55.94,568.0,,,,,,,,,,87.0,45.0,9999.0,9999.0,9999.0,,,,9999.0,,,,,9999.0,9999.0,,,,
1988,4,7,,,,,,,,,,0.0,,,,,0.0,0.0,,,,,,,,,,,,,,,,-99.0,-99.0,-99.0,,,,-99.0,,,,,-99.0,-99.0,,,,
1988,4,8,,,,,,,,,,,,,,,,,,,,,,,,,,,,,,,,99.0,99.0,99.0,,,,99.0,,,,,99.0,99.0,,,,
1988,4,9,10.0,20.0,,,,,35.0,1402.0,1323.0,0.0,,,,,0.0,0.0,,78.98,55.94,761.0,,,,360.0,315.0,,,,,123.0,85.0,1.0,-9999.0,-9999.0,,,,1.0,,,,,-9999.0,-9999.0,,,,
1988,4,10,,,,,,,,,,0.0,,,,,0.0,0.0,,32.0,32.0,,,,,,,,,,,,,0.0,-9.0,-9.0,,,,,,,,,-9.0,-9.0,,,,
1988,4,11,50.0,60.0,,,,,27.0,56.0,47.0,0.0,,,,,0.0,0.0,,73.04,57.92,697.0,,,,,,,,,,82.0,67.0,1.0,999.0,999.0,,,,999.0,,,,,999.0,999.0,,,,
1988,4,12,,,,,,,,,,0.0,,,,,0.0,0.0,,,,,,,,,,,,,,,,0.0,-999.0,-999.0,,,,,,,,,-999.0,-999.0,,,,
1988,4,14,50.0,50.0,,,,,31.0,1351.0,1508.0,0.0,,,,,0.0,0.0,,71.96,59.0,573.0,,,,,,,,,,77.0,45.0,1.0,9999.0,9999.0,,,,1.0,,,,,9999.0,9999.0,,,,
1988,4,15,,,,,,,,,,0.0,,,,,0.0,0.0,,,,,,,,,,,,,,,,0.0,-99.0,-99.0,,,,0.0,,,,,-99.0,-99.0,,,,
1988,4,16,,,,,,,,,,,,,,,,,,,,,,,,,,,,,,,,,99.0,99.0,,,,,,,,,99.0,99.0,,,,
1988,4,17,70.0,80.0,,,,,37.0,1449.0,1442.0,0.0,,,,,0.0,0.0,,77.0,57.02,713.0,,,,315.0,315.0,,,,,108.0,94.0,1.0,1.0,-9999.0,,,,-9999.0,,,,,-9999.0,-9999.0,,,,
1988,4,18,,,,,,,,,,0.0,,,,,0.0,0.0,,32.0,32.0,,,,,,,,,,,,,0.0,,-9.0,,,,,,,,,-9.0,-9.0,,,,
1988,4,19,80.0,90.0,,,,,36.0,317.0,45.0,0.0,,,,,0.0,0.0,,73.94,59.0,512.0,,,,,,,,,,82.0,58.0,1.0,999.0,999.0,,,,1.0,,,,,999.0,999.0,,,,
1988,4,20,,,,,,,,,,0.0,,,,,0.0,0.0,,,,,,,,,,,,,,,,0.0,-999.0,-999.0,,,,0.0,,,,,-999.0,,,,,
1988,4,22,100.0,100.0,,,,,50.0,1741.0,1725.0,175.0,,,,,0.0,0.0,,66.02,51.08,0.0,,,,,,,,,,154.0,76.0,1.0,9999.0,9999.0,,,,9999.0,,,,,9999.0,1.0,,,,
1988,4,23,,,,,,,,,,0.0,,,,,0.0,0.0,,,,,,,,,,,,,,,,,-99.0,-99.0,,,,-99.0,,,,,-99.0,0.0,,,,
1988,4,24,,,,,,,,,,,,,,,,,,,,,,,,,,,,,,,,99.0,99.0,99.0,,,,99.0,,,,,99.0,,,,,
1988,4,25,70.0,60.0,,,,,37.0,1358.0,1430.0,10.0,,,,,0.0,0.0,,66.02,55.04,502.0,,,,225.0,225.0,,,,,93.0,54.0,-9999.0,-9999.0,-9999.0,,,,-9999.0,,,,,-9999.0,1.0,,,,
1988,4,26,,,,,,,,,,0.0,,,,,0.0,0.0,,32.0,32.0,,,,,,,,,,,,,-9.0,-9.0,-9.0,,,,-9.0,,,,,,0.0,,,,
1988,4,27,100.0,100.0,,,,,44.0,843.0,844.0,,,,,,0.0,0.0,,62.959999999999994,57.02,16.0,,,,,,,,,,93.0,58.0,999.0,999.0,999.0,,,,999.0,,,,,1.0,1.0,,,,
1988,4,28,,,,,,,,,,,,,,,0.0,0.0,,,,,,,,,,,,,,,,,-999.0,-999.0,,,,-999.0,,,,,,0.0,,,,
1988,4,30,80.0,70.0,,,,,43.0,2257.0,2050.0,15.0,,,,,0.0,0.0,,68.0,57.02,532.0,,,,,,,,,,103.0,72.0,1.0,9999.0,9999.0,,,,9999.0,,,,,9999.0,1.0,,,,
1988,4,31,,,,,,,,,,,,,,,0.0,0.0,,,,,,,,,,,,,,,,0.0,-99.0,-99.0,,,,-99.0,,,,,-99.0,0.0,,,,
1988,5,1,0.0,0.0,,,,,61.0,2049.0,1230.0,0.0,,,,,0.0,0.0,,66.02,55.04,808.0,,,,315.0,315.0,,,,,139.0,112.0,-9999.0,,,,,,-9999.0,,,,,-9999.0,-9999.0,,,,
1988,5,2,,,,,,,,,,0.0,,,,,0.0,0.0,,32.0,32.0,,,,,,,,,,,,,-9.0,,,,,,-9.0,,,,,-9.0,-9.0,,,,
1988,5,3,0.0,0.0,,,,,40.0,453.0,115.0,0.0,,,,,0.0,0.0,,73.94,51.08,810.0,,,,,,,,,,113.0,80.0,999.0,,,,,,999.0,,,,,999.0,999.0,,,,
1988,5,4,,,,,,,,,,0.0,,,,,0.0,0.0,,,,,,,,,,,,,,,,-999.0,,,,,,-999.0,,,,,-999.0,-999.0,,,,
1988,5,6,70.0,60.0,,,,,38.0,1438.0,1223.0,0.0,,,,,0.0,0.0,,66.02,57.02,618.0,,,,,,,,,,82.0,49.0,9999.0,,,,,,9999.0,,,,,9999.0,9999.0,,,,
1988,5,7,,,,,,,,,,0.0,,,,,0.0,0.0,,,,,,,,,,,,,,,,-99.0,,,,,,-99.0,,,,,-99.0,,,,,
1988,5,8,,,,,,,,,,,,,,,,,,,,,,,,,,,,,,,,99.0,,,,,,99.0,,,,,99.0,,,,,
1988,5,9,30.0,30.0,,,,,52.0,1357.0,1237.0,3.0,,,,,0.0,0.0,,62.959999999999994,51.98,695.0,,,,315.0,315.0,,,,,134.0,72.0,-9999.0,,,,,,-9999.0,,,,,-9999.0,1.0,,,,
1988,5,10,,,,,,,,,,0.0,,,,,0.0,0.0,,32.0,32.0,,,,,,,,,,,,,-9.0,,,,,,-9.0,,,,,-9.0,,,,,
1988,5,11,50.0,50.0,,,,,42.0,508.0,555.0,0.0,,,,,0.0,0.0,,64.04,53.06,487.0,,,,,,,,,,103.0,72.0,999.0,,,,,,999.0,,,,,999.0,999.0,,,,
1988,5,12,,,,,,,,,,0.0,,,,,0.0,0.0,,,,,,,,,,,,,,,,-999.0,,,,,,-999.0,,,,,-999.0,-999.0,,,,
1988,5,14,0.0,0.0,,,,,39.0,1529.0,1531.0,0.0,,,,,0.0,0.0,,69.08,53.96,821.0,,,,,,,,,,93.0,76.0,9999.0,,,,,,9999.0,,,,,9999.0,9999.0,,,,
1988,5,15,,,,,,,,,,0.0,,,,,0.0,0.0,,,,,,,,,,,,,,,,-99.0,,,,,,-99.0,,,,,-99.0,-99.0,,,,
1988,5,16,,,,,,,,,,,,,,,,,,,,,,,,,,,,,,,,99.0,,,,,,99.0,,,,,99.0,99.0,,,,
1988,5,17,0.0,0.0,,,,,31.0,1502.0,1237.0,0.0,,,,,0.0,0.0,,78.08,60.08,824.0,,,,360.0,315.0,,,,,72.0,49.0,-9999.0,,,,,,-9999.0,,,,,-9999.0,-9999.0,,,,
1988,5,18,,,,,,,,,,0.0,,,,,0.0,0.0,,32.0,32.0,,,,,,,,,,,,,-9.0,,,,,,-9.0,,,,,-9.0,-9.0,,,,
1988,5,19,0.0,0.0,,,,,30.0,44.0,343.0,0.0,,,,,0.0,0.0,,75.92,60.08,826.0,,,,,,,,,,72.0,63.0,999.0,,,,,,999.0,,,,,999.0,999.0,,,,
1988,5,20,,,,,,,,,,0.0,,,,,0.0,0.0,,,,,,,,,,,,,,,,,,,,,,-999.0,,,,,-999.0,-999.0,,,,
1988,5,21,,,,,,,,,,,,,,,,,,,,,,,,,,,,,,,,,,,,,,9.0,,,,,,,,,,
1988,5,22,70.0,50.0,,,,,33.0,1405.0,1537.0,0.0,,,,,0.0,0.0,,64.94,57.02,463.0,,,,,,,,,,72.0,40.0,1.0,,,,,,1.0,,,,,9999.0,9999.0,,,,
1988,5,23,,,,,,,,,,0.0,,,,,0.0,0.0,,,,,,,,,,,,,,,,0.0,,,,,,0.0,,,,,,,,,,
1988,5,25,90.0,80.0,,,,,33.0,1556.0,1505.0,0.0,,,,,0.0,0.0,,69.08,60.980000000000004,247.0,,,,270.0,315.0,,,,,87.0,72.0,1.0,,,,,,-9999.0,,,,,-9999.0,-9999.0,,,,
1988,5,26,,,,,,,,,,0.0,,,,,0.0,0.0,,32.0,32.0,,,,,,,,,,,,,,,,,,,-9.0,,,,,-9.0,,,,,
1988,5,27,100.0,100.0,,,,,39.0,239.0,226.0,,,,,,0.0,0.0,,66.02,60.08,107.0,,,,,,,,,,82.0,54.0,999.0,,,,,,999.0,,,,,999.0,1.0,,,,
1988,5,28,,,,,,,,,,0.0,,,,,0.0,0.0,,,,,,,,,,,,,,,,-999.0,,,,,,-999.0,,,,,-999.0,,,,,
1988,5,30,10.0,0.0,,,,,34.0,1351.0,1701.0,0.0,,,,,0.0,0.0,,73.04,60.08,807.0,,,,,,,,,,72.0,45.0,9999.0,,,,,,9999.0,,,,,9999.0,9999.0,,,,
1988,5,31,,,,,,,,,,0.0,,,,,0.0,0.0,,,,,,,,,,,,,,,,,,,,,,,,,,,-99.0,-99.0,,,,
1988,6,1,30.0,40.0,,,,,34.0,1235.0,1144.0,0.0,,,,,0.0,0.0,,73.04,57.02,816.0,,,,315.0,315.0,,,,,87.0,72.0,1.0,,,,,,-9999.0,,,,,,,,,,
1988,6,2,,,,,,,,,,0.0,,,,,0.0,0.0,,32.0,32.0,,,,,,,,,,,,,0.0,,,,,,-9.0,,,,,,,,,,
1988,6,3,0.0,0.0,,,,,34.0,301.0,305.0,0.0,,,,,0.0,0.0,,75.92,59.0,817.0,,,,,,,,,,93.0,67.0,1.0,,,,,,999.0,,,,,,,,,,
1988,6,4,,,,,,,,,,0.0,,,,,0.0,0.0,,,,,,,,,,,,,,,,0.0,,,,,,-999.0,,,,,,,,,,
1988,6,6,70.0,60.0,,,,,40.0,1356.0,1454.0,0.0,,,,,0.0,0.0,,68.0,60.980000000000004,418.0,,,,,,,,,,82.0,45.0,9999.0,,,,,,9999.0,,,,,,,,,,
1988,6,7,,,,,,,,,,0.0,,,,,0.0,0.0,,,,,,,,,,,,,,,,-99.0,,,,,,-99.0,,,,,,,,,,
1988,6,8,,,,,,,,,,,,,,,,,,,,,,,,,,,,,,,,99.0,,,,,,99.0,,,,,,,,,,
1988,6,9,40.0,50.0,,,,,46.0,1628.0,1300.0,0.0,,,,,0.0,0.0,,64.94,57.92,661.0,,,,270.0,315.0,,,,,113.0,63.0,-9999.0,,,,,,-9999.0,,,,,,,,,,
1988,6,10,,,,,,,,,,0.0,,,,,0.0,0.0,,32.0,32.0,,,,,,,,,,,,,-9.0,,,,,,-9.0,,,,,,,,,,
1988,6,11,10.0,10.0,,,,,49.0,328.0,309.0,0.0,,,,,0.0,0.0,,66.92,55.04,810.0,,,,,,,,,,123.0,80.0,999.0,,,,,,999.0,,,,,,,,,,
1988,6,12,,,,,,,,,,0.0,,,,,0.0,0.0,,,,,,,,,,,,,,,,-999.0,,,,,,-999.0,,,,,,,,,,
1988,6,14,10.0,10.0,,,,,34.0,1622.0,1226.0,0.0,,,,,0.0,0.0,,71.06,55.94,856.0,,,,,,,,,,77.0,45.0,9999.0,,,,,,9999.0,,,,,,,,,,
1988,6,15,,,,,,,,,,0.0,,,,,0.0,0.0,,,,,,,,,,,,,,,,-99.0,,,,,,-99.0,,,,,,,,,,
1988,6,16,,,,,,,,,,,,,,,,,,,,,,,,,,,,,,,,99.0,,,,,,99.0,,,,,,,,,,
1988,6,17,60.0,60.0,,,,,39.0,1105.0,1150.0,0.0,,,,,0.0,0.0,,66.92,59.0,565.0,,,,315.0,315.0,,,,,93.0,58.0,-9999.0,,,,,,-9999.0,,,,,,,,,,
1988,6,18,,,,,,,,,,0.0,,,,,0.0,0.0,,32.0,32.0,,,,,,,,,,,,,-9.0,,,,,,-9.0,,,,,,,,,,
1988,6,19,80.0,70.0,,,,,36.0,211.0,227.0,0.0,,,,,0.0,0.0,,66.02,59.0,560.0,,,,,,,,,,93.0,45.0,999.0,,,,,,999.0,,,,,,,,,,
1988,6,20,,,,,,,,,,0.0,,,,,0.0,0.0,,,,,,,,,,,,,,,,,,,,,,,,,,,,,,,,
1988,6,22,100.0,90.0,,,,,34.0,934.0,928.0,0.0,,,,,0.0,0.0,,66.92,60.08,219.0,,,,,,,,,,77.0,45.0,9999.0,,,,,,1.0,,,,,,,,,,
1988,6,23,,,,,,,,,,0.0,,,,,0.0,0.0,,,,,,,,,,,,,,,,,,,,,,0.0,,,,,,,,,,
1988,6,25,80.0,70.0,,,,,46.0,1441.0,1007.0,0.0,,,,,0.0,0.0,,69.08,60.980000000000004,587.0,,,,315.0,315.0,,,,,98.0,67.0,-9999.0,,,,,,-9999.0,,,,,,,,,,
1988,6,26,,,,,,,,,,0.0,,,,,0.0,0.0,,32.0,32.0,,,,,,,,,,,,,-9.0,,,,,,-9.0,,,,,,,,,,
1988,6,27,100.0,100.0,,,,,34.0,405.0,354.0,0.0,,,,,0.0,0.0,,68.0,60.08,61.0,,,,,,,,,,87.0,49.0,999.0,,,,,,999.0,,,,,,,,,,
1988,6,28,,,,,,,,,,0.0,,,,,0.0,0.0,,,,,,,,,,,,,,,,-999.0,,,,,,-999.0,,,,,,,,,,
1988,6,29,,,,,,,,,,,,,,,,,,,,,,,,,,,,,,,,,,,,,,9.0,,,,,,,,,,
1988,6,30,100.0,100.0,,,,,34.0,1319.0,1830.0,0.0,,,,,0.0,0.0,,66.02,60.980000000000004,0.0,,,,,,,,,,62.0,22.0,9999.0,,,,,,1.0,,,,,,,,,,
1988,6,31,,,,,,,,,,0.0,,,,,0.0,0.0,,,,,,,,,,,,,,,,-99.0,,,,,,,,,,,,,,,,
1988,7,1,90.0,100.0,,,,,30.0,1327.0,1338.0,0.0,,,,,0.0,0.0,,69.98,62.959999999999994,20.0,,,,225.0,225.0,,,,,77.0,45.0,-9999.0,,,,,,1.0,,,,,,-9999.0,,,,
1988,7,2,,,,,,,,,,0.0,,,,,0.0,0.0,,32.0,32.0,,,,,,,,,,,,,,,,,,,0.0,,,,,,-9.0,,,,
1988,7,3,70.0,60.0,,,,,31.0,350.0,442.0,0.0,,,,,0.0,0.0,,71.06,62.959999999999994,408.0,,,,,,,,,,67.0,45.0,1.0,,,,,,1.0,,,,,,999.0,,,,
1988,7,4,,,,,,,,,,0.0,,,,,0.0,0.0,,,,,,,,,,,,,,,,,,,,,,,,,,,,-999.0,,,,
1988,7,6,40.0,30.0,,,,,35.0,1706.0,1313.0,0.0,,,,,0.0,0.0,,71.96,62.959999999999994,591.0,,,,,,,,,,77.0,54.0,9999.0,,,,,,9999.0,,,,,,9999.0,,,,
1988,7,7,,,,,,,,,,0.0,,,,,0.0,0.0,,,,,,,,,,,,,,,,-99.0,,,,,,-99.0,,,,,,-99.0,,,,
1988,7,8,,,,,,,,,,,,,,,,,,,,,,,,,,,,,,,,99.0,,,,,,99.0,,,,,,99.0,,,,
1988,7,9,20.0,20.0,,,,,31.0,1327.0,1538.0,0.0,,,,,0.0,0.0,,75.92,62.059999999999995,738.0,,,,270.0,225.0,,,,,72.0,45.0,1.0,,,,,,1.0,,,,,,-9999.0,,,,
1988,7,10,,,,,,,,,,0.0,,,,,0.0,0.0,,32.0,32.0,,,,,,,,,,,,,,,,,,,,,,,,,-9.0,,,,
1988,7,11,40.0,30.0,,,,,33.0,502.0,318.0,0.0,,,,,0.0,0.0,,75.92,64.94,682.0,,,,,,,,,,67.0,45.0,999.0,,,,,,999.0,,,,,,999.0,,,,
1988,7,12,,,,,,,,,,0.0,,,,,0.0,0.0,,,,,,,,,,,,,,,,-999.0,,,,,,-999.0,,,,,,-999.0,,,,
1988,7,14,60.0,40.0,,,,,33.0,1119.0,1242.0,0.0,,,,,0.0,0.0,,73.04,62.959999999999994,571.0,,,,,,,,,,77.0,54.0,9999.0,,,,,,9999.0,,,,,,9999.0,,,,
1988,7,15,,,,,,,,,,0.0,,,,,0.0,0.0,,,,,,,,,,,,,,,,-99.0,,,,,,-99.0,,,,,,-99.0,,,,
1988,7,16,,,,,,,,,,,,,,,,,,,,,,,,,,,,,,,,99.0,,,,,,99.0,,,,,,99.0,,,,
1988,7,17,50.0,40.0,,,,,35.0,1443.0,1112.0,0.0,,,,,0.0,0.0,,73.04,64.04,550.0,,,,225.0,225.0,,,,,77.0,45.0,-9999.0,,,,,,-9999.0,,,,,,-9999.0,,,,
1988,7,18,,,,,,,,,,0.0,,,,,0.0,0.0,,32.0,32.0,,,,,,,,,,,,,-9.0,,,,,,-9.0,,,,,,-9.0,,,,
1988,7,19,30.0,30.0,,,,,33.0,856.0,104.0,0.0,,,,,0.0,0.0,,75.02,62.959999999999994,659.0,,,,,,,,,,87.0,58.0,999.0,,,,,,999.0,,,,,,999.0,,,,
1988,7,20,,,,,,,,,,0.0,,,,,0.0,0.0,,,,,,,,,,,,,,,,-999.0,,,,,,-999.0,,,,,,-999.0,,,,
1988,7,22,70.0,50.0,,,,,34.0,1156.0,1203.0,0.0,,,,,0.0,0.0,,73.04,64.04,528.0,,,,,,,,,,77.0,45.0,9999.0,,,,,,9999.0,,,,,,9999.0,,,,
1988,7,23,,,,,,,,,,0.0,,,,,0.0,0.0,,,,,,,,,,,,,,,,-99.0,,,,,,-99.0,,,,,,-99.0,,,,
1988,7,24,,,,,,,,,,,,,,,,,,,,,,,,,,,,,,,,99.0,,,,,,99.0,,,,,,99.0,,,,
1988,7,25,50.0,40.0,,,,,30.0,1351.0,1133.0,0.0,,,,,0.0,0.0,,78.08,64.94,627.0,,,,315.0,225.0,,,,,82.0,45.0,1.0,,,,,,1.0,,,,,,-9999.0,,,,
1988,7,26,,,,,,,,,,0.0,,,,,0.0,0.0,,32.0,32.0,,,,,,,,,,,,,0.0,,,,,,0.0,,,,,,-9.0,,,,
1988,7,27,60.0,60.0,,,,,30.0,357.0,1.0,0.0,,,,,0.0,0.0,,75.92,66.02,525.0,,,,,,,,,,72.0,45.0,1.0,,,,,,1.0,,,,,,999.0,,,,
1988,7,28,,,,,,,,,,0.0,,,,,0.0,0.0,,,,,,,,,,,,,,,,0.0,,,,,,,,,,,,-999.0,,,,
1988,7,30,60.0,30.0,,,,,34.0,1230.0,1529.0,0.0,,,,,0.0,0.0,,75.92,66.92,528.0,,,,,,,,,,72.0,49.0,9999.0,,,,,,9999.0,,,,,,9999.0,,,,
1988,7,31,,,,,,,,,,0.0,,,,,0.0,0.0,,,,,,,,,,,,,,,,-99.0,,,,,,-99.0,,,,,,-99.0,,,,
1988,8,1,90.0,90.0,,,,,34.0,1547.0,1523.0,0.0,,,,,0.0,0.0,,75.02,69.08,242.0,,,,270.0,315.0,,,,,77.0,54.0,-9999.0,,,,-9999.0,,-9999.0,,,,,,-9999.0,,,,
1988,8,2,,,,,,,,,,0.0,,,,,0.0,0.0,,32.0,32.0,,,,,,,,,,,,,-9.0,,,,-9.0,,-9.0,,,,,,-9.0,,,,
1988,8,3,80.0,70.0,,,,,40.0,400.0,158.0,0.0,,,,,0.0,0.0,,75.92,68.0,441.0,,,,,,,,,,93.0,67.0,999.0,,,,999.0,,999.0,,,,,,999.0,,,,
1988,8,4,,,,,,,,,,0.0,,,,,0.0,0.0,,,,,,,,,,,,,,,,-999.0,,,,-999.0,,-999.0,,,,,,-999.0,,,,
1988,8,6,80.0,60.0,,,,,34.0,1751.0,1336.0,0.0,,,,,0.0,0.0,,75.92,68.0,391.0,,,,,,,,,,77.0,63.0,9999.0,,,,9999.0,,9999.0,,,,,,9999.0,,,,
1988,8,7,,,,,,,,,,0.0,,,,,0.0,0.0,,,,,,,,,,,,,,,,-99.0,,,,-99.0,,-99.0,,,,,,-99.0,,,,
1988,8,8,,,,,,,,,,,,,,,,,,,,,,,,,,,,,,,,99.0,,,,99.0,,99.0,,,,,,99.0,,,,
1988,8,9,60.0,30.0,,,,,37.0,1351.0,1405.0,0.0,,,,,0.0,0.0,,75.02,66.02,532.0,,,,270.0,315.0,,,,,93.0,63.0,-9999.0,,,,-9999.0,,-9999.0,,,,,,-9999.0,,,,
1988,8,10,,,,,,,,,,0.0,,,,,0.0,0.0,,32.0,32.0,,,,,,,,,,,,,-9.0,,,,-9.0,,-9.0,,,,,,-9.0,,,,
1988,8,11,40.0,20.0,,,,,34.0,400.0,250.0,0.0,,,,,0.0,0.0,,75.92,66.02,676.0,,,,,,,,,,93.0,67.0,999.0,,,,999.0,,999.0,,,,,,999.0,,,,
1988,8,12,,,,,,,,,,0.0,,,,,0.0,0.0,,,,,,,,,,,,,,,,-999.0,,,,-999.0,,-999.0,,,,,,-999.0,,,,
1988,8,14,60.0,40.0,,,,,32.0,1505.0,1257.0,0.0,,,,,0.0,0.0,,73.94,64.94,513.0,,,,,,,,,,93.0,67.0,9999.0,,,,9999.0,,9999.0,,,,,,9999.0,,,,
1988,8,15,,,,,,,,,,0.0,,,,,0.0,0.0,,,,,,,,,,,,,,,,-99.0,,,,-99.0,,-99.0,,,,,,-99.0,,,,
1988,8,16,,,,,,,,,,,,,,,,,,,,,,,,,,,,,,,,99.0,,,,99.0,,99.0,,,,,,99.0,,,,
1988,8,17,50.0,20.0,,,,,35.0,1546.0,1458.0,0.0,,,,,0.0,0.0,,75.02,66.02,616.0,,,,315.0,315.0,,,,,82.0,54.0,-9999.0,,,,-9999.0,,-9999.0,,,,,,-9999.0,,,,
1988,8,18,,,,,,,,,,0.0,,,,,0.0,0.0,,32.0,32.0,,,,,,,,,,,,,-9.0,,,,-9.0,,-9.0,,,,,,-9.0,,,,
1988,8,19,40.0,20.0,,,,,35.0,706.0,215.0,0.0,,,,,0.0,0.0,,73.94,66.02,743.0,,,,,,,,,,77.0,58.0,999.0,,,,999.0,,999.0,,,,,,999.0,,,,
1988,8,20,,,,,,,,,,0.0,,,,,0.0,0.0,,,,,,,,,,,,,,,,-999.0,,,,-999.0,,-999.0,,,,,,-999.0,,,,
1988,8,21,,,,,,,,,,,,,,,,,,,,,,,,,,,,,,,,9.0,,,,,,9.0,,,,,,,,,,
1988,8,22,10.0,10.0,,,,,37.0,1248.0,1502.0,0.0,,,,,0.0,0.0,,75.92,64.94,804.0,,,,,,,,,,93.0,76.0,1.0,,,,9999.0,,1.0,,,,,,9999.0,,,,
1988,8,23,,,,,,,,,,0.0,,,,,0.0,0.0,,,,,,,,,,,,,,,,,,,,-99.0,,,,,,,,-99.0,,,,
1988,8,24,,,,,,,,,,,,,,,,,,,,,,,,,,,,,,,,99.0,,,,99.0,,99.0,,,,,,99.0,,,,
1988,8,25,50.0,30.0,,,,,30.0,1207.0,1059.0,0.0,,,,,0.0,0.0,,73.04,64.04,608.0,,,,225.0,225.0,,,,,72.0,54.0,-9999.0,,,,-9999.0,,-9999.0,,,,,,-9999.0,,,,
1988,8,26,,,,,,,,,,0.0,,,,,0.0,0.0,,32.0,32.0,,,,,,,,,,,,,-9.0,,,,-9.0,,-9.0,,,,,,-9.0,,,,
1988,8,27,60.0,40.0,,,,,31.0,321.0,300.0,0.0,,,,,0.0,0.0,,73.04,64.04,503.0,,,,,,,,,,77.0,58.0,999.0,,,,999.0,,999.0,,,,,,999.0,,,,
1988,8,28,,,,,,,,,,0.0,,,,,0.0,0.0,,,,,,,,,,,,,,,,,,,,-999.0,,-999.0,,,,,,-999.0,,,,
1988,8,29,,,,,,,,,,,,,,,,,,,,,,,,,,,,,,,,,,,,,,9.0,,,,,,,,,,
1988,8,30,90.0,80.0,,,,,34.0,1435.0,1427.0,0.0,,,,,0.0,0.0,,71.06,62.959999999999994,252.0,,,,,,,,,,72.0,49.0,1.0,,,,9999.0,,1.0,,,,,,9999.0,,,,
1988,8,31,,,,,,,,,,0.0,,,,,0.0,0.0,,,,,,,,,,,,,,,,0.0,,,,-99.0,,0.0,,,,,,-99.0,,,,
1988,9,1,40.0,30.0,,,,,36.0,1447.0,1359.0,0.0,,,,,0.0,0.0,,75.02,66.92,646.0,,,,315.0,315.0,,,,,82.0,58.0,1.0,-9999.0,,,,,-9999.0,,,,,,-9999.0,,,,
1988,9,2,,,,,,,,,,0.0,,,,,0.0,0.0,,32.0,32.0,,,,,,,,,,,,,0.0,-9.0,,,,,-9.0,,,,,,-9.0,,,,
1988,9,3,30.0,30.0,,,,,32.0,226.0,218.0,0.0,,,,,0.0,0.0,,78.98,66.02,707.0,,,,,,,,,,72.0,54.0,1.0,999.0,,,,,999.0,,,,,,999.0,,,,
1988,9,4,,,,,,,,,,0.0,,,,,0.0,0.0,,,,,,,,,,,,,,,,,-999.0,,,,,-999.0,,,,,,-999.0,,,,
1988,9,6,0.0,0.0,,,,,37.0,1543.0,1408.0,0.0,,,,,0.0,0.0,,107.06,68.0,765.0,,,,,,,,,,139.0,94.0,9999.0,9999.0,,,,,9999.0,,,,,,9999.0,,,,
1988,9,7,,,,,,,,,,0.0,,,,,0.0,0.0,,,,,,,,,,,,,,,,-99.0,-99.0,,,,,-99.0,,,,,,-99.0,,,,
1988,9,8,,,,,,,,,,,,,,,,,,,,,,,,,,,,,,,,99.0,99.0,,,,,99.0,,,,,,99.0,,,,
1988,9,9,0.0,0.0,,,,,34.0,1323.0,1324.0,0.0,,,,,0.0,0.0,,86.0,69.08,761.0,,,,315.0,315.0,,,,,87.0,76.0,-9999.0,-9999.0,,,,,-9999.0,,,,,,-9999.0,,,,
1988,9,10,,,,,,,,,,0.0,,,,,0.0,0.0,,32.0,32.0,,,,,,,,,,,,,-9.0,-9.0,,,,,-9.0,,,,,,-9.0,,,,
1988,9,11,80.0,70.0,,,,,37.0,256.0,320.0,0.0,,,,,0.0,0.0,,73.94,66.92,437.0,,,,,,,,,,72.0,45.0,999.0,999.0,,,,,999.0,,,,,,999.0,,,,
1988,9,12,,,,,,,,,,0.0,,,,,0.0,0.0,,,,,,,,,,,,,,,,-999.0,-999.0,,,,,-999.0,,,,,,-999.0,,,,
1988,9,14,70.0,50.0,,,,,34.0,1308.0,1325.0,0.0,,,,,0.0,0.0,,75.92,66.92,603.0,,,,,,,,,,82.0,67.0,9999.0,9999.0,,,,,9999.0,,,,,,9999.0,,,,
1988,9,15,,,,,,,,,,0.0,,,,,0.0,0.0,,,,,,,,,,,,,,,,-99.0,-99.0,,,,,-99.0,,,,,,-99.0,,,,
1988,9,16,,,,,,,,,,,,,,,,,,,,,,,,,,,,,,,,99.0,99.0,,,,,99.0,,,,,,99.0,,,,
1988,9,17,70.0,40.0,,,,,32.0,1330.0,1344.0,0.0,,,,,0.0,0.0,,73.04,66.02,440.0,,,,315.0,315.0,,,,,77.0,49.0,-9999.0,-9999.0,,,,,-9999.0,,,,,,-9999.0,,,,
1988,9,18,,,,,,,,,,0.0,,,,,0.0,0.0,,32.0,32.0,,,,,,,,,,,,,-9.0,-9.0,,,,,-9.0,,,,,,-9.0,,,,
1988,9,19,50.0,40.0,,,,,31.0,220.0,343.0,0.0,,,,,0.0,0.0,,73.04,64.94,403.0,,,,,,,,,,82.0,49.0,999.0,999.0,,,,,999.0,,,,,,999.0,,,,
1988,9,20,,,,,,,,,,0.0,,,,,0.0,0.0,,,,,,,,,,,,,,,,-999.0,-999.0,,,,,-999.0,,,,,,-999.0,,,,
1988,9,22,60.0,40.0,,,,,42.0,1251.0,944.0,0.0,,,,,0.0,0.0,,73.04,66.02,579.0,,,,,,,,,,98.0,76.0,9999.0,9999.0,,,,,9999.0,,,,,,9999.0,,,,
1988,9,23,,,,,,,,,,0.0,,,,,0.0,0.0,,,,,,,,,,,,,,,,,-99.0,,,,,-99.0,,,,,,-99.0,,,,
1988,9,24,,,,,,,,,,,,,,,,,,,,,,,,,,,,,,,,,99.0,,,,,99.0,,,,,,99.0,,,,
1988,9,25,50.0,40.0,,,,,28.0,1723.0,1220.0,0.0,,,,,0.0,0.0,,73.04,64.94,492.0,,,,225.0,315.0,,,,,77.0,49.0,-9999.0,-9999.0,,,,,-9999.0,,,,,,-9999.0,,,,
1988,9,26,,,,,,,,,,0.0,,,,,0.0,0.0,,32.0,32.0,,,,,,,,,,,,,-9.0,-9.0,,,,,-9.0,,,,,,-9.0,,,,
1988,9,27,80.0,70.0,,,,,29.0,508.0,458.0,0.0,,,,,0.0,0.0,,69.98,62.959999999999994,251.0,,,,,,,,,,72.0,49.0,999.0,999.0,,,,,999.0,,,,,,999.0,,,,
1988,9,28,,,,,,,,,,0.0,,,,,0.0,0.0,,,,,,,,,,,,,,,,-999.0,-999.0,,,,,-999.0,,,,,,-999.0,,,,
1988,9,30,100.0,100.0,,,,,27.0,1544.0,1545.0,0.0,,,,,0.0,0.0,,69.08,62.059999999999995,18.0,,,,,,,,,,62.0,36.0,9999.0,9999.0,,,,,9999.0,,,,,,9999.0,,,,
1988,9,31,,,,,,,,,,0.0,,,,,0.0,0.0,,,,,,,,,,,,,,,,-99.0,-99.0,,,,,-99.0,,,,,,-99.0,,,,
1988,10,1,60.0,40.0,,,,,28.0,1334.0,1307.0,0.0,,,,,0.0,0.0,,71.96,62.059999999999995,510.0,,,,270.0,270.0,,,,,67.0,45.0,1.0,-9999.0,-9999.0,,,,-9999.0,,,,,-9999.0,-9999.0,,,,
1988,10,2,,,,,,,,,,0.0,,,,,0.0,0.0,,32.0,32.0,,,,,,,,,,,,,0.0,-9.0,-9.0,,,,,,,,,-9.0,-9.0,,,,
1988,10,3,80.0,60.0,,,,,32.0,259.0,349.0,0.0,,,,,0.0,0.0,,71.06,62.959999999999994,342.0,,,,,,,,,,82.0,67.0,1.0,999.0,999.0,,,,1.0,,,,,999.0,999.0,,,,
1988,10,4,,,,,,,,,,0.0,,,,,0.0,0.0,,,,,,,,,,,,,,,,0.0,-999.0,-999.0,,,,0.0,,,,,-999.0,-999.0,,,,
1988,10,6,80.0,70.0,,,,,26.0,1346.0,1452.0,0.0,,,,,0.0,0.0,,71.06,62.959999999999994,283.0,,,,,,,,,,67.0,49.0,1.0,9999.0,9999.0,,,,1.0,,,,,9999.0,9999.0,,,,
1988,10,7,,,,,,,,,,0.0,,,,,0.0,0.0,,,,,,,,,,,,,,,,0.0,-99.0,-99.0,,,,0.0,,,,,-99.0,-99.0,,,,
1988,10,8,,,,,,,,,,,,,,,,,,,,,,,,,,,,,,,,,99.0,99.0,,,,,,,,,99.0,99.0,,,,
1988,10,9,80.0,70.0,,,,,34.0,1532.0,1552.0,0.0,,,,,0.0,0.0,,71.06,62.959999999999994,347.0,,,,315.0,315.0,,,,,72.0,54.0,-9999.0,-9999.0,-9999.0,,,,-9999.0,,,,,-9999.0,-9999.0,,,,
1988,10,10,,,,,,,,,,0.0,,,,,0.0,0.0,,32.0,32.0,,,,,,,,,,,,,-9.0,-9.0,-9.0,,,,-9.0,,,,,-9.0,-9.0,,,,
1988,10,11,30.0,20.0,,,,,34.0,527.0,538.0,0.0,,,,,0.0,0.0,,73.04,62.959999999999994,633.0,,,,,,,,,,72.0,58.0,999.0,999.0,999.0,,,,999.0,,,,,999.0,999.0,,,,
1988,10,12,,,,,,,,,,0.0,,,,,0.0,0.0,,,,,,,,,,,,,,,,-999.0,-999.0,-999.0,,,,,,,,,-999.0,-999.0,,,,
1988,10,14,0.0,0.0,,,,,21.0,1410.0,1423.0,0.0,,,,,0.0,0.0,,84.02,60.980000000000004,695.0,,,,,,,,,,82.0,67.0,9999.0,9999.0,9999.0,,,,9999.0,,,,,9999.0,9999.0,,,,
1988,10,15,,,,,,,,,,0.0,,,,,0.0,0.0,,,,,,,,,,,,,,,,,,-99.0,,,,-99.0,,,,,-99.0,-99.0,,,,
1988,10,16,,,,,,,,,,,,,,,,,,,,,,,,,,,,,,,,,,99.0,,,,99.0,,,,,99.0,99.0,,,,
1988,10,17,80.0,60.0,,,,,27.0,1420.0,1411.0,0.0,,,,,0.0,0.0,,71.96,62.059999999999995,447.0,,,,270.0,225.0,,,,,62.0,36.0,1.0,1.0,-9999.0,,,,1.0,,,,,1.0,1.0,,,,
1988,10,18,,,,,,,,,,,,,,,0.0,0.0,,32.0,32.0,,,,,,,,,,,,,0.0,,-9.0,,,,0.0,,,,,,,,,,
1988,10,19,70.0,40.0,,,,,28.0,147.0,703.0,0.0,,,,,0.0,0.0,,71.96,62.959999999999994,501.0,,,,,,,,,,67.0,36.0,1.0,999.0,999.0,,,,1.0,,,,,999.0,999.0,,,,
1988,10,20,,,,,,,,,,0.0,,,,,0.0,0.0,,,,,,,,,,,,,,,,,-999.0,-999.0,,,,,,,,,-999.0,-999.0,,,,
1988,10,22,50.0,60.0,,,,,26.0,1342.0,1342.0,0.0,,,,,0.0,0.0,,69.98,62.059999999999995,399.0,,,,,,,,,,77.0,58.0,9999.0,9999.0,9999.0,,,,9999.0,,,,,9999.0,9999.0,,,,
1988,10,23,,,,,,,,,,0.0,,,,,0.0,0.0,,,,,,,,,,,,,,,,-99.0,-99.0,-99.0,,,,-99.0,,,,,-99.0,-99.0,,,,
1988,10,24,,,,,,,,,,,,,,,,,,,,,,,,,,,,,,,,99.0,99.0,99.0,,,,99.0,,,,,99.0,99.0,,,,
1988,10,25,60.0,20.0,,,,,31.0,1053.0,2127.0,0.0,,,,,0.0,0.0,,75.92,62.059999999999995,597.0,,,,180.0,315.0,,,,,93.0,58.0,1.0,-9999.0,-9999.0,,,,1.0,,,,,-9999.0,-9999.0,,,,
1988,10,26,,,,,,,,,,0.0,,,,,0.0,0.0,,32.0,32.0,,,,,,,,,,,,,0.0,-9.0,-9.0,,,,0.0,,,,,-9.0,-9.0,,,,
1988,10,27,50.0,20.0,,,,,32.0,238.0,238.0,0.0,,,,,0.0,0.0,,77.0,62.059999999999995,604.0,,,,,,,,,,113.0,85.0,1.0,999.0,999.0,,,,1.0,,,,,999.0,999.0,,,,
1988,10,28,,,,,,,,,,0.0,,,,,0.0,0.0,,,,,,,,,,,,,,,,,-999.0,-999.0,,,,,,,,,-999.0,-999.0,,,,
1988,10,29,,,,,,,,,,,,,,,,,,,,,,,,,,,,,,,,9.0,,9.0,,,,9.0,,,,,,9.0,,,,
1988,10,30,90.0,80.0,,,,,37.0,1337.0,1340.0,,,,,,0.0,0.0,,73.04,64.94,227.0,,,,,,,,,,82.0,72.0,1.0,9999.0,1.0,,,,1.0,,,,,9999.0,1.0,,,,
1988,10,31,,,,,,,,,,0.0,,,,,0.0,0.0,,,,,,,,,,,,,,,,0.0,-99.0,,,,,0.0,,,,,,0.0,,,,
1988,11,1,100.0,100.0,,,,,35.0,1235.0,1333.0,0.0,,,,,0.0,0.0,,66.02,62.059999999999995,0.0,,,,315.0,315.0,,,,,77.0,67.0,1.0,-9999.0,,,,,1.0,,,,,1.0,1.0,,,,
1988,11,2,,,,,,,,,,,,,,,0.0,0.0,,32.0,32.0,,,,,,,,,,,,,,-9.0,,,,,,,,,,,,,,,
1988,11,3,70.0,70.0,,,,,31.0,246.0,248.0,0.0,,,,,0.0,0.0,,68.0,60.08,391.0,,,,,,,,,,87.0,63.0,999.0,999.0,,,,,999.0,,,,,999.0,999.0,,,,
1988,11,4,,,,,,,,,,0.0,,,,,0.0,0.0,,,,,,,,,,,,,,,,,-999.0,,,,,-999.0,,,,,-999.0,-999.0,,,,
1988,11,5,,,,,,,,,,,,,,,,,,,,,,,,,,,,,,,,,,,,,,9.0,,,,,,,,,,
1988,11,6,20.0,0.0,,,,,20.0,1518.0,1135.0,0.0,,,,,0.0,0.0,,73.04,57.02,646.0,,,,,,,,,,57.0,36.0,1.0,9999.0,,,,,1.0,,,,,9999.0,9999.0,,,,
1988,11,7,,,,,,,,,,0.0,,,,,0.0,0.0,,,,,,,,,,,,,,,,0.0,,,,,,0.0,,,,,-99.0,-99.0,,,,
1988,11,8,,,,,,,,,,,,,,,,,,,,,,,,,,,,,,,,,,,,,,,,,,,99.0,99.0,,,,
1988,11,9,90.0,80.0,,,,,28.0,1129.0,1402.0,0.0,,,,,0.0,0.0,,66.92,59.0,208.0,,,,225.0,315.0,,,,,72.0,54.0,1.0,-9999.0,,,,,1.0,,,,,-9999.0,-9999.0,,,,
1988,11,10,,,,,,,,,,0.0,,,,,0.0,0.0,,32.0,32.0,,,,,,,,,,,,,0.0,-9.0,,,,,0.0,,,,,,,,,,
1988,11,11,100.0,100.0,,,,,34.0,146.0,145.0,,,,,,0.0,0.0,,64.04,60.08,0.0,,,,,,,,,,77.0,54.0,1.0,999.0,,,,,1.0,,,,,1.0,1.0,,,,
1988,11,12,,,,,,,,,,0.0,,,,,0.0,0.0,,,,,,,,,,,,,,,,,-999.0,,,,,,,,,,,0.0,,,,
1988,11,14,20.0,10.0,,,,,21.0,1400.0,1253.0,0.0,,,,,0.0,0.0,,68.0,57.02,558.0,,,,,,,,,,87.0,45.0,9999.0,9999.0,,,,,9999.0,,,,,9999.0,9999.0,,,,
1988,11,15,,,,,,,,,,0.0,,,,,0.0,0.0,,,,,,,,,,,,,,,,,-99.0,,,,,,,,,,,,,,,
1988,11,16,,,,,,,,,,,,,,,,,,,,,,,,,,,,,,,,,99.0,,,,,,,,,,,,,,,
1988,11,17,50.0,60.0,,,,,28.0,1559.0,1436.0,13.0,,,,,0.0,0.0,,66.02,57.02,297.0,,,,270.0,270.0,,,,,67.0,40.0,1.0,-9999.0,,,,,-9999.0,,,,,1.0,1.0,,,,
1988,11,18,,,,,,,,,,0.0,,,,,0.0,0.0,,32.0,32.0,,,,,,,,,,,,,,-9.0,,,,,-9.0,,,,,,,,,,
1988,11,19,20.0,0.0,,,,,21.0,446.0,443.0,0.0,,,,,0.0,0.0,,69.08,53.96,633.0,,,,,,,,,,72.0,58.0,999.0,999.0,,,,,999.0,,,,,999.0,999.0,,,,
1988,11,20,,,,,,,,,,0.0,,,,,0.0,0.0,,,,,,,,,,,,,,,,,-999.0,,,,,,,,,,-999.0,-999.0,,,,
1988,11,21,,,,,,,,,,,,,,,,,,,,,,,,,,,,,,,,,,,,,,,,,,,,9.0,,,,
1988,11,22,60.0,70.0,,,,,51.0,1218.0,647.0,112.0,,,,,0.0,0.0,,62.959999999999994,55.04,258.0,,,,,,,,,,154.0,112.0,1.0,9999.0,,,,,9999.0,,,,,9999.0,1.0,,,,
1988,11,23,,,,,,,,,,0.0,,,,,0.0,0.0,,,,,,,,,,,,,,,,,-99.0,,,,,-99.0,,,,,-99.0,,,,,
1988,11,24,,,,,,,,,,,,,,,,,,,,,,,,,,,,,,,,99.0,99.0,,,,,99.0,,,,,99.0,99.0,,,,
1988,11,25,0.0,0.0,,,,,25.0,1406.0,1345.0,0.0,,,,,0.0,0.0,,66.92,48.02,628.0,,,,315.0,315.0,,,,,82.0,67.0,1.0,-9999.0,,,,,1.0,,,,,-9999.0,-9999.0,,,,
1988,11,26,,,,,,,,,,0.0,,,,,0.0,0.0,,32.0,32.0,,,,,,,,,,,,,0.0,-9.0,,,,,0.0,,,,,-9.0,-9.0,,,,
1988,11,27,40.0,60.0,,,,,30.0,5.0,347.0,0.0,,,,,0.0,0.0,,62.959999999999994,51.08,347.0,,,,,,,,,,82.0,63.0,1.0,999.0,,,,,1.0,,,,,999.0,999.0,,,,
1988,11,28,,,,,,,,,,0.0,,,,,0.0,0.0,,,,,,,,,,,,,,,,,-999.0,,,,,,,,,,-999.0,-999.0,,,,
1988,11,30,50.0,80.0,,,,,17.0,1343.0,1352.0,0.0,,,,,0.0,0.0,,66.02,44.96,453.0,,,,,,,,,,51.0,40.0,9999.0,9999.0,,,,,9999.0,,,,,9999.0,9999.0,,,,
1988,11,31,,,,,,,,,,0.0,,,,,0.0,0.0,,,32.0,,,,,,,,,,,,,-99.0,-99.0,,,,,,,,,,-99.0,-99.0,,,,
1988,12,1,0.0,0.0,,,,,21.0,1421.0,1421.0,0.0,,,,,0.0,0.0,,75.92,46.94,609.0,,,,315.0,315.0,,,,,72.0,58.0,-9999.0,-9999.0,,,,,-9999.0,,,,,-9999.0,-9999.0,,,,
1988,12,2,,,,,,,,,,0.0,,,,,0.0,0.0,,32.0,32.0,,,,,,,,,,,,,-9.0,-9.0,,,,,-9.0,,,,,-9.0,-9.0,,,,
1988,12,3,20.0,30.0,,,,,20.0,426.0,445.0,0.0,,,,,0.0,0.0,,73.94,46.04,599.0,,,,,,,,,,57.0,49.0,999.0,999.0,,,,,999.0,,,,,999.0,999.0,,,,
1988,12,4,,,,,,,,,,0.0,,,,,0.0,0.0,,,,,,,,,,,,,,,,-999.0,-999.0,,,,,-999.0,,,,,-999.0,-999.0,,,,
1988,12,6,30.0,50.0,,,,,20.0,1426.0,1527.0,0.0,,,,,0.0,0.0,,73.94,44.96,600.0,,,,,,,,,,57.0,45.0,9999.0,9999.0,,,,,9999.0,,,,,9999.0,9999.0,,,,
1988,12,7,,,,,,,,,,0.0,,,,,0.0,0.0,,,32.0,,,,,,,,,,,,,-99.0,-99.0,,,,,-99.0,,,,,-99.0,-99.0,,,,
1988,12,8,,,,,,,,,,,,,,,,,,,,,,,,,,,,,,,,99.0,99.0,,,,,99.0,,,,,99.0,99.0,,,,
1988,12,9,40.0,60.0,,,,,20.0,1641.0,1658.0,0.0,,,,,0.0,0.0,,75.92,48.02,605.0,,,,315.0,315.0,,,,,51.0,49.0,-9999.0,-9999.0,,,,,-9999.0,,,,,-9999.0,-9999.0,,,,
1988,12,10,,,,,,,,,,0.0,,,,,0.0,0.0,,32.0,32.0,,,,,,,,,,,,,-9.0,-9.0,,,,,-9.0,,,,,-9.0,-9.0,,,,
1988,12,11,20.0,40.0,,,,,33.0,18.0,48.0,0.0,,,,,0.0,0.0,,69.98,48.92,591.0,,,,,,,,,,108.0,76.0,999.0,999.0,,,,,999.0,,,,,999.0,999.0,,,,
1988,12,12,,,,,,,,,,0.0,,,,,0.0,0.0,,,,,,,,,,,,,,,,-999.0,-999.0,,,,,-999.0,,,,,-999.0,-999.0,,,,
1988,12,14,0.0,0.0,,,,,34.0,49.0,118.0,0.0,,,,,0.0,0.0,,75.92,55.04,604.0,,,,,,,,,,113.0,80.0,9999.0,9999.0,,,,,9999.0,,,,,9999.0,9999.0,,,,
1988,12,15,,,,,,,,,,0.0,,,,,0.0,0.0,,,,,,,,,,,,,,,,-99.0,-99.0,,,,,-99.0,,,,,-99.0,-99.0,,,,
1988,12,16,,,,,,,,,,,,,,,,,,,,,,,,,,,,,,,,99.0,99.0,,,,,99.0,,,,,99.0,99.0,,,,
1988,12,17,0.0,0.0,,,,,22.0,1503.0,1539.0,0.0,,,,,0.0,0.0,,71.06,46.94,602.0,,,,315.0,360.0,,,,,72.0,63.0,-9999.0,-9999.0,,,,,-9999.0,,,,,-9999.0,-9999.0,,,,
1988,12,18,,,,,,,,,,0.0,,,,,0.0,0.0,,32.0,32.0,,,,,,,,,,,,,,-9.0,,,,,-9.0,,,,,-9.0,-9.0,,,,
1988,12,19,0.0,0.0,,,,,14.0,228.0,353.0,0.0,,,,,0.0,0.0,,71.06,46.04,602.0,,,,,,,,,,67.0,49.0,1.0,999.0,,,,,999.0,,,,,999.0,999.0,,,,
1988,12,20,,,,,,,,,,0.0,,,,,0.0,0.0,,,,,,,,,,,,,,,,0.0,,,,,,,,,,,-999.0,-999.0,,,,
1988,12,22,100.0,90.0,,,,,33.0,2257.0,2313.0,0.0,,,,,0.0,0.0,,59.0,51.98,531.0,,,,,,,,,,72.0,45.0,1.0,9999.0,,,,,1.0,,,,,9999.0,9999.0,,,,
1988,12,23,,,,,,,,,,0.0,,,,,0.0,0.0,,,,,,,,,,,,,,,,0.0,-99.0,,,,,,,,,,,,,,,
1988,12,24,,,,,,,,,,,,,,,,,,,,,,,,,,,,,,,,,99.0,,,,,99.0,,,,,,,,,,
1988,12,25,100.0,100.0,,,,,34.0,1055.0,235.0,193.0,,,,,0.0,0.0,,60.980000000000004,53.96,20.0,,,,135.0,180.0,,,,,93.0,63.0,1.0,-9999.0,,,,,-9999.0,,,,,1.0,1.0,,,,
1988,12,26,,,,,,,,,,0.0,,,,,0.0,0.0,,32.0,32.0,,,,,,,,,,,,,,-9.0,,,,,-9.0,,,,,,,,,,
1988,12,27,20.0,0.0,,,,,21.0,336.0,425.0,0.0,,,,,0.0,0.0,,62.059999999999995,48.02,600.0,,,,,,,,,,62.0,49.0,999.0,999.0,,,,,999.0,,,,,999.0,999.0,,,,
1988,12,28,,,,,,,,,,,,,,,0.0,0.0,,,,,,,,,,,,,,,,-999.0,-999.0,,,,,-999.0,,,,,-999.0,,,,,
1988,12,30,90.0,80.0,,,,,25.0,150.0,149.0,10.0,,,,,0.0,0.0,,60.08,51.08,79.0,,,,,,,,,,77.0,49.0,9999.0,9999.0,,,,,9999.0,,,,,9999.0,1.0,,,,
1988,12,31,,,,,,,,,,0.0,,,,,0.0,0.0,,,32.0,,,,,,,,,,,,,,-99.0,,,,,-99.0,,,,,,0.0,,,,
1989,1,1,60.0,70.0,,,,,18.0,1406.0,1407.0,0.0,,,,,0.0,0.0,,62.059999999999995,44.06,439.0,,,,315.0,315.0,,,,,72.0,58.0,-9999.0,,,,,,-9999.0,,,,,-9999.0,-9999.0,,,,
1989,1,2,,,,,,,,,,0.0,,,,,0.0,0.0,,32.0,32.0,,,,,,,,,,,,,-9.0,,,,,,-9.0,,,,,-9.0,-9.0,,,,
1989,1,3,10.0,0.0,,,,,24.0,450.0,602.0,0.0,,,,,0.0,0.0,,66.02,46.04,603.0,,,,,,,,,,82.0,63.0,999.0,,,,,,999.0,,,,,999.0,999.0,,,,
1989,1,4,,,,,,,,,,0.0,,,,,0.0,0.0,,,,,,,,,,,,,,,,-999.0,,,,,,-999.0,,,,,-999.0,,,,,
1989,1,5,,,,,,,,,,,,,,,,,,,,,,,,,,,,,,,,9.0,,,,,,,,,,,,,,,,
1989,1,6,70.0,80.0,,,,,32.0,1119.0,1357.0,33.0,,,,,0.0,0.0,,60.08,51.98,145.0,,,,,,,,,,72.0,49.0,1.0,,,,,,9999.0,,,,,9999.0,1.0,,,,
1989,1,7,,,,,,,,,,0.0,,,,,0.0,0.0,,,32.0,,,,,,,,,,,,,0.0,,,,,,-99.0,,,,,-99.0,0.0,,,,
1989,1,8,,,,,,,,,,,,,,,,,,,,,,,,,,,,,,,,,,,,,,99.0,,,,,99.0,,,,,
1989,1,9,40.0,30.0,,,,,55.0,1206.0,1459.0,8.0,,,,,0.0,0.0,,55.04,46.04,444.0,,,,315.0,315.0,,,,,129.0,103.0,1.0,,,,,,-9999.0,,,,,-9999.0,1.0,,,,
1989,1,10,,,,,,,,,,0.0,,,,,0.0,0.0,,32.0,32.0,,,,,,,,,,,,,,,,,,,-9.0,,,,,-9.0,0.0,,,,
1989,1,11,30.0,50.0,,,,,19.0,549.0,436.0,10.0,,,,,0.0,0.0,,55.04,39.02,316.0,,,,,,,,,,57.0,40.0,999.0,,,,,,999.0,,,,,999.0,1.0,,,,
1989,1,12,,,,,,,,,,0.0,,,,,0.0,0.0,,,,,,,,,,,,,,,,-999.0,,,,,,-999.0,,,,,-999.0,,,,,
1989,1,14,10.0,10.0,,,,,25.0,1314.0,1228.0,0.0,,,,,0.0,0.0,,60.980000000000004,37.04,598.0,,,,,,,,,,77.0,58.0,9999.0,,,,,,9999.0,,,,,9999.0,9999.0,,,,
1989,1,15,,,,,,,,,,0.0,,,,,0.0,0.0,,,32.0,,,,,,,,,,,,,-99.0,,,,,,-99.0,,,,,-99.0,-99.0,,,,
1989,1,16,,,,,,,,,,,,,,,,,,,,,,,,,,,,,,,,99.0,,,,,,99.0,,,,,99.0,99.0,,,,
1989,1,17,20.0,0.0,,,,,35.0,1338.0,1333.0,0.0,,,,,0.0,0.0,,66.92,46.04,572.0,,,,315.0,315.0,,,,,98.0,67.0,-9999.0,,,,,,-9999.0,,,,,-9999.0,-9999.0,,,,
1989,1,18,,,,,,,,,,0.0,,,,,0.0,0.0,,32.0,32.0,,,,,,,,,,,,,-9.0,,,,,,-9.0,,,,,-9.0,-9.0,,,,
1989,1,19,0.0,0.0,,,,,45.0,110.0,127.0,0.0,,,,,0.0,0.0,,66.02,44.06,611.0,,,,,,,,,,154.0,98.0,999.0,,,,,,999.0,,,,,999.0,999.0,,,,
1989,1,20,,,,,,,,,,0.0,,,,,0.0,0.0,,,,,,,,,,,,,,,,-999.0,,,,,,-999.0,,,,,-999.0,-999.0,,,,
1989,1,22,10.0,10.0,,,,,21.0,1645.0,1533.0,0.0,,,,,0.0,0.0,,57.92,39.02,613.0,,,,,,,,,,67.0,49.0,9999.0,,,,,,9999.0,,,,,9999.0,9999.0,,,,
1989,1,23,,,,,,,,,,0.0,,,,,0.0,0.0,,,32.0,,,,,,,,,,,,,-99.0,,,,,,,,,,,-99.0,-99.0,,,,
1989,1,24,,,,,,,,,,,,,,,,,,,,,,,,,,,,,,,,99.0,,,,,,,,,,,99.0,99.0,,,,
1989,1,25,10.0,0.0,,,,,23.0,1434.0,1429.0,0.0,,,,,0.0,0.0,,66.02,41.0,585.0,,,,315.0,315.0,,,,,82.0,63.0,-9999.0,,,,,,-9999.0,,,,,-9999.0,-9999.0,,,,
1989,1,26,,,,,,,,,,0.0,,,,,0.0,0.0,,32.0,32.0,,,,,,,,,,,,,-9.0,,,,,,-9.0,,,,,-9.0,-9.0,,,,
1989,1,27,0.0,0.0,,,,,23.0,524.0,520.0,0.0,,,,,0.0,0.0,,71.06,41.0,602.0,,,,,,,,,,82.0,67.0,999.0,,,,,,999.0,,,,,999.0,999.0,,,,
1989,1,28,,,,,,,,,,0.0,,,,,0.0,0.0,,,,,,,,,,,,,,,,-999.0,,,,,,-999.0,,,,,-999.0,-999.0,,,,
1989,1,30,50.0,60.0,,,,,24.0,1558.0,1633.0,0.0,,,,,0.0,0.0,,77.0,46.94,599.0,,,,,,,,,,62.0,54.0,9999.0,,,,,,9999.0,,,,,9999.0,9999.0,,,,
1989,1,31,,,,,,,,,,0.0,,,,,0.0,0.0,,,32.0,,,,,,,,,,,,,-99.0,,,,,,-99.0,,,,,-99.0,-99.0,,,,
1989,2,1,50.0,40.0,,,,,25.0,1740.0,1629.0,0.0,,,,,0.0,0.0,,59.0,46.94,538.0,,,,315.0,315.0,,,,,72.0,45.0,-9999.0,-9999.0,,,,,-9999.0,,,,,-9999.0,-9999.0,,,,
1989,2,2,,,,,,,,,,0.0,,,,,0.0,0.0,,32.0,32.0,,,,,,,,,,,,,,-9.0,,,,,-9.0,,,,,,,,,,
1989,2,3,90.0,100.0,,,,,36.0,221.0,352.0,41.0,,,,,0.0,0.0,,57.02,51.08,80.0,,,,,,,,,,77.0,54.0,1.0,999.0,,,,,999.0,,,,,1.0,1.0,,,,
1989,2,4,,,,,,,,,,0.0,,,,,0.0,0.0,,,,,,,,,,,,,,,,,-999.0,,,,,-999.0,,,,,,0.0,,,,
1989,2,5,,,,,,,,,,,,,,,,,,,,,,,,,,,,,,,,9.0,,,,,,,,,,,9.0,,,,,
1989,2,6,90.0,100.0,,,,,57.0,1812.0,1821.0,36.0,,,,,0.0,0.0,,57.92,51.08,1.0,,,,,,,,,,113.0,85.0,1.0,9999.0,,,,,9999.0,,,,,1.0,1.0,,,,
1989,2,7,,,,,,,,,,0.0,,,,,0.0,0.0,,,32.0,,,,,,,,,,,,,,-99.0,,,,,-99.0,,,,,,,,,,
1989,2,8,,,,,,,,,,,,,,,,,,,,,,,,,,,,,,,,99.0,99.0,,,,,99.0,,,,,99.0,99.0,,,,
1989,2,9,50.0,80.0,,,,,38.0,1509.0,1433.0,0.0,,,,,0.0,0.0,,55.94,42.08,596.0,,,,135.0,135.0,,,,,108.0,54.0,-9999.0,-9999.0,,,,,-9999.0,,,,,-9999.0,-9999.0,,,,
1989,2,10,,,,,,,,,,0.0,,,,,0.0,0.0,,32.0,32.0,,,,,,,,,,,,,-9.0,-9.0,,,,,-9.0,,,,,-9.0,,,,,
1989,2,11,100.0,100.0,,,,,28.0,238.0,254.0,,,,,,0.0,0.0,,55.94,46.94,7.0,,,,,,,,,,82.0,54.0,999.0,999.0,,,,,999.0,,,,,999.0,1.0,,,,
1989,2,12,,,,,,,,,,0.0,,,,,0.0,0.0,,,,,,,,,,,,,,,,-999.0,-999.0,,,,,-999.0,,,,,-999.0,0.0,,,,
1989,2,13,,,,,,,,,,,,,,,,,,,,,,,,,,,,,,,,9.0,,,,,,,,,,,9.0,,,,,
1989,2,14,100.0,100.0,,,,,28.0,956.0,1550.0,86.0,,,,,0.0,0.0,,60.08,51.08,7.0,,,,,,,,,,77.0,45.0,1.0,9999.0,,,,,9999.0,,,,,1.0,1.0,,,,
1989,2,15,,,,,,,,,,0.0,,,,,0.0,0.0,,,,,,,,,,,,,,,,0.0,-99.0,,,,,-99.0,,,,,,0.0,,,,
1989,2,16,,,,,,,,,,,,,,,,,,,,,,,,,,,,,,,,,99.0,,,,,99.0,,,,,,,,,,
1989,2,17,50.0,40.0,,,,,25.0,1517.0,1524.0,0.0,,,,,0.0,0.0,,59.0,44.06,452.0,,,,315.0,315.0,,,,,67.0,40.0,1.0,-9999.0,,,,,1.0,,,,,-9999.0,-9999.0,,,,
1989,2,18,,,,,,,,,,0.0,,,,,0.0,0.0,,32.0,32.0,,,,,,,,,,,,,,-9.0,,,,,,,,,,-9.0,-9.0,,,,
1989,2,19,50.0,50.0,,,,,31.0,555.0,409.0,0.0,,,,,0.0,0.0,,57.92,46.94,443.0,,,,,,,,,,87.0,63.0,999.0,999.0,,,,,999.0,,,,,999.0,999.0,,,,
1989,2,20,,,,,,,,,,,,,,,0.0,0.0,,,,,,,,,,,,,,,,-999.0,-999.0,,,,,-999.0,,,,,-999.0,,,,,
1989,2,22,0.0,0.0,,,,,31.0,1410.0,1349.0,0.0,,,,,0.0,0.0,,57.02,44.06,660.0,,,,,,,,,,82.0,63.0,9999.0,9999.0,,,,,9999.0,,,,,9999.0,9999.0,,,,
1989,2,23,,,,,,,,,,0.0,,,,,0.0,0.0,,,32.0,,,,,,,,,,,,,-99.0,-99.0,,,,,-99.0,,,,,-99.0,-99.0,,,,
1989,2,24,,,,,,,,,,,,,,,,,,,,,,,,,,,,,,,,99.0,99.0,,,,,99.0,,,,,99.0,99.0,,,,
1989,2,25,10.0,20.0,,,,,30.0,1408.0,1351.0,0.0,,,,,0.0,0.0,,60.08,44.06,644.0,,,,315.0,315.0,,,,,93.0,76.0,-9999.0,-9999.0,,,,,1.0,,,,,-9999.0,-9999.0,,,,
1989,2,26,,,,,,,,,,0.0,,,,,0.0,0.0,,32.0,32.0,,,,,,,,,,,,,,-9.0,,,,,0.0,,,,,-9.0,-9.0,,,,
1989,2,27,20.0,30.0,,,,,29.0,431.0,430.0,0.0,,,,,0.0,0.0,,68.0,44.96,666.0,,,,,,,,,,98.0,76.0,1.0,999.0,,,,,1.0,,,,,999.0,999.0,,,,
1989,2,28,,,,,,,,,,0.0,,,,,0.0,0.0,,,,,,,,,,,,,,,,0.0,,,,,,0.0,,,,,-999.0,-999.0,,,,
1989,2,29,,,,,,,,,,,,,,,,,,,,,,,,,,,,,,,,,,,,,,,,,,,9.0,9.0,,,,
1989,2,30,100.0,90.0,,,,,30.0,1328.0,1351.0,,,,,,0.0,0.0,,60.08,53.06,437.0,,,,,,,,,,67.0,40.0,9999.0,9999.0,,,,,9999.0,,,,,1.0,1.0,,,,
1989,2,31,,,,,,,,,,0.0,,,,,0.0,0.0,,,,,,,,,,,,,,,,-99.0,-99.0,,,,,-99.0,,,,,,0.0,,,,
1989,3,1,90.0,80.0,,,,,31.0,1529.0,1210.0,0.0,,,,,0.0,0.0,,60.980000000000004,53.06,380.0,,,,225.0,225.0,,,,,72.0,36.0,-9999.0,-9999.0,,,,,-9999.0,,,,,-9999.0,-9999.0,,,,
1989,3,2,,,,,,,,,,0.0,,,,,0.0,0.0,,32.0,32.0,,,,,,,,,,,,,,-9.0,,,,,-9.0,,,,,,,,,,
1989,3,3,100.0,100.0,,,,,59.0,635.0,646.0,15.0,,,,,0.0,0.0,,57.92,53.06,0.0,,,,,,,,,,154.0,103.0,1.0,999.0,,,,,999.0,,,,,1.0,1.0,,,,
1989,3,4,,,,,,,,,,0.0,,,,,0.0,0.0,,,,,,,,,,,,,,,,,-999.0,,,,,-999.0,,,,,,0.0,,,,
1989,3,6,30.0,70.0,,,,,31.0,1507.0,1550.0,0.0,,,,,0.0,0.0,,62.059999999999995,44.06,627.0,,,,,,,,,,87.0,67.0,9999.0,9999.0,,,,,9999.0,,,,,9999.0,9999.0,,,,
1989,3,7,,,,,,,,,,0.0,,,,,0.0,0.0,,,32.0,,,,,,,,,,,,,-99.0,-99.0,,,,,-99.0,,,,,-99.0,-99.0,,,,
1989,3,8,,,,,,,,,,,,,,,,,,,,,,,,,,,,,,,,99.0,99.0,,,,,99.0,,,,,99.0,99.0,,,,
1989,3,9,0.0,0.0,,,,,32.0,1309.0,1525.0,0.0,,,,,0.0,0.0,,71.06,50.0,699.0,,,,315.0,315.0,,,,,77.0,63.0,-9999.0,-9999.0,,,,,-9999.0,,,,,-9999.0,-9999.0,,,,
1989,3,10,,,,,,,,,,0.0,,,,,0.0,0.0,,32.0,32.0,,,,,,,,,,,,,,-9.0,,,,,,,,,,-9.0,-9.0,,,,
1989,3,11,20.0,30.0,,,,,30.0,404.0,731.0,0.0,,,,,0.0,0.0,,73.94,53.96,700.0,,,,,,,,,,93.0,76.0,1.0,999.0,,,,,1.0,,,,,999.0,999.0,,,,
1989,3,12,,,,,,,,,,0.0,,,,,0.0,0.0,,,,,,,,,,,,,,,,0.0,,,,,,0.0,,,,,-999.0,-999.0,,,,
1989,3,14,50.0,40.0,,,,,32.0,1421.0,1505.0,0.0,,,,,0.0,0.0,,71.06,55.04,599.0,,,,,,,,,,82.0,54.0,9999.0,9999.0,,,,,9999.0,,,,,9999.0,9999.0,,,,
1989,3,15,,,,,,,,,,0.0,,,,,0.0,0.0,,,,,,,,,,,,,,,,,-99.0,,,,,-99.0,,,,,-99.0,-99.0,,,,
1989,3,16,,,,,,,,,,,,,,,,,,,,,,,,,,,,,,,,,99.0,,,,,99.0,,,,,99.0,99.0,,,,
1989,3,17,80.0,90.0,,,,,44.0,1507.0,1507.0,0.0,,,,,0.0,0.0,,66.02,53.96,548.0,,,,315.0,315.0,,,,,103.0,76.0,1.0,-9999.0,,,,,1.0,,,,,-9999.0,-9999.0,,,,
1989,3,18,,,,,,,,,,0.0,,,,,0.0,0.0,,32.0,32.0,,,,,,,,,,,,,0.0,,,,,,0.0,,,,,-9.0,-9.0,,,,
1989,3,19,60.0,60.0,,,,,30.0,335.0,345.0,0.0,,,,,0.0,0.0,,68.0,55.04,530.0,,,,,,,,,,87.0,63.0,1.0,1.0,,,,,1.0,,,,,999.0,999.0,,,,
1989,3,20,,,,,,,,,,0.0,,,,,0.0,0.0,,,,,,,,,,,,,,,,0.0,,,,,,0.0,,,,,-999.0,-999.0,,,,
1989,3,22,40.0,40.0,,,,,34.0,1837.0,1213.0,0.0,,,,,0.0,0.0,,64.94,55.94,669.0,,,,,,,,,,67.0,40.0,9999.0,9999.0,,,,,9999.0,,,,,9999.0,9999.0,,,,
1989,3,23,,,,,,,,,,0.0,,,,,0.0,0.0,,,,,,,,,,,,,,,,,-99.0,,,,,,,,,,-99.0,-99.0,,,,
1989,3,24,,,,,,,,,,,,,,,,,,,,,,,,,,,,,,,,,99.0,,,,,,,,,,99.0,99.0,,,,
1989,3,25,70.0,60.0,,,,,36.0,1537.0,1536.0,0.0,,,,,0.0,0.0,,62.959999999999994,55.04,418.0,,,,270.0,315.0,,,,,82.0,58.0,-9999.0,-9999.0,,,,,-9999.0,,,,,-9999.0,-9999.0,,,,
1989,3,26,,,,,,,,,,0.0,,,,,0.0,0.0,,32.0,32.0,,,,,,,,,,,,,-9.0,-9.0,,,,,-9.0,,,,,-9.0,-9.0,,,,
1989,3,27,20.0,0.0,,,,,43.0,629.0,318.0,0.0,,,,,0.0,0.0,,64.04,55.04,695.0,,,,,,,,,,103.0,76.0,999.0,999.0,,,,,999.0,,,,,999.0,999.0,,,,
1989,3,28,,,,,,,,,,0.0,,,,,0.0,0.0,,,,,,,,,,,,,,,,-999.0,-999.0,,,,,-999.0,,,,,-999.0,-999.0,,,,
1989,3,30,50.0,50.0,,,,,27.0,1115.0,1405.0,0.0,,,,,0.0,0.0,,68.0,51.98,711.0,,,,,,,,,,72.0,54.0,9999.0,9999.0,,,,,9999.0,,,,,9999.0,9999.0,,,,
1989,3,31,,,,,,,,,,0.0,,,,,0.0,0.0,,,,,,,,,,,,,,,,,-99.0,,,,,,,,,,-99.0,-99.0,,,,
1989,4,1,30.0,40.0,,,,,33.0,1706.0,1358.0,0.0,,,,,0.0,0.0,,69.98,59.0,729.0,,,,315.0,315.0,,,,,82.0,54.0,-9999.0,,,,,,-9999.0,,,,,,-9999.0,,,,
1989,4,2,,,,,,,,,,0.0,,,,,0.0,0.0,,32.0,32.0,,,,,,,,,,,,,-9.0,,,,,,-9.0,,,,,,-9.0,,,,
1989,4,3,50.0,60.0,,,,,31.0,136.0,141.0,0.0,,,,,0.0,0.0,,69.98,57.02,731.0,,,,,,,,,,82.0,45.0,999.0,,,,,,999.0,,,,,,999.0,,,,
1989,4,4,,,,,,,,,,0.0,,,,,0.0,0.0,,,,,,,,,,,,,,,,-999.0,,,,,,,,,,,,-999.0,,,,
1989,4,6,0.0,0.0,,,,,29.0,1408.0,1348.0,0.0,,,,,0.0,0.0,,89.96000000000001,59.0,758.0,,,,,,,,,,82.0,67.0,9999.0,,,,,,1.0,,,,,,9999.0,,,,
1989,4,7,,,,,,,,,,0.0,,,,,0.0,0.0,,,,,,,,,,,,,,,,-99.0,,,,,,,,,,,,-99.0,,,,
1989,4,8,,,,,,,,,,,,,,,,,,,,,,,,,,,,,,,,99.0,,,,,,99.0,,,,,,99.0,,,,
1989,4,9,0.0,0.0,,,,,28.0,1358.0,1402.0,0.0,,,,,0.0,0.0,,98.06,64.94,761.0,,,,315.0,315.0,,,,,82.0,72.0,-9999.0,,,,,,-9999.0,,,,,,-9999.0,,,,
1989,4,10,,,,,,,,,,0.0,,,,,0.0,0.0,,32.0,32.0,,,,,,,,,,,,,-9.0,,,,,,-9.0,,,,,,-9.0,,,,
1989,4,11,0.0,0.0,,,,,23.0,547.0,819.0,0.0,,,,,0.0,0.0,,93.02,64.04,764.0,,,,,,,,,,62.0,45.0,999.0,,,,,,999.0,,,,,,999.0,,,,
1989,4,12,,,,,,,,,,0.0,,,,,0.0,0.0,,,,,,,,,,,,,,,,,,,,,,-999.0,,,,,,-999.0,,,,
1989,4,13,,,,,,,,,,,,,,,,,,,,,,,,,,,,,,,,,,,,,,9.0,,,,,,,,,,
1989,4,14,90.0,80.0,,,,,36.0,1218.0,200.0,0.0,,,,,0.0,0.0,,66.92,60.08,652.0,,,,,,,,,,77.0,40.0,1.0,,,,,,1.0,,,,,,9999.0,,,,
1989,4,15,,,,,,,,,,0.0,,,,,0.0,0.0,,,,,,,,,,,,,,,,,,,,,,,,,,,,-99.0,,,,
1989,4,16,,,,,,,,,,,,,,,,,,,,,,,,,,,,,,,,99.0,,,,,,99.0,,,,,,99.0,,,,
1989,4,17,100.0,100.0,,,,,36.0,2336.0,2359.0,0.0,,,,,0.0,0.0,,62.959999999999994,60.980000000000004,0.0,,,,225.0,225.0,,,,,77.0,58.0,-9999.0,,,,,,1.0,,,,,,-9999.0,,,,
1989,4,18,,,,,,,,,,0.0,,,,,0.0,0.0,,32.0,32.0,,,,,,,,,,,,,-9.0,,,,,,,,,,,,-9.0,,,,
1989,4,19,100.0,100.0,,,,,39.0,58.0,114.0,0.0,,,,,0.0,0.0,,64.04,60.08,0.0,,,,,,,,,,77.0,54.0,999.0,,,,,,999.0,,,,,,999.0,,,,
1989,4,20,,,,,,,,,,0.0,,,,,0.0,0.0,,,,,,,,,,,,,,,,-999.0,,,,,,-999.0,,,,,,-999.0,,,,
1989,4,21,,,,,,,,,,,,,,,,,,,,,,,,,,,,,,,,,,,,,,9.0,,,,,,,,,,
1989,4,22,90.0,90.0,,,,,38.0,1305.0,1249.0,0.0,,,,,0.0,0.0,,69.98,62.059999999999995,306.0,,,,,,,,,,98.0,76.0,9999.0,,,,,,1.0,,,,,,9999.0,,,,
1989,4,23,,,,,,,,,,0.0,,,,,0.0,0.0,,,,,,,,,,,,,,,,-99.0,,,,,,0.0,,,,,,-99.0,,,,
1989,4,24,,,,,,,,,,,,,,,,,,,,,,,,,,,,,,,,99.0,,,,,,,,,,,,99.0,,,,
1989,4,25,90.0,80.0,,,,,38.0,1336.0,1331.0,0.0,,,,,0.0,0.0,,69.08,60.980000000000004,293.0,,,,315.0,315.0,,,,,98.0,67.0,-9999.0,,,,,,-9999.0,,,,,,-9999.0,,,,
1989,4,26,,,,,,,,,,0.0,,,,,0.0,0.0,,32.0,32.0,,,,,,,,,,,,,-9.0,,,,,,-9.0,,,,,,-9.0,,,,
1989,4,27,90.0,80.0,,,,,42.0,416.0,312.0,0.0,,,,,0.0,0.0,,68.0,60.980000000000004,526.0,,,,,,,,,,93.0,63.0,999.0,,,,,,999.0,,,,,,999.0,,,,
1989,4,28,,,,,,,,,,0.0,,,,,0.0,0.0,,,,,,,,,,,,,,,,-999.0,,,,,,-999.0,,,,,,-999.0,,,,
1989,4,29,,,,,,,,,,,,,,,,,,,,,,,,,,,,,,,,,,,,,,9.0,,,,,,,,,,
1989,4,30,90.0,90.0,,,,,33.0,1106.0,1255.0,0.0,,,,,0.0,0.0,,69.08,60.08,485.0,,,,,,,,,,82.0,54.0,9999.0,,,,,,1.0,,,,,,9999.0,,,,
1989,4,31,,,,,,,,,,0.0,,,,,0.0,0.0,,,,,,,,,,,,,,,,-99.0,,,,,,0.0,,,,,,-99.0,,,,
1989,5,1,40.0,40.0,,,,,39.0,1458.0,1451.0,0.0,,,,,0.0,0.0,,68.0,57.92,733.0,,,,315.0,315.0,,,,,93.0,63.0,1.0,,,,,,-9999.0,,,,,-9999.0,-9999.0,,,,
1989,5,2,,,,,,,,,,0.0,,,,,0.0,0.0,,32.0,32.0,,,,,,,,,,,,,,,,,,,,,,,,-9.0,-9.0,,,,
1989,5,3,30.0,10.0,,,,,30.0,510.0,857.0,0.0,,,,,0.0,0.0,,73.04,57.02,721.0,,,,,,,,,,67.0,45.0,999.0,,,,,,1.0,,,,,999.0,999.0,,,,
1989,5,4,,,,,,,,,,0.0,,,,,0.0,0.0,,,,,,,,,,,,,,,,,,,,,,0.0,,,,,-999.0,-999.0,,,,
1989,5,6,90.0,90.0,,,,,32.0,1254.0,1505.0,0.0,,,,,0.0,0.0,,69.08,59.0,321.0,,,,,,,,,,77.0,40.0,1.0,,,,,,1.0,,,,,9999.0,9999.0,,,,
1989,5,7,,,,,,,,,,0.0,,,,,0.0,0.0,,,,,,,,,,,,,,,,0.0,,,,,,0.0,,,,,-99.0,-99.0,,,,
1989,5,8,,,,,,,,,,,,,,,,,,,,,,,,,,,,,,,,,,,,,,,,,,,99.0,99.0,,,,
1989,5,9,50.0,60.0,,,,,31.0,1456.0,1103.0,0.0,,,,,0.0,0.0,,69.08,59.0,599.0,,,,225.0,225.0,,,,,77.0,49.0,-9999.0,,,,,,1.0,,,,,-9999.0,-9999.0,,,,
1989,5,10,,,,,,,,,,0.0,,,,,0.0,0.0,,32.0,32.0,,,,,,,,,,,,,-9.0,,,,,,0.0,,,,,-9.0,-9.0,,,,
1989,5,11,40.0,30.0,,,,,39.0,544.0,418.0,0.0,,,,,0.0,0.0,,71.06,60.08,546.0,,,,,,,,,,93.0,63.0,999.0,,,,,,1.0,,,,,999.0,999.0,,,,
1989,5,12,,,,,,,,,,0.0,,,,,0.0,0.0,,,,,,,,,,,,,,,,,,,,,,0.0,,,,,-999.0,-999.0,,,,
1989,5,13,,,,,,,,,,,,,,,,,,,,,,,,,,,,,,,,,,,,,,,,,,,9.0,9.0,,,,
1989,5,14,80.0,70.0,,,,,61.0,1200.0,1058.0,,,,,,0.0,0.0,,69.08,60.980000000000004,379.0,,,,,,,,,,139.0,94.0,9999.0,,,,,,9999.0,,,,,1.0,1.0,,,,
1989,5,15,,,,,,,,,,0.0,,,,,0.0,0.0,,,,,,,,,,,,,,,,-99.0,,,,,,-99.0,,,,,,0.0,,,,
1989,5,16,,,,,,,,,,,,,,,,,,,,,,,,,,,,,,,,99.0,,,,,,99.0,,,,,99.0,,,,,
1989,5,17,80.0,80.0,,,,,57.0,1001.0,820.0,0.0,,,,,0.0,0.0,,64.94,55.94,318.0,,,,270.0,270.0,,,,,118.0,72.0,-9999.0,,,,,,-9999.0,,,,,-9999.0,1.0,,,,
1989,5,18,,,,,,,,,,,,,,,0.0,0.0,,32.0,32.0,,,,,,,,,,,,,-9.0,,,,,,-9.0,,,,,-9.0,,,,,
1989,5,19,80.0,70.0,,,,,42.0,528.0,301.0,0.0,,,,,0.0,0.0,,66.02,57.02,369.0,,,,,,,,,,93.0,54.0,999.0,,,,,,999.0,,,,,999.0,999.0,,,,
1989,5,20,,,,,,,,,,0.0,,,,,0.0,0.0,,,,,,,,,,,,,,,,-999.0,,,,,,-999.0,,,,,-999.0,-999.0,,,,
1989,5,21,,,,,,,,,,,,,,,,,,,,,,,,,,,,,,,,,,,,,,,,,,,,9.0,,,,
1989,5,22,100.0,100.0,,,,,39.0,50.0,2118.0,,,,,,0.0,0.0,,64.94,57.92,46.0,,,,,,,,,,67.0,49.0,9999.0,,,,,,9999.0,,,,,9999.0,1.0,,,,
1989,5,23,,,,,,,,,,0.0,,,,,0.0,0.0,,,,,,,,,,,,,,,,-99.0,,,,,,-99.0,,,,,-99.0,0.0,,,,
1989,5,24,,,,,,,,,,,,,,,,,,,,,,,,,,,,,,,,99.0,,,,,,99.0,,,,,99.0,,,,,
1989,5,25,80.0,70.0,,,,,34.0,1314.0,1123.0,0.0,,,,,0.0,0.0,,68.0,60.08,410.0,,,,225.0,225.0,,,,,77.0,54.0,-9999.0,,,,,,-9999.0,,,,,-9999.0,-9999.0,,,,
1989,5,26,,,,,,,,,,0.0,,,,,0.0,0.0,,32.0,32.0,,,,,,,,,,,,,-9.0,,,,,,-9.0,,,,,,,,,,
1989,5,27,100.0,100.0,,,,,35.0,123.0,339.0,,,,,,0.0,0.0,,64.94,60.08,18.0,,,,,,,,,,67.0,40.0,999.0,,,,,,999.0,,,,,1.0,1.0,,,,
1989,5,28,,,,,,,,,,0.0,,,,,0.0,0.0,,,,,,,,,,,,,,,,-999.0,,,,,,-999.0,,,,,,,,,,
1989,5,30,30.0,20.0,,,,,36.0,1449.0,1148.0,0.0,,,,,0.0,0.0,,71.06,60.980000000000004,777.0,,,,,,,,,,82.0,58.0,9999.0,,,,,,9999.0,,,,,9999.0,9999.0,,,,
1989,5,31,,,,,,,,,,0.0,,,,,0.0,0.0,,,,,,,,,,,,,,,,,,,,,,,,,,,-99.0,-99.0,,,,
1989,6,1,100.0,100.0,,,,,36.0,1445.0,1402.0,0.0,,,,,0.0,0.0,,66.02,59.0,155.0,,,,270.0,225.0,,,,,77.0,45.0,-9999.0,,,,,,1.0,,,,,-9999.0,-9999.0,,,,
1989,6,2,,,,,,,,,,0.0,,,,,0.0,0.0,,32.0,32.0,,,,,,,,,,,,,-9.0,,,,,,,,,,,-9.0,-9.0,,,,
1989,6,3,100.0,100.0,,,,,33.0,207.0,329.0,0.0,,,,,0.0,0.0,,66.02,60.08,73.0,,,,,,,,,,93.0,58.0,999.0,,,,,,999.0,,,,,999.0,999.0,,,,
1989,6,4,,,,,,,,,,0.0,,,,,0.0,0.0,,,,,,,,,,,,,,,,-999.0,,,,,,-999.0,,,,,-999.0,-999.0,,,,
1989,6,5,,,,,,,,,,,,,,,,,,,,,,,,,,,,,,,,,,,,,,,,,,,9.0,9.0,,,,
1989,6,6,90.0,80.0,,,,,41.0,1414.0,1454.0,,,,,,0.0,0.0,,68.0,59.0,352.0,,,,,,,,,,82.0,54.0,9999.0,,,,,,9999.0,,,,,1.0,1.0,,,,
1989,6,7,,,,,,,,,,0.0,,,,,0.0,0.0,,,,,,,,,,,,,,,,-99.0,,,,,,-99.0,,,,,,,,,,
1989,6,8,,,,,,,,,,,,,,,,,,,,,,,,,,,,,,,,99.0,,,,,,99.0,,,,,99.0,99.0,,,,
1989,6,9,60.0,70.0,,,,,44.0,1758.0,1206.0,0.0,,,,,0.0,0.0,,69.98,60.08,409.0,,,,315.0,315.0,,,,,93.0,67.0,-9999.0,,,,,,-9999.0,,,,,-9999.0,-9999.0,,,,
1989,6,10,,,,,,,,,,0.0,,,,,0.0,0.0,,32.0,32.0,,,,,,,,,,,,,-9.0,,,,,,-9.0,,,,,,,,,,
1989,6,11,100.0,100.0,,,,,37.0,549.0,412.0,,,,,,0.0,0.0,,66.02,62.059999999999995,0.0,,,,,,,,,,77.0,54.0,999.0,,,,,,999.0,,,,,1.0,1.0,,,,
1989,6,12,,,,,,,,,,,,,,,0.0,0.0,,,,,,,,,,,,,,,,,,,,,,-999.0,,,,,,0.0,,,,
1989,6,13,,,,,,,,,,,,,,,,,,,,,,,,,,,,,,,,,,,,,,9.0,,,,,,,,,,
1989,6,14,100.0,100.0,,,,,36.0,2044.0,2049.0,,,,,,0.0,0.0,,64.94,60.08,0.0,,,,,,,,,,87.0,54.0,9999.0,,,,,,1.0,,,,,1.0,1.0,,,,
1989,6,15,,,,,,,,,,0.0,,,,,0.0,0.0,,,,,,,,,,,,,,,,,,,,,,,,,,,,0.0,,,,
1989,6,16,,,,,,,,,,,,,,,,,,,,,,,,,,,,,,,,,,,,,,99.0,,,,,,,,,,
1989,6,17,90.0,80.0,,,,,39.0,1341.0,1457.0,0.0,,,,,0.0,0.0,,68.0,60.980000000000004,247.0,,,,315.0,315.0,,,,,93.0,67.0,1.0,,,,,,-9999.0,,,,,1.0,1.0,,,,
1989,6,18,,,,,,,,,,,,,,,0.0,0.0,,32.0,32.0,,,,,,,,,,,,,,,,,,,-9.0,,,,,,,,,,
1989,6,19,80.0,80.0,,,,,35.0,438.0,226.0,0.0,,,,,0.0,0.0,,71.06,60.980000000000004,318.0,,,,,,,,,,103.0,54.0,999.0,,,,,,999.0,,,,,999.0,999.0,,,,
1989,6,20,,,,,,,,,,0.0,,,,,0.0,0.0,,,,,,,,,,,,,,,,,,,,,,,,,,,-999.0,-999.0,,,,
1989,6,22,80.0,60.0,,,,,34.0,1236.0,1304.0,0.0,,,,,0.0,0.0,,73.04,60.08,540.0,,,,,,,,,,82.0,49.0,1.0,,,,,,1.0,,,,,9999.0,9999.0,,,,
1989,6,23,,,,,,,,,,0.0,,,,,0.0,0.0,,,,,,,,,,,,,,,,0.0,,,,,,0.0,,,,,-99.0,-99.0,,,,
1989,6,24,,,,,,,,,,,,,,,,,,,,,,,,,,,,,,,,,,,,,,,,,,,99.0,99.0,,,,
1989,6,25,60.0,60.0,,,,,33.0,1529.0,1308.0,0.0,,,,,0.0,0.0,,71.96,60.08,554.0,,,,225.0,315.0,,,,,77.0,67.0,-9999.0,,,,,,1.0,,,,,-9999.0,-9999.0,,,,
1989,6,26,,,,,,,,,,0.0,,,,,0.0,0.0,,32.0,32.0,,,,,,,,,,,,,,,,,,,0.0,,,,,-9.0,-9.0,,,,
1989,6,27,30.0,30.0,,,,,31.0,250.0,452.0,0.0,,,,,0.0,0.0,,73.94,60.08,660.0,,,,,,,,,,82.0,45.0,1.0,,,,,,1.0,,,,,999.0,999.0,,,,
1989,6,28,,,,,,,,,,0.0,,,,,0.0,0.0,,,,,,,,,,,,,,,,0.0,,,,,,0.0,,,,,-999.0,-999.0,,,,
1989,6,30,80.0,90.0,,,,,39.0,1326.0,1713.0,0.0,,,,,0.0,0.0,,84.02,62.059999999999995,464.0,,,,,,,,,,87.0,72.0,1.0,,,,,,1.0,,,,,9999.0,9999.0,,,,
1989,6,31,,,,,,,,,,0.0,,,,,0.0,0.0,,,,,,,,,,,,,,,,,,,,,,,,,,,-99.0,-99.0,,,,
1989,7,1,30.0,30.0,,,,,32.0,1317.0,1239.0,0.0,,,,,0.0,0.0,,73.04,62.959999999999994,710.0,,,,225.0,270.0,,,,,72.0,45.0,-9999.0,,,,,,-9999.0,,,,,,,,,,
1989,7,2,,,,,,,,,,0.0,,,,,0.0,0.0,,32.0,32.0,,,,,,,,,,,,,-9.0,,,,,,-9.0,,,,,,,,,,
1989,7,3,40.0,40.0,,,,,29.0,134.0,309.0,0.0,,,,,0.0,0.0,,73.94,60.980000000000004,700.0,,,,,,,,,,82.0,45.0,999.0,,,,,,999.0,,,,,,,,,,
1989,7,4,,,,,,,,,,0.0,,,,,0.0,0.0,,,,,,,,,,,,,,,,,,,,,,,,,,,,,,,,
1989,7,6,0.0,0.0,,,,,40.0,1206.0,1302.0,0.0,,,,,0.0,0.0,,82.94,62.059999999999995,855.0,,,,,,,,,,93.0,72.0,1.0,,,,,,9999.0,,,,,,,,,,
1989,7,7,,,,,,,,,,0.0,,,,,0.0,0.0,,,,,,,,,,,,,,,,0.0,,,,,,-99.0,,,,,,,,,,
1989,7,8,,,,,,,,,,,,,,,,,,,,,,,,,,,,,,,,,,,,,,99.0,,,,,,,,,,
1989,7,9,70.0,60.0,,,,,44.0,615.0,557.0,0.0,,,,,0.0,0.0,,73.04,60.980000000000004,530.0,,,,180.0,225.0,,,,,108.0,72.0,1.0,,,,,,-9999.0,,,,,,,,,,
1989,7,10,,,,,,,,,,0.0,,,,,0.0,0.0,,32.0,32.0,,,,,,,,,,,,,0.0,,,,,,,,,,,,,,,,
1989,7,11,60.0,50.0,,,,,36.0,316.0,829.0,0.0,,,,,0.0,0.0,,73.04,66.02,673.0,,,,,,,,,,87.0,54.0,1.0,,,,,,1.0,,,,,,,,,,
1989,7,12,,,,,,,,,,0.0,,,,,0.0,0.0,,,,,,,,,,,,,,,,,,,,,,,,,,,,,,,,
1989,7,14,60.0,60.0,,,,,34.0,1515.0,1458.0,0.0,,,,,0.0,0.0,,73.94,66.02,596.0,,,,,,,,,,77.0,45.0,9999.0,,,,,,9999.0,,,,,,,,,,
1989,7,15,,,,,,,,,,0.0,,,,,0.0,0.0,,,,,,,,,,,,,,,,-99.0,,,,,,-99.0,,,,,,,,,,
1989,7,16,,,,,,,,,,,,,,,,,,,,,,,,,,,,,,,,99.0,,,,,,99.0,,,,,,,,,,
1989,7,17,70.0,70.0,,,,,37.0,1353.0,1326.0,0.0,,,,,0.0,0.0,,73.04,64.94,455.0,,,,225.0,270.0,,,,,82.0,49.0,-9999.0,,,,,,-9999.0,,,,,,,,,,
1989,7,18,,,,,,,,,,0.0,,,,,0.0,0.0,,32.0,32.0,,,,,,,,,,,,,-9.0,,,,,,-9.0,,,,,,,,,,
1989,7,19,50.0,50.0,,,,,47.0,640.0,217.0,0.0,,,,,0.0,0.0,,75.02,66.02,719.0,,,,,,,,,,98.0,72.0,999.0,,,,,,999.0,,,,,,,,,,
1989,7,20,,,,,,,,,,0.0,,,,,0.0,0.0,,,,,,,,,,,,,,,,,,,,,,,,,,,,,,,,
1989,7,22,30.0,0.0,,,,,34.0,1901.0,1502.0,0.0,,,,,0.0,0.0,,80.06,62.059999999999995,803.0,,,,,,,,,,67.0,49.0,1.0,,,,,,1.0,,,,,,,,,,
1989,7,23,,,,,,,,,,0.0,,,,,0.0,0.0,,,,,,,,,,,,,,,,,,,,,,,,,,,,,,,,
1989,7,24,,,,,,,,,,,,,,,,,,,,,,,,,,,,,,,,99.0,,,,,,99.0,,,,,,,,,,
1989,7,25,50.0,30.0,,,,,34.0,1226.0,1234.0,0.0,,,,,0.0,0.0,,73.04,64.04,638.0,,,,225.0,225.0,,,,,82.0,49.0,-9999.0,,,,,,1.0,,,,,,,,,,
1989,7,26,,,,,,,,,,0.0,,,,,0.0,0.0,,32.0,32.0,,,,,,,,,,,,,-9.0,,,,,,,,,,,,,,,,
1989,7,27,40.0,30.0,,,,,35.0,436.0,555.0,0.0,,,,,0.0,0.0,,73.94,62.959999999999994,638.0,,,,,,,,,,77.0,49.0,999.0,,,,,,999.0,,,,,,,,,,
1989,7,28,,,,,,,,,,0.0,,,,,0.0,0.0,,,,,,,,,,,,,,,,-999.0,,,,,,-999.0,,,,,,,,,,
1989,7,30,50.0,50.0,,,,,31.0,1317.0,1316.0,0.0,,,,,0.0,0.0,,75.92,66.02,645.0,,,,,,,,,,77.0,49.0,9999.0,,,,,,9999.0,,,,,,,,,,
1989,7,31,,,,,,,,,,0.0,,,,,0.0,0.0,,,,,,,,,,,,,,,,,,,,,,,,,,,,,,,,
1989,8,1,30.0,20.0,,,,,34.0,1323.0,1524.0,0.0,,,,,0.0,0.0,,75.02,66.92,678.0,,,,225.0,225.0,,,,,72.0,45.0,-9999.0,,,,,,-9999.0,,,,,-9999.0,-9999.0,,,,
1989,8,2,,,,,,,,,,0.0,,,,,0.0,0.0,,32.0,32.0,,,,,,,,,,,,,-9.0,,,,,,-9.0,,,,,-9.0,-9.0,,,,
1989,8,3,40.0,10.0,,,,,34.0,224.0,145.0,0.0,,,,,0.0,0.0,,75.02,66.02,728.0,,,,,,,,,,82.0,45.0,999.0,,,,,,999.0,,,,,999.0,999.0,,,,
1989,8,4,,,,,,,,,,0.0,,,,,0.0,0.0,,,,,,,,,,,,,,,,-999.0,,,,,,-999.0,,,,,-999.0,-999.0,,,,
1989,8,6,30.0,20.0,,,,,35.0,1618.0,1400.0,0.0,,,,,0.0,0.0,,78.98,66.02,750.0,,,,,,,,,,72.0,49.0,9999.0,,,,,,9999.0,,,,,9999.0,9999.0,,,,
1989,8,7,,,,,,,,,,0.0,,,,,0.0,0.0,,,,,,,,,,,,,,,,-99.0,,,,,,-99.0,,,,,-99.0,-99.0,,,,
1989,8,8,,,,,,,,,,,,,,,,,,,,,,,,,,,,,,,,99.0,,,,,,99.0,,,,,99.0,99.0,,,,
1989,8,9,10.0,10.0,,,,,37.0,1336.0,1230.0,0.0,,,,,0.0,0.0,,78.98,69.08,817.0,,,,315.0,315.0,,,,,87.0,63.0,-9999.0,,,,,,-9999.0,,,,,-9999.0,-9999.0,,,,
1989,8,10,,,,,,,,,,0.0,,,,,0.0,0.0,,32.0,32.0,,,,,,,,,,,,,-9.0,,,,,,-9.0,,,,,-9.0,-9.0,,,,
1989,8,11,50.0,60.0,,,,,42.0,201.0,438.0,0.0,,,,,0.0,0.0,,77.0,68.0,764.0,,,,,,,,,,93.0,63.0,999.0,,,,,,999.0,,,,,999.0,999.0,,,,
1989,8,12,,,,,,,,,,0.0,,,,,0.0,0.0,,,,,,,,,,,,,,,,,,,,,,-999.0,,,,,,,,,,
1989,8,14,80.0,60.0,,,,,33.0,1444.0,1616.0,0.0,,,,,0.0,0.0,,75.92,68.0,463.0,,,,,,,,,,87.0,54.0,9999.0,,,,,,9999.0,,,,,9999.0,9999.0,,,,
1989,8,15,,,,,,,,,,0.0,,,,,0.0,0.0,,,,,,,,,,,,,,,,-99.0,,,,,,-99.0,,,,,-99.0,-99.0,,,,
1989,8,16,,,,,,,,,,,,,,,,,,,,,,,,,,,,,,,,99.0,,,,,,99.0,,,,,99.0,99.0,,,,
1989,8,17,20.0,10.0,,,,,40.0,1358.0,1358.0,0.0,,,,,0.0,0.0,,77.0,68.0,729.0,,,,315.0,315.0,,,,,82.0,58.0,1.0,,,,,,-9999.0,,,,,-9999.0,-9999.0,,,,
1989,8,18,,,,,,,,,,0.0,,,,,0.0,0.0,,32.0,32.0,,,,,,,,,,,,,,,,,,,,,,,,-9.0,-9.0,,,,
1989,8,19,20.0,20.0,,,,,39.0,528.0,535.0,0.0,,,,,0.0,0.0,,78.08,68.0,672.0,,,,,,,,,,87.0,67.0,999.0,,,,,,1.0,,,,,999.0,999.0,,,,
1989,8,20,,,,,,,,,,0.0,,,,,0.0,0.0,,,,,,,,,,,,,,,,,,,,,,,,,,,-999.0,-999.0,,,,
1989,8,22,30.0,10.0,,,,,35.0,1457.0,1419.0,0.0,,,,,0.0,0.0,,78.08,68.0,748.0,,,,,,,,,,87.0,63.0,9999.0,,,,,,9999.0,,,,,9999.0,9999.0,,,,
1989,8,23,,,,,,,,,,0.0,,,,,0.0,0.0,,,,,,,,,,,,,,,,-99.0,,,,,,-99.0,,,,,-99.0,-99.0,,,,
1989,8,24,,,,,,,,,,,,,,,,,,,,,,,,,,,,,,,,99.0,,,,,,99.0,,,,,99.0,99.0,,,,
1989,8,25,60.0,30.0,,,,,37.0,1227.0,950.0,0.0,,,,,0.0,0.0,,73.94,66.02,617.0,,,,225.0,315.0,,,,,87.0,49.0,-9999.0,,,,,,-9999.0,,,,,-9999.0,-9999.0,,,,
1989,8,26,,,,,,,,,,0.0,,,,,0.0,0.0,,32.0,32.0,,,,,,,,,,,,,-9.0,,,,,,-9.0,,,,,-9.0,-9.0,,,,
1989,8,27,50.0,30.0,,,,,35.0,353.0,322.0,0.0,,,,,0.0,0.0,,73.94,66.02,645.0,,,,,,,,,,82.0,49.0,999.0,,,,,,999.0,,,,,999.0,999.0,,,,
1989,8,28,,,,,,,,,,0.0,,,,,0.0,0.0,,,,,,,,,,,,,,,,-999.0,,,,,,-999.0,,,,,-999.0,-999.0,,,,
1989,8,30,70.0,50.0,,,,,36.0,1246.0,1219.0,0.0,,,,,0.0,0.0,,75.02,66.92,557.0,,,,,,,,,,93.0,72.0,9999.0,,,,,,9999.0,,,,,9999.0,9999.0,,,,
1989,8,31,,,,,,,,,,0.0,,,,,0.0,0.0,,,,,,,,,,,,,,,,-99.0,,,,,,-99.0,,,,,-99.0,-99.0,,,,
1989,9,1,20.0,20.0,,,,,41.0,1417.0,1357.0,0.0,,,,,0.0,0.0,,75.92,60.08,594.0,,,,315.0,315.0,,,,,93.0,76.0,1.0,-9999.0,,,,,1.0,,,,,-9999.0,-9999.0,,,,
1989,9,2,,,,,,,,,,0.0,,,,,0.0,0.0,,32.0,32.0,,,,,,,,,,,,,0.0,-9.0,,,,,0.0,,,,,-9.0,-9.0,,,,
1989,9,3,20.0,20.0,,,,,38.0,406.0,303.0,0.0,,,,,0.0,0.0,,75.92,60.08,680.0,,,,,,,,,,82.0,63.0,1.0,999.0,,,,,1.0,,,,,999.0,999.0,,,,
1989,9,4,,,,,,,,,,0.0,,,,,0.0,0.0,,,,,,,,,,,,,,,,0.0,,,,,,0.0,,,,,-999.0,-999.0,,,,
1989,9,6,20.0,10.0,,,,,42.0,1508.0,1527.0,0.0,,,,,0.0,0.0,,78.98,62.959999999999994,727.0,,,,,,,,,,93.0,72.0,1.0,9999.0,,,,,9999.0,,,,,9999.0,9999.0,,,,
1989,9,7,,,,,,,,,,0.0,,,,,0.0,0.0,,,,,,,,,,,,,,,,,-99.0,,,,,-99.0,,,,,-99.0,-99.0,,,,
1989,9,8,,,,,,,,,,,,,,,,,,,,,,,,,,,,,,,,99.0,99.0,,,,,99.0,,,,,99.0,99.0,,,,
1989,9,9,10.0,0.0,,,,,37.0,1335.0,1302.0,0.0,,,,,0.0,0.0,,77.0,62.959999999999994,736.0,,,,315.0,315.0,,,,,82.0,76.0,1.0,1.0,,,,,-9999.0,,,,,-9999.0,-9999.0,,,,
1989,9,10,,,,,,,,,,0.0,,,,,0.0,0.0,,32.0,32.0,,,,,,,,,,,,,0.0,,,,,,-9.0,,,,,-9.0,-9.0,,,,
1989,9,11,30.0,20.0,,,,,34.0,501.0,518.0,0.0,,,,,0.0,0.0,,75.92,64.04,627.0,,,,,,,,,,77.0,54.0,1.0,999.0,,,,,999.0,,,,,999.0,999.0,,,,
1989,9,12,,,,,,,,,,0.0,,,,,0.0,0.0,,,,,,,,,,,,,,,,,-999.0,,,,,-999.0,,,,,-999.0,-999.0,,,,
1989,9,13,,,,,,,,,,,,,,,,,,,,,,,,,,,,,,,,9.0,,,,,,9.0,,,,,,,,,,
1989,9,14,40.0,30.0,,,,,39.0,1452.0,1455.0,0.0,,,,,0.0,0.0,,73.04,60.980000000000004,566.0,,,,,,,,,,93.0,63.0,1.0,9999.0,,,,,1.0,,,,,9999.0,9999.0,,,,
1989,9,15,,,,,,,,,,0.0,,,,,0.0,0.0,,,,,,,,,,,,,,,,,-99.0,,,,,,,,,,-99.0,-99.0,,,,
1989,9,16,,,,,,,,,,,,,,,,,,,,,,,,,,,,,,,,99.0,99.0,,,,,99.0,,,,,99.0,99.0,,,,
1989,9,17,80.0,70.0,,,,,33.0,1416.0,1420.0,0.0,,,,,0.0,0.0,,71.06,64.04,393.0,,,,225.0,225.0,,,,,77.0,45.0,-9999.0,-9999.0,,,,,1.0,,,,,-9999.0,-9999.0,,,,
1989,9,18,,,,,,,,,,0.0,,,,,0.0,0.0,,32.0,32.0,,,,,,,,,,,,,-9.0,-9.0,,,,,,,,,,-9.0,-9.0,,,,
1989,9,19,40.0,30.0,,,,,32.0,243.0,515.0,0.0,,,,,0.0,0.0,,73.94,64.94,576.0,,,,,,,,,,77.0,45.0,999.0,999.0,,,,,999.0,,,,,999.0,999.0,,,,
1989,9,20,,,,,,,,,,0.0,,,,,0.0,0.0,,,,,,,,,,,,,,,,,-999.0,,,,,,,,,,-999.0,-999.0,,,,
1989,9,22,30.0,10.0,,,,,37.0,1530.0,1516.0,0.0,,,,,0.0,0.0,,89.96000000000001,64.04,745.0,,,,,,,,,,98.0,76.0,1.0,9999.0,,,,,1.0,,,,,9999.0,9999.0,,,,
1989,9,23,,,,,,,,,,0.0,,,,,0.0,0.0,,,,,,,,,,,,,,,,,-99.0,,,,,0.0,,,,,-99.0,,,,,
1989,9,24,,,,,,,,,,,,,,,,,,,,,,,,,,,,,,,,99.0,99.0,,,,,,,,,,99.0,,,,,
1989,9,25,100.0,100.0,,,,,32.0,1155.0,1059.0,0.0,,,,,0.0,0.0,,78.08,69.08,224.0,,,,225.0,225.0,,,,,87.0,45.0,-9999.0,-9999.0,,,,,-9999.0,,,,,-9999.0,1.0,,,,
1989,9,26,,,,,,,,,,,,,,,0.0,0.0,,32.0,32.0,,,,,,,,,,,,,,-9.0,,,,,-9.0,,,,,,0.0,,,,
1989,9,27,70.0,80.0,,,,,38.0,547.0,541.0,20.0,,,,,0.0,0.0,,73.04,64.04,272.0,,,,,,,,,,82.0,63.0,1.0,999.0,,,,,999.0,,,,,1.0,1.0,,,,
1989,9,28,,,,,,,,,,0.0,,,,,0.0,0.0,,,,,,,,,,,,,,,,,-999.0,,,,,-999.0,,,,,,,,,,
1989,9,29,,,,,,,,,,,,,,,,,,,,,,,,,,,,,,,,,,,,,,,,,,,,9.0,,,,
1989,9,30,50.0,70.0,,,,,35.0,839.0,838.0,38.0,,,,,0.0,0.0,,68.0,60.08,442.0,,,,,,,,,,123.0,103.0,9999.0,9999.0,,,,,9999.0,,,,,9999.0,1.0,,,,
1989,9,31,,,,,,,,,,0.0,,,,,0.0,0.0,,,,,,,,,,,,,,,,-99.0,-99.0,,,,,-99.0,,,,,-99.0,,,,,
1989,10,1,60.0,50.0,,,,,35.0,2354.0,1612.0,0.0,,,,,0.0,0.0,,71.06,62.959999999999994,414.0,,,,225.0,180.0,,,,,82.0,49.0,-9999.0,-9999.0,,,,,-9999.0,,,,,-9999.0,-9999.0,,,,
1989,10,2,,,,,,,,,,0.0,,,,,0.0,0.0,,32.0,32.0,,,,,,,,,,,,,-9.0,-9.0,,,,,-9.0,,,,,-9.0,-9.0,,,,
1989,10,3,80.0,60.0,,,,,44.0,736.0,238.0,0.0,,,,,0.0,0.0,,73.04,64.94,439.0,,,,,,,,,,87.0,49.0,999.0,999.0,,,,,999.0,,,,,999.0,999.0,,,,
1989,10,4,,,,,,,,,,0.0,,,,,0.0,0.0,,,,,,,,,,,,,,,,-999.0,-999.0,,,,,-999.0,,,,,-999.0,-999.0,,,,
1989,10,6,0.0,0.0,,,,,37.0,1248.0,1043.0,0.0,,,,,0.0,0.0,,71.96,57.92,667.0,,,,,,,,,,98.0,76.0,9999.0,9999.0,,,,,9999.0,,,,,9999.0,9999.0,,,,
1989,10,7,,,,,,,,,,0.0,,,,,0.0,0.0,,,,,,,,,,,,,,,,,-99.0,,,,,,,,,,-99.0,-99.0,,,,
1989,10,8,,,,,,,,,,,,,,,,,,,,,,,,,,,,,,,,,99.0,,,,,,,,,,99.0,99.0,,,,
1989,10,9,70.0,70.0,,,,,39.0,1151.0,1205.0,0.0,,,,,0.0,0.0,,75.02,66.92,307.0,,,,270.0,315.0,,,,,82.0,67.0,-9999.0,-9999.0,,,,,-9999.0,,,,,-9999.0,-9999.0,,,,
1989,10,10,,,,,,,,,,0.0,,,,,0.0,0.0,,32.0,32.0,,,,,,,,,,,,,,-9.0,,,,,,,,,,-9.0,-9.0,,,,
1989,10,11,30.0,10.0,,,,,38.0,348.0,259.0,0.0,,,,,0.0,0.0,,73.04,62.959999999999994,628.0,,,,,,,,,,93.0,72.0,1.0,999.0,,,,,1.0,,,,,999.0,999.0,,,,
1989,10,12,,,,,,,,,,0.0,,,,,0.0,0.0,,,,,,,,,,,,,,,,0.0,-999.0,,,,,0.0,,,,,-999.0,-999.0,,,,
1989,10,14,60.0,30.0,,,,,36.0,1654.0,1147.0,0.0,,,,,0.0,0.0,,71.96,62.959999999999994,527.0,,,,,,,,,,82.0,54.0,1.0,9999.0,,,,,1.0,,,,,9999.0,9999.0,,,,
1989,10,15,,,,,,,,,,0.0,,,,,0.0,0.0,,,,,,,,,,,,,,,,0.0,-99.0,,,,,0.0,,,,,-99.0,-99.0,,,,
1989,10,16,,,,,,,,,,,,,,,,,,,,,,,,,,,,,,,,,99.0,,,,,,,,,,99.0,99.0,,,,
1989,10,17,80.0,90.0,,,,,36.0,1328.0,1252.0,0.0,,,,,0.0,0.0,,71.06,62.959999999999994,508.0,,,,315.0,315.0,,,,,82.0,63.0,1.0,-9999.0,,,,,1.0,,,,,-9999.0,-9999.0,,,,
1989,10,18,,,,,,,,,,0.0,,,,,0.0,0.0,,32.0,32.0,,,,,,,,,,,,,0.0,-9.0,,,,,0.0,,,,,-9.0,-9.0,,,,
1989,10,19,100.0,100.0,,,,,39.0,323.0,315.0,0.0,,,,,0.0,0.0,,69.98,62.959999999999994,183.0,,,,,,,,,,87.0,67.0,1.0,999.0,,,,,1.0,,,,,999.0,999.0,,,,
1989,10,20,,,,,,,,,,0.0,,,,,0.0,0.0,,,,,,,,,,,,,,,,0.0,-999.0,,,,,0.0,,,,,-999.0,-999.0,,,,
1989,10,22,100.0,100.0,,,,,34.0,1147.0,1310.0,0.0,,,,,0.0,0.0,,68.0,62.959999999999994,119.0,,,,,,,,,,77.0,49.0,9999.0,9999.0,,,,,9999.0,,,,,9999.0,9999.0,,,,
1989,10,23,,,,,,,,,,0.0,,,,,0.0,0.0,,,,,,,,,,,,,,,,-99.0,-99.0,,,,,-99.0,,,,,-99.0,-99.0,,,,
1989,10,24,,,,,,,,,,,,,,,,,,,,,,,,,,,,,,,,99.0,99.0,,,,,99.0,,,,,99.0,99.0,,,,
1989,10,25,40.0,40.0,,,,,35.0,1339.0,1409.0,0.0,,,,,0.0,0.0,,71.96,60.980000000000004,480.0,,,,315.0,315.0,,,,,87.0,72.0,1.0,-9999.0,,,,,1.0,,,,,-9999.0,-9999.0,,,,
1989,10,26,,,,,,,,,,0.0,,,,,0.0,0.0,,32.0,32.0,,,,,,,,,,,,,0.0,,,,,,0.0,,,,,-9.0,-9.0,,,,
1989,10,27,50.0,50.0,,,,,31.0,339.0,340.0,0.0,,,,,0.0,0.0,,73.94,55.94,376.0,,,,,,,,,,87.0,63.0,1.0,1.0,,,,,1.0,,,,,999.0,999.0,,,,
1989,10,28,,,,,,,,,,0.0,,,,,0.0,0.0,,,,,,,,,,,,,,,,0.0,,,,,,0.0,,,,,-999.0,-999.0,,,,
1989,10,30,80.0,100.0,,,,,37.0,1719.0,1725.0,0.0,,,,,0.0,0.0,,66.02,57.02,39.0,,,,,,,,,,77.0,49.0,1.0,1.0,,,,,1.0,,,,,9999.0,9999.0,,,,
1989,10,31,,,,,,,,,,0.0,,,,,0.0,0.0,,,,,,,,,,,,,,,,,,,,,,,,,,,-99.0,-99.0,,,,
1989,11,1,30.0,50.0,,,,,31.0,1247.0,1247.0,0.0,,,,,0.0,0.0,,75.92,51.08,600.0,,,,315.0,315.0,,,,,103.0,76.0,-9999.0,-9999.0,,,,,-9999.0,,,,,-9999.0,-9999.0,,,,
1989,11,2,,,,,,,,,,0.0,,,,,0.0,0.0,,32.0,32.0,,,,,,,,,,,,,-9.0,-9.0,,,,,-9.0,,,,,-9.0,-9.0,,,,
1989,11,3,0.0,0.0,,,,,29.0,336.0,417.0,0.0,,,,,0.0,0.0,,78.98,48.92,650.0,,,,,,,,,,82.0,67.0,999.0,999.0,,,,,999.0,,,,,999.0,999.0,,,,
1989,11,4,,,,,,,,,,0.0,,,,,0.0,0.0,,,,,,,,,,,,,,,,-999.0,-999.0,,,,,-999.0,,,,,-999.0,-999.0,,,,
1989,11,5,,,,,,,,,,,,,,,,,,,,,,,,,,,,,,,,9.0,,,,,,,,,,,,,,,,
1989,11,6,30.0,10.0,,,,,30.0,1155.0,2310.0,0.0,,,,,0.0,0.0,,71.06,51.08,584.0,,,,,,,,,,62.0,31.0,1.0,9999.0,,,,,9999.0,,,,,9999.0,9999.0,,,,
1989,11,7,,,,,,,,,,0.0,,,,,0.0,0.0,,,,,,,,,,,,,,,,0.0,-99.0,,,,,,,,,,-99.0,-99.0,,,,
1989,11,8,,,,,,,,,,,,,,,,,,,,,,,,,,,,,,,,,99.0,,,,,,,,,,99.0,99.0,,,,
1989,11,9,70.0,50.0,,,,,34.0,1229.0,1218.0,0.0,,,,,0.0,0.0,,69.08,60.980000000000004,408.0,,,,315.0,315.0,,,,,87.0,67.0,-9999.0,-9999.0,,,,,-9999.0,,,,,-9999.0,-9999.0,,,,
1989,11,10,,,,,,,,,,0.0,,,,,0.0,0.0,,32.0,32.0,,,,,,,,,,,,,-9.0,-9.0,,,,,-9.0,,,,,-9.0,-9.0,,,,
1989,11,11,40.0,30.0,,,,,31.0,125.0,453.0,0.0,,,,,0.0,0.0,,66.92,57.02,578.0,,,,,,,,,,77.0,54.0,999.0,999.0,,,,,999.0,,,,,999.0,999.0,,,,
1989,11,12,,,,,,,,,,0.0,,,,,0.0,0.0,,,,,,,,,,,,,,,,,-999.0,,,,,,,,,,-999.0,-999.0,,,,
1989,11,13,,,,,,,,,,,,,,,,,,,,,,,,,,,,,,,,,9.0,,,,,,,,,,,,,,,
1989,11,14,10.0,0.0,,,,,28.0,1352.0,1352.0,0.0,,,,,0.0,0.0,,78.98,46.94,638.0,,,,,,,,,,82.0,58.0,1.0,1.0,,,,,1.0,,,,,9999.0,9999.0,,,,
1989,11,15,,,,,,,,,,0.0,,,,,0.0,0.0,,,,,,,,,,,,,,,,0.0,,,,,,,,,,,-99.0,-99.0,,,,
1989,11,16,,,,,,,,99.0,,,,,,,,,,,,,,,,,99.0,,,,,,99.0,,99.0,,,,,99.0,,,,,99.0,99.0,,,,
1989,11,17,40.0,20.0,,,,,25.0,1419.0,1240.0,0.0,,,,,0.0,0.0,,75.02,53.96,531.0,,,,225.0,315.0,,,,,62.0,40.0,1.0,1.0,,,,,1.0,,,,,-9999.0,-9999.0,,,,
1989,11,18,,,,,,,,,,0.0,,,,,0.0,0.0,,32.0,32.0,,,,,,,,,,,,,0.0,,,,,,0.0,,,,,-9.0,-9.0,,,,
1989,11,19,50.0,20.0,,,,,30.0,335.0,350.0,0.0,,,,,0.0,0.0,,71.06,57.92,556.0,,,,,,,,,,82.0,54.0,1.0,999.0,,,,,1.0,,,,,999.0,999.0,,,,
1989,11,20,,,,,,,,,,0.0,,,,,0.0,0.0,,,,,,,,,,,,,,,,,-999.0,,,,,,,,,,-999.0,-999.0,,,,
1989,11,21,,,,,,,,,,,,,,,,,,,,,,,,,,,,,,,,,,,,,,9.0,,,,,,,,,,
1989,11,22,40.0,40.0,,,,,32.0,1709.0,1340.0,0.0,,,,,0.0,0.0,,66.92,57.02,583.0,,,,,,,,,,72.0,45.0,9999.0,9999.0,,,,,1.0,,,,,9999.0,9999.0,,,,
1989,11,23,,,,,,,,,,0.0,,,,,0.0,0.0,,,,,,,,,,,,,,,,-99.0,-99.0,,,,,0.0,,,,,-99.0,-99.0,,,,
1989,11,24,,,,,,,,,,,,,,,,,,,,,,,,,,,,,,,,99.0,99.0,,,,,,,,,,99.0,99.0,,,,
1989,11,25,20.0,0.0,,,,,25.0,1506.0,1506.0,0.0,,,,,0.0,0.0,,80.06,53.96,628.0,,,,315.0,315.0,,,,,62.0,54.0,-9999.0,-9999.0,,,,,-9999.0,,,,,-9999.0,-9999.0,,,,
1989,11,26,,,,,,,,,,0.0,,,,,0.0,0.0,,32.0,32.0,,,,,,,,,,,,,,-9.0,,,,,-9.0,,,,,-9.0,-9.0,,,,
1989,11,27,30.0,50.0,,,,,29.0,127.0,220.0,0.0,,,,,0.0,0.0,,66.02,53.06,588.0,,,,,,,,,,77.0,45.0,1.0,999.0,,,,,999.0,,,,,999.0,999.0,,,,
1989,11,28,,,,,,,,,,0.0,,,,,0.0,0.0,,,,,,,,,,,,,,,,0.0,-999.0,,,,,-999.0,,,,,-999.0,-999.0,,,,
1989,11,30,10.0,0.0,,,,,33.0,1321.0,1127.0,0.0,,,,,0.0,0.0,,84.02,53.06,623.0,,,,,,,,,,87.0,63.0,9999.0,9999.0,,,,,9999.0,,,,,9999.0,9999.0,,,,
1989,11,31,,,,,,,,,,0.0,,,,,0.0,0.0,,,,,,,,,,,,,,,,-99.0,-99.0,,,,,-99.0,,,,,-99.0,-99.0,,,,
1989,12,1,0.0,0.0,,,,,24.0,1342.0,1334.0,0.0,,,,,0.0,0.0,,71.06,42.980000000000004,609.0,,,,315.0,315.0,,,,,77.0,67.0,-9999.0,-9999.0,-9999.0,,,,-9999.0,,,,,-9999.0,-9999.0,,,,
1989,12,2,,,,,,,,,,0.0,,,,,0.0,0.0,,32.0,32.0,,,,,,,,,,,,,-9.0,-9.0,-9.0,,,,-9.0,,,,,-9.0,-9.0,,,,
1989,12,3,0.0,0.0,,,,,41.0,428.0,315.0,0.0,,,,,0.0,0.0,,82.04,46.94,608.0,,,,,,,,,,103.0,63.0,999.0,999.0,999.0,,,,999.0,,,,,999.0,999.0,,,,
1989,12,4,,,,,,,,,,0.0,,,,,0.0,0.0,,,,,,,,,,,,,,,,-999.0,-999.0,-999.0,,,,-999.0,,,,,-999.0,-999.0,,,,
1989,12,6,0.0,0.0,,,,,26.0,1414.0,1524.0,0.0,,,,,0.0,0.0,,73.94,46.04,606.0,,,,,,,,,,87.0,67.0,9999.0,9999.0,9999.0,,,,9999.0,,,,,9999.0,9999.0,,,,
1989,12,7,,,,,,,,,,0.0,,,,,0.0,0.0,,,32.0,,,,,,,,,,,,,,,-99.0,,,,,,,,,-99.0,-99.0,,,,
1989,12,8,,,,,,,,,,,,,,,,,,,,,,,,,,,,,,,,,,99.0,,,,,,,,,99.0,99.0,,,,
1989,12,9,10.0,0.0,,,,,30.0,1406.0,1445.0,0.0,,,,,0.0,0.0,,69.08,46.94,606.0,,,,45.0,315.0,,,,,72.0,67.0,1.0,1.0,-9999.0,,,,-9999.0,,,,,-9999.0,-9999.0,,,,
1989,12,10,,,,,,,,,,0.0,,,,,0.0,0.0,,32.0,32.0,,,,,,,,,,,,,,,-9.0,,,,-9.0,,,,,-9.0,-9.0,,,,
1989,12,11,0.0,10.0,,,,,21.0,453.0,433.0,0.0,,,,,0.0,0.0,,80.06,46.94,605.0,,,,,,,,,,67.0,58.0,999.0,999.0,999.0,,,,999.0,,,,,999.0,999.0,,,,
1989,12,12,,,,,,,,,,0.0,,,,,0.0,0.0,,,,,,,,,,,,,,,,-999.0,-999.0,-999.0,,,,-999.0,,,,,-999.0,-999.0,,,,
1989,12,13,,,,,,,,,,,,,,,,,,,,,,,,,,,,,,,,9.0,9.0,,,,,,,,,,,,,,,
1989,12,14,30.0,30.0,,,,,26.0,1420.0,1702.0,0.0,,,,,0.0,0.0,,73.04,48.02,604.0,,,,,,,,,,67.0,54.0,1.0,1.0,9999.0,,,,9999.0,,,,,9999.0,9999.0,,,,
1989,12,15,,,,,,,,,,0.0,,,,,0.0,0.0,,,32.0,,,,,,,,,,,,,0.0,,-99.0,,,,,,,,,-99.0,-99.0,,,,
1989,12,16,,,,,,,,,,,,,,,,,,,,,,,,,,,,,,,,,,99.0,,,,,,,,,99.0,99.0,,,,
1989,12,17,10.0,10.0,,,,,29.0,513.0,1149.0,0.0,,,,,0.0,0.0,,71.06,46.94,579.0,,,,225.0,45.0,,,,,82.0,49.0,1.0,-9999.0,-9999.0,,,,-9999.0,,,,,-9999.0,-9999.0,,,,
1989,12,18,,,,,,,,,,0.0,,,,,0.0,0.0,,32.0,32.0,,,,,,,,,,,,,,-9.0,-9.0,,,,-9.0,,,,,-9.0,-9.0,,,,
1989,12,19,30.0,50.0,,,,,24.0,417.0,403.0,0.0,,,,,0.0,0.0,,66.02,42.08,565.0,,,,,,,,,,72.0,54.0,999.0,999.0,999.0,,,,999.0,,,,,999.0,999.0,,,,
1989,12,20,,,,,,,,,,0.0,,,,,0.0,0.0,,,,,,,,,,,,,,,,-999.0,-999.0,-999.0,,,,-999.0,,,,,-999.0,-999.0,,,,
1989,12,21,,,,,,,,,,,,,,,,,,,,,,,,,,,,,,,,,,,,,,9.0,,,,,,,,,,
1989,12,22,70.0,70.0,,,,,20.0,1357.0,1407.0,0.0,,,,,0.0,0.0,,73.04,44.96,539.0,,,,,,,,,,67.0,49.0,9999.0,9999.0,9999.0,,,,1.0,,,,,9999.0,9999.0,,,,
1989,12,23,,,,,,,,,,0.0,,,,,0.0,0.0,,,,,,,,,,,,,,,,-99.0,-99.0,-99.0,,,,0.0,,,,,-99.0,-99.0,,,,
1989,12,24,,,,,,,,,,,,,,,,,,,,,,,,,,,,,,,,99.0,99.0,99.0,,,,,,,,,99.0,99.0,,,,
1989,12,25,70.0,100.0,,,,,24.0,1423.0,1322.0,0.0,,,,,0.0,0.0,,62.059999999999995,48.92,454.0,,,,360.0,360.0,,,,,62.0,40.0,-9999.0,-9999.0,-9999.0,,,,1.0,,,,,-9999.0,1.0,,,,
1989,12,26,,,,,,,,,,,,,,,0.0,0.0,,32.0,32.0,,,,,,,,,,,,,,-9.0,-9.0,,,,0.0,,,,,-9.0,,,,,
1989,12,27,10.0,0.0,,,,,26.0,420.0,318.0,0.0,,,,,0.0,0.0,,64.94,44.06,567.0,,,,,,,,,,72.0,54.0,1.0,999.0,999.0,,,,1.0,,,,,999.0,999.0,,,,
1989,12,28,,,,,,,,,,0.0,,,,,0.0,0.0,,,,,,,,,,,,,,,,0.0,-999.0,-999.0,,,,0.0,,,,,-999.0,-999.0,,,,
1989,12,30,30.0,10.0,,,,,28.0,1427.0,1442.0,0.0,,,,,0.0,0.0,,66.92,53.06,564.0,,,,,,,,,,72.0,54.0,9999.0,9999.0,9999.0,,,,9999.0,,,,,9999.0,9999.0,,,,
1989,12,31,,,,,,,,,,0.0,,,,,0.0,0.0,,,32.0,,,,,,,,,,,,,-99.0,-99.0,-99.0,,,,-99.0,,,,,-99.0,-99.0,,,,
1990,1,1,30.0,40.0,,,,,25.0,2345.0,1331.0,3.0,,,,,0.0,0.0,,62.959999999999994,44.96,501.0,,,,225.0,225.0,,,,,67.0,49.0,-9999.0,-9999.0,-9999.0,,,,-9999.0,,,,,-9999.0,1.0,,,,
1990,1,2,,,,,,,,,,0.0,,,,,0.0,0.0,,32.0,32.0,,,,,,,,,,,,,-9.0,-9.0,-9.0,,,,-9.0,,,,,-9.0,0.0,,,,
1990,1,3,60.0,60.0,,,,,36.0,549.0,528.0,107.0,,,,,0.0,0.0,,57.92,51.08,400.0,,,,,,,,,,129.0,94.0,999.0,999.0,999.0,,,,999.0,,,,,999.0,1.0,,,,
1990,1,4,,,,,,,,,,0.0,,,,,0.0,0.0,,,,,,,,,,,,,,,,-999.0,-999.0,-999.0,,,,-999.0,,,,,-999.0,,,,,
1990,1,6,0.0,0.0,,,,,25.0,1447.0,1423.0,0.0,,,,,0.0,0.0,,64.04,42.08,604.0,,,,,,,,,,93.0,76.0,9999.0,9999.0,9999.0,,,,9999.0,,,,,9999.0,9999.0,,,,
1990,1,7,,,,,,,,,,0.0,,,,,0.0,0.0,,,32.0,,,,,,,,,,,,,-99.0,-99.0,-99.0,,,,-99.0,,,,,-99.0,-99.0,,,,
1990,1,8,,,,,,,,,,,,,,,,,,,,,,,,,,,,,,,,99.0,99.0,99.0,,,,99.0,,,,,99.0,99.0,,,,
1990,1,9,20.0,20.0,,,,,11.0,1525.0,1302.0,0.0,,,,,0.0,0.0,,69.08,42.08,605.0,,,,225.0,315.0,,,,,46.0,36.0,-9999.0,-9999.0,-9999.0,,,,-9999.0,,,,,-9999.0,-9999.0,,,,
1990,1,10,,,,,,,,,,0.0,,,,,0.0,0.0,,32.0,32.0,,,,,,,,,,,,,-9.0,-9.0,-9.0,,,,-9.0,,,,,-9.0,-9.0,,,,
1990,1,11,30.0,50.0,,,,,17.0,554.0,739.0,0.0,,,,,0.0,0.0,,64.94,42.980000000000004,606.0,,,,,,,,,,51.0,40.0,999.0,999.0,999.0,,,,999.0,,,,,999.0,999.0,,,,
1990,1,12,,,,,,,,,,0.0,,,,,0.0,0.0,,,,,,,,,,,,,,,,,-999.0,-999.0,,,,,,,,,-999.0,-999.0,,,,
1990,1,13,,,,,,,,,,,,,,,,,,,,,,,,,,,,,,,,,9.0,,,,,,,,,,,,,,,
1990,1,14,10.0,0.0,,,,,20.0,1502.0,1505.0,0.0,,,,,0.0,0.0,,71.96,46.94,592.0,,,,,,,,,,51.0,40.0,1.0,1.0,9999.0,,,,1.0,,,,,9999.0,9999.0,,,,
1990,1,15,,,,,,,,,,0.0,,,,,0.0,0.0,,,,,,,,,,,,,,,,0.0,,-99.0,,,,0.0,,,,,-99.0,-99.0,,,,
1990,1,16,,,,,,,,,,,,,,,,,,,,,,,,,,,,,,,,,,99.0,,,,,,,,,99.0,99.0,,,,
1990,1,17,40.0,40.0,,,,,25.0,1245.0,2050.0,0.0,,,,,0.0,0.0,,71.96,50.0,583.0,,,,270.0,315.0,,,,,93.0,49.0,1.0,-9999.0,-9999.0,,,,1.0,,,,,-9999.0,-9999.0,,,,
1990,1,18,,,,,,,,,,0.0,,,,,0.0,0.0,,32.0,32.0,,,,,,,,,,,,,0.0,-9.0,-9.0,,,,0.0,,,,,,,,,,
1990,1,19,50.0,40.0,,,,,29.0,247.0,300.0,,,,,,0.0,0.0,,66.92,51.98,598.0,,,,,,,,,,72.0,54.0,1.0,999.0,999.0,,,,1.0,,,,,1.0,1.0,,,,
1990,1,20,,,,,,,,,,,,,,,0.0,0.0,,,,,,,,,,,,,,,,0.0,-999.0,-999.0,,,,,,,,,,0.0,,,,
1990,1,22,80.0,70.0,,,,,33.0,1905.0,214.0,211.0,,,,,0.0,0.0,,62.959999999999994,53.96,349.0,,,,,,,,,,93.0,72.0,1.0,9999.0,9999.0,,,,9999.0,,,,,9999.0,1.0,,,,
1990,1,23,,,,,,,,,,0.0,,,,,0.0,0.0,,,,,,,,,,,,,,,,,-99.0,-99.0,,,,-99.0,,,,,-99.0,0.0,,,,
1990,1,24,,,,,,,,,,,,,,,,,,,,,,,,,,,,,,,,99.0,99.0,99.0,,,,99.0,,,,,99.0,,,,,
1990,1,25,80.0,90.0,,,,,33.0,2305.0,2358.0,43.0,,,,,0.0,0.0,,60.08,51.08,290.0,,,,270.0,225.0,,,,,103.0,58.0,-9999.0,-9999.0,-9999.0,,,,-9999.0,,,,,-9999.0,1.0,,,,
1990,1,26,,,,,,,,,,0.0,,,,,0.0,0.0,,32.0,32.0,,,,,,,,,,,,,-9.0,-9.0,,,,,-9.0,,,,,-9.0,0.0,,,,
1990,1,27,70.0,80.0,,,,,38.0,128.0,129.0,112.0,,,,,0.0,0.0,,57.02,46.94,244.0,,,,,,,,,,139.0,85.0,999.0,999.0,1.0,,,,999.0,,,,,999.0,1.0,,,,
1990,1,28,,,,,,,,,,0.0,,,,,0.0,0.0,,,,,,,,,,,,,,,,-999.0,-999.0,0.0,,,,-999.0,,,,,-999.0,0.0,,,,
1990,1,30,20.0,50.0,,,,,21.0,101.0,1402.0,0.0,,,,,0.0,0.0,,60.08,44.06,499.0,,,,,,,,,,62.0,40.0,9999.0,9999.0,9999.0,,,,9999.0,,,,,9999.0,9999.0,,,,
1990,1,31,,,,,,,,,,0.0,,,,,0.0,0.0,,,32.0,,,,,,,,,,,,,-99.0,-99.0,-99.0,,,,-99.0,,,,,-99.0,-99.0,,,,
1990,2,1,50.0,50.0,,,,,60.0,1303.0,1436.0,0.0,,,,,0.0,0.0,,60.08,53.06,458.0,,,,315.0,315.0,,,,,123.0,103.0,-9999.0,,,,,,-9999.0,,,,,,1.0,,,,
1990,2,2,,,,,,,,,,,,,,,0.0,0.0,,32.0,32.0,,,,,,,,,,,,,-9.0,,,,,,-9.0,,,,,,,,,,
1990,2,3,0.0,0.0,,,,,28.0,131.0,129.0,0.0,,,,,0.0,0.0,,64.04,44.06,638.0,,,,,,,,,,87.0,80.0,999.0,,,,,,999.0,,,,,,999.0,,,,
1990,2,4,,,,,,,,,,0.0,,,,,0.0,0.0,,,,,,,,,,,,,,,,-999.0,,,,,,-999.0,,,,,,-999.0,,,,
1990,2,5,,,,,,,,,,,,,,,,,,,,,,,,,,,,,,,,9.0,,,,,,,,,,,,9.0,,,,
1990,2,6,50.0,80.0,,,,,33.0,1417.0,1303.0,64.0,,,,,0.0,0.0,,57.02,46.04,295.0,,,,,,,,,,123.0,98.0,1.0,,,,,,9999.0,,,,,,1.0,,,,
1990,2,7,,,,,,,,,,0.0,,,,,0.0,0.0,,,32.0,,,,,,,,,,,,,,,,,,,-99.0,,,,,,,,,,
1990,2,8,,,,,,,,,,,,,,,,,,,,,,,,,,,,,,,,99.0,,,,,,99.0,,,,,,99.0,,,,
1990,2,9,20.0,20.0,,,,,18.0,1438.0,1523.0,0.0,,,,,0.0,0.0,,62.059999999999995,44.06,630.0,,,,315.0,315.0,,,,,57.0,40.0,-9999.0,,,,,,-9999.0,,,,,,-9999.0,,,,
1990,2,10,,,,,,,,,,0.0,,,,,0.0,0.0,,32.0,32.0,,,,,,,,,,,,,-9.0,,,,,,-9.0,,,,,,-9.0,,,,
1990,2,11,90.0,100.0,,,,,25.0,158.0,330.0,0.0,,,,,0.0,0.0,,60.980000000000004,46.04,464.0,,,,,,,,,,67.0,40.0,999.0,,,,,,999.0,,,,,,999.0,,,,
1990,2,12,,,,,,,,,,0.0,,,,,0.0,0.0,,,,,,,,,,,,,,,,-999.0,,,,,,-999.0,,,,,,,,,,
1990,2,14,0.0,0.0,,,,,25.0,1516.0,1442.0,0.0,,,,,0.0,0.0,,62.959999999999994,44.06,651.0,,,,,,,,,,62.0,45.0,9999.0,,,,,,9999.0,,,,,,9999.0,,,,
1990,2,15,,,,,,,,,,0.0,,,,,0.0,0.0,,,32.0,,,,,,,,,,,,,-99.0,,,,,,,,,,,,-99.0,,,,
1990,2,16,,,,,,,,,,,,,,,,,,,,,,,,,,,,,,,,99.0,,,,,,,,,,,,99.0,,,,
1990,2,17,60.0,70.0,,,,,25.0,1236.0,1302.0,0.0,,,,,0.0,0.0,,73.04,46.94,598.0,,,,315.0,315.0,,,,,82.0,76.0,-9999.0,,,,,,-9999.0,,,,,,-9999.0,,,,
1990,2,18,,,,,,,,,,0.0,,,,,0.0,0.0,,32.0,32.0,,,,,,,,,,,,,,,,,,,-9.0,,,,,,-9.0,,,,
1990,2,19,100.0,100.0,,,,,31.0,306.0,321.0,0.0,,,,,0.0,0.0,,62.959999999999994,55.04,366.0,,,,,,,,,,72.0,58.0,1.0,,,,,,999.0,,,,,,999.0,,,,
1990,2,20,,,,,,,,,,0.0,,,,,0.0,0.0,,,,,,,,,,,,,,,,,,,,,,-999.0,,,,,,,,,,
1990,2,22,50.0,60.0,,,,,69.0,1017.0,204.0,,,,,,0.0,0.0,,51.98,44.96,452.0,,,,,,,,,,159.0,107.0,9999.0,,,,,,9999.0,,,,,,1.0,,,,
1990,2,23,,,,,,,,,,0.0,,,,,0.0,0.0,,,32.0,,,,,,,,,,,,,-99.0,,,,,,-99.0,,,,,,,,,,
1990,2,24,,,,,,,,,,,,,,,,,,,,,,,,,,,,,,,,99.0,,,,,,99.0,,,,,,99.0,,,,
1990,2,25,30.0,10.0,,,,,33.0,1253.0,2316.0,0.0,,,,,0.0,0.0,,57.02,41.0,639.0,,,,135.0,135.0,,,,,82.0,45.0,-9999.0,,,,,,-9999.0,,,,,,-9999.0,,,,
1990,2,26,,,,,,,,,,0.0,,,,,0.0,0.0,,32.0,32.0,,,,,,,,,,,,,-9.0,,,,,,-9.0,,,,,,,,,,
1990,2,27,100.0,100.0,,,,,62.0,845.0,848.0,173.0,,,,,0.0,0.0,,57.92,50.0,16.0,,,,,,,,,,129.0,98.0,999.0,,,,,,999.0,,,,,,1.0,,,,
1990,2,28,,,,,,,,,,,,,,,0.0,0.0,,,,,,,,,,,,,,,,-999.0,,,,,,-999.0,,,,,,0.0,,,,
1990,2,30,10.0,0.0,,,,,30.0,1228.0,1237.0,0.0,,,,,0.0,0.0,,55.94,42.08,664.0,,,,,,,,,,67.0,58.0,9999.0,,,,,,9999.0,,,,,,9999.0,,,,
1990,2,31,,,,,,,,,,0.0,,,,,0.0,0.0,,,32.0,,,,,,,,,,,,,-99.0,,,,,,-99.0,,,,,,-99.0,,,,
1990,3,1,100.0,100.0,,,,,30.0,1805.0,1639.0,0.0,,,,,0.0,0.0,,64.04,55.04,83.0,,,,315.0,315.0,,,,,67.0,54.0,1.0,-9999.0,,,,,1.0,,-9999.0,,,-9999.0,-9999.0,,,,
1990,3,2,,,,,,,,,,0.0,,,,,0.0,0.0,,32.0,32.0,,,,,,,,,,,,,,-9.0,,,,,,,-9.0,,,-9.0,-9.0,,,,
1990,3,3,90.0,100.0,,,,,29.0,429.0,425.0,0.0,,,,,0.0,0.0,,62.059999999999995,57.02,223.0,,,,,,,,,,72.0,58.0,999.0,999.0,,,,,999.0,,999.0,,,999.0,999.0,,,,
1990,3,4,,,,,,,,,,0.0,,,,,0.0,0.0,,,,,,,,,,,,,,,,-999.0,-999.0,,,,,-999.0,,-999.0,,,-999.0,-999.0,,,,
1990,3,5,,,,,,,,,,,,,,,,,,,,,,,,,,,,,,,,,,,,,,,,,,,,9.0,,,,
1990,3,6,100.0,100.0,,,,,42.0,1546.0,1600.0,,,,,,0.0,0.0,,60.980000000000004,55.04,111.0,,,,,,,,,,87.0,63.0,9999.0,9999.0,,,,,9999.0,,9999.0,,,9999.0,1.0,,,,
1990,3,7,,,,,,,,,,0.0,,,,,0.0,0.0,,,,,,,,,,,,,,,,-99.0,-99.0,,,,,-99.0,,-99.0,,,-99.0,0.0,,,,
1990,3,8,,,,,,,,,,,,,,,,,,,,,,,,,,,,,,,,99.0,99.0,,,,,99.0,,99.0,,,99.0,,,,,
1990,3,9,0.0,0.0,,,,,31.0,1515.0,1413.0,0.0,,,,,0.0,0.0,,62.959999999999994,44.96,699.0,,,,315.0,315.0,,,,,82.0,72.0,-9999.0,-9999.0,,,,,-9999.0,,-9999.0,,,-9999.0,-9999.0,,,,
1990,3,10,,,,,,,,,,0.0,,,,,0.0,0.0,,32.0,32.0,,,,,,,,,,,,,-9.0,-9.0,,,,,-9.0,,-9.0,,,-9.0,-9.0,,,,
1990,3,11,60.0,60.0,,,,,21.0,534.0,534.0,0.0,,,,,0.0,0.0,,68.0,46.94,669.0,,,,,,,,,,67.0,45.0,999.0,999.0,,,,,999.0,,999.0,,,999.0,999.0,,,,
1990,3,12,,,,,,,,,,0.0,,,,,0.0,0.0,,,,,,,,,,,,,,,,-999.0,-999.0,,,,,,,-999.0,,,-999.0,-999.0,,,,
1990,3,14,100.0,100.0,,,,,31.0,1303.0,1430.0,0.0,,,,,0.0,0.0,,60.08,55.04,152.0,,,,,,,,,,62.0,40.0,9999.0,9999.0,,,,,9999.0,,9999.0,,,9999.0,9999.0,,,,
1990,3,15,,,,,,,,,,0.0,,,,,0.0,0.0,,,,,,,,,,,,,,,,-99.0,-99.0,,,,,-99.0,,-99.0,,,-99.0,,,,,
1990,3,16,,,,,,,,,,,,,,,,,,,,,,,,,,,,,,,,99.0,99.0,,,,,99.0,,99.0,,,99.0,,,,,
1990,3,17,70.0,70.0,,,,,62.0,700.0,658.0,25.0,,,,,0.0,0.0,,59.0,51.98,323.0,,,,270.0,315.0,,,,,118.0,94.0,1.0,-9999.0,,,,,-9999.0,,-9999.0,,,-9999.0,1.0,,,,
1990,3,18,,,,,,,,,,0.0,,,,,0.0,0.0,,32.0,32.0,,,,,,,,,,,,,,-9.0,,,,,-9.0,,,,,-9.0,,,,,
1990,3,19,40.0,50.0,,,,,58.0,410.0,355.0,0.0,,,,,0.0,0.0,,60.08,51.08,556.0,,,,,,,,,,118.0,89.0,999.0,999.0,,,,,999.0,,1.0,,,999.0,999.0,,,,
1990,3,20,,,,,,,,,,0.0,,,,,0.0,0.0,,,,,,,,,,,,,,,,-999.0,-999.0,,,,,-999.0,,,,,-999.0,-999.0,,,,
1990,3,22,40.0,60.0,,,,,29.0,1538.0,1519.0,0.0,,,,,0.0,0.0,,62.959999999999994,46.04,692.0,,,,,,,,,,72.0,49.0,9999.0,9999.0,,,,,9999.0,,9999.0,,,9999.0,9999.0,,,,
1990,3,23,,,,,,,,,,0.0,,,,,0.0,0.0,,,32.0,,,,,,,,,,,,,-99.0,-99.0,,,,,-99.0,,-99.0,,,-99.0,-99.0,,,,
1990,3,24,,,,,,,,,,,,,,,,,,,,,,,,,,,,,,,,99.0,99.0,,,,,99.0,,99.0,,,99.0,99.0,,,,
1990,3,25,80.0,100.0,,,,,27.0,1647.0,1653.0,0.0,,,,,0.0,0.0,,77.0,48.92,601.0,,,,315.0,315.0,,,,,93.0,76.0,-9999.0,-9999.0,,,,,-9999.0,,-9999.0,,,-9999.0,-9999.0,,,,
1990,3,26,,,,,,,,,,0.0,,,,,0.0,0.0,,32.0,32.0,,,,,,,,,,,,,-9.0,-9.0,,,,,-9.0,,-9.0,,,-9.0,-9.0,,,,
1990,3,27,20.0,10.0,,,,,28.0,236.0,235.0,0.0,,,,,0.0,0.0,,73.04,51.98,698.0,,,,,,,,,,77.0,58.0,999.0,999.0,,,,,999.0,,999.0,,,999.0,999.0,,,,
1990,3,28,,,,,,,,,,0.0,,,,,0.0,0.0,,,,,,,,,,,,,,,,,,,,,,,,-999.0,,,-999.0,-999.0,,,,
1990,3,30,80.0,90.0,,,,,32.0,1221.0,1230.0,0.0,,,,,0.0,0.0,,69.08,51.98,535.0,,,,,,,,,,72.0,49.0,1.0,1.0,,,,,1.0,,9999.0,,,9999.0,9999.0,,,,
1990,3,31,,,,,,,,,,0.0,,,,,0.0,0.0,,,,,,,,,,,,,,,,0.0,,,,,,0.0,,-99.0,,,-99.0,-99.0,,,,
1990,4,1,100.0,100.0,,,,,30.0,1503.0,1515.0,0.0,,,,,0.0,0.0,,64.04,57.02,109.0,,,,270.0,270.0,,,,,72.0,54.0,-9999.0,,,,,,-9999.0,,,,,-9999.0,1.0,,,,
1990,4,2,,,,,,,,,,,,,,,0.0,0.0,,32.0,32.0,,,,,,,,,,,,,,,,,,,,,,,,-9.0,,,,,
1990,4,3,40.0,20.0,,,,,34.0,235.0,255.0,0.0,,,,,0.0,0.0,,66.92,57.02,632.0,,,,,,,,,,82.0,67.0,1.0,,,,,,1.0,,,,,999.0,999.0,,,,
1990,4,4,,,,,,,,,,0.0,,,,,0.0,0.0,,,,,,,,,,,,,,,,0.0,,,,,,0.0,,,,,-999.0,,,,,
1990,4,6,70.0,60.0,,,,,36.0,1234.0,1250.0,69.0,,,,,0.0,0.0,,66.92,57.92,488.0,,,,,,,,,,103.0,67.0,1.0,,,,,,9999.0,,,,,9999.0,1.0,,,,
1990,4,7,,,,,,,,,,0.0,,,,,0.0,0.0,,,,,,,,,,,,,,,,,,,,,,-99.0,,,,,-99.0,0.0,,,,
1990,4,8,,,,,,,,,,,,,,,,,,,,,,,,,,,,,,,,99.0,,,,,,99.0,,,,,99.0,,,,,
1990,4,9,100.0,100.0,,,,,41.0,1131.0,1131.0,0.0,,,,,0.0,0.0,,64.04,59.0,20.0,,,,315.0,315.0,,,,,82.0,63.0,-9999.0,,,,,,-9999.0,,,,,-9999.0,-9999.0,,,,
1990,4,10,,,,,,,,,,0.0,,,,,0.0,0.0,,32.0,32.0,,,,,,,,,,,,,-9.0,,,,,,-9.0,,,,,-9.0,-9.0,,,,
1990,4,11,90.0,90.0,,,,,36.0,707.0,612.0,0.0,,,,,0.0,0.0,,66.92,57.92,286.0,,,,,,,,,,87.0,67.0,999.0,,,,,,999.0,,,,,999.0,999.0,,,,
1990,4,12,,,,,,,,,,0.0,,,,,0.0,0.0,,,,,,,,,,,,,,,,-999.0,,,,,,-999.0,,,,,-999.0,-999.0,,,,
1990,4,14,10.0,10.0,,,,,33.0,1417.0,1415.0,0.0,,,,,0.0,0.0,,68.0,55.04,767.0,,,,,,,,,,87.0,67.0,9999.0,,,,,,9999.0,,,,,9999.0,9999.0,,,,
1990,4,15,,,,,,,,,,0.0,,,,,0.0,0.0,,,,,,,,,,,,,,,,-99.0,,,,,,-99.0,,,,,-99.0,-99.0,,,,
1990,4,16,,,,,,,,,,,,,,,,,,,,,,,,,,,,,,,,99.0,,,,,,99.0,,,,,99.0,99.0,,,,
1990,4,17,10.0,0.0,,,,,27.0,1604.0,1136.0,0.0,,,,,0.0,0.0,,73.94,57.02,744.0,,,,315.0,315.0,,,,,72.0,54.0,1.0,,,,,,1.0,,,,,-9999.0,-9999.0,,,,
1990,4,18,,,,,,,,,,0.0,,,,,0.0,0.0,,32.0,32.0,,,,,,,,,,,,,0.0,,,,,,0.0,,,,,-9.0,-9.0,,,,
1990,4,19,40.0,10.0,,,,,33.0,441.0,53.0,0.0,,,,,0.0,0.0,,75.02,59.0,722.0,,,,,,,,,,72.0,45.0,1.0,,,,,,1.0,,,,,999.0,999.0,,,,
1990,4,20,,,,,,,,,,0.0,,,,,0.0,0.0,,,,,,,,,,,,,,,,0.0,,,,,,0.0,,,,,-999.0,-999.0,,,,
1990,4,22,60.0,50.0,,,,,34.0,1146.0,1452.0,0.0,,,,,0.0,0.0,,66.92,59.0,645.0,,,,,,,,,,87.0,45.0,9999.0,,,,,,9999.0,,,,,9999.0,9999.0,,,,
1990,4,23,,,,,,,,,,0.0,,,,,0.0,0.0,,,,,,,,,,,,,,,,-99.0,,,,,,-99.0,,,,,-99.0,-99.0,,,,
1990,4,24,,,,,,,,,,,,,,,,,,,,,,,,,,,,,,,,99.0,,,,,,99.0,,,,,99.0,99.0,,,,
1990,4,25,90.0,90.0,,,,,59.0,1300.0,1439.0,0.0,,,,,0.0,0.0,,66.92,60.08,176.0,,,,225.0,225.0,,,,,118.0,80.0,-9999.0,,,,,,-9999.0,,,,,-9999.0,1.0,,,,
1990,4,26,,,,,,,,,,,,,,,0.0,0.0,,32.0,32.0,,,,,,,,,,,,,,,,,,,-9.0,,,,,-9.0,0.0,,,,
1990,4,27,80.0,80.0,,,,,48.0,127.0,410.0,94.0,,,,,0.0,0.0,,66.02,57.02,323.0,,,,,,,,,,93.0,76.0,1.0,,,,,,999.0,,,,,999.0,1.0,,,,
1990,4,28,,,,,,,,,,0.0,,,,,0.0,0.0,,,,,,,,,,,,,,,,,,,,,,-999.0,,,,,-999.0,0.0,,,,
1990,4,30,100.0,100.0,,,,,39.0,1110.0,1110.0,0.0,,,,,0.0,0.0,,66.02,60.980000000000004,48.0,,,,,,,,,,93.0,63.0,9999.0,,,,,,9999.0,,,,,9999.0,9999.0,,,,
1990,4,31,,,,,,,,,,0.0,,,,,0.0,0.0,,,,,,,,,,,,,,,,-99.0,,,,,,-99.0,,,,,,,,,,
1990,5,1,10.0,10.0,,,,,35.0,1405.0,1141.0,0.0,,,,,0.0,0.0,,66.92,53.06,808.0,,,,225.0,225.0,,,,,82.0,54.0,-9999.0,-9999.0,,,,,-9999.0,,,,,-9999.0,-9999.0,,,,
1990,5,2,,,,,,,,,,0.0,,,,,0.0,0.0,,32.0,32.0,,,,,,,,,,,,,-9.0,-9.0,,,,,-9.0,,,,,-9.0,-9.0,,,,
1990,5,3,50.0,40.0,,,,,38.0,140.0,135.0,0.0,,,,,0.0,0.0,,66.92,57.02,714.0,,,,,,,,,,87.0,54.0,999.0,999.0,,,,,999.0,,,,,999.0,999.0,,,,
1990,5,4,,,,,,,,,,0.0,,,,,0.0,0.0,,,,,,,,,,,,,,,,-999.0,-999.0,,,,,-999.0,,,,,-999.0,-999.0,,,,
1990,5,5,,,,,,,,,,,,,,,,,,,,,,,,,,,,,,,,,,,,,,9.0,,,,,,,,,,
1990,5,6,30.0,10.0,,,,,38.0,1148.0,1307.0,0.0,,,,,0.0,0.0,,71.06,60.980000000000004,694.0,,,,,,,,,,93.0,76.0,9999.0,9999.0,,,,,1.0,,,,,9999.0,9999.0,,,,
1990,5,7,,,,,,,,,,0.0,,,,,0.0,0.0,,,,,,,,,,,,,,,,,,,,,,0.0,,,,,-99.0,-99.0,,,,
1990,5,8,,,,,,,,,,,,,,,,,,,,,,,,,,,,,,,,,,,,,,,,,,,99.0,99.0,,,,
1990,5,9,0.0,0.0,,,,,27.0,1406.0,1229.0,0.0,,,,,0.0,0.0,,87.08000000000001,60.980000000000004,816.0,,,,315.0,315.0,,,,,82.0,67.0,-9999.0,-9999.0,,,,,-9999.0,,,,,-9999.0,-9999.0,,,,
1990,5,10,,,,,,,,,,0.0,,,,,0.0,0.0,,32.0,32.0,,,,,,,,,,,,,,-9.0,,,,,,,,,,-9.0,-9.0,,,,
1990,5,11,90.0,80.0,,,,,38.0,308.0,300.0,0.0,,,,,0.0,0.0,,68.0,57.92,646.0,,,,,,,,,,82.0,49.0,1.0,999.0,,,,,1.0,,,,,999.0,999.0,,,,
1990,5,12,,,,,,,,,,0.0,,,,,0.0,0.0,,,,,,,,,,,,,,,,,-999.0,,,,,,,,,,-999.0,-999.0,,,,
1990,5,14,70.0,60.0,,,,,34.0,1145.0,1228.0,0.0,,,,,0.0,0.0,,68.0,57.92,673.0,,,,,,,,,,98.0,63.0,9999.0,9999.0,,,,,9999.0,,,,,9999.0,9999.0,,,,
1990,5,15,,,,,,,,,,0.0,,,,,0.0,0.0,,,,,,,,,,,,,,,,-99.0,-99.0,,,,,-99.0,,,,,-99.0,-99.0,,,,
1990,5,16,,,,,,,,,,,,,,,,,,,,,,,,,,,,,,,,99.0,99.0,,,,,99.0,,,,,99.0,99.0,,,,
1990,5,17,80.0,80.0,,,,,41.0,911.0,1354.0,0.0,,,,,0.0,0.0,,66.92,60.08,323.0,,,,360.0,315.0,,,,,87.0,58.0,-9999.0,-9999.0,,,,,-9999.0,,,,,1.0,1.0,,,,
1990,5,18,,,,,,,,,,,,,,,0.0,0.0,,32.0,32.0,,,,,,,,,,,,,-9.0,-9.0,,,,,-9.0,,,,,,,,,,
1990,5,19,70.0,70.0,,,,,31.0,222.0,323.0,0.0,,,,,0.0,0.0,,68.0,60.08,523.0,,,,,,,,,,82.0,49.0,999.0,999.0,,,,,999.0,,,,,999.0,999.0,,,,
1990,5,20,,,,,,,,,,0.0,,,,,0.0,0.0,,,,,,,,,,,,,,,,-999.0,-999.0,,,,,-999.0,,,,,-999.0,-999.0,,,,
1990,5,22,90.0,90.0,,,,,37.0,1231.0,1216.0,0.0,,,,,0.0,0.0,,66.92,60.08,153.0,,,,,,,,,,87.0,54.0,9999.0,9999.0,,,,,9999.0,,,,,9999.0,9999.0,,,,
1990,5,23,,,,,,,,,,0.0,,,,,0.0,0.0,,,,,,,,,,,,,,,,-99.0,-99.0,,,,,-99.0,,,,,-99.0,-99.0,,,,
1990,5,24,,,,,,,,,,,,,,,,,,,,,,,,,,,,,,,,99.0,99.0,,,,,99.0,,,,,99.0,99.0,,,,
1990,5,25,40.0,50.0,,,,,33.0,1128.0,1243.0,0.0,,,,,0.0,0.0,,71.06,55.94,610.0,,,,270.0,315.0,,,,,113.0,76.0,-9999.0,-9999.0,,,,,-9999.0,,,,,-9999.0,-9999.0,,,,
1990,5,26,,,,,,,,,,0.0,,,,,0.0,0.0,,32.0,32.0,,,,,,,,,,,,,-9.0,-9.0,,,,,-9.0,,,,,-9.0,-9.0,,,,
1990,5,27,70.0,60.0,,,,,33.0,324.0,152.0,0.0,,,,,0.0,0.0,,69.98,60.980000000000004,504.0,,,,,,,,,,93.0,45.0,999.0,999.0,,,,,999.0,,,,,999.0,999.0,,,,
1990,5,28,,,,,,,,,,0.0,,,,,0.0,0.0,,,,,,,,,,,,,,,,-999.0,-999.0,,,,,-999.0,,,,,-999.0,-999.0,,,,
1990,5,29,,,,,,,,,,,,,,,,,,,,,,,,,,,,,,,,,,,,,,,,,,,9.0,9.0,,,,
1990,5,30,90.0,100.0,,,,,44.0,1406.0,1432.0,,,,,,0.0,0.0,,64.04,59.0,89.0,,,,,,,,,,98.0,58.0,9999.0,9999.0,,,,,9999.0,,,,,1.0,1.0,,,,
1990,5,31,,,,,,,,,,0.0,,,,,0.0,0.0,,,,,,,,,,,,,,,,-99.0,-99.0,,,,,-99.0,,,,,,,,,,
1990,6,1,30.0,20.0,,,,,40.0,1330.0,1142.0,0.0,,,,,0.0,0.0,,69.98,60.08,731.0,,,,270.0,315.0,,,,,87.0,54.0,-9999.0,,-9999.0,,,,-9999.0,,,,,-9999.0,-9999.0,,,,
1990,6,2,,,,,,,,,,0.0,,,,,0.0,0.0,,32.0,32.0,,,,,,,,,,,,,-9.0,,-9.0,,,,-9.0,,,,,-9.0,-9.0,,,,
1990,6,3,0.0,0.0,,,,,33.0,209.0,330.0,0.0,,,,,0.0,0.0,,75.92,59.0,850.0,,,,,,,,,,77.0,63.0,999.0,,999.0,,,,999.0,,,,,999.0,999.0,,,,
1990,6,4,,,,,,,,,,0.0,,,,,0.0,0.0,,,,,,,,,,,,,,,,-999.0,,-999.0,,,,-999.0,,,,,-999.0,-999.0,,,,
1990,6,5,,,,,,,,,,,,,,,,,,,,,,,,,,,,,,,,,,,,,,9.0,,,,,,,,,,
1990,6,6,0.0,0.0,,,,,29.0,1248.0,1402.0,0.0,,,,,0.0,0.0,,80.96,62.059999999999995,852.0,,,,,,,,,,62.0,45.0,9999.0,,9999.0,,,,1.0,,,,,9999.0,9999.0,,,,
1990,6,7,,,,,,,,,,0.0,,,,,0.0,0.0,,,,,,,,,,,,,,,,,,-99.0,,,,,,,,,-99.0,-99.0,,,,
1990,6,8,,,,,,,,,,,,,,,,,,,,,,,,,,,,,,,,,,99.0,,,,99.0,,,,,99.0,99.0,,,,
1990,6,9,50.0,40.0,,,,,35.0,1802.0,224.0,0.0,,,,,0.0,0.0,,71.06,62.959999999999994,702.0,,,,180.0,315.0,,,,,72.0,54.0,1.0,,-9999.0,,,,1.0,,,,,-9999.0,-9999.0,,,,
1990,6,10,,,,,,,,,,0.0,,,,,0.0,0.0,,32.0,32.0,,,,,,,,,,,,,0.0,,-9.0,,,,0.0,,,,,-9.0,-9.0,,,,
1990,6,11,100.0,100.0,,,,,33.0,150.0,43.0,0.0,,,,,0.0,0.0,,73.04,62.959999999999994,586.0,,,,,,,,,,67.0,40.0,1.0,,999.0,,,,1.0,,,,,999.0,999.0,,,,
1990,6,12,,,,,,,,,,0.0,,,,,0.0,0.0,,,,,,,,,,,,,,,,0.0,,,,,,0.0,,,,,-999.0,,,,,
1990,6,14,90.0,90.0,,,,,31.0,632.0,635.0,97.0,,,,,0.0,0.0,,78.98,66.02,226.0,,,,,,,,,,103.0,63.0,9999.0,,1.0,,,,9999.0,,,,,9999.0,1.0,,,,
1990,6,15,,,,,,,,,,,,,,,0.0,0.0,,,,,,,,,,,,,,,,,,,,,,-99.0,,,,,,0.0,,,,
1990,6,16,,,,,,,,,,,,,,,,,,,,,,,,,,,,,,,,,,99.0,,,,99.0,,,,,,,,,,
1990,6,17,80.0,80.0,,,,,36.0,1441.0,1255.0,0.0,,,,,0.0,0.0,,73.04,64.04,254.0,,,,315.0,315.0,,,,,82.0,63.0,-9999.0,,-9999.0,,,,-9999.0,,,,,1.0,1.0,,,,
1990,6,18,,,,,,,,,,,,,,,0.0,0.0,,32.0,32.0,,,,,,,,,,,,,-9.0,,-9.0,,,,-9.0,,,,,,,,,,
1990,6,19,70.0,50.0,,,,,38.0,316.0,330.0,0.0,,,,,0.0,0.0,,68.0,62.959999999999994,631.0,,,,,,,,,,77.0,49.0,999.0,,999.0,,,,999.0,,,,,999.0,999.0,,,,
1990,6,20,,,,,,,,,,0.0,,,,,0.0,0.0,,,,,,,,,,,,,,,,-999.0,,-999.0,,,,-999.0,,,,,,,,,,
1990,6,22,60.0,40.0,,,,,43.0,1646.0,1323.0,0.0,,,,,0.0,0.0,,68.0,60.980000000000004,574.0,,,,,,,,,,93.0,58.0,9999.0,,9999.0,,,,9999.0,,,,,9999.0,9999.0,,,,
1990,6,23,,,,,,,,,,0.0,,,,,0.0,0.0,,,,,,,,,,,,,,,,-99.0,,-99.0,,,,-99.0,,,,,-99.0,-99.0,,,,
1990,6,24,,,,,,,,,,,,,,,,,,,,,,,,,,,,,,,,99.0,,99.0,,,,99.0,,,,,99.0,99.0,,,,
1990,6,25,60.0,50.0,,,,,34.0,1157.0,1209.0,0.0,,,,,0.0,0.0,,69.98,60.08,678.0,,,,270.0,225.0,,,,,98.0,58.0,-9999.0,,-9999.0,,,,-9999.0,,,,,-9999.0,-9999.0,,,,
1990,6,26,,,,,,,,,,0.0,,,,,0.0,0.0,,32.0,32.0,,,,,,,,,,,,,-9.0,,-9.0,,,,-9.0,,,,,-9.0,-9.0,,,,
1990,6,27,100.0,100.0,,,,,30.0,525.0,47.0,0.0,,,,,0.0,0.0,,66.92,62.059999999999995,0.0,,,,,,,,,,67.0,45.0,999.0,,999.0,,,,999.0,,,,,999.0,999.0,,,,
1990,6,28,,,,,,,,,,0.0,,,,,0.0,0.0,,,,,,,,,,,,,,,,-999.0,,-999.0,,,,,,,,,-999.0,-999.0,,,,
1990,6,30,40.0,30.0,,,,,35.0,1218.0,1151.0,0.0,,,,,0.0,0.0,,71.96,62.059999999999995,662.0,,,,,,,,,,82.0,67.0,9999.0,,9999.0,,,,1.0,,,,,9999.0,9999.0,,,,
1990,6,31,,,,,,,,,,0.0,,,,,0.0,0.0,,,,,,,,,,,,,,,,-99.0,,-99.0,,,,0.0,,,,,-99.0,-99.0,,,,
1990,7,1,40.0,20.0,,,,,37.0,1351.0,1524.0,0.0,,,,,0.0,0.0,,78.08,66.02,667.0,,,,315.0,315.0,,,,,82.0,54.0,1.0,,,,,,1.0,,,,,-9999.0,-9999.0,,,,
1990,7,2,,,,,,,,,,0.0,,,,,0.0,0.0,,32.0,32.0,,,,,,,,,,,,,,,,,,,,,,,,-9.0,-9.0,,,,
1990,7,3,30.0,20.0,,,,,35.0,447.0,619.0,0.0,,,,,0.0,0.0,,77.0,66.92,693.0,,,,,,,,,,77.0,45.0,999.0,,,,,,999.0,,,,,999.0,999.0,,,,
1990,7,4,,,,,,,,,,0.0,,,,,0.0,0.0,,,,,,,,,,,,,,,,-999.0,,,,,,-999.0,,,,,-999.0,-999.0,,,,
1990,7,6,0.0,0.0,,,,,43.0,1309.0,1440.0,0.0,,,,,0.0,0.0,,75.92,64.04,854.0,,,,,,,,,,98.0,76.0,9999.0,,,,,,9999.0,,,,,9999.0,9999.0,,,,
1990,7,7,,,,,,,,,,0.0,,,,,0.0,0.0,,,,,,,,,,,,,,,,-99.0,,,,,,-99.0,,,,,-99.0,-99.0,,,,
1990,7,8,,,,,,,,,,,,,,,,,,,,,,,,,,,,,,,,99.0,,,,,,99.0,,,,,99.0,99.0,,,,
1990,7,9,40.0,30.0,,,,,33.0,1107.0,1134.0,0.0,,,,,0.0,0.0,,75.92,64.94,654.0,,,,270.0,225.0,,,,,82.0,49.0,-9999.0,,,,,,-9999.0,,,,,-9999.0,-9999.0,,,,
1990,7,10,,,,,,,,,,0.0,,,,,0.0,0.0,,32.0,32.0,,,,,,,,,,,,,-9.0,,,,,,-9.0,,,,,-9.0,-9.0,,,,
1990,7,11,90.0,90.0,,,,,50.0,536.0,820.0,0.0,,,,,0.0,0.0,,69.08,62.959999999999994,231.0,,,,,,,,,,87.0,49.0,999.0,,,,,,999.0,,,,,999.0,999.0,,,,
1990,7,12,,,,,,,,,,0.0,,,,,0.0,0.0,,,,,,,,,,,,,,,,-999.0,,,,,,-999.0,,,,,-999.0,-999.0,,,,
1990,7,14,40.0,40.0,,,,,43.0,1432.0,1427.0,0.0,,,,,0.0,0.0,,75.92,66.02,679.0,,,,,,,,,,93.0,67.0,9999.0,,,,,,9999.0,,,,,9999.0,9999.0,,,,
1990,7,15,,,,,,,,,,0.0,,,,,0.0,0.0,,,,,,,,,,,,,,,,-99.0,,,,,,-99.0,,,,,-99.0,-99.0,,,,
1990,7,16,,,,,,,,,,,,,,,,,,,,,,,,,,,,,,,,99.0,,,,,,99.0,,,,,99.0,99.0,,,,
1990,7,17,70.0,80.0,,,,,34.0,1339.0,1714.0,0.0,,,,,0.0,0.0,,84.91999999999999,69.08,750.0,,,,180.0,225.0,,,,,77.0,45.0,-9999.0,,,,,,-9999.0,,,,,-9999.0,-9999.0,,,,
1990,7,18,,,,,,,,,,0.0,,,,,0.0,0.0,,32.0,32.0,,,,,,,,,,,,,-9.0,,,,,,-9.0,,,,,-9.0,-9.0,,,,
1990,7,19,60.0,70.0,,,,,32.0,233.0,155.0,0.0,,,,,0.0,0.0,,82.94,69.98,769.0,,,,,,,,,,72.0,45.0,999.0,,,,,,999.0,,,,,999.0,999.0,,,,
1990,7,20,,,,,,,,,,0.0,,,,,0.0,0.0,,,,,,,,,,,,,,,,-999.0,,,,,,-999.0,,,,,-999.0,,,,,
1990,7,21,,,,,,,,,,,,,,,,,,,,,,,,,,,,,,,,,,,,,,9.0,,,,,,,,,,
1990,7,22,40.0,30.0,,,,,35.0,1405.0,1423.0,0.0,,,,,0.0,0.0,,80.96,69.08,785.0,,,,,,,,,,77.0,49.0,9999.0,,,,,,1.0,,,,,9999.0,9999.0,,,,
1990,7,23,,,,,,,,,,0.0,,,,,0.0,0.0,,,,,,,,,,,,,,,,-99.0,,,,,,0.0,,,,,-99.0,-99.0,,,,
1990,7,24,,,,,,,,,,,,,,,,,,,,,,,,,,,,,,,,99.0,,,,,,,,,,,99.0,99.0,,,,
1990,7,25,40.0,30.0,,,,,35.0,1438.0,1350.0,0.0,,,,,0.0,0.0,,78.98,69.08,623.0,,,,225.0,225.0,,,,,77.0,45.0,-9999.0,,,,,,-9999.0,,,,,-9999.0,-9999.0,,,,
1990,7,26,,,,,,,,,,0.0,,,,,0.0,0.0,,32.0,32.0,,,,,,,,,,,,,-9.0,,,,,,-9.0,,,,,-9.0,-9.0,,,,
1990,7,27,20.0,10.0,,,,,42.0,547.0,124.0,0.0,,,,,0.0,0.0,,80.96,69.98,814.0,,,,,,,,,,93.0,63.0,999.0,,,,,,999.0,,,,,999.0,999.0,,,,
1990,7,28,,,,,,,,,,0.0,,,,,0.0,0.0,,,,,,,,,,,,,,,,-999.0,,,,,,-999.0,,,,,-999.0,-999.0,,,,
1990,7,30,30.0,0.0,,,,,36.0,1409.0,1348.0,0.0,,,,,0.0,0.0,,80.06,69.98,818.0,,,,,,,,,,82.0,63.0,9999.0,,,,,,9999.0,,,,,9999.0,9999.0,,,,
1990,7,31,,,,,,,,,,0.0,,,,,0.0,0.0,,,,,,,,,,,,,,,,,,,,,,,,,,,-99.0,-99.0,,,,
1990,8,1,50.0,20.0,,,,,34.0,1516.0,1525.0,0.0,,,,,0.0,0.0,,73.94,64.94,747.0,,,,225.0,225.0,,,,,82.0,45.0,-9999.0,,-9999.0,,,,-9999.0,,,,,-9999.0,-9999.0,,,,
1990,8,2,,,,,,,,,,0.0,,,,,0.0,0.0,,32.0,32.0,,,,,,,,,,,,,-9.0,,-9.0,,,,-9.0,,,,,-9.0,-9.0,,,,
1990,8,3,70.0,40.0,,,,,36.0,443.0,906.0,0.0,,,,,0.0,0.0,,75.92,66.02,704.0,,,,,,,,,,72.0,49.0,999.0,,999.0,,,,999.0,,,,,999.0,999.0,,,,
1990,8,4,,,,,,,,,,0.0,,,,,0.0,0.0,,,,,,,,,,,,,,,,-999.0,,-999.0,,,,-999.0,,,,,-999.0,-999.0,,,,
1990,8,5,,,,,,,,,,,,,,,,,,,,,,,,,,,,,,,,,,,,,,9.0,,,,,,,,,,
1990,8,6,80.0,70.0,,,,,44.0,1400.0,1324.0,0.0,,,,,0.0,0.0,,75.92,68.0,357.0,,,,,,,,,,103.0,76.0,9999.0,,9999.0,,,,1.0,,,,,9999.0,9999.0,,,,
1990,8,7,,,,,,,,,,0.0,,,,,0.0,0.0,,,,,,,,,,,,,,,,-99.0,,-99.0,,,,0.0,,,,,-99.0,-99.0,,,,
1990,8,8,,,,,,,,,,,,,,,,,,,,,,,,,,,,,,,,99.0,,99.0,,,,,,,,,99.0,99.0,,,,
1990,8,9,60.0,60.0,,,,,33.0,1025.0,1007.0,0.0,,,,,0.0,0.0,,80.06,68.0,727.0,,,,270.0,270.0,,,,,77.0,49.0,-9999.0,,1.0,,,,-9999.0,,,,,-9999.0,-9999.0,,,,
1990,8,10,,,,,,,,,,0.0,,,,,0.0,0.0,,32.0,32.0,,,,,,,,,,,,,-9.0,,0.0,,,,-9.0,,,,,-9.0,,,,,
1990,8,11,60.0,60.0,,,,,34.0,844.0,12.0,,,,,,0.0,0.0,,80.06,69.98,628.0,,,,,,,,,,82.0,49.0,999.0,,1.0,,,,999.0,,,,,999.0,1.0,,,,
1990,8,12,,,,,,,,,,0.0,,,,,0.0,0.0,,,,,,,,,,,,,,,,-999.0,,,,,,,,,,,,0.0,,,,
1990,8,14,70.0,60.0,,,,,38.0,1116.0,1059.0,0.0,,,,,0.0,0.0,,77.0,69.08,512.0,,,,,,,,,,98.0,58.0,9999.0,,9999.0,,,,9999.0,,,,,9999.0,9999.0,,,,
1990,8,15,,,,,,,,,,0.0,,,,,0.0,0.0,,,,,,,,,,,,,,,,-99.0,,-99.0,,,,-99.0,,,,,-99.0,-99.0,,,,
1990,8,16,,,,,,,,,,,,,,,,,,,,,,,,,,,,,,,,99.0,,99.0,,,,99.0,,,,,99.0,99.0,,,,
1990,8,17,70.0,60.0,,,,,38.0,1513.0,1637.0,0.0,,,,,0.0,0.0,,78.98,69.08,444.0,,,,360.0,315.0,,,,,118.0,72.0,-9999.0,,-9999.0,,,,-9999.0,,,,,-9999.0,-9999.0,,,,
1990,8,18,,,,,,,,,,0.0,,,,,0.0,0.0,,32.0,32.0,,,,,,,,,,,,,-9.0,,-9.0,,,,,,,,,-9.0,-9.0,,,,
1990,8,19,70.0,50.0,,,,,36.0,344.0,603.0,0.0,,,,,0.0,0.0,,78.98,68.0,370.0,,,,,,,,,,82.0,49.0,999.0,,999.0,,,,1.0,,,,,999.0,999.0,,,,
1990,8,20,,,,,,,,,,0.0,,,,,0.0,0.0,,,,,,,,,,,,,,,,-999.0,,-999.0,,,,,,,,,,,,,,
1990,8,21,,,,,,,,,,,,,,,,,,,,,,,,,,,,,,,,,,,,,,9.0,,,,,,,,,,
1990,8,22,100.0,100.0,,,,,31.0,1000.0,1608.0,3.0,,,,,0.0,0.0,,71.96,66.92,0.0,,,,,,,,,,62.0,36.0,9999.0,,9999.0,,,,1.0,,,,,1.0,1.0,,,,
1990,8,23,,,,,,,,,,0.0,,,,,0.0,0.0,,,,,,,,,,,,,,,,-99.0,,-99.0,,,,,,,,,,0.0,,,,
1990,8,24,,,,,,,,,,,,,,,,,,,,,,,,,,,,,,,,99.0,,99.0,,,,99.0,,,,,,,,,,
1990,8,25,50.0,50.0,,,,,39.0,1420.0,1311.0,0.0,,,,,0.0,0.0,,78.08,68.0,505.0,,,,270.0,315.0,,,,,98.0,72.0,-9999.0,,-9999.0,,,,-9999.0,,,,,-9999.0,-9999.0,,,,
1990,8,26,,,,,,,,,,0.0,,,,,0.0,0.0,,32.0,32.0,,,,,,,,,,,,,-9.0,,-9.0,,,,-9.0,,,,,-9.0,-9.0,,,,
1990,8,27,80.0,70.0,,,,,31.0,416.0,455.0,0.0,,,,,0.0,0.0,,75.92,68.0,352.0,,,,,,,,,,82.0,45.0,999.0,,999.0,,,,999.0,,,,,999.0,999.0,,,,
1990,8,28,,,,,,,,,,0.0,,,,,0.0,0.0,,,,,,,,,,,,,,,,-999.0,,-999.0,,,,,,,,,-999.0,-999.0,,,,
1990,8,30,70.0,50.0,,,,,37.0,1149.0,1442.0,0.0,,,,,0.0,0.0,,73.94,66.02,648.0,,,,,,,,,,82.0,49.0,9999.0,,9999.0,,,,9999.0,,,,,9999.0,9999.0,,,,
1990,8,31,,,,,,,,,,0.0,,,,,0.0,0.0,,,,,,,,,,,,,,,,-99.0,,-99.0,,,,-99.0,,,,,-99.0,-99.0,,,,
1990,9,1,50.0,30.0,,,,,33.0,1324.0,1156.0,0.0,,,,,0.0,0.0,,77.0,66.92,690.0,,,,225.0,225.0,,,,,82.0,49.0,-9999.0,-9999.0,,,,,-9999.0,,,,,-9999.0,-9999.0,,,,
1990,9,2,,,,,,,,,,0.0,,,,,0.0,0.0,,32.0,32.0,,,,,,,,,,,,,,-9.0,,,,,,,,,,-9.0,-9.0,,,,
1990,9,3,50.0,30.0,,,,,34.0,746.0,315.0,0.0,,,,,0.0,0.0,,75.02,66.02,697.0,,,,,,,,,,87.0,54.0,1.0,999.0,,,,,1.0,,,,,999.0,999.0,,,,
1990,9,4,,,,,,,,,,0.0,,,,,0.0,0.0,,,,,,,,,,,,,,,,,-999.0,,,,,0.0,,,,,-999.0,-999.0,,,,
1990,9,5,,,,,,,,,,,,,,,,,,,,,,,,,,,,,,,,9.0,,,,,,,,,,,,,,,,
1990,9,6,20.0,20.0,,,,,31.0,1208.0,1338.0,0.0,,,,,0.0,0.0,,78.98,66.02,719.0,,,,,,,,,,82.0,45.0,1.0,9999.0,,,,,1.0,,,,,9999.0,9999.0,,,,
1990,9,7,,,,,,,,,,0.0,,,,,0.0,0.0,,,,,,,,,,,,,,,,0.0,-99.0,,,,,0.0,,,,,-99.0,-99.0,,,,
1990,9,8,,,,,,,,,,,,,,,,,,,,,,,,,,,,,,,,,99.0,,,,,,,,,,99.0,99.0,,,,
1990,9,9,20.0,0.0,,,,,37.0,1325.0,1338.0,0.0,,,,,0.0,0.0,,82.04,71.06,762.0,,,,315.0,315.0,,,,,82.0,63.0,1.0,-9999.0,,,,,1.0,,,,,-9999.0,-9999.0,,,,
1990,9,10,,,,,,,,,,0.0,,,,,0.0,0.0,,32.0,32.0,,,,,,,,,,,,,,-9.0,,,,,,,,,,-9.0,-9.0,,,,
1990,9,11,0.0,0.0,,,,,35.0,320.0,204.0,0.0,,,,,0.0,0.0,,84.02,69.08,760.0,,,,,,,,,,87.0,54.0,999.0,999.0,,,,,999.0,,,,,999.0,999.0,,,,
1990,9,12,,,,,,,,,,0.0,,,,,0.0,0.0,,,,,,,,,,,,,,,,-999.0,-999.0,,,,,-999.0,,,,,-999.0,-999.0,,,,
1990,9,13,,,,,,,,,,,,,,,,,,,,,,,,,,,,,,,,9.0,,,,,,9.0,,,,,,,,,,
1990,9,14,10.0,10.0,,,,,31.0,1405.0,1400.0,0.0,,,,,0.0,0.0,,84.02,68.0,735.0,,,,,,,,,,77.0,58.0,1.0,9999.0,,,,,1.0,,,,,9999.0,9999.0,,,,
1990,9,15,,,,,,,,,,0.0,,,,,0.0,0.0,,,,,,,,,,,,,,,,0.0,-99.0,,,,,,,,,,-99.0,-99.0,,,,
1990,9,16,,,,,,,,,,,,,,,,,,,,,,,,,,,,,,,,,99.0,,,,,99.0,,,,,99.0,99.0,,,,
1990,9,17,10.0,10.0,,,,,42.0,1244.0,1248.0,0.0,,,,,0.0,0.0,,84.91999999999999,66.02,752.0,,,,315.0,315.0,,,,,98.0,80.0,-9999.0,-9999.0,,,,,-9999.0,,,,,-9999.0,-9999.0,,,,
1990,9,18,,,,,,,,,,0.0,,,,,0.0,0.0,,32.0,32.0,,,,,,,,,,,,,,,,,,,-9.0,,,,,-9.0,-9.0,,,,
1990,9,19,40.0,30.0,,,,,29.0,310.0,853.0,0.0,,,,,0.0,0.0,,80.06,62.959999999999994,695.0,,,,,,,,,,72.0,49.0,1.0,1.0,,,,,999.0,,,,,999.0,999.0,,,,
1990,9,20,,,,,,,,,,0.0,,,,,0.0,0.0,,,,,,,,,,,,,,,,0.0,,,,,,,,,,,,,,,,
1990,9,22,50.0,60.0,,,,,30.0,1254.0,1449.0,0.0,,,,,0.0,0.0,,75.02,64.94,614.0,,,,,,,,,,77.0,40.0,1.0,9999.0,,,,,9999.0,,,,,9999.0,9999.0,,,,
1990,9,23,,,,,,,,,,0.0,,,,,0.0,0.0,,,,,,,,,,,,,,,,0.0,-99.0,,,,,,,,,,-99.0,-99.0,,,,
1990,9,24,,,,,,,,,,,,,,,,,,,,,,,,,,,,,,,,,99.0,,,,,,,,,,99.0,99.0,,,,
1990,9,25,70.0,60.0,,,,,31.0,1138.0,1121.0,0.0,,,,,0.0,0.0,,73.04,64.94,493.0,,,,225.0,225.0,,,,,72.0,40.0,-9999.0,-9999.0,,,,,-9999.0,,,,,-9999.0,-9999.0,,,,
1990,9,26,,,,,,,,,,0.0,,,,,0.0,0.0,,32.0,32.0,,,,,,,,,,,,,-9.0,-9.0,,,,,-9.0,,,,,-9.0,-9.0,,,,
1990,9,27,70.0,50.0,,,,,35.0,346.0,727.0,0.0,,,,,0.0,0.0,,73.04,64.94,503.0,,,,,,,,,,93.0,45.0,999.0,999.0,,,,,999.0,,,,,999.0,999.0,,,,
1990,9,28,,,,,,,,,,0.0,,,,,0.0,0.0,,,,,,,,,,,,,,,,-999.0,-999.0,,,,,-999.0,,,,,-999.0,-999.0,,,,
1990,9,30,70.0,60.0,,,,,41.0,1345.0,1347.0,0.0,,,,,0.0,0.0,,71.96,66.02,370.0,,,,,,,,,,93.0,54.0,9999.0,9999.0,,,,,9999.0,,,,,9999.0,9999.0,,,,
1990,9,31,,,,,,,,,,0.0,,,,,0.0,0.0,,,,,,,,,,,,,,,,-99.0,-99.0,,,,,-99.0,,,,,-99.0,-99.0,,,,
1990,10,1,90.0,90.0,,,,,34.0,417.0,419.0,0.0,,,,,0.0,0.0,,73.94,66.92,86.0,,,,180.0,180.0,,,,,82.0,49.0,-9999.0,-9999.0,,,,,-9999.0,,,,,-9999.0,1.0,,,,
1990,10,2,,,,,,,,,,,,,,,0.0,0.0,,32.0,32.0,,,,,,,,,,,,,-9.0,-9.0,,,,,-9.0,,,,,-9.0,,,,,
1990,10,3,100.0,100.0,,,,,28.0,349.0,311.0,0.0,,,,,0.0,0.0,,73.04,66.92,14.0,,,,,,,,,,67.0,36.0,999.0,999.0,,,,,999.0,,,,,999.0,999.0,,,,
1990,10,4,,,,,,,,,,0.0,,,,,0.0,0.0,,,,,,,,,,,,,,,,-999.0,-999.0,,,,,-999.0,,,,,-999.0,-999.0,,,,
1990,10,5,,,,,,,,,,,,,,,,,,,,,,,,,,,,,,,,9.0,,,,,,9.0,,,,,,,,,,
1990,10,6,10.0,0.0,,,,,34.0,1335.0,1312.0,0.0,,,,,0.0,0.0,,84.02,62.959999999999994,706.0,,,,,,,,,,87.0,58.0,1.0,9999.0,,,,,1.0,,,,,9999.0,9999.0,,,,
1990,10,7,,,,,,,,,,0.0,,,,,0.0,0.0,,,,,,,,,,,,,,,,0.0,-99.0,,,,,0.0,,,,,-99.0,-99.0,,,,
1990,10,8,,,,,,,,,,,,,,,,,,,,,,,,,,,,,,,,,99.0,,,,,,,,,,99.0,99.0,,,,
1990,10,9,90.0,100.0,,,,,34.0,1541.0,1413.0,0.0,,,,,0.0,0.0,,73.04,66.02,451.0,,,,315.0,315.0,,,,,82.0,58.0,-9999.0,-9999.0,,,,,-9999.0,,,,,-9999.0,-9999.0,,,,
1990,10,10,,,,,,,,,,0.0,,,,,0.0,0.0,,32.0,32.0,,,,,,,,,,,,,-9.0,-9.0,,,,,-9.0,,,,,-9.0,-9.0,,,,
1990,10,11,70.0,90.0,,,,,31.0,709.0,525.0,0.0,,,,,0.0,0.0,,73.04,64.04,277.0,,,,,,,,,,72.0,40.0,999.0,999.0,,,,,999.0,,,,,999.0,999.0,,,,
1990,10,12,,,,,,,,,,0.0,,,,,0.0,0.0,,,,,,,,,,,,,,,,-999.0,-999.0,,,,,-999.0,,,,,-999.0,-999.0,,,,
1990,10,14,0.0,0.0,,,,,30.0,1418.0,1418.0,0.0,,,,,0.0,0.0,,89.96000000000001,57.92,695.0,,,,,,,,,,98.0,76.0,9999.0,9999.0,,,,,9999.0,,,,,9999.0,9999.0,,,,
1990,10,15,,,,,,,,,,0.0,,,,,0.0,0.0,,,,,,,,,,,,,,,,-99.0,-99.0,,,,,-99.0,,,,,-99.0,-99.0,,,,
1990,10,16,,,,,,,,,,,,,,,,,,,,,,,,,,,,,,,,99.0,99.0,,,,,99.0,,,,,99.0,99.0,,,,
1990,10,17,20.0,0.0,,,,,27.0,1255.0,1340.0,0.0,,,,,0.0,0.0,,77.0,55.94,657.0,,,,270.0,270.0,,,,,77.0,40.0,1.0,-9999.0,,,,,-9999.0,,,,,-9999.0,-9999.0,,,,
1990,10,18,,,,,,,,,,0.0,,,,,0.0,0.0,,32.0,32.0,,,,,,,,,,,,,0.0,-9.0,,,,,,,,,,-9.0,-9.0,,,,
1990,10,19,30.0,20.0,,,,,32.0,332.0,449.0,0.0,,,,,0.0,0.0,,73.94,60.08,614.0,,,,,,,,,,82.0,54.0,1.0,999.0,,,,,1.0,,,,,999.0,999.0,,,,
1990,10,20,,,,,,,,,,0.0,,,,,0.0,0.0,,,,,,,,,,,,,,,,0.0,-999.0,,,,,0.0,,,,,-999.0,-999.0,,,,
1990,10,22,70.0,40.0,,,,,33.0,1230.0,1444.0,0.0,,,,,0.0,0.0,,71.96,64.04,446.0,,,,,,,,,,72.0,36.0,9999.0,9999.0,,,,,1.0,,,,,9999.0,9999.0,,,,
1990,10,23,,,,,,,,,,0.0,,,,,0.0,0.0,,,,,,,,,,,,,,,,-99.0,-99.0,,,,,0.0,,,,,-99.0,-99.0,,,,
1990,10,24,,,,,,,,,,,,,,,,,,,,,,,,,,,,,,,,99.0,99.0,,,,,,,,,,99.0,99.0,,,,
1990,10,25,90.0,80.0,,,,,35.0,1324.0,1307.0,0.0,,,,,0.0,0.0,,73.04,66.02,414.0,,,,270.0,270.0,,,,,72.0,40.0,1.0,-9999.0,,,,,1.0,,,,,-9999.0,-9999.0,,,,
1990,10,26,,,,,,,,,,0.0,,,,,0.0,0.0,,32.0,32.0,,,,,,,,,,,,,,-9.0,,,,,0.0,,,,,-9.0,-9.0,,,,
1990,10,27,90.0,80.0,,,,,31.0,504.0,735.0,0.0,,,,,0.0,0.0,,73.04,64.94,507.0,,,,,,,,,,72.0,40.0,999.0,999.0,,,,,1.0,,,,,999.0,999.0,,,,
1990,10,28,,,,,,,,,,0.0,,,,,0.0,0.0,,,,,,,,,,,,,,,,-999.0,-999.0,,,,,0.0,,,,,-999.0,-999.0,,,,
1990,10,29,,,,,,,,,,,,,,,,,,,,,,,,,,,,,,,,9.0,,,,,,,,,,,9.0,9.0,,,,
1990,10,30,80.0,80.0,,,,,40.0,1707.0,1629.0,,,,,,0.0,0.0,,73.04,64.04,221.0,,,,,,,,,,77.0,54.0,1.0,9999.0,,,,,9999.0,,,,,1.0,1.0,,,,
1990,10,31,,,,,,,,,,0.0,,,,,0.0,0.0,,,,,,,,,,,,,,,,,-99.0,,,,,-99.0,,,,,,,,,,
1990,11,1,60.0,60.0,,,,,40.0,1418.0,1408.0,5.0,,,,,0.0,0.0,,69.08,59.0,472.0,,,,225.0,270.0,,,,,93.0,49.0,1.0,-9999.0,,,,,-9999.0,,,,,-9999.0,1.0,,,,
1990,11,2,,,,,,,,,,0.0,,,,,0.0,0.0,,32.0,32.0,,,,,,,,,,,,,,-9.0,,,,,-9.0,,,,,-9.0,,,,,
1990,11,3,10.0,10.0,,,,,40.0,308.0,131.0,0.0,,,,,0.0,0.0,,69.08,55.04,583.0,,,,,,,,,,103.0,72.0,999.0,999.0,,,,,999.0,,,,,999.0,999.0,,,,
1990,11,4,,,,,,,,,,0.0,,,,,0.0,0.0,,,,,,,,,,,,,,,,-999.0,-999.0,,,,,-999.0,,,,,-999.0,-999.0,,,,
1990,11,6,0.0,0.0,,,,,26.0,1416.0,1357.0,0.0,,,,,0.0,0.0,,73.04,51.08,647.0,,,,,,,,,,93.0,67.0,9999.0,9999.0,,,,,9999.0,,,,,9999.0,9999.0,,,,
1990,11,7,,,,,,,,,,0.0,,,,,0.0,0.0,,,,,,,,,,,,,,,,-99.0,-99.0,,,,,-99.0,,,,,-99.0,-99.0,,,,
1990,11,8,,,,,,,,,,,,,,,,,,,,,,,,,,,,,,,,99.0,99.0,,,,,99.0,,,,,99.0,99.0,,,,
1990,11,9,40.0,40.0,,,,,34.0,1456.0,1446.0,0.0,,,,,0.0,0.0,,69.98,55.94,585.0,,,,315.0,315.0,,,,,77.0,54.0,-9999.0,-9999.0,,,,,-9999.0,,,,,-9999.0,-9999.0,,,,
1990,11,10,,,,,,,,,,0.0,,,,,0.0,0.0,,32.0,32.0,,,,,,,,,,,,,-9.0,-9.0,,,,,-9.0,,,,,-9.0,-9.0,,,,
1990,11,11,0.0,0.0,,,,,46.0,507.0,235.0,0.0,,,,,0.0,0.0,,71.96,53.06,642.0,,,,,,,,,,108.0,80.0,999.0,999.0,,,,,999.0,,,,,999.0,999.0,,,,
1990,11,12,,,,,,,,,,0.0,,,,,0.0,0.0,,,,,,,,,,,,,,,,-999.0,-999.0,,,,,-999.0,,,,,-999.0,-999.0,,,,
1990,11,14,0.0,0.0,,,,,26.0,1617.0,1558.0,0.0,,,,,0.0,0.0,,80.96,51.98,639.0,,,,,,,,,,108.0,76.0,9999.0,9999.0,,,,,9999.0,,,,,9999.0,9999.0,,,,
1990,11,15,,,,,,,,,,0.0,,,,,0.0,0.0,,,,,,,,,,,,,,,,-99.0,-99.0,,,,,-99.0,,,,,-99.0,-99.0,,,,
1990,11,16,,,,,,,,,,,,,,,,,,,,,,,,,,,,,,,,99.0,99.0,,,,,99.0,,,,,99.0,99.0,,,,
1990,11,17,70.0,90.0,,,,,18.0,1523.0,2154.0,0.0,,,,,0.0,0.0,,84.02,55.04,547.0,,,,225.0,315.0,,,,,51.0,36.0,-9999.0,-9999.0,,,,,-9999.0,,,,,-9999.0,-9999.0,,,,
1990,11,18,,,,,,,,,,0.0,,,,,0.0,0.0,,32.0,32.0,,,,,,,,,,,,,-9.0,-9.0,,,,,-9.0,,,,,-9.0,-9.0,,,,
1990,11,19,70.0,90.0,,,,,26.0,700.0,107.0,0.0,,,,,0.0,0.0,,80.96,60.980000000000004,495.0,,,,,,,,,,72.0,49.0,999.0,999.0,,,,,999.0,,,,,999.0,999.0,,,,
1990,11,20,,,,,,,,,,0.0,,,,,0.0,0.0,,,,,,,,,,,,,,,,,-999.0,,,,,,,,,,-999.0,-999.0,,,,
1990,11,22,40.0,60.0,,,,,30.0,1558.0,1321.0,0.0,,,,,0.0,0.0,,73.04,55.04,615.0,,,,,,,,,,72.0,49.0,1.0,9999.0,,,,,1.0,,,,,9999.0,9999.0,,,,
1990,11,23,,,,,,,,,,0.0,,,,,0.0,0.0,,,,,,,,,,,,,,,,0.0,,,,,,0.0,,,,,-99.0,-99.0,,,,
1990,11,24,,,,,,,,,,,,,,,,,,,,,,,,,,,,,,,,,,,,,,,,,,,99.0,99.0,,,,
1990,11,25,70.0,90.0,,,,,26.0,1237.0,1246.0,0.0,,,,,0.0,0.0,,73.04,55.94,245.0,,,,315.0,315.0,,,,,82.0,63.0,1.0,-9999.0,,,,,1.0,,,,,-9999.0,-9999.0,,,,
1990,11,26,,,,,,,,,,0.0,,,,,0.0,0.0,,32.0,32.0,,,,,,,,,,,,,,-9.0,,,,,,,,,,-9.0,-9.0,,,,
1990,11,27,50.0,40.0,,,,,26.0,302.0,319.0,0.0,,,,,0.0,0.0,,69.08,57.02,507.0,,,,,,,,,,77.0,58.0,999.0,999.0,,,,,999.0,,,,,999.0,999.0,,,,
1990,11,28,,,,,,,,,,0.0,,,,,0.0,0.0,,,,,,,,,,,,,,,,-999.0,-999.0,,,,,,,,,,-999.0,-999.0,,,,
1990,11,29,,,,,,,,,,,,,,,,,,,,,,,,,,,,,,,,9.0,,,,,,,,,,,,9.0,,,,
1990,11,30,100.0,100.0,,,,,42.0,2038.0,2043.0,84.0,,,,,0.0,0.0,,66.02,57.92,3.0,,,,,,,,,,144.0,103.0,1.0,9999.0,,,,,9999.0,,,,,9999.0,1.0,,,,
1990,11,31,,,,,,,,,,0.0,,,,,0.0,0.0,,,,,,,,,,,,,,,,,-99.0,,,,,-99.0,,,,,-99.0,0.0,,,,
1990,12,1,20.0,10.0,,,,,22.0,1525.0,1549.0,0.0,,,,,0.0,0.0,,68.0,46.04,575.0,,,,315.0,315.0,,,,,67.0,54.0,,,,,,,,,,,,,-9999.0,,,,
1990,12,2,,,,,,,,,,0.0,,,,,0.0,0.0,,32.0,32.0,,,,,,,,,,,,,,,,,,,,,,,,,-9.0,,,,
1990,12,3,0.0,0.0,,,,,21.0,255.0,316.0,0.0,,,,,0.0,0.0,,73.04,46.04,608.0,,,,,,,,,,77.0,63.0,,,,,,,,,,,,,999.0,,,,
1990,12,4,,,,,,,,,,0.0,,,,,0.0,0.0,,,,,,,,,,,,,,,,,,,,,,,,,,,,-999.0,,,,
1990,12,6,20.0,10.0,,,,,24.0,1415.0,1418.0,0.0,,,,,0.0,0.0,,73.04,44.96,565.0,,,,,,,,,,82.0,58.0,,,,,,,,,,,,,9999.0,,,,
1990,12,7,,,,,,,,,,0.0,,,,,0.0,0.0,,,32.0,,,,,,,,,,,,,,,,,,,,,,,,,-99.0,,,,
1990,12,8,,,,,,,,,,,,,,,,,,,,,,,,,,,,,,,,,,,,,,,,,,,,99.0,,,,
1990,12,9,0.0,0.0,,,,,23.0,1400.0,1434.0,0.0,,,,,0.0,0.0,,77.0,46.04,606.0,,,,315.0,315.0,,,,,67.0,49.0,,,,,,,,,,,,,-9999.0,,,,
1990,12,10,,,,,,,,,,0.0,,,,,0.0,0.0,,32.0,32.0,,,,,,,,,,,,,,,,,,,,,,,,,-9.0,,,,
1990,12,11,60.0,90.0,,,,,25.0,154.0,426.0,0.0,,,,,0.0,0.0,,78.98,44.96,516.0,,,,,,,,,,67.0,54.0,,,,,,,,,,,,,999.0,,,,
1990,12,12,,,,,,,,,,0.0,,,,,0.0,0.0,,,,,,,,,,,,,,,,,,,,,,,,,,,,-999.0,,,,
1990,12,14,0.0,0.0,,,,,17.0,1221.0,1225.0,0.0,,,,,0.0,0.0,,75.92,46.94,604.0,,,,,,,,,,57.0,45.0,,,,,,,,,,,,,9999.0,,,,
1990,12,15,,,,,,,,,,0.0,,,,,0.0,0.0,,,32.0,,,,,,,,,,,,,,,,,,,,,,,,,-99.0,,,,
1990,12,16,,,,,,,,,,,,,,,,,,,,,,,,,,,,,,,,,,,,,,,,,,,,99.0,,,,
1990,12,17,70.0,80.0,,,,,20.0,1541.0,1331.0,0.0,,,,,0.0,0.0,,71.06,48.92,415.0,,,,225.0,270.0,,,,,57.0,31.0,,,,,,,,,,,,,1.0,,,,
1990,12,18,,,,,,,,,,,,,,,0.0,0.0,,32.0,32.0,,,,,,,,,,,,,,,,,,,,,,,,,,,,,
1990,12,19,90.0,80.0,,,,,28.0,331.0,305.0,0.0,,,,,0.0,0.0,,64.94,55.94,289.0,,,,,,,,,,103.0,58.0,,,,,,,,,,,,,999.0,,,,
1990,12,20,,,,,,,,,,0.0,,,,,0.0,0.0,,,,,,,,,,,,,,,,,,,,,,,,,,,,-999.0,,,,
1990,12,22,60.0,80.0,,,,,22.0,1347.0,1214.0,0.0,,,,,0.0,0.0,,64.04,50.0,498.0,,,,,,,,,,72.0,54.0,,,,,,,,,,,,,9999.0,,,,
1990,12,23,,,,,,,,,,0.0,,,,,0.0,0.0,,,32.0,,,,,,,,,,,,,,,,,,,,,,,,,,,,,
1990,12,25,50.0,50.0,,,,,42.0,1100.0,1107.0,0.0,,,,,0.0,0.0,,60.08,51.08,415.0,,,,315.0,315.0,,,,,113.0,72.0,,,,,,,,,,,,,-9999.0,,,,
1990,12,26,,,,,,,,,,0.0,,,,,0.0,0.0,,32.0,32.0,,,,,,,,,,,,,,,,,,,,,,,,,-9.0,,,,
1990,12,27,0.0,0.0,,,,,23.0,627.0,220.0,0.0,,,,,0.0,0.0,,62.959999999999994,46.04,600.0,,,,,,,,,,67.0,45.0,,,,,,,,,,,,,999.0,,,,
1990,12,28,,,,,,,,,,0.0,,,,,0.0,0.0,,,,,,,,,,,,,,,,,,,,,,,,,,,,-999.0,,,,
1990,12,29,,,,,,,,,,,,,,,,,,,,,,,,,,,,,,,,,,,,,,,,,,,,9.0,,,,
1990,12,30,90.0,90.0,,,,,64.0,1828.0,1417.0,66.0,,,,,0.0,0.0,,62.959999999999994,51.98,80.0,,,,,,,,,,144.0,94.0,,,,,,,,,,,,,1.0,,,,
1990,12,31,,,,,,,,,,0.0,,,,,0.0,0.0,,,32.0,,,,,,,,,,,,,,,,,,,,,,,,,0.0,,,,
1991,1,1,80.0,60.0,,,,,20.0,1357.0,1246.0,0.0,,,,,0.0,0.0,,68.0,44.06,491.0,,,,270.0,315.0,,,,,57.0,40.0,-9999.0,-9999.0,,,,,-9999.0,,,,,,-9999.0,,,,
1991,1,2,,,,,,,,,,0.0,,,,,0.0,0.0,,32.0,32.0,,,,,,,,,,,,,-9.0,-9.0,,,,,-9.0,,,,,,-9.0,,,,
1991,1,3,100.0,100.0,,,,,21.0,449.0,448.0,0.0,,,,,0.0,0.0,,69.08,55.04,253.0,,,,,,,,,,51.0,45.0,999.0,999.0,,,,,999.0,,,,,,999.0,,,,
1991,1,4,,,,,,,,,,,,,,,0.0,0.0,,,,,,,,,,,,,,,,,-999.0,,,,,,,,,,,,,,,
1991,1,6,90.0,100.0,,,,,33.0,1248.0,608.0,81.0,,,,,0.0,0.0,,62.059999999999995,57.02,39.0,,,,,,,,,,77.0,45.0,1.0,9999.0,,,,,9999.0,,,,,,1.0,,,,
1991,1,7,,,,,,,,,,0.0,,,,,0.0,0.0,,,,,,,,,,,,,,,,0.0,-99.0,,,,,-99.0,,,,,,,,,,
1991,1,8,,,,,,,,,,,,,,,,,,,,,,,,,,,,,,,,,99.0,,,,,99.0,,,,,,99.0,,,,
1991,1,9,90.0,100.0,,,,,25.0,1416.0,1414.0,0.0,,,,,0.0,0.0,,64.94,55.04,267.0,,,,315.0,315.0,,,,,62.0,49.0,-9999.0,-9999.0,,,,,1.0,,,,,,-9999.0,,,,
1991,1,10,,,,,,,,,,0.0,,,,,0.0,0.0,,32.0,32.0,,,,,,,,,,,,,,,,,,,0.0,,,,,,-9.0,,,,
1991,1,11,70.0,90.0,,,,,27.0,452.0,446.0,0.0,,,,,0.0,0.0,,64.94,48.02,497.0,,,,,,,,,,113.0,76.0,1.0,1.0,,,,,1.0,,,,,,999.0,,,,
1991,1,12,,,,,,,,,,0.0,,,,,0.0,0.0,,,,,,,,,,,,,,,,,,,,,,0.0,,,,,,-999.0,,,,
1991,1,13,,,,,,,,,,,,,,,,,,,,,,,,,,,,,,,,9.0,,,,,,,,,,,,9.0,,,,
1991,1,14,70.0,90.0,,,,,34.0,1248.0,1346.0,69.0,,,,,0.0,0.0,,60.08,53.06,151.0,,,,,,,,,,108.0,63.0,1.0,9999.0,,,,,1.0,,,,,,1.0,,,,
1991,1,15,,,,,,,,,,0.0,,,,,0.0,0.0,,,32.0,,,,,,,,,,,,,,-99.0,,,,,,,,,,,,,,,
1991,1,16,,,,,,,,,,,,,,,,,,,,,,,,,,,,,,,,99.0,99.0,,,,,99.0,,,,,,99.0,,,,
1991,1,17,40.0,80.0,,,,,27.0,1601.0,1532.0,0.0,,,,,0.0,0.0,,64.04,46.94,470.0,,,,315.0,315.0,,,,,87.0,72.0,-9999.0,-9999.0,,,,,1.0,,,,,,-9999.0,,,,
1991,1,18,,,,,,,,,,0.0,,,,,0.0,0.0,,32.0,32.0,,,,,,,,,,,,,,-9.0,,,,,0.0,,,,,,-9.0,,,,
1991,1,19,30.0,60.0,,,,,26.0,405.0,403.0,0.0,,,,,0.0,0.0,,64.94,48.02,579.0,,,,,,,,,,77.0,63.0,1.0,999.0,,,,,1.0,,,,,,999.0,,,,
1991,1,20,,,,,,,,,,0.0,,,,,0.0,0.0,,,,,,,,,,,,,,,,0.0,-999.0,,,,,0.0,,,,,,-999.0,,,,
1991,1,22,10.0,10.0,,,,,22.0,1550.0,1541.0,0.0,,,,,0.0,0.0,,78.98,48.92,561.0,,,,,,,,,,67.0,49.0,9999.0,9999.0,,,,,1.0,,,,,,9999.0,,,,
1991,1,23,,,,,,,,,,0.0,,,,,0.0,0.0,,,,,,,,,,,,,,,,-99.0,-99.0,,,,,,,,,,,-99.0,,,,
1991,1,24,,,,,,,,,,,,,,,,,,,,,,,,,,,,,,,,99.0,99.0,,,,,99.0,,,,,,99.0,,,,
1991,1,25,0.0,0.0,,,,,45.0,1354.0,1402.0,0.0,,,,,0.0,0.0,,73.04,50.0,614.0,,,,315.0,315.0,,,,,129.0,94.0,-9999.0,-9999.0,,,,,-9999.0,,,,,,-9999.0,,,,
1991,1,26,,,,,,,,,,0.0,,,,,0.0,0.0,,32.0,32.0,,,,,,,,,,,,,-9.0,-9.0,,,,,-9.0,,,,,,-9.0,,,,
1991,1,27,10.0,30.0,,,,,26.0,348.0,402.0,0.0,,,,,0.0,0.0,,73.04,50.0,603.0,,,,,,,,,,108.0,76.0,999.0,999.0,,,,,999.0,,,,,,999.0,,,,
1991,1,28,,,,,,,,,,0.0,,,,,0.0,0.0,,,,,,,,,,,,,,,,-999.0,-999.0,,,,,-999.0,,,,,,-999.0,,,,
1991,1,30,10.0,20.0,,,,,30.0,1326.0,2124.0,0.0,,,,,0.0,0.0,,64.94,48.02,575.0,,,,,,,,,,67.0,45.0,9999.0,9999.0,,,,,9999.0,,,,,,9999.0,,,,
1991,1,31,,,,,,,,,,0.0,,,,,0.0,0.0,,,32.0,,,,,,,,,,,,,-99.0,-99.0,,,,,-99.0,,,,,,-99.0,,,,
1991,2,1,50.0,40.0,,,,,21.0,1159.0,1207.0,0.0,,,,,0.0,0.0,,68.0,46.94,622.0,,,,315.0,315.0,,,,,82.0,63.0,1.0,-9999.0,-9999.0,,,,1.0,,,,,-9999.0,-9999.0,,,,
1991,2,2,,,,,,,,,,0.0,,,,,0.0,0.0,,32.0,32.0,,,,,,,,,,,,,0.0,-9.0,-9.0,,,,0.0,,,,,-9.0,-9.0,,,,
1991,2,3,50.0,80.0,,,,,27.0,507.0,524.0,0.0,,,,,0.0,0.0,,66.92,44.96,456.0,,,,,,,,,,77.0,58.0,1.0,999.0,999.0,,,,1.0,,,,,999.0,999.0,,,,
1991,2,4,,,,,,,,,,0.0,,,,,0.0,0.0,,,,,,,,,,,,,,,,0.0,-999.0,-999.0,,,,0.0,,,,,-999.0,-999.0,,,,
1991,2,6,60.0,40.0,,,,,39.0,1345.0,1410.0,0.0,,,,,0.0,0.0,,64.04,48.92,533.0,,,,,,,,,,108.0,80.0,1.0,9999.0,9999.0,,,,1.0,,,,,9999.0,9999.0,,,,
1991,2,7,,,,,,,,,,0.0,,,,,0.0,0.0,,,,,,,,,,,,,,,,0.0,-99.0,-99.0,,,,0.0,,,,,-99.0,-99.0,,,,
1991,2,8,,,,,,,,,,,,,,,,,,,,,,,,,,,,,,,,,99.0,99.0,,,,,,,,,99.0,99.0,,,,
1991,2,9,30.0,0.0,,,,,30.0,1257.0,1258.0,0.0,,,,,0.0,0.0,,66.02,55.04,626.0,,,,315.0,315.0,,,,,77.0,49.0,-9999.0,-9999.0,-9999.0,,,,-9999.0,,,,,-9999.0,-9999.0,,,,
1991,2,10,,,,,,,,,,0.0,,,,,0.0,0.0,,32.0,32.0,,,,,,,,,,,,,,-9.0,-9.0,,,,,,,,,-9.0,-9.0,,,,
1991,2,11,40.0,40.0,,,,,31.0,404.0,321.0,0.0,,,,,0.0,0.0,,64.04,53.96,490.0,,,,,,,,,,62.0,40.0,1.0,999.0,999.0,,,,1.0,,,,,999.0,999.0,,,,
1991,2,12,,,,,,,,,,0.0,,,,,0.0,0.0,,,,,,,,,,,,,,,,0.0,,-999.0,,,,0.0,,,,,-999.0,-999.0,,,,
1991,2,14,0.0,0.0,,,,,31.0,1527.0,1401.0,0.0,,,,,0.0,0.0,,73.94,48.02,639.0,,,,,,,,,,93.0,76.0,1.0,1.0,9999.0,,,,1.0,,,,,9999.0,9999.0,,,,
1991,2,15,,,,,,,,,,0.0,,,,,0.0,0.0,,,32.0,,,,,,,,,,,,,,,-99.0,,,,0.0,,,,,-99.0,-99.0,,,,
1991,2,16,,,,,,,,,,,,,,,,,,,,,,,,,,,,,,,,99.0,99.0,99.0,,,,,,,,,99.0,99.0,,,,
1991,2,17,80.0,100.0,,,,,27.0,1448.0,1450.0,0.0,,,,,0.0,0.0,,73.94,50.0,540.0,,,,315.0,315.0,,,,,62.0,63.0,1.0,-9999.0,-9999.0,,,,1.0,,,,,-9999.0,-9999.0,,,,
1991,2,18,,,,,,,,,,0.0,,,,,0.0,0.0,,32.0,32.0,,,,,,,,,,,,,0.0,-9.0,-9.0,,,,0.0,,,,,-9.0,-9.0,,,,
1991,2,19,50.0,40.0,,,,,26.0,708.0,742.0,0.0,,,,,0.0,0.0,,66.02,53.96,536.0,,,,,,,,,,62.0,54.0,1.0,999.0,999.0,,,,1.0,,,,,999.0,999.0,,,,
1991,2,20,,,,,,,,,,0.0,,,,,0.0,0.0,,,,,,,,,,,,,,,,0.0,-999.0,-999.0,,,,0.0,,,,,-999.0,-999.0,,,,
1991,2,22,60.0,70.0,,,,,18.0,1110.0,1208.0,0.0,,,,,0.0,0.0,,71.96,51.98,583.0,,,,,,,,,,57.0,49.0,1.0,9999.0,9999.0,,,,1.0,,,,,9999.0,9999.0,,,,
1991,2,23,,,,,,,,,,0.0,,,,,0.0,0.0,,,,,,,,,,,,,,,,0.0,-99.0,-99.0,,,,0.0,,,,,-99.0,-99.0,,,,
1991,2,24,,,,,,,,,,,,,,,,,,,,,,,,,,,,,,,,,99.0,99.0,,,,,,,,,99.0,99.0,,,,
1991,2,25,90.0,100.0,,,,,33.0,2150.0,2145.0,8.0,,,,,0.0,0.0,,62.959999999999994,57.02,201.0,,,,225.0,315.0,,,,,98.0,72.0,-9999.0,-9999.0,-9999.0,,,,-9999.0,,,,,1.0,1.0,,,,
1991,2,26,,,,,,,,,,0.0,,,,,0.0,0.0,,32.0,32.0,,,,,,,,,,,,,-9.0,-9.0,-9.0,,,,-9.0,,,,,,,,,,
1991,2,27,60.0,80.0,,,,,34.0,640.0,326.0,0.0,,,,,0.0,0.0,,64.04,53.96,303.0,,,,,,,,,,77.0,54.0,999.0,999.0,999.0,,,,999.0,,,,,999.0,999.0,,,,
1991,2,28,,,,,,,,,,0.0,,,,,0.0,0.0,,,,,,,,,,,,,,,,-999.0,-999.0,-999.0,,,,-999.0,,,,,-999.0,-999.0,,,,
1991,2,30,10.0,20.0,,,,,25.0,1510.0,1259.0,0.0,,,,,0.0,0.0,,71.96,44.96,669.0,,,,,,,,,,77.0,63.0,9999.0,9999.0,9999.0,,,,9999.0,,,,,9999.0,9999.0,,,,
1991,2,31,,,,,,,,,,0.0,,,,,0.0,0.0,,,32.0,,,,,,,,,,,,,-99.0,-99.0,-99.0,,,,-99.0,,,,,-99.0,-99.0,,,,
1991,3,1,80.0,80.0,,,,,88.0,1155.0,544.0,226.0,,,,,0.0,0.0,,62.959999999999994,57.92,172.0,,,,225.0,225.0,,,,,185.0,107.0,1.0,-9999.0,-9999.0,,,,-9999.0,,,,,,1.0,,,,
1991,3,2,,,,,,,,,,0.0,,,,,0.0,0.0,,32.0,32.0,,,,,,,,,,,,,,-9.0,-9.0,,,,-9.0,,,,,,,,,,
1991,3,3,30.0,30.0,,,,,39.0,305.0,244.0,0.0,,,,,0.0,0.0,,64.04,53.06,597.0,,,,,,,,,,72.0,58.0,999.0,999.0,999.0,,,,999.0,,,,,,999.0,,,,
1991,3,4,,,,,,,,,,0.0,,,,,0.0,0.0,,,,,,,,,,,,,,,,-999.0,-999.0,-999.0,,,,-999.0,,,,,,-999.0,,,,
1991,3,6,70.0,60.0,,,,,35.0,1357.0,1233.0,0.0,,,,,0.0,0.0,,71.96,55.04,575.0,,,,,,,,,,87.0,72.0,9999.0,9999.0,9999.0,,,,9999.0,,,,,,9999.0,,,,
1991,3,7,,,,,,,,,,0.0,,,,,0.0,0.0,,,,,,,,,,,,,,,,,-99.0,-99.0,,,,-99.0,,,,,,-99.0,,,,
1991,3,8,,,,,,,,,,,,,,,,,,,,,,,,,,,,,,,,,99.0,99.0,,,,99.0,,,,,,99.0,,,,
1991,3,9,60.0,80.0,,,,,41.0,1227.0,1355.0,0.0,,,,,0.0,0.0,,62.959999999999994,53.96,473.0,,,,315.0,315.0,,,,,77.0,63.0,-9999.0,-9999.0,-9999.0,,,,-9999.0,,,,,,-9999.0,,,,
1991,3,10,,,,,,,,,,0.0,,,,,0.0,0.0,,32.0,32.0,,,,,,,,,,,,,-9.0,-9.0,-9.0,,,,-9.0,,,,,,-9.0,,,,
1991,3,11,0.0,0.0,,,,,32.0,405.0,999.0,0.0,,,,,0.0,0.0,,64.04,48.02,701.0,,,,999.0,,,,,,999.0,67.0,999.0,999.0,999.0,,,,999.0,,,,,,999.0,,,,
1991,3,12,,,,,,,,,-999.0,0.0,,,,,0.0,0.0,,,,,,,,-999.0,,,,,,-999.0,,-999.0,-999.0,-999.0,,,,-999.0,,,,,,-999.0,,,,
1991,3,14,70.0,100.0,,,,,23.0,1304.0,9999.0,0.0,,,,,0.0,0.0,,69.08,48.02,553.0,,,,9999.0,,,,,,9999.0,40.0,9999.0,9999.0,9999.0,,,,9999.0,,,,,,9999.0,,,,
1991,3,15,,,,,,,,,-99.0,0.0,,,,,0.0,0.0,,,,,,,,-99.0,,,,,,-99.0,,-99.0,-99.0,-99.0,,,,-99.0,,,,,,-99.0,,,,
1991,3,16,,,,,,,,,99.0,,,,,,,,,,,,,,,99.0,,,,,,99.0,,99.0,99.0,99.0,,,,99.0,,,,,,99.0,,,,
1991,3,17,40.0,40.0,,,,,50.0,342.0,-9999.0,13.0,,,,,0.0,0.0,,60.08,51.98,651.0,,,,-9999.0,315.0,,,,,-9999.0,80.0,-9999.0,-9999.0,-9999.0,,,,-9999.0,,,,,,1.0,,,,
1991,3,18,,,,,,,,,-9.0,0.0,,,,,0.0,0.0,,32.0,32.0,,,,,-9.0,,,,,,-9.0,,-9.0,-9.0,-9.0,,,,-9.0,,,,,,,,,,
1991,3,19,0.0,0.0,,,,,29.0,402.0,999.0,0.0,,,,,0.0,0.0,,64.04,46.04,710.0,,,,999.0,,,,,,999.0,67.0,999.0,999.0,999.0,,,,999.0,,,,,,999.0,,,,
1991,3,20,,,,,,,,,-999.0,,,,,,0.0,0.0,,,,,,,,-999.0,,,,,,-999.0,,,-999.0,-999.0,,,,-999.0,,,,,,,,,,
1991,3,22,50.0,50.0,,,,,57.0,735.0,9999.0,3.0,,,,,0.0,0.0,,60.08,51.08,591.0,,,,9999.0,,,,,,9999.0,67.0,9999.0,9999.0,9999.0,,,,9999.0,,,,,,1.0,,,,
1991,3,23,,,,,,,,,-99.0,0.0,,,,,0.0,0.0,,,32.0,,,,,-99.0,,,,,,-99.0,,-99.0,-99.0,-99.0,,,,-99.0,,,,,,0.0,,,,
1991,3,24,,,,,,,,,99.0,,,,,,,,,,,,,,,99.0,,,,,,99.0,,99.0,99.0,99.0,,,,99.0,,,,,,,,,,
1991,3,25,0.0,0.0,,,,,30.0,1558.0,1613.0,0.0,,,,,0.0,0.0,,59.0,42.08,718.0,,,,315.0,315.0,,,,,82.0,45.0,-9999.0,-9999.0,-9999.0,,,,-9999.0,,,,,,-9999.0,,,,
1991,3,26,,,,,,,,,,0.0,,,,,0.0,0.0,,32.0,32.0,,,,,,,,,,,,,-9.0,-9.0,-9.0,,,,-9.0,,,,,,-9.0,,,,
1991,3,27,10.0,10.0,,,,,29.0,125.0,300.0,0.0,,,,,0.0,0.0,,62.059999999999995,44.96,711.0,,,,,,,,,,72.0,40.0,999.0,999.0,999.0,,,,999.0,,,,,,999.0,,,,
1991,3,28,,,,,,,,,,,,,,,0.0,0.0,,,,,,,,,,,,,,,,,-999.0,-999.0,,,,-999.0,,,,,,,,,,
1991,3,30,80.0,70.0,,,,,72.0,540.0,540.0,292.0,,,,,0.0,0.0,,60.980000000000004,51.08,409.0,,,,,,,,,,185.0,116.0,1.0,9999.0,9999.0,,,,9999.0,,,,,,1.0,,,,
1991,3,31,,,,,,,,,,,,,,,0.0,0.0,,,32.0,,,,,,,,,,,,,0.0,-99.0,,,,,-99.0,,,,,,0.0,,,,
1991,4,1,70.0,70.0,,,,,42.0,1741.0,1428.0,13.0,,,,,0.0,0.0,,64.04,55.04,469.0,,,,270.0,315.0,,,,,98.0,63.0,-9999.0,-9999.0,,,,,-9999.0,,,,,-9999.0,1.0,,,,
1991,4,2,,,,,,,,,,0.0,,,,,0.0,0.0,,32.0,32.0,,,,,,,,,,,,,-9.0,-9.0,,,,,-9.0,,,,,-9.0,,,,,
1991,4,3,50.0,50.0,,,,,31.0,159.0,155.0,0.0,,,,,0.0,0.0,,66.02,51.98,728.0,,,,,,,,,,93.0,72.0,999.0,999.0,,,,,999.0,,,,,999.0,999.0,,,,
1991,4,4,,,,,,,,,,0.0,,,,,0.0,0.0,,,,,,,,,,,,,,,,,-999.0,,,,,-999.0,,,,,-999.0,-999.0,,,,
1991,4,5,,,,,,,,,,,,,,,,,,,,,,,,,,,,,,,,,,,,,,9.0,,,,,,,,,,
1991,4,6,10.0,10.0,,,,,26.0,1529.0,1544.0,0.0,,,,,0.0,0.0,,80.06,53.06,757.0,,,,,,,,,,77.0,63.0,1.0,9999.0,,,,,1.0,,,,,9999.0,9999.0,,,,
1991,4,7,,,,,,,,,,0.0,,,,,0.0,0.0,,,,,,,,,,,,,,,,0.0,-99.0,,,,,0.0,,,,,-99.0,-99.0,,,,
1991,4,8,,,,,,,,,,,,,,,,,,,,,,,,,,,,,,,,,99.0,,,,,,,,,,99.0,99.0,,,,
1991,4,9,80.0,50.0,,,,,33.0,1117.0,1052.0,0.0,,,,,0.0,0.0,,66.02,55.94,454.0,,,,225.0,225.0,,,,,72.0,40.0,1.0,-9999.0,,,,,1.0,,,,,-9999.0,-9999.0,,,,
1991,4,10,,,,,,,,,,0.0,,,,,0.0,0.0,,32.0,32.0,,,,,,,,,,,,,,-9.0,,,,,,,,,,-9.0,-9.0,,,,
1991,4,11,70.0,70.0,,,,,41.0,221.0,413.0,0.0,,,,,0.0,0.0,,66.92,59.0,326.0,,,,,,,,,,77.0,49.0,999.0,999.0,,,,,999.0,,,,,999.0,999.0,,,,
1991,4,12,,,,,,,,,,0.0,,,,,0.0,0.0,,,,,,,,,,,,,,,,-999.0,-999.0,,,,,-999.0,,,,,-999.0,-999.0,,,,
1991,4,14,0.0,0.0,,,,,26.0,1318.0,1223.0,0.0,,,,,0.0,0.0,,78.98,55.04,766.0,,,,,,,,,,87.0,63.0,9999.0,9999.0,,,,,9999.0,,,,,9999.0,9999.0,,,,
1991,4,15,,,,,,,,,,0.0,,,,,0.0,0.0,,,,,,,,,,,,,,,,,,,,,,,,,,,-99.0,-99.0,,,,
1991,4,16,,,,,,,,,,,,,,,,,,,,,,,,,,,,,,,,,,,,,,,,,,,99.0,99.0,,,,
1991,4,17,30.0,30.0,,,,,46.0,1609.0,1616.0,0.0,,,,,0.0,0.0,,66.02,55.94,749.0,,,,315.0,315.0,,,,,108.0,89.0,-9999.0,-9999.0,,,,,-9999.0,,,,,-9999.0,-9999.0,,,,
1991,4,18,,,,,,,,,,0.0,,,,,0.0,0.0,,32.0,32.0,,,,,,,,,,,,,-9.0,-9.0,,,,,-9.0,,,,,-9.0,-9.0,,,,
1991,4,19,10.0,0.0,,,,,32.0,446.0,444.0,0.0,,,,,0.0,0.0,,69.08,51.08,773.0,,,,,,,,,,98.0,76.0,999.0,999.0,,,,,999.0,,,,,999.0,999.0,,,,
1991,4,20,,,,,,,,,,0.0,,,,,0.0,0.0,,,,,,,,,,,,,,,,-999.0,-999.0,,,,,-999.0,,,,,-999.0,-999.0,,,,
1991,4,22,20.0,10.0,,,,,29.0,1404.0,1107.0,0.0,,,,,0.0,0.0,,66.92,53.06,695.0,,,,,,,,,,72.0,40.0,9999.0,9999.0,,,,,9999.0,,,,,9999.0,9999.0,,,,
1991,4,23,,,,,,,,,,0.0,,,,,0.0,0.0,,,,,,,,,,,,,,,,-99.0,-99.0,,,,,-99.0,,,,,-99.0,-99.0,,,,
1991,4,24,,,,,,,,,,,,,,,,,,,,,,,,,,,,,,,,99.0,99.0,,,,,99.0,,,,,99.0,99.0,,,,
1991,4,25,90.0,80.0,,,,,38.0,1456.0,1452.0,0.0,,,,,0.0,0.0,,62.959999999999994,55.94,398.0,,,,225.0,270.0,,,,,82.0,45.0,-9999.0,-9999.0,,,,,-9999.0,,,,,-9999.0,-9999.0,,,,
1991,4,26,,,,,,,,,,0.0,,,,,0.0,0.0,,32.0,32.0,,,,,,,,,,,,,-9.0,-9.0,,,,,-9.0,,,,,-9.0,-9.0,,,,
1991,4,27,90.0,100.0,,,,,31.0,615.0,612.0,0.0,,,,,0.0,0.0,,60.980000000000004,55.04,425.0,,,,,,,,,,77.0,49.0,999.0,999.0,,,,,999.0,,,,,999.0,999.0,,,,
1991,4,28,,,,,,,,,,0.0,,,,,0.0,0.0,,,,,,,,,,,,,,,,-999.0,-999.0,,,,,-999.0,,,,,,,,,,
1991,4,30,60.0,40.0,,,,,35.0,1351.0,1348.0,0.0,,,,,0.0,0.0,,66.02,55.94,357.0,,,,,,,,,,98.0,67.0,9999.0,9999.0,,,,,9999.0,,,,,9999.0,9999.0,,,,
1991,4,31,,,,,,,,,,0.0,,,,,0.0,0.0,,,,,,,,,,,,,,,,-99.0,-99.0,,,,,-99.0,,,,,-99.0,-99.0,,,,
1991,5,1,70.0,80.0,,,,,57.0,1646.0,1641.0,0.0,,,,,0.0,0.0,,66.02,55.04,443.0,,,,270.0,315.0,,,,,118.0,76.0,-9999.0,,,,,,1.0,,,,,-9999.0,-9999.0,,,,
1991,5,2,,,,,,,,,,0.0,,,,,0.0,0.0,,32.0,32.0,,,,,,,,,,,,,-9.0,,,,,,,,,,,-9.0,-9.0,,,,
1991,5,3,50.0,50.0,,,,,51.0,125.0,418.0,0.0,,,,,0.0,0.0,,62.959999999999994,53.96,584.0,,,,,,,,,,98.0,58.0,999.0,,,,,,999.0,,,,,999.0,999.0,,,,
1991,5,4,,,,,,,,,,0.0,,,,,0.0,0.0,,,,,,,,,,,,,,,,-999.0,,,,,,-999.0,,,,,-999.0,-999.0,,,,
1991,5,6,10.0,10.0,,,,,42.0,1307.0,1306.0,0.0,,,,,0.0,0.0,,71.96,53.96,783.0,,,,,,,,,,118.0,89.0,9999.0,,,,,,9999.0,,,,,9999.0,9999.0,,,,
1991,5,7,,,,,,,,,,0.0,,,,,0.0,0.0,,,,,,,,,,,,,,,,-99.0,,,,,,-99.0,,,,,-99.0,-99.0,,,,
1991,5,8,,,,,,,,,,,,,,,,,,,,,,,,,,,,,,,,99.0,,,,,,99.0,,,,,99.0,99.0,,,,
1991,5,9,30.0,20.0,,,,,37.0,1157.0,1128.0,0.0,,,,,0.0,0.0,,78.08,59.0,787.0,,,,315.0,315.0,,,,,72.0,54.0,-9999.0,,,,,,-9999.0,,,,,-9999.0,-9999.0,,,,
1991,5,10,,,,,,,,,,0.0,,,,,0.0,0.0,,32.0,32.0,,,,,,,,,,,,,,,,,,,-9.0,,,,,-9.0,-9.0,,,,
1991,5,11,20.0,40.0,,,,,34.0,50.0,133.0,0.0,,,,,0.0,0.0,,77.0,59.0,817.0,,,,,,,,,,82.0,49.0,1.0,,,,,,999.0,,,,,999.0,999.0,,,,
1991,5,12,,,,,,,,,,0.0,,,,,0.0,0.0,,,,,,,,,,,,,,,,0.0,,,,,,,,,,,-999.0,-999.0,,,,
1991,5,14,60.0,40.0,,,,,51.0,1512.0,1629.0,0.0,,,,,0.0,0.0,,66.02,57.92,705.0,,,,,,,,,,103.0,63.0,9999.0,,,,,,9999.0,,,,,9999.0,9999.0,,,,
1991,5,15,,,,,,,,,,0.0,,,,,0.0,0.0,,,,,,,,,,,,,,,,-99.0,,,,,,-99.0,,,,,-99.0,-99.0,,,,
1991,5,16,,,,,,,,,,,,,,,,,,,,,,,,,,,,,,,,99.0,,,,,,99.0,,,,,99.0,99.0,,,,
1991,5,17,30.0,30.0,,,,,43.0,1109.0,1402.0,0.0,,,,,0.0,0.0,,66.02,55.94,703.0,,,,225.0,225.0,,,,,87.0,54.0,-9999.0,,,,,,-9999.0,,,,,-9999.0,-9999.0,,,,
1991,5,18,,,,,,,,,,0.0,,,,,0.0,0.0,,32.0,32.0,,,,,,,,,,,,,-9.0,,,,,,-9.0,,,,,-9.0,-9.0,,,,
1991,5,19,10.0,20.0,,,,,45.0,501.0,201.0,0.0,,,,,0.0,0.0,,68.0,51.98,825.0,,,,,,,,,,98.0,76.0,999.0,,,,,,999.0,,,,,999.0,999.0,,,,
1991,5,20,,,,,,,,,,0.0,,,,,0.0,0.0,,,,,,,,,,,,,,,,-999.0,,,,,,-999.0,,,,,-999.0,-999.0,,,,
1991,5,22,50.0,60.0,,,,,42.0,1325.0,1452.0,0.0,,,,,0.0,0.0,,66.92,57.92,578.0,,,,,,,,,,87.0,54.0,9999.0,,,,,,9999.0,,,,,9999.0,9999.0,,,,
1991,5,23,,,,,,,,,,0.0,,,,,0.0,0.0,,,,,,,,,,,,,,,,-99.0,,,,,,-99.0,,,,,-99.0,-99.0,,,,
1991,5,24,,,,,,,,,,,,,,,,,,,,,,,,,,,,,,,,99.0,,,,,,99.0,,,,,99.0,99.0,,,,
1991,5,25,50.0,30.0,,,,,34.0,1420.0,1423.0,0.0,,,,,0.0,0.0,,69.08,57.02,615.0,,,,225.0,225.0,,,,,77.0,49.0,1.0,,,,,,1.0,,,,,-9999.0,-9999.0,,,,
1991,5,26,,,,,,,,,,0.0,,,,,0.0,0.0,,32.0,32.0,,,,,,,,,,,,,,,,,,,,,,,,-9.0,-9.0,,,,
1991,5,27,50.0,50.0,,,,,50.0,515.0,447.0,0.0,,,,,0.0,0.0,,69.08,57.92,598.0,,,,,,,,,,98.0,63.0,999.0,,,,,,999.0,,,,,999.0,999.0,,,,
1991,5,28,,,,,,,,,,0.0,,,,,0.0,0.0,,,,,,,,,,,,,,,,-999.0,,,,,,-999.0,,,,,-999.0,-999.0,,,,
1991,5,30,40.0,20.0,,,,,42.0,1456.0,1504.0,0.0,,,,,0.0,0.0,,66.02,55.94,753.0,,,,,,,,,,98.0,67.0,9999.0,,,,,,9999.0,,,,,9999.0,9999.0,,,,
1991,5,31,,,,,,,,,,0.0,,,,,0.0,0.0,,,,,,,,,,,,,,,,-99.0,,,,,,-99.0,,,,,-99.0,-99.0,,,,
1991,6,1,50.0,50.0,,,,,45.0,938.0,1153.0,0.0,,,,,0.0,0.0,,64.94,57.02,696.0,,,,225.0,225.0,,,,,93.0,58.0,-9999.0,,,,,,-9999.0,,,,,-9999.0,-9999.0,,,,
1991,6,2,,,,,,,,,,0.0,,,,,0.0,0.0,,32.0,32.0,,,,,,,,,,,,,-9.0,,,,,,-9.0,,,,,-9.0,-9.0,,,,
1991,6,3,10.0,20.0,,,,,39.0,503.0,113.0,0.0,,,,,0.0,0.0,,66.92,55.04,849.0,,,,,,,,,,82.0,49.0,999.0,,,,,,999.0,,,,,999.0,999.0,,,,
1991,6,4,,,,,,,,,,0.0,,,,,0.0,0.0,,,,,,,,,,,,,,,,,,,,,,,,,,,-999.0,-999.0,,,,
1991,6,6,100.0,100.0,,,,,38.0,1008.0,1441.0,0.0,,,,,0.0,0.0,,66.92,59.0,311.0,,,,,,,,,,82.0,49.0,1.0,,,,,,1.0,,,,,9999.0,9999.0,,,,
1991,6,7,,,,,,,,,,0.0,,,,,0.0,0.0,,,,,,,,,,,,,,,,,,,,,,,,,,,-99.0,-99.0,,,,
1991,6,8,,,,,,,,,,,,,,,,,,,,,,,,,,,,,,,,99.0,,,,,,99.0,,,,,99.0,99.0,,,,
1991,6,9,50.0,40.0,,,,,52.0,1626.0,1259.0,0.0,,,,,0.0,0.0,,68.0,60.08,647.0,,,,315.0,315.0,,,,,108.0,89.0,-9999.0,,,,,,-9999.0,,,,,-9999.0,-9999.0,,,,
1991,6,10,,,,,,,,,,0.0,,,,,0.0,0.0,,32.0,32.0,,,,,,,,,,,,,,,,,,,,,,,,-9.0,-9.0,,,,
1991,6,11,50.0,40.0,,,,,42.0,422.0,343.0,0.0,,,,,0.0,0.0,,69.08,57.92,569.0,,,,,,,,,,98.0,76.0,1.0,,,,,,1.0,,,,,999.0,999.0,,,,
1991,6,12,,,,,,,,,,0.0,,,,,0.0,0.0,,,,,,,,,,,,,,,,,,,,,,,,,,,-999.0,-999.0,,,,
1991,6,14,70.0,50.0,,,,,35.0,1102.0,1218.0,0.0,,,,,0.0,0.0,,68.0,59.0,558.0,,,,,,,,,,98.0,63.0,9999.0,,,,,,9999.0,,,,,9999.0,9999.0,,,,
1991,6,15,,,,,,,,,,0.0,,,,,0.0,0.0,,,,,,,,,,,,,,,,-99.0,,,,,,,,,,,-99.0,-99.0,,,,
1991,6,16,,,,,,,,,,,,,,,,,,,,,,,,,,,,,,,,99.0,,,,,,,,,,,99.0,99.0,,,,
1991,6,17,100.0,100.0,,,,,34.0,1339.0,1347.0,0.0,,,,,0.0,0.0,,68.0,60.08,180.0,,,,225.0,225.0,,,,,72.0,36.0,-9999.0,,,,,,1.0,,,,,-9999.0,-9999.0,,,,
1991,6,18,,,,,,,,,,0.0,,,,,0.0,0.0,,32.0,32.0,,,,,,,,,,,,,,,,,,,0.0,,,,,-9.0,-9.0,,,,
1991,6,19,80.0,70.0,,,,,40.0,530.0,108.0,0.0,,,,,0.0,0.0,,69.08,60.08,417.0,,,,,,,,,,82.0,45.0,1.0,,,,,,1.0,,,,,999.0,999.0,,,,
1991,6,20,,,,,,,,,,0.0,,,,,0.0,0.0,,,,,,,,,,,,,,,,,,,,,,,,,,,-999.0,-999.0,,,,
1991,6,22,100.0,90.0,,,,,39.0,1436.0,1439.0,0.0,,,,,0.0,0.0,,69.08,60.08,310.0,,,,,,,,,,77.0,49.0,9999.0,,,,,,9999.0,,,,,9999.0,9999.0,,,,
1991,6,23,,,,,,,,,,0.0,,,,,0.0,0.0,,,,,,,,,,,,,,,,-99.0,,,,,,-99.0,,,,,-99.0,-99.0,,,,
1991,6,24,,,,,,,,,,,,,,,,,,,,,,,,,,,,,,,,99.0,,,,,,99.0,,,,,99.0,99.0,,,,
1991,6,25,50.0,40.0,,,,,37.0,1255.0,1209.0,0.0,,,,,0.0,0.0,,71.06,60.08,542.0,,,,315.0,315.0,,,,,103.0,54.0,-9999.0,,,,,,1.0,,,,,-9999.0,-9999.0,,,,
1991,6,26,,,,,,,,,,0.0,,,,,0.0,0.0,,32.0,32.0,,,,,,,,,,,,,,,,,,,0.0,,,,,-9.0,-9.0,,,,
1991,6,27,90.0,90.0,,,,,34.0,408.0,419.0,0.0,,,,,0.0,0.0,,71.06,59.0,587.0,,,,,,,,,,72.0,40.0,1.0,,,,,,1.0,,,,,999.0,999.0,,,,
1991,6,28,,,,,,,,,,0.0,,,,,0.0,0.0,,,,,,,,,,,,,,,,0.0,,,,,,0.0,,,,,-999.0,-999.0,,,,
1991,6,30,70.0,60.0,,,,,38.0,1148.0,1242.0,0.0,,,,,0.0,0.0,,71.06,59.0,531.0,,,,,,,,,,82.0,49.0,9999.0,,,,,,9999.0,,,,,9999.0,9999.0,,,,
1991,6,31,,,,,,,,,,0.0,,,,,0.0,0.0,,,,,,,,,,,,,,,,-99.0,,,,,,,,,,,-99.0,-99.0,,,,
1991,7,1,40.0,50.0,,,,,33.0,1354.0,1359.0,0.0,,,,,0.0,0.0,,69.98,60.08,495.0,,,,270.0,270.0,,,,,77.0,49.0,1.0,,-9999.0,,,,1.0,,,,,-9999.0,-9999.0,,,,
1991,7,2,,,,,,,,,,0.0,,,,,0.0,0.0,,32.0,32.0,,,,,,,,,,,,,0.0,,-9.0,,,,0.0,,,,,-9.0,-9.0,,,,
1991,7,3,60.0,40.0,,,,,35.0,348.0,510.0,0.0,,,,,0.0,0.0,,71.96,60.980000000000004,677.0,,,,,,,,,,72.0,49.0,1.0,,999.0,,,,1.0,,,,,999.0,999.0,,,,
1991,7,4,,,,,,,,,,0.0,,,,,0.0,0.0,,,,,,,,,,,,,,,,,,-999.0,,,,0.0,,,,,-999.0,-999.0,,,,
1991,7,6,100.0,90.0,,,,,35.0,1623.0,903.0,0.0,,,,,0.0,0.0,,69.08,62.059999999999995,150.0,,,,,,,,,,87.0,40.0,9999.0,,9999.0,,,,1.0,,,,,9999.0,9999.0,,,,
1991,7,7,,,,,,,,,,0.0,,,,,0.0,0.0,,,,,,,,,,,,,,,,,,-99.0,,,,0.0,,,,,-99.0,-99.0,,,,
1991,7,8,,,,,,,,,,,,,,,,,,,,,,,,,,,,,,,,,,99.0,,,,,,,,,99.0,99.0,,,,
1991,7,9,90.0,90.0,,,,,31.0,930.0,1222.0,3.0,,,,,0.0,0.0,,73.94,62.959999999999994,170.0,,,,225.0,315.0,,,,,62.0,40.0,1.0,,-9999.0,,,,1.0,,,,,-9999.0,1.0,,,,
1991,7,10,,,,,,,,,,0.0,,,,,0.0,0.0,,32.0,32.0,,,,,,,,,,,,,,,-9.0,,,,,,,,,-9.0,,,,,
1991,7,11,60.0,50.0,,,,,41.0,749.0,751.0,0.0,,,,,0.0,0.0,,75.92,64.04,645.0,,,,,,,,,,87.0,76.0,999.0,,999.0,,,,999.0,,,,,999.0,999.0,,,,
1991,7,12,,,,,,,,,,0.0,,,,,0.0,0.0,,,,,,,,,,,,,,,,-999.0,,-999.0,,,,-999.0,,,,,-999.0,-999.0,,,,
1991,7,14,80.0,70.0,,,,,44.0,1444.0,1530.0,0.0,,,,,0.0,0.0,,71.96,62.959999999999994,395.0,,,,,,,,,,82.0,45.0,9999.0,,9999.0,,,,9999.0,,,,,9999.0,9999.0,,,,
1991,7,15,,,,,,,,,,0.0,,,,,0.0,0.0,,,,,,,,,,,,,,,,-99.0,,-99.0,,,,-99.0,,,,,-99.0,-99.0,,,,
1991,7,16,,,,,,,,,,,,,,,,,,,,,,,,,,,,,,,,99.0,,99.0,,,,99.0,,,,,99.0,99.0,,,,
1991,7,17,60.0,40.0,,,,,35.0,1451.0,1533.0,0.0,,,,,0.0,0.0,,71.96,62.059999999999995,698.0,,,,225.0,225.0,,,,,82.0,45.0,-9999.0,,-9999.0,,,,-9999.0,,,,,-9999.0,-9999.0,,,,
1991,7,18,,,,,,,,,,0.0,,,,,0.0,0.0,,32.0,32.0,,,,,,,,,,,,,,,-9.0,,,,,,,,,-9.0,-9.0,,,,
1991,7,19,60.0,40.0,,,,,38.0,724.0,129.0,0.0,,,,,0.0,0.0,,71.06,60.980000000000004,502.0,,,,,,,,,,82.0,58.0,1.0,,999.0,,,,1.0,,,,,999.0,999.0,,,,
1991,7,20,,,,,,,,,,0.0,,,,,0.0,0.0,,,,,,,,,,,,,,,,0.0,,-999.0,,,,0.0,,,,,-999.0,-999.0,,,,
1991,7,22,70.0,40.0,,,,,39.0,1017.0,1216.0,0.0,,,,,0.0,0.0,,69.98,60.980000000000004,593.0,,,,,,,,,,82.0,58.0,1.0,,9999.0,,,,1.0,,,,,9999.0,9999.0,,,,
1991,7,23,,,,,,,,,,0.0,,,,,0.0,0.0,,,,,,,,,,,,,,,,,,-99.0,,,,,,,,,-99.0,-99.0,,,,
1991,7,24,,,,,,,,,,,,,,,,,,,,,,,,,,,,,,,,99.0,,99.0,,,,99.0,,,,,99.0,99.0,,,,
1991,7,25,70.0,50.0,,,,,38.0,1344.0,1325.0,0.0,,,,,0.0,0.0,,69.98,62.959999999999994,538.0,,,,225.0,225.0,,,,,82.0,49.0,-9999.0,,-9999.0,,,,-9999.0,,,,,-9999.0,-9999.0,,,,
1991,7,26,,,,,,,,,,0.0,,,,,0.0,0.0,,32.0,32.0,,,,,,,,,,,,,-9.0,,-9.0,,,,-9.0,,,,,-9.0,-9.0,,,,
1991,7,27,80.0,70.0,,,,,37.0,358.0,303.0,0.0,,,,,0.0,0.0,,71.06,64.04,402.0,,,,,,,,,,87.0,54.0,999.0,,999.0,,,,999.0,,,,,999.0,999.0,,,,
1991,7,28,,,,,,,,,,0.0,,,,,0.0,0.0,,,,,,,,,,,,,,,,-999.0,,-999.0,,,,-999.0,,,,,-999.0,-999.0,,,,
1991,7,29,,,,,,,,,,,,,,,,,,,,,,,,,,,,,,,,,,,,,,,,,,,9.0,9.0,,,,
1991,7,30,90.0,90.0,,,,,42.0,1403.0,1503.0,,,,,,0.0,0.0,,73.04,62.959999999999994,240.0,,,,,,,,,,103.0,72.0,9999.0,,9999.0,,,,9999.0,,,,,1.0,1.0,,,,
1991,7,31,,,,,,,,,,0.0,,,,,0.0,0.0,,,,,,,,,,,,,,,,-99.0,,-99.0,,,,-99.0,,,,,,0.0,,,,
1991,8,1,100.0,100.0,,,,,40.0,1456.0,1428.0,3.0,,,,,0.0,0.0,,71.06,62.959999999999994,3.0,,,,315.0,315.0,,,,,82.0,54.0,1.0,,,,,,1.0,,,,,1.0,1.0,,,,
1991,8,2,,,,,,,,,,0.0,,,,,0.0,0.0,,32.0,32.0,,,,,,,,,,,,,0.0,,,,,,0.0,,,,,,,,,,
1991,8,3,90.0,80.0,,,,,31.0,58.0,547.0,0.0,,,,,0.0,0.0,,69.98,62.059999999999995,226.0,,,,,,,,,,67.0,49.0,1.0,,,,,,1.0,,,,,999.0,999.0,,,,
1991,8,4,,,,,,,,,,0.0,,,,,0.0,0.0,,,,,,,,,,,,,,,,,,,,,,,,,,,-999.0,-999.0,,,,
1991,8,6,60.0,40.0,,,,,37.0,1235.0,1253.0,0.0,,,,,0.0,0.0,,71.06,64.04,509.0,,,,,,,,,,82.0,49.0,9999.0,,,,,,9999.0,,,,,9999.0,9999.0,,,,
1991,8,7,,,,,,,,,,0.0,,,,,0.0,0.0,,,,,,,,,,,,,,,,-99.0,,,,,,-99.0,,,,,-99.0,-99.0,,,,
1991,8,8,,,,,,,,,,,,,,,,,,,,,,,,,,,,,,,,99.0,,,,,,99.0,,,,,99.0,99.0,,,,
1991,8,9,50.0,30.0,,,,,44.0,1434.0,1439.0,0.0,,,,,0.0,0.0,,71.96,62.959999999999994,639.0,,,,315.0,315.0,,,,,93.0,63.0,-9999.0,,,,,,-9999.0,,,,,-9999.0,-9999.0,,,,
1991,8,10,,,,,,,,,,0.0,,,,,0.0,0.0,,32.0,32.0,,,,,,,,,,,,,,,,,,,-9.0,,,,,-9.0,-9.0,,,,
1991,8,11,30.0,20.0,,,,,44.0,328.0,251.0,0.0,,,,,0.0,0.0,,73.04,64.04,652.0,,,,,,,,,,103.0,76.0,1.0,,,,,,999.0,,,,,999.0,999.0,,,,
1991,8,12,,,,,,,,,,0.0,,,,,0.0,0.0,,,,,,,,,,,,,,,,0.0,,,,,,,,,,,-999.0,-999.0,,,,
1991,8,14,70.0,50.0,,,,,34.0,641.0,1216.0,0.0,,,,,0.0,0.0,,73.94,60.980000000000004,437.0,,,,,,,,,,67.0,58.0,1.0,,,,,,1.0,,,,,9999.0,9999.0,,,,
1991,8,15,,,,,,,,,,0.0,,,,,0.0,0.0,,,,,,,,,,,,,,,,0.0,,,,,,0.0,,,,,-99.0,-99.0,,,,
1991,8,16,,,,,,,,,,,,,,,,,,,,,,,,,,,,,,,,,,,,,,,,,,,99.0,99.0,,,,
1991,8,17,90.0,80.0,,,,,30.0,1336.0,1246.0,0.0,,,,,0.0,0.0,,78.08,64.94,459.0,,,,225.0,315.0,,,,,67.0,45.0,-9999.0,,,,,,-9999.0,,,,,-9999.0,1.0,,,,
1991,8,18,,,,,,,,,,,,,,,0.0,0.0,,32.0,32.0,,,,,,,,,,,,,-9.0,,,,,,-9.0,,,,,-9.0,0.0,,,,
1991,8,19,70.0,60.0,,,,,37.0,17.0,24.0,,,,,,0.0,0.0,,93.91999999999999,68.0,421.0,,,,,,,,,,103.0,76.0,999.0,,,,,,999.0,,,,,999.0,1.0,,,,
1991,8,20,,,,,,,,,,0.0,,,,,0.0,0.0,,,,,,,,,,,,,,,,,,,,,,,,,,,-999.0,,,,,
1991,8,21,,,,,,,,,,,,,,,,,,,,,,,,,,,,,,,,,,,,,,,,,,,9.0,9.0,,,,
1991,8,22,100.0,100.0,,,,,38.0,1521.0,1439.0,,,,,,0.0,0.0,,73.94,64.94,175.0,,,,,,,,,,72.0,49.0,1.0,,,,,,9999.0,,,,,1.0,1.0,,,,
1991,8,23,,,,,,,,,,0.0,,,,,0.0,0.0,,,,,,,,,,,,,,,,0.0,,,,,,-99.0,,,,,,,,,,
1991,8,24,,,,,,,,,,,,,,,,,,,,,,,,,,,,,,,,,,,,,,99.0,,,,,99.0,99.0,,,,
1991,8,25,100.0,100.0,,,,,40.0,1533.0,1343.0,0.0,,,,,0.0,0.0,,71.96,64.94,62.0,,,,315.0,270.0,,,,,82.0,58.0,1.0,,,,,,1.0,,,,,1.0,1.0,,,,
1991,8,26,,,,,,,,,,,,,,,0.0,0.0,,32.0,32.0,,,,,,,,,,,,,0.0,,,,,,,,,,,,0.0,,,,
1991,8,27,70.0,70.0,,,,,38.0,416.0,418.0,,,,,,0.0,0.0,,71.96,64.94,326.0,,,,,,,,,,77.0,54.0,1.0,,,,,,999.0,,,,,1.0,1.0,,,,
1991,8,28,,,,,,,,,,0.0,,,,,0.0,0.0,,,,,,,,,,,,,,,,0.0,,,,,,,,,,,,,,,,
1991,8,30,80.0,70.0,,,,,43.0,1349.0,1346.0,0.0,,,,,0.0,0.0,,73.04,64.04,598.0,,,,,,,,,,82.0,58.0,1.0,,,,,,9999.0,,,,,9999.0,9999.0,,,,
1991,8,31,,,,,,,,,,0.0,,,,,0.0,0.0,,,,,,,,,,,,,,,,0.0,,,,,,,,,,,-99.0,-99.0,,,,
1991,9,1,60.0,30.0,,,,,33.0,1229.0,1158.0,0.0,,,,,0.0,0.0,,77.0,64.94,607.0,,,,225.0,225.0,,,,,72.0,45.0,1.0,-9999.0,-9999.0,,,,1.0,,,,,-9999.0,-9999.0,,,,
1991,9,2,,,,,,,,,,0.0,,,,,0.0,0.0,,32.0,32.0,,,,,,,,,,,,,0.0,-9.0,-9.0,,,,0.0,,,,,-9.0,-9.0,,,,
1991,9,3,50.0,50.0,,,,,34.0,216.0,422.0,0.0,,,,,0.0,0.0,,73.04,64.04,396.0,,,,,,,,,,67.0,45.0,1.0,999.0,999.0,,,,1.0,,,,,999.0,999.0,,,,
1991,9,4,,,,,,,,,,0.0,,,,,0.0,0.0,,,,,,,,,,,,,,,,0.0,-999.0,-999.0,,,,0.0,,,,,-999.0,-999.0,,,,
1991,9,5,,,,,,,,,,,,,,,,,,,,,,,,,,,,,,,,,,,,,,,,,,,,9.0,,,,
1991,9,6,70.0,70.0,,,,,44.0,1401.0,1403.0,,,,,,0.0,0.0,,73.04,64.04,404.0,,,,,,,,,,87.0,63.0,1.0,9999.0,9999.0,,,,1.0,,,,,9999.0,1.0,,,,
1991,9,7,,,,,,,,,,0.0,,,,,0.0,0.0,,,,,,,,,,,,,,,,,-99.0,-99.0,,,,,,,,,-99.0,0.0,,,,
1991,9,8,,,,,,,,,,,,,,,,,,,,,,,,,,,,,,,,99.0,99.0,99.0,,,,99.0,,,,,99.0,,,,,
1991,9,9,60.0,40.0,,,,,40.0,1345.0,1427.0,0.0,,,,,0.0,0.0,,73.94,64.94,491.0,,,,315.0,315.0,,,,,87.0,63.0,-9999.0,-9999.0,-9999.0,,,,-9999.0,,,,,-9999.0,-9999.0,,,,
1991,9,10,,,,,,,,,,0.0,,,,,0.0,0.0,,32.0,32.0,,,,,,,,,,,,,,-9.0,-9.0,,,,-9.0,,,,,-9.0,-9.0,,,,
1991,9,11,90.0,80.0,,,,,44.0,418.0,354.0,0.0,,,,,0.0,0.0,,73.04,64.04,213.0,,,,,,,,,,87.0,67.0,1.0,999.0,999.0,,,,999.0,,,,,999.0,999.0,,,,
1991,9,12,,,,,,,,,,0.0,,,,,0.0,0.0,,,,,,,,,,,,,,,,,-999.0,-999.0,,,,-999.0,,,,,-999.0,-999.0,,,,
1991,9,14,50.0,30.0,,,,,41.0,1008.0,1117.0,0.0,,,,,0.0,0.0,,71.06,64.04,577.0,,,,,,,,,,82.0,45.0,9999.0,9999.0,9999.0,,,,9999.0,,,,,9999.0,9999.0,,,,
1991,9,15,,,,,,,,,,0.0,,,,,0.0,0.0,,,,,,,,,,,,,,,,-99.0,-99.0,-99.0,,,,-99.0,,,,,-99.0,-99.0,,,,
1991,9,16,,,,,,,,,,,,,,,,,,,,,,,,,,,,,,,,99.0,99.0,99.0,,,,99.0,,,,,99.0,99.0,,,,
1991,9,17,10.0,10.0,,,,,40.0,1609.0,1555.0,0.0,,,,,0.0,0.0,,71.96,57.92,729.0,,,,270.0,315.0,,,,,98.0,67.0,-9999.0,-9999.0,-9999.0,,,,-9999.0,,,,,-9999.0,-9999.0,,,,
1991,9,18,,,,,,,,,,0.0,,,,,0.0,0.0,,32.0,32.0,,,,,,,,,,,,,-9.0,-9.0,-9.0,,,,-9.0,,,,,-9.0,-9.0,,,,
1991,9,19,100.0,90.0,,,,,35.0,239.0,236.0,0.0,,,,,0.0,0.0,,71.96,62.959999999999994,238.0,,,,,,,,,,113.0,67.0,999.0,999.0,999.0,,,,999.0,,,,,999.0,999.0,,,,
1991,9,20,,,,,,,,,,0.0,,,,,0.0,0.0,,,,,,,,,,,,,,,,,-999.0,-999.0,,,,-999.0,,,,,,,,,,
1991,9,21,,,,,,,,,,,,,,,,,,,,,,,,,,,,,,,,,,,,,,9.0,,,,,,,,,,
1991,9,22,100.0,100.0,,,,,32.0,1609.0,1316.0,,,,,,0.0,0.0,,68.0,62.059999999999995,17.0,,,,,,,,,,62.0,36.0,1.0,9999.0,9999.0,,,,1.0,,,,,1.0,1.0,,,,
1991,9,23,,,,,,,,,,0.0,,,,,0.0,0.0,,,,,,,,,,,,,,,,0.0,-99.0,-99.0,,,,0.0,,,,,,,,,,
1991,9,24,,,,,,,,,,,,,,,,,,,,,,,,,,,,,,,,,99.0,99.0,,,,,,,,,99.0,99.0,,,,
1991,9,25,60.0,30.0,,,,,40.0,1428.0,1459.0,0.0,,,,,0.0,0.0,,73.94,62.959999999999994,547.0,,,,315.0,315.0,,,,,93.0,72.0,1.0,-9999.0,-9999.0,,,,1.0,,,,,-9999.0,-9999.0,,,,
1991,9,26,,,,,,,,,,0.0,,,,,0.0,0.0,,32.0,32.0,,,,,,,,,,,,,0.0,,-9.0,,,,0.0,,,,,-9.0,-9.0,,,,
1991,9,27,70.0,40.0,,,,,42.0,328.0,312.0,0.0,,,,,0.0,0.0,,71.96,60.980000000000004,541.0,,,,,,,,,,93.0,72.0,1.0,1.0,999.0,,,,1.0,,,,,999.0,999.0,,,,
1991,9,28,,,,,,,,,,0.0,,,,,0.0,0.0,,,,,,,,,,,,,,,,0.0,,-999.0,,,,0.0,,,,,-999.0,-999.0,,,,
1991,9,30,50.0,50.0,,,,,37.0,1317.0,1342.0,0.0,,,,,0.0,0.0,,78.08,64.04,676.0,,,,,,,,,,77.0,58.0,9999.0,9999.0,9999.0,,,,1.0,,,,,9999.0,9999.0,,,,
1991,9,31,,,,,,,,,,0.0,,,,,0.0,0.0,,,,,,,,,,,,,,,,,-99.0,,,,,0.0,,,,,-99.0,,,,,
1991,10,1,0.0,0.0,,,,,37.0,1244.0,1241.0,0.0,,,,,0.0,0.0,,87.08000000000001,64.94,712.0,,,,315.0,315.0,,,,,108.0,76.0,-9999.0,-9999.0,,,,,-9999.0,,,,,-9999.0,-9999.0,,,,
1991,10,2,,,,,,,,,,0.0,,,,,0.0,0.0,,32.0,32.0,,,,,,,,,,,,,,-9.0,,,,,,,,,,-9.0,-9.0,,,,
1991,10,3,0.0,0.0,,,,,27.0,357.0,427.0,0.0,,,,,0.0,0.0,,84.91999999999999,64.04,711.0,,,,,,,,,,67.0,45.0,1.0,999.0,,,,,1.0,,,,,999.0,999.0,,,,
1991,10,4,,,,,,,,,,0.0,,,,,0.0,0.0,,,,,,,,,,,,,,,,0.0,,,,,,0.0,,,,,-999.0,-999.0,,,,
1991,10,6,60.0,40.0,,,,,33.0,1434.0,1152.0,0.0,,,,,0.0,0.0,,73.04,64.04,512.0,,,,,,,,,,72.0,36.0,9999.0,9999.0,,,,,1.0,,,,,9999.0,9999.0,,,,
1991,10,7,,,,,,,,,,0.0,,,,,0.0,0.0,,,,,,,,,,,,,,,,-99.0,-99.0,,,,,0.0,,,,,-99.0,-99.0,,,,
1991,10,8,,,,,,,,,,,,,,,,,,,,,,,,,,,,,,,,99.0,99.0,,,,,,,,,,99.0,99.0,,,,
1991,10,9,60.0,50.0,,,,,42.0,1552.0,1618.0,0.0,,,,,0.0,0.0,,73.04,64.04,424.0,,,,315.0,315.0,,,,,82.0,67.0,1.0,-9999.0,,,,,1.0,,,,,-9999.0,-9999.0,,,,
1991,10,10,,,,,,,,,,0.0,,,,,0.0,0.0,,32.0,32.0,,,,,,,,,,,,,0.0,-9.0,,,,,0.0,,,,,-9.0,-9.0,,,,
1991,10,11,40.0,30.0,,,,,42.0,637.0,413.0,0.0,,,,,0.0,0.0,,73.94,62.959999999999994,534.0,,,,,,,,,,98.0,76.0,1.0,999.0,,,,,1.0,,,,,999.0,999.0,,,,
1991,10,12,,,,,,,,,,0.0,,,,,0.0,0.0,,,,,,,,,,,,,,,,0.0,,,,,,0.0,,,,,-999.0,-999.0,,,,
1991,10,14,40.0,30.0,,,,,38.0,1416.0,1217.0,0.0,,,,,0.0,0.0,,77.0,64.94,584.0,,,,,,,,,,87.0,72.0,1.0,9999.0,,,,,1.0,,,,,9999.0,9999.0,,,,
1991,10,15,,,,,,,,,,0.0,,,,,0.0,0.0,,,,,,,,,,,,,,,,0.0,-99.0,,,,,0.0,,,,,-99.0,-99.0,,,,
1991,10,16,,,,,,,,,,,,,,,,,,,,,,,,,,,,,,,,,99.0,,,,,,,,,,99.0,99.0,,,,
1991,10,17,20.0,40.0,,,,,29.0,1506.0,1433.0,0.0,,,,,0.0,0.0,,89.06,64.04,527.0,,,,225.0,225.0,,,,,77.0,49.0,1.0,-9999.0,,,,,1.0,,,,,-9999.0,-9999.0,,,,
1991,10,18,,,,,,,,,,0.0,,,,,0.0,0.0,,32.0,32.0,,,,,,,,,,,,,0.0,-9.0,,,,,0.0,,,,,-9.0,-9.0,,,,
1991,10,19,30.0,20.0,,,,,24.0,226.0,230.0,0.0,,,,,0.0,0.0,,82.04,64.04,669.0,,,,,,,,,,67.0,31.0,1.0,999.0,,,,,1.0,,,,,999.0,999.0,,,,
1991,10,20,,,,,,,,,,0.0,,,,,0.0,0.0,,,,,,,,,,,,,,,,,-999.0,,,,,,,,,,-999.0,-999.0,,,,
1991,10,21,,,,,,,,,,,,,,,,,,,,,,,,,,,,,,,,9.0,,,,,,9.0,,,,,,,,,,
1991,10,22,40.0,10.0,,,,,42.0,1238.0,1238.0,0.0,,,,,0.0,0.0,,73.04,64.04,627.0,,,,,,,,,,93.0,72.0,1.0,9999.0,,,,,1.0,,,,,9999.0,9999.0,,,,
1991,10,23,,,,,,,,,,0.0,,,,,0.0,0.0,,,,,,,,,,,,,,,,0.0,-99.0,,,,,0.0,,,,,,,,,,
1991,10,24,,,,,,,,,,,,,,,,,,,,,,,,,,,,,,,,,99.0,,,,,,,,,,,,,,,
1991,10,25,50.0,30.0,,,,,33.0,1350.0,1339.0,0.0,,,,,0.0,0.0,,71.96,62.059999999999995,490.0,,,,315.0,315.0,,,,,72.0,45.0,1.0,-9999.0,,,,,1.0,,,,,1.0,1.0,,,,
1991,10,26,,,,,,,,,,,,,,,0.0,0.0,,32.0,32.0,,,,,,,,,,,,,0.0,-9.0,,,,,0.0,,,,,,,,,,
1991,10,27,40.0,30.0,,,,,38.0,544.0,526.0,0.0,,,,,0.0,0.0,,71.96,62.059999999999995,540.0,,,,,,,,,,72.0,58.0,1.0,999.0,,,,,1.0,,,,,999.0,999.0,,,,
1991,10,28,,,,,,,,,,0.0,,,,,0.0,0.0,,,,,,,,,,,,,,,,0.0,-999.0,,,,,0.0,,,,,-999.0,-999.0,,,,
1991,10,29,,,,,,,,,,,,,,,,,,,,,,,,,,,,,,,,,9.0,,,,,,,,,,,,,,,
1991,10,30,80.0,70.0,,,,,31.0,1312.0,1555.0,0.0,,,,,0.0,0.0,,75.02,59.0,561.0,,,,,,,,,,62.0,36.0,1.0,1.0,,,,,1.0,,,,,9999.0,9999.0,,,,
1991,10,31,,,,,,,,,,0.0,,,,,0.0,0.0,,,,,,,,,,,,,,,,0.0,,,,,,0.0,,,,,-99.0,-99.0,,,,
1991,11,1,0.0,0.0,,,,,30.0,1518.0,1527.0,0.0,,,,,0.0,0.0,,73.04,50.0,653.0,,,,315.0,315.0,,,,,82.0,76.0,-9999.0,-9999.0,,,,,-9999.0,,,,,-9999.0,-9999.0,,,,
1991,11,2,,,,,,,,,,0.0,,,,,0.0,0.0,,32.0,32.0,,,,,,,,,,,,,,-9.0,,,,,-9.0,,,,,-9.0,-9.0,,,,
1991,11,3,20.0,30.0,,,,,27.0,400.0,427.0,0.0,,,,,0.0,0.0,,73.04,50.0,651.0,,,,,,,,,,72.0,67.0,1.0,999.0,,,,,999.0,,,,,999.0,999.0,,,,
1991,11,4,,,,,,,,,,0.0,,,,,0.0,0.0,,,,,,,,,,,,,,,,,-999.0,,,,,,,,,,-999.0,-999.0,,,,
1991,11,5,,,,,,,,,,,,,,,,,,,,,,,,,,,,,,,,9.0,,,,,,,,,,,,,,,,
1991,11,6,0.0,0.0,,,,,34.0,1437.0,1324.0,0.0,,,,,0.0,0.0,,80.06,51.98,647.0,,,,,,,,,,87.0,67.0,1.0,9999.0,,,,,1.0,,,,,9999.0,9999.0,,,,
1991,11,7,,,,,,,,,,0.0,,,,,0.0,0.0,,,,,,,,,,,,,,,,,-99.0,,,,,0.0,,,,,-99.0,-99.0,,,,
1991,11,8,,,,,,,,,,,,,,,,,,,,,,,,,,,,,,,,99.0,99.0,,,,,,,,,,99.0,99.0,,,,
1991,11,9,20.0,20.0,,,,,24.0,1131.0,1144.0,0.0,,,,,0.0,0.0,,80.06,57.02,558.0,,,,180.0,180.0,,,,,77.0,45.0,1.0,1.0,,,,,1.0,,,,,-9999.0,-9999.0,,,,
1991,11,10,,,,,,,,,,0.0,,,,,0.0,0.0,,32.0,32.0,,,,,,,,,,,,,0.0,,,,,,0.0,,,,,,,,,,
1991,11,11,80.0,50.0,,,,,29.0,346.0,9.0,,,,,,0.0,0.0,,69.98,57.02,413.0,,,,,,,,,,57.0,36.0,1.0,1.0,,,,,1.0,,,,,1.0,1.0,,,,
1991,11,12,,,,,,,,,,0.0,,,,,0.0,0.0,,,,,,,,,,,,,,,,0.0,,,,,,0.0,,,,,,,,,,
1991,11,14,70.0,60.0,,,,,32.0,1051.0,1313.0,0.0,,,,,0.0,0.0,,66.92,60.980000000000004,367.0,,,,,,,,,,72.0,54.0,1.0,9999.0,,,,,1.0,,,,,9999.0,9999.0,,,,
1991,11,15,,,,,,,,,,0.0,,,,,0.0,0.0,,,,,,,,,,,,,,,,,-99.0,,,,,,,,,,-99.0,-99.0,,,,
1991,11,16,,,,,,,,,,,,,,,,,,,,,,,,,,,,,,,,99.0,99.0,,,,,99.0,,,,,99.0,99.0,,,,
1991,11,17,0.0,0.0,,,,,31.0,1257.0,1304.0,0.0,,,,,0.0,0.0,,73.04,57.92,607.0,,,,315.0,315.0,,,,,87.0,67.0,1.0,-9999.0,,,,,1.0,,,,,-9999.0,-9999.0,,,,
1991,11,18,,,,,,,,,,0.0,,,,,0.0,0.0,,32.0,32.0,,,,,,,,,,,,,,-9.0,,,,,0.0,,,,,-9.0,-9.0,,,,
1991,11,19,0.0,0.0,,,,,40.0,3.0,10.0,0.0,,,,,0.0,0.0,,87.98,55.94,634.0,,,,,,,,,,123.0,89.0,999.0,999.0,,,,,1.0,,,,,999.0,999.0,,,,
1991,11,20,,,,,,,,,,0.0,,,,,0.0,0.0,,,,,,,,,,,,,,,,-999.0,-999.0,,,,,,,,,,-999.0,-999.0,,,,
1991,11,21,,,,,,,,,,,,,,,,,,,,,,,,,,,,,,,,9.0,,,,,,9.0,,,,,,,,,,
1991,11,22,80.0,90.0,,,,,64.0,1437.0,1642.0,0.0,,,,,0.0,0.0,,66.02,59.0,285.0,,,,,,,,,,139.0,89.0,1.0,9999.0,,,,,1.0,,,,,9999.0,9999.0,,,,
1991,11,23,,,,,,,,,,0.0,,,,,0.0,0.0,,,,,,,,,,,,,,,,,-99.0,,,,,,,,,,-99.0,-99.0,,,,
1991,11,24,,,,,,,,,,,,,,,,,,,,,,,,,,,,,,,,99.0,99.0,,,,,99.0,,,,,99.0,99.0,,,,
1991,11,25,0.0,0.0,,,,,32.0,1519.0,1552.0,0.0,,,,,0.0,0.0,,66.92,50.0,629.0,,,,315.0,315.0,,,,,93.0,40.0,-9999.0,-9999.0,,,,,-9999.0,,,,,-9999.0,-9999.0,,,,
1991,11,26,,,,,,,,,,0.0,,,,,0.0,0.0,,32.0,32.0,,,,,,,,,,,,,-9.0,-9.0,,,,,-9.0,,,,,-9.0,,,,,
1991,11,27,50.0,20.0,,,,,31.0,307.0,437.0,,,,,,0.0,0.0,,66.02,50.0,547.0,,,,,,,,,,77.0,54.0,999.0,999.0,,,,,999.0,,,,,999.0,1.0,,,,
1991,11,28,,,,,,,,,,,,,,,0.0,0.0,,,,,,,,,,,,,,,,-999.0,-999.0,,,,,-999.0,,,,,-999.0,0.0,,,,
1991,11,30,0.0,0.0,,,,,31.0,1431.0,1443.0,0.0,,,,,0.0,0.0,,73.94,48.02,622.0,,,,,,,,,,77.0,67.0,9999.0,9999.0,,,,,9999.0,,,,,9999.0,9999.0,,,,
1991,11,31,,,,,,,,,,0.0,,,,,0.0,0.0,,,32.0,,,,,,,,,,,,,-99.0,-99.0,,,,,-99.0,,,,,-99.0,-99.0,,,,
1991,12,1,30.0,40.0,,,,,27.0,1409.0,1412.0,0.0,,,,,0.0,0.0,,62.959999999999994,42.08,590.0,,,,315.0,315.0,,,,,93.0,63.0,-9999.0,-9999.0,-9999.0,,,,-9999.0,,,,,-9999.0,-9999.0,,,,
1991,12,2,,,,,,,,,,0.0,,,,,0.0,0.0,,32.0,32.0,,,,,,,,,,,,,-9.0,-9.0,-9.0,,,,-9.0,,,,,-9.0,-9.0,,,,
1991,12,3,0.0,0.0,,,,,27.0,423.0,404.0,0.0,,,,,0.0,0.0,,62.959999999999994,42.08,609.0,,,,,,,,,,72.0,45.0,999.0,999.0,999.0,,,,999.0,,,,,999.0,999.0,,,,
1991,12,4,,,,,,,,,,0.0,,,,,0.0,0.0,,,,,,,,,,,,,,,,-999.0,-999.0,-999.0,,,,-999.0,,,,,-999.0,-999.0,,,,
1991,12,6,90.0,100.0,,,,,25.0,1354.0,1343.0,0.0,,,,,0.0,0.0,,66.92,48.92,512.0,,,,,,,,,,77.0,40.0,9999.0,9999.0,9999.0,,,,9999.0,,,,,9999.0,9999.0,,,,
1991,12,7,,,,,,,,,,0.0,,,,,0.0,0.0,,,,,,,,,,,,,,,,,,-99.0,,,,,,,,,-99.0,-99.0,,,,
1991,12,8,,,,,,,,,,,,,,,,,,,,,,,,,,,,,,,,,,99.0,,,,,,,,,99.0,99.0,,,,
1991,12,9,30.0,10.0,,,,,29.0,1303.0,1325.0,0.0,,,,,0.0,0.0,,62.059999999999995,46.04,557.0,,,,315.0,315.0,,,,,72.0,49.0,1.0,1.0,-9999.0,,,,1.0,,,,,-9999.0,-9999.0,,,,
1991,12,10,,,,,,,,,,0.0,,,,,0.0,0.0,,32.0,32.0,,,,,,,,,,,,,0.0,,-9.0,,,,0.0,,,,,-9.0,-9.0,,,,
1991,12,11,90.0,100.0,,,,,30.0,200.0,137.0,0.0,,,,,0.0,0.0,,57.92,48.92,18.0,,,,,,,,,,67.0,36.0,1.0,999.0,999.0,,,,1.0,,,,,999.0,999.0,,,,
1991,12,12,,,,,,,,,,,,,,,0.0,0.0,,,,,,,,,,,,,,,,,-999.0,-999.0,,,,,,,,,-999.0,,,,,
1991,12,14,100.0,100.0,,,,,35.0,2356.0,2125.0,3.0,,,,,0.0,0.0,,71.96,55.04,112.0,,,,,,,,,,98.0,63.0,9999.0,9999.0,9999.0,,,,9999.0,,,,,9999.0,1.0,,,,
1991,12,15,,,,,,,,,,0.0,,,,,0.0,0.0,,,,,,,,,,,,,,,,-99.0,-99.0,-99.0,,,,-99.0,,,,,-99.0,0.0,,,,
1991,12,16,,,,,,,,,,,,,,,,,,,,,,,,,,,,,,,,99.0,99.0,99.0,,,,99.0,,,,,99.0,,,,,
1991,12,17,100.0,100.0,,,,,30.0,1529.0,1525.0,0.0,,,,,0.0,0.0,,64.04,57.02,160.0,,,,225.0,225.0,,,,,62.0,45.0,-9999.0,-9999.0,-9999.0,,,,-9999.0,,,,,-9999.0,1.0,,,,
1991,12,18,,,,,,,,,,,,,,,0.0,0.0,,32.0,32.0,,,,,,,,,,,,,,-9.0,-9.0,,,,,,,,,-9.0,,,,,
1991,12,19,10.0,10.0,,,,,32.0,428.0,451.0,0.0,,,,,0.0,0.0,,66.02,51.98,578.0,,,,,,,,,,82.0,63.0,1.0,999.0,999.0,,,,1.0,,,,,999.0,999.0,,,,
1991,12,20,,,,,,,,,,0.0,,,,,0.0,0.0,,,,,,,,,,,,,,,,0.0,-999.0,-999.0,,,,0.0,,,,,-999.0,-999.0,,,,
1991,12,22,10.0,10.0,,,,,27.0,1349.0,1355.0,0.0,,,,,0.0,0.0,,77.0,44.96,601.0,,,,,,,,,,82.0,67.0,1.0,9999.0,9999.0,,,,1.0,,,,,9999.0,9999.0,,,,
1991,12,23,,,,,,,,,,0.0,,,,,0.0,0.0,,,32.0,,,,,,,,,,,,,0.0,-99.0,-99.0,,,,,,,,,-99.0,-99.0,,,,
1991,12,24,,,,,,,,,,,,,,,,,,,,,,,,,,,,,,,,,99.0,99.0,,,,99.0,,,,,99.0,99.0,,,,
1991,12,25,80.0,100.0,,,,,18.0,1140.0,1331.0,0.0,,,,,0.0,0.0,,71.96,50.0,507.0,,,,225.0,225.0,,,,,51.0,27.0,-9999.0,-9999.0,-9999.0,,,,-9999.0,,,,,-9999.0,-9999.0,,,,
1991,12,26,,,,,,,,,,0.0,,,,,0.0,0.0,,32.0,32.0,,,,,,,,,,,,,,-9.0,,,,,-9.0,,,,,-9.0,,,,,
1991,12,27,100.0,100.0,,,,,23.0,218.0,117.0,86.0,,,,,0.0,0.0,,62.059999999999995,55.04,265.0,,,,,,,,,,62.0,36.0,1.0,999.0,1.0,,,,999.0,,,,,999.0,1.0,,,,
1991,12,28,,,,,,,,,,0.0,,,,,0.0,0.0,,,,,,,,,,,,,,,,0.0,-999.0,,,,,-999.0,,,,,,0.0,,,,
1991,12,30,40.0,40.0,,,,,69.0,1046.0,1013.0,8.0,,,,,0.0,0.0,,59.0,48.92,514.0,,,,,,,,,,195.0,134.0,9999.0,9999.0,9999.0,,,,9999.0,,,,,9999.0,1.0,,,,
1991,12,31,,,,,,,,,,0.0,,,,,0.0,0.0,,,32.0,,,,,,,,,,,,,-99.0,-99.0,-99.0,,,,-99.0,,,,,-99.0,,,,,
1992,1,1,70.0,100.0,,,,,21.0,831.0,1012.0,0.0,,,,,0.0,0.0,,68.0,44.96,526.0,,,,360.0,45.0,,,,,51.0,36.0,-9999.0,-9999.0,,,,,-9999.0,,,,,,-9999.0,,,,
1992,1,2,,,,,,,,,,0.0,,,,,0.0,0.0,,32.0,32.0,,,,,,,,,,,,,-9.0,-9.0,,,,,-9.0,,,,,,,,,,
1992,1,3,90.0,80.0,,,,,28.0,148.0,102.0,13.0,,,,,0.0,0.0,,75.02,51.08,441.0,,,,,,,,,,93.0,72.0,999.0,999.0,,,,,999.0,,,,,,1.0,,,,
1992,1,4,,,,,,,,,,,,,,,0.0,0.0,,,,,,,,,,,,,,,,,-999.0,,,,,-999.0,,,,,,0.0,,,,
1992,1,6,30.0,10.0,,,,,26.0,1351.0,1208.0,0.0,,,,,0.0,0.0,,66.02,51.08,551.0,,,,,,,,,,57.0,36.0,9999.0,9999.0,,,,,9999.0,,,,,,9999.0,,,,
1992,1,7,,,,,,,,,,,,,,,0.0,0.0,,,,,,,,,,,,,,,,,-99.0,,,,,-99.0,,,,,,,,,,
1992,1,8,,,,,,,,,,,,,,,,,,,,,,,,,,,,,,,,,99.0,,,,,99.0,,,,,,,,,,
1992,1,9,80.0,70.0,,,,,55.0,1233.0,1427.0,38.0,,,,,0.0,0.0,,60.08,51.08,389.0,,,,315.0,315.0,,,,,108.0,89.0,1.0,-9999.0,,,,,-9999.0,,,,,,1.0,,,,
1992,1,10,,,,,,,,,,0.0,,,,,0.0,0.0,,32.0,32.0,,,,,,,,,,,,,0.0,-9.0,,,,,-9.0,,,,,,0.0,,,,
1992,1,11,100.0,100.0,,,,,48.0,21.0,25.0,137.0,,,,,0.0,0.0,,57.02,48.92,23.0,,,,,,,,,,98.0,67.0,1.0,999.0,,,,,999.0,,,,,,1.0,,,,
1992,1,12,,,,,,,,,,0.0,,,,,0.0,0.0,,,,,,,,,,,,,,,,,-999.0,,,,,-999.0,,,,,,,,,,
1992,1,14,0.0,0.0,,,,,29.0,1319.0,1317.0,0.0,,,,,0.0,0.0,,66.02,42.980000000000004,586.0,,,,,,,,,,98.0,76.0,9999.0,9999.0,,,,,9999.0,,,,,,9999.0,,,,
1992,1,15,,,,,,,,,,0.0,,,,,0.0,0.0,,,32.0,,,,,,,,,,,,,-99.0,-99.0,,,,,-99.0,,,,,,-99.0,,,,
1992,1,16,,,,,,,,,,,,,,,,,,,,,,,,,,,,,,,,99.0,99.0,,,,,99.0,,,,,,99.0,,,,
1992,1,17,30.0,20.0,,,,,34.0,1633.0,1622.0,0.0,,,,,0.0,0.0,,66.92,46.04,572.0,,,,225.0,225.0,,,,,82.0,63.0,-9999.0,-9999.0,,,,,-9999.0,,,,,,-9999.0,,,,
1992,1,18,,,,,,,,,,0.0,,,,,0.0,0.0,,32.0,32.0,,,,,,,,,,,,,-9.0,-9.0,,,,,-9.0,,,,,,-9.0,,,,
1992,1,19,10.0,20.0,,,,,29.0,357.0,348.0,0.0,,,,,0.0,0.0,,62.959999999999994,44.96,591.0,,,,,,,,,,72.0,40.0,999.0,999.0,,,,,999.0,,,,,,999.0,,,,
1992,1,20,,,,,,,,,,0.0,,,,,0.0,0.0,,,,,,,,,,,,,,,,-999.0,-999.0,,,,,-999.0,,,,,,-999.0,,,,
1992,1,22,0.0,0.0,,,,,25.0,1559.0,1551.0,0.0,,,,,0.0,0.0,,62.959999999999994,42.08,609.0,,,,,,,,,,77.0,63.0,9999.0,9999.0,,,,,9999.0,,,,,,9999.0,,,,
1992,1,23,,,,,,,,,,0.0,,,,,0.0,0.0,,,32.0,,,,,,,,,,,,,-99.0,-99.0,,,,,-99.0,,,,,,-99.0,,,,
1992,1,24,,,,,,,,,,,,,,,,,,,,,,,,,,,,,,,,99.0,99.0,,,,,99.0,,,,,,99.0,,,,
1992,1,25,10.0,10.0,,,,,26.0,1408.0,1411.0,0.0,,,,,0.0,0.0,,71.06,44.06,613.0,,,,360.0,360.0,,,,,67.0,54.0,-9999.0,-9999.0,,,,,-9999.0,,,,,,-9999.0,,,,
1992,1,26,,,,,,,,,,0.0,,,,,0.0,0.0,,32.0,32.0,,,,,,,,,,,,,,-9.0,,,,,-9.0,,,,,,-9.0,,,,
1992,1,27,60.0,100.0,,,,,23.0,418.0,601.0,0.0,,,,,0.0,0.0,,62.959999999999994,42.980000000000004,602.0,,,,,,,,,,51.0,27.0,1.0,999.0,,,,,999.0,,,,,,999.0,,,,
1992,1,28,,,,,,,,,,0.0,,,,,0.0,0.0,,,,,,,,,,,,,,,,0.0,-999.0,,,,,-999.0,,,,,,-999.0,,,,
1992,1,30,30.0,10.0,,,,,26.0,1109.0,1011.0,0.0,,,,,0.0,0.0,,71.96,48.02,618.0,,,,,,,,,,82.0,58.0,9999.0,9999.0,,,,,9999.0,,,,,,9999.0,,,,
1992,1,31,,,,,,,,,,0.0,,,,,0.0,0.0,,,32.0,,,,,,,,,,,,,-99.0,-99.0,,,,,-99.0,,,,,,-99.0,,,,
1992,2,1,100.0,90.0,,,,,28.0,1558.0,1513.0,0.0,,,,,0.0,0.0,,66.02,50.0,449.0,,,,315.0,315.0,,,,,82.0,63.0,1.0,-9999.0,,,,,-9999.0,,,,,-9999.0,-9999.0,,,,
1992,2,2,,,,,,,,,,0.0,,,,,0.0,0.0,,32.0,32.0,,,,,,,,,,,,,0.0,-9.0,,,,,,,,,,-9.0,-9.0,,,,
1992,2,3,80.0,80.0,,,,,32.0,556.0,616.0,0.0,,,,,0.0,0.0,,66.92,51.98,419.0,,,,,,,,,,93.0,76.0,1.0,999.0,,,,,1.0,,,,,999.0,999.0,,,,
1992,2,4,,,,,,,,,,0.0,,,,,0.0,0.0,,,,,,,,,,,,,,,,,-999.0,,,,,,,,,,-999.0,-999.0,,,,
1992,2,6,20.0,10.0,,,,,19.0,1331.0,1343.0,0.0,,,,,0.0,0.0,,75.92,48.92,617.0,,,,,,,,,,67.0,45.0,9999.0,9999.0,,,,,9999.0,,,,,9999.0,9999.0,,,,
1992,2,7,,,,,,,,,,0.0,,,,,0.0,0.0,,,,,,,,,,,,,,,,-99.0,-99.0,,,,,-99.0,,,,,-99.0,,,,,
1992,2,8,,,,,,,,,,,,,,,,,,,,,,,,,,,,,,,,99.0,99.0,,,,,99.0,,,,,99.0,,,,,
1992,2,9,100.0,100.0,,,,,49.0,2325.0,1444.0,302.0,,,,,0.0,0.0,,64.04,57.92,1.0,,,,225.0,225.0,,,,,134.0,58.0,1.0,-9999.0,,,,,-9999.0,,,,,-9999.0,1.0,,,,
1992,2,10,,,,,,,,,,0.0,,,,,0.0,0.0,,32.0,32.0,,,,,,,,,,,,,0.0,-9.0,,,,,-9.0,,,,,-9.0,0.0,,,,
1992,2,11,70.0,50.0,,,,,37.0,656.0,248.0,5.0,,,,,0.0,0.0,,64.04,57.02,449.0,,,,,,,,,,67.0,49.0,1.0,999.0,,,,,999.0,,,,,999.0,1.0,,,,
1992,2,12,,,,,,,,,,0.0,,,,,0.0,0.0,,,,,,,,,,,,,,,,,-999.0,,,,,-999.0,,,,,-999.0,,,,,
1992,2,13,,,,,,,,,,,,,,,,,,,,,,,,,,,,,,,,9.0,,,,,,,,,,,,9.0,,,,
1992,2,14,60.0,60.0,,,,,50.0,2312.0,2207.0,109.0,,,,,0.0,0.0,,64.04,51.98,530.0,,,,,,,,,,139.0,103.0,1.0,9999.0,,,,,9999.0,,,,,9999.0,1.0,,,,
1992,2,15,,,,,,,,,,0.0,,,,,0.0,0.0,,,,,,,,,,,,,,,,0.0,-99.0,,,,,-99.0,,,,,-99.0,0.0,,,,
1992,2,16,,,,,,,,,,,,,,,,,,,,,,,,,,,,,,,,,99.0,,,,,99.0,,,,,99.0,,,,,
1992,2,17,80.0,80.0,,,,,51.0,1358.0,1516.0,0.0,,,,,0.0,0.0,,64.04,57.92,358.0,,,,225.0,225.0,,,,,93.0,58.0,-9999.0,-9999.0,,,,,-9999.0,,,,,-9999.0,1.0,,,,
1992,2,18,,,,,,,,,,,,,,,0.0,0.0,,32.0,32.0,,,,,,,,,,,,,,-9.0,,,,,-9.0,,,,,-9.0,0.0,,,,
1992,2,19,100.0,100.0,,,,,67.0,751.0,408.0,147.0,,,,,0.0,0.0,,64.04,57.02,31.0,,,,,,,,,,164.0,85.0,1.0,999.0,,,,,999.0,,,,,999.0,1.0,,,,
1992,2,20,,,,,,,,,,,,,,,0.0,0.0,,,,,,,,,,,,,,,,0.0,-999.0,,,,,-999.0,,,,,-999.0,0.0,,,,
1992,2,22,90.0,80.0,,,,,43.0,1227.0,152.0,23.0,,,,,0.0,0.0,,62.959999999999994,53.96,413.0,,,,,,,,,,82.0,49.0,1.0,9999.0,,,,,9999.0,,,,,9999.0,1.0,,,,
1992,2,23,,,,,,,,,,,,,,,0.0,0.0,,,,,,,,,,,,,,,,,-99.0,,,,,-99.0,,,,,-99.0,0.0,,,,
1992,2,24,,,,,,,,,,,,,,,,,,,,,,,,,,,,,,,,99.0,99.0,,,,,99.0,,,,,99.0,,,,,
1992,2,25,60.0,70.0,,,,,34.0,1459.0,1443.0,13.0,,,,,0.0,0.0,,60.980000000000004,50.0,398.0,,,,315.0,315.0,,,,,82.0,54.0,-9999.0,-9999.0,,,,,-9999.0,,,,,-9999.0,1.0,,,,
1992,2,26,,,,,,,,,,0.0,,,,,0.0,0.0,,32.0,32.0,,,,,,,,,,,,,-9.0,-9.0,,,,,-9.0,,,,,-9.0,,,,,
1992,2,27,80.0,70.0,,,,,37.0,555.0,157.0,0.0,,,,,0.0,0.0,,62.959999999999994,50.0,528.0,,,,,,,,,,87.0,76.0,999.0,999.0,,,,,999.0,,,,,999.0,999.0,,,,
1992,2,28,,,,,,,,,,0.0,,,,,0.0,0.0,,,,,,,,,,,,,,,,-999.0,-999.0,,,,,-999.0,,,,,-999.0,-999.0,,,,
1992,2,29,,,,,,,,,,,,,,,,,,,,,,,,,,,,,,,,9.0,,,,,,9.0,,,,,9.0,9.0,,,,
1992,2,30,50.0,30.0,,,,,39.0,1435.0,2245.0,,,,,,0.0,0.0,,66.02,51.08,574.0,,,,,,,,,,87.0,76.0,1.0,9999.0,,,,,1.0,,,,,1.0,1.0,,,,
1992,2,31,,,,,,,,,,0.0,,,,,0.0,0.0,,,,,,,,,,,,,,,,0.0,-99.0,,,,,,,,,,,0.0,,,,
1992,3,1,100.0,100.0,,,,,53.0,1839.0,1933.0,3.0,,,,,0.0,0.0,,71.96,59.0,169.0,,,,135.0,180.0,,,,,144.0,85.0,1.0,,-9999.0,,,,-9999.0,,,,,,1.0,,,,
1992,3,2,,,,,,,,,,0.0,,,,,0.0,0.0,,32.0,32.0,,,,,,,,,,,,,0.0,,-9.0,,,,-9.0,,,,,,0.0,,,,
1992,3,3,90.0,100.0,,,,,62.0,244.0,212.0,495.0,,,,,0.0,0.0,,64.04,53.96,131.0,,,,,,,,,,170.0,121.0,1.0,,999.0,,,,999.0,,,,,,1.0,,,,
1992,3,4,,,,,,,,,,,,,,,0.0,0.0,,,,,,,,,,,,,,,,0.0,,-999.0,,,,-999.0,,,,,,0.0,,,,
1992,3,6,80.0,70.0,,,,,38.0,1120.0,1326.0,20.0,,,,,0.0,0.0,,64.04,55.94,314.0,,,,,,,,,,93.0,63.0,1.0,,9999.0,,,,9999.0,,,,,,1.0,,,,
1992,3,7,,,,,,,,,,0.0,,,,,0.0,0.0,,,,,,,,,,,,,,,,,,-99.0,,,,-99.0,,,,,,,,,,
1992,3,8,,,,,,,,,,,,,,,,,,,,,,,,,,,,,,,,99.0,,99.0,,,,99.0,,,,,,99.0,,,,
1992,3,9,100.0,100.0,,,,,40.0,922.0,717.0,0.0,,,,,0.0,0.0,,62.959999999999994,55.94,54.0,,,,135.0,180.0,,,,,82.0,45.0,-9999.0,,-9999.0,,,,-9999.0,,,,,,1.0,,,,
1992,3,10,,,,,,,,,,,,,,,0.0,0.0,,32.0,32.0,,,,,,,,,,,,,,,-9.0,,,,-9.0,,,,,,0.0,,,,
1992,3,11,80.0,80.0,,,,,40.0,347.0,408.0,36.0,,,,,0.0,0.0,,62.059999999999995,51.98,447.0,,,,,,,,,,103.0,63.0,1.0,,999.0,,,,999.0,,,,,,1.0,,,,
1992,3,12,,,,,,,,,,,,,,,0.0,0.0,,,,,,,,,,,,,,,,,,,,,,-999.0,,,,,,0.0,,,,
1992,3,14,60.0,80.0,,,,,32.0,1655.0,1654.0,5.0,,,,,0.0,0.0,,62.059999999999995,53.06,94.0,,,,,,,,,,67.0,45.0,9999.0,,9999.0,,,,9999.0,,,,,,1.0,,,,
1992,3,15,,,,,,,,,,0.0,,,,,0.0,0.0,,,,,,,,,,,,,,,,-99.0,,-99.0,,,,,,,,,,,,,,
1992,3,16,,,,,,,,,,,,,,,,,,,,,,,,,,,,,,,,99.0,,99.0,,,,,,,,,,99.0,,,,
1992,3,17,40.0,30.0,,,,,30.0,1305.0,1522.0,0.0,,,,,0.0,0.0,,66.02,55.04,586.0,,,,315.0,315.0,,,,,72.0,45.0,1.0,,-9999.0,,,,1.0,,,,,,-9999.0,,,,
1992,3,18,,,,,,,,,,0.0,,,,,0.0,0.0,,32.0,32.0,,,,,,,,,,,,,0.0,,-9.0,,,,0.0,,,,,,-9.0,,,,
1992,3,19,60.0,40.0,,,,,32.0,259.0,212.0,0.0,,,,,0.0,0.0,,66.02,57.02,501.0,,,,,,,,,,72.0,45.0,1.0,,999.0,,,,1.0,,,,,,999.0,,,,
1992,3,20,,,,,,,,,,0.0,,,,,0.0,0.0,,,,,,,,,,,,,,,,,,-999.0,,,,0.0,,,,,,-999.0,,,,
1992,3,22,70.0,90.0,,,,,39.0,1359.0,1238.0,0.0,,,,,0.0,0.0,,66.02,53.96,619.0,,,,,,,,,,103.0,76.0,9999.0,,9999.0,,,,1.0,,,,,,9999.0,,,,
1992,3,23,,,,,,,,,,0.0,,,,,0.0,0.0,,,,,,,,,,,,,,,,-99.0,,-99.0,,,,,,,,,,-99.0,,,,
1992,3,24,,,,,,,,,,,,,,,,,,,,,,,,,,,,,,,,99.0,,99.0,,,,99.0,,,,,,99.0,,,,
1992,3,25,70.0,80.0,,,,,36.0,1305.0,1404.0,0.0,,,,,0.0,0.0,,66.02,53.96,475.0,,,,270.0,315.0,,,,,87.0,63.0,-9999.0,,-9999.0,,,,-9999.0,,,,,,-9999.0,,,,
1992,3,26,,,,,,,,,,0.0,,,,,0.0,0.0,,32.0,32.0,,,,,,,,,,,,,-9.0,,-9.0,,,,-9.0,,,,,,-9.0,,,,
1992,3,27,50.0,40.0,,,,,41.0,356.0,517.0,0.0,,,,,0.0,0.0,,66.02,57.02,617.0,,,,,,,,,,82.0,45.0,999.0,,999.0,,,,999.0,,,,,,999.0,,,,
1992,3,28,,,,,,,,,,0.0,,,,,0.0,0.0,,,,,,,,,,,,,,,,-999.0,,-999.0,,,,-999.0,,,,,,-999.0,,,,
1992,3,30,10.0,10.0,,,,,30.0,1535.0,1323.0,0.0,,,,,0.0,0.0,,64.94,51.98,705.0,,,,,,,,,,67.0,36.0,9999.0,,9999.0,,,,9999.0,,,,,,9999.0,,,,
1992,3,31,,,,,,,,,,0.0,,,,,0.0,0.0,,,,,,,,,,,,,,,,,,-99.0,,,,-99.0,,,,,,,,,,
1992,4,1,90.0,90.0,,,,,43.0,1739.0,1713.0,71.0,,,,,0.0,0.0,,71.06,57.02,309.0,,,,360.0,315.0,,,,,118.0,80.0,-9999.0,,,,,,-9999.0,,,,,-9999.0,1.0,,,,
1992,4,2,,,,,,,,,,0.0,,,,,0.0,0.0,,32.0,32.0,,,,,,,,,,,,,-9.0,,,,,,-9.0,,,,,-9.0,,,,,
1992,4,3,50.0,50.0,,,,,39.0,439.0,442.0,0.0,,,,,0.0,0.0,,69.98,57.02,571.0,,,,,,,,,,93.0,67.0,999.0,,,,,,999.0,,,,,999.0,999.0,,,,
1992,4,4,,,,,,,,,,0.0,,,,,0.0,0.0,,,,,,,,,,,,,,,,-999.0,,,,,,-999.0,,,,,-999.0,-999.0,,,,
1992,4,6,100.0,100.0,,,,,36.0,1553.0,1553.0,0.0,,,,,0.0,0.0,,66.02,62.059999999999995,20.0,,,,,,,,,,72.0,58.0,9999.0,,,,,,9999.0,,,,,9999.0,9999.0,,,,
1992,4,7,,,,,,,,,,0.0,,,,,0.0,0.0,,,,,,,,,,,,,,,,-99.0,,,,,,,,,,,,,,,,
1992,4,8,,,,,,,,,,,,,,,,,,,,,,,,,,,,,,,,99.0,,,,,,,,,,,,,,,,
1992,4,9,90.0,90.0,,,,,38.0,1558.0,1208.0,0.0,,,,,0.0,0.0,,68.0,60.08,257.0,,,,225.0,315.0,,,,,87.0,49.0,-9999.0,,,,,,-9999.0,,,,,-9999.0,-9999.0,,,,
1992,4,10,,,,,,,,,,0.0,,,,,0.0,0.0,,32.0,32.0,,,,,,,,,,,,,-9.0,,,,,,,,,,,-9.0,-9.0,,,,
1992,4,11,70.0,70.0,,,,,37.0,314.0,404.0,0.0,,,,,0.0,0.0,,69.98,59.0,538.0,,,,,,,,,,87.0,76.0,999.0,,,,,,1.0,,,,,999.0,999.0,,,,
1992,4,12,,,,,,,,,,0.0,,,,,0.0,0.0,,,,,,,,,,,,,,,,-999.0,,,,,,0.0,,,,,-999.0,-999.0,,,,
1992,4,13,,,,,,,,,,,,,,,,,,,,,,,,,,,,,,,,9.0,,,,,,,,,,,,,,,,
1992,4,14,60.0,50.0,,,,,34.0,1814.0,1241.0,0.0,,,,,0.0,0.0,,69.98,60.980000000000004,527.0,,,,,,,,,,82.0,54.0,1.0,,,,,,1.0,,,,,9999.0,9999.0,,,,
1992,4,15,,,,,,,,,,0.0,,,,,0.0,0.0,,,,,,,,,,,,,,,,,,,,,,0.0,,,,,-99.0,-99.0,,,,
1992,4,16,,,,,,,,,,,,,,,,,,,,,,,,,,,,,,,,99.0,,,,,,,,,,,99.0,99.0,,,,
1992,4,17,70.0,60.0,,,,,49.0,1352.0,1433.0,0.0,,,,,0.0,0.0,,69.98,60.08,616.0,,,,315.0,315.0,,,,,98.0,76.0,1.0,,,,,,1.0,,,,,-9999.0,-9999.0,,,,
1992,4,18,,,,,,,,,,0.0,,,,,0.0,0.0,,32.0,32.0,,,,,,,,,,,,,,,,,,,0.0,,,,,-9.0,-9.0,,,,
1992,4,19,80.0,100.0,,,,,44.0,647.0,455.0,0.0,,,,,0.0,0.0,,69.98,60.08,536.0,,,,,,,,,,93.0,72.0,999.0,,,,,,1.0,,,,,999.0,999.0,,,,
1992,4,20,,,,,,,,,,0.0,,,,,0.0,0.0,,,,,,,,,,,,,,,,-999.0,,,,,,,,,,,-999.0,-999.0,,,,
1992,4,22,70.0,80.0,,,,,41.0,1302.0,1205.0,0.0,,,,,0.0,0.0,,69.08,60.08,598.0,,,,,,,,,,87.0,49.0,9999.0,,,,,,9999.0,,,,,9999.0,9999.0,,,,
1992,4,23,,,,,,,,,,0.0,,,,,0.0,0.0,,,,,,,,,,,,,,,,-99.0,,,,,,-99.0,,,,,,,,,,
1992,4,24,,,,,,,,,,,,,,,,,,,,,,,,,,,,,,,,99.0,,,,,,99.0,,,,,,,,,,
1992,4,25,40.0,30.0,,,,,37.0,1612.0,1551.0,0.0,,,,,0.0,0.0,,71.96,59.0,725.0,,,,270.0,315.0,,,,,87.0,67.0,1.0,,,,,,-9999.0,,,,,-9999.0,-9999.0,,,,
1992,4,26,,,,,,,,,,0.0,,,,,0.0,0.0,,32.0,32.0,,,,,,,,,,,,,0.0,,,,,,,,,,,-9.0,-9.0,,,,
1992,4,27,90.0,100.0,,,,,36.0,154.0,202.0,0.0,,,,,0.0,0.0,,73.04,60.980000000000004,645.0,,,,,,,,,,77.0,54.0,1.0,,,,,,1.0,,,,,999.0,999.0,,,,
1992,4,28,,,,,,,,,,0.0,,,,,0.0,0.0,,,,,,,,,,,,,,,,0.0,,,,,,0.0,,,,,-999.0,-999.0,,,,
1992,4,30,20.0,30.0,,,,,35.0,1230.0,1217.0,0.0,,,,,0.0,0.0,,78.08,62.059999999999995,707.0,,,,,,,,,,93.0,72.0,1.0,,,,,,1.0,,,,,9999.0,9999.0,,,,
1992,4,31,,,,,,,,,,0.0,,,,,0.0,0.0,,,,,,,,,,,,,,,,0.0,,,,,,,,,,,-99.0,-99.0,,,,
1992,5,1,20.0,20.0,,,,,38.0,1429.0,1441.0,0.0,,,,,0.0,0.0,,75.02,62.959999999999994,772.0,,,,315.0,315.0,,,,,77.0,54.0,-9999.0,,,,,,-9999.0,,,,,-9999.0,-9999.0,,,,
1992,5,2,,,,,,,,,,0.0,,,,,0.0,0.0,,32.0,32.0,,,,,,,,,,,,,-9.0,,,,,,-9.0,,,,,-9.0,-9.0,,,,
1992,5,3,50.0,60.0,,,,,37.0,403.0,50.0,0.0,,,,,0.0,0.0,,75.02,60.08,771.0,,,,,,,,,,82.0,49.0,999.0,,,,,,999.0,,,,,999.0,999.0,,,,
1992,5,4,,,,,,,,,,0.0,,,,,0.0,0.0,,,,,,,,,,,,,,,,-999.0,,,,,,-999.0,,,,,-999.0,-999.0,,,,
1992,5,6,100.0,100.0,,,,,40.0,1217.0,1233.0,0.0,,,,,0.0,0.0,,71.06,64.04,516.0,,,,,,,,,,72.0,54.0,9999.0,,,,,,9999.0,,,,,9999.0,9999.0,,,,
1992,5,7,,,,,,,,,,0.0,,,,,0.0,0.0,,,,,,,,,,,,,,,,-99.0,,,,,,-99.0,,,,,-99.0,-99.0,,,,
1992,5,8,,,,,,,,,,,,,,,,,,,,,,,,,,,,,,,,99.0,,,,,,99.0,,,,,99.0,99.0,,,,
1992,5,9,100.0,100.0,,,,,46.0,1459.0,1525.0,0.0,,,,,0.0,0.0,,73.94,64.94,175.0,,,,315.0,315.0,,,,,87.0,72.0,-9999.0,,,,,,-9999.0,,,,,-9999.0,-9999.0,,,,
1992,5,10,,,,,,,,,,0.0,,,,,0.0,0.0,,32.0,32.0,,,,,,,,,,,,,,,,,,,,,,,,,,,,,
1992,5,11,100.0,100.0,,,,,54.0,401.0,257.0,3.0,,,,,0.0,0.0,,71.96,64.04,46.0,,,,,,,,,,103.0,80.0,1.0,,,,,,1.0,,,,,1.0,1.0,,,,
1992,5,12,,,,,,,,,,0.0,,,,,0.0,0.0,,,,,,,,,,,,,,,,0.0,,,,,,0.0,,,,,,0.0,,,,
1992,5,14,100.0,100.0,,,,,49.0,1359.0,1408.0,,,,,,0.0,0.0,,66.02,62.059999999999995,4.0,,,,,,,,,,87.0,58.0,1.0,,,,,,1.0,,,,,1.0,1.0,,,,
1992,5,15,,,,,,,,,,0.0,,,,,0.0,0.0,,,,,,,,,,,,,,,,,,,,,,,,,,,,,,,,
1992,5,16,,,,,,,,,,,,,,,,,,,,,,,,,,,,,,,,99.0,,,,,,99.0,,,,,99.0,99.0,,,,
1992,5,17,90.0,80.0,,,,,36.0,1409.0,1225.0,0.0,,,,,0.0,0.0,,75.02,64.94,365.0,,,,225.0,270.0,,,,,77.0,45.0,-9999.0,,,,,,-9999.0,,,,,-9999.0,-9999.0,,,,
1992,5,18,,,,,,,,,,0.0,,,,,0.0,0.0,,32.0,32.0,,,,,,,,,,,,,-9.0,,,,,,-9.0,,,,,-9.0,-9.0,,,,
1992,5,19,60.0,30.0,,,,,45.0,141.0,353.0,0.0,,,,,0.0,0.0,,75.92,64.94,742.0,,,,,,,,,,98.0,67.0,999.0,,,,,,999.0,,,,,999.0,999.0,,,,
1992,5,20,,,,,,,,,,0.0,,,,,0.0,0.0,,,,,,,,,,,,,,,,-999.0,,,,,,-999.0,,,,,-999.0,-999.0,,,,
1992,5,22,90.0,80.0,,,,,46.0,1511.0,1358.0,0.0,,,,,0.0,0.0,,73.04,64.04,384.0,,,,,,,,,,98.0,72.0,9999.0,,,,,,9999.0,,,,,9999.0,9999.0,,,,
1992,5,23,,,,,,,,,,0.0,,,,,0.0,0.0,,,,,,,,,,,,,,,,-99.0,,,,,,-99.0,,,,,-99.0,-99.0,,,,
1992,5,24,,,,,,,,,,,,,,,,,,,,,,,,,,,,,,,,99.0,,,,,,99.0,,,,,99.0,99.0,,,,
1992,5,25,90.0,90.0,,,,,36.0,1219.0,1306.0,0.0,,,,,0.0,0.0,,73.04,64.94,260.0,,,,270.0,315.0,,,,,103.0,76.0,-9999.0,,,,,,-9999.0,,,,,-9999.0,-9999.0,,,,
1992,5,26,,,,,,,,,,0.0,,,,,0.0,0.0,,32.0,32.0,,,,,,,,,,,,,,,,,,,-9.0,,,,,-9.0,-9.0,,,,
1992,5,27,100.0,100.0,,,,,32.0,417.0,422.0,0.0,,,,,0.0,0.0,,69.98,62.959999999999994,2.0,,,,,,,,,,67.0,40.0,1.0,,,,,,999.0,,,,,999.0,999.0,,,,
1992,5,28,,,,,,,,,,0.0,,,,,0.0,0.0,,,,,,,,,,,,,,,,0.0,,,,,,,,,,,-999.0,-999.0,,,,
1992,5,30,90.0,90.0,,,,,41.0,1707.0,1640.0,0.0,,,,,0.0,0.0,,71.96,62.059999999999995,388.0,,,,,,,,,,87.0,67.0,9999.0,,,,,,9999.0,,,,,9999.0,9999.0,,,,
1992,5,31,,,,,,,,,,0.0,,,,,0.0,0.0,,,,,,,,,,,,,,,,-99.0,,,,,,-99.0,,,,,-99.0,-99.0,,,,
1992,6,1,50.0,40.0,,,,,44.0,1059.0,1154.0,0.0,,,,,0.0,0.0,,73.04,62.959999999999994,561.0,,,,315.0,315.0,,,,,93.0,80.0,-9999.0,,-9999.0,,,,1.0,,,,,-9999.0,-9999.0,,,,
1992,6,2,,,,,,,,,,0.0,,,,,0.0,0.0,,32.0,32.0,,,,,,,,,,,,,-9.0,,-9.0,,,,,,,,,-9.0,-9.0,,,,
1992,6,3,50.0,30.0,,,,,40.0,337.0,301.0,0.0,,,,,0.0,0.0,,73.94,62.959999999999994,608.0,,,,,,,,,,93.0,76.0,999.0,,999.0,,,,999.0,,,,,999.0,999.0,,,,
1992,6,4,,,,,,,,,,0.0,,,,,0.0,0.0,,,,,,,,,,,,,,,,-999.0,,-999.0,,,,-999.0,,,,,-999.0,-999.0,,,,
1992,6,6,90.0,80.0,,,,,38.0,1129.0,1133.0,0.0,,,,,0.0,0.0,,73.04,62.959999999999994,360.0,,,,,,,,,,82.0,49.0,9999.0,,9999.0,,,,9999.0,,,,,9999.0,9999.0,,,,
1992,6,7,,,,,,,,,,0.0,,,,,0.0,0.0,,,,,,,,,,,,,,,,-99.0,,-99.0,,,,-99.0,,,,,-99.0,-99.0,,,,
1992,6,8,,,,,,,,,,,,,,,,,,,,,,,,,,,,,,,,99.0,,99.0,,,,99.0,,,,,99.0,99.0,,,,
1992,6,9,100.0,100.0,,,,,36.0,1140.0,1304.0,0.0,,,,,0.0,0.0,,69.98,64.04,16.0,,,,270.0,270.0,,,,,72.0,40.0,-9999.0,,-9999.0,,,,-9999.0,,,,,-9999.0,-9999.0,,,,
1992,6,10,,,,,,,,,,0.0,,,,,0.0,0.0,,32.0,32.0,,,,,,,,,,,,,-9.0,,-9.0,,,,-9.0,,,,,-9.0,-9.0,,,,
1992,6,11,90.0,80.0,,,,,36.0,240.0,421.0,0.0,,,,,0.0,0.0,,73.94,64.94,203.0,,,,,,,,,,87.0,58.0,999.0,,999.0,,,,999.0,,,,,999.0,999.0,,,,
1992,6,12,,,,,,,,,,0.0,,,,,0.0,0.0,,,,,,,,,,,,,,,,-999.0,,-999.0,,,,-999.0,,,,,-999.0,-999.0,,,,
1992,6,14,100.0,100.0,,,,,39.0,1133.0,1225.0,0.0,,,,,0.0,0.0,,71.96,64.04,7.0,,,,,,,,,,87.0,58.0,9999.0,,9999.0,,,,9999.0,,,,,9999.0,9999.0,,,,
1992,6,15,,,,,,,,,,0.0,,,,,0.0,0.0,,,,,,,,,,,,,,,,-99.0,,-99.0,,,,-99.0,,,,,,,,,,
1992,6,16,,,,,,,,,,,,,,,,,,,,,,,,,,,,,,,,99.0,,99.0,,,,99.0,,,,,,,,,,
1992,6,17,60.0,50.0,,,,,45.0,1417.0,1322.0,0.0,,,,,0.0,0.0,,73.94,64.94,475.0,,,,315.0,315.0,,,,,103.0,76.0,-9999.0,,-9999.0,,,,-9999.0,,,,,-9999.0,-9999.0,,,,
1992,6,18,,,,,,,,,,0.0,,,,,0.0,0.0,,32.0,32.0,,,,,,,,,,,,,-9.0,,-9.0,,,,-9.0,,,,,,,,,,
1992,6,19,40.0,30.0,,,,,46.0,647.0,625.0,,,,,,0.0,0.0,,73.04,64.04,607.0,,,,,,,,,,103.0,76.0,999.0,,999.0,,,,999.0,,,,,1.0,1.0,,,,
1992,6,20,,,,,,,,,,0.0,,,,,0.0,0.0,,,,,,,,,,,,,,,,-999.0,,-999.0,,,,-999.0,,,,,,,,,,
1992,6,22,70.0,60.0,,,,,52.0,513.0,316.0,0.0,,,,,0.0,0.0,,69.08,62.059999999999995,453.0,,,,,,,,,,87.0,63.0,9999.0,,9999.0,,,,9999.0,,,,,9999.0,9999.0,,,,
1992,6,23,,,,,,,,,,0.0,,,,,0.0,0.0,,,,,,,,,,,,,,,,-99.0,,-99.0,,,,-99.0,,,,,-99.0,-99.0,,,,
1992,6,24,,,,,,,,,,,,,,,,,,,,,,,,,,,,,,,,99.0,,99.0,,,,99.0,,,,,99.0,99.0,,,,
1992,6,25,40.0,30.0,,,,,43.0,1438.0,1533.0,0.0,,,,,0.0,0.0,,71.96,60.980000000000004,799.0,,,,315.0,315.0,,,,,82.0,58.0,-9999.0,,-9999.0,,,,-9999.0,,,,,-9999.0,-9999.0,,,,
1992,6,26,,,,,,,,,,0.0,,,,,0.0,0.0,,32.0,32.0,,,,,,,,,,,,,-9.0,,-9.0,,,,-9.0,,,,,-9.0,-9.0,,,,
1992,6,27,40.0,20.0,,,,,35.0,102.0,111.0,0.0,,,,,0.0,0.0,,71.06,60.980000000000004,764.0,,,,,,,,,,82.0,54.0,999.0,,999.0,,,,999.0,,,,,999.0,999.0,,,,
1992,6,28,,,,,,,,,,0.0,,,,,0.0,0.0,,,,,,,,,,,,,,,,-999.0,,-999.0,,,,-999.0,,,,,-999.0,-999.0,,,,
1992,6,30,50.0,40.0,,,,,36.0,1436.0,1506.0,0.0,,,,,0.0,0.0,,71.06,60.980000000000004,574.0,,,,,,,,,,98.0,58.0,9999.0,,9999.0,,,,9999.0,,,,,9999.0,9999.0,,,,
1992,6,31,,,,,,,,,,0.0,,,,,0.0,0.0,,,,,,,,,,,,,,,,-99.0,,-99.0,,,,,,,,,-99.0,-99.0,,,,
1992,7,1,30.0,30.0,,,,,42.0,1353.0,1332.0,0.0,,,,,0.0,0.0,,73.04,62.959999999999994,634.0,,,,225.0,225.0,,,,,93.0,54.0,-9999.0,-9999.0,,,,,-9999.0,,,,,-9999.0,-9999.0,,,,
1992,7,2,,,,,,,,,,0.0,,,,,0.0,0.0,,32.0,32.0,,,,,,,,,,,,,-9.0,-9.0,,,,,-9.0,,,,,-9.0,-9.0,,,,
1992,7,3,60.0,60.0,,,,,37.0,236.0,38.0,0.0,,,,,0.0,0.0,,73.04,60.980000000000004,747.0,,,,,,,,,,82.0,49.0,999.0,999.0,,,,,999.0,,,,,999.0,999.0,,,,
1992,7,4,,,,,,,,,,0.0,,,,,0.0,0.0,,,,,,,,,,,,,,,,-999.0,-999.0,,,,,-999.0,,,,,-999.0,-999.0,,,,
1992,7,6,40.0,30.0,,,,,46.0,1432.0,1458.0,0.0,,,,,0.0,0.0,,73.04,62.959999999999994,636.0,,,,,,,,,,87.0,72.0,9999.0,9999.0,,,,,9999.0,,,,,9999.0,9999.0,,,,
1992,7,7,,,,,,,,,,0.0,,,,,0.0,0.0,,,,,,,,,,,,,,,,-99.0,-99.0,,,,,,,,,,-99.0,-99.0,,,,
1992,7,8,,,,,,,,,,,,,,,,,,,,,,,,,,,,,,,,99.0,99.0,,,,,,,,,,99.0,99.0,,,,
1992,7,9,60.0,70.0,,,,,38.0,933.0,1058.0,0.0,,,,,0.0,0.0,,75.92,64.94,486.0,,,,225.0,180.0,,,,,82.0,54.0,-9999.0,-9999.0,,,,,1.0,,,,,-9999.0,-9999.0,,,,
1992,7,10,,,,,,,,,,0.0,,,,,0.0,0.0,,32.0,32.0,,,,,,,,,,,,,-9.0,-9.0,,,,,0.0,,,,,-9.0,,,,,
1992,7,11,100.0,100.0,,,,,41.0,722.0,644.0,5.0,,,,,0.0,0.0,,78.98,69.08,25.0,,,,,,,,,,93.0,76.0,999.0,999.0,,,,,1.0,,,,,999.0,1.0,,,,
1992,7,12,,,,,,,,,,0.0,,,,,0.0,0.0,,,,,,,,,,,,,,,,-999.0,-999.0,,,,,,,,,,-999.0,0.0,,,,
1992,7,13,,,,,,,,,,,,,,,,,,,,,,,,,,,,,,,,9.0,,,,,,,,,,,9.0,,,,,
1992,7,14,50.0,30.0,,,,,35.0,1434.0,1746.0,,,,,,0.0,0.0,,82.04,69.08,666.0,,,,,,,,,,72.0,49.0,1.0,9999.0,,,,,9999.0,,,,,1.0,1.0,,,,
1992,7,15,,,,,,,,,,0.0,,,,,0.0,0.0,,,,,,,,,,,,,,,,0.0,-99.0,,,,,-99.0,,,,,,0.0,,,,
1992,7,16,,,,,,,,,,,,,,,,,,,,,,,,,,,,,,,,,99.0,,,,,99.0,,,,,,,,,,
1992,7,17,80.0,70.0,,,,,38.0,1141.0,1434.0,3.0,,,,,0.0,0.0,,78.98,68.0,390.0,,,,270.0,225.0,,,,,87.0,58.0,1.0,-9999.0,,,,,-9999.0,,,,,1.0,1.0,,,,
1992,7,18,,,,,,,,,,0.0,,,,,0.0,0.0,,32.0,32.0,,,,,,,,,,,,,,-9.0,,,,,-9.0,,,,,,,,,,
1992,7,19,80.0,70.0,,,,,41.0,213.0,542.0,0.0,,,,,0.0,0.0,,77.0,69.08,480.0,,,,,,,,,,82.0,49.0,999.0,999.0,,,,,999.0,,,,,999.0,999.0,,,,
1992,7,20,,,,,,,,,,0.0,,,,,0.0,0.0,,,,,,,,,,,,,,,,-999.0,-999.0,,,,,-999.0,,,,,-999.0,-999.0,,,,
1992,7,22,70.0,80.0,,,,,50.0,1557.0,1511.0,0.0,,,,,0.0,0.0,,80.06,69.98,655.0,,,,,,,,,,98.0,76.0,9999.0,9999.0,,,,,9999.0,,,,,9999.0,9999.0,,,,
1992,7,23,,,,,,,,,,0.0,,,,,0.0,0.0,,,,,,,,,,,,,,,,,-99.0,,,,,,,,,,-99.0,-99.0,,,,
1992,7,24,,,,,,,,,,,,,,,,,,,,,,,,,,,,,,,,,99.0,,,,,,,,,,99.0,99.0,,,,
1992,7,25,30.0,20.0,,,,,43.0,1728.0,1129.0,0.0,,,,,0.0,0.0,,78.98,66.02,756.0,,,,360.0,315.0,,,,,82.0,54.0,1.0,-9999.0,,,,,1.0,,,,,-9999.0,-9999.0,,,,
1992,7,26,,,,,,,,,,0.0,,,,,0.0,0.0,,32.0,32.0,,,,,,,,,,,,,0.0,-9.0,,,,,0.0,,,,,-9.0,-9.0,,,,
1992,7,27,50.0,20.0,,,,,42.0,205.0,216.0,0.0,,,,,0.0,0.0,,78.08,66.92,705.0,,,,,,,,,,87.0,72.0,1.0,999.0,,,,,1.0,,,,,999.0,999.0,,,,
1992,7,28,,,,,,,,,,0.0,,,,,0.0,0.0,,,,,,,,,,,,,,,,0.0,,,,,,0.0,,,,,-999.0,-999.0,,,,
1992,7,30,40.0,20.0,,,,,33.0,1414.0,1419.0,0.0,,,,,0.0,0.0,,77.0,64.94,689.0,,,,,,,,,,82.0,40.0,1.0,9999.0,,,,,1.0,,,,,9999.0,9999.0,,,,
1992,7,31,,,,,,,,,,0.0,,,,,0.0,0.0,,,,,,,,,,,,,,,,0.0,-99.0,,,,,,,,,,-99.0,-99.0,,,,
1992,8,1,30.0,30.0,,,,,39.0,1416.0,1740.0,0.0,,,,,0.0,0.0,,78.08,68.0,626.0,,,,225.0,225.0,,,,,77.0,49.0,-9999.0,,-9999.0,,,,1.0,,,,,,-9999.0,,,,
1992,8,2,,,,,,,,,,0.0,,,,,0.0,0.0,,32.0,32.0,,,,,,,,,,,,,-9.0,,-9.0,,,,0.0,,,,,,-9.0,,,,
1992,8,3,0.0,0.0,,,,,35.0,531.0,429.0,0.0,,,,,0.0,0.0,,78.98,68.0,823.0,,,,,,,,,,67.0,49.0,999.0,,999.0,,,,1.0,,,,,,999.0,,,,
1992,8,4,,,,,,,,,,0.0,,,,,0.0,0.0,,,,,,,,,,,,,,,,,,-999.0,,,,0.0,,,,,,-999.0,,,,
1992,8,6,70.0,70.0,,,,,38.0,1347.0,1336.0,0.0,,,,,0.0,0.0,,78.98,69.08,537.0,,,,,,,,,,67.0,40.0,9999.0,,9999.0,,,,9999.0,,,,,,9999.0,,,,
1992,8,7,,,,,,,,,,0.0,,,,,0.0,0.0,,,,,,,,,,,,,,,,-99.0,,-99.0,,,,-99.0,,,,,,-99.0,,,,
1992,8,8,,,,,,,,,,,,,,,,,,,,,,,,,,,,,,,,99.0,,99.0,,,,99.0,,,,,,99.0,,,,
1992,8,9,70.0,50.0,,,,,38.0,1313.0,1333.0,0.0,,,,,0.0,0.0,,78.98,69.08,528.0,,,,225.0,225.0,,,,,77.0,49.0,-9999.0,,-9999.0,,,,-9999.0,,,,,,-9999.0,,,,
1992,8,10,,,,,,,,,,0.0,,,,,0.0,0.0,,32.0,32.0,,,,,,,,,,,,,,,-9.0,,,,,,,,,,-9.0,,,,
1992,8,11,60.0,40.0,,,,,39.0,347.0,321.0,0.0,,,,,0.0,0.0,,77.0,68.0,501.0,,,,,,,,,,72.0,45.0,1.0,,999.0,,,,1.0,,,,,,999.0,,,,
1992,8,12,,,,,,,,,,0.0,,,,,0.0,0.0,,,,,,,,,,,,,,,,,,-999.0,,,,0.0,,,,,,-999.0,,,,
1992,8,14,40.0,20.0,,,,,44.0,1247.0,1236.0,0.0,,,,,0.0,0.0,,78.98,71.06,693.0,,,,,,,,,,82.0,72.0,9999.0,,9999.0,,,,9999.0,,,,,,9999.0,,,,
1992,8,15,,,,,,,,,,0.0,,,,,0.0,0.0,,,,,,,,,,,,,,,,-99.0,,-99.0,,,,-99.0,,,,,,-99.0,,,,
1992,8,16,,,,,,,,,,,,,,,,,,,,,,,,,,,,,,,,99.0,,99.0,,,,99.0,,,,,,99.0,,,,
1992,8,17,30.0,10.0,,,,,37.0,1248.0,1236.0,0.0,,,,,0.0,0.0,,82.04,69.98,769.0,,,,315.0,315.0,,,,,67.0,49.0,-9999.0,,-9999.0,,,,-9999.0,,,,,,-9999.0,,,,
1992,8,18,,,,,,,,,,0.0,,,,,0.0,0.0,,32.0,32.0,,,,,,,,,,,,,-9.0,,-9.0,,,,,,,,,,-9.0,,,,
1992,8,19,90.0,80.0,,,,,42.0,135.0,141.0,0.0,,,,,0.0,0.0,,80.06,69.98,721.0,,,,,,,,,,77.0,67.0,999.0,,999.0,,,,1.0,,,,,,999.0,,,,
1992,8,20,,,,,,,,,,,,,,,0.0,0.0,,,,,,,,,,,,,,,,,,,,,,0.0,,,,,,,,,,
1992,8,22,50.0,40.0,,,,,35.0,1411.0,1507.0,0.0,,,,,0.0,0.0,,87.08000000000001,73.94,779.0,,,,,,,,,,72.0,63.0,9999.0,,9999.0,,,,1.0,,,,,,9999.0,,,,
1992,8,23,,,,,,,,,,0.0,,,,,0.0,0.0,,,,,,,,,,,,,,,,-99.0,,-99.0,,,,,,,,,,-99.0,,,,
1992,8,24,,,,,,,,,,,,,,,,,,,,,,,,,,,,,,,,99.0,,99.0,,,,99.0,,,,,,99.0,,,,
1992,8,25,10.0,0.0,,,,,44.0,1310.0,1139.0,0.0,,,,,0.0,0.0,,84.02,73.04,800.0,,,,315.0,315.0,,,,,82.0,63.0,-9999.0,,-9999.0,,,,-9999.0,,,,,,-9999.0,,,,
1992,8,26,,,,,,,,,,0.0,,,,,0.0,0.0,,32.0,32.0,,,,,,,,,,,,,-9.0,,-9.0,,,,-9.0,,,,,,-9.0,,,,
1992,8,27,10.0,0.0,,,,,41.0,8.0,517.0,0.0,,,,,0.0,0.0,,87.98,73.04,798.0,,,,,,,,,,72.0,54.0,999.0,,999.0,,,,999.0,,,,,,999.0,,,,
1992,8,28,,,,,,,,,,0.0,,,,,0.0,0.0,,,,,,,,,,,,,,,,,,-999.0,,,,,,,,,,-999.0,,,,
1992,8,30,20.0,20.0,,,,,45.0,1048.0,1636.0,0.0,,,,,0.0,0.0,,84.02,69.98,756.0,,,,,,,,,,67.0,58.0,1.0,,9999.0,,,,1.0,,,,,,9999.0,,,,
1992,8,31,,,,,,,,,,0.0,,,,,0.0,0.0,,,,,,,,,,,,,,,,0.0,,-99.0,,,,0.0,,,,,,-99.0,,,,
1992,9,1,90.0,90.0,,,,,41.0,1356.0,1413.0,0.0,,,,,0.0,0.0,,75.02,66.92,337.0,,,,315.0,315.0,,,,,77.0,58.0,-9999.0,-9999.0,,,,,-9999.0,,,,,,,,,,
1992,9,2,,,,,,,,,,0.0,,,,,0.0,0.0,,32.0,32.0,,,,,,,,,,,,,-9.0,-9.0,,,,,,,,,,,,,,,
1992,9,3,100.0,100.0,,,,,45.0,359.0,132.0,0.0,,,,,0.0,0.0,,73.94,66.92,513.0,,,,,,,,,,82.0,67.0,999.0,999.0,,,,,1.0,,,,,,,,,,
1992,9,4,,,,,,,,,,0.0,,,,,0.0,0.0,,,,,,,,,,,,,,,,-999.0,-999.0,,,,,0.0,,,,,,,,,,
1992,9,6,20.0,20.0,,,,,41.0,1507.0,1331.0,0.0,,,,,0.0,0.0,,77.0,66.92,700.0,,,,,,,,,,82.0,72.0,9999.0,9999.0,,,,,9999.0,,,,,,,,,,
1992,9,7,,,,,,,,,,0.0,,,,,0.0,0.0,,,,,,,,,,,,,,,,,-99.0,,,,,,,,,,,,,,,
1992,9,8,,,,,,,,,,,,,,,,,,,,,,,,,,,,,,,,,99.0,,,,,,,,,,,,,,,
1992,9,9,40.0,30.0,,,,,38.0,1406.0,1448.0,0.0,,,,,0.0,0.0,,75.92,66.02,614.0,,,,225.0,270.0,,,,,67.0,45.0,-9999.0,-9999.0,,,,,1.0,,,,,,,,,,
1992,9,10,,,,,,,,,,0.0,,,,,0.0,0.0,,32.0,32.0,,,,,,,,,,,,,,-9.0,,,,,0.0,,,,,,,,,,
1992,9,11,40.0,20.0,,,,,39.0,254.0,241.0,0.0,,,,,0.0,0.0,,75.92,64.04,621.0,,,,,,,,,,72.0,49.0,1.0,999.0,,,,,1.0,,,,,,,,,,
1992,9,12,,,,,,,,,,0.0,,,,,0.0,0.0,,,,,,,,,,,,,,,,,-999.0,,,,,,,,,,,,,,,
1992,9,14,80.0,70.0,,,,,41.0,1648.0,1216.0,0.0,,,,,0.0,0.0,,75.02,64.94,578.0,,,,,,,,,,77.0,58.0,9999.0,9999.0,,,,,9999.0,,,,,,,,,,
1992,9,15,,,,,,,,,,0.0,,,,,0.0,0.0,,,,,,,,,,,,,,,,-99.0,-99.0,,,,,-99.0,,,,,,,,,,
1992,9,16,,,,,,,,,,,,,,,,,,,,,,,,,,,,,,,,99.0,99.0,,,,,99.0,,,,,,,,,,
1992,9,17,40.0,40.0,,,,,35.0,1718.0,1518.0,0.0,,,,,0.0,0.0,,75.02,64.94,505.0,,,,315.0,315.0,,,,,82.0,49.0,-9999.0,-9999.0,,,,,1.0,,,,,,,,,,
1992,9,18,,,,,,,,,,0.0,,,,,0.0,0.0,,32.0,32.0,,,,,,,,,,,,,,-9.0,,,,,0.0,,,,,,,,,,
1992,9,19,50.0,20.0,,,,,36.0,337.0,305.0,0.0,,,,,0.0,0.0,,75.92,64.04,613.0,,,,,,,,,,77.0,63.0,1.0,999.0,,,,,1.0,,,,,,,,,,
1992,9,20,,,,,,,,,,0.0,,,,,0.0,0.0,,,,,,,,,,,,,,,,,-999.0,,,,,,,,,,,,,,,
1992,9,21,,,,,,,,,,,,,,,,,,,,,,,,,,,,,,,,,,,,,,9.0,,,,,,,,,,
1992,9,22,40.0,20.0,,,,,37.0,1237.0,1622.0,0.0,,,,,0.0,0.0,,75.92,66.02,618.0,,,,,,,,,,67.0,54.0,9999.0,9999.0,,,,,1.0,,,,,,,,,,
1992,9,23,,,,,,,,,,0.0,,,,,0.0,0.0,,,,,,,,,,,,,,,,-99.0,-99.0,,,,,,,,,,,,,,,
1992,9,24,,,,,,,,,,,,,,,,,,,,,,,,,,,,,,,,99.0,99.0,,,,,99.0,,,,,,,,,,
1992,9,25,10.0,10.0,,,,,46.0,1401.0,1137.0,0.0,,,,,0.0,0.0,,78.98,66.02,741.0,,,,315.0,315.0,,,,,82.0,76.0,-9999.0,-9999.0,,,,,1.0,,,,,,,,,,
1992,9,26,,,,,,,,,,0.0,,,,,0.0,0.0,,32.0,32.0,,,,,,,,,,,,,,-9.0,,,,,0.0,,,,,,,,,,
1992,9,27,70.0,90.0,,,,,39.0,318.0,353.0,0.0,,,,,0.0,0.0,,82.04,68.0,508.0,,,,,,,,,,82.0,72.0,1.0,999.0,,,,,1.0,,,,,,,,,,
1992,9,28,,,,,,,,,,0.0,,,,,0.0,0.0,,,,,,,,,,,,,,,,,-999.0,,,,,,,,,,,,,,,
1992,9,29,,,,,,,,,,,,,,,,,,,,,,,,,,,,,,,,,,,,,,9.0,,,,,,,,,,
1992,9,30,0.0,0.0,,,,,37.0,1341.0,1249.0,0.0,,,,,0.0,0.0,,78.98,64.94,735.0,,,,,,,,,,72.0,63.0,9999.0,9999.0,,,,,1.0,,,,,,,,,,
1992,9,31,,,,,,,,,,0.0,,,,,0.0,0.0,,,,,,,,,,,,,,,,,,,,,,0.0,,,,,,,,,,
1992,10,1,10.0,10.0,,,,,34.0,1321.0,1247.0,0.0,,,,,0.0,0.0,,82.04,66.02,709.0,,,,315.0,315.0,,,,,103.0,89.0,-9999.0,-9999.0,-9999.0,,,,-9999.0,,,,,-9999.0,-9999.0,,,,
1992,10,2,,,,,,,,,,0.0,,,,,0.0,0.0,,32.0,32.0,,,,,,,,,,,,,-9.0,-9.0,-9.0,,,,-9.0,,,,,-9.0,-9.0,,,,
1992,10,3,50.0,40.0,,,,,33.0,557.0,122.0,0.0,,,,,0.0,0.0,,73.94,66.02,533.0,,,,,,,,,,77.0,58.0,999.0,999.0,999.0,,,,999.0,,,,,999.0,999.0,,,,
1992,10,4,,,,,,,,,,0.0,,,,,0.0,0.0,,,,,,,,,,,,,,,,-999.0,-999.0,-999.0,,,,-999.0,,,,,-999.0,-999.0,,,,
1992,10,6,30.0,50.0,,,,,22.0,1126.0,1229.0,0.0,,,,,0.0,0.0,,75.02,62.059999999999995,678.0,,,,,,,,,,62.0,49.0,9999.0,9999.0,9999.0,,,,9999.0,,,,,9999.0,9999.0,,,,
1992,10,7,,,,,,,,,,0.0,,,,,0.0,0.0,,,,,,,,,,,,,,,,-99.0,-99.0,-99.0,,,,-99.0,,,,,-99.0,-99.0,,,,
1992,10,8,,,,,,,,,,,,,,,,,,,,,,,,,,,,,,,,99.0,99.0,99.0,,,,99.0,,,,,99.0,99.0,,,,
1992,10,9,40.0,50.0,,,,,31.0,1112.0,1122.0,0.0,,,,,0.0,0.0,,75.92,62.059999999999995,619.0,,,,315.0,315.0,,,,,77.0,67.0,1.0,-9999.0,-9999.0,,,,1.0,,,,,-9999.0,-9999.0,,,,
1992,10,10,,,,,,,,,,0.0,,,,,0.0,0.0,,32.0,32.0,,,,,,,,,,,,,0.0,-9.0,-9.0,,,,0.0,,,,,-9.0,-9.0,,,,
1992,10,11,80.0,90.0,,,,,33.0,412.0,418.0,0.0,,,,,0.0,0.0,,78.08,62.959999999999994,574.0,,,,,,,,,,67.0,72.0,1.0,999.0,999.0,,,,1.0,,,,,999.0,999.0,,,,
1992,10,12,,,,,,,,,,0.0,,,,,0.0,0.0,,,,,,,,,,,,,,,,0.0,,-999.0,,,,,,,,,-999.0,-999.0,,,,
1992,10,13,,,,,,,,,,,,,,,,,,,,,,,,,,,,,,,,,,,,,,9.0,,,,,,,,,,
1992,10,14,20.0,20.0,,,,,21.0,9999.0,1421.0,0.0,,,,,0.0,0.0,,78.08,60.08,593.0,,,,,9999.0,,,,,51.0,9999.0,1.0,1.0,9999.0,,,,1.0,,,,,9999.0,9999.0,,,,
1992,10,15,,,,,,,,-99.0,,0.0,,,,,0.0,0.0,,,,,,,,,-99.0,,,,,,-99.0,0.0,,-99.0,,,,0.0,,,,,-99.0,-99.0,,,,
1992,10,16,,,,,,,,99.0,,,,,,,,,,,,,,,,,99.0,,,,,,99.0,,,99.0,,,,,,,,,99.0,99.0,,,,
1992,10,17,40.0,30.0,,,,,34.0,1405.0,1252.0,0.0,,,,,0.0,0.0,,73.94,62.059999999999995,480.0,,,,315.0,315.0,,,,,77.0,67.0,1.0,-9999.0,-9999.0,,,,1.0,,,,,-9999.0,-9999.0,,,,
1992,10,18,,,,,,,,,,0.0,,,,,0.0,0.0,,32.0,32.0,,,,,,,,,,,,,0.0,-9.0,-9.0,,,,0.0,,,,,-9.0,-9.0,,,,
1992,10,19,70.0,50.0,,,,,27.0,352.0,358.0,0.0,,,,,0.0,0.0,,73.04,62.059999999999995,385.0,,,,,,,,,,57.0,40.0,1.0,999.0,999.0,,,,1.0,,,,,999.0,999.0,,,,
1992,10,20,,,,,,,,,,0.0,,,,,0.0,0.0,,,,,,,,,,,,,,,,0.0,-999.0,-999.0,,,,0.0,,,,,-999.0,-999.0,,,,
1992,10,22,80.0,60.0,,,,,35.0,1014.0,930.0,0.0,,,,,0.0,0.0,,71.96,66.02,297.0,,,,,,,,,,77.0,45.0,9999.0,9999.0,9999.0,,,,9999.0,,,,,9999.0,9999.0,,,,
1992,10,23,,,,,,,,,,0.0,,,,,0.0,0.0,,,,,,,,,,,,,,,,-99.0,-99.0,-99.0,,,,-99.0,,,,,-99.0,-99.0,,,,
1992,10,24,,,,,,,,,,,,,,,,,,,,,,,,,,,,,,,,99.0,99.0,99.0,,,,99.0,,,,,99.0,99.0,,,,
1992,10,25,30.0,20.0,,,,,31.0,1406.0,1225.0,0.0,,,,,0.0,0.0,,73.04,62.059999999999995,573.0,,,,225.0,315.0,,,,,67.0,89.0,-9999.0,-9999.0,-9999.0,,,,-9999.0,,,,,-9999.0,-9999.0,,,,
1992,10,26,,,,,,,,,,0.0,,,,,0.0,0.0,,32.0,32.0,,,,,,,,,,,,,,-9.0,-9.0,,,,,,,,,-9.0,-9.0,,,,
1992,10,27,70.0,80.0,,,,,24.0,404.0,539.0,0.0,,,,,0.0,0.0,,71.96,59.0,423.0,,,,,,,,,,51.0,45.0,1.0,999.0,999.0,,,,1.0,,,,,999.0,999.0,,,,
1992,10,28,,,,,,,,,,0.0,,,,,0.0,0.0,,,,,,,,,,,,,,,,0.0,-999.0,-999.0,,,,0.0,,,,,-999.0,-999.0,,,,
1992,10,30,40.0,30.0,,,,,25.0,1347.0,1153.0,0.0,,,,,0.0,0.0,,71.96,64.04,502.0,,,,,,,,,,62.0,40.0,9999.0,9999.0,9999.0,,,,9999.0,,,,,9999.0,9999.0,,,,
1992,10,31,,,,,,,,,,0.0,,,,,0.0,0.0,,,,,,,,,,,,,,,,,-99.0,-99.0,,,,,,,,,-99.0,-99.0,,,,
1992,11,1,0.0,0.0,,,,,31.0,1428.0,1453.0,0.0,,,,,0.0,0.0,,80.06,55.04,651.0,,,,315.0,315.0,,,,,77.0,72.0,-9999.0,,,,,,-9999.0,,,,,-9999.0,-9999.0,,,,
1992,11,2,,,,,,,,,,0.0,,,,,0.0,0.0,,32.0,32.0,,,,,,,,,,,,,-9.0,,,,,,-9.0,,,,,-9.0,-9.0,,,,
1992,11,3,50.0,90.0,,,,,27.0,305.0,238.0,0.0,,,,,0.0,0.0,,80.06,55.94,644.0,,,,,,,,,,62.0,54.0,999.0,,,,,,999.0,,,,,999.0,999.0,,,,
1992,11,4,,,,,,,,,,0.0,,,,,0.0,0.0,,,,,,,,,,,,,,,,-999.0,,,,,,-999.0,,,,,-999.0,-999.0,,,,
1992,11,6,70.0,80.0,,,,,32.0,1424.0,1359.0,0.0,,,,,0.0,0.0,,75.92,55.04,551.0,,,,,,,,,,72.0,49.0,9999.0,,,,,,9999.0,,,,,9999.0,9999.0,,,,
1992,11,7,,,,,,,,,,0.0,,,,,0.0,0.0,,,,,,,,,,,,,,,,-99.0,,,,,,-99.0,,,,,-99.0,-99.0,,,,
1992,11,8,,,,,,,,,,,,,,,,,,,,,,,,,,,,,,,,99.0,,,,,,99.0,,,,,99.0,99.0,,,,
1992,11,9,30.0,50.0,,,,,30.0,1108.0,1414.0,0.0,,,,,0.0,0.0,,78.98,53.06,623.0,,,,315.0,315.0,,,,,67.0,40.0,-9999.0,,,,,,-9999.0,,,,,-9999.0,-9999.0,,,,
1992,11,10,,,,,,,,,,0.0,,,,,0.0,0.0,,32.0,32.0,,,,,,,,,,,,,,,,,,,-9.0,,,,,-9.0,-9.0,,,,
1992,11,11,20.0,0.0,,,,,30.0,339.0,447.0,0.0,,,,,0.0,0.0,,75.92,53.96,621.0,,,,,,,,,,57.0,36.0,1.0,,,,,,999.0,,,,,999.0,999.0,,,,
1992,11,12,,,,,,,,,,0.0,,,,,0.0,0.0,,,,,,,,,,,,,,,,0.0,,,,,,-999.0,,,,,-999.0,-999.0,,,,
1992,11,14,90.0,90.0,,,,,39.0,1404.0,1309.0,0.0,,,,,0.0,0.0,,69.98,62.959999999999994,144.0,,,,,,,,,,67.0,31.0,9999.0,,,,,,9999.0,,,,,9999.0,9999.0,,,,
1992,11,15,,,,,,,,,,0.0,,,,,0.0,0.0,,,,,,,,,,,,,,,,-99.0,,,,,,-99.0,,,,,-99.0,-99.0,,,,
1992,11,16,,,,,,,,,,,,,,,,,,,,,,,,,,,,,,,,99.0,,,,,,99.0,,,,,99.0,99.0,,,,
1992,11,17,0.0,0.0,,,,,32.0,1441.0,1439.0,0.0,,,,,0.0,0.0,,71.06,46.04,634.0,,,,315.0,315.0,,,,,77.0,63.0,-9999.0,,,,,,-9999.0,,,,,-9999.0,-9999.0,,,,
1992,11,18,,,,,,,,,,0.0,,,,,0.0,0.0,,32.0,32.0,,,,,,,,,,,,,-9.0,,,,,,-9.0,,,,,-9.0,-9.0,,,,
1992,11,19,0.0,0.0,,,,,27.0,601.0,602.0,0.0,,,,,0.0,0.0,,73.94,48.92,632.0,,,,,,,,,,62.0,40.0,999.0,,,,,,999.0,,,,,999.0,999.0,,,,
1992,11,20,,,,,,,,,,0.0,,,,,0.0,0.0,,,,,,,,,,,,,,,,-999.0,,,,,,-999.0,,,,,-999.0,-999.0,,,,
1992,11,21,,,,,,,,,,,,,,,,,,,,,,,,,,,,,,,,9.0,,,,,,,,,,,,,,,,
1992,11,22,0.0,0.0,,,,,29.0,1240.0,1256.0,0.0,,,,,0.0,0.0,,80.06,51.08,630.0,,,,,,,,,,67.0,40.0,1.0,,,,,,9999.0,,,,,9999.0,9999.0,,,,
1992,11,23,,,,,,,,,,0.0,,,,,0.0,0.0,,,,,,,,,,,,,,,,0.0,,,,,,-99.0,,,,,-99.0,-99.0,,,,
1992,11,24,,,,,,,,,,,,,,,,,,,,,,,,,,,,,,,,,,,,,,99.0,,,,,99.0,99.0,,,,
1992,11,25,30.0,0.0,,,,,30.0,1616.0,1617.0,0.0,,,,,0.0,0.0,,71.06,53.06,596.0,,,,315.0,315.0,,,,,62.0,36.0,-9999.0,,,,,,-9999.0,,,,,-9999.0,-9999.0,,,,
1992,11,26,,,,,,,,,,0.0,,,,,0.0,0.0,,32.0,32.0,,,,,,,,,,,,,,,,,,,,,,,,-9.0,-9.0,,,,
1992,11,27,40.0,30.0,,,,,34.0,425.0,343.0,0.0,,,,,0.0,0.0,,68.0,59.0,520.0,,,,,,,,,,62.0,36.0,1.0,,,,,,1.0,,,,,999.0,999.0,,,,
1992,11,28,,,,,,,,,,0.0,,,,,0.0,0.0,,,,,,,,,,,,,,,,,,,,,,0.0,,,,,-999.0,-999.0,,,,
1992,11,30,60.0,80.0,,,,,31.0,1431.0,1439.0,0.0,,,,,0.0,0.0,,69.98,51.98,584.0,,,,,,,,,,72.0,63.0,9999.0,,,,,,1.0,,,,,9999.0,9999.0,,,,
1992,11,31,,,,,,,,,,0.0,,,,,0.0,0.0,,,,,,,,,,,,,,,,-99.0,,,,,,,,,,,-99.0,-99.0,,,,
1992,12,1,30.0,60.0,,,,,30.0,1311.0,1533.0,0.0,,,,,0.0,0.0,,71.06,44.06,610.0,,,,315.0,315.0,,,,,72.0,54.0,-9999.0,,-9999.0,,,,-9999.0,,-9999.0,,,,-9999.0,,,,
1992,12,2,,,,,,,,,,0.0,,,,,0.0,0.0,,32.0,32.0,,,,,,,,,,,,,-9.0,,-9.0,,,,-9.0,,-9.0,,,,-9.0,,,,
1992,12,3,80.0,90.0,,,,,32.0,456.0,948.0,0.0,,,,,0.0,0.0,,66.02,44.96,412.0,,,,,,,,,,62.0,40.0,999.0,,999.0,,,,999.0,,999.0,,,,999.0,,,,
1992,12,4,,,,,,,,,,,,,,,0.0,0.0,,,,,,,,,,,,,,,,-999.0,,-999.0,,,,-999.0,,-999.0,,,,,,,,
1992,12,5,,,,,,,,,,,,,,,,,,,,,,,,,,,,,,,,,,9.0,,,,,,,,,,,,,,
1992,12,6,90.0,90.0,,,,,34.0,1632.0,1452.0,71.0,,,,,0.0,0.0,,62.059999999999995,53.06,170.0,,,,,,,,,,98.0,49.0,9999.0,,1.0,,,,9999.0,,9999.0,,,,1.0,,,,
1992,12,7,,,,,,,,,,0.0,,,,,0.0,0.0,,,32.0,,,,,,,,,,,,,-99.0,,,,,,-99.0,,-99.0,,,,,,,,
1992,12,8,,,,,,,,,,,,,,,,,,,,,,,,,,,,,,,,99.0,,99.0,,,,99.0,,99.0,,,,99.0,,,,
1992,12,9,60.0,30.0,,,,,40.0,2207.0,2003.0,0.0,,,,,0.0,0.0,,64.94,53.06,501.0,,,,135.0,135.0,,,,,67.0,40.0,-9999.0,,-9999.0,,,,-9999.0,,-9999.0,,,,1.0,,,,
1992,12,10,,,,,,,,,,,,,,,0.0,0.0,,32.0,32.0,,,,,,,,,,,,,,,-9.0,,,,-9.0,,,,,,0.0,,,,
1992,12,11,90.0,100.0,,,,,60.0,254.0,116.0,292.0,,,,,0.0,0.0,,60.08,51.08,0.0,,,,,,,,,,134.0,76.0,1.0,,999.0,,,,999.0,,1.0,,,,1.0,,,,
1992,12,12,,,,,,,,,,0.0,,,,,0.0,0.0,,,,,,,,,,,,,,,,,,-999.0,,,,-999.0,,,,,,0.0,,,,
1992,12,14,10.0,10.0,,,,,36.0,1432.0,1433.0,0.0,,,,,0.0,0.0,,64.94,46.94,603.0,,,,,,,,,,93.0,76.0,9999.0,,9999.0,,,,9999.0,,9999.0,,,,9999.0,,,,
1992,12,15,,,,,,,,,,0.0,,,,,0.0,0.0,,,32.0,,,,,,,,,,,,,,,-99.0,,,,,,-99.0,,,,-99.0,,,,
1992,12,16,,,,,,,,,,,,,,,,,,,,,,,,,,,,,,,,,,99.0,,,,,,99.0,,,,99.0,,,,
1992,12,17,80.0,90.0,,,,,34.0,2357.0,2352.0,0.0,,,,,0.0,0.0,,62.059999999999995,51.98,213.0,,,,315.0,315.0,,,,,113.0,94.0,1.0,,-9999.0,,,,1.0,,-9999.0,,,,1.0,,,,
1992,12,18,,,,,,,,,,,,,,,0.0,0.0,,32.0,32.0,,,,,,,,,,,,,,,-9.0,,,,,,-9.0,,,,0.0,,,,
1992,12,19,30.0,40.0,,,,,63.0,235.0,344.0,10.0,,,,,0.0,0.0,,60.08,48.02,533.0,,,,,,,,,,144.0,112.0,999.0,,999.0,,,,999.0,,999.0,,,,1.0,,,,
1992,12,20,,,,,,,,,,0.0,,,,,0.0,0.0,,,,,,,,,,,,,,,,-999.0,,-999.0,,,,-999.0,,-999.0,,,,,,,,
1992,12,22,0.0,0.0,,,,,33.0,1402.0,1502.0,0.0,,,,,0.0,0.0,,62.959999999999994,42.08,601.0,,,,,,,,,,67.0,54.0,9999.0,,9999.0,,,,9999.0,,9999.0,,,,9999.0,,,,
1992,12,23,,,,,,,,,,0.0,,,,,0.0,0.0,,,32.0,,,,,,,,,,,,,-99.0,,-99.0,,,,-99.0,,-99.0,,,,-99.0,,,,
1992,12,24,,,,,,,,,,,,,,,,,,,,,,,,,,,,,,,,99.0,,99.0,,,,99.0,,99.0,,,,99.0,,,,
1992,12,25,20.0,40.0,,,,,28.0,1600.0,1701.0,0.0,,,,,0.0,0.0,,66.02,46.04,597.0,,,,315.0,315.0,,,,,51.0,36.0,-9999.0,,-9999.0,,,,-9999.0,,-9999.0,,,,-9999.0,,,,
1992,12,26,,,,,,,,,,0.0,,,,,0.0,0.0,,32.0,32.0,,,,,,,,,,,,,-9.0,,-9.0,,,,-9.0,,-9.0,,,,,,,,
1992,12,27,70.0,100.0,,,,,40.0,356.0,352.0,,,,,,0.0,0.0,,60.980000000000004,44.06,121.0,,,,,,,,,,87.0,72.0,999.0,,999.0,,,,999.0,,999.0,,,,1.0,,,,
1992,12,28,,,,,,,,,,,,,,,0.0,0.0,,,,,,,,,,,,,,,,,,-999.0,,,,-999.0,,-999.0,,,,0.0,,,,
1992,12,30,0.0,0.0,,,,,26.0,1402.0,1410.0,0.0,,,,,0.0,0.0,,60.08,42.08,600.0,,,,,,,,,,62.0,54.0,9999.0,,9999.0,,,,9999.0,,9999.0,,,,9999.0,,,,
1992,12,31,,,,,,,,,,0.0,,,,,0.0,0.0,,,32.0,,,,,,,,,,,,,-99.0,,-99.0,,,,-99.0,,-99.0,,,,-99.0,,,,
1993,1,1,70.0,100.0,,,,,15.0,1600.0,1617.0,0.0,,,,,0.0,0.0,,62.059999999999995,44.96,507.0,,,,315.0,315.0,,,,,62.0,45.0,-9999.0,-9999.0,-9999.0,,,,-9999.0,,,,,-9999.0,-9999.0,,,,
1993,1,2,,,,,,,,,,0.0,,,,,0.0,0.0,,32.0,32.0,,,,,,,,,,,,,,-9.0,-9.0,,,,,,,,,-9.0,,,,,
1993,1,3,80.0,100.0,,,,,25.0,238.0,252.0,48.0,,,,,0.0,0.0,,55.04,46.04,66.0,,,,,,,,,,82.0,54.0,1.0,999.0,999.0,,,,1.0,,,,,999.0,1.0,,,,
1993,1,4,,,,,,,,,,0.0,,,,,0.0,0.0,,,,,,,,,,,,,,,,,-999.0,-999.0,,,,,,,,,-999.0,,,,,
1993,1,6,70.0,100.0,,,,,24.0,2142.0,1416.0,0.0,,,,,0.0,0.0,,59.0,39.02,358.0,,,,,,,,,,46.0,27.0,9999.0,9999.0,9999.0,,,,9999.0,,,,,9999.0,9999.0,,,,
1993,1,7,,,,,,,,,,0.0,,,,,0.0,0.0,,,32.0,,,,,,,,,,,,,-99.0,-99.0,-99.0,,,,-99.0,,,,,-99.0,,,,,
1993,1,8,,,,,,,,,,,,,,,,,,,,,,,,,,,,,,,,99.0,99.0,99.0,,,,99.0,,,,,99.0,,,,,
1993,1,9,100.0,100.0,,,,,59.0,412.0,439.0,302.0,,,,,0.0,0.0,,62.059999999999995,51.08,0.0,,,,135.0,135.0,,,,,170.0,130.0,1.0,-9999.0,-9999.0,,,,-9999.0,,,,,1.0,1.0,,,,
1993,1,10,,,,,,,,,,0.0,,,,,0.0,0.0,,32.0,32.0,,,,,,,,,,,,,0.0,,-9.0,,,,-9.0,,,,,,0.0,,,,
1993,1,11,100.0,100.0,,,,,56.0,356.0,359.0,254.0,,,,,0.0,0.0,,62.959999999999994,60.08,0.0,,,,,,,,,,190.0,80.0,1.0,1.0,999.0,,,,999.0,,,,,999.0,1.0,,,,
1993,1,12,,,,,,,,,,,,,,,0.0,0.0,,,,,,,,,,,,,,,,0.0,,-999.0,,,,-999.0,,,,,-999.0,0.0,,,,
1993,1,14,90.0,90.0,,,,,30.0,1053.0,2018.0,18.0,,,,,0.0,0.0,,60.08,53.06,89.0,,,,,,,,,,72.0,36.0,9999.0,9999.0,9999.0,,,,9999.0,,,,,9999.0,1.0,,,,
1993,1,15,,,,,,,,,,0.0,,,,,0.0,0.0,,,,,,,,,,,,,,,,,-99.0,-99.0,,,,-99.0,,,,,,0.0,,,,
1993,1,16,,,,,,,,,,,,,,,,,,,,,,,,,,,,,,,,,99.0,99.0,,,,99.0,,,,,,,,,,
1993,1,17,70.0,80.0,,,,,30.0,1545.0,1457.0,0.0,,,,,0.0,0.0,,59.0,44.96,222.0,,,,315.0,315.0,,,,,67.0,49.0,-9999.0,-9999.0,-9999.0,,,,-9999.0,,,,,-9999.0,-9999.0,,,,
1993,1,18,,,,,,,,,,0.0,,,,,0.0,0.0,,32.0,32.0,,,,,,,,,,,,,,-9.0,-9.0,,,,-9.0,,,,,,,,,,
1993,1,19,90.0,100.0,,,,,42.0,957.0,542.0,216.0,,,,,0.0,0.0,,60.980000000000004,44.06,29.0,,,,,,,,,,118.0,89.0,1.0,999.0,999.0,,,,999.0,,,,,1.0,1.0,,,,
1993,1,20,,,,,,,,,,,,,,,0.0,0.0,,,,,,,,,,,,,,,,0.0,-999.0,-999.0,,,,-999.0,,,,,,0.0,,,,
1993,1,22,100.0,100.0,,,,,37.0,425.0,428.0,3.0,,,,,0.0,0.0,,64.04,57.92,10.0,,,,,,,,,,123.0,107.0,9999.0,9999.0,9999.0,,,,9999.0,,,,,1.0,1.0,,,,
1993,1,23,,,,,,,,,,,,,,,0.0,0.0,,,,,,,,,,,,,,,,,-99.0,-99.0,,,,-99.0,,,,,,0.0,,,,
1993,1,24,,,,,,,,,,,,,,,,,,,,,,,,,,,,,,,,,99.0,99.0,,,,99.0,,,,,99.0,,,,,
1993,1,25,100.0,100.0,,,,,71.0,1722.0,1855.0,284.0,,,,,0.0,0.0,,62.059999999999995,59.0,0.0,,,,180.0,180.0,,,,,139.0,107.0,1.0,-9999.0,-9999.0,,,,-9999.0,,,,,1.0,1.0,,,,
1993,1,26,,,,,,,,,,0.0,,,,,0.0,0.0,,32.0,32.0,,,,,,,,,,,,,0.0,-9.0,-9.0,,,,-9.0,,,,,,0.0,,,,
1993,1,27,90.0,100.0,,,,,64.0,647.0,644.0,84.0,,,,,0.0,0.0,,62.059999999999995,55.94,4.0,,,,,,,,,,134.0,94.0,1.0,999.0,999.0,,,,999.0,,,,,1.0,1.0,,,,
1993,1,28,,,,,,,,,,,,,,,0.0,0.0,,,,,,,,,,,,,,,,0.0,-999.0,-999.0,,,,-999.0,,,,,,0.0,,,,
1993,1,30,60.0,70.0,,,,,26.0,1409.0,1343.0,0.0,,,,,0.0,0.0,,60.980000000000004,46.94,142.0,,,,,,,,,,57.0,40.0,9999.0,9999.0,9999.0,,,,9999.0,,,,,9999.0,9999.0,,,,
1993,1,31,,,,,,,,,,0.0,,,,,0.0,0.0,,,32.0,,,,,,,,,,,,,-99.0,-99.0,-99.0,,,,-99.0,,,,,-99.0,-99.0,,,,
1993,2,1,20.0,10.0,,,,,31.0,1454.0,1613.0,0.0,,,,,0.0,0.0,,66.92,48.92,634.0,,,,315.0,315.0,,,,,72.0,72.0,-9999.0,,,,,,-9999.0,,,,,,-9999.0,,,,
1993,2,2,,,,,,,,,,0.0,,,,,0.0,0.0,,32.0,32.0,,,,,,,,,,,,,,,,,,,,,,,,,-9.0,,,,
1993,2,3,30.0,20.0,,,,,29.0,400.0,342.0,0.0,,,,,0.0,0.0,,69.08,48.92,534.0,,,,,,,,,,67.0,63.0,1.0,,,,,,1.0,,,,,,999.0,,,,
1993,2,4,,,,,,,,,,0.0,,,,,0.0,0.0,,,,,,,,,,,,,,,,,,,,,,,,,,,,-999.0,,,,
1993,2,6,50.0,30.0,,,,,21.0,1347.0,1408.0,0.0,,,,,0.0,0.0,,69.98,50.0,577.0,,,,,,,,,,57.0,36.0,9999.0,,,,,,9999.0,,,,,,9999.0,,,,
1993,2,7,,,,,,,,,,0.0,,,,,0.0,0.0,,,,,,,,,,,,,,,,-99.0,,,,,,-99.0,,,,,,-99.0,,,,
1993,2,8,,,,,,,,,,,,,,,,,,,,,,,,,,,,,,,,99.0,,,,,,99.0,,,,,,99.0,,,,
1993,2,9,30.0,20.0,,,,,26.0,1337.0,1346.0,0.0,,,,,0.0,0.0,,69.98,50.0,593.0,,,,315.0,315.0,,,,,93.0,80.0,1.0,,,,,,-9999.0,,,,,,-9999.0,,,,
1993,2,10,,,,,,,,,,0.0,,,,,0.0,0.0,,32.0,32.0,,,,,,,,,,,,,0.0,,,,,,,,,,,,,,,,
1993,2,11,100.0,100.0,,,,,43.0,324.0,326.0,147.0,,,,,0.0,0.0,,66.02,57.92,0.0,,,,,,,,,,170.0,125.0,1.0,,,,,,1.0,,,,,,1.0,,,,
1993,2,12,,,,,,,,,,,,,,,0.0,0.0,,,,,,,,,,,,,,,,0.0,,,,,,,,,,,,0.0,,,,
1993,2,14,70.0,80.0,,,,,44.0,1311.0,1410.0,15.0,,,,,0.0,0.0,,62.059999999999995,53.96,228.0,,,,,,,,,,108.0,63.0,9999.0,,,,,,9999.0,,,,,,1.0,,,,
1993,2,15,,,,,,,,,,0.0,,,,,0.0,0.0,,,,,,,,,,,,,,,,-99.0,,,,,,-99.0,,,,,,0.0,,,,
1993,2,16,,,,,,,,,,,,,,,,,,,,,,,,,,,,,,,,99.0,,,,,,99.0,,,,,,,,,,
1993,2,17,70.0,80.0,,,,,33.0,1445.0,1507.0,0.0,,,,,0.0,0.0,,62.959999999999994,50.0,599.0,,,,315.0,315.0,,,,,67.0,58.0,-9999.0,,,,,,-9999.0,,,,,,-9999.0,,,,
1993,2,18,,,,,,,,,,0.0,,,,,0.0,0.0,,32.0,32.0,,,,,,,,,,,,,-9.0,,,,,,-9.0,,,,,,-9.0,,,,
1993,2,19,70.0,80.0,,,,,32.0,513.0,503.0,0.0,,,,,0.0,0.0,,62.959999999999994,50.0,610.0,,,,,,,,,,77.0,54.0,999.0,,,,,,999.0,,,,,,999.0,,,,
1993,2,20,,,,,,,,,,0.0,,,,,0.0,0.0,,,,,,,,,,,,,,,,,,,,,,,,,,,,-999.0,,,,
1993,2,22,50.0,40.0,,,,,39.0,1710.0,1507.0,0.0,,,,,0.0,0.0,,62.959999999999994,55.04,411.0,,,,,,,,,,72.0,40.0,1.0,,,,,,1.0,,,,,,9999.0,,,,
1993,2,23,,,,,,,,,,0.0,,,,,0.0,0.0,,,,,,,,,,,,,,,,,,,,,,,,,,,,-99.0,,,,
1993,2,24,,,,,,,,,,,,,,,,,,,,,,,,,,,,,,,,99.0,,,,,,99.0,,,,,,99.0,,,,
1993,2,25,100.0,100.0,,,,,31.0,1936.0,1313.0,0.0,,,,,0.0,0.0,,60.08,55.04,29.0,,,,225.0,180.0,,,,,67.0,31.0,-9999.0,,,,,,-9999.0,,,,,,-9999.0,,,,
1993,2,26,,,,,,,,,,0.0,,,,,0.0,0.0,,32.0,32.0,,,,,,,,,,,,,-9.0,,,,,,-9.0,,,,,,-9.0,,,,
1993,2,27,60.0,30.0,,,,,38.0,920.0,519.0,0.0,,,,,0.0,0.0,,69.08,51.98,598.0,,,,,,,,,,72.0,49.0,999.0,,,,,,999.0,,,,,,999.0,,,,
1993,2,28,,,,,,,,,,,,,,,0.0,0.0,,,,,,,,,,,,,,,,,,,,,,-999.0,,,,,,,,,,
1993,2,30,100.0,90.0,,,,,72.0,1850.0,1946.0,373.0,,,,,0.0,0.0,,64.04,53.96,53.0,,,,,,,,,,159.0,112.0,1.0,,,,,,9999.0,,,,,,1.0,,,,
1993,2,31,,,,,,,,,,0.0,,,,,0.0,0.0,,,,,,,,,,,,,,,,,,,,,,-99.0,,,,,,0.0,,,,
1993,3,1,40.0,50.0,,,,,34.0,1317.0,1332.0,3.0,,,,,0.0,0.0,,62.059999999999995,50.0,488.0,,,,315.0,270.0,,,,,87.0,49.0,-9999.0,-9999.0,,,,,-9999.0,,,,,-9999.0,1.0,,,,
1993,3,2,,,,,,,,,,0.0,,,,,0.0,0.0,,32.0,32.0,,,,,,,,,,,,,,-9.0,,,,,-9.0,,,,,-9.0,,,,,
1993,3,3,20.0,10.0,,,,,32.0,517.0,522.0,0.0,,,,,0.0,0.0,,62.959999999999994,48.02,683.0,,,,,,,,,,77.0,63.0,1.0,999.0,,,,,999.0,,,,,999.0,999.0,,,,
1993,3,4,,,,,,,,,,0.0,,,,,0.0,0.0,,,,,,,,,,,,,,,,0.0,-999.0,,,,,,,,,,-999.0,-999.0,,,,
1993,3,6,0.0,0.0,,,,,32.0,1537.0,1341.0,0.0,,,,,0.0,0.0,,68.0,48.92,695.0,,,,,,,,,,82.0,67.0,1.0,9999.0,,,,,1.0,,,,,9999.0,9999.0,,,,
1993,3,7,,,,,,,,,,0.0,,,,,0.0,0.0,,,,,,,,,,,,,,,,0.0,-99.0,,,,,0.0,,,,,-99.0,-99.0,,,,
1993,3,8,,,,,,,,,,,,,,,,,,,,,,,,,,,,,,,,,99.0,,,,,,,,,,99.0,99.0,,,,
1993,3,9,0.0,0.0,,,,,26.0,1606.0,1538.0,0.0,,,,,0.0,0.0,,78.08,53.06,699.0,,,,315.0,315.0,,,,,72.0,67.0,-9999.0,-9999.0,,,,,-9999.0,,,,,-9999.0,-9999.0,,,,
1993,3,10,,,,,,,,,,0.0,,,,,0.0,0.0,,32.0,32.0,,,,,,,,,,,,,,-9.0,,,,,-9.0,,,,,-9.0,-9.0,,,,
1993,3,11,0.0,0.0,,,,,28.0,451.0,533.0,0.0,,,,,0.0,0.0,,80.06,53.96,701.0,,,,,,,,,,72.0,63.0,1.0,999.0,,,,,999.0,,,,,999.0,999.0,,,,
1993,3,12,,,,,,,,,,0.0,,,,,0.0,0.0,,,,,,,,,,,,,,,,0.0,,,,,,-999.0,,,,,-999.0,-999.0,,,,
1993,3,14,40.0,50.0,,,,,33.0,1418.0,1418.0,0.0,,,,,0.0,0.0,,71.96,51.08,588.0,,,,,,,,,,77.0,67.0,1.0,1.0,,,,,9999.0,,,,,9999.0,9999.0,,,,
1993,3,15,,,,,,,,,,0.0,,,,,0.0,0.0,,,32.0,,,,,,,,,,,,,0.0,,,,,,,,,,,-99.0,-99.0,,,,
1993,3,16,,,,,,,,,,,,,,,,,,,,,,,,,,,,,,,,,,,,,,,,,,,99.0,99.0,,,,
1993,3,17,50.0,20.0,,,,,35.0,1625.0,1628.0,0.0,,,,,0.0,0.0,,66.02,55.04,630.0,,,,315.0,315.0,,,,,82.0,76.0,-9999.0,-9999.0,,,,,1.0,,,,,-9999.0,-9999.0,,,,
1993,3,18,,,,,,,,,,0.0,,,,,0.0,0.0,,32.0,32.0,,,,,,,,,,,,,-9.0,-9.0,,,,,,,,,,-9.0,-9.0,,,,
1993,3,19,50.0,60.0,,,,,29.0,431.0,428.0,0.0,,,,,0.0,0.0,,77.0,53.96,518.0,,,,,,,,,,82.0,76.0,999.0,999.0,,,,,999.0,,,,,999.0,999.0,,,,
1993,3,20,,,,,,,,,,0.0,,,,,0.0,0.0,,,,,,,,,,,,,,,,-999.0,-999.0,,,,,-999.0,,,,,-999.0,-999.0,,,,
1993,3,22,50.0,30.0,,,,,35.0,1257.0,1500.0,0.0,,,,,0.0,0.0,,68.0,57.02,592.0,,,,,,,,,,77.0,45.0,9999.0,9999.0,,,,,9999.0,,,,,9999.0,9999.0,,,,
1993,3,23,,,,,,,,,,0.0,,,,,0.0,0.0,,,,,,,,,,,,,,,,-99.0,-99.0,,,,,-99.0,,,,,-99.0,-99.0,,,,
1993,3,24,,,,,,,,,,,,,,,,,,,,,,,,,,,,,,,,99.0,99.0,,,,,99.0,,,,,99.0,99.0,,,,
1993,3,25,70.0,90.0,,,,,36.0,1443.0,1442.0,0.0,,,,,0.0,0.0,,69.08,57.02,630.0,,,,315.0,315.0,,,,,72.0,58.0,1.0,-9999.0,,,,,1.0,,,,,-9999.0,-9999.0,,,,
1993,3,26,,,,,,,,,,0.0,,,,,0.0,0.0,,32.0,32.0,,,,,,,,,,,,,0.0,-9.0,,,,,0.0,,,,,,,,,,
1993,3,27,80.0,100.0,,,,,39.0,421.0,436.0,,,,,,0.0,0.0,,71.06,59.0,555.0,,,,,,,,,,82.0,63.0,1.0,999.0,,,,,1.0,,,,,1.0,1.0,,,,
1993,3,28,,,,,,,,,,0.0,,,,,0.0,0.0,,,,,,,,,,,,,,,,,-999.0,,,,,,,,,,,0.0,,,,
1993,3,30,40.0,40.0,,,,,30.0,1413.0,1445.0,0.0,,,,,0.0,0.0,,69.98,53.06,689.0,,,,,,,,,,67.0,45.0,9999.0,9999.0,,,,,9999.0,,,,,9999.0,9999.0,,,,
1993,3,31,,,,,,,,,,0.0,,,,,0.0,0.0,,,,,,,,,,,,,,,,-99.0,-99.0,,,,,-99.0,,,,,-99.0,-99.0,,,,
1993,4,1,70.0,70.0,,,,,38.0,1550.0,1504.0,0.0,,,,,0.0,0.0,,66.92,55.94,629.0,,,,315.0,315.0,,,,,87.0,58.0,-9999.0,,,,,,-9999.0,,,,,,,,,,
1993,4,2,,,,,,,,,,0.0,,,,,0.0,0.0,,32.0,32.0,,,,,,,,,,,,,-9.0,,,,,,-9.0,,,,,,,,,,
1993,4,3,30.0,40.0,,,,,31.0,516.0,217.0,0.0,,,,,0.0,0.0,,68.0,53.96,754.0,,,,,,,,,,93.0,67.0,999.0,,,,,,999.0,,,,,,,,,,
1993,4,4,,,,,,,,,,0.0,,,,,0.0,0.0,,,,,,,,,,,,,,,,,,,,,,,,,,,,,,,,
1993,4,6,50.0,40.0,,,,,28.0,1459.0,1457.0,0.0,,,,,0.0,0.0,,68.0,55.94,686.0,,,,,,,,,,67.0,58.0,1.0,,,,,,1.0,,,,,,,,,,
1993,4,7,,,,,,,,,,0.0,,,,,0.0,0.0,,,,,,,,,,,,,,,,,,,,,,,,,,,,,,,,
1993,4,8,,,,,,,,,,,,,,,,,,,,,,,,,,,,,,,,99.0,,,,,,99.0,,,,,,,,,,
1993,4,9,40.0,60.0,,,,,35.0,1524.0,1252.0,0.0,,,,,0.0,0.0,,66.92,53.96,426.0,,,,270.0,315.0,,,,,87.0,67.0,-9999.0,,,,,,-9999.0,,,,,,,,,,
1993,4,10,,,,,,,,,,0.0,,,,,0.0,0.0,,32.0,32.0,,,,,,,,,,,,,-9.0,,,,,,-9.0,,,,,,,,,,
1993,4,11,0.0,10.0,,,,,33.0,459.0,502.0,0.0,,,,,0.0,0.0,,69.98,51.08,763.0,,,,,,,,,,87.0,76.0,999.0,,,,,,999.0,,,,,,,,,,
1993,4,12,,,,,,,,,,0.0,,,,,0.0,0.0,,,,,,,,,,,,,,,,-999.0,,,,,,-999.0,,,,,,,,,,
1993,4,13,,,,,,,,,,,,,,,,,,,,,,,,,,,,,,,,9.0,,,,,,,,,,,,,,,,
1993,4,14,10.0,10.0,,,,,32.0,1620.0,1502.0,0.0,,,,,0.0,0.0,,71.06,55.04,723.0,,,,,,,,,,72.0,67.0,1.0,,,,,,9999.0,,,,,,,,,,
1993,4,15,,,,,,,,,,0.0,,,,,0.0,0.0,,,,,,,,,,,,,,,,0.0,,,,,,,,,,,,,,,,
1993,4,17,40.0,10.0,,,,,34.0,1412.0,1604.0,0.0,,,,,0.0,0.0,,69.08,57.02,720.0,,,,225.0,225.0,,,,,62.0,40.0,1.0,,,,,,1.0,,,,,,,,,,
1993,4,18,,,,,,,,,,0.0,,,,,0.0,0.0,,32.0,32.0,,,,,,,,,,,,,,,,,,,,,,,,,,,,,
1993,4,19,90.0,90.0,,,,,41.0,727.0,358.0,0.0,,,,,0.0,0.0,,66.92,57.92,719.0,,,,,,,,,,72.0,49.0,999.0,,,,,,999.0,,,,,,,,,,
1993,4,20,,,,,,,,,,0.0,,,,,0.0,0.0,,,,,,,,,,,,,,,,-999.0,,,,,,-999.0,,,,,,,,,,
1993,4,22,50.0,40.0,,,,,42.0,1030.0,1039.0,0.0,,,,,0.0,0.0,,66.92,57.02,742.0,,,,,,,,,,87.0,63.0,9999.0,,,,,,9999.0,,,,,,,,,,
1993,4,23,,,,,,,,,,0.0,,,,,0.0,0.0,,,,,,,,,,,,,,,,-99.0,,,,,,-99.0,,,,,,,,,,
1993,4,24,,,,,,,,,,,,,,,,,,,,,,,,,,,,,,,,99.0,,,,,,99.0,,,,,,,,,,
1993,4,25,80.0,70.0,,,,,33.0,1319.0,1411.0,0.0,,,,,0.0,0.0,,68.0,59.0,455.0,,,,225.0,225.0,,,,,93.0,58.0,-9999.0,,,,,,-9999.0,,,,,,,,,,
1993,4,26,,,,,,,,,,0.0,,,,,0.0,0.0,,32.0,32.0,,,,,,,,,,,,,-9.0,,,,,,-9.0,,,,,,,,,,
1993,4,27,90.0,90.0,,,,,36.0,357.0,356.0,0.0,,,,,0.0,0.0,,68.0,60.08,185.0,,,,,,,,,,77.0,58.0,999.0,,,,,,999.0,,,,,,,,,,
1993,4,28,,,,,,,,,,0.0,,,,,0.0,0.0,,,,,,,,,,,,,,,,-999.0,,,,,,-999.0,,,,,,,,,,
1993,4,30,0.0,0.0,,,,,35.0,1330.0,1356.0,0.0,,,,,0.0,0.0,,75.02,55.04,783.0,,,,,,,,,,93.0,80.0,9999.0,,,,,,9999.0,,,,,,,,,,
1993,4,31,,,,,,,,,,0.0,,,,,0.0,0.0,,,,,,,,,,,,,,,,,,,,,,-99.0,,,,,,,,,,
1993,5,1,60.0,30.0,,,,,32.0,1612.0,1325.0,0.0,,,,,0.0,0.0,,73.04,60.08,653.0,,,,315.0,270.0,,,,,67.0,45.0,1.0,,,,,,1.0,,,,,-9999.0,-9999.0,,,,
1993,5,2,,,,,,,,,,0.0,,,,,0.0,0.0,,32.0,32.0,,,,,,,,,,,,,0.0,,,,,,0.0,,,,,-9.0,-9.0,,,,
1993,5,3,80.0,60.0,,,,,35.0,308.0,20.0,0.0,,,,,0.0,0.0,,68.0,60.980000000000004,383.0,,,,,,,,,,72.0,45.0,1.0,,,,,,1.0,,,,,999.0,999.0,,,,
1993,5,4,,,,,,,,,,0.0,,,,,0.0,0.0,,,,,,,,,,,,,,,,,,,,,,,,,,,-999.0,-999.0,,,,
1993,5,6,80.0,90.0,,,,,46.0,1156.0,1220.0,0.0,,,,,0.0,0.0,,64.94,57.92,193.0,,,,,,,,,,93.0,67.0,9999.0,,,,,,9999.0,,,,,9999.0,9999.0,,,,
1993,5,7,,,,,,,,,,0.0,,,,,0.0,0.0,,,,,,,,,,,,,,,,-99.0,,,,,,-99.0,,,,,-99.0,-99.0,,,,
1993,5,8,,,,,,,,,,,,,,,,,,,,,,,,,,,,,,,,99.0,,,,,,99.0,,,,,99.0,99.0,,,,
1993,5,9,80.0,80.0,,,,,37.0,1229.0,1116.0,0.0,,,,,0.0,0.0,,69.98,60.980000000000004,661.0,,,,315.0,315.0,,,,,87.0,49.0,-9999.0,,,,,,-9999.0,,,,,-9999.0,-9999.0,,,,
1993,5,10,,,,,,,,,,0.0,,,,,0.0,0.0,,32.0,32.0,,,,,,,,,,,,,-9.0,,,,,,-9.0,,,,,-9.0,-9.0,,,,
1993,5,11,50.0,50.0,,,,,35.0,626.0,541.0,0.0,,,,,0.0,0.0,,71.06,57.92,462.0,,,,,,,,,,77.0,63.0,999.0,,,,,,999.0,,,,,999.0,999.0,,,,
1993,5,12,,,,,,,,,,0.0,,,,,0.0,0.0,,,,,,,,,,,,,,,,,,,,,,-999.0,,,,,-999.0,-999.0,,,,
1993,5,13,,,,,,,,,,,,,,,,,,,,,,,,,,,,,,,,,,,,,,9.0,,,,,,,,,,
1993,5,14,10.0,0.0,,,,,29.0,1403.0,1749.0,0.0,,,,,0.0,0.0,,80.06,60.08,821.0,,,,,,,,,,67.0,45.0,9999.0,,,,,,1.0,,,,,9999.0,9999.0,,,,
1993,5,15,,,,,,,,,,0.0,,,,,0.0,0.0,,,,,,,,,,,,,,,,,,,,,,0.0,,,,,-99.0,-99.0,,,,
1993,5,16,,,,,,,,,,,,,,,,,,,,,,,,,,,,,,,,,,,,,,,,,,,99.0,99.0,,,,
1993,5,17,100.0,100.0,,,,,40.0,1832.0,1421.0,0.0,,,,,0.0,0.0,,66.02,62.059999999999995,33.0,,,,315.0,315.0,,,,,82.0,54.0,-9999.0,,,,,,-9999.0,,,,,-9999.0,-9999.0,,,,
1993,5,18,,,,,,,,,,0.0,,,,,0.0,0.0,,32.0,32.0,,,,,,,,,,,,,-9.0,,,,,,-9.0,,,,,-9.0,-9.0,,,,
1993,5,19,50.0,50.0,,,,,48.0,537.0,447.0,0.0,,,,,0.0,0.0,,69.08,60.08,628.0,,,,,,,,,,98.0,76.0,999.0,,,,,,999.0,,,,,999.0,999.0,,,,
1993,5,20,,,,,,,,,,0.0,,,,,0.0,0.0,,,,,,,,,,,,,,,,-999.0,,,,,,-999.0,,,,,-999.0,-999.0,,,,
1993,5,22,40.0,30.0,,,,,39.0,1100.0,1232.0,0.0,,,,,0.0,0.0,,75.02,59.0,721.0,,,,,,,,,,93.0,80.0,9999.0,,,,,,9999.0,,,,,9999.0,9999.0,,,,
1993,5,23,,,,,,,,,,0.0,,,,,0.0,0.0,,,,,,,,,,,,,,,,-99.0,,,,,,-99.0,,,,,-99.0,,,,,
1993,5,24,,,,,,,,,,,,,,,,,,,,,,,,,,,,,,,,99.0,,,,,,99.0,,,,,99.0,,,,,
1993,5,25,90.0,90.0,,,,,40.0,1556.0,1514.0,0.0,,,,,0.0,0.0,,69.98,62.059999999999995,224.0,,,,225.0,225.0,,,,,72.0,40.0,-9999.0,,,,,,-9999.0,,,,,-9999.0,-9999.0,,,,
1993,5,26,,,,,,,,,,0.0,,,,,0.0,0.0,,32.0,32.0,,,,,,,,,,,,,-9.0,,,,,,-9.0,,,,,-9.0,-9.0,,,,
1993,5,27,60.0,50.0,,,,,45.0,543.0,532.0,0.0,,,,,0.0,0.0,,71.96,62.959999999999994,483.0,,,,,,,,,,93.0,76.0,999.0,,,,,,999.0,,,,,999.0,999.0,,,,
1993,5,28,,,,,,,,,,0.0,,,,,0.0,0.0,,,,,,,,,,,,,,,,-999.0,,,,,,-999.0,,,,,-999.0,-999.0,,,,
1993,5,30,30.0,20.0,,,,,40.0,1454.0,1441.0,0.0,,,,,0.0,0.0,,71.96,59.0,761.0,,,,,,,,,,87.0,76.0,9999.0,,,,,,9999.0,,,,,9999.0,9999.0,,,,
1993,5,31,,,,,,,,,,0.0,,,,,0.0,0.0,,,,,,,,,,,,,,,,,,,,,,-99.0,,,,,,,,,,
1993,6,1,20.0,20.0,,,,,38.0,1549.0,1533.0,0.0,,,,,0.0,0.0,,75.02,62.059999999999995,714.0,,,,315.0,315.0,,,,,93.0,85.0,-9999.0,,,,,,-9999.0,,,,,,-9999.0,,,,
1993,6,2,,,,,,,,,,0.0,,,,,0.0,0.0,,32.0,32.0,,,,,,,,,,,,,-9.0,,,,,,-9.0,,,,,,-9.0,,,,
1993,6,3,60.0,50.0,,,,,38.0,637.0,603.0,0.0,,,,,0.0,0.0,,71.96,62.059999999999995,539.0,,,,,,,,,,77.0,58.0,999.0,,,,,,999.0,,,,,,999.0,,,,
1993,6,4,,,,,,,,,,0.0,,,,,0.0,0.0,,,,,,,,,,,,,,,,-999.0,,,,,,-999.0,,,,,,-999.0,,,,
1993,6,6,100.0,90.0,,,,,46.0,1224.0,1224.0,0.0,,,,,0.0,0.0,,69.08,62.959999999999994,248.0,,,,,,,,,,103.0,72.0,9999.0,,,,,,9999.0,,,,,,9999.0,,,,
1993,6,7,,,,,,,,,,0.0,,,,,0.0,0.0,,,,,,,,,,,,,,,,,,,,,,-99.0,,,,,,,,,,
1993,6,8,,,,,,,,,,,,,,,,,,,,,,,,,,,,,,,,,,,,,,99.0,,,,,,,,,,
1993,6,9,50.0,70.0,,,,,35.0,1632.0,1105.0,8.0,,,,,0.0,0.0,,68.0,55.94,467.0,,,,315.0,315.0,,,,,93.0,54.0,-9999.0,,,,,,-9999.0,,,,,,1.0,,,,
1993,6,10,,,,,,,,,,0.0,,,,,0.0,0.0,,32.0,32.0,,,,,,,,,,,,,-9.0,,,,,,-9.0,,,,,,,,,,
1993,6,11,30.0,30.0,,,,,36.0,413.0,406.0,0.0,,,,,0.0,0.0,,69.98,57.92,659.0,,,,,,,,,,82.0,54.0,999.0,,,,,,999.0,,,,,,999.0,,,,
1993,6,12,,,,,,,,,,0.0,,,,,0.0,0.0,,,,,,,,,,,,,,,,-999.0,,,,,,-999.0,,,,,,-999.0,,,,
1993,6,14,0.0,0.0,,,,,36.0,1312.0,1312.0,0.0,,,,,0.0,0.0,,78.08,60.980000000000004,855.0,,,,,,,,,,82.0,76.0,9999.0,,,,,,9999.0,,,,,,9999.0,,,,
1993,6,15,,,,,,,,,,0.0,,,,,0.0,0.0,,,,,,,,,,,,,,,,,,,,,,,,,,,,-99.0,,,,
1993,6,16,,,,,,,,,,,,,,,,,,,,,,,,,,,,,,,,,,,,,,,,,,,,99.0,,,,
1993,6,17,70.0,60.0,,,,,47.0,1322.0,1706.0,0.0,,,,,0.0,0.0,,71.96,64.04,429.0,,,,225.0,225.0,,,,,77.0,54.0,1.0,,,,,,-9999.0,,,,,,-9999.0,,,,
1993,6,18,,,,,,,,,,0.0,,,,,0.0,0.0,,32.0,32.0,,,,,,,,,,,,,0.0,,,,,,-9.0,,,,,,-9.0,,,,
1993,6,19,40.0,30.0,,,,,38.0,126.0,201.0,0.0,,,,,0.0,0.0,,71.96,64.04,635.0,,,,,,,,,,67.0,54.0,1.0,,,,,,999.0,,,,,,999.0,,,,
1993,6,20,,,,,,,,,,0.0,,,,,0.0,0.0,,,,,,,,,,,,,,,,0.0,,,,,,,,,,,,-999.0,,,,
1993,6,22,60.0,50.0,,,,,34.0,1551.0,1408.0,0.0,,,,,0.0,0.0,,75.02,62.959999999999994,574.0,,,,,,,,,,72.0,54.0,1.0,,,,,,1.0,,,,,,9999.0,,,,
1993,6,23,,,,,,,,,,0.0,,,,,0.0,0.0,,,,,,,,,,,,,,,,0.0,,,,,,0.0,,,,,,-99.0,,,,
1993,6,24,,,,,,,,,,,,,,,,,,,,,,,,,,,,,,,,,,,,,,,,,,,,99.0,,,,
1993,6,25,90.0,80.0,,,,,46.0,1830.0,1543.0,0.0,,,,,0.0,0.0,,71.96,64.94,312.0,,,,225.0,225.0,,,,,82.0,63.0,1.0,,,,,,1.0,,,,,,-9999.0,,,,
1993,6,26,,,,,,,,,,0.0,,,,,0.0,0.0,,32.0,32.0,,,,,,,,,,,,,,,,,,,,,,,,,-9.0,,,,
1993,6,27,50.0,30.0,,,,,42.0,205.0,147.0,0.0,,,,,0.0,0.0,,73.04,64.94,674.0,,,,,,,,,,72.0,54.0,999.0,,,,,,999.0,,,,,,999.0,,,,
1993,6,28,,,,,,,,,,0.0,,,,,0.0,0.0,,,,,,,,,,,,,,,,-999.0,,,,,,-999.0,,,,,,-999.0,,,,
1993,6,29,,,,,,,,,,,,,,,,,,,,,,,,,,,,,,,,9.0,,,,,,9.0,,,,,,,,,,
1993,6,30,80.0,70.0,,,,,45.0,1148.0,1130.0,0.0,,,,,0.0,0.0,,78.08,66.92,490.0,,,,,,,,,,93.0,80.0,1.0,,,,,,1.0,,,,,,9999.0,,,,
1993,6,31,,,,,,,,,,0.0,,,,,0.0,0.0,,,,,,,,,,,,,,,,,,,,,,,,,,,,-99.0,,,,
1993,7,1,70.0,50.0,,,,,38.0,1147.0,1203.0,0.0,,,,,0.0,0.0,,71.96,62.959999999999994,562.0,,,,225.0,225.0,,,,,72.0,49.0,1.0,,,,,,1.0,,,,,-9999.0,-9999.0,,,,
1993,7,2,,,,,,,,,,0.0,,,,,0.0,0.0,,32.0,32.0,,,,,,,,,,,,,0.0,,,,,,0.0,,,,,-9.0,-9.0,,,,
1993,7,3,60.0,50.0,,,,,34.0,327.0,233.0,0.0,,,,,0.0,0.0,,73.94,64.94,530.0,,,,,,,,,,67.0,40.0,1.0,,,,,,1.0,,,,,999.0,999.0,,,,
1993,7,4,,,,,,,,,,0.0,,,,,0.0,0.0,,,,,,,,,,,,,,,,,,,,,,,,,,,-999.0,-999.0,,,,
1993,7,6,70.0,60.0,,,,,40.0,1028.0,1229.0,0.0,,,,,0.0,0.0,,71.06,64.94,487.0,,,,,,,,,,77.0,49.0,9999.0,,,,,,9999.0,,,,,9999.0,9999.0,,,,
1993,7,7,,,,,,,,,,0.0,,,,,0.0,0.0,,,,,,,,,,,,,,,,-99.0,,,,,,-99.0,,,,,-99.0,-99.0,,,,
1993,7,8,,,,,,,,,,,,,,,,,,,,,,,,,,,,,,,,99.0,,,,,,99.0,,,,,99.0,99.0,,,,
1993,7,9,70.0,50.0,,,,,39.0,1435.0,1304.0,0.0,,,,,0.0,0.0,,75.02,64.04,560.0,,,,315.0,315.0,,,,,77.0,76.0,-9999.0,,,,,,-9999.0,,,,,-9999.0,-9999.0,,,,
1993,7,10,,,,,,,,,,0.0,,,,,0.0,0.0,,32.0,32.0,,,,,,,,,,,,,-9.0,,,,,,-9.0,,,,,-9.0,-9.0,,,,
1993,7,11,60.0,40.0,,,,,42.0,334.0,303.0,0.0,,,,,0.0,0.0,,75.92,66.92,547.0,,,,,,,,,,87.0,76.0,999.0,,,,,,999.0,,,,,999.0,999.0,,,,
1993,7,12,,,,,,,,,,0.0,,,,,0.0,0.0,,,,,,,,,,,,,,,,-999.0,,,,,,-999.0,,,,,-999.0,-999.0,,,,
1993,7,14,80.0,60.0,,,,,38.0,1331.0,1223.0,0.0,,,,,0.0,0.0,,73.94,66.02,545.0,,,,,,,,,,72.0,49.0,9999.0,,,,,,9999.0,,,,,9999.0,9999.0,,,,
1993,7,15,,,,,,,,,,0.0,,,,,0.0,0.0,,,,,,,,,,,,,,,,-99.0,,,,,,-99.0,,,,,-99.0,-99.0,,,,
1993,7,16,,,,,,,,,,,,,,,,,,,,,,,,,,,,,,,,99.0,,,,,,99.0,,,,,99.0,99.0,,,,
1993,7,17,50.0,20.0,,,,,33.0,1442.0,1357.0,0.0,,,,,0.0,0.0,,75.92,66.02,693.0,,,,225.0,225.0,,,,,72.0,40.0,-9999.0,,,,,,-9999.0,,,,,-9999.0,-9999.0,,,,
1993,7,18,,,,,,,,,,0.0,,,,,0.0,0.0,,32.0,32.0,,,,,,,,,,,,,-9.0,,,,,,-9.0,,,,,-9.0,-9.0,,,,
1993,7,19,70.0,60.0,,,,,34.0,326.0,131.0,0.0,,,,,0.0,0.0,,73.94,64.94,513.0,,,,,,,,,,72.0,45.0,999.0,,,,,,999.0,,,,,999.0,999.0,,,,
1993,7,20,,,,,,,,,,0.0,,,,,0.0,0.0,,,,,,,,,,,,,,,,-999.0,,,,,,-999.0,,,,,-999.0,-999.0,,,,
1993,7,22,40.0,30.0,,,,,36.0,1155.0,1002.0,0.0,,,,,0.0,0.0,,73.04,64.94,617.0,,,,,,,,,,77.0,49.0,9999.0,,,,,,9999.0,,,,,9999.0,9999.0,,,,
1993,7,23,,,,,,,,,,0.0,,,,,0.0,0.0,,,,,,,,,,,,,,,,-99.0,,,,,,-99.0,,,,,-99.0,-99.0,,,,
1993,7,24,,,,,,,,,,,,,,,,,,,,,,,,,,,,,,,,99.0,,,,,,99.0,,,,,99.0,99.0,,,,
1993,7,25,60.0,50.0,,,,,37.0,1323.0,1342.0,0.0,,,,,0.0,0.0,,73.04,66.02,558.0,,,,225.0,225.0,,,,,72.0,45.0,-9999.0,,,,,,-9999.0,,,,,-9999.0,-9999.0,,,,
1993,7,26,,,,,,,,,,0.0,,,,,0.0,0.0,,32.0,32.0,,,,,,,,,,,,,-9.0,,,,,,-9.0,,,,,-9.0,-9.0,,,,
1993,7,27,60.0,50.0,,,,,34.0,330.0,328.0,0.0,,,,,0.0,0.0,,77.0,64.94,580.0,,,,,,,,,,72.0,49.0,999.0,,,,,,999.0,,,,,999.0,999.0,,,,
1993,7,28,,,,,,,,,,0.0,,,,,0.0,0.0,,,,,,,,,,,,,,,,-999.0,,,,,,-999.0,,,,,-999.0,-999.0,,,,
1993,7,30,70.0,60.0,,,,,39.0,1538.0,1543.0,0.0,,,,,0.0,0.0,,75.02,64.94,602.0,,,,,,,,,,77.0,67.0,9999.0,,,,,,9999.0,,,,,9999.0,9999.0,,,,
1993,7,31,,,,,,,,,,0.0,,,,,0.0,0.0,,,,,,,,,,,,,,,,-99.0,,,,,,-99.0,,,,,-99.0,-99.0,,,,
1993,8,1,50.0,20.0,,,,,32.0,1115.0,1131.0,0.0,,,,,0.0,0.0,,78.08,64.94,690.0,,,,315.0,315.0,,,,,67.0,54.0,1.0,,,,,,1.0,,,,,-9999.0,-9999.0,,,,
1993,8,2,,,,,,,,,,0.0,,,,,0.0,0.0,,32.0,32.0,,,,,,,,,,,,,0.0,,,,,,0.0,,,,,-9.0,-9.0,,,,
1993,8,3,80.0,80.0,,,,,32.0,154.0,555.0,0.0,,,,,0.0,0.0,,75.02,66.02,352.0,,,,,,,,,,57.0,49.0,1.0,,,,,,1.0,,,,,999.0,999.0,,,,
1993,8,4,,,,,,,,,,0.0,,,,,0.0,0.0,,,,,,,,,,,,,,,,0.0,,,,,,,,,,,-999.0,-999.0,,,,
1993,8,6,70.0,70.0,,,,,36.0,1434.0,1052.0,0.0,,,,,0.0,0.0,,78.08,66.92,629.0,,,,,,,,,,82.0,67.0,9999.0,,,,,,9999.0,,,,,9999.0,9999.0,,,,
1993,8,7,,,,,,,,,,0.0,,,,,0.0,0.0,,,,,,,,,,,,,,,,,,,,,,,,,,,-99.0,-99.0,,,,
1993,8,8,,,,,,,,,,,,,,,,,,,,,,,,,,,,,,,,,,,,,,,,,,,99.0,99.0,,,,
1993,8,9,80.0,70.0,,,,,35.0,1510.0,1432.0,0.0,,,,,0.0,0.0,,73.94,66.02,356.0,,,,225.0,225.0,,,,,67.0,40.0,1.0,,,,,,1.0,,,,,1.0,1.0,,,,
1993,8,10,,,,,,,,,,,,,,,0.0,0.0,,32.0,32.0,,,,,,,,,,,,,,,,,,,0.0,,,,,,,,,,
1993,8,11,90.0,90.0,,,,,35.0,301.0,328.0,0.0,,,,,0.0,0.0,,71.96,64.04,271.0,,,,,,,,,,77.0,45.0,999.0,,,,,,1.0,,,,,999.0,999.0,,,,
1993,8,12,,,,,,,,,,0.0,,,,,0.0,0.0,,,,,,,,,,,,,,,,-999.0,,,,,,,,,,,-999.0,-999.0,,,,
1993,8,14,70.0,70.0,,,,,38.0,1630.0,1532.0,0.0,,,,,0.0,0.0,,78.98,66.02,552.0,,,,,,,,,,82.0,76.0,9999.0,,,,,,9999.0,,,,,9999.0,9999.0,,,,
1993,8,15,,,,,,,,,,0.0,,,,,0.0,0.0,,,,,,,,,,,,,,,,-99.0,,,,,,-99.0,,,,,-99.0,-99.0,,,,
1993,8,16,,,,,,,,,,,,,,,,,,,,,,,,,,,,,,,,99.0,,,,,,99.0,,,,,99.0,99.0,,,,
1993,8,17,70.0,80.0,,,,,32.0,1819.0,1528.0,0.0,,,,,0.0,0.0,,75.92,64.94,622.0,,,,315.0,315.0,,,,,62.0,58.0,-9999.0,,,,,,-9999.0,,,,,-9999.0,-9999.0,,,,
1993,8,18,,,,,,,,,,0.0,,,,,0.0,0.0,,32.0,32.0,,,,,,,,,,,,,-9.0,,,,,,-9.0,,,,,-9.0,-9.0,,,,
1993,8,19,50.0,30.0,,,,,33.0,433.0,355.0,0.0,,,,,0.0,0.0,,75.02,64.94,641.0,,,,,,,,,,67.0,54.0,999.0,,,,,,999.0,,,,,999.0,999.0,,,,
1993,8,20,,,,,,,,,,0.0,,,,,0.0,0.0,,,,,,,,,,,,,,,,-999.0,,,,,,-999.0,,,,,-999.0,-999.0,,,,
1993,8,22,90.0,80.0,,,,,36.0,1159.0,1251.0,0.0,,,,,0.0,0.0,,73.04,64.94,355.0,,,,,,,,,,77.0,54.0,9999.0,,,,,,9999.0,,,,,9999.0,9999.0,,,,
1993,8,23,,,,,,,,,,0.0,,,,,0.0,0.0,,,,,,,,,,,,,,,,-99.0,,,,,,-99.0,,,,,-99.0,-99.0,,,,
1993,8,24,,,,,,,,,,,,,,,,,,,,,,,,,,,,,,,,99.0,,,,,,99.0,,,,,99.0,99.0,,,,
1993,8,25,40.0,30.0,,,,,31.0,1153.0,1514.0,0.0,,,,,0.0,0.0,,73.94,64.04,593.0,,,,315.0,315.0,,,,,67.0,49.0,-9999.0,,,,,,-9999.0,,,,,-9999.0,-9999.0,,,,
1993,8,26,,,,,,,,,,0.0,,,,,0.0,0.0,,32.0,32.0,,,,,,,,,,,,,-9.0,,,,,,-9.0,,,,,-9.0,-9.0,,,,
1993,8,27,70.0,50.0,,,,,35.0,148.0,207.0,0.0,,,,,0.0,0.0,,75.02,64.04,464.0,,,,,,,,,,82.0,63.0,999.0,,,,,,999.0,,,,,999.0,999.0,,,,
1993,8,28,,,,,,,,,,0.0,,,,,0.0,0.0,,,,,,,,,,,,,,,,-999.0,,,,,,,,,,,-999.0,-999.0,,,,
1993,8,29,,,,,,,,,,,,,,,,,,,,,,,,,,,,,,,,9.0,,,,,,,,,,,,,,,,
1993,8,30,60.0,40.0,,,,,28.0,1401.0,1231.0,0.0,,,,,0.0,0.0,,73.04,64.04,473.0,,,,,,,,,,72.0,40.0,1.0,,,,,,9999.0,,,,,9999.0,9999.0,,,,
1993,8,31,,,,,,,,,,0.0,,,,,0.0,0.0,,,,,,,,,,,,,,,,0.0,,,,,,,,,,,-99.0,-99.0,,,,
1993,9,1,60.0,50.0,,,,,32.0,1032.0,1314.0,0.0,,,,,0.0,0.0,,75.92,66.92,570.0,,,,225.0,225.0,,,,,67.0,36.0,-9999.0,-9999.0,,,,,-9999.0,,,,,-9999.0,-9999.0,,,,
1993,9,2,,,,,,,,,,0.0,,,,,0.0,0.0,,32.0,32.0,,,,,,,,,,,,,,-9.0,,,,,-9.0,,,,,-9.0,-9.0,,,,
1993,9,3,50.0,30.0,,,,,31.0,154.0,143.0,0.0,,,,,0.0,0.0,,75.92,66.92,526.0,,,,,,,,,,62.0,40.0,1.0,999.0,,,,,999.0,,,,,999.0,999.0,,,,
1993,9,4,,,,,,,,,,0.0,,,,,0.0,0.0,,,,,,,,,,,,,,,,0.0,-999.0,,,,,,,,,,-999.0,-999.0,,,,
1993,9,6,50.0,20.0,,,,,37.0,1213.0,1241.0,0.0,,,,,0.0,0.0,,77.0,68.0,600.0,,,,,,,,,,72.0,54.0,1.0,9999.0,,,,,1.0,,,,,9999.0,9999.0,,,,
1993,9,7,,,,,,,,,,0.0,,,,,0.0,0.0,,,,,,,,,,,,,,,,,-99.0,,,,,,,,,,-99.0,-99.0,,,,
1993,9,8,,,,,,,,,,,,,,,,,,,,,,,,,,,,,,,,99.0,99.0,,,,,99.0,,,,,99.0,99.0,,,,
1993,9,9,30.0,20.0,,,,,32.0,1346.0,1426.0,0.0,,,,,0.0,0.0,,73.94,64.94,657.0,,,,315.0,315.0,,,,,72.0,63.0,-9999.0,-9999.0,,,,,-9999.0,,,,,-9999.0,-9999.0,,,,
1993,9,10,,,,,,,,,,0.0,,,,,0.0,0.0,,32.0,32.0,,,,,,,,,,,,,,-9.0,,,,,,,,,,-9.0,-9.0,,,,
1993,9,11,20.0,10.0,,,,,40.0,328.0,233.0,0.0,,,,,0.0,0.0,,80.96,64.94,696.0,,,,,,,,,,77.0,72.0,1.0,999.0,,,,,1.0,,,,,999.0,999.0,,,,
1993,9,12,,,,,,,,,,0.0,,,,,0.0,0.0,,,,,,,,,,,,,,,,0.0,-999.0,,,,,0.0,,,,,-999.0,-999.0,,,,
1993,9,14,60.0,20.0,,,,,32.0,1558.0,1617.0,0.0,,,,,0.0,0.0,,75.02,64.04,594.0,,,,,,,,,,67.0,40.0,1.0,9999.0,,,,,1.0,,,,,9999.0,9999.0,,,,
1993,9,15,,,,,,,,,,0.0,,,,,0.0,0.0,,,,,,,,,,,,,,,,0.0,-99.0,,,,,0.0,,,,,-99.0,-99.0,,,,
1993,9,16,,,,,,,,,,,,,,,,,,,,,,,,,,,,,,,,,99.0,,,,,,,,,,99.0,99.0,,,,
1993,9,17,70.0,40.0,,,,,31.0,916.0,1606.0,0.0,,,,,0.0,0.0,,75.02,64.04,523.0,,,,225.0,225.0,,,,,62.0,31.0,1.0,-9999.0,,,,,1.0,,,,,-9999.0,-9999.0,,,,
1993,9,18,,,,,,,,,,0.0,,,,,0.0,0.0,,32.0,32.0,,,,,,,,,,,,,0.0,-9.0,,,,,,,,,,-9.0,-9.0,,,,
1993,9,19,100.0,100.0,,,,,44.0,700.0,622.0,0.0,,,,,0.0,0.0,,66.92,62.959999999999994,0.0,,,,,,,,,,72.0,36.0,1.0,999.0,,,,,999.0,,,,,999.0,999.0,,,,
1993,9,20,,,,,,,,,,0.0,,,,,0.0,0.0,,,,,,,,,,,,,,,,,-999.0,,,,,-999.0,,,,,-999.0,-999.0,,,,
1993,9,22,80.0,60.0,,,,,34.0,1352.0,1344.0,0.0,,,,,0.0,0.0,,73.94,64.94,412.0,,,,,,,,,,72.0,40.0,9999.0,9999.0,,,,,9999.0,,,,,9999.0,9999.0,,,,
1993,9,23,,,,,,,,,,0.0,,,,,0.0,0.0,,,,,,,,,,,,,,,,-99.0,-99.0,,,,,-99.0,,,,,,,,,,
1993,9,24,,,,,,,,,,,,,,,,,,,,,,,,,,,,,,,,99.0,99.0,,,,,99.0,,,,,,,,,,
1993,9,25,80.0,90.0,,,,,31.0,1335.0,1347.0,0.0,,,,,0.0,0.0,,71.96,62.959999999999994,328.0,,,,225.0,270.0,,,,,93.0,85.0,-9999.0,-9999.0,,,,,-9999.0,,,,,1.0,1.0,,,,
1993,9,26,,,,,,,,,,,,,,,0.0,0.0,,32.0,32.0,,,,,,,,,,,,,-9.0,-9.0,,,,,-9.0,,,,,,,,,,
1993,9,27,70.0,60.0,,,,,33.0,613.0,548.0,0.0,,,,,0.0,0.0,,71.06,62.959999999999994,420.0,,,,,,,,,,77.0,58.0,999.0,999.0,,,,,999.0,,,,,999.0,999.0,,,,
1993,9,28,,,,,,,,,,0.0,,,,,0.0,0.0,,,,,,,,,,,,,,,,-999.0,-999.0,,,,,-999.0,,,,,-999.0,-999.0,,,,
1993,9,30,40.0,40.0,,,,,26.0,1439.0,1137.0,0.0,,,,,0.0,0.0,,73.04,60.980000000000004,606.0,,,,,,,,,,67.0,40.0,9999.0,9999.0,,,,,9999.0,,,,,9999.0,9999.0,,,,
1993,9,31,,,,,,,,,,0.0,,,,,0.0,0.0,,,,,,,,,,,,,,,,-99.0,-99.0,,,,,-99.0,,,,,-99.0,-99.0,,,,
1993,10,1,10.0,0.0,,,,,30.0,1155.0,1112.0,0.0,,,,,0.0,0.0,,78.98,64.94,711.0,,,,315.0,315.0,,,,,62.0,45.0,1.0,1.0,,,,,-9999.0,,,,,-9999.0,-9999.0,,,,
1993,10,2,,,,,,,,,,0.0,,,,,0.0,0.0,,32.0,32.0,,,,,,,,,,,,,0.0,,,,,,,,,,,-9.0,-9.0,,,,
1993,10,3,60.0,30.0,,,,,26.0,410.0,412.0,0.0,,,,,0.0,0.0,,78.98,66.02,606.0,,,,,,,,,,62.0,54.0,1.0,999.0,,,,,1.0,,,,,999.0,999.0,,,,
1993,10,4,,,,,,,,,,0.0,,,,,0.0,0.0,,,,,,,,,,,,,,,,0.0,-999.0,,,,,0.0,,,,,-999.0,-999.0,,,,
1993,10,5,,,,,,,,,,,,,,,,,,,,,,,,,,,,,,,,,,,,,,,,,,,9.0,9.0,,,,
1993,10,6,80.0,50.0,,,,,30.0,1421.0,1442.0,,,,,,0.0,0.0,,71.96,64.04,342.0,,,,,,,,,,77.0,36.0,1.0,9999.0,,,,,9999.0,,,,,1.0,1.0,,,,
1993,10,7,,,,,,,,,,0.0,,,,,0.0,0.0,,,,,,,,,,,,,,,,,-99.0,,,,,-99.0,,,,,,,,,,
1993,10,8,,,,,,,,,,,,,,,,,,,,,,,,,,,,,,,,99.0,99.0,,,,,99.0,,,,,99.0,99.0,,,,
1993,10,9,60.0,50.0,,,,,29.0,1027.0,1226.0,0.0,,,,,0.0,0.0,,71.06,64.04,408.0,,,,315.0,315.0,,,,,67.0,40.0,-9999.0,-9999.0,,,,,-9999.0,,,,,-9999.0,-9999.0,,,,
1993,10,10,,,,,,,,,,0.0,,,,,0.0,0.0,,32.0,32.0,,,,,,,,,,,,,-9.0,-9.0,,,,,-9.0,,,,,-9.0,-9.0,,,,
1993,10,11,70.0,60.0,,,,,29.0,205.0,146.0,0.0,,,,,0.0,0.0,,71.06,62.959999999999994,462.0,,,,,,,,,,67.0,45.0,999.0,999.0,,,,,999.0,,,,,999.0,999.0,,,,
1993,10,12,,,,,,,,,,0.0,,,,,0.0,0.0,,,,,,,,,,,,,,,,-999.0,-999.0,,,,,-999.0,,,,,-999.0,-999.0,,,,
1993,10,13,,,,,,,,,,,,,,,,,,,,,,,,,,,,,,,,,,,,,,9.0,,,,,,,,,,
1993,10,14,50.0,50.0,,,,,26.0,1342.0,1352.0,0.0,,,,,0.0,0.0,,71.96,62.959999999999994,389.0,,,,,,,,,,67.0,45.0,9999.0,9999.0,,,,,1.0,,,,,9999.0,9999.0,,,,
1993,10,15,,,,,,,,,,0.0,,,,,0.0,0.0,,,,,,,,,,,,,,,,-99.0,-99.0,,,,,0.0,,,,,-99.0,,,,,
1993,10,16,,,,,,,,,,,,,,,,,,,,,,,,,,,,,,,,99.0,99.0,,,,,,,,,,99.0,,,,,
1993,10,17,90.0,90.0,,,,,21.0,833.0,852.0,18.0,,,,,0.0,0.0,,77.0,64.94,62.0,,,,180.0,180.0,,,,,57.0,49.0,-9999.0,-9999.0,,,,,-9999.0,,,,,-9999.0,1.0,,,,
1993,10,18,,,,,,,,,,0.0,,,,,0.0,0.0,,32.0,32.0,,,,,,,,,,,,,-9.0,-9.0,,,,,-9.0,,,,,-9.0,,,,,
1993,10,19,60.0,40.0,,,,,37.0,530.0,457.0,0.0,,,,,0.0,0.0,,75.02,66.92,554.0,,,,,,,,,,82.0,72.0,999.0,999.0,,,,,999.0,,,,,999.0,999.0,,,,
1993,10,20,,,,,,,,,,0.0,,,,,0.0,0.0,,,,,,,,,,,,,,,,-999.0,-999.0,,,,,,,,,,-999.0,-999.0,,,,
1993,10,22,70.0,70.0,,,,,32.0,1335.0,1354.0,0.0,,,,,0.0,0.0,,71.96,62.959999999999994,553.0,,,,,,,,,,72.0,49.0,9999.0,9999.0,,,,,9999.0,,,,,9999.0,9999.0,,,,
1993,10,23,,,,,,,,,,0.0,,,,,0.0,0.0,,,,,,,,,,,,,,,,-99.0,-99.0,,,,,-99.0,,,,,-99.0,-99.0,,,,
1993,10,24,,,,,,,,,,,,,,,,,,,,,,,,,,,,,,,,99.0,99.0,,,,,99.0,,,,,99.0,99.0,,,,
1993,10,25,90.0,90.0,,,,,30.0,1516.0,1609.0,36.0,,,,,0.0,0.0,,69.98,62.059999999999995,378.0,,,,315.0,315.0,,,,,72.0,63.0,1.0,-9999.0,,,,,-9999.0,,,,,-9999.0,1.0,,,,
1993,10,26,,,,,,,,,,0.0,,,,,0.0,0.0,,32.0,32.0,,,,,,,,,,,,,,-9.0,,,,,-9.0,,,,,-9.0,0.0,,,,
1993,10,27,50.0,60.0,,,,,33.0,45.0,938.0,,,,,,0.0,0.0,,69.08,59.0,529.0,,,,,,,,,,82.0,54.0,999.0,999.0,,,,,999.0,,,,,999.0,1.0,,,,
1993,10,28,,,,,,,,,,0.0,,,,,0.0,0.0,,,,,,,,,,,,,,,,-999.0,-999.0,,,,,-999.0,,,,,-999.0,,,,,
1993,10,30,0.0,0.0,,,,,21.0,1456.0,1158.0,0.0,,,,,0.0,0.0,,73.04,55.94,676.0,,,,,,,,,,72.0,58.0,9999.0,9999.0,,,,,9999.0,,,,,9999.0,9999.0,,,,
1993,10,31,,,,,,,,,,0.0,,,,,0.0,0.0,,,,,,,,,,,,,,,,-99.0,-99.0,,,,,-99.0,,,,,-99.0,-99.0,,,,
1993,11,1,30.0,10.0,,,,,26.0,1328.0,1243.0,0.0,,,,,0.0,0.0,,69.98,59.0,590.0,,,,315.0,315.0,,,,,67.0,45.0,-9999.0,,-9999.0,,,,1.0,,,,,-9999.0,-9999.0,,,,
1993,11,2,,,,,,,,,,0.0,,,,,0.0,0.0,,32.0,32.0,,,,,,,,,,,,,-9.0,,-9.0,,,,,,,,,-9.0,-9.0,,,,
1993,11,3,0.0,0.0,,,,,17.0,152.0,415.0,0.0,,,,,0.0,0.0,,80.96,53.06,634.0,,,,,,,,,,62.0,54.0,999.0,,999.0,,,,999.0,,,,,999.0,999.0,,,,
1993,11,4,,,,,,,,,,0.0,,,,,0.0,0.0,,,,,,,,,,,,,,,,-999.0,,-999.0,,,,-999.0,,,,,-999.0,-999.0,,,,
1993,11,5,,,,,,,,,,,,,,,,,,,,,,,,,,,,,,,,9.0,,,,,,,,,,,,,,,,
1993,11,6,10.0,0.0,,,,,14.0,1305.0,1310.0,0.0,,,,,0.0,0.0,,78.98,53.96,646.0,,,,,,,,,,62.0,63.0,1.0,,9999.0,,,,9999.0,,,,,9999.0,9999.0,,,,
1993,11,7,,,,,,,,,,0.0,,,,,0.0,0.0,,,,,,,,,,,,,,,,0.0,,-99.0,,,,-99.0,,,,,-99.0,-99.0,,,,
1993,11,8,,,,,,,,,,,,,,,,,,,,,,,,,,,,,,,,,,99.0,,,,99.0,,,,,99.0,99.0,,,,
1993,11,9,40.0,10.0,,,,,24.0,1400.0,1430.0,0.0,,,,,0.0,0.0,,69.08,53.96,562.0,,,,315.0,315.0,,,,,62.0,54.0,1.0,,-9999.0,,,,1.0,,,,,-9999.0,-9999.0,,,,
1993,11,10,,,,,,,,,,0.0,,,,,0.0,0.0,,32.0,32.0,,,,,,,,,,,,,0.0,,-9.0,,,,0.0,,,,,-9.0,-9.0,,,,
1993,11,11,30.0,10.0,,,,,21.0,927.0,416.0,0.0,,,,,0.0,0.0,,69.08,55.94,611.0,,,,,,,,,,67.0,45.0,1.0,,999.0,,,,1.0,,,,,999.0,999.0,,,,
1993,11,12,,,,,,,,,,0.0,,,,,0.0,0.0,,,,,,,,,,,,,,,,0.0,,-999.0,,,,0.0,,,,,-999.0,-999.0,,,,
1993,11,14,10.0,10.0,,,,,27.0,1243.0,1203.0,0.0,,,,,0.0,0.0,,71.06,55.04,609.0,,,,,,,,,,72.0,63.0,1.0,,9999.0,,,,1.0,,,,,9999.0,9999.0,,,,
1993,11,15,,,,,,,,,,0.0,,,,,0.0,0.0,,,,,,,,,,,,,,,,0.0,,-99.0,,,,0.0,,,,,,,,,,
1993,11,16,,,,,,,,,,,,,,,,,,,,,,,,,,,,,,,,,,99.0,,,,,,,,,,,,,,
1993,11,17,80.0,70.0,,,,,54.0,1154.0,1026.0,36.0,,,,,0.0,0.0,,66.02,59.0,504.0,,,,315.0,315.0,,,,,123.0,103.0,-9999.0,,-9999.0,,,,-9999.0,,,,,-9999.0,1.0,,,,
1993,11,18,,,,,,,,,,0.0,,,,,0.0,0.0,,32.0,32.0,,,,,,,,,,,,,-9.0,,-9.0,,,,-9.0,,,,,-9.0,0.0,,,,
1993,11,19,70.0,60.0,,,,,46.0,230.0,740.0,20.0,,,,,0.0,0.0,,64.04,53.06,486.0,,,,,,,,,,123.0,72.0,999.0,,999.0,,,,999.0,,,,,999.0,1.0,,,,
1993,11,20,,,,,,,,,,0.0,,,,,0.0,0.0,,,,,,,,,,,,,,,,-999.0,,-999.0,,,,-999.0,,,,,-999.0,0.0,,,,
1993,11,21,,,,,,,,,,,,,,,,,,,,,,,,,,,,,,,,,,9.0,,,,,,,,,,,,,,
1993,11,22,50.0,70.0,,,,,39.0,932.0,932.0,58.0,,,,,0.0,0.0,,62.059999999999995,50.0,381.0,,,,,,,,,,108.0,94.0,9999.0,,1.0,,,,9999.0,,,,,9999.0,1.0,,,,
1993,11,23,,,,,,,,,,0.0,,,,,0.0,0.0,,,32.0,,,,,,,,,,,,,-99.0,,,,,,-99.0,,,,,-99.0,,,,,
1993,11,24,,,,,,,,,,,,,,,,,,,,,,,,,,,,,,,,99.0,,99.0,,,,99.0,,,,,99.0,99.0,,,,
1993,11,25,50.0,60.0,,,,,20.0,1421.0,1527.0,0.0,,,,,0.0,0.0,,69.98,48.92,597.0,,,,315.0,315.0,,,,,67.0,54.0,-9999.0,,-9999.0,,,,-9999.0,,,,,-9999.0,-9999.0,,,,
1993,11,26,,,,,,,,,,0.0,,,,,0.0,0.0,,32.0,32.0,,,,,,,,,,,,,-9.0,,-9.0,,,,-9.0,,,,,-9.0,-9.0,,,,
1993,11,27,50.0,60.0,,,,,17.0,538.0,539.0,0.0,,,,,0.0,0.0,,69.08,48.92,556.0,,,,,,,,,,51.0,40.0,999.0,,999.0,,,,999.0,,,,,999.0,999.0,,,,
1993,11,28,,,,,,,,,,0.0,,,,,0.0,0.0,,,,,,,,,,,,,,,,,,-999.0,,,,-999.0,,,,,-999.0,-999.0,,,,
1993,11,30,30.0,50.0,,,,,25.0,1308.0,1412.0,0.0,,,,,0.0,0.0,,75.92,48.92,611.0,,,,,,,,,,57.0,49.0,9999.0,,9999.0,,,,9999.0,,,,,9999.0,9999.0,,,,
1993,11,31,,,,,,,,,,0.0,,,,,0.0,0.0,,,32.0,,,,,,,,,,,,,-99.0,,-99.0,,,,-99.0,,,,,-99.0,-99.0,,,,
1993,12,1,0.0,0.0,,,,,22.0,1435.0,1423.0,0.0,,,,,0.0,0.0,,73.04,48.92,600.0,,,,315.0,315.0,,,,,82.0,76.0,-9999.0,,,,,,-9999.0,,,,,,-9999.0,,,,
1993,12,2,,,,,,,,,,0.0,,,,,0.0,0.0,,32.0,32.0,,,,,,,,,,,,,-9.0,,,,,,-9.0,,,,,,-9.0,,,,
1993,12,3,20.0,40.0,,,,,24.0,726.0,911.0,0.0,,,,,0.0,0.0,,75.02,46.94,460.0,,,,,,,,,,72.0,58.0,999.0,,,,,,999.0,,,,,,999.0,,,,
1993,12,4,,,,,,,,,,0.0,,,,,0.0,0.0,,,,,,,,,,,,,,,,-999.0,,,,,,-999.0,,,,,,-999.0,,,,
1993,12,6,10.0,10.0,,,,,21.0,1314.0,1403.0,0.0,,,,,0.0,0.0,,75.02,48.02,606.0,,,,,,,,,,62.0,36.0,9999.0,,,,,,9999.0,,,,,,9999.0,,,,
1993,12,7,,,,,,,,,,0.0,,,,,0.0,0.0,,,32.0,,,,,,,,,,,,,-99.0,,,,,,-99.0,,,,,,-99.0,,,,
1993,12,8,,,,,,,,,,,,,,,,,,,,,,,,,,,,,,,,99.0,,,,,,99.0,,,,,,99.0,,,,
1993,12,9,40.0,50.0,,,,,29.0,1446.0,1338.0,0.0,,,,,0.0,0.0,,64.04,51.08,468.0,,,,270.0,315.0,,,,,62.0,36.0,-9999.0,,,,,,-9999.0,,,,,,-9999.0,,,,
1993,12,10,,,,,,,,,,0.0,,,,,0.0,0.0,,32.0,32.0,,,,,,,,,,,,,,,,,,,,,,,,,-9.0,,,,
1993,12,11,30.0,40.0,,,,,23.0,252.0,316.0,0.0,,,,,0.0,0.0,,64.04,46.04,581.0,,,,,,,,,,67.0,58.0,1.0,,,,,,1.0,,,,,,999.0,,,,
1993,12,12,,,,,,,,,,0.0,,,,,0.0,0.0,,,,,,,,,,,,,,,,0.0,,,,,,0.0,,,,,,-999.0,,,,
1993,12,13,,,,,,,,,9.0,,,,,,,,,,,,,,,9.0,,,,,,9.0,,,,,,,,,,,,,,,,,,
1993,12,14,10.0,10.0,,,,,26.0,1419.0,1514.0,0.0,,,,,0.0,0.0,,64.04,46.04,585.0,,,,,,,,,,82.0,76.0,1.0,,,,,,1.0,,,,,,9999.0,,,,
1993,12,15,,,,,,,,,,0.0,,,,,0.0,0.0,,,32.0,,,,,,,,,,,,,0.0,,,,,,0.0,,,,,,-99.0,,,,
1993,12,16,,,,,,,,,,,,,,,,,,,,,,,,,,,,,,,,,,,,,,,,,,,,99.0,,,,
1993,12,17,90.0,90.0,,,,,35.0,1622.0,1550.0,107.0,,,,,0.0,0.0,,62.959999999999994,53.06,191.0,,,,225.0,315.0,,,,,139.0,94.0,1.0,,,,,,1.0,,,,,,1.0,,,,
1993,12,18,,,,,,,,,,0.0,,,,,0.0,0.0,,32.0,32.0,,,,,,,,,,,,,,,,,,,,,,,,,0.0,,,,
1993,12,19,40.0,40.0,,,,,33.0,17.0,16.0,5.0,,,,,0.0,0.0,,62.059999999999995,48.02,540.0,,,,,,,,,,93.0,76.0,999.0,,,,,,999.0,,,,,,1.0,,,,
1993,12,20,,,,,,,,,,0.0,,,,,0.0,0.0,,,,,,,,,,,,,,,,-999.0,,,,,,-999.0,,,,,,,,,,
1993,12,21,,,,,,,,,,,,,,,,,,,,,,,,,,,,,,,,9.0,,,,,,,,,,,,9.0,,,,
1993,12,22,80.0,70.0,,,,,36.0,2134.0,2226.0,64.0,,,,,0.0,0.0,,62.059999999999995,50.0,316.0,,,,,,,,,,123.0,76.0,1.0,,,,,,9999.0,,,,,,1.0,,,,
1993,12,23,,,,,,,,,,0.0,,,,,0.0,0.0,,,,,,,,,,,,,,,,,,,,,,-99.0,,,,,,0.0,,,,
1993,12,24,,,,,,,,,,,,,,,,,,,,,,,,,,,,,,,,99.0,,,,,,99.0,,,,,,,,,,
1993,12,25,30.0,30.0,,,,,26.0,1552.0,1356.0,0.0,,,,,0.0,0.0,,60.980000000000004,46.94,545.0,,,,270.0,315.0,,,,,62.0,36.0,-9999.0,,,,,,-9999.0,,,,,,-9999.0,,,,
1993,12,26,,,,,,,,,,0.0,,,,,0.0,0.0,,32.0,32.0,,,,,,,,,,,,,-9.0,,,,,,-9.0,,,,,,-9.0,,,,
1993,12,27,60.0,80.0,,,,,18.0,423.0,618.0,0.0,,,,,0.0,0.0,,62.059999999999995,44.06,393.0,,,,,,,,,,51.0,27.0,999.0,,,,,,999.0,,,,,,999.0,,,,
1993,12,28,,,,,,,,,,0.0,,,,,0.0,0.0,,,,,,,,,,,,,,,,-999.0,,,,,,-999.0,,,,,,-999.0,,,,
1993,12,29,,,,,,,,,,,,,,,,,,,,,,,,,,,,,,,,9.0,,,,,,,,,,,,9.0,,,,
1993,12,30,60.0,50.0,,,,,26.0,549.0,1225.0,23.0,,,,,0.0,0.0,,62.959999999999994,50.0,372.0,,,,,,,,,,62.0,49.0,1.0,,,,,,9999.0,,,,,,1.0,,,,
1993,12,31,,,,,,,,,,0.0,,,,,0.0,0.0,,,32.0,,,,,,,,,,,,,,,,,,,-99.0,,,,,,,,,,
1994,1,1,60.0,70.0,,,,,23.0,1513.0,1441.0,0.0,,,,,0.0,0.0,,68.0,44.06,562.0,,,,315.0,315.0,,,,,67.0,49.0,1.0,-9999.0,,,,,1.0,,,,,,-9999.0,,,,
1994,1,2,,,,,,,,,,0.0,,,,,0.0,0.0,,32.0,32.0,,,,,,,,,,,,,0.0,-9.0,,,,,0.0,,,,,,-9.0,,,,
1994,1,3,70.0,80.0,,,,,25.0,511.0,742.0,0.0,,,,,0.0,0.0,,71.96,44.96,550.0,,,,,,,,,,57.0,45.0,1.0,999.0,,,,,1.0,,,,,,999.0,,,,
1994,1,4,,,,,,,,,,0.0,,,,,0.0,0.0,,,,,,,,,,,,,,,,,-999.0,,,,,0.0,,,,,,-999.0,,,,
1994,1,5,,,,,,,,,,,,,,,,,,,,,,,,,,,,,,,,9.0,9.0,,,,,,,,,,,,,,,
1994,1,6,60.0,70.0,,,,,21.0,1524.0,1524.0,0.0,,,,,0.0,0.0,,73.04,48.02,544.0,,,,,,,,,,62.0,54.0,1.0,1.0,,,,,9999.0,,,,,,9999.0,,,,
1994,1,7,,,,,,,,,,0.0,,,,,0.0,0.0,,,,,,,,,,,,,,,,0.0,,,,,,,,,,,,-99.0,,,,
1994,1,8,,,,,,,,,,,,,,,,,,,,,,,,,,,,,,,,,,,,,,,,,,,,99.0,,,,
1994,1,9,0.0,0.0,,,,,25.0,1110.0,1248.0,0.0,,,,,0.0,0.0,,68.0,50.0,594.0,,,,315.0,315.0,,,,,57.0,40.0,-9999.0,-9999.0,,,,,-9999.0,,,,,,-9999.0,,,,
1994,1,10,,,,,,,,,,0.0,,,,,0.0,0.0,,32.0,32.0,,,,,,,,,,,,,-9.0,-9.0,,,,,-9.0,,,,,,-9.0,,,,
1994,1,11,30.0,60.0,,,,,26.0,435.0,528.0,0.0,,,,,0.0,0.0,,68.0,42.08,530.0,,,,,,,,,,82.0,67.0,999.0,999.0,,,,,999.0,,,,,,999.0,,,,
1994,1,12,,,,,,,,,,0.0,,,,,0.0,0.0,,,,,,,,,,,,,,,,-999.0,-999.0,,,,,-999.0,,,,,,-999.0,,,,
1994,1,14,30.0,40.0,,,,,24.0,1423.0,1422.0,0.0,,,,,0.0,0.0,,62.959999999999994,44.96,513.0,,,,,,,,,,67.0,58.0,9999.0,9999.0,,,,,9999.0,,,,,,9999.0,,,,
1994,1,15,,,,,,,,,,0.0,,,,,0.0,0.0,,,32.0,,,,,,,,,,,,,-99.0,-99.0,,,,,-99.0,,,,,,-99.0,,,,
1994,1,16,,,,,,,,,,,,,,,,,,,,,,,,,,,,,,,,99.0,99.0,,,,,99.0,,,,,,99.0,,,,
1994,1,17,0.0,0.0,,,,,24.0,1514.0,1509.0,0.0,,,,,0.0,0.0,,69.08,42.980000000000004,607.0,,,,315.0,315.0,,,,,77.0,72.0,-9999.0,-9999.0,,,,,-9999.0,,,,,,-9999.0,,,,
1994,1,18,,,,,,,,,,0.0,,,,,0.0,0.0,,32.0,32.0,,,,,,,,,,,,,-9.0,-9.0,,,,,-9.0,,,,,,-9.0,,,,
1994,1,19,30.0,60.0,,,,,27.0,306.0,211.0,0.0,,,,,0.0,0.0,,73.04,44.06,588.0,,,,,,,,,,67.0,40.0,999.0,999.0,,,,,999.0,,,,,,999.0,,,,
1994,1,20,,,,,,,,,,0.0,,,,,0.0,0.0,,,,,,,,,,,,,,,,-999.0,-999.0,,,,,-999.0,,,,,,-999.0,,,,
1994,1,22,100.0,100.0,,,,,19.0,1240.0,1515.0,0.0,,,,,0.0,0.0,,77.0,51.98,465.0,,,,,,,,,,67.0,27.0,9999.0,9999.0,,,,,9999.0,,,,,,9999.0,,,,
1994,1,23,,,,,,,,,,0.0,,,,,0.0,0.0,,,,,,,,,,,,,,,,-99.0,-99.0,,,,,-99.0,,,,,,-99.0,,,,
1994,1,24,,,,,,,,,,,,,,,,,,,,,,,,,,,,,,,,99.0,99.0,,,,,99.0,,,,,,99.0,,,,
1994,1,25,30.0,10.0,,,,,33.0,1349.0,838.0,0.0,,,,,0.0,0.0,,62.959999999999994,50.0,550.0,,,,45.0,315.0,,,,,57.0,58.0,1.0,-9999.0,,,,,1.0,,,,,,-9999.0,,,,
1994,1,26,,,,,,,,,,0.0,,,,,0.0,0.0,,32.0,32.0,,,,,,,,,,,,,,-9.0,,,,,0.0,,,,,,-9.0,,,,
1994,1,27,0.0,0.0,,,,,21.0,502.0,509.0,0.0,,,,,0.0,0.0,,73.04,46.04,615.0,,,,,,,,,,67.0,45.0,999.0,999.0,,,,,1.0,,,,,,999.0,,,,
1994,1,28,,,,,,,,,,0.0,,,,,0.0,0.0,,,,,,,,,,,,,,,,,,,,,,,,,,,,-999.0,,,,
1994,1,29,,,,,,,,,,,,,,,,,,,,,,,,,,,,,,,,,,,,,,9.0,,,,,,,,,,
1994,1,30,50.0,40.0,,,,,23.0,1435.0,1450.0,0.0,,,,,0.0,0.0,,66.92,46.04,584.0,,,,,,,,,,62.0,36.0,1.0,1.0,,,,,1.0,,,,,,9999.0,,,,
1994,1,31,,,,,,,,,,0.0,,,,,0.0,0.0,,,32.0,,,,,,,,,,,,,0.0,,,,,,0.0,,,,,,-99.0,,,,
1994,2,1,90.0,100.0,,,,,26.0,1350.0,1319.0,0.0,,,,,0.0,0.0,,68.0,42.980000000000004,487.0,,,,315.0,315.0,,,,,77.0,49.0,-9999.0,,,,,,,,,,,-9999.0,-9999.0,,,,
1994,2,2,,,,,,,,,,0.0,,,,,0.0,0.0,,32.0,32.0,,,,,,,,,,,,,-9.0,,,,,,,,,,,-9.0,-9.0,,,,
1994,2,3,60.0,80.0,,,,,22.0,326.0,327.0,0.0,,,,,0.0,0.0,,66.92,44.96,589.0,,,,,,,,,,72.0,31.0,999.0,,,,,,,,,,,999.0,999.0,,,,
1994,2,4,,,,,,,,,,,,,,,0.0,0.0,,,,,,,,,,,,,,,,-999.0,,,,,,,,,,,-999.0,,,,,
1994,2,5,,,,,,,,,,,,,,,,,,,,,,,,,,,,,,,,9.0,,,,,,,,,,,,,,,,
1994,2,6,80.0,80.0,,,,,58.0,1025.0,1027.0,81.0,,,,,0.0,0.0,,62.059999999999995,53.06,236.0,,,,,,,,,,123.0,85.0,1.0,,,,,,,,,,,9999.0,1.0,,,,
1994,2,7,,,,,,,,,,0.0,,,,,0.0,0.0,,,,,,,,,,,,,,,,0.0,,,,,,,,,,,-99.0,0.0,,,,
1994,2,8,,,,,,,,,,,,,,,,,,,,,,,,,,,,,,,,,,,,,,,,,,,99.0,,,,,
1994,2,9,70.0,80.0,,,,,23.0,2211.0,2240.0,0.0,,,,,0.0,0.0,,64.94,48.02,605.0,,,,135.0,90.0,,,,,67.0,31.0,-9999.0,,,,,,,,,,,-9999.0,-9999.0,,,,
1994,2,10,,,,,,,,,,0.0,,,,,0.0,0.0,,32.0,32.0,,,,,,,,,,,,,,,,,,,,,,,,-9.0,,,,,
1994,2,11,100.0,100.0,,,,,77.0,438.0,437.0,114.0,,,,,0.0,0.0,,60.980000000000004,53.06,0.0,,,,,,,,,,180.0,152.0,1.0,,,,,,,,,,,999.0,1.0,,,,
1994,2,12,,,,,,,,,,,,,,,0.0,0.0,,,,,,,,,,,,,,,,,,,,,,,,,,,-999.0,0.0,,,,
1994,2,14,0.0,0.0,,,,,28.0,1556.0,1618.0,0.0,,,,,0.0,0.0,,62.959999999999994,46.94,640.0,,,,,,,,,,67.0,49.0,9999.0,,,,,,,,,,,9999.0,9999.0,,,,
1994,2,15,,,,,,,,,,0.0,,,,,0.0,0.0,,,32.0,,,,,,,,,,,,,-99.0,,,,,,,,,,,-99.0,-99.0,,,,
1994,2,16,,,,,,,,,,,,,,,,,,,,,,,,,,,,,,,,99.0,,,,,,,,,,,99.0,99.0,,,,
1994,2,17,50.0,60.0,,,,,31.0,1452.0,1428.0,3.0,,,,,0.0,0.0,,62.059999999999995,51.98,545.0,,,,315.0,315.0,,,,,82.0,67.0,-9999.0,,,,,,,,,,,1.0,1.0,,,,
1994,2,18,,,,,,,,,,0.0,,,,,0.0,0.0,,32.0,32.0,,,,,,,,,,,,,-9.0,,,,,,,,,,,,,,,,
1994,2,19,0.0,10.0,,,,,27.0,223.0,422.0,0.0,,,,,0.0,0.0,,71.96,42.08,656.0,,,,,,,,,,72.0,63.0,999.0,,,,,,,,,,,999.0,999.0,,,,
1994,2,20,,,,,,,,,,0.0,,,,,0.0,0.0,,,,,,,,,,,,,,,,-999.0,,,,,,,,,,,-999.0,-999.0,,,,
1994,2,22,20.0,20.0,,,,,23.0,1232.0,1308.0,0.0,,,,,0.0,0.0,,66.92,42.980000000000004,628.0,,,,,,,,,,67.0,54.0,9999.0,,,,,,,,,,,9999.0,9999.0,,,,
1994,2,23,,,,,,,,,,0.0,,,,,0.0,0.0,,,32.0,,,,,,,,,,,,,-99.0,,,,,,,,,,,-99.0,-99.0,,,,
1994,2,24,,,,,,,,,,,,,,,,,,,,,,,,,,,,,,,,99.0,,,,,,,,,,,99.0,99.0,,,,
1994,2,25,100.0,100.0,,,,,22.0,1517.0,1337.0,0.0,,,,,0.0,0.0,,66.92,48.02,135.0,,,,135.0,315.0,,,,,72.0,54.0,-9999.0,,,,,,,,,,,-9999.0,1.0,,,,
1994,2,26,,,,,,,,,,,,,,,0.0,0.0,,32.0,32.0,,,,,,,,,,,,,,,,,,,,,,,,-9.0,0.0,,,,
1994,2,27,80.0,100.0,,,,,47.0,130.0,27.0,173.0,,,,,0.0,0.0,,60.980000000000004,53.06,86.0,,,,,,,,,,129.0,94.0,1.0,,,,,,,,,,,999.0,1.0,,,,
1994,2,28,,,,,,,,,,,,,,,0.0,0.0,,,,,,,,,,,,,,,,,,,,,,,,,,,-999.0,0.0,,,,
1994,2,30,40.0,40.0,,,,,26.0,1155.0,1214.0,25.0,,,,,0.0,0.0,,57.92,48.02,613.0,,,,,,,,,,72.0,45.0,9999.0,,,,,,,,,,,9999.0,1.0,,,,
1994,2,31,,,,,,,,,,0.0,,,,,0.0,0.0,,,32.0,,,,,,,,,,,,,,,,,,,,,,,,-99.0,0.0,,,,
1994,3,1,0.0,0.0,,,,,24.0,1509.0,1703.0,0.0,,,,,0.0,0.0,,75.02,48.92,689.0,,,,315.0,315.0,,,,,87.0,67.0,-9999.0,-9999.0,,,,,-9999.0,,,,,-9999.0,-9999.0,,,,
1994,3,2,,,,,,,,,,0.0,,,,,0.0,0.0,,32.0,32.0,,,,,,,,,,,,,,-9.0,,,,,-9.0,,,,,-9.0,-9.0,,,,
1994,3,3,60.0,80.0,,,,,26.0,244.0,302.0,0.0,,,,,0.0,0.0,,78.08,51.08,682.0,,,,,,,,,,82.0,67.0,1.0,999.0,,,,,999.0,,,,,999.0,999.0,,,,
1994,3,4,,,,,,,,,,0.0,,,,,0.0,0.0,,,,,,,,,,,,,,,,0.0,,,,,,-999.0,,,,,-999.0,-999.0,,,,
1994,3,5,,,,,,,,,,,,,,,,,,,,,,,,,,,,,,,,,,,,,,9.0,,,,,,,,,,
1994,3,6,80.0,70.0,,,,,29.0,9999.0,1204.0,0.0,,,,,0.0,0.0,,62.059999999999995,53.96,670.0,,,,,9999.0,,,,,67.0,9999.0,1.0,9999.0,,,,,1.0,,,,,9999.0,9999.0,,,,
1994,3,7,,,,,,,,20.0,,0.0,,,,,0.0,0.0,,,,,,,,,2.0,,,,,,,,-99.0,,,,,0.0,,,,,-99.0,-99.0,,,,
1994,3,8,,,,,,,,,,,,,,,,,,,,,,,,,,,,,,,,99.0,99.0,,,,,,,,,,99.0,99.0,,,,
1994,3,9,100.0,100.0,,,,,40.0,1100.0,1311.0,165.0,,,,,0.0,0.0,,60.08,55.04,263.0,,,,225.0,225.0,,,,,82.0,63.0,1.0,-9999.0,,,,,-9999.0,,,,,1.0,1.0,,,,
1994,3,10,,,,,,,,,,0.0,,,,,0.0,0.0,,32.0,32.0,,,,,,,,,,,,,,-9.0,,,,,-9.0,,,,,,0.0,,,,
1994,3,11,80.0,90.0,,,,,37.0,734.0,514.0,140.0,,,,,0.0,0.0,,60.08,53.06,196.0,,,,,,,,,,72.0,54.0,999.0,999.0,,,,,999.0,,,,,999.0,1.0,,,,
1994,3,12,,,,,,,,,,0.0,,,,,0.0,0.0,,,,,,,,,,,,,,,,-999.0,-999.0,,,,,-999.0,,,,,-999.0,,,,,
1994,3,13,,,,,,,,,,,,,,,,,,,,,,,,,,,,,,,,,,,,,,9.0,,,,,,,,,,
1994,3,14,60.0,50.0,,,,,39.0,1611.0,1411.0,0.0,,,,,0.0,0.0,,64.04,57.02,477.0,,,,,,,,,,82.0,72.0,9999.0,9999.0,,,,,1.0,,,,,9999.0,9999.0,,,,
1994,3,15,,,,,,,,,,0.0,,,,,0.0,0.0,,,,,,,,,,,,,,,,,-99.0,,,,,0.0,,,,,-99.0,-99.0,,,,
1994,3,16,,,,,,,,,,,,,,,,,,,,,,,,,,,,,,,,,99.0,,,,,,,,,,99.0,99.0,,,,
1994,3,17,50.0,60.0,,,,,39.0,1138.0,1309.0,0.0,,,,,0.0,0.0,,62.959999999999994,55.04,325.0,,,,270.0,315.0,,,,,98.0,67.0,-9999.0,-9999.0,,,,,-9999.0,,,,,-9999.0,-9999.0,,,,
1994,3,18,,,,,,,,,,0.0,,,,,0.0,0.0,,32.0,32.0,,,,,,,,,,,,,-9.0,-9.0,,,,,-9.0,,,,,-9.0,-9.0,,,,
1994,3,19,0.0,0.0,,,,,30.0,407.0,432.0,0.0,,,,,0.0,0.0,,68.0,51.08,711.0,,,,,,,,,,93.0,76.0,999.0,999.0,,,,,999.0,,,,,999.0,999.0,,,,
1994,3,20,,,,,,,,,,0.0,,,,,0.0,0.0,,,,,,,,,,,,,,,,-999.0,-999.0,,,,,-999.0,,,,,-999.0,-999.0,,,,
1994,3,22,0.0,0.0,,,,,36.0,1454.0,1519.0,0.0,,,,,0.0,0.0,,80.96,57.02,714.0,,,,,,,,,,98.0,76.0,9999.0,9999.0,,,,,9999.0,,,,,9999.0,9999.0,,,,
1994,3,23,,,,,,,,,,0.0,,,,,0.0,0.0,,,,,,,,,,,,,,,,-99.0,-99.0,,,,,-99.0,,,,,-99.0,-99.0,,,,
1994,3,24,,,,,,,,,,,,,,,,,,,,,,,,,,,,,,,,99.0,99.0,,,,,99.0,,,,,99.0,99.0,,,,
1994,3,25,60.0,70.0,,,,,30.0,1602.0,1643.0,0.0,,,,,0.0,0.0,,69.08,55.04,616.0,,,,315.0,315.0,,,,,67.0,54.0,1.0,-9999.0,,,,,1.0,,,,,-9999.0,-9999.0,,,,
1994,3,26,,,,,,,,,,0.0,,,,,0.0,0.0,,32.0,32.0,,,,,,,,,,,,,,-9.0,,,,,,,,,,-9.0,,,,,
1994,3,27,90.0,80.0,,,,,31.0,220.0,125.0,,,,,,0.0,0.0,,73.94,53.96,572.0,,,,,,,,,,87.0,72.0,999.0,999.0,,,,,999.0,,,,,999.0,1.0,,,,
1994,3,28,,,,,,,,,,,,,,,0.0,0.0,,,,,,,,,,,,,,,,-999.0,-999.0,,,,,-999.0,,,,,-999.0,0.0,,,,
1994,3,29,,,,,,,,,,,,,,,,,,,,,,,,,,,,,,,,9.0,,,,,,,,,,,,,,,,
1994,3,30,90.0,90.0,,,,,50.0,1110.0,1123.0,254.0,,,,,0.0,0.0,,66.92,55.94,252.0,,,,,,,,,,134.0,89.0,1.0,9999.0,,,,,9999.0,,,,,9999.0,1.0,,,,
1994,3,31,,,,,,,,,,0.0,,,,,0.0,0.0,,,,,,,,,,,,,,,,0.0,-99.0,,,,,-99.0,,,,,-99.0,0.0,,,,
1994,4,1,90.0,90.0,,,,,27.0,1336.0,1132.0,0.0,,,,,0.0,0.0,,60.980000000000004,55.94,125.0,,,,225.0,225.0,,,,,77.0,31.0,1.0,,-9999.0,,,,1.0,,,,,-9999.0,-9999.0,,,,
1994,4,2,,,,,,,,,,0.0,,,,,0.0,0.0,,32.0,32.0,,,,,,,,,,,,,0.0,,-9.0,,,,0.0,,,,,-9.0,-9.0,,,,
1994,4,3,90.0,90.0,,,,,30.0,232.0,251.0,0.0,,,,,0.0,0.0,,64.94,55.94,181.0,,,,,,,,,,72.0,49.0,1.0,,999.0,,,,1.0,,,,,999.0,999.0,,,,
1994,4,4,,,,,,,,,,0.0,,,,,0.0,0.0,,,,,,,,,,,,,,,,,,-999.0,,,,,,,,,-999.0,-999.0,,,,
1994,4,5,,,,,,,,,,,,,,,,,,,,,,,,,,,,,,,,,,,,,,,,,,,9.0,9.0,,,,
1994,4,6,70.0,70.0,,,,,30.0,1414.0,1415.0,,,,,,0.0,0.0,,64.94,57.02,275.0,,,,,,,,,,72.0,49.0,9999.0,,9999.0,,,,9999.0,,,,,1.0,1.0,,,,
1994,4,7,,,,,,,,,,0.0,,,,,0.0,0.0,,,,,,,,,,,,,,,,-99.0,,-99.0,,,,,,,,,,,,,,
1994,4,8,,,,,,,,,,,,,,,,,,,,,,,,,,,,,,,,99.0,,99.0,,,,,,,,,99.0,99.0,,,,
1994,4,9,70.0,60.0,,,,,30.0,1338.0,1207.0,0.0,,,,,0.0,0.0,,66.02,57.02,525.0,,,,225.0,225.0,,,,,72.0,40.0,1.0,,-9999.0,,,,1.0,,,,,1.0,1.0,,,,
1994,4,10,,,,,,,,,,,,,,,0.0,0.0,,32.0,32.0,,,,,,,,,,,,,,,-9.0,,,,,,,,,,,,,,
1994,4,11,100.0,100.0,,,,,36.0,252.0,227.0,0.0,,,,,0.0,0.0,,64.94,57.92,197.0,,,,,,,,,,77.0,40.0,999.0,,999.0,,,,999.0,,,,,999.0,999.0,,,,
1994,4,12,,,,,,,,,,0.0,,,,,0.0,0.0,,,,,,,,,,,,,,,,-999.0,,-999.0,,,,-999.0,,,,,-999.0,,,,,
1994,4,13,,,,,,,,,,,,,,,,,,,,,,,,,,,,,,,,9.0,,,,,,,,,,,9.0,,,,,
1994,4,14,80.0,90.0,,,,,44.0,1408.0,1602.0,10.0,,,,,0.0,0.0,,62.059999999999995,55.04,173.0,,,,,,,,,,98.0,76.0,1.0,,9999.0,,,,9999.0,,,,,1.0,1.0,,,,
1994,4,15,,,,,,,,,,0.0,,,,,0.0,0.0,,,,,,,,,,,,,,,,,,-99.0,,,,-99.0,,,,,,,,,,
1994,4,16,,,,,,,,,,,,,,,,,,,,,,,,,,,,,,,,99.0,,99.0,,,,99.0,,,,,99.0,99.0,,,,
1994,4,17,20.0,10.0,,,,,32.0,1541.0,1553.0,0.0,,,,,0.0,0.0,,75.92,51.08,771.0,,,,315.0,315.0,,,,,82.0,67.0,-9999.0,,-9999.0,,,,-9999.0,,,,,-9999.0,-9999.0,,,,
1994,4,18,,,,,,,,,,0.0,,,,,0.0,0.0,,32.0,32.0,,,,,,,,,,,,,-9.0,,-9.0,,,,-9.0,,,,,-9.0,-9.0,,,,
1994,4,19,70.0,90.0,,,,,28.0,323.0,628.0,0.0,,,,,0.0,0.0,,80.06,55.94,710.0,,,,,,,,,,72.0,54.0,999.0,,999.0,,,,999.0,,,,,999.0,999.0,,,,
1994,4,20,,,,,,,,,,0.0,,,,,0.0,0.0,,,,,,,,,,,,,,,,-999.0,,-999.0,,,,-999.0,,,,,-999.0,-999.0,,,,
1994,4,22,90.0,90.0,,,,,34.0,1129.0,1103.0,0.0,,,,,0.0,0.0,,64.04,57.02,266.0,,,,,,,,,,77.0,40.0,9999.0,,9999.0,,,,9999.0,,,,,9999.0,9999.0,,,,
1994,4,23,,,,,,,,,,0.0,,,,,0.0,0.0,,,,,,,,,,,,,,,,-99.0,,-99.0,,,,-99.0,,,,,-99.0,-99.0,,,,
1994,4,24,,,,,,,,,,,,,,,,,,,,,,,,,,,,,,,,99.0,,99.0,,,,99.0,,,,,99.0,99.0,,,,
1994,4,25,90.0,90.0,,,,,42.0,1112.0,1116.0,0.0,,,,,0.0,0.0,,68.0,57.02,465.0,,,,315.0,315.0,,,,,103.0,80.0,1.0,,-9999.0,,,,1.0,,,,,-9999.0,-9999.0,,,,
1994,4,26,,,,,,,,,,0.0,,,,,0.0,0.0,,32.0,32.0,,,,,,,,,,,,,0.0,,-9.0,,,,0.0,,,,,-9.0,-9.0,,,,
1994,4,27,100.0,100.0,,,,,40.0,950.0,5.0,0.0,,,,,0.0,0.0,,69.08,59.0,80.0,,,,,,,,,,129.0,89.0,1.0,,999.0,,,,1.0,,,,,999.0,999.0,,,,
1994,4,28,,,,,,,,,,0.0,,,,,0.0,0.0,,,,,,,,,,,,,,,,0.0,,-999.0,,,,0.0,,,,,-999.0,-999.0,,,,
1994,4,30,80.0,70.0,,,,,31.0,1242.0,1306.0,0.0,,,,,0.0,0.0,,68.0,59.0,425.0,,,,,,,,,,77.0,40.0,1.0,,9999.0,,,,1.0,,,,,9999.0,9999.0,,,,
1994,4,31,,,,,,,,,,0.0,,,,,0.0,0.0,,,,,,,,,,,,,,,,0.0,,-99.0,,,,0.0,,,,,,,,,,
1994,5,1,60.0,70.0,,,,,30.0,1358.0,1306.0,0.0,,,,,0.0,0.0,,64.04,53.96,392.0,,,,225.0,225.0,,,,,72.0,40.0,-9999.0,,,,,,-9999.0,,,,,-9999.0,-9999.0,,,,
1994,5,2,,,,,,,,,,0.0,,,,,0.0,0.0,,32.0,32.0,,,,,,,,,,,,,-9.0,,,,,,-9.0,,,,,-9.0,-9.0,,,,
1994,5,3,50.0,30.0,,,,,32.0,338.0,401.0,0.0,,,,,0.0,0.0,,64.94,55.94,463.0,,,,,,,,,,82.0,40.0,999.0,,,,,,999.0,,,,,999.0,999.0,,,,
1994,5,4,,,,,,,,,,0.0,,,,,0.0,0.0,,,,,,,,,,,,,,,,-999.0,,,,,,,,,,,-999.0,-999.0,,,,
1994,5,5,,,,,,,,,,,,,,,,,,,,,,,,,,,,,,,,9.0,,,,,,,,,,,,,,,,
1994,5,6,100.0,90.0,,,,,37.0,1223.0,1403.0,0.0,,,,,0.0,0.0,,64.04,55.94,141.0,,,,,,,,,,67.0,45.0,1.0,,,,,,1.0,,,,,9999.0,9999.0,,,,
1994,5,7,,,,,,,,,,0.0,,,,,0.0,0.0,,,,,,,,,,,,,,,,,,,,,,,,,,,,,,,,
1994,5,8,,,,,,,,,,,,,,,,,,,,,,,,,,,,,,,,99.0,,,,,,99.0,,,,,,,,,,
1994,5,9,50.0,30.0,,,,,34.0,1518.0,1527.0,0.0,,,,,0.0,0.0,,66.02,55.94,697.0,,,,225.0,225.0,,,,,72.0,49.0,-9999.0,,,,,,-9999.0,,,,,-9999.0,-9999.0,,,,
1994,5,10,,,,,,,,,,0.0,,,,,0.0,0.0,,32.0,32.0,,,,,,,,,,,,,-9.0,,,,,,-9.0,,,,,-9.0,,,,,
1994,5,11,30.0,20.0,,,,,38.0,505.0,455.0,5.0,,,,,0.0,0.0,,68.0,57.92,717.0,,,,,,,,,,93.0,72.0,999.0,,,,,,999.0,,,,,999.0,1.0,,,,
1994,5,12,,,,,,,,,,0.0,,,,,0.0,0.0,,,,,,,,,,,,,,,,-999.0,,,,,,-999.0,,,,,-999.0,0.0,,,,
1994,5,14,60.0,60.0,,,,,30.0,940.0,1102.0,0.0,,,,,0.0,0.0,,66.02,57.92,634.0,,,,,,,,,,77.0,58.0,9999.0,,,,,,9999.0,,,,,9999.0,9999.0,,,,
1994,5,15,,,,,,,,,,0.0,,,,,0.0,0.0,,,,,,,,,,,,,,,,-99.0,,,,,,-99.0,,,,,-99.0,-99.0,,,,
1994,5,16,,,,,,,,,,,,,,,,,,,,,,,,,,,,,,,,99.0,,,,,,99.0,,,,,99.0,99.0,,,,
1994,5,17,100.0,100.0,,,,,30.0,1158.0,1159.0,0.0,,,,,0.0,0.0,,66.02,60.08,60.0,,,,225.0,225.0,,,,,62.0,45.0,1.0,,,,,,1.0,,,,,-9999.0,-9999.0,,,,
1994,5,18,,,,,,,,,,0.0,,,,,0.0,0.0,,32.0,32.0,,,,,,,,,,,,,0.0,,,,,,,,,,,,,,,,
1994,5,19,100.0,100.0,,,,,34.0,130.0,136.0,8.0,,,,,0.0,0.0,,64.94,57.02,30.0,,,,,,,,,,67.0,54.0,1.0,,,,,,999.0,,,,,1.0,1.0,,,,
1994,5,20,,,,,,,,,,0.0,,,,,0.0,0.0,,,,,,,,,,,,,,,,,,,,,,-999.0,,,,,,0.0,,,,
1994,5,22,100.0,100.0,,,,,27.0,1632.0,1655.0,,,,,,0.0,0.0,,66.02,60.08,14.0,,,,,,,,,,62.0,31.0,9999.0,,,,,,9999.0,,,,,1.0,1.0,,,,
1994,5,23,,,,,,,,,,0.0,,,,,0.0,0.0,,,,,,,,,,,,,,,,,,,,,,-99.0,,,,,,0.0,,,,
1994,5,24,,,,,,,,,,,,,,,,,,,,,,,,,,,,,,,,,,,,,,99.0,,,,,,,,,,
1994,5,25,80.0,70.0,,,,,34.0,1141.0,1816.0,0.0,,,,,0.0,0.0,,66.02,57.92,475.0,,,,270.0,225.0,,,,,72.0,49.0,-9999.0,,,,,,-9999.0,,,,,-9999.0,-9999.0,,,,
1994,5,26,,,,,,,,,,0.0,,,,,0.0,0.0,,32.0,32.0,,,,,,,,,,,,,-9.0,,,,,,-9.0,,,,,-9.0,,,,,
1994,5,27,60.0,60.0,,,,,36.0,749.0,753.0,,,,,,0.0,0.0,,66.02,55.94,245.0,,,,,,,,,,82.0,54.0,999.0,,,,,,999.0,,,,,999.0,1.0,,,,
1994,5,28,,,,,,,,,,0.0,,,,,0.0,0.0,,,,,,,,,,,,,,,,-999.0,,,,,,-999.0,,,,,-999.0,0.0,,,,
1994,5,30,40.0,40.0,,,,,32.0,1219.0,1449.0,,,,,,0.0,0.0,,66.92,55.04,578.0,,,,,,,,,,87.0,63.0,9999.0,,,,,,9999.0,,,,,9999.0,1.0,,,,
1994,5,31,,,,,,,,,,0.0,,,,,0.0,0.0,,,,,,,,,,,,,,,,-99.0,,,,,,-99.0,,,,,-99.0,,,,,
1994,6,1,0.0,0.0,,,,,32.0,1412.0,1539.0,0.0,,,,,0.0,0.0,,75.92,59.0,849.0,,,,315.0,315.0,,,,,72.0,58.0,-9999.0,,,,,,-9999.0,,,,,-9999.0,-9999.0,,,,
1994,6,2,,,,,,,,,,0.0,,,,,0.0,0.0,,32.0,32.0,,,,,,,,,,,,,,,,,,,,,,,,-9.0,-9.0,,,,
1994,6,3,60.0,60.0,,,,,30.0,256.0,316.0,0.0,,,,,0.0,0.0,,75.92,60.980000000000004,741.0,,,,,,,,,,72.0,45.0,1.0,,,,,,1.0,,,,,999.0,999.0,,,,
1994,6,4,,,,,,,,,,0.0,,,,,0.0,0.0,,,,,,,,,,,,,,,,0.0,,,,,,0.0,,,,,,,,,,
1994,6,6,70.0,70.0,,,,,33.0,1430.0,1544.0,0.0,,,,,0.0,0.0,,73.04,60.980000000000004,625.0,,,,,,,,,,67.0,40.0,1.0,,,,,,1.0,,,,,9999.0,9999.0,,,,
1994,6,7,,,,,,,,,,0.0,,,,,0.0,0.0,,,,,,,,,,,,,,,,,,,,,,,,,,,-99.0,-99.0,,,,
1994,6,8,,,,,,,,,,,,,,,,,,,,,,,,,,,,,,,,99.0,,,,,,99.0,,,,,99.0,99.0,,,,
1994,6,9,60.0,50.0,,,,,35.0,-9999.0,1112.0,0.0,,,,,0.0,0.0,,71.06,60.980000000000004,718.0,,,,315.0,-9999.0,,,,,82.0,-9999.0,-9999.0,,,,,,-9999.0,,,,,-9999.0,-9999.0,,,,
1994,6,10,,,,,,,,-9.0,,0.0,,,,,0.0,0.0,,32.0,32.0,,,,,,-9.0,,,,,,-9.0,-9.0,,,,,,-9.0,,,,,-9.0,-9.0,,,,
1994,6,11,40.0,20.0,,,,,33.0,999.0,103.0,0.0,,,,,0.0,0.0,,71.06,60.980000000000004,717.0,,,,,999.0,,,,,67.0,999.0,999.0,,,,,,999.0,,,,,999.0,999.0,,,,
1994,6,12,,,,,,,,113.0,,0.0,,,,,0.0,0.0,,,,,,,,,22.0,,,,,,3.0,,,,,,,,,,,,-999.0,-999.0,,,,
1994,6,14,60.0,40.0,,,,,34.0,1116.0,1309.0,0.0,,,,,0.0,0.0,,71.96,62.059999999999995,665.0,,,,,,,,,,72.0,36.0,1.0,,,,,,1.0,,,,,9999.0,9999.0,,,,
1994,6,15,,,,,,,,,,0.0,,,,,0.0,0.0,,,,,,,,,,,,,,,,0.0,,,,,,0.0,,,,,-99.0,-99.0,,,,
1994,6,16,,,,,,,,,,,,,,,,,,,,,,,,,,,,,,,,,,,,,,,,,,,99.0,99.0,,,,
1994,6,17,100.0,100.0,,,,,30.0,1523.0,1515.0,0.0,,,,,0.0,0.0,,66.02,60.980000000000004,0.0,,,,225.0,225.0,,,,,57.0,31.0,1.0,,,,,,-9999.0,,,,,1.0,1.0,,,,
1994,6,18,,,,,,,,,,,,,,,0.0,0.0,,32.0,32.0,,,,,,,,,,,,,,,,,,,-9.0,,,,,,,,,,
1994,6,19,80.0,70.0,,,,,34.0,446.0,329.0,0.0,,,,,0.0,0.0,,71.06,62.059999999999995,406.0,,,,,,,,,,77.0,54.0,999.0,,,,,,999.0,,,,,999.0,999.0,,,,
1994,6,20,,,,,,,,,,0.0,,,,,0.0,0.0,,,,,,,,,,,,,,,,-999.0,,,,,,,,,,,-999.0,-999.0,,,,
1994,6,21,,,,,,,,,,,,,,,,,,,,,,,,,,,,,,,,,,,,,,,,,,,9.0,9.0,,,,
1994,6,22,100.0,90.0,,,,,50.0,1208.0,1207.0,,,,,,0.0,0.0,,69.08,60.980000000000004,131.0,,,,,,,,,,93.0,72.0,9999.0,,,,,,9999.0,,,,,1.0,1.0,,,,
1994,6,23,,,,,,,,,,0.0,,,,,0.0,0.0,,,,,,,,,,,,,,,,-99.0,,,,,,-99.0,,,,,,0.0,,,,
1994,6,24,,,,,,,,,,,,,,,,,,,,,,,,,,,,,,,,99.0,,,,,,99.0,,,,,,,,,,
1994,6,25,30.0,30.0,,,,,36.0,1137.0,1153.0,0.0,,,,,0.0,0.0,,71.96,62.059999999999995,736.0,,,,315.0,315.0,,,,,77.0,40.0,-9999.0,,,,,,-9999.0,,,,,-9999.0,-9999.0,,,,
1994,6,26,,,,,,,,,,0.0,,,,,0.0,0.0,,32.0,32.0,,,,,,,,,,,,,,,,,,,,,,,,-9.0,-9.0,,,,
1994,6,27,20.0,30.0,,,,,33.0,853.0,145.0,0.0,,,,,0.0,0.0,,73.94,60.08,676.0,,,,,,,,,,72.0,40.0,1.0,,,,,,1.0,,,,,999.0,999.0,,,,
1994,6,28,,,,,,,,,,0.0,,,,,0.0,0.0,,,,,,,,,,,,,,,,0.0,,,,,,0.0,,,,,-999.0,-999.0,,,,
1994,6,30,30.0,20.0,,,,,33.0,1125.0,1145.0,0.0,,,,,0.0,0.0,,75.02,60.980000000000004,767.0,,,,,,,,,,72.0,40.0,9999.0,,,,,,1.0,,,,,9999.0,9999.0,,,,
1994,6,31,,,,,,,,,,0.0,,,,,0.0,0.0,,,,,,,,,,,,,,,,-99.0,,,,,,,,,,,-99.0,-99.0,,,,
1994,7,1,90.0,90.0,,,,,30.0,1457.0,1356.0,8.0,,,,,0.0,0.0,,75.02,66.92,274.0,,,,225.0,225.0,,,,,72.0,36.0,-9999.0,,1.0,,,,-9999.0,,,,,-9999.0,1.0,,,,
1994,7,2,,,,,,,,,,0.0,,,,,0.0,0.0,,32.0,32.0,,,,,,,,,,,,,-9.0,,,,,,,,,,,-9.0,,,,,
1994,7,3,90.0,80.0,,,,,32.0,632.0,532.0,0.0,,,,,0.0,0.0,,75.02,66.92,188.0,,,,,,,,,,67.0,45.0,999.0,,999.0,,,,1.0,,,,,999.0,999.0,,,,
1994,7,4,,,,,,,,,,0.0,,,,,0.0,0.0,,,,,,,,,,,,,,,,-999.0,,-999.0,,,,,,,,,-999.0,-999.0,,,,
1994,7,6,60.0,40.0,,,,,37.0,1046.0,1104.0,0.0,,,,,0.0,0.0,,71.06,64.04,635.0,,,,,,,,,,72.0,40.0,9999.0,,9999.0,,,,9999.0,,,,,9999.0,9999.0,,,,
1994,7,7,,,,,,,,,,0.0,,,,,0.0,0.0,,,,,,,,,,,,,,,,-99.0,,-99.0,,,,-99.0,,,,,-99.0,-99.0,,,,
1994,7,8,,,,,,,,,,,,,,,,,,,,,,,,,,,,,,,,99.0,,99.0,,,,99.0,,,,,99.0,99.0,,,,
1994,7,9,40.0,20.0,,,,,40.0,1315.0,1512.0,0.0,,,,,0.0,0.0,,75.02,64.94,720.0,,,,315.0,315.0,,,,,98.0,72.0,-9999.0,,-9999.0,,,,-9999.0,,,,,-9999.0,-9999.0,,,,
1994,7,10,,,,,,,,,,0.0,,,,,0.0,0.0,,32.0,32.0,,,,,,,,,,,,,-9.0,,-9.0,,,,-9.0,,,,,-9.0,-9.0,,,,
1994,7,11,70.0,50.0,,,,,42.0,449.0,42.0,0.0,,,,,0.0,0.0,,75.02,64.94,596.0,,,,,,,,,,98.0,58.0,999.0,,999.0,,,,999.0,,,,,999.0,999.0,,,,
1994,7,12,,,,,,,,,,0.0,,,,,0.0,0.0,,,,,,,,,,,,,,,,-999.0,,-999.0,,,,,,,,,-999.0,-999.0,,,,
1994,7,13,,,,,,,,,,,,,,,,,,,,,,,,,,,,,,,,9.0,,,,,,,,,,,,,,,,
1994,7,14,100.0,100.0,,,,,33.0,1304.0,1315.0,0.0,,,,,0.0,0.0,,73.04,64.94,142.0,,,,,,,,,,67.0,45.0,1.0,,9999.0,,,,1.0,,,,,9999.0,9999.0,,,,
1994,7,15,,,,,,,,,,0.0,,,,,0.0,0.0,,,,,,,,,,,,,,,,,,-99.0,,,,0.0,,,,,-99.0,-99.0,,,,
1994,7,16,,,,,,,,,,,,,,,,,,,,,,,,,,,,,,,,99.0,,99.0,,,,,,,,,99.0,99.0,,,,
1994,7,17,30.0,20.0,,,,,38.0,1143.0,1203.0,0.0,,,,,0.0,0.0,,75.92,66.02,736.0,,,,45.0,315.0,,,,,87.0,58.0,-9999.0,,-9999.0,,,,-9999.0,,,,,-9999.0,-9999.0,,,,
1994,7,18,,,,,,,,,,0.0,,,,,0.0,0.0,,32.0,32.0,,,,,,,,,,,,,-9.0,,-9.0,,,,-9.0,,,,,-9.0,-9.0,,,,
1994,7,19,50.0,30.0,,,,,33.0,408.0,436.0,0.0,,,,,0.0,0.0,,73.94,62.959999999999994,690.0,,,,,,,,,,72.0,40.0,999.0,,999.0,,,,999.0,,,,,999.0,999.0,,,,
1994,7,20,,,,,,,,,,0.0,,,,,0.0,0.0,,,,,,,,,,,,,,,,-999.0,,-999.0,,,,-999.0,,,,,-999.0,-999.0,,,,
1994,7,21,,,,,,,,,,,,,,,,,,,,,,,,,,,,,,,,,,,,,,9.0,,,,,,,,,,
1994,7,22,70.0,50.0,,,,,37.0,1156.0,1554.0,0.0,,,,,0.0,0.0,,73.04,64.04,565.0,,,,,,,,,,67.0,40.0,9999.0,,9999.0,,,,1.0,,,,,9999.0,9999.0,,,,
1994,7,23,,,,,,,,,,0.0,,,,,0.0,0.0,,,,,,,,,,,,,,,,-99.0,,-99.0,,,,0.0,,,,,-99.0,-99.0,,,,
1994,7,24,,,,,,,,,,,,,,,,,,,,,,,,,,,,,,,,99.0,,99.0,,,,,,,,,99.0,99.0,,,,
1994,7,25,70.0,70.0,,,,,34.0,1118.0,1346.0,0.0,,,,,0.0,0.0,,75.92,62.959999999999994,523.0,,,,315.0,225.0,,,,,72.0,45.0,-9999.0,,-9999.0,,,,-9999.0,,,,,-9999.0,-9999.0,,,,
1994,7,26,,,,,,,,,,0.0,,,,,0.0,0.0,,32.0,32.0,,,,,,,,,,,,,-9.0,,-9.0,,,,,,,,,-9.0,-9.0,,,,
1994,7,27,90.0,100.0,,,,,35.0,255.0,345.0,0.0,,,,,0.0,0.0,,71.06,66.02,86.0,,,,,,,,,,72.0,40.0,999.0,,999.0,,,,1.0,,,,,999.0,999.0,,,,
1994,7,28,,,,,,,,,,0.0,,,,,0.0,0.0,,,,,,,,,,,,,,,,-999.0,,-999.0,,,,,,,,,-999.0,-999.0,,,,
1994,7,29,,,,,,,,,,,,,,,,,,,,,,,,,,,,,,,,,,,,,,,,,,,9.0,9.0,,,,
1994,7,30,50.0,40.0,,,,,47.0,1137.0,1124.0,,,,,,0.0,0.0,,75.02,64.94,542.0,,,,,,,,,,98.0,67.0,9999.0,,9999.0,,,,9999.0,,,,,1.0,1.0,,,,
1994,7,31,,,,,,,,,,0.0,,,,,0.0,0.0,,,,,,,,,,,,,,,,-99.0,,-99.0,,,,-99.0,,,,,,,,,,
1994,8,1,50.0,30.0,,,,,40.0,1159.0,1337.0,0.0,,,,,0.0,0.0,,77.0,64.94,572.0,,,,315.0,315.0,,,,,72.0,63.0,1.0,-9999.0,-9999.0,,,,1.0,,,,,,-9999.0,,,,
1994,8,2,,,,,,,,,,0.0,,,,,0.0,0.0,,32.0,32.0,,,,,,,,,,,,,,-9.0,-9.0,,,,,,,,,,-9.0,,,,
1994,8,3,40.0,20.0,,,,,37.0,512.0,538.0,0.0,,,,,0.0,0.0,,75.92,64.94,630.0,,,,,,,,,,67.0,54.0,999.0,999.0,999.0,,,,999.0,,,,,,999.0,,,,
1994,8,4,,,,,,,,,,0.0,,,,,0.0,0.0,,,,,,,,,,,,,,,,,-999.0,-999.0,,,,,,,,,,-999.0,,,,
1994,8,6,30.0,20.0,,,,,36.0,1640.0,1019.0,0.0,,,,,0.0,0.0,,75.02,64.04,694.0,,,,,,,,,,72.0,40.0,9999.0,9999.0,9999.0,,,,9999.0,,,,,,9999.0,,,,
1994,8,7,,,,,,,,,,0.0,,,,,0.0,0.0,,,,,,,,,,,,,,,,,-99.0,-99.0,,,,,,,,,,-99.0,,,,
1994,8,8,,,,,,,,,,,,,,,,,,,,,,,,,,,,,,,,,99.0,99.0,,,,,,,,,,99.0,,,,
1994,8,9,60.0,40.0,,,,,35.0,1019.0,1027.0,0.0,,,,,0.0,0.0,,80.96,64.94,631.0,,,,225.0,225.0,,,,,72.0,45.0,1.0,1.0,-9999.0,,,,1.0,,,,,,-9999.0,,,,
1994,8,10,,,,,,,,,,0.0,,,,,0.0,0.0,,32.0,32.0,,,,,,,,,,,,,0.0,,,,,,0.0,,,,,,,,,,
1994,8,11,70.0,80.0,,,,,34.0,245.0,258.0,,,,,,0.0,0.0,,71.96,64.94,461.0,,,,,,,,,,67.0,45.0,1.0,999.0,1.0,,,,1.0,,,,,,1.0,,,,
1994,8,12,,,,,,,,,,0.0,,,,,0.0,0.0,,,,,,,,,,,,,,,,0.0,-999.0,,,,,,,,,,,,,,,
1994,8,13,,,,,,,,,,,,,,,,,,,,,,,,,,,,,,,,,,,,,,,,,,,,9.0,,,,
1994,8,14,50.0,40.0,,,,,34.0,1537.0,1448.0,,,,,,0.0,0.0,,82.04,68.0,699.0,,,,,,,,,,67.0,36.0,9999.0,9999.0,9999.0,,,,9999.0,,,,,,1.0,,,,
1994,8,15,,,,,,,,,,0.0,,,,,0.0,0.0,,,,,,,,,,,,,,,,-99.0,-99.0,-99.0,,,,-99.0,,,,,,,,,,
1994,8,16,,,,,,,,,,,,,,,,,,,,,,,,,,,,,,,,99.0,99.0,99.0,,,,99.0,,,,,,99.0,,,,
1994,8,17,20.0,10.0,,,,,37.0,1155.0,1331.0,0.0,,,,,0.0,0.0,,86.0,71.96,810.0,,,,315.0,315.0,,,,,72.0,54.0,-9999.0,-9999.0,-9999.0,,,,-9999.0,,,,,,-9999.0,,,,
1994,8,18,,,,,,,,,,0.0,,,,,0.0,0.0,,32.0,32.0,,,,,,,,,,,,,-9.0,-9.0,-9.0,,,,-9.0,,,,,,-9.0,,,,
1994,8,19,70.0,80.0,,,,,30.0,317.0,318.0,0.0,,,,,0.0,0.0,,87.98,71.96,446.0,,,,,,,,,,62.0,49.0,999.0,999.0,999.0,,,,999.0,,,,,,999.0,,,,
1994,8,20,,,,,,,,,,0.0,,,,,0.0,0.0,,,,,,,,,,,,,,,,-999.0,-999.0,-999.0,,,,-999.0,,,,,,-999.0,,,,
1994,8,22,20.0,20.0,,,,,37.0,1156.0,1506.0,0.0,,,,,0.0,0.0,,89.96000000000001,73.04,777.0,,,,,,,,,,67.0,45.0,9999.0,9999.0,9999.0,,,,9999.0,,,,,,9999.0,,,,
1994,8,23,,,,,,,,,,0.0,,,,,0.0,0.0,,,,,,,,,,,,,,,,-99.0,-99.0,-99.0,,,,-99.0,,,,,,-99.0,,,,
1994,8,24,,,,,,,,,,,,,,,,,,,,,,,,,,,,,,,,99.0,99.0,99.0,,,,99.0,,,,,,99.0,,,,
1994,8,25,60.0,40.0,,,,,39.0,1119.0,1109.0,0.0,,,,,0.0,0.0,,78.98,69.98,697.0,,,,225.0,225.0,,,,,82.0,54.0,1.0,-9999.0,-9999.0,,,,-9999.0,,,,,,-9999.0,,,,
1994,8,26,,,,,,,,,,0.0,,,,,0.0,0.0,,32.0,32.0,,,,,,,,,,,,,0.0,-9.0,-9.0,,,,-9.0,,,,,,-9.0,,,,
1994,8,27,60.0,50.0,,,,,34.0,221.0,114.0,0.0,,,,,0.0,0.0,,80.06,71.06,576.0,,,,,,,,,,67.0,40.0,1.0,999.0,999.0,,,,999.0,,,,,,999.0,,,,
1994,8,28,,,,,,,,,,0.0,,,,,0.0,0.0,,,,,,,,,,,,,,,,,-999.0,-999.0,,,,-999.0,,,,,,-999.0,,,,
1994,8,30,40.0,40.0,,,,,39.0,1521.0,1531.0,0.0,,,,,0.0,0.0,,78.98,69.08,539.0,,,,,,,,,,72.0,63.0,9999.0,9999.0,9999.0,,,,9999.0,,,,,,9999.0,,,,
1994,8,31,,,,,,,,,,0.0,,,,,0.0,0.0,,,,,,,,,,,,,,,,-99.0,-99.0,-99.0,,,,-99.0,,,,,,-99.0,,,,
1994,9,1,50.0,30.0,,,,,33.0,1230.0,1345.0,0.0,,,,,0.0,0.0,,75.92,66.02,548.0,,,,225.0,225.0,,,,,62.0,40.0,-9999.0,,,,,,-9999.0,,,,,,-9999.0,,,,
1994,9,2,,,,,,,,,,0.0,,,,,0.0,0.0,,32.0,32.0,,,,,,,,,,,,,-9.0,,,,,,-9.0,,,,,,-9.0,,,,
1994,9,3,40.0,20.0,,,,,35.0,451.0,448.0,0.0,,,,,0.0,0.0,,77.0,66.02,737.0,,,,,,,,,,77.0,54.0,999.0,,,,,,999.0,,,,,,999.0,,,,
1994,9,4,,,,,,,,,,0.0,,,,,0.0,0.0,,,,,,,,,,,,,,,,-999.0,,,,,,,,,,,,-999.0,,,,
1994,9,6,30.0,10.0,,,,,29.0,1243.0,1317.0,0.0,,,,,0.0,0.0,,78.98,66.92,716.0,,,,,,,,,,51.0,36.0,9999.0,,,,,,1.0,,,,,,9999.0,,,,
1994,9,7,,,,,,,,,,0.0,,,,,0.0,0.0,,,,,,,,,,,,,,,,-99.0,,,,,,0.0,,,,,,-99.0,,,,
1994,9,8,,,,,,,,,,,,,,,,,,,,,,,,,,,,,,,,99.0,,,,,,,,,,,,99.0,,,,
1994,9,9,0.0,0.0,,,,,37.0,1422.0,1336.0,0.0,,,,,0.0,0.0,,82.94,68.0,761.0,,,,315.0,315.0,,,,,77.0,54.0,-9999.0,,,,,,-9999.0,,,,,,-9999.0,,,,
1994,9,10,,,,,,,,,,0.0,,,,,0.0,0.0,,32.0,32.0,,,,,,,,,,,,,-9.0,,,,,,-9.0,,,,,,-9.0,,,,
1994,9,11,0.0,0.0,,,,,37.0,116.0,133.0,0.0,,,,,0.0,0.0,,82.04,68.0,760.0,,,,,,,,,,72.0,58.0,999.0,,,,,,999.0,,,,,,999.0,,,,
1994,9,12,,,,,,,,,,0.0,,,,,0.0,0.0,,,,,,,,,,,,,,,,,,,,,,-999.0,,,,,,-999.0,,,,
1994,9,14,10.0,10.0,,,,,34.0,1431.0,1309.0,0.0,,,,,0.0,0.0,,82.94,66.92,755.0,,,,,,,,,,72.0,49.0,9999.0,,,,,,9999.0,,,,,,9999.0,,,,
1994,9,15,,,,,,,,,,0.0,,,,,0.0,0.0,,,,,,,,,,,,,,,,-99.0,,,,,,-99.0,,,,,,-99.0,,,,
1994,9,16,,,,,,,,,,,,,,,,,,,,,,,,,,,,,,,,99.0,,,,,,99.0,,,,,,99.0,,,,
1994,9,17,60.0,30.0,,,,,32.0,1312.0,1450.0,0.0,,,,,0.0,0.0,,73.94,66.02,628.0,,,,225.0,225.0,,,,,51.0,40.0,-9999.0,,,,,,-9999.0,,,,,,-9999.0,,,,
1994,9,18,,,,,,,,,,0.0,,,,,0.0,0.0,,32.0,32.0,,,,,,,,,,,,,-9.0,,,,,,-9.0,,,,,,-9.0,,,,
1994,9,19,60.0,40.0,,,,,38.0,225.0,207.0,0.0,,,,,0.0,0.0,,73.04,64.94,626.0,,,,,,,,,,62.0,49.0,999.0,,,,,,999.0,,,,,,999.0,,,,
1994,9,20,,,,,,,,,,0.0,,,,,0.0,0.0,,,,,,,,,,,,,,,,-999.0,,,,,,-999.0,,,,,,-999.0,,,,
1994,9,22,0.0,0.0,,,,,34.0,1101.0,1236.0,0.0,,,,,0.0,0.0,,75.02,60.980000000000004,746.0,,,,,,,,,,67.0,54.0,9999.0,,,,,,9999.0,,,,,,9999.0,,,,
1994,9,23,,,,,,,,,,0.0,,,,,0.0,0.0,,,,,,,,,,,,,,,,,,,,,,,,,,,,-99.0,,,,
1994,9,24,,,,,,,,,,,,,,,,,,,,,,,,,,,,,,,,,,,,,,,,,,,,99.0,,,,
1994,9,25,60.0,40.0,,,,,28.0,1306.0,1250.0,0.0,,,,,0.0,0.0,,75.02,66.02,571.0,,,,225.0,225.0,,,,,51.0,31.0,1.0,,,,,,1.0,,,,,,-9999.0,,,,
1994,9,26,,,,,,,,,,0.0,,,,,0.0,0.0,,32.0,32.0,,,,,,,,,,,,,,,,,,,0.0,,,,,,-9.0,,,,
1994,9,27,80.0,70.0,,,,,30.0,150.0,535.0,0.0,,,,,0.0,0.0,,75.92,64.94,635.0,,,,,,,,,,51.0,36.0,999.0,,,,,,1.0,,,,,,999.0,,,,
1994,9,28,,,,,,,,,,0.0,,,,,0.0,0.0,,,,,,,,,,,,,,,,-999.0,,,,,,0.0,,,,,,-999.0,,,,
1994,9,30,50.0,30.0,,,,,31.0,1210.0,1446.0,0.0,,,,,0.0,0.0,,75.02,66.02,580.0,,,,,,,,,,72.0,40.0,9999.0,,,,,,9999.0,,,,,,9999.0,,,,
1994,9,31,,,,,,,,,,0.0,,,,,0.0,0.0,,,,,,,,,,,,,,,,-99.0,,,,,,-99.0,,,,,,-99.0,,,,
1994,10,1,80.0,60.0,,,,,31.0,1308.0,1157.0,0.0,,,,,0.0,0.0,,73.94,64.94,530.0,,,,270.0,315.0,,,,,82.0,40.0,-9999.0,,,,,,-9999.0,,,,,-9999.0,-9999.0,,,,
1994,10,2,,,,,,,,,,0.0,,,,,0.0,0.0,,32.0,32.0,,,,,,,,,,,,,-9.0,,,,,,-9.0,,,,,-9.0,-9.0,,,,
1994,10,3,80.0,60.0,,,,,33.0,450.0,411.0,0.0,,,,,0.0,0.0,,73.04,64.04,457.0,,,,,,,,,,82.0,58.0,999.0,,,,,,999.0,,,,,999.0,999.0,,,,
1994,10,4,,,,,,,,,,0.0,,,,,0.0,0.0,,,,,,,,,,,,,,,,-999.0,,,,,,-999.0,,,,,-999.0,-999.0,,,,
1994,10,5,,,,,,,,,,,,,,,,,,,,,,,,,,,,,,,,,,,,,,,,,,,,9.0,,,,
1994,10,6,100.0,100.0,,,,,51.0,1020.0,1313.0,,,,,,0.0,0.0,,71.96,66.02,63.0,,,,,,,,,,113.0,76.0,9999.0,,,,,,9999.0,,,,,9999.0,1.0,,,,
1994,10,7,,,,,,,,,,0.0,,,,,0.0,0.0,,,,,,,,,,,,,,,,-99.0,,,,,,-99.0,,,,,-99.0,,,,,
1994,10,8,,,,,,,,,,,,,,,,,,,,,,,,,,,,,,,,99.0,,,,,,99.0,,,,,99.0,99.0,,,,
1994,10,9,20.0,30.0,,,,,31.0,1447.0,1550.0,0.0,,,,,0.0,0.0,,71.96,57.92,598.0,,,,315.0,315.0,,,,,82.0,58.0,-9999.0,,,,,,-9999.0,,,,,-9999.0,-9999.0,,,,
1994,10,10,,,,,,,,,,0.0,,,,,0.0,0.0,,32.0,32.0,,,,,,,,,,,,,-9.0,,,,,,-9.0,,,,,-9.0,-9.0,,,,
1994,10,11,0.0,0.0,,,,,26.0,420.0,418.0,0.0,,,,,0.0,0.0,,75.02,57.02,700.0,,,,,,,,,,77.0,54.0,999.0,,,,,,999.0,,,,,999.0,999.0,,,,
1994,10,12,,,,,,,,,,0.0,,,,,0.0,0.0,,,,,,,,,,,,,,,,-999.0,,,,,,-999.0,,,,,-999.0,-999.0,,,,
1994,10,14,10.0,10.0,,,,,32.0,1059.0,1104.0,0.0,,,,,0.0,0.0,,98.96000000000001,62.059999999999995,696.0,,,,,,,,,,139.0,67.0,9999.0,,,,,,9999.0,,,,,9999.0,9999.0,,,,
1994,10,15,,,,,,,,,,0.0,,,,,0.0,0.0,,,,,,,,,,,,,,,,-99.0,,,,,,-99.0,,,,,-99.0,-99.0,,,,
1994,10,16,,,,,,,,,,,,,,,,,,,,,,,,,,,,,,,,99.0,,,,,,99.0,,,,,99.0,99.0,,,,
1994,10,17,10.0,10.0,,,,,27.0,1254.0,1544.0,0.0,,,,,0.0,0.0,,84.91999999999999,62.959999999999994,692.0,,,,315.0,315.0,,,,,67.0,49.0,-9999.0,,,,,,-9999.0,,,,,-9999.0,-9999.0,,,,
1994,10,18,,,,,,,,,,0.0,,,,,0.0,0.0,,32.0,32.0,,,,,,,,,,,,,,,,,,,,,,,,-9.0,-9.0,,,,
1994,10,19,40.0,30.0,,,,,32.0,438.0,417.0,0.0,,,,,0.0,0.0,,73.94,62.059999999999995,600.0,,,,,,,,,,67.0,45.0,1.0,,,,,,1.0,,,,,999.0,999.0,,,,
1994,10,20,,,,,,,,,,0.0,,,,,0.0,0.0,,,,,,,,,,,,,,,,,,,,,,,,,,,-999.0,,,,,
1994,10,21,,,,,,,,,,,,,,,,,,,,,,,,,,,,,,,,,,,,,,9.0,,,,,9.0,,,,,
1994,10,22,70.0,60.0,,,,,45.0,2343.0,2341.0,,,,,,0.0,0.0,,71.06,60.08,409.0,,,,,,,,,,103.0,85.0,9999.0,,,,,,1.0,,,,,1.0,1.0,,,,
1994,10,23,,,,,,,,,,0.0,,,,,0.0,0.0,,,,,,,,,,,,,,,,-99.0,,,,,,,,,,,,0.0,,,,
1994,10,24,,,,,,,,,,,,,,,,,,,,,,,,,,,,,,,,99.0,,,,,,99.0,,,,,,,,,,
1994,10,25,20.0,10.0,,,,,33.0,1303.0,1237.0,0.0,,,,,0.0,0.0,,73.04,57.92,565.0,,,,315.0,270.0,,,,,98.0,67.0,-9999.0,,,,,,-9999.0,,,,,-9999.0,-9999.0,,,,
1994,10,26,,,,,,,,,,0.0,,,,,0.0,0.0,,32.0,32.0,,,,,,,,,,,,,-9.0,,,,,,-9.0,,,,,-9.0,-9.0,,,,
1994,10,27,0.0,0.0,,,,,26.0,643.0,317.0,0.0,,,,,0.0,0.0,,73.94,57.02,680.0,,,,,,,,,,67.0,54.0,999.0,,,,,,999.0,,,,,999.0,999.0,,,,
1994,10,28,,,,,,,,,,0.0,,,,,0.0,0.0,,,,,,,,,,,,,,,,-999.0,,,,,,-999.0,,,,,-999.0,-999.0,,,,
1994,10,30,0.0,10.0,,,,,28.0,1333.0,1244.0,0.0,,,,,0.0,0.0,,71.06,53.96,675.0,,,,,,,,,,87.0,63.0,9999.0,,,,,,9999.0,,,,,9999.0,9999.0,,,,
1994,10,31,,,,,,,,,,0.0,,,,,0.0,0.0,,,,,,,,,,,,,,,,-99.0,,,,,,-99.0,,,,,-99.0,-99.0,,,,
1994,11,1,20.0,0.0,,,,,25.0,1111.0,1313.0,0.0,,,,,0.0,0.0,,75.92,53.06,653.0,,,,315.0,315.0,,,,,67.0,40.0,1.0,,,,,,1.0,,,,,-9999.0,-9999.0,,,,
1994,11,2,,,,,,,,,,0.0,,,,,0.0,0.0,,32.0,32.0,,,,,,,,,,,,,0.0,,,,,,,,,,,,,,,,
1994,11,3,80.0,100.0,,,,,36.0,41.0,437.0,,,,,,0.0,0.0,,66.02,59.0,162.0,,,,,,,,,,82.0,63.0,1.0,,,,,,999.0,,,,,1.0,1.0,,,,
1994,11,4,,,,,,,,,,0.0,,,,,0.0,0.0,,,,,,,,,,,,,,,,,,,,,,-999.0,,,,,,,,,,
1994,11,6,50.0,60.0,,,,,29.0,1536.0,9999.0,0.0,,,,,0.0,0.0,,64.94,46.94,558.0,,,,9999.0,,,,,,9999.0,54.0,9999.0,,,,,,9999.0,,,,,9999.0,9999.0,,,,
1994,11,7,,,,,,,,,-99.0,0.0,,,,,0.0,0.0,,,32.0,,,,,-99.0,,,,,,-99.0,,-99.0,,,,,,-99.0,,,,,-99.0,-99.0,,,,
1994,11,8,,,,,,,,,99.0,,,,,,,,,,,,,,,99.0,,,,,,99.0,,99.0,,,,,,99.0,,,,,99.0,99.0,,,,
1994,11,9,10.0,10.0,,,,,23.0,1158.0,-9999.0,0.0,,,,,0.0,0.0,,66.92,50.0,644.0,,,,-9999.0,315.0,,,,,-9999.0,40.0,-9999.0,,,,,,-9999.0,,,,,-9999.0,-9999.0,,,,
1994,11,10,,,,,,,,,-9.0,0.0,,,,,0.0,0.0,,32.0,32.0,,,,,-9.0,,,,,,-9.0,,-9.0,,,,,,-9.0,,,,,-9.0,-9.0,,,,
1994,11,11,70.0,90.0,,,,,25.0,510.0,999.0,0.0,,,,,0.0,0.0,,66.02,53.96,228.0,,,,999.0,,,,,,999.0,40.0,999.0,,,,,,999.0,,,,,999.0,999.0,,,,
1994,11,12,,,,,,,,,-999.0,0.0,,,,,0.0,0.0,,,,,,,,-999.0,,,,,,-999.0,,-999.0,,,,,,-999.0,,,,,-999.0,-999.0,,,,
1994,11,14,60.0,40.0,,,,,23.0,1248.0,9999.0,0.0,,,,,0.0,0.0,,68.0,51.08,621.0,,,,9999.0,,,,,,9999.0,58.0,9999.0,,,,,,9999.0,,,,,9999.0,9999.0,,,,
1994,11,15,,,,,,,,,-99.0,0.0,,,,,0.0,0.0,,,,,,,,-99.0,,,,,,-99.0,,,,,,,,-99.0,,,,,-99.0,,,,,
1994,11,16,,,,,,,,,99.0,,,,,,,,,,,,,,,99.0,,,,,,99.0,,,,,,,,99.0,,,,,99.0,,,,,
1994,11,17,50.0,70.0,,,,,25.0,1644.0,-9999.0,0.0,,,,,0.0,0.0,,62.059999999999995,46.04,409.0,,,,-9999.0,315.0,,,,,-9999.0,49.0,-9999.0,,,,,,-9999.0,,,,,-9999.0,-9999.0,,,,
1994,11,18,,,,,,,,,-9.0,0.0,,,,,0.0,0.0,,32.0,32.0,,,,,-9.0,,,,,,-9.0,,-9.0,,,,,,-9.0,,,,,-9.0,-9.0,,,,
1994,11,19,40.0,40.0,,,,,26.0,420.0,999.0,0.0,,,,,0.0,0.0,,64.04,46.94,418.0,,,,999.0,,,,,,999.0,45.0,999.0,,,,,,999.0,,,,,999.0,999.0,,,,
1994,11,20,,,,,,,,,-999.0,0.0,,,,,0.0,0.0,,,,,,,,-999.0,,,,,,-999.0,,-999.0,,,,,,-999.0,,,,,-999.0,-999.0,,,,
1994,11,22,10.0,10.0,,,,,24.0,1359.0,9999.0,0.0,,,,,0.0,0.0,,69.98,46.94,631.0,,,,9999.0,,,,,,9999.0,58.0,9999.0,,,,,,9999.0,,,,,9999.0,9999.0,,,,
1994,11,23,,,,,,,,,13.0,0.0,,,,,0.0,0.0,,,32.0,,,,,3.0,,,,,,,,-99.0,,,,,,-99.0,,,,,-99.0,-99.0,,,,
1994,11,24,,,,,,,,,,,,,,,,,,,,,,,,,,,,,,,,99.0,,,,,,99.0,,,,,99.0,99.0,,,,
1994,11,25,50.0,70.0,,,,,39.0,1029.0,901.0,36.0,,,,,0.0,0.0,,62.059999999999995,51.08,378.0,,,,315.0,315.0,,,,,123.0,94.0,1.0,,,,,,-9999.0,,,,,-9999.0,1.0,,,,
1994,11,26,,,,,,,,,,0.0,,,,,0.0,0.0,,32.0,32.0,,,,,,,,,,,,,,,,,,,-9.0,,,,,-9.0,0.0,,,,
1994,11,27,40.0,40.0,,,,,36.0,320.0,318.0,,,,,,0.0,0.0,,62.059999999999995,46.04,491.0,,,,,,,,,,103.0,89.0,999.0,,,,,,999.0,,,,,999.0,1.0,,,,
1994,11,28,,,,,,,,,,0.0,,,,,0.0,0.0,,,,,,,,,,,,,,,,-999.0,,,,,,-999.0,,,,,-999.0,0.0,,,,
1994,11,30,0.0,0.0,,,,,28.0,1401.0,1342.0,0.0,,,,,0.0,0.0,,59.0,39.02,624.0,,,,,,,,,,77.0,54.0,9999.0,,,,,,9999.0,,,,,9999.0,9999.0,,,,
1994,11,31,,,,,,,,,,0.0,,,,,0.0,0.0,,,32.0,,,,,,,,,,,,,-99.0,,,,,,-99.0,,,,,-99.0,-99.0,,,,
1994,12,1,30.0,10.0,,,,,21.0,1615.0,1608.0,0.0,,,,,0.0,0.0,,66.02,44.96,582.0,,,,225.0,225.0,,,,,57.0,27.0,1.0,1.0,,,,,-9999.0,,,,,-9999.0,-9999.0,,,,
1994,12,2,,,,,,,,,,0.0,,,,,0.0,0.0,,32.0,32.0,,,,,,,,,,,,,0.0,,,,,,-9.0,,,,,-9.0,-9.0,,,,
1994,12,3,20.0,10.0,,,,,21.0,334.0,332.0,0.0,,,,,0.0,0.0,,64.94,42.980000000000004,548.0,,,,,,,,,,57.0,31.0,1.0,1.0,,,,,999.0,,,,,999.0,999.0,,,,
1994,12,4,,,,,,,,,,0.0,,,,,0.0,0.0,,,,,,,,,,,,,,,,0.0,,,,,,,,,,,-999.0,-999.0,,,,
1994,12,5,,,,,,,,,,,,,,,,,,,,,,,,,,,,,,,,,,,,,,,,,,,,9.0,,,,
1994,12,6,80.0,90.0,,,,,22.0,1823.0,1830.0,,,,,,0.0,0.0,,60.08,46.94,97.0,,,,,,,,,,62.0,31.0,1.0,9999.0,,,,,1.0,,,,,9999.0,1.0,,,,
1994,12,7,,,,,,,,,,0.0,,,,,0.0,0.0,,,,,,,,,,,,,,,,,-99.0,,,,,0.0,,,,,-99.0,0.0,,,,
1994,12,8,,,,,,,,,,,,,,,,,,,,,,,,,,,,,,,,99.0,99.0,,,,,,,,,,99.0,,,,,
1994,12,9,70.0,70.0,,,,,31.0,1513.0,1523.0,0.0,,,,,0.0,0.0,,62.959999999999994,55.04,390.0,,,,315.0,315.0,,,,,72.0,40.0,-9999.0,-9999.0,,,,,-9999.0,,,,,-9999.0,-9999.0,,,,
1994,12,10,,,,,,,,,,0.0,,,,,0.0,0.0,,32.0,32.0,,,,,,,,,,,,,-9.0,-9.0,,,,,-9.0,,,,,,,,,,
1994,12,11,40.0,50.0,,,,,31.0,510.0,522.0,,,,,,0.0,0.0,,62.059999999999995,51.08,418.0,,,,,,,,,,87.0,54.0,999.0,999.0,,,,,999.0,,,,,1.0,1.0,,,,
1994,12,12,,,,,,,,,,0.0,,,,,0.0,0.0,,,,,,,,,,,,,,,,-999.0,-999.0,,,,,-999.0,,,,,,,,,,
1994,12,14,0.0,0.0,,,,,25.0,1422.0,1444.0,0.0,,,,,0.0,0.0,,62.959999999999994,39.92,580.0,,,,,,,,,,77.0,54.0,9999.0,9999.0,,,,,9999.0,,,,,9999.0,9999.0,,,,
1994,12,15,,,,,,,,,,0.0,,,,,0.0,0.0,,,32.0,,,,,,,,,,,,,-99.0,-99.0,,,,,-99.0,,,,,-99.0,-99.0,,,,
1994,12,16,,,,,,,,,,,,,,,,,,,,,,,,,,,,,,,,99.0,99.0,,,,,99.0,,,,,99.0,99.0,,,,
1994,12,17,80.0,80.0,,,,,20.0,1330.0,1424.0,0.0,,,,,0.0,0.0,,62.059999999999995,44.96,354.0,,,,315.0,315.0,,,,,72.0,40.0,-9999.0,-9999.0,,,,,-9999.0,,,,,-9999.0,-9999.0,,,,
1994,12,18,,,,,,,,,,0.0,,,,,0.0,0.0,,32.0,32.0,,,,,,,,,,,,,-9.0,-9.0,,,,,-9.0,,,,,-9.0,-9.0,,,,
1994,12,19,70.0,60.0,,,,,31.0,444.0,534.0,0.0,,,,,0.0,0.0,,60.980000000000004,51.98,382.0,,,,,,,,,,77.0,36.0,999.0,999.0,,,,,999.0,,,,,999.0,999.0,,,,
1994,12,20,,,,,,,,,,0.0,,,,,0.0,0.0,,,,,,,,,,,,,,,,-999.0,-999.0,,,,,-999.0,,,,,,,,,,
1994,12,22,20.0,0.0,,,,,26.0,1347.0,1320.0,0.0,,,,,0.0,0.0,,62.059999999999995,48.02,574.0,,,,,,,,,,82.0,54.0,9999.0,9999.0,,,,,9999.0,,,,,9999.0,9999.0,,,,
1994,12,23,,,,,,,,,,0.0,,,,,0.0,0.0,,,32.0,,,,,,,,,,,,,,-99.0,,,,,,,,,,-99.0,-99.0,,,,
1994,12,24,,,,,,,,,,,,,,,,,,,,,,,,,,,,,,,,,99.0,,,,,,,,,,99.0,99.0,,,,
1994,12,25,0.0,0.0,,,,,25.0,1406.0,1407.0,0.0,,,,,0.0,0.0,,66.02,42.980000000000004,549.0,,,,315.0,315.0,,,,,93.0,67.0,1.0,-9999.0,,,,,1.0,,,,,-9999.0,-9999.0,,,,
1994,12,26,,,,,,,,,,0.0,,,,,0.0,0.0,,32.0,32.0,,,,,,,,,,,,,0.0,-9.0,,,,,,,,,,-9.0,-9.0,,,,
1994,12,27,0.0,0.0,,,,,20.0,614.0,430.0,0.0,,,,,0.0,0.0,,68.0,42.08,581.0,,,,,,,,,,51.0,40.0,1.0,999.0,,,,,999.0,,,,,999.0,999.0,,,,
1994,12,28,,,,,,,,,,0.0,,,,,0.0,0.0,,,,,,,,,,,,,,,,0.0,-999.0,,,,,,,,,,-999.0,-999.0,,,,
1994,12,30,30.0,30.0,,,,,29.0,1347.0,1528.0,0.0,,,,,0.0,0.0,,66.02,44.96,345.0,,,,,,,,,,72.0,45.0,1.0,9999.0,,,,,9999.0,,,,,9999.0,9999.0,,,,
1994,12,31,,,,,,,,,,0.0,,,,,0.0,0.0,,,32.0,,,,,,,,,,,,,0.0,,,,,,-99.0,,,,,-99.0,-99.0,,,,
1995,1,1,70.0,80.0,,,,,34.0,1350.0,1334.0,0.0,,,,,0.0,0.0,,62.959999999999994,48.02,528.0,,,,315.0,,0.0,,,,103.0,,1.0,-9999.0,,,,,1.0,,,,,-9999.0,-9999.0,,,,
1995,1,2,,,,,,,,,,0.0,,,,,0.0,0.0,,32.0,32.0,,,,,,,0.0,,,,,,0.0,-9.0,,,,,0.0,,,,,-9.0,-9.0,,,,
1995,1,3,50.0,40.0,,,,,31.0,350.0,404.0,0.0,,,,,0.0,0.0,,60.980000000000004,44.96,513.0,,,,,,0.0,,,,72.0,,1.0,999.0,,,,,1.0,,,,,999.0,999.0,,,,
1995,1,4,,,,,,,,,,,,,,,0.0,0.0,,,,,,,,,,0.0,,,,,,0.0,-999.0,,,,,,,,,,-999.0,,,,,
1995,1,6,100.0,100.0,,,,,76.0,1850.0,1843.0,569.0,,,,,0.0,0.0,,59.0,51.98,0.0,,,,,,0.0,,,,231.0,,1.0,9999.0,,,,,9999.0,,,,,9999.0,1.0,,,,
1995,1,7,,,,,,,,,,0.0,,,,,0.0,0.0,,,,,,,,,,0.0,,,,,,0.0,-99.0,,,,,-99.0,,,,,,0.0,,,,
1995,1,8,,,,,,,,,,,,,,,,,,,,,,,,,,,,,,,,,99.0,,,,,99.0,,,,,,,,,,
1995,1,9,30.0,50.0,,,,,33.0,1350.0,1318.0,0.0,,,,,0.0,0.0,,60.08,50.0,576.0,,,,225.0,,0.0,,,,72.0,,-9999.0,-9999.0,,,,,-9999.0,,,,,-9999.0,-9999.0,,,,
1995,1,10,,,,,,,,,,0.0,,,,,0.0,0.0,,32.0,32.0,,,,,,,0.0,,,,,,,-9.0,,,,,-9.0,,,,,,,,,,
1995,1,11,80.0,100.0,,,,,55.0,829.0,713.0,46.0,,,,,0.0,0.0,,62.059999999999995,51.08,418.0,,,,,,0.0,,,,113.0,,1.0,999.0,,,,,999.0,,,,,1.0,1.0,,,,
1995,1,12,,,,,,,,,,,,,,,0.0,0.0,,,,,,,,,,0.0,,,,,,0.0,-999.0,,,,,-999.0,,,,,,0.0,,,,
1995,1,13,,,,,,,,,,,,,,,,,,,,,,,,,,,,,,,,,,,,,,9.0,,,,,,,,,,
1995,1,14,70.0,70.0,,,,,29.0,1150.0,2020.0,0.0,,,,,0.0,0.0,,62.959999999999994,53.96,524.0,,,,,,0.0,,,,57.0,,1.0,9999.0,,,,,1.0,,,,,9999.0,9999.0,,,,
1995,1,15,,,,,,,,,,,,,,,0.0,0.0,,,,,,,,,,0.0,,,,,,0.0,,,,,,,,,,,-99.0,,,,,
1995,1,16,,,,,,,,,,,,,,,,,,,,,,,,,,,,,,,,,,,,,,99.0,,,,,99.0,,,,,
1995,1,17,100.0,100.0,,,,,51.0,2350.0,114.0,53.0,,,,,0.0,0.0,,60.08,57.02,182.0,,,,225.0,,0.0,,,,113.0,,1.0,-9999.0,,,,,-9999.0,,,,,1.0,1.0,,,,
1995,1,18,,,,,,,,,,0.0,,,,,0.0,0.0,,32.0,32.0,,,,,,,0.0,,,,,,0.0,-9.0,,,,,-9.0,,,,,,0.0,,,,
1995,1,19,100.0,100.0,,,,,48.0,951.0,742.0,259.0,,,,,0.0,0.0,,60.08,57.02,17.0,,,,,,0.0,,,,129.0,,1.0,999.0,,,,,999.0,,,,,1.0,1.0,,,,
1995,1,20,,,,,,,,,,0.0,,,,,0.0,0.0,,,,,,,,,,0.0,,,,,,0.0,-999.0,,,,,-999.0,,,,,,0.0,,,,
1995,1,22,90.0,90.0,,,,,22.0,1252.0,1318.0,,,,,,0.0,0.0,,64.04,55.04,229.0,,,,,,0.0,,,,67.0,,1.0,9999.0,,,,,9999.0,,,,,1.0,1.0,,,,
1995,1,23,,,,,,,,,,0.0,,,,,0.0,0.0,,,,,,,,,,0.0,,,,,,0.0,-99.0,,,,,-99.0,,,,,,0.0,,,,
1995,1,24,,,,,,,,,,,,,,,,,,,,,,,,,,,,,,,,,99.0,,,,,99.0,,,,,,,,,,
1995,1,25,70.0,70.0,,,,,54.0,1352.0,812.0,28.0,,,,,0.0,0.0,,59.0,50.0,309.0,,,,315.0,,0.0,,,,123.0,,-9999.0,-9999.0,,,,,-9999.0,,,,,-9999.0,1.0,,,,
1995,1,26,,,,,,,,,,0.0,,,,,0.0,0.0,,32.0,32.0,,,,,,,0.0,,,,,,-9.0,-9.0,,,,,-9.0,,,,,-9.0,0.0,,,,
1995,1,27,40.0,30.0,,,,,31.0,550.0,554.0,30.0,,,,,0.0,0.0,,60.08,46.94,559.0,,,,,,0.0,,,,72.0,,999.0,999.0,,,,,999.0,,,,,999.0,1.0,,,,
1995,1,28,,,,,,,,,,0.0,,,,,0.0,0.0,,,,,,,,,,0.0,,,,,,-999.0,-999.0,,,,,-999.0,,,,,-999.0,,,,,
1995,1,30,90.0,90.0,,,,,22.0,1350.0,1327.0,0.0,,,,,0.0,0.0,,62.059999999999995,44.96,502.0,,,,,,0.0,,,,67.0,,9999.0,9999.0,,,,,9999.0,,,,,9999.0,9999.0,,,,
1995,1,31,,,,,,,,,,0.0,,,,,0.0,0.0,,,32.0,,,,,,,0.0,,,,,,,-99.0,,,,,-99.0,,,,,,,,,,
1995,2,1,0.0,0.0,,,,,19.0,1452.0,1621.0,0.0,,,,,0.0,0.0,,73.94,51.08,636.0,,,,180.0,,0.0,,,,57.0,,-9999.0,-9999.0,-9999.0,,,,-9999.0,,,,,-9999.0,-9999.0,,,,
1995,2,2,,,,,,,,,,0.0,,,,,0.0,0.0,,32.0,32.0,,,,,,,0.0,,,,,,-9.0,-9.0,-9.0,,,,,,,,,-9.0,-9.0,,,,
1995,2,3,0.0,0.0,,,,,17.0,550.0,404.0,0.0,,,,,0.0,0.0,,80.96,51.98,639.0,,,,,,0.0,,,,72.0,,999.0,999.0,999.0,,,,1.0,,,,,999.0,999.0,,,,
1995,2,4,,,,,,,,,,0.0,,,,,0.0,0.0,,,,,,,,,,0.0,,,,,,,-999.0,-999.0,,,,0.0,,,,,-999.0,-999.0,,,,
1995,2,5,,,,,,,,,,,,,,,,,,,,,,,,,,,,,,,,,9.0,,,,,,,,,,,,,,,
1995,2,6,40.0,40.0,,,,,21.0,1250.0,1651.0,0.0,,,,,0.0,0.0,,73.94,51.08,604.0,,,,,,0.0,,,,67.0,,1.0,1.0,9999.0,,,,9999.0,,,,,9999.0,9999.0,,,,
1995,2,7,,,,,,,,,,0.0,,,,,0.0,0.0,,,,,,,,,,0.0,,,,,,0.0,,-99.0,,,,,,,,,-99.0,-99.0,,,,
1995,2,8,,,,,,,,,,,,,,,,,,,,,,,,,,,,,,,,,,99.0,,,,,,,,,99.0,99.0,,,,
1995,2,9,60.0,40.0,,,,,28.0,1350.0,1317.0,0.0,,,,,0.0,0.0,,64.04,51.08,464.0,,,,315.0,,0.0,,,,82.0,,1.0,1.0,-9999.0,,,,1.0,,,,,-9999.0,-9999.0,,,,
1995,2,10,,,,,,,,,,0.0,,,,,0.0,0.0,,32.0,32.0,,,,,,,0.0,,,,,,0.0,,-9.0,,,,0.0,,,,,-9.0,-9.0,,,,
1995,2,11,80.0,70.0,,,,,26.0,323.0,218.0,0.0,,,,,0.0,0.0,,62.059999999999995,55.04,314.0,,,,,,0.0,,,,72.0,,1.0,999.0,999.0,,,,1.0,,,,,999.0,999.0,,,,
1995,2,12,,,,,,,,,,0.0,,,,,0.0,0.0,,,,,,,,,,0.0,,,,,,,-999.0,-999.0,,,,,,,,,-999.0,,,,,
1995,2,14,50.0,40.0,,,,,29.0,1350.0,1429.0,0.0,,,,,0.0,0.0,,64.04,53.06,579.0,,,,,,0.0,,,,72.0,,9999.0,9999.0,9999.0,,,,9999.0,,,,,9999.0,9999.0,,,,
1995,2,15,,,,,,,,,,0.0,,,,,0.0,0.0,,,,,,,,,,0.0,,,,,,-99.0,-99.0,-99.0,,,,-99.0,,,,,-99.0,-99.0,,,,
1995,2,16,,,,,,,,,,,,,,,,,,,,,,,,,,,,,,,,99.0,99.0,99.0,,,,99.0,,,,,99.0,99.0,,,,
1995,2,17,60.0,50.0,,,,,33.0,1550.0,1545.0,0.0,,,,,0.0,0.0,,62.959999999999994,53.06,530.0,,,,225.0,,0.0,,,,72.0,,-9999.0,-9999.0,-9999.0,,,,-9999.0,,,,,-9999.0,-9999.0,,,,
1995,2,18,,,,,,,,,,0.0,,,,,0.0,0.0,,32.0,32.0,,,,,,,0.0,,,,,,-9.0,-9.0,-9.0,,,,-9.0,,,,,,,,,,
1995,2,19,90.0,90.0,,,,,31.0,450.0,538.0,,,,,,0.0,0.0,,62.959999999999994,53.06,228.0,,,,,,0.0,,,,72.0,,999.0,999.0,999.0,,,,999.0,,,,,1.0,1.0,,,,
1995,2,20,,,,,,,,,,,,,,,0.0,0.0,,,,,,,,,,0.0,,,,,,,-999.0,-999.0,,,,-999.0,,,,,,0.0,,,,
1995,2,22,100.0,100.0,,,,,48.0,710.0,355.0,432.0,,,,,0.0,0.0,,62.059999999999995,57.92,5.0,,,,,,0.0,,,,144.0,,1.0,9999.0,9999.0,,,,9999.0,,,,,1.0,1.0,,,,
1995,2,23,,,,,,,,,,0.0,,,,,0.0,0.0,,,,,,,,,,0.0,,,,,,,-99.0,-99.0,,,,-99.0,,,,,,,,,,
1995,2,24,,,,,,,,,,,,,,,,,,,,,,,,,,,,,,,,99.0,99.0,99.0,,,,99.0,,,,,99.0,99.0,,,,
1995,2,25,60.0,70.0,,,,,30.0,1150.0,1414.0,0.0,,,,,0.0,0.0,,64.04,51.98,524.0,,,,225.0,,0.0,,,,62.0,,1.0,-9999.0,-9999.0,,,,-9999.0,,,,,-9999.0,-9999.0,,,,
1995,2,26,,,,,,,,,,0.0,,,,,0.0,0.0,,32.0,32.0,,,,,,,0.0,,,,,,0.0,-9.0,-9.0,,,,,,,,,-9.0,-9.0,,,,
1995,2,27,70.0,80.0,,,,,28.0,250.0,557.0,0.0,,,,,0.0,0.0,,69.98,55.04,511.0,,,,,,0.0,,,,87.0,,1.0,999.0,999.0,,,,1.0,,,,,999.0,999.0,,,,
1995,2,28,,,,,,,,,,0.0,,,,,0.0,0.0,,,,,,,,,,0.0,,,,,,0.0,-999.0,-999.0,,,,0.0,,,,,-999.0,-999.0,,,,
1995,2,30,0.0,0.0,,,,,31.0,1350.0,1411.0,0.0,,,,,0.0,0.0,,89.96000000000001,51.08,670.0,,,,,,0.0,,,,118.0,,9999.0,9999.0,9999.0,,,,9999.0,,,,,9999.0,9999.0,,,,
1995,2,31,,,,,,,,,,0.0,,,,,0.0,0.0,,,,,,,,,,0.0,,,,,,-99.0,-99.0,,,,,-99.0,,,,,-99.0,,,,,
1995,3,1,70.0,90.0,,,,,25.0,1554.0,1331.0,3.0,,,,,0.0,0.0,,64.04,55.04,568.0,,,,270.0,,0.0,,,,77.0,,-9999.0,,,,,,-9999.0,,,,,1.0,1.0,,,,
1995,3,2,,,,,,,,,,0.0,,,,,0.0,0.0,,32.0,32.0,,,,,,,0.0,,,,,,-9.0,,,,,,-9.0,,,,,,0.0,,,,
1995,3,3,100.0,100.0,,,,,38.0,551.0,51.0,3.0,,,,,0.0,0.0,,64.94,55.04,465.0,,,,,,0.0,,,,82.0,,999.0,,,,,,999.0,,,,,1.0,1.0,,,,
1995,3,4,,,,,,,,,,,,,,,0.0,0.0,,,,,,,,,,0.0,,,,,,,,,,,,-999.0,,,,,,0.0,,,,
1995,3,6,100.0,100.0,,,,,32.0,1950.0,1001.0,18.0,,,,,0.0,0.0,,64.94,59.0,567.0,,,,,,0.0,,,,67.0,,1.0,,,,,,9999.0,,,,,1.0,1.0,,,,
1995,3,7,,,,,,,,,,,,,,,0.0,0.0,,,,,,,,,,0.0,,,,,,0.0,,,,,,-99.0,,,,,,0.0,,,,
1995,3,8,,,,,,,,,,,,,,,,,,,,,,,,,,,,,,,,,,,,,,99.0,,,,,,,,,,
1995,3,9,70.0,80.0,,,,,38.0,423.0,415.0,18.0,,,,,0.0,0.0,,64.94,55.94,506.0,,,,315.0,,0.0,,,,103.0,,1.0,,,,,,-9999.0,,,,,1.0,1.0,,,,
1995,3,10,,,,,,,,,,0.0,,,,,0.0,0.0,,32.0,32.0,,,,,,,0.0,,,,,,,,,,,,-9.0,,,,,,,,,,
1995,3,11,50.0,90.0,,,,,26.0,250.0,307.0,0.0,,,,,0.0,0.0,,64.94,51.98,645.0,,,,,,0.0,,,,72.0,,999.0,,,,,,999.0,,,,,999.0,999.0,,,,
1995,3,12,,,,,,,,,,0.0,,,,,0.0,0.0,,,,,,,,,,0.0,,,,,,,,,,,,,,,,,-999.0,-999.0,,,,
1995,3,14,50.0,70.0,,,,,20.0,1450.0,1453.0,0.0,,,,,0.0,0.0,,71.96,53.06,627.0,,,,,,0.0,,,,51.0,,1.0,,,,,,9999.0,,,,,9999.0,9999.0,,,,
1995,3,15,,,,,,,,,,0.0,,,,,0.0,0.0,,,,,,,,,,0.0,,,,,,,,,,,,-99.0,,,,,-99.0,,,,,
1995,3,16,,,,,,,,,,,,,,,,,,,,,,,,,,,,,,,,99.0,,,,,,99.0,,,,,99.0,,,,,
1995,3,17,90.0,90.0,,,,,59.0,50.0,113.0,450.0,,,,,0.0,0.0,,64.94,53.96,270.0,,,,180.0,,0.0,,,,154.0,,1.0,,,,,,-9999.0,,,,,-9999.0,1.0,,,,
1995,3,18,,,,,,,,,,0.0,,,,,0.0,0.0,,32.0,32.0,,,,,,,0.0,,,,,,,,,,,,-9.0,,,,,-9.0,,,,,
1995,3,19,40.0,30.0,,,,,31.0,251.0,313.0,0.0,,,,,0.0,0.0,,64.94,51.98,700.0,,,,,,0.0,,,,67.0,,999.0,,,,,,999.0,,,,,999.0,999.0,,,,
1995,3,20,,,,,,,,,,0.0,,,,,0.0,0.0,,,,,,,,,,0.0,,,,,,-999.0,,,,,,-999.0,,,,,-999.0,-999.0,,,,
1995,3,22,20.0,10.0,,,,,30.0,1252.0,1322.0,0.0,,,,,0.0,0.0,,73.04,55.04,714.0,,,,,,0.0,,,,87.0,,9999.0,,,,,,9999.0,,,,,9999.0,9999.0,,,,
1995,3,23,,,,,,,,,,0.0,,,,,0.0,0.0,,,,,,,,,,0.0,,,,,,,,,,,,-99.0,,,,,-99.0,-99.0,,,,
1995,3,24,,,,,,,,,,,,,,,,,,,,,,,,,,,,,,,,,,,,,,99.0,,,,,99.0,99.0,,,,
1995,3,25,80.0,70.0,,,,,30.0,1250.0,1251.0,0.0,,,,,0.0,0.0,,66.02,59.0,652.0,,,,225.0,,0.0,,,,62.0,,1.0,,,,,,-9999.0,,,,,-9999.0,-9999.0,,,,
1995,3,26,,,,,,,,,,0.0,,,,,0.0,0.0,,32.0,32.0,,,,,,,0.0,,,,,,0.0,,,,,,,,,,,-9.0,-9.0,,,,
1995,3,27,80.0,50.0,,,,,29.0,550.0,401.0,0.0,,,,,0.0,0.0,,68.0,57.92,295.0,,,,,,0.0,,,,72.0,,1.0,,,,,,1.0,,,,,999.0,999.0,,,,
1995,3,28,,,,,,,,,,0.0,,,,,0.0,0.0,,,,,,,,,,0.0,,,,,,0.0,,,,,,0.0,,,,,-999.0,-999.0,,,,
1995,3,30,100.0,90.0,,,,,25.0,1450.0,2355.0,0.0,,,,,0.0,0.0,,66.02,60.08,117.0,,,,,,0.0,,,,51.0,,1.0,,,,,,1.0,,,,,9999.0,9999.0,,,,
1995,3,31,,,,,,,,,,0.0,,,,,0.0,0.0,,,,,,,,,,0.0,,,,,,0.0,,,,,,,,,,,-99.0,-99.0,,,,
1995,4,1,30.0,10.0,,,,,26.0,1150.0,1447.0,0.0,,,,,0.0,0.0,,69.08,51.98,734.0,,,,225.0,,0.0,,,,62.0,,-9999.0,,-9999.0,,,,-9999.0,,,,,-9999.0,-9999.0,,,,
1995,4,2,,,,,,,,,,0.0,,,,,0.0,0.0,,32.0,32.0,,,,,,,0.0,,,,,,-9.0,,-9.0,,,,-9.0,,,,,-9.0,-9.0,,,,
1995,4,3,30.0,30.0,,,,,30.0,450.0,511.0,0.0,,,,,0.0,0.0,,66.92,57.92,725.0,,,,,,0.0,,,,72.0,,999.0,,999.0,,,,999.0,,,,,999.0,999.0,,,,
1995,4,4,,,,,,,,,,0.0,,,,,0.0,0.0,,,,,,,,,,0.0,,,,,,-999.0,,-999.0,,,,-999.0,,,,,-999.0,-999.0,,,,
1995,4,5,,,,,,,,,,,,,,,,,,,,,,,,,,,,,,,,9.0,,,,,,,,,,,,,,,,
1995,4,6,30.0,20.0,,,,,24.0,1250.0,1248.0,0.0,,,,,0.0,0.0,,71.96,55.04,712.0,,,,,,0.0,,,,72.0,,1.0,,9999.0,,,,9999.0,,,,,9999.0,9999.0,,,,
1995,4,7,,,,,,,,,,0.0,,,,,0.0,0.0,,,,,,,,,,0.0,,,,,,0.0,,-99.0,,,,,,,,,-99.0,-99.0,,,,
1995,4,8,,,,,,,,,,,,,,,,,,,,,,,,,,,,,,,,,,99.0,,,,,,,,,99.0,99.0,,,,
1995,4,9,80.0,70.0,,,,,30.0,1250.0,1255.0,0.0,,,,,0.0,0.0,,66.92,57.02,494.0,,,,270.0,,0.0,,,,82.0,,-9999.0,,-9999.0,,,,-9999.0,,,,,-9999.0,-9999.0,,,,
1995,4,10,,,,,,,,,,0.0,,,,,0.0,0.0,,32.0,32.0,,,,,,,0.0,,,,,,-9.0,,-9.0,,,,-9.0,,,,,-9.0,-9.0,,,,
1995,4,11,70.0,60.0,,,,,31.0,250.0,215.0,0.0,,,,,0.0,0.0,,66.92,57.02,578.0,,,,,,0.0,,,,82.0,,999.0,,999.0,,,,999.0,,,,,999.0,999.0,,,,
1995,4,12,,,,,,,,,,0.0,,,,,0.0,0.0,,,,,,,,,,0.0,,,,,,-999.0,,-999.0,,,,-999.0,,,,,-999.0,-999.0,,,,
1995,4,14,50.0,80.0,,,,,34.0,1150.0,1459.0,0.0,,,,,0.0,0.0,,66.02,55.04,767.0,,,,,,0.0,,,,98.0,,9999.0,,9999.0,,,,9999.0,,,,,9999.0,9999.0,,,,
1995,4,15,,,,,,,,,,0.0,,,,,0.0,0.0,,,,,,,,,,0.0,,,,,,-99.0,,-99.0,,,,-99.0,,,,,-99.0,-99.0,,,,
1995,4,16,,,,,,,,,,,,,,,,,,,,,,,,,,,,,,,,99.0,,99.0,,,,99.0,,,,,99.0,99.0,,,,
1995,4,17,-9999.0,40.0,,,,,28.0,1550.0,1627.0,0.0,,,,,0.0,0.0,,78.08,51.98,750.0,,,,315.0,,0.0,,,,82.0,,-9999.0,,-9999.0,,,,-9999.0,,,,,-9999.0,-9999.0,,,,
1995,4,18,,,,,,,,,,0.0,,,,,0.0,0.0,,32.0,32.0,,,,,,,0.0,,,,,,,,-9.0,,,,-9.0,,,,,-9.0,-9.0,,,,
1995,4,19,60.0,70.0,,,,,22.0,150.0,158.0,0.0,,,,,0.0,0.0,,73.04,53.96,698.0,,,,,,0.0,,,,67.0,,1.0,,999.0,,,,999.0,,,,,999.0,999.0,,,,
1995,4,20,,,,,,,,,,0.0,,,,,0.0,0.0,,,,,,,,,,0.0,,,,,,0.0,,-999.0,,,,-999.0,,,,,,,,,,
1995,4,22,90.0,100.0,,,,,32.0,1153.0,1343.0,0.0,,,,,0.0,0.0,,64.04,53.96,553.0,,,,,,0.0,,,,82.0,,9999.0,,9999.0,,,,9999.0,,,,,9999.0,9999.0,,,,
1995,4,23,,,,,,,,,,0.0,,,,,0.0,0.0,,,,,,,,,,0.0,,,,,,-99.0,,-99.0,,,,-99.0,,,,,-99.0,-99.0,,,,
1995,4,24,,,,,,,,,,,,,,,,,,,,,,,,,,,,,,,,99.0,,99.0,,,,99.0,,,,,99.0,99.0,,,,
1995,4,25,80.0,80.0,,,,,52.0,1609.0,1606.0,130.0,,,,,0.0,0.0,,59.0,50.0,385.0,,,,315.0,,0.0,,,,154.0,,-9999.0,,1.0,,,,-9999.0,,,,,-9999.0,1.0,,,,
1995,4,26,,,,,,,,,,0.0,,,,,0.0,0.0,,32.0,32.0,,,,,,,0.0,,,,,,-9.0,,,,,,-9.0,,,,,-9.0,,,,,
1995,4,27,80.0,60.0,,,,,42.0,350.0,648.0,0.0,,,,,0.0,0.0,,62.959999999999994,51.08,475.0,,,,,,0.0,,,,87.0,,999.0,,999.0,,,,999.0,,,,,999.0,999.0,,,,
1995,4,28,,,,,,,,,,,,,,,0.0,0.0,,,,,,,,,,0.0,,,,,,,,-999.0,,,,-999.0,,,,,-999.0,,,,,
1995,4,30,70.0,70.0,,,,,37.0,1551.0,1602.0,20.0,,,,,0.0,0.0,,60.980000000000004,51.08,490.0,,,,,,0.0,,,,108.0,,9999.0,,9999.0,,,,9999.0,,,,,9999.0,1.0,,,,
1995,4,31,,,,,,,,,,0.0,,,,,0.0,0.0,,,,,,,,,,0.0,,,,,,-99.0,,-99.0,,,,-99.0,,,,,-99.0,0.0,,,,
1995,5,1,90.0,90.0,,,,,33.0,1450.0,1457.0,0.0,,,,,0.0,0.0,,69.98,59.0,658.0,,,,315.0,,0.0,,,,77.0,,1.0,,,,,,-9999.0,,,,,1.0,1.0,,,,
1995,5,2,,,,,,,,,,,,,,,0.0,0.0,,32.0,32.0,,,,,,,0.0,,,,,,,,,,,,-9.0,,,,,,,,,,
1995,5,3,70.0,70.0,,,,,28.0,220.0,515.0,0.0,,,,,0.0,0.0,,69.08,59.0,473.0,,,,,,0.0,,,,77.0,,999.0,,,,,,999.0,,,,,999.0,999.0,,,,
1995,5,4,,,,,,,,,,0.0,,,,,0.0,0.0,,,,,,,,,,0.0,,,,,,-999.0,,,,,,-999.0,,,,,-999.0,-999.0,,,,
1995,5,5,,,,,,,,,,,,,,,,,,,,,,,,,,,,,,,,,,,,,,,,,,,9.0,9.0,,,,
1995,5,6,90.0,90.0,,,,,38.0,2250.0,2335.0,,,,,,0.0,0.0,,64.94,57.92,271.0,,,,,,0.0,,,,98.0,,9999.0,,,,,,9999.0,,,,,1.0,1.0,,,,
1995,5,7,,,,,,,,,,0.0,,,,,0.0,0.0,,,,,,,,,,0.0,,,,,,,,,,,,-99.0,,,,,,0.0,,,,
1995,5,8,,,,,,,,,,,,,,,,,,,,,,,,,,,,,,,,,,,,,,99.0,,,,,99.0,,,,,
1995,5,9,90.0,80.0,,,,,44.0,1450.0,1059.0,38.0,,,,,0.0,0.0,,62.059999999999995,53.06,337.0,,,,315.0,,0.0,,,,118.0,,-9999.0,,,,,,-9999.0,,,,,-9999.0,1.0,,,,
1995,5,10,,,,,,,,,,0.0,,,,,0.0,0.0,,32.0,32.0,,,,,,,0.0,,,,,,-9.0,,,,,,-9.0,,,,,-9.0,,,,,
1995,5,11,90.0,90.0,,,,,31.0,551.0,543.0,0.0,,,,,0.0,0.0,,62.959999999999994,55.94,207.0,,,,,,0.0,,,,72.0,,999.0,,,,,,999.0,,,,,999.0,999.0,,,,
1995,5,12,,,,,,,,,,0.0,,,,,0.0,0.0,,,,,,,,,,0.0,,,,,,-999.0,,,,,,-999.0,,,,,-999.0,-999.0,,,,
1995,5,14,40.0,40.0,,,,,31.0,1450.0,1444.0,0.0,,,,,0.0,0.0,,68.0,53.96,618.0,,,,,,0.0,,,,82.0,,9999.0,,,,,,9999.0,,,,,9999.0,9999.0,,,,
1995,5,15,,,,,,,,,,0.0,,,,,0.0,0.0,,,,,,,,,,0.0,,,,,,-99.0,,,,,,-99.0,,,,,-99.0,-99.0,,,,
1995,5,16,,,,,,,,,,,,,,,,,,,,,,,,,,,,,,,,99.0,,,,,,99.0,,,,,99.0,99.0,,,,
1995,5,17,90.0,90.0,,,,,30.0,1650.0,1409.0,0.0,,,,,0.0,0.0,,68.0,57.92,453.0,,,,315.0,,0.0,,,,62.0,,-9999.0,,,,,,-9999.0,,,,,-9999.0,-9999.0,,,,
1995,5,18,,,,,,,,,,0.0,,,,,0.0,0.0,,32.0,32.0,,,,,,,0.0,,,,,,-9.0,,,,,,-9.0,,,,,,,,,,
1995,5,19,90.0,80.0,,,,,30.0,421.0,433.0,,,,,,0.0,0.0,,66.92,59.0,520.0,,,,,,0.0,,,,67.0,,999.0,,,,,,999.0,,,,,1.0,1.0,,,,
1995,5,20,,,,,,,,,,,,,,,0.0,0.0,,,,,,,,,,0.0,,,,,,,,,,,,-999.0,,,,,,0.0,,,,
1995,5,22,80.0,80.0,,,,,34.0,1450.0,1445.0,,,,,,0.0,0.0,,66.92,53.96,358.0,,,,,,0.0,,,,72.0,,9999.0,,,,,,9999.0,,,,,9999.0,1.0,,,,
1995,5,23,,,,,,,,,,0.0,,,,,0.0,0.0,,,,,,,,,,0.0,,,,,,-99.0,,,,,,-99.0,,,,,-99.0,,,,,
1995,5,24,,,,,,,,,,,,,,,,,,,,,,,,,,,,,,,,99.0,,,,,,99.0,,,,,99.0,99.0,,,,
1995,5,25,60.0,70.0,,,,,38.0,1739.0,1233.0,3.0,,,,,0.0,0.0,,66.92,55.04,635.0,,,,225.0,,0.0,,,,82.0,,1.0,,,,,,-9999.0,,,,,-9999.0,1.0,,,,
1995,5,26,,,,,,,,,,0.0,,,,,0.0,0.0,,32.0,32.0,,,,,,,0.0,,,,,,,,,,,,-9.0,,,,,-9.0,,,,,
1995,5,27,70.0,50.0,,,,,34.0,550.0,534.0,0.0,,,,,0.0,0.0,,66.92,57.02,498.0,,,,,,0.0,,,,67.0,,999.0,,,,,,999.0,,,,,999.0,999.0,,,,
1995,5,28,,,,,,,,,,0.0,,,,,0.0,0.0,,,,,,,,,,0.0,,,,,,-999.0,,,,,,-999.0,,,,,-999.0,-999.0,,,,
1995,5,29,,,,,,,,,,,,,,,,,,,,,,,,,,,,,,,,,,,,,,9.0,,,,,,,,,,
1995,5,30,90.0,90.0,,,,,33.0,1250.0,1334.0,0.0,,,,,0.0,0.0,,69.08,59.0,302.0,,,,,,0.0,,,,82.0,,9999.0,,,,,,1.0,,,,,9999.0,9999.0,,,,
1995,5,31,,,,,,,,,,0.0,,,,,0.0,0.0,,,,,,,,,,0.0,,,,,,,,,,,,0.0,,,,,-99.0,-99.0,,,,
1995,6,1,90.0,80.0,,,,,40.0,1450.0,1405.0,0.0,,,,,0.0,0.0,,68.0,59.0,352.0,,,,225.0,,0.0,,,,77.0,,1.0,,,,,,-9999.0,,,,,1.0,1.0,,,,
1995,6,2,,,,,,,,,,,,,,,0.0,0.0,,32.0,32.0,,,,,,,0.0,,,,,,,,,,,,-9.0,,,,,,,,,,
1995,6,3,100.0,100.0,,,,,34.0,450.0,536.0,0.0,,,,,0.0,0.0,,66.92,60.08,125.0,,,,,,0.0,,,,67.0,,999.0,,,,,,999.0,,,,,999.0,999.0,,,,
1995,6,4,,,,,,,,,,0.0,,,,,0.0,0.0,,,,,,,,,,0.0,,,,,,-999.0,,,,,,-999.0,,,,,-999.0,-999.0,,,,
1995,6,5,,,,,,,,,,,,,,,,,,,,,,,,,,,,,,,,,,,,,,9.0,,,,,,,,,,
1995,6,6,90.0,90.0,,,,,35.0,1350.0,1414.0,0.0,,,,,0.0,0.0,,69.08,60.08,215.0,,,,,,0.0,,,,77.0,,9999.0,,,,,,1.0,,,,,9999.0,9999.0,,,,
1995,6,7,,,,,,,,,,0.0,,,,,0.0,0.0,,,,,,,,,,0.0,,,,,,,,,,,,0.0,,,,,,,,,,
1995,6,9,50.0,40.0,,,,,42.0,2252.0,2255.0,0.0,,,,,0.0,0.0,,69.98,57.92,582.0,,,,180.0,,0.0,,,,87.0,,-9999.0,,,,,,-9999.0,,,,,-9999.0,-9999.0,,,,
1995,6,10,,,,,,,,,,0.0,,,,,0.0,0.0,,32.0,32.0,,,,,,,0.0,,,,,,-9.0,,,,,,,,,,,-9.0,,,,,
1995,6,11,80.0,70.0,,,,,55.0,950.0,20.0,,,,,,0.0,0.0,,66.02,57.02,667.0,,,,,,0.0,,,,98.0,,999.0,,,,,,1.0,,,,,999.0,1.0,,,,
1995,6,12,,,,,,,,,,0.0,,,,,0.0,0.0,,,,,,,,,,0.0,,,,,,-999.0,,,,,,,,,,,,0.0,,,,
1995,6,14,10.0,20.0,,,,,37.0,1150.0,1213.0,0.0,,,,,0.0,0.0,,69.98,57.02,821.0,,,,,,0.0,,,,82.0,,9999.0,,,,,,9999.0,,,,,9999.0,9999.0,,,,
1995,6,15,,,,,,,,,,0.0,,,,,0.0,0.0,,,,,,,,,,0.0,,,,,,,,,,,,,,,,,-99.0,-99.0,,,,
1995,6,16,,,,,,,,,,,,,,,,,,,,,,,,,,,,,,,,,,,,,,,,,,,99.0,99.0,,,,
1995,6,17,0.0,0.0,,,,,28.0,1450.0,1405.0,0.0,,,,,0.0,0.0,,80.06,60.08,853.0,,,,315.0,,0.0,,,,51.0,,-9999.0,,,,,,-9999.0,,,,,-9999.0,-9999.0,,,,
1995,6,18,,,,,,,,,,0.0,,,,,0.0,0.0,,32.0,32.0,,,,,,,0.0,,,,,,,,,,,,,,,,,-9.0,-9.0,,,,
1995,6,19,60.0,60.0,,,,,32.0,350.0,441.0,0.0,,,,,0.0,0.0,,69.98,62.059999999999995,557.0,,,,,,0.0,,,,57.0,,1.0,,,,,,1.0,,,,,999.0,999.0,,,,
1995,6,20,,,,,,,,,,0.0,,,,,0.0,0.0,,,,,,,,,,0.0,,,,,,0.0,,,,,,,,,,,-999.0,-999.0,,,,
1995,6,21,,,,,,,,,,,,,,,,,,,,,,,,,,,,,,,,,,,,,,9.0,,,,,9.0,9.0,,,,
1995,6,22,90.0,90.0,,,,,30.0,1350.0,807.0,,,,,,0.0,0.0,,68.0,60.08,140.0,,,,,,0.0,,,,62.0,,1.0,,,,,,1.0,,,,,1.0,1.0,,,,
1995,6,23,,,,,,,,,,0.0,,,,,0.0,0.0,,,,,,,,,,0.0,,,,,,0.0,,,,,,,,,,,,0.0,,,,
1995,6,24,,,,,,,,,,,,,,,,,,,,,,,,,,,,,,,,,,,,,,99.0,,,,,,,,,,
1995,6,25,80.0,80.0,,,,,44.0,1250.0,1141.0,43.0,,,,,0.0,0.0,,66.02,57.02,386.0,,,,225.0,,0.0,,,,87.0,,-9999.0,,,,,,-9999.0,,,,,-9999.0,1.0,,,,
1995,6,26,,,,,,,,,,0.0,,,,,0.0,0.0,,32.0,32.0,,,,,,,0.0,,,,,,-9.0,,,,,,-9.0,,,,,-9.0,0.0,,,,
1995,6,27,40.0,20.0,,,,,47.0,650.0,708.0,36.0,,,,,0.0,0.0,,69.98,57.02,794.0,,,,,,0.0,,,,93.0,,999.0,,,,,,999.0,,,,,999.0,1.0,,,,
1995,6,28,,,,,,,,,,0.0,,,,,0.0,0.0,,,,,,,,,,0.0,,,,,,-999.0,,,,,,-999.0,,,,,-999.0,,,,,
1995,6,30,30.0,20.0,,,,,35.0,1250.0,1413.0,0.0,,,,,0.0,0.0,,71.96,60.08,686.0,,,,,,0.0,,,,72.0,,9999.0,,,,,,9999.0,,,,,9999.0,9999.0,,,,
1995,6,31,,,,,,,,,,0.0,,,,,0.0,0.0,,,,,,,,,,0.0,,,,,,-99.0,,,,,,-99.0,,,,,-99.0,-99.0,,,,
1995,7,1,30.0,20.0,,,,,38.0,1750.0,1332.0,0.0,,,,,0.0,0.0,,73.04,62.059999999999995,690.0,,,,225.0,,0.0,,,,82.0,,-9999.0,-9999.0,,,,,-9999.0,,,,,-9999.0,-9999.0,,,,
1995,7,2,,,,,,,,,,0.0,,,,,0.0,0.0,,32.0,32.0,,,,,,,0.0,,,,,,-9.0,-9.0,,,,,-9.0,,,,,-9.0,-9.0,,,,
1995,7,3,30.0,30.0,,,,,38.0,350.0,356.0,0.0,,,,,0.0,0.0,,73.94,59.0,681.0,,,,,,0.0,,,,98.0,,999.0,999.0,,,,,999.0,,,,,999.0,999.0,,,,
1995,7,4,,,,,,,,,,0.0,,,,,0.0,0.0,,,,,,,,,,0.0,,,,,,-999.0,-999.0,,,,,-999.0,,,,,-999.0,-999.0,,,,
1995,7,5,,,,,,,,,,,,,,,,,,,,,,,,,,,,,,,,,,,,,,9.0,,,,,,,,,,
1995,7,6,80.0,60.0,,,,,39.0,1450.0,1409.0,0.0,,,,,0.0,0.0,,69.08,60.980000000000004,472.0,,,,,,0.0,,,,72.0,,9999.0,9999.0,,,,,1.0,,,,,9999.0,9999.0,,,,
1995,7,7,,,,,,,,,,0.0,,,,,0.0,0.0,,,,,,,,,,0.0,,,,,,,-99.0,,,,,0.0,,,,,-99.0,-99.0,,,,
1995,7,8,,,,,,,,,,,,,,,,,,,,,,,,,,,,,,,,,99.0,,,,,,,,,,99.0,99.0,,,,
1995,7,9,70.0,60.0,,,,,32.0,1203.0,1100.0,0.0,,,,,0.0,0.0,,73.04,64.04,427.0,,,,225.0,,0.0,,,,67.0,,1.0,-9999.0,,,,,1.0,,,,,1.0,1.0,,,,
1995,7,10,,,,,,,,,,,,,,,0.0,0.0,,32.0,32.0,,,,,,,0.0,,,,,,0.0,-9.0,,,,,0.0,,,,,,0.0,,,,
1995,7,11,70.0,50.0,,,,,31.0,112.0,834.0,,,,,,0.0,0.0,,73.94,62.959999999999994,503.0,,,,,,0.0,,,,77.0,,1.0,999.0,,,,,1.0,,,,,1.0,1.0,,,,
1995,7,12,,,,,,,,,,0.0,,,,,0.0,0.0,,,,,,,,,,0.0,,,,,,0.0,-999.0,,,,,0.0,,,,,,,,,,
1995,7,14,40.0,40.0,,,,,32.0,1350.0,1248.0,0.0,,,,,0.0,0.0,,73.94,62.059999999999995,635.0,,,,,,0.0,,,,98.0,,1.0,9999.0,,,,,1.0,,,,,9999.0,9999.0,,,,
1995,7,15,,,,,,,,,,0.0,,,,,0.0,0.0,,,,,,,,,,0.0,,,,,,,-99.0,,,,,,,,,,-99.0,-99.0,,,,
1995,7,16,,,,,,,,,,,,,,,,,,,,,,,,,,,,,,,,99.0,99.0,,,,,99.0,,,,,99.0,99.0,,,,
1995,7,17,0.0,0.0,,,,,39.0,1150.0,1140.0,0.0,,,,,0.0,0.0,,77.0,62.959999999999994,849.0,,,,315.0,,0.0,,,,93.0,,-9999.0,-9999.0,,,,,-9999.0,,,,,-9999.0,-9999.0,,,,
1995,7,18,,,,,,,,,,0.0,,,,,0.0,0.0,,32.0,32.0,,,,,,,0.0,,,,,,-9.0,-9.0,,,,,-9.0,,,,,-9.0,-9.0,,,,
1995,7,19,10.0,10.0,,,,,34.0,250.0,309.0,0.0,,,,,0.0,0.0,,73.94,62.059999999999995,753.0,,,,,,0.0,,,,82.0,,999.0,999.0,,,,,999.0,,,,,999.0,999.0,,,,
1995,7,20,,,,,,,,,,0.0,,,,,0.0,0.0,,,,,,,,,,0.0,,,,,,-999.0,-999.0,,,,,-999.0,,,,,-999.0,-999.0,,,,
1995,7,21,,,,,,,,,,,,,,,,,,,,,,,,,,,,,,,,9.0,,,,,,9.0,,,,,,,,,,
1995,7,22,40.0,40.0,,,,,29.0,1050.0,1141.0,0.0,,,,,0.0,0.0,,71.96,60.980000000000004,600.0,,,,,,0.0,,,,72.0,,1.0,9999.0,,,,,1.0,,,,,9999.0,9999.0,,,,
1995,7,23,,,,,,,,,,0.0,,,,,0.0,0.0,,,,,,,,,,0.0,,,,,,0.0,-99.0,,,,,0.0,,,,,-99.0,-99.0,,,,
1995,7,24,,,,,,,,,,,,,,,,,,,,,,,,,,,,,,,,,99.0,,,,,,,,,,99.0,99.0,,,,
1995,7,25,60.0,40.0,,,,,38.0,1250.0,820.0,13.0,,,,,0.0,0.0,,84.91999999999999,66.02,605.0,,,,360.0,,0.0,,,,93.0,,1.0,-9999.0,,,,,1.0,,,,,-9999.0,1.0,,,,
1995,7,26,,,,,,,,,,0.0,,,,,0.0,0.0,,32.0,32.0,,,,,,,0.0,,,,,,0.0,-9.0,,,,,0.0,,,,,-9.0,,,,,
1995,7,27,50.0,50.0,,,,,38.0,650.0,204.0,0.0,,,,,0.0,0.0,,75.92,64.94,794.0,,,,,,0.0,,,,93.0,,1.0,999.0,,,,,1.0,,,,,999.0,999.0,,,,
1995,7,28,,,,,,,,,,0.0,,,,,0.0,0.0,,,,,,,,,,0.0,,,,,,,-999.0,,,,,0.0,,,,,-999.0,-999.0,,,,
1995,7,29,,,,,,,,,,,,,,,,,,,,,,,,,,,,,,,,9.0,,,,,,,,,,,,,,,,
1995,7,30,30.0,20.0,,,,,47.0,1150.0,1422.0,0.0,,,,,0.0,0.0,,75.02,62.959999999999994,795.0,,,,,,0.0,,,,98.0,,1.0,9999.0,,,,,1.0,,,,,9999.0,9999.0,,,,
1995,7,31,,,,,,,,,,0.0,,,,,0.0,0.0,,,,,,,,,,0.0,,,,,,0.0,-99.0,,,,,0.0,,,,,-99.0,-99.0,,,,
1995,8,1,30.0,30.0,,,,,40.0,1450.0,1441.0,0.0,,,,,0.0,0.0,,77.0,66.02,637.0,,,,315.0,,0.0,,,,87.0,,1.0,,,,,,1.0,,,,,,,,,,
1995,8,2,,,,,,,,,,0.0,,,,,0.0,0.0,,32.0,32.0,,,,,,,0.0,,,,,,0.0,,,,,,0.0,,,,,,,,,,
1995,8,3,50.0,30.0,,,,,42.0,350.0,346.0,0.0,,,,,0.0,0.0,,75.92,66.02,625.0,,,,,,0.0,,,,87.0,,1.0,,,,,,1.0,,,,,,,,,,
1995,8,4,,,,,,,,,,0.0,,,,,0.0,0.0,,,,,,,,,,0.0,,,,,,0.0,,,,,,0.0,,,,,,,,,,
1995,8,6,50.0,30.0,,,,,34.0,1751.0,1606.0,0.0,,,,,0.0,0.0,,78.08,64.94,629.0,,,,,,0.0,,,,72.0,,1.0,,,,,,1.0,,,,,,,,,,
1995,8,7,,,,,,,,,,0.0,,,,,0.0,0.0,,,,,,,,,,0.0,,,,,,0.0,,,,,,0.0,,,,,,,,,,
1995,8,9,40.0,30.0,,,,,36.0,1550.0,1739.0,0.0,,,,,0.0,0.0,,75.92,64.94,603.0,,,,315.0,,0.0,,,,72.0,,1.0,,,,,,1.0,,,,,,,,,,
1995,8,10,,,,,,,,,,0.0,,,,,0.0,0.0,,32.0,32.0,,,,,,,0.0,,,,,,0.0,,,,,,0.0,,,,,,,,,,
1995,8,11,50.0,50.0,,,,,32.0,450.0,311.0,0.0,,,,,0.0,0.0,,78.98,64.04,585.0,,,,,,0.0,,,,82.0,,1.0,,,,,,1.0,,,,,,,,,,
1995,8,12,,,,,,,,,,0.0,,,,,0.0,0.0,,,,,,,,,,0.0,,,,,,0.0,,,,,,0.0,,,,,,,,,,
1995,8,14,40.0,20.0,,,,,35.0,1550.0,1621.0,0.0,,,,,0.0,0.0,,78.08,64.94,747.0,,,,,,0.0,,,,77.0,,1.0,,,,,,1.0,,,,,,,,,,
1995,8,15,,,,,,,,,,0.0,,,,,0.0,0.0,,,,,,,,,,0.0,,,,,,,,,,,,,,,,,,,,,,
1995,8,16,,,,,,,,,,,,,,,,,,,,,,,,,,,,,,,,99.0,,,,,,99.0,,,,,,,,,,
1995,8,17,10.0,0.0,,,,,37.0,1250.0,1445.0,0.0,,,,,0.0,0.0,,80.96,62.959999999999994,809.0,,,,315.0,,0.0,,,,93.0,,1.0,,,,,,1.0,,,,,,,,,,
1995,8,18,,,,,,,,,,0.0,,,,,0.0,0.0,,32.0,32.0,,,,,,,0.0,,,,,,,,,,,,,,,,,,,,,,
1995,8,19,0.0,10.0,,,,,33.0,450.0,622.0,0.0,,,,,0.0,0.0,,80.06,66.02,807.0,,,,,,0.0,,,,72.0,,999.0,,,,,,999.0,,,,,,,,,,
1995,8,20,,,,,,,,,,0.0,,,,,0.0,0.0,,,,,,,,,,0.0,,,,,,-999.0,,,,,,-999.0,,,,,,,,,,
1995,8,21,,,,,,,,,,,,,,,,,,,,,,,,,,,,,,,,9.0,,,,,,9.0,,,,,,,,,,
1995,8,22,50.0,30.0,,,,,31.0,1350.0,1128.0,0.0,,,,,0.0,0.0,,77.0,66.02,615.0,,,,,,0.0,,,,72.0,,1.0,,,,,,1.0,,,,,,,,,,
1995,8,23,,,,,,,,,,0.0,,,,,0.0,0.0,,,,,,,,,,0.0,,,,,,0.0,,,,,,,,,,,,,,,,
1995,8,24,,,,,,,,,,,,,,,,,,,,,,,,,,,,,,,,,,,,,,99.0,,,,,,,,,,
1995,8,25,50.0,30.0,,,,,33.0,1750.0,1142.0,0.0,,,,,0.0,0.0,,75.02,64.04,612.0,,,,315.0,,0.0,,,,82.0,,1.0,,,,,,-9999.0,,,,,,,,,,
1995,8,26,,,,,,,,,,0.0,,,,,0.0,0.0,,32.0,32.0,,,,,,,0.0,,,,,,0.0,,,,,,-9.0,,,,,,,,,,
1995,8,27,40.0,20.0,,,,,33.0,450.0,453.0,0.0,,,,,0.0,0.0,,75.02,64.94,634.0,,,,,,0.0,,,,77.0,,1.0,,,,,,999.0,,,,,,,,,,
1995,8,28,,,,,,,,,,0.0,,,,,0.0,0.0,,,,,,,,,,0.0,,,,,,0.0,,,,,,-999.0,,,,,,,,,,
1995,8,30,60.0,30.0,,,,,29.0,1350.0,1237.0,0.0,,,,,0.0,0.0,,75.92,64.94,633.0,,,,,,0.0,,,,72.0,,1.0,,,,,,9999.0,,,,,,,,,,
1995,8,31,,,,,,,,,,0.0,,,,,0.0,0.0,,,,,,,,,,0.0,,,,,,0.0,,,,,,-99.0,,,,,,,,,,
1995,9,1,60.0,60.0,,,,,37.0,1250.0,1318.0,0.0,,,,,0.0,0.0,,80.96,66.92,550.0,,,,315.0,,0.0,,,,82.0,,-9999.0,,,,,,-9999.0,,,,,-9999.0,-9999.0,,,,
1995,9,2,,,,,,,,,,0.0,,,,,0.0,0.0,,32.0,32.0,,,,,,,0.0,,,,,,-9.0,,,,,,-9.0,,,,,-9.0,-9.0,,,,
1995,9,3,30.0,20.0,,,,,32.0,650.0,351.0,0.0,,,,,0.0,0.0,,87.98,69.08,745.0,,,,,,0.0,,,,62.0,,999.0,,,,,,999.0,,,,,999.0,999.0,,,,
1995,9,4,,,,,,,,,,0.0,,,,,0.0,0.0,,,,,,,,,,0.0,,,,,,-999.0,,,,,,,,,,,-999.0,-999.0,,,,
1995,9,5,,,,,,,,,,,,,,,,,,,,,,,,,,,,,,,,9.0,,,,,,,,,,,,,,,,
1995,9,6,10.0,10.0,,,,,35.0,1350.0,1511.0,0.0,,,,,0.0,0.0,,80.06,66.92,708.0,,,,,,0.0,,,,67.0,,1.0,,,,,,9999.0,,,,,9999.0,9999.0,,,,
1995,9,7,,,,,,,,,,0.0,,,,,0.0,0.0,,,,,,,,,,0.0,,,,,,0.0,,,,,,-99.0,,,,,-99.0,-99.0,,,,
1995,9,8,,,,,,,,,,,,,,,,,,,,,,,,,,,,,,,,,,,,,,99.0,,,,,99.0,99.0,,,,
1995,9,9,80.0,80.0,,,,,24.0,1551.0,1617.0,0.0,,,,,0.0,0.0,,86.0,73.04,419.0,,,,270.0,,0.0,,,,51.0,,-9999.0,,,,,,-9999.0,,,,,-9999.0,-9999.0,,,,
1995,9,10,,,,,,,,,,0.0,,,,,0.0,0.0,,32.0,32.0,,,,,,,0.0,,,,,,,,,,,,,,,,,-9.0,-9.0,,,,
1995,9,11,40.0,30.0,,,,,29.0,450.0,612.0,0.0,,,,,0.0,0.0,,86.0,71.06,692.0,,,,,,0.0,,,,62.0,,1.0,,,,,,1.0,,,,,999.0,999.0,,,,
1995,9,12,,,,,,,,,,0.0,,,,,0.0,0.0,,,,,,,,,,0.0,,,,,,,,,,,,,,,,,-999.0,-999.0,,,,
1995,9,14,40.0,10.0,,,,,36.0,1450.0,1422.0,0.0,,,,,0.0,0.0,,75.02,66.92,698.0,,,,,,0.0,,,,93.0,,9999.0,,,,,,9999.0,,,,,9999.0,9999.0,,,,
1995,9,15,,,,,,,,,,0.0,,,,,0.0,0.0,,,,,,,,,,0.0,,,,,,-99.0,,,,,,-99.0,,,,,-99.0,-99.0,,,,
1995,9,16,,,,,,,,,,,,,,,,,,,,,,,,,,,,,,,,99.0,,,,,,99.0,,,,,99.0,99.0,,,,
1995,9,17,0.0,0.0,,,,,34.0,1350.0,1252.0,0.0,,,,,0.0,0.0,,78.98,62.959999999999994,751.0,,,,315.0,,0.0,,,,87.0,,1.0,,,,,,1.0,,,,,-9999.0,-9999.0,,,,
1995,9,18,,,,,,,,,,0.0,,,,,0.0,0.0,,32.0,32.0,,,,,,,0.0,,,,,,,,,,,,,,,,,-9.0,-9.0,,,,
1995,9,19,0.0,0.0,,,,,32.0,250.0,236.0,0.0,,,,,0.0,0.0,,80.06,64.94,749.0,,,,,,0.0,,,,82.0,,999.0,,,,,,999.0,,,,,999.0,999.0,,,,
1995,9,20,,,,,,,,,,0.0,,,,,0.0,0.0,,,,,,,,,,0.0,,,,,,,,,,,,,,,,,-999.0,-999.0,,,,
1995,9,22,50.0,30.0,,,,,28.0,1551.0,1449.0,0.0,,,,,0.0,0.0,,77.0,60.980000000000004,610.0,,,,,,0.0,,,,67.0,,1.0,,,,,,1.0,,,,,9999.0,9999.0,,,,
1995,9,23,,,,,,,,,,0.0,,,,,0.0,0.0,,,,,,,,,,0.0,,,,,,0.0,,,,,,0.0,,,,,,,,,,
1995,9,25,100.0,100.0,,,,,33.0,650.0,1338.0,0.0,,,,,0.0,0.0,,71.96,64.94,120.0,,,,315.0,,0.0,,,,57.0,,1.0,,,,,,-9999.0,,,,,-9999.0,-9999.0,,,,
1995,9,26,,,,,,,,,,0.0,,,,,0.0,0.0,,32.0,32.0,,,,,,,0.0,,,,,,0.0,,,,,,,,,,,-9.0,-9.0,,,,
1995,9,27,80.0,60.0,,,,,34.0,250.0,433.0,0.0,,,,,0.0,0.0,,73.94,66.92,405.0,,,,,,0.0,,,,82.0,,1.0,,,,,,1.0,,,,,999.0,999.0,,,,
1995,9,28,,,,,,,,,,0.0,,,,,0.0,0.0,,,,,,,,,,0.0,,,,,,0.0,,,,,,,,,,,-999.0,-999.0,,,,
1995,9,29,,,,,,,,,,,,,,,,,,,,,,,,,,,,,,,,,,,,,,9.0,,,,,,,,,,
1995,9,30,60.0,50.0,,,,,31.0,1250.0,1359.0,0.0,,,,,0.0,0.0,,73.04,62.959999999999994,549.0,,,,,,0.0,,,,72.0,,1.0,,,,,,1.0,,,,,9999.0,9999.0,,,,
1995,9,31,,,,,,,,,,0.0,,,,,0.0,0.0,,,,,,,,,,0.0,,,,,,0.0,,,,,,0.0,,,,,-99.0,-99.0,,,,
1995,10,1,0.0,0.0,,,,,19.0,1350.0,1457.0,0.0,,,,,0.0,0.0,,80.96,59.0,711.0,,,,315.0,,0.0,,,,67.0,,1.0,-9999.0,,,,,1.0,,,,,-9999.0,-9999.0,,,,
1995,10,2,,,,,,,,,,0.0,,,,,0.0,0.0,,32.0,32.0,,,,,,,0.0,,,,,,0.0,-9.0,,,,,,,,,,-9.0,-9.0,,,,
1995,10,3,10.0,0.0,,,,,28.0,150.0,316.0,0.0,,,,,0.0,0.0,,89.06,60.08,709.0,,,,,,0.0,,,,82.0,,1.0,999.0,,,,,999.0,,,,,999.0,999.0,,,,
1995,10,4,,,,,,,,,,0.0,,,,,0.0,0.0,,,,,,,,,,0.0,,,,,,0.0,,,,,,-999.0,,,,,-999.0,-999.0,,,,
1995,10,6,60.0,60.0,,,,,38.0,910.0,1107.0,0.0,,,,,0.0,0.0,,71.96,60.980000000000004,382.0,,,,,,0.0,,,,82.0,,1.0,9999.0,,,,,9999.0,,,,,9999.0,9999.0,,,,
1995,10,7,,,,,,,,,,0.0,,,,,0.0,0.0,,,,,,,,,,0.0,,,,,,,-99.0,,,,,-99.0,,,,,-99.0,-99.0,,,,
1995,10,8,,,,,,,,,,,,,,,,,,,,,,,,,,,,,,,,99.0,99.0,,,,,99.0,,,,,99.0,99.0,,,,
1995,10,9,70.0,70.0,,,,,22.0,1250.0,1259.0,0.0,,,,,0.0,0.0,,73.04,62.959999999999994,556.0,,,,270.0,,0.0,,,,57.0,,1.0,-9999.0,,,,,-9999.0,,,,,-9999.0,-9999.0,,,,
1995,10,10,,,,,,,,,,0.0,,,,,0.0,0.0,,32.0,32.0,,,,,,,0.0,,,,,,,-9.0,,,,,-9.0,,,,,-9.0,-9.0,,,,
1995,10,11,50.0,30.0,,,,,28.0,450.0,258.0,0.0,,,,,0.0,0.0,,71.96,64.04,516.0,,,,,,0.0,,,,82.0,,999.0,999.0,,,,,999.0,,,,,999.0,999.0,,,,
1995,10,12,,,,,,,,,,0.0,,,,,0.0,0.0,,,,,,,,,,0.0,,,,,,-999.0,-999.0,,,,,-999.0,,,,,-999.0,-999.0,,,,
1995,10,13,,,,,,,,,,,,,,,,,,,,,,,,,,,,,,,,9.0,,,,,,,,,,,,,,,,
1995,10,14,50.0,40.0,,,,,34.0,1252.0,1326.0,0.0,,,,,0.0,0.0,,73.04,64.04,489.0,,,,,,0.0,,,,82.0,,1.0,9999.0,,,,,9999.0,,,,,9999.0,9999.0,,,,
1995,10,15,,,,,,,,,,0.0,,,,,0.0,0.0,,,,,,,,,,0.0,,,,,,0.0,-99.0,,,,,,,,,,-99.0,-99.0,,,,
1995,10,16,,,,,,,,,,,,,,,,,,,,,,,,,,,,,,,,,99.0,,,,,,,,,,99.0,99.0,,,,
1995,10,17,90.0,90.0,,,,,25.0,1350.0,1237.0,0.0,,,,,0.0,0.0,,73.04,62.959999999999994,72.0,,,,225.0,,0.0,,,,67.0,,1.0,-9999.0,,,,,1.0,,,,,1.0,1.0,,,,
1995,10,18,,,,,,,,,,,,,,,0.0,0.0,,32.0,32.0,,,,,,,0.0,,,,,,,-9.0,,,,,,,,,,,,,,,
1995,10,19,90.0,90.0,,,,,30.0,650.0,607.0,0.0,,,,,0.0,0.0,,71.96,64.94,71.0,,,,,,0.0,,,,72.0,,999.0,999.0,,,,,999.0,,,,,999.0,999.0,,,,
1995,10,20,,,,,,,,,,0.0,,,,,0.0,0.0,,,,,,,,,,0.0,,,,,,,-999.0,,,,,,,,,,-999.0,-999.0,,,,
1995,10,22,70.0,30.0,,,,,34.0,1150.0,1125.0,0.0,,,,,0.0,0.0,,71.96,62.059999999999995,467.0,,,,,,0.0,,,,87.0,,1.0,9999.0,,,,,1.0,,,,,9999.0,9999.0,,,,
1995,10,23,,,,,,,,,,0.0,,,,,0.0,0.0,,,,,,,,,,0.0,,,,,,0.0,-99.0,,,,,0.0,,,,,-99.0,-99.0,,,,
1995,10,24,,,,,,,,,,,,,,,,,,,,,,,,,,,,,,,,,99.0,,,,,,,,,,99.0,99.0,,,,
1995,10,25,40.0,30.0,,,,,21.0,1450.0,1408.0,0.0,,,,,0.0,0.0,,71.96,60.980000000000004,522.0,,,,270.0,,0.0,,,,77.0,,-9999.0,-9999.0,,,,,-9999.0,,,,,-9999.0,-9999.0,,,,
1995,10,26,,,,,,,,,,0.0,,,,,0.0,0.0,,32.0,32.0,,,,,,,0.0,,,,,,-9.0,-9.0,,,,,-9.0,,,,,-9.0,-9.0,,,,
1995,10,27,60.0,40.0,,,,,25.0,250.0,330.0,0.0,,,,,0.0,0.0,,71.06,62.959999999999994,370.0,,,,,,0.0,,,,72.0,,999.0,999.0,,,,,999.0,,,,,999.0,999.0,,,,
1995,10,28,,,,,,,,,,0.0,,,,,0.0,0.0,,,,,,,,,,0.0,,,,,,,-999.0,,,,,,,,,,-999.0,-999.0,,,,
1995,10,30,70.0,80.0,,,,,25.0,1550.0,1638.0,0.0,,,,,0.0,0.0,,68.0,60.980000000000004,109.0,,,,,,0.0,,,,57.0,,1.0,9999.0,,,,,1.0,,,,,9999.0,9999.0,,,,
1995,10,31,,,,,,,,,,0.0,,,,,0.0,0.0,,,,,,,,,,0.0,,,,,,0.0,-99.0,,,,,0.0,,,,,-99.0,-99.0,,,,
1995,11,1,90.0,100.0,,,,,27.0,1432.0,1440.0,76.0,,,,,0.0,0.0,,66.02,60.08,15.0,,,,180.0,,0.0,,,,62.0,,1.0,-9999.0,,,,,-9999.0,,,,,1.0,1.0,,,,
1995,11,2,,,,,,,,,,0.0,,,,,0.0,0.0,,32.0,32.0,,,,,,,0.0,,,,,,,-9.0,,,,,-9.0,,,,,,,,,,
1995,11,3,40.0,30.0,,,,,23.0,450.0,441.0,0.0,,,,,0.0,0.0,,69.98,57.02,555.0,,,,,,0.0,,,,87.0,,999.0,999.0,,,,,999.0,,,,,999.0,999.0,,,,
1995,11,4,,,,,,,,,,0.0,,,,,0.0,0.0,,,,,,,,,,0.0,,,,,,,-999.0,,,,,,,,,,-999.0,-999.0,,,,
1995,11,6,50.0,40.0,,,,,28.0,1450.0,1335.0,0.0,,,,,0.0,0.0,,69.08,59.0,388.0,,,,,,0.0,,,,87.0,,1.0,9999.0,,,,,1.0,,,,,9999.0,9999.0,,,,
1995,11,7,,,,,,,,,,0.0,,,,,0.0,0.0,,,,,,,,,,0.0,,,,,,0.0,,,,,,0.0,,,,,-99.0,-99.0,,,,
1995,11,8,,,,,,,,,,,,,,,,,,,,,,,,,,,,,,,,,,,,,,,,,,,99.0,99.0,,,,
1995,11,9,30.0,20.0,,,,,18.0,1350.0,1145.0,0.0,,,,,0.0,0.0,,69.98,57.92,404.0,,,,270.0,,0.0,,,,67.0,,-9999.0,-9999.0,,,,,-9999.0,,,,,-9999.0,-9999.0,,,,
1995,11,10,,,,,,,,,,0.0,,,,,0.0,0.0,,32.0,32.0,,,,,,,0.0,,,,,,,-9.0,,,,,-9.0,,,,,-9.0,-9.0,,,,
1995,11,11,0.0,0.0,,,,,22.0,550.0,445.0,0.0,,,,,0.0,0.0,,73.04,53.96,642.0,,,,,,0.0,,,,57.0,,1.0,999.0,,,,,999.0,,,,,999.0,999.0,,,,
1995,11,12,,,,,,,,,,0.0,,,,,0.0,0.0,,,,,,,,,,0.0,,,,,,0.0,-999.0,,,,,,,,,,-999.0,-999.0,,,,
1995,11,14,70.0,40.0,,,,,28.0,1613.0,2030.0,0.0,,,,,0.0,0.0,,69.08,57.92,155.0,,,,,,0.0,,,,67.0,,1.0,9999.0,,,,,1.0,,,,,9999.0,9999.0,,,,
1995,11,15,,,,,,,,,,0.0,,,,,0.0,0.0,,,,,,,,,,0.0,,,,,,,-99.0,,,,,,,,,,-99.0,-99.0,,,,
1995,11,16,,,,,,,,,,,,,,,,,,,,,,,,,,,,,,,,99.0,99.0,,,,,99.0,,,,,99.0,99.0,,,,
1995,11,17,10.0,0.0,,,,,19.0,1550.0,1343.0,0.0,,,,,0.0,0.0,,71.06,55.94,635.0,,,,315.0,,0.0,,,,62.0,,1.0,-9999.0,,,,,-9999.0,,,,,-9999.0,-9999.0,,,,
1995,11,18,,,,,,,,,,0.0,,,,,0.0,0.0,,32.0,32.0,,,,,,,0.0,,,,,,0.0,,,,,,,,,,,-9.0,-9.0,,,,
1995,11,19,80.0,80.0,,,,,26.0,52.0,510.0,0.0,,,,,0.0,0.0,,71.06,57.02,303.0,,,,,,0.0,,,,67.0,,1.0,1.0,,,,,1.0,,,,,999.0,999.0,,,,
1995,11,20,,,,,,,,,,0.0,,,,,0.0,0.0,,,,,,,,,,0.0,,,,,,0.0,,,,,,0.0,,,,,-999.0,-999.0,,,,
1995,11,22,70.0,50.0,,,,,26.0,1350.0,1324.0,0.0,,,,,0.0,0.0,,66.92,57.02,270.0,,,,,,0.0,,,,67.0,,1.0,9999.0,,,,,1.0,,,,,9999.0,9999.0,,,,
1995,11,23,,,,,,,,,,0.0,,,,,0.0,0.0,,,,,,,,,,0.0,,,,,,0.0,-99.0,,,,,0.0,,,,,-99.0,-99.0,,,,
1995,11,24,,,,,,,,,,,,,,,,,,,,,,,,,,,,,,,,,99.0,,,,,,,,,,99.0,99.0,,,,
1995,11,25,70.0,40.0,,,,,22.0,1550.0,1452.0,0.0,,,,,0.0,0.0,,69.08,60.08,337.0,,,,315.0,,0.0,,,,57.0,,1.0,-9999.0,,,,,1.0,,,,,-9999.0,-9999.0,,,,
1995,11,26,,,,,,,,,,0.0,,,,,0.0,0.0,,32.0,32.0,,,,,,,0.0,,,,,,0.0,-9.0,,,,,0.0,,,,,-9.0,-9.0,,,,
1995,11,27,50.0,30.0,,,,,27.0,450.0,340.0,0.0,,,,,0.0,0.0,,68.0,59.0,370.0,,,,,,0.0,,,,72.0,,1.0,999.0,,,,,1.0,,,,,999.0,999.0,,,,
1995,11,28,,,,,,,,,,0.0,,,,,0.0,0.0,,,,,,,,,,0.0,,,,,,0.0,,,,,,0.0,,,,,-999.0,-999.0,,,,
1995,11,30,50.0,40.0,,,,,13.0,1350.0,1310.0,0.0,,,,,0.0,0.0,,69.08,51.98,315.0,,,,,,0.0,,,,51.0,,1.0,1.0,,,,,1.0,,,,,9999.0,9999.0,,,,
1995,11,31,,,,,,,,,,0.0,,,,,0.0,0.0,,,,,,,,,,0.0,,,,,,0.0,,,,,,0.0,,,,,-99.0,-99.0,,,,
1995,12,1,30.0,0.0,,,,,16.0,1150.0,1145.0,0.0,,,,,0.0,0.0,,69.08,51.08,609.0,,,,315.0,,0.0,,,,51.0,,1.0,1.0,-9999.0,,,,1.0,,,,,-9999.0,-9999.0,,,,
1995,12,2,,,,,,,,,,0.0,,,,,0.0,0.0,,32.0,32.0,,,,,,,0.0,,,,,,0.0,,-9.0,,,,0.0,,,,,-9.0,-9.0,,,,
1995,12,3,30.0,30.0,,,,,23.0,450.0,505.0,0.0,,,,,0.0,0.0,,66.92,53.96,364.0,,,,,,0.0,,,,62.0,,1.0,999.0,999.0,,,,1.0,,,,,999.0,999.0,,,,
1995,12,4,,,,,,,,,,0.0,,,,,0.0,0.0,,,,,,,,,,0.0,,,,,,0.0,-999.0,-999.0,,,,0.0,,,,,-999.0,-999.0,,,,
1995,12,6,50.0,40.0,,,,,26.0,1550.0,1415.0,0.0,,,,,0.0,0.0,,69.08,53.96,424.0,,,,,,0.0,,,,67.0,,1.0,9999.0,9999.0,,,,1.0,,,,,9999.0,9999.0,,,,
1995,12,7,,,,,,,,,,0.0,,,,,0.0,0.0,,,,,,,,,,0.0,,,,,,0.0,-99.0,-99.0,,,,0.0,,,,,-99.0,-99.0,,,,
1995,12,8,,,,,,,,,,,,,,,,,,,,,,,,,,,,,,,,,99.0,99.0,,,,,,,,,99.0,99.0,,,,
1995,12,9,100.0,100.0,,,,,18.0,1409.0,1400.0,0.0,,,,,0.0,0.0,,68.0,59.0,0.0,,,,315.0,,0.0,,,,57.0,,1.0,-9999.0,-9999.0,,,,1.0,,,,,-9999.0,-9999.0,,,,
1995,12,10,,,,,,,,,,0.0,,,,,0.0,0.0,,32.0,32.0,,,,,,,0.0,,,,,,0.0,-9.0,-9.0,,,,0.0,,,,,-9.0,-9.0,,,,
1995,12,11,60.0,90.0,,,,,23.0,105.0,27.0,0.0,,,,,0.0,0.0,,66.02,55.94,146.0,,,,,,0.0,,,,62.0,,1.0,999.0,999.0,,,,1.0,,,,,999.0,999.0,,,,
1995,12,12,,,,,,,,,,0.0,,,,,0.0,0.0,,,,,,,,,,0.0,,,,,,0.0,-999.0,-999.0,,,,0.0,,,,,-999.0,-999.0,,,,
1995,12,13,,,,,,,,,,,,,,,,,,,,,,,,,,,,,,,,,9.0,,,,,,,,,,,,,,,
1995,12,14,50.0,20.0,,,,,25.0,1350.0,1330.0,0.0,,,,,0.0,0.0,,66.92,53.96,362.0,,,,,,0.0,,,,62.0,,1.0,1.0,9999.0,,,,1.0,,,,,9999.0,9999.0,,,,
1995,12,15,,,,,,,,,,0.0,,,,,0.0,0.0,,,32.0,,,,,,,0.0,,,,,,0.0,,-99.0,,,,0.0,,,,,-99.0,-99.0,,,,
1995,12,16,,,,,,,,,,,,,,,,,,,,,,,,,,,,,,,,,,99.0,,,,,,,,,99.0,99.0,,,,
1995,12,17,70.0,80.0,,,,,21.0,1450.0,1410.0,0.0,,,,,0.0,0.0,,66.92,51.98,92.0,,,,315.0,,0.0,,,,77.0,,1.0,-9999.0,-9999.0,,,,1.0,,,,,-9999.0,-9999.0,,,,
1995,12,18,,,,,,,,,,0.0,,,,,0.0,0.0,,32.0,32.0,,,,,,,0.0,,,,,,0.0,-9.0,-9.0,,,,0.0,,,,,-9.0,-9.0,,,,
1995,12,19,90.0,100.0,,,,,29.0,953.0,35.0,0.0,,,,,0.0,0.0,,64.04,57.92,18.0,,,,,,0.0,,,,87.0,,1.0,999.0,999.0,,,,1.0,,,,,999.0,999.0,,,,
1995,12,20,,,,,,,,,,,,,,,0.0,0.0,,,,,,,,,,0.0,,,,,,0.0,-999.0,-999.0,,,,,,,,,,,,,,
1995,12,22,20.0,30.0,,,,,34.0,1350.0,1250.0,0.0,,,,,0.0,0.0,,66.02,53.96,417.0,,,,,,0.0,,,,82.0,,9999.0,9999.0,9999.0,,,,9999.0,,,,,9999.0,9999.0,,,,
1995,12,23,,,,,,,,,,0.0,,,,,0.0,0.0,,,,,,,,,,0.0,,,,,,-99.0,-99.0,-99.0,,,,-99.0,,,,,-99.0,,,,,
1995,12,24,,,,,,,,,,,,,,,,,,,,,,,,,,,,,,,,99.0,99.0,99.0,,,,99.0,,,,,99.0,,,,,
1995,12,25,30.0,40.0,,,,,43.0,750.0,1235.0,0.0,,,,,0.0,0.0,,64.04,51.08,427.0,,,,315.0,,0.0,,,,103.0,,-9999.0,-9999.0,-9999.0,,,,-9999.0,,,,,-9999.0,-9999.0,,,,
1995,12,26,,,,,,,,,,0.0,,,,,0.0,0.0,,32.0,32.0,,,,,,,0.0,,,,,,-9.0,-9.0,-9.0,,,,-9.0,,,,,-9.0,-9.0,,,,
1995,12,27,20.0,20.0,,,,,11.0,650.0,255.0,0.0,,,,,0.0,0.0,,64.04,44.96,600.0,,,,,,0.0,,,,57.0,,999.0,999.0,999.0,,,,999.0,,,,,999.0,999.0,,,,
1995,12,28,,,,,,,,,,0.0,,,,,0.0,0.0,,,,,,,,,,0.0,,,,,,-999.0,-999.0,-999.0,,,,-999.0,,,,,-999.0,-999.0,,,,
1995,12,29,,,,,,,,,,,,,,,,,,,,,,,,,,,,,,,,,,,,,,,,,,,,9.0,,,,
1995,12,30,40.0,50.0,,,,,22.0,1550.0,1550.0,3.0,,,,,0.0,0.0,,64.04,51.08,489.0,,,,,,0.0,,,,62.0,,9999.0,9999.0,9999.0,,,,9999.0,,,,,9999.0,1.0,,,,
1995,12,31,,,,,,,,,,0.0,,,,,0.0,0.0,,,32.0,,,,,,,0.0,,,,,,-99.0,-99.0,,,,,-99.0,,,,,-99.0,0.0,,,,
1996,1,1,50.0,70.0,,,,,23.0,1450.0,550.0,0.0,,,,,0.0,0.0,,73.94,51.08,437.0,,,,360.0,,0.0,,,,77.0,,1.0,1.0,,,,,-9999.0,,,,,-9999.0,-9999.0,,,,
1996,1,2,,,,,,,,,,0.0,,,,,0.0,0.0,,32.0,32.0,,,,,,,0.0,,,,,,,,,,,,-9.0,,,,,-9.0,-9.0,,,,
1996,1,3,20.0,30.0,,,,,26.0,252.0,33.0,0.0,,,,,0.0,0.0,,73.94,48.02,603.0,,,,,,0.0,,,,108.0,,999.0,999.0,,,,,999.0,,,,,999.0,999.0,,,,
1996,1,4,,,,,,,,,,0.0,,,,,0.0,0.0,,,,,,,,,,0.0,,,,,,-999.0,-999.0,,,,,-999.0,,,,,-999.0,-999.0,,,,
1996,1,6,50.0,40.0,,,,,18.0,1350.0,1315.0,0.0,,,,,0.0,0.0,,62.059999999999995,46.94,433.0,,,,,,0.0,,,,62.0,,9999.0,9999.0,,,,,9999.0,,,,,9999.0,9999.0,,,,
1996,1,7,,,,,,,,,,0.0,,,,,0.0,0.0,,,,,,,,,,0.0,,,,,,-99.0,-99.0,,,,,-99.0,,,,,-99.0,-99.0,,,,
1996,1,8,,,,,,,,,,,,,,,,,,,,,,,,,,,,,,,,99.0,99.0,,,,,99.0,,,,,99.0,99.0,,,,
1996,1,9,50.0,50.0,,,,,17.0,1350.0,1140.0,0.0,,,,,0.0,0.0,,68.0,48.92,469.0,,,,315.0,,0.0,,,,67.0,,-9999.0,-9999.0,,,,,1.0,,,,,-9999.0,-9999.0,,,,
1996,1,10,,,,,,,,,,0.0,,,,,0.0,0.0,,32.0,32.0,,,,,,,0.0,,,,,,,-9.0,,,,,0.0,,,,,-9.0,-9.0,,,,
1996,1,11,0.0,0.0,,,,,15.0,450.0,305.0,0.0,,,,,0.0,0.0,,75.92,50.0,606.0,,,,,,0.0,,,,67.0,,1.0,999.0,,,,,1.0,,,,,999.0,999.0,,,,
1996,1,12,,,,,,,,,,0.0,,,,,0.0,0.0,,,,,,,,,,0.0,,,,,,0.0,,,,,,0.0,,,,,-999.0,-999.0,,,,
1996,1,14,30.0,30.0,,,,,17.0,1252.0,1525.0,0.0,,,,,0.0,0.0,,64.94,48.02,446.0,,,,,,0.0,,,,57.0,,1.0,9999.0,,,,,1.0,,,,,9999.0,9999.0,,,,
1996,1,15,,,,,,,,,,0.0,,,,,0.0,0.0,,,,,,,,,,0.0,,,,,,0.0,-99.0,,,,,0.0,,,,,-99.0,-99.0,,,,
1996,1,16,,,,,,,,,,,,,,,,,,,,,,,,,,,,,,,,,99.0,,,,,,,,,,99.0,99.0,,,,
1996,1,17,10.0,0.0,,,,,21.0,1551.0,1351.0,0.0,,,,,0.0,0.0,,80.96,48.92,610.0,,,,270.0,,0.0,,,,67.0,,1.0,-9999.0,,,,,-9999.0,,,,,-9999.0,-9999.0,,,,
1996,1,18,,,,,,,,,,0.0,,,,,0.0,0.0,,32.0,32.0,,,,,,,0.0,,,,,,,-9.0,,,,,-9.0,,,,,-9.0,-9.0,,,,
1996,1,19,10.0,0.0,,,,,14.0,451.0,525.0,0.0,,,,,0.0,0.0,,80.96,48.02,611.0,,,,,,0.0,,,,67.0,,999.0,999.0,,,,,999.0,,,,,999.0,999.0,,,,
1996,1,20,,,,,,,,,,0.0,,,,,0.0,0.0,,,,,,,,,,0.0,,,,,,-999.0,-999.0,,,,,-999.0,,,,,-999.0,-999.0,,,,
1996,1,21,,,,,,,,,,,,,,,,,,,,,,,,,,,,,,,,9.0,,,,,,9.0,,,,,,,,,,
1996,1,22,60.0,50.0,,,,,28.0,1551.0,1454.0,0.0,,,,,0.0,0.0,,66.92,53.06,472.0,,,,,,0.0,,,,87.0,,1.0,9999.0,,,,,1.0,,,,,9999.0,9999.0,,,,
1996,1,23,,,,,,,,,,0.0,,,,,0.0,0.0,,,,,,,,,,0.0,,,,,,0.0,-99.0,,,,,0.0,,,,,-99.0,-99.0,,,,
1996,1,24,,,,,,,,,,,,,,,,,,,,,,,,,,,,,,,,,99.0,,,,,,,,,,99.0,99.0,,,,
1996,1,25,90.0,80.0,,,,,34.0,2250.0,2305.0,28.0,,,,,0.0,0.0,,64.94,57.92,307.0,,,,270.0,,0.0,,,,98.0,,1.0,-9999.0,,,,,1.0,,,,,1.0,1.0,,,,
1996,1,26,,,,,,,,,,0.0,,,,,0.0,0.0,,32.0,32.0,,,,,,,0.0,,,,,,,-9.0,,,,,,,,,,,,,,,
1996,1,27,40.0,40.0,,,,,38.0,250.0,920.0,0.0,,,,,0.0,0.0,,62.959999999999994,53.96,365.0,,,,,,0.0,,,,82.0,,999.0,999.0,,,,,999.0,,,,,999.0,999.0,,,,
1996,1,28,,,,,,,,,,0.0,,,,,0.0,0.0,,,,,,,,,,0.0,,,,,,-999.0,-999.0,,,,,-999.0,,,,,-999.0,-999.0,,,,
1996,1,29,,,,,,,,,,,,,,,,,,,,,,,,,,,,,,,,9.0,,,,,,,,,,,,9.0,,,,
1996,1,30,60.0,70.0,,,,,34.0,1350.0,1515.0,3.0,,,,,0.0,0.0,,60.980000000000004,53.96,271.0,,,,,,0.0,,,,103.0,,1.0,9999.0,,,,,9999.0,,,,,9999.0,1.0,,,,
1996,1,31,,,,,,,,,,0.0,,,,,0.0,0.0,,,32.0,,,,,,,0.0,,,,,,,-99.0,,,,,-99.0,,,,,-99.0,,,,,
1996,2,1,90.0,90.0,,,,,30.0,1950.0,1210.0,20.0,,,,,0.0,0.0,,60.980000000000004,55.94,277.0,,,,270.0,,0.0,,,,72.0,,1.0,-9999.0,-9999.0,,,,-9999.0,,,,,-9999.0,1.0,,,,
1996,2,2,,,,,,,,,,0.0,,,,,0.0,0.0,,32.0,32.0,,,,,,,0.0,,,,,,,-9.0,-9.0,,,,-9.0,,,,,-9.0,,,,,
1996,2,3,100.0,100.0,,,,,27.0,451.0,355.0,0.0,,,,,0.0,0.0,,62.059999999999995,57.02,124.0,,,,,,0.0,,,,67.0,,999.0,999.0,999.0,,,,999.0,,,,,999.0,999.0,,,,
1996,2,4,,,,,,,,,,0.0,,,,,0.0,0.0,,,,,,,,,,0.0,,,,,,-999.0,-999.0,-999.0,,,,-999.0,,,,,-999.0,,,,,
1996,2,5,,,,,,,,,,,,,,,,,,,,,,,,,,,,,,,,9.0,,,,,,9.0,,,,,,,,,,
1996,2,6,10.0,10.0,,,,,24.0,1350.0,1348.0,0.0,,,,,0.0,0.0,,68.0,51.08,642.0,,,,,,0.0,,,,87.0,,1.0,9999.0,9999.0,,,,1.0,,,,,9999.0,9999.0,,,,
1996,2,7,,,,,,,,,,0.0,,,,,0.0,0.0,,,,,,,,,,0.0,,,,,,0.0,-99.0,-99.0,,,,0.0,,,,,-99.0,-99.0,,,,
1996,2,8,,,,,,,,,,,,,,,,,,,,,,,,,,,,,,,,,99.0,99.0,,,,,,,,,99.0,99.0,,,,
1996,2,9,90.0,80.0,,,,,30.0,1352.0,1320.0,0.0,,,,,0.0,0.0,,64.94,55.04,166.0,,,,315.0,,0.0,,,,87.0,,1.0,1.0,-9999.0,,,,1.0,,,,,1.0,1.0,,,,
1996,2,10,,,,,,,,,,,,,,,0.0,0.0,,32.0,32.0,,,,,,,0.0,,,,,,0.0,,-9.0,,,,,,,,,,,,,,
1996,2,11,30.0,30.0,,,,,16.0,650.0,215.0,0.0,,,,,0.0,0.0,,77.0,51.08,648.0,,,,,,0.0,,,,62.0,,1.0,1.0,999.0,,,,999.0,,,,,999.0,999.0,,,,
1996,2,12,,,,,,,,,,0.0,,,,,0.0,0.0,,,,,,,,,,0.0,,,,,,0.0,,-999.0,,,,-999.0,,,,,-999.0,-999.0,,,,
1996,2,14,100.0,100.0,,,,,28.0,1252.0,1230.0,0.0,,,,,0.0,0.0,,60.980000000000004,55.04,114.0,,,,,,0.0,,,,72.0,,1.0,9999.0,9999.0,,,,9999.0,,,,,9999.0,9999.0,,,,
1996,2,15,,,,,,,,,,0.0,,,,,0.0,0.0,,,,,,,,,,0.0,,,,,,0.0,-99.0,-99.0,,,,-99.0,,,,,-99.0,-99.0,,,,
1996,2,16,,,,,,,,,,,,,,,,,,,,,,,,,,,,,,,,,99.0,99.0,,,,99.0,,,,,99.0,99.0,,,,
1996,2,17,70.0,100.0,,,,,26.0,1050.0,1207.0,0.0,,,,,0.0,0.0,,64.04,55.04,259.0,,,,315.0,,0.0,,,,62.0,,1.0,-9999.0,-9999.0,,,,1.0,,,,,-9999.0,-9999.0,,,,
1996,2,18,,,,,,,,,,0.0,,,,,0.0,0.0,,32.0,32.0,,,,,,,0.0,,,,,,0.0,-9.0,-9.0,,,,0.0,,,,,-9.0,,,,,
1996,2,19,80.0,90.0,,,,,24.0,250.0,350.0,13.0,,,,,0.0,0.0,,66.02,57.92,138.0,,,,,,0.0,,,,77.0,,1.0,999.0,999.0,,,,1.0,,,,,999.0,1.0,,,,
1996,2,20,,,,,,,,,,0.0,,,,,0.0,0.0,,,,,,,,,,0.0,,,,,,0.0,-999.0,-999.0,,,,,,,,,-999.0,0.0,,,,
1996,2,21,,,,,,,,,,,,,,,,,,,,,,,,,,,,,,,,,9.0,,,,,9.0,,,,,,,,,,
1996,2,22,60.0,70.0,,,,,21.0,1350.0,1453.0,0.0,,,,,0.0,0.0,,60.980000000000004,53.06,400.0,,,,,,0.0,,,,62.0,,1.0,1.0,9999.0,,,,1.0,,,,,9999.0,9999.0,,,,
1996,2,23,,,,,,,,,,0.0,,,,,0.0,0.0,,,,,,,,,,0.0,,,,,,0.0,,-99.0,,,,0.0,,,,,-99.0,-99.0,,,,
1996,2,24,,,,,,,,,,,,,,,,,,,,,,,,,,,,,,,,,99.0,99.0,,,,,,,,,99.0,99.0,,,,
1996,2,25,30.0,40.0,,,,,30.0,1551.0,1515.0,0.0,,,,,0.0,0.0,,69.08,53.96,622.0,,,,270.0,,0.0,,,,77.0,,1.0,-9999.0,-9999.0,,,,1.0,,,,,-9999.0,-9999.0,,,,
1996,2,26,,,,,,,,,,0.0,,,,,0.0,0.0,,32.0,32.0,,,,,,,0.0,,,,,,0.0,-9.0,-9.0,,,,,,,,,-9.0,-9.0,,,,
1996,2,27,100.0,100.0,,,,,32.0,250.0,245.0,0.0,,,,,0.0,0.0,,64.04,57.02,32.0,,,,,,0.0,,,,67.0,,1.0,999.0,999.0,,,,999.0,,,,,999.0,999.0,,,,
1996,2,28,,,,,,,,,,0.0,,,,,0.0,0.0,,,,,,,,,,0.0,,,,,,,-999.0,-999.0,,,,-999.0,,,,,-999.0,-999.0,,,,
1996,2,29,,,,,,,,,,,,,,,,,,,,,,,,,,,,,,,,,,,,,,,,,,,,9.0,,,,
1996,2,30,90.0,90.0,,,,,25.0,1450.0,1247.0,,,,,,0.0,0.0,,69.08,57.02,368.0,,,,,,0.0,,,,67.0,,9999.0,9999.0,9999.0,,,,9999.0,,,,,9999.0,1.0,,,,
1996,2,31,,,,,,,,,,0.0,,,,,0.0,0.0,,,,,,,,,,0.0,,,,,,-99.0,-99.0,-99.0,,,,-99.0,,,,,-99.0,,,,,
1996,3,1,50.0,50.0,,,,,26.0,1551.0,1410.0,0.0,,,,,0.0,0.0,,68.0,51.08,640.0,,,,315.0,,0.0,,,,87.0,,-9999.0,,,,,,-9999.0,,,,,-9999.0,-9999.0,,,,
1996,3,2,,,,,,,,,,0.0,,,,,0.0,0.0,,32.0,32.0,,,,,,,0.0,,,,,,-9.0,,,,,,-9.0,,,,,-9.0,-9.0,,,,
1996,3,3,40.0,30.0,,,,,22.0,650.0,649.0,0.0,,,,,0.0,0.0,,69.98,48.92,653.0,,,,,,0.0,,,,67.0,,999.0,,,,,,999.0,,,,,999.0,999.0,,,,
1996,3,4,,,,,,,,,,0.0,,,,,0.0,0.0,,,,,,,,,,0.0,,,,,,,,,,,,-999.0,,,,,-999.0,,,,,
1996,3,5,,,,,,,,,,,,,,,,,,,,,,,,,,,,,,,,,,,,,,,,,,,9.0,,,,,
1996,3,6,90.0,100.0,,,,,38.0,1150.0,2005.0,28.0,,,,,0.0,0.0,,62.059999999999995,55.04,168.0,,,,,,0.0,,,,93.0,,1.0,,,,,,9999.0,,,,,1.0,1.0,,,,
1996,3,7,,,,,,,,,,0.0,,,,,0.0,0.0,,,,,,,,,,0.0,,,,,,,,,,,,-99.0,,,,,,0.0,,,,
1996,3,8,,,,,,,,,,,,,,,,,,,,,,,,,,,,,,,,99.0,,,,,,99.0,,,,,99.0,,,,,
1996,3,9,50.0,50.0,,,,,32.0,1350.0,1353.0,0.0,,,,,0.0,0.0,,66.92,53.96,699.0,,,,270.0,,0.0,,,,93.0,,-9999.0,,,,,,-9999.0,,,,,-9999.0,-9999.0,,,,
1996,3,10,,,,,,,,,,0.0,,,,,0.0,0.0,,32.0,32.0,,,,,,,0.0,,,,,,-9.0,,,,,,-9.0,,,,,-9.0,-9.0,,,,
1996,3,11,50.0,60.0,,,,,26.0,650.0,638.0,0.0,,,,,0.0,0.0,,75.02,51.98,468.0,,,,,,0.0,,,,98.0,,999.0,,,,,,999.0,,,,,999.0,999.0,,,,
1996,3,12,,,,,,,,,,0.0,,,,,0.0,0.0,,,,,,,,,,0.0,,,,,,-999.0,,,,,,-999.0,,,,,-999.0,-999.0,,,,
1996,3,13,,,,,,,,,,,,,,,,,,,,,,,,,,,,,,,,9.0,,,,,,,,,,,,,,,,
1996,3,14,90.0,90.0,,,,,20.0,1954.0,1719.0,0.0,,,,,0.0,0.0,,71.96,55.94,471.0,,,,,,0.0,,,,67.0,,1.0,,,,,,9999.0,,,,,9999.0,9999.0,,,,
1996,3,15,,,,,,,,,,0.0,,,,,0.0,0.0,,,,,,,,,,0.0,,,,,,0.0,,,,,,-99.0,,,,,-99.0,-99.0,,,,
1996,3,16,,,,,,,,,,,,,,,,,,,,,,,,,,,,,,,,,,,,,,99.0,,,,,99.0,99.0,,,,
1996,3,17,90.0,90.0,,,,,35.0,1650.0,1259.0,5.0,,,,,0.0,0.0,,62.959999999999994,55.94,191.0,,,,270.0,,0.0,,,,82.0,,1.0,,,,,,-9999.0,,,,,1.0,1.0,,,,
1996,3,18,,,,,,,,,,0.0,,,,,0.0,0.0,,32.0,32.0,,,,,,,0.0,,,,,,0.0,,,,,,-9.0,,,,,,0.0,,,,
1996,3,19,70.0,70.0,,,,,36.0,550.0,607.0,51.0,,,,,0.0,0.0,,64.04,55.04,299.0,,,,,,0.0,,,,113.0,,1.0,,,,,,999.0,,,,,999.0,1.0,,,,
1996,3,20,,,,,,,,,,,,,,,0.0,0.0,,,,,,,,,,0.0,,,,,,,,,,,,-999.0,,,,,-999.0,0.0,,,,
1996,3,22,30.0,30.0,,,,,27.0,1650.0,1506.0,3.0,,,,,0.0,0.0,,62.959999999999994,50.0,700.0,,,,,,0.0,,,,82.0,,9999.0,,,,,,9999.0,,,,,9999.0,1.0,,,,
1996,3,23,,,,,,,,,,0.0,,,,,0.0,0.0,,,,,,,,,,0.0,,,,,,-99.0,,,,,,-99.0,,,,,-99.0,,,,,
1996,3,24,,,,,,,,,,,,,,,,,,,,,,,,,,,,,,,,99.0,,,,,,99.0,,,,,99.0,99.0,,,,
1996,3,25,50.0,40.0,,,,,23.0,1551.0,1145.0,0.0,,,,,0.0,0.0,,64.94,55.94,555.0,,,,225.0,,0.0,,,,77.0,,1.0,,,,,,1.0,,,,,-9999.0,-9999.0,,,,
1996,3,26,,,,,,,,,,0.0,,,,,0.0,0.0,,32.0,32.0,,,,,,,0.0,,,,,,,,,,,,,,,,,-9.0,-9.0,,,,
1996,3,27,70.0,50.0,,,,,25.0,350.0,521.0,0.0,,,,,0.0,0.0,,64.94,57.02,513.0,,,,,,0.0,,,,108.0,,999.0,,,,,,999.0,,,,,999.0,999.0,,,,
1996,3,28,,,,,,,,,,0.0,,,,,0.0,0.0,,,,,,,,,,0.0,,,,,,,,,,,,-999.0,,,,,-999.0,-999.0,,,,
1996,3,29,,,,,,,,,,,,,,,,,,,,,,,,,,,,,,,,,,,,,,9.0,,,,,,,,,,
1996,3,30,80.0,70.0,,,,,31.0,1317.0,1253.0,0.0,,,,,0.0,0.0,,64.94,55.04,168.0,,,,,,0.0,,,,77.0,,1.0,,,,,,1.0,,,,,9999.0,9999.0,,,,
1996,3,31,,,,,,,,,,0.0,,,,,0.0,0.0,,,,,,,,,,0.0,,,,,,0.0,,,,,,0.0,,,,,-99.0,-99.0,,,,
1996,4,1,40.0,20.0,,,,,23.0,1750.0,1333.0,8.0,,,,,0.0,0.0,,69.08,51.98,512.0,,,,315.0,,0.0,,,,67.0,,1.0,,,,,,-9999.0,,,,,1.0,1.0,,,,
1996,4,2,,,,,,,,,,0.0,,,,,0.0,0.0,,32.0,32.0,,,,,,,0.0,,,,,,,,,,,,-9.0,,,,,,,,,,
1996,4,3,40.0,40.0,,,,,33.0,150.0,610.0,0.0,,,,,0.0,0.0,,64.04,57.02,555.0,,,,,,0.0,,,,98.0,,999.0,,,,,,999.0,,,,,999.0,999.0,,,,
1996,4,4,,,,,,,,,,0.0,,,,,0.0,0.0,,,,,,,,,,0.0,,,,,,-999.0,,,,,,-999.0,,,,,-999.0,-999.0,,,,
1996,4,6,30.0,30.0,,,,,29.0,1351.0,1230.0,0.0,,,,,0.0,0.0,,66.02,55.94,590.0,,,,,,0.0,,,,93.0,,9999.0,,,,,,9999.0,,,,,9999.0,9999.0,,,,
1996,4,7,,,,,,,,,,0.0,,,,,0.0,0.0,,,,,,,,,,0.0,,,,,,-99.0,,,,,,-99.0,,,,,-99.0,-99.0,,,,
1996,4,8,,,,,,,,,,,,,,,,,,,,,,,,,,,,,,,,99.0,,,,,,99.0,,,,,99.0,99.0,,,,
1996,4,9,10.0,20.0,,,,,35.0,1350.0,1342.0,0.0,,,,,0.0,0.0,,87.08000000000001,60.08,705.0,,,,315.0,,0.0,,,,113.0,,-9999.0,,,,,,-9999.0,,,,,-9999.0,-9999.0,,,,
1996,4,10,,,,,,,,,,0.0,,,,,0.0,0.0,,32.0,32.0,,,,,,,0.0,,,,,,,,,,,,-9.0,,,,,-9.0,-9.0,,,,
1996,4,11,10.0,0.0,,,,,30.0,450.0,515.0,0.0,,,,,0.0,0.0,,82.04,57.92,705.0,,,,,,0.0,,,,87.0,,1.0,,,,,,999.0,,,,,999.0,999.0,,,,
1996,4,12,,,,,,,,,,0.0,,,,,0.0,0.0,,,,,,,,,,0.0,,,,,,0.0,,,,,,-999.0,,,,,-999.0,-999.0,,,,
1996,4,14,70.0,70.0,,,,,39.0,1450.0,1530.0,0.0,,,,,0.0,0.0,,64.04,57.92,390.0,,,,,,0.0,,,,93.0,,9999.0,,,,,,9999.0,,,,,9999.0,9999.0,,,,
1996,4,15,,,,,,,,,,0.0,,,,,0.0,0.0,,,,,,,,,,0.0,,,,,,-99.0,,,,,,-99.0,,,,,,,,,,
1996,4,16,,,,,,,,,,,,,,,,,,,,,,,,,,,,,,,,99.0,,,,,,99.0,,,,,,,,,,
1996,4,17,30.0,20.0,,,,,42.0,1350.0,1447.0,0.0,,,,,0.0,0.0,,66.92,57.92,320.0,,,,270.0,,0.0,,,,82.0,,-9999.0,,,,,,-9999.0,,,,,-9999.0,-9999.0,,,,
1996,4,18,,,,,,,,,,0.0,,,,,0.0,0.0,,32.0,32.0,,,,,,,0.0,,,,,,-9.0,,,,,,-9.0,,,,,-9.0,-9.0,,,,
1996,4,19,40.0,40.0,,,,,35.0,551.0,705.0,0.0,,,,,0.0,0.0,,66.02,55.94,252.0,,,,,,0.0,,,,77.0,,999.0,,,,,,999.0,,,,,999.0,999.0,,,,
1996,4,20,,,,,,,,,,0.0,,,,,0.0,0.0,,,,,,,,,,0.0,,,,,,-999.0,,,,,,-999.0,,,,,-999.0,-999.0,,,,
1996,4,22,0.0,10.0,,,,,30.0,1350.0,1440.0,0.0,,,,,0.0,0.0,,77.0,55.94,777.0,,,,,,0.0,,,,93.0,,9999.0,,,,,,9999.0,,,,,9999.0,9999.0,,,,
1996,4,23,,,,,,,,,,0.0,,,,,0.0,0.0,,,,,,,,,,0.0,,,,,,,,,,,,-99.0,,,,,-99.0,-99.0,,,,
1996,4,24,,,,,,,,,,,,,,,,,,,,,,,,,,,,,,,,,,,,,,99.0,,,,,99.0,99.0,,,,
1996,4,25,50.0,40.0,,,,,31.0,1550.0,1246.0,0.0,,,,,0.0,0.0,,69.98,57.02,545.0,,,,270.0,,0.0,,,,93.0,,1.0,,,,,,-9999.0,,,,,-9999.0,1.0,,,,
1996,4,26,,,,,,,,,,,,,,,0.0,0.0,,32.0,32.0,,,,,,,0.0,,,,,,,,,,,,-9.0,,,,,-9.0,0.0,,,,
1996,4,27,80.0,60.0,,,,,36.0,450.0,447.0,3.0,,,,,0.0,0.0,,69.98,60.980000000000004,516.0,,,,,,0.0,,,,82.0,,999.0,,,,,,999.0,,,,,999.0,1.0,,,,
1996,4,28,,,,,,,,,,,,,,,0.0,0.0,,,,,,,,,,0.0,,,,,,,,,,,,-999.0,,,,,-999.0,0.0,,,,
1996,4,30,20.0,30.0,,,,,27.0,1450.0,1407.0,0.0,,,,,0.0,0.0,,68.0,53.96,786.0,,,,,,0.0,,,,113.0,,9999.0,,,,,,9999.0,,,,,9999.0,9999.0,,,,
1996,4,31,,,,,,,,,,0.0,,,,,0.0,0.0,,,,,,,,,,0.0,,,,,,-99.0,,,,,,-99.0,,,,,-99.0,-99.0,,,,
1996,5,1,50.0,20.0,,,,,38.0,1451.0,1406.0,0.0,,,,,0.0,0.0,,69.98,62.059999999999995,698.0,,,,180.0,,0.0,,,,87.0,,1.0,1.0,,,,,1.0,,,,,-9999.0,-9999.0,,,,
1996,5,2,,,,,,,,,,0.0,,,,,0.0,0.0,,32.0,32.0,,,,,,,0.0,,,,,,0.0,,,,,,,,,,,-9.0,-9.0,,,,
1996,5,3,60.0,40.0,,,,,28.0,351.0,251.0,0.0,,,,,0.0,0.0,,69.98,62.059999999999995,512.0,,,,,,0.0,,,,67.0,,1.0,999.0,,,,,999.0,,,,,999.0,999.0,,,,
1996,5,4,,,,,,,,,,0.0,,,,,0.0,0.0,,,,,,,,,,0.0,,,,,,,-999.0,,,,,-999.0,,,,,-999.0,-999.0,,,,
1996,5,5,,,,,,,,,,,,,,,,,,,,,,,,,,,,,,,,,,,,,,9.0,,,,,,,,,,
1996,5,6,30.0,20.0,,,,,34.0,1350.0,1144.0,0.0,,,,,0.0,0.0,,71.06,62.059999999999995,646.0,,,,,,0.0,,,,82.0,,9999.0,9999.0,,,,,1.0,,,,,9999.0,9999.0,,,,
1996,5,7,,,,,,,,,,0.0,,,,,0.0,0.0,,,,,,,,,,0.0,,,,,,,-99.0,,,,,0.0,,,,,-99.0,-99.0,,,,
1996,5,8,,,,,,,,,,,,,,,,,,,,,,,,,,,,,,,,,99.0,,,,,,,,,,99.0,99.0,,,,
1996,5,9,20.0,0.0,,,,,31.0,1450.0,1443.0,0.0,,,,,0.0,0.0,,75.92,62.059999999999995,795.0,,,,315.0,,0.0,,,,77.0,,1.0,-9999.0,,,,,1.0,,,,,-9999.0,-9999.0,,,,
1996,5,10,,,,,,,,,,0.0,,,,,0.0,0.0,,32.0,32.0,,,,,,,0.0,,,,,,,-9.0,,,,,,,,,,-9.0,-9.0,,,,
1996,5,11,10.0,0.0,,,,,33.0,150.0,557.0,0.0,,,,,0.0,0.0,,69.98,60.980000000000004,819.0,,,,,,0.0,,,,87.0,,999.0,999.0,,,,,999.0,,,,,999.0,999.0,,,,
1996,5,12,,,,,,,,,,0.0,,,,,0.0,0.0,,,,,,,,,,0.0,,,,,,-999.0,-999.0,,,,,-999.0,,,,,-999.0,-999.0,,,,
1996,5,14,40.0,40.0,,,,,36.0,1551.0,1612.0,0.0,,,,,0.0,0.0,,69.98,64.04,552.0,,,,,,0.0,,,,82.0,,9999.0,9999.0,,,,,9999.0,,,,,9999.0,9999.0,,,,
1996,5,15,,,,,,,,,,0.0,,,,,0.0,0.0,,,,,,,,,,0.0,,,,,,-99.0,-99.0,,,,,,,,,,-99.0,-99.0,,,,
1996,5,16,,,,,,,,,,,,,,,,,,,,,,,,,,,,,,,,99.0,99.0,,,,,,,,,,99.0,99.0,,,,
1996,5,17,10.0,20.0,,,,,34.0,1350.0,1236.0,0.0,,,,,0.0,0.0,,82.94,64.04,720.0,,,,315.0,,0.0,,,,93.0,,-9999.0,-9999.0,,,,,1.0,,,,,-9999.0,-9999.0,,,,
1996,5,18,,,,,,,,,,0.0,,,,,0.0,0.0,,32.0,32.0,,,,,,,0.0,,,,,,-9.0,-9.0,,,,,,,,,,-9.0,-9.0,,,,
1996,5,19,10.0,0.0,,,,,31.0,551.0,430.0,0.0,,,,,0.0,0.0,,77.0,64.04,820.0,,,,,,0.0,,,,72.0,,999.0,999.0,,,,,999.0,,,,,999.0,999.0,,,,
1996,5,20,,,,,,,,,,0.0,,,,,0.0,0.0,,,,,,,,,,0.0,,,,,,-999.0,-999.0,,,,,,,,,,-999.0,-999.0,,,,
1996,5,22,50.0,30.0,,,,,32.0,1350.0,1138.0,0.0,,,,,0.0,0.0,,73.04,62.959999999999994,659.0,,,,,,0.0,,,,82.0,,9999.0,9999.0,,,,,1.0,,,,,9999.0,9999.0,,,,
1996,5,23,,,,,,,,,,0.0,,,,,0.0,0.0,,,,,,,,,,0.0,,,,,,-99.0,-99.0,,,,,,,,,,-99.0,-99.0,,,,
1996,5,24,,,,,,,,,,,,,,,,,,,,,,,,,,,,,,,,99.0,99.0,,,,,99.0,,,,,99.0,99.0,,,,
1996,5,25,60.0,50.0,,,,,39.0,1750.0,1333.0,0.0,,,,,0.0,0.0,,73.04,66.02,632.0,,,,315.0,,0.0,,,,93.0,,-9999.0,-9999.0,,,,,-9999.0,,,,,1.0,1.0,,,,
1996,5,26,,,,,,,,,,,,,,,0.0,0.0,,32.0,32.0,,,,,,,0.0,,,,,,-9.0,-9.0,,,,,-9.0,,,,,,,,,,
1996,5,27,50.0,60.0,,,,,50.0,350.0,435.0,0.0,,,,,0.0,0.0,,73.94,66.92,730.0,,,,,,0.0,,,,113.0,,999.0,999.0,,,,,999.0,,,,,999.0,999.0,,,,
1996,5,28,,,,,,,,,,0.0,,,,,0.0,0.0,,,,,,,,,,0.0,,,,,,-999.0,-999.0,,,,,-999.0,,,,,-999.0,-999.0,,,,
1996,5,30,50.0,40.0,,,,,36.0,1450.0,1145.0,0.0,,,,,0.0,0.0,,71.06,64.04,748.0,,,,,,0.0,,,,82.0,,9999.0,9999.0,,,,,9999.0,,,,,9999.0,9999.0,,,,
1996,5,31,,,,,,,,,,0.0,,,,,0.0,0.0,,,,,,,,,,0.0,,,,,,-99.0,-99.0,,,,,-99.0,,,,,-99.0,-99.0,,,,
1996,6,1,10.0,0.0,,,,,29.0,1251.0,1210.0,0.0,,,,,0.0,0.0,,75.02,62.059999999999995,849.0,,,,270.0,,0.0,,,,77.0,,-9999.0,,,,,,-9999.0,,,,,,,,,,
1996,6,2,,,,,,,,,,0.0,,,,,0.0,0.0,,32.0,32.0,,,,,,,0.0,,,,,,-9.0,,,,,,-9.0,,,,,,,,,,
1996,6,3,50.0,70.0,,,,,30.0,551.0,335.0,0.0,,,,,0.0,0.0,,80.96,64.04,805.0,,,,,,0.0,,,,82.0,,999.0,,,,,,999.0,,,,,,,,,,
1996,6,4,,,,,,,,,,0.0,,,,,0.0,0.0,,,,,,,,,,0.0,,,,,,-999.0,,,,,,-999.0,,,,,,,,,,
1996,6,5,,,,,,,,,,,,,,,,,,,,,,,,,,,,,,,,9.0,,,,,,,,,,,,,,,,
1996,6,6,50.0,20.0,,,,,33.0,1450.0,1530.0,0.0,,,,,0.0,0.0,,73.04,64.04,671.0,,,,,,0.0,,,,67.0,,1.0,,,,,,9999.0,,,,,,,,,,
1996,6,7,,,,,,,,,,0.0,,,,,0.0,0.0,,,,,,,,,,0.0,,,,,,0.0,,,,,,,,,,,,,,,,
1996,6,9,70.0,60.0,,,,,30.0,1250.0,1405.0,0.0,,,,,0.0,0.0,,69.98,62.059999999999995,411.0,,,,225.0,,0.0,,,,72.0,,1.0,,,,,,1.0,,,,,,,,,,
1996,6,10,,,,,,,,,,0.0,,,,,0.0,0.0,,32.0,32.0,,,,,,,0.0,,,,,,0.0,,,,,,0.0,,,,,,,,,,
1996,6,11,50.0,40.0,,,,,31.0,551.0,216.0,0.0,,,,,0.0,0.0,,71.96,62.959999999999994,542.0,,,,,,0.0,,,,72.0,,1.0,,,,,,1.0,,,,,,,,,,
1996,6,12,,,,,,,,,,0.0,,,,,0.0,0.0,,,,,,,,,,0.0,,,,,,0.0,,,,,,,,,,,,,,,,
1996,6,13,,,,,,,,,,,,,,,,,,,,,,,,,,,,,,,,,,,,,,9.0,,,,,,,,,,
1996,6,14,20.0,10.0,,,,,29.0,1351.0,1143.0,0.0,,,,,0.0,0.0,,75.02,62.959999999999994,785.0,,,,,,0.0,,,,72.0,,1.0,,,,,,1.0,,,,,,,,,,
1996,6,15,,,,,,,,,,0.0,,,,,0.0,0.0,,,,,,,,,,0.0,,,,,,0.0,,,,,,0.0,,,,,,,,,,
1996,6,17,60.0,40.0,,,,,35.0,1351.0,1212.0,0.0,,,,,0.0,0.0,,71.06,62.959999999999994,611.0,,,,225.0,,0.0,,,,77.0,,1.0,,,,,,1.0,,,,,,,,,,
1996,6,18,,,,,,,,,,0.0,,,,,0.0,0.0,,32.0,32.0,,,,,,,0.0,,,,,,,,,,,,,,,,,,,,,,
1996,6,19,60.0,40.0,,,,,33.0,50.0,927.0,0.0,,,,,0.0,0.0,,69.08,62.959999999999994,707.0,,,,,,0.0,,,,77.0,,999.0,,,,,,999.0,,,,,,,,,,
1996,6,20,,,,,,,,,,0.0,,,,,0.0,0.0,,,,,,,,,,0.0,,,,,,-999.0,,,,,,-999.0,,,,,,,,,,
1996,6,22,50.0,40.0,,,,,31.0,1250.0,1304.0,0.0,,,,,0.0,0.0,,71.06,62.959999999999994,645.0,,,,,,0.0,,,,77.0,,9999.0,,,,,,9999.0,,,,,,,,,,
1996,6,23,,,,,,,,,,0.0,,,,,0.0,0.0,,,,,,,,,,0.0,,,,,,-99.0,,,,,,-99.0,,,,,,,,,,
1996,6,24,,,,,,,,,,,,,,,,,,,,,,,,,,,,,,,,99.0,,,,,,99.0,,,,,,,,,,
1996,6,25,70.0,70.0,,,,,31.0,1450.0,1432.0,0.0,,,,,0.0,0.0,,73.04,62.959999999999994,403.0,,,,270.0,,0.0,,,,154.0,,-9999.0,,,,,,1.0,,,,,,,,,,
1996,6,26,,,,,,,,,,0.0,,,,,0.0,0.0,,32.0,32.0,,,,,,,0.0,,,,,,,,,,,,,,,,,,,,,,
1996,6,27,50.0,40.0,,,,,38.0,451.0,444.0,0.0,,,,,0.0,0.0,,71.06,64.04,588.0,,,,,,0.0,,,,103.0,,1.0,,,,,,999.0,,,,,,,,,,
1996,6,28,,,,,,,,,,0.0,,,,,0.0,0.0,,,,,,,,,,0.0,,,,,,0.0,,,,,,,,,,,,,,,,
1996,6,30,70.0,70.0,,,,,34.0,1550.0,1351.0,0.0,,,,,0.0,0.0,,69.08,62.959999999999994,376.0,,,,,,0.0,,,,98.0,,1.0,,,,,,1.0,,,,,,,,,,
1996,6,31,,,,,,,,,,0.0,,,,,0.0,0.0,,,,,,,,,,0.0,,,,,,,,,,,,0.0,,,,,,,,,,
1996,7,1,0.0,0.0,,,,,39.0,1251.0,1322.0,0.0,,,,,0.0,0.0,,78.08,66.92,855.0,,30.0,,320.0,,0.0,,76.0,,103.0,,1.0,,-9999.0,,,,1.0,,,,1.0,,-9999.0,,,,
1996,7,2,,,,,,,,,,0.0,,,,,0.0,0.0,,32.0,32.0,,,,,,,0.0,,,,,,0.0,,-9.0,,,,,,,,,,-9.0,,,,
1996,7,3,,,,,,,31.0,650.0,224.0,0.0,,,,,0.0,0.0,,75.02,66.92,535.0,,20.0,,270.0,,0.0,,,,72.0,,1.0,,999.0,,,,999.0,,,,1.0,,999.0,,,,
1996,7,4,,,,,,,,,,0.0,,,,,0.0,0.0,,,,,,,,,,0.0,,,,,,,,-999.0,,,,-999.0,,,,,,-999.0,,,,
1996,7,5,,,,,,,,,,,,,,,,,,,,,,,,,,,,,,,,9.0,,,,,,,,,,9.0,,,,,,
1996,7,6,,,,,,,28.0,1353.0,1328.0,0.0,,,,,0.0,0.0,,75.02,64.04,606.0,,20.0,,270.0,,0.0,,4068.0,,76.0,,1.0,,9999.0,,,,9999.0,,,,1.0,,9999.0,,,,
1996,7,7,,,,,,,,,,0.0,,,,,0.0,0.0,,,,,,,,,,0.0,,,,,,0.0,,-99.0,,,,,,,,,,-99.0,,,,
1996,7,8,,,,,,,,,,,,,,,,,,,,,,,,,,,,,,,,,,99.0,,,,,,,,,,99.0,,,,
1996,7,9,38.0,25.0,,,,,38.0,1451.0,1502.0,0.0,,,,,0.0,0.0,,73.94,64.94,755.0,,30.0,,320.0,,0.0,,72.0,,98.0,,1.0,,-9999.0,,,,-9999.0,,,,1.0,,-9999.0,,,,
1996,7,10,,,,,,,,,,0.0,,,,,0.0,0.0,,32.0,32.0,,,,,,,0.0,,,,,,0.0,,-9.0,,,,-9.0,,,,,,-9.0,,,,
1996,7,11,,,,,,,41.0,251.0,357.0,0.0,,,,,0.0,0.0,,71.06,62.959999999999994,222.0,,20.0,,270.0,,0.0,,,,80.0,,1.0,,999.0,,,,999.0,,,,1.0,,999.0,,,,
1996,7,12,,,,,,,,,,0.0,,,,,0.0,0.0,,,,,,,,,,0.0,,,,,,,,-999.0,,,,-999.0,,,,,,-999.0,,,,
1996,7,14,,,,,,,28.0,1550.0,1345.0,0.0,,,,,0.0,0.0,,73.04,64.04,489.0,,30.0,,320.0,,0.0,,501.0,,76.0,,9999.0,,9999.0,,,,9999.0,,,,9999.0,,9999.0,,,,
1996,7,15,,,,,,,,,,0.0,,,,,0.0,0.0,,,,,,,,,,0.0,,,,,,-99.0,,,,,,-99.0,,,,-99.0,,,,,,
1996,7,16,,,,,,,,,,,,,,,,,,,,,,,,,,,,,,,,99.0,,,,,,99.0,,,,99.0,,,,,,
1996,7,17,25.0,25.0,,,,,38.0,1450.0,1507.0,0.0,,,,,0.0,0.0,,73.04,64.94,711.0,,20.0,,270.0,,0.0,,4086.0,,94.0,,-9999.0,,-9999.0,,,,-9999.0,,,,-9999.0,,-9999.0,,,,
1996,7,18,,,,,,,,,,0.0,,,,,0.0,0.0,,32.0,32.0,,,,,,,0.0,,,,,,,,-9.0,,,,-9.0,,,,,,-9.0,,,,
1996,7,19,,,,,,,45.0,551.0,243.0,0.0,,,,,0.0,0.0,,71.96,64.94,692.0,,20.0,,320.0,,0.0,,,,103.0,,1.0,,999.0,,,,999.0,,,,1.0,,999.0,,,,
1996,7,20,,,,,,,,,,0.0,,,,,0.0,0.0,,,,,,,,,,0.0,,,,,,,,-999.0,,,,-999.0,,,,,,-999.0,,,,
1996,7,22,,,,,,,33.0,1553.0,1307.0,0.0,,,,,0.0,0.0,,71.06,64.04,505.0,,20.0,,180.0,,0.0,,1386.0,,80.0,,9999.0,,9999.0,,,,9999.0,,,,9999.0,,9999.0,,,,
1996,7,23,,,,,,,,,,0.0,,,,,0.0,0.0,,,,,,,,,,0.0,,,,,,-99.0,,-99.0,,,,-99.0,,,,-99.0,,-99.0,,,,
1996,7,24,,,,,,,,,,,,,,,,,,,,,,,,,,,,,,,,99.0,,99.0,,,,99.0,,,,99.0,,99.0,,,,
1996,7,25,88.0,75.0,,,,,34.0,1550.0,1513.0,0.0,,,,,0.0,0.0,,73.04,64.94,177.0,,20.0,,240.0,,0.0,,952.0,,76.0,,1.0,,-9999.0,,,,-9999.0,,,,1.0,,-9999.0,,,,
1996,7,26,,,,,,,,,,0.0,,,,,0.0,0.0,,32.0,32.0,,,,,,,0.0,,,,,,,,-9.0,,,,-9.0,,,,,,-9.0,,,,
1996,7,27,,,,,,,36.0,350.0,327.0,0.0,,,,,0.0,0.0,,73.04,66.02,442.0,,30.0,,320.0,,0.0,,510.0,,89.0,,999.0,,999.0,,,,999.0,,,,999.0,,999.0,,,,
1996,7,28,,,,,,,,,,0.0,,,,,0.0,0.0,,,,,,,,,,0.0,,,,,,-999.0,,-999.0,,,,-999.0,,,,-999.0,,-999.0,,,,
1996,7,29,,,,,,,,,,,,,,,,,,,,,,,,,,,,,,,,9.0,,,,,,9.0,,,,9.0,,,,,,
1996,7,30,,,,,,,31.0,1551.0,1125.0,0.0,,,,,0.0,0.0,,75.02,66.02,672.0,,20.0,,270.0,,0.0,,3621.0,,72.0,,1.0,,9999.0,,,,1.0,,,,1.0,,9999.0,,,,
1996,7,31,,,,,,,,,,0.0,,,,,0.0,0.0,,,,,,,,,,0.0,,,,,,0.0,,-99.0,,,,0.0,,,,,,-99.0,,,,
1996,8,1,,,,,,,27.0,1418.0,,0.0,,,,,,,,75.02,66.92,,,160.0,,,,0.0,,63.0,,,,1.0,,-9999.0,,,,1.0,,,,1.0,,-9999.0,,,,
1996,8,2,,,,,,,,,,0.0,,,,,,,,32.0,32.0,,,,,,,0.0,,,,,,0.0,,-9.0,,,,0.0,,,,,,-9.0,,,,
1996,8,3,,,,,,,28.0,343.0,,0.0,,,,,,,,73.94,66.92,,,160.0,,,,0.0,,49.0,,,,1.0,,999.0,,,,1.0,,,,1.0,,999.0,,,,
1996,8,4,,,,,,,,,,0.0,,,,,,,,,,,,,,,,0.0,,,,,,0.0,,-999.0,,,,0.0,,,,,,-999.0,,,,
1996,8,6,,,,,,,32.0,1404.0,,0.0,,,,,,,,73.04,66.02,,,190.0,,,,0.0,,63.0,,,,9999.0,,9999.0,,,,9999.0,,,,9999.0,,9999.0,,,,
1996,8,7,,,,,,,,,,0.0,,,,,,,,,,,,,,,,0.0,,,,,,-99.0,,-99.0,,,,-99.0,,,,-99.0,,-99.0,,,,
1996,8,8,,,,,,,,,,,,,,,,,,,,,,,,,,,,,,,,99.0,,99.0,,,,99.0,,,,99.0,,99.0,,,,
1996,8,9,,,,,,,37.0,1419.0,,0.0,,,,,,,,73.94,66.92,,,260.0,,,,0.0,,72.0,,,,-9999.0,,-9999.0,,,,-9999.0,,,,-9999.0,,-9999.0,,,,
1996,8,10,,,,,,,,,,0.0,,,,,,,,32.0,32.0,,,,,,,0.0,,,,,,-9.0,,-9.0,,,,-9.0,,,,-9.0,,-9.0,,,,
1996,8,11,,,,,,,33.0,307.0,,0.0,,,,,,,,73.94,66.92,,,260.0,,,,0.0,,76.0,,,,999.0,,999.0,,,,999.0,,,,999.0,,999.0,,,,
1996,8,12,,,,,,,,,,0.0,,,,,,,,,,,,,,,,0.0,,,,,,,,-999.0,,,,,,,,,,-999.0,,,,
1996,8,14,,,,,,,31.0,1216.0,,0.0,,,,,,,,75.02,66.92,,,270.0,,,,0.0,,63.0,,,,1.0,,9999.0,,,,1.0,,,,1.0,,9999.0,,,,
1996,8,15,,,,,,,,,,0.0,,,,,,,,,,,,,,,,0.0,,,,,,0.0,,-99.0,,,,0.0,,,,,,,,,,
1996,8,16,,,,,,,,,,,,,,,,,,,,,,,,,,,,,,,,,,99.0,,,,,,,,,,,,,,
1996,8,17,,,,,,,30.0,1644.0,,0.0,,,,,,,,77.0,69.08,,,260.0,,,,0.0,,58.0,,,,-9999.0,,-9999.0,,,,1.0,,,,-9999.0,,-9999.0,,,,
1996,8,18,,,,,,,,,,0.0,,,,,,,,32.0,32.0,,,,,,,0.0,,,,,,,,-9.0,,,,0.0,,,,,,-9.0,,,,
1996,8,19,,,,,,,33.0,315.0,,0.0,,,,,,,,78.98,69.08,,,260.0,,,,0.0,,72.0,,,,1.0,,999.0,,,,1.0,,,,1.0,,999.0,,,,
1996,8,20,,,,,,,,,,0.0,,,,,,,,,,,,,,,,0.0,,,,,,0.0,,-999.0,,,,0.0,,,,,,-999.0,,,,
1996,8,22,,,,,,,20.0,1413.0,,0.0,,,,,,,,86.0,71.06,,,190.0,,,,0.0,,45.0,,,,9999.0,,9999.0,,,,9999.0,,,,9999.0,,9999.0,,,,
1996,8,23,,,,,,,,,,0.0,,,,,,,,,,,,,,,,0.0,,,,,,-99.0,,,,,,-99.0,,,,-99.0,,,,,,
1996,8,24,,,,,,,,,,,,,,,,,,,,,,,,,,,,,,,,99.0,,,,,,99.0,,,,99.0,,,,,,
1996,8,25,,,,,,,23.0,1411.0,,0.0,,,,,,,,80.06,69.08,,,220.0,,,,0.0,,49.0,,,,1.0,,-9999.0,,,,-9999.0,,,,1.0,,-9999.0,,,,
1996,8,26,,,,,,,,,,0.0,,,,,,,,32.0,32.0,,,,,,,0.0,,,,,,0.0,,-9.0,,,,,,,,,,-9.0,,,,
1996,8,27,,,,,,,31.0,609.0,,0.0,,,,,,,,78.08,69.08,,,270.0,,,,0.0,,67.0,,,,1.0,,999.0,,,,1.0,,,,1.0,,999.0,,,,
1996,8,28,,,,,,,,,,0.0,,,,,,,,,,,,,,,,0.0,,,,,,,,-999.0,,,,0.0,,,,,,-999.0,,,,
1996,8,30,,,,,,,31.0,1747.0,,0.0,,,,,,,,75.92,66.92,,,260.0,,,,0.0,,58.0,,,,9999.0,,9999.0,,,,1.0,,,,9999.0,,9999.0,,,,
1996,8,31,,,,,,,,,,0.0,,,,,,,,,,,,,,,,0.0,,,,,,,,-99.0,,,,0.0,,,,,,-99.0,,,,
1996,9,1,,,,,,,27.0,1602.0,,0.0,,,,,,,,78.08,69.98,,,180.0,190.0,,,0.0,,45.0,80.0,,,-9999.0,,,,,,1.0,,,,-9999.0,,-9999.0,,,,
1996,9,2,,,,,,,,,,0.0,,,,,,,,32.0,32.0,,,,,,,0.0,,,,,,-9.0,,,,,,0.0,,,,-9.0,,-9.0,,,,
1996,9,3,,,,,,,30.0,337.0,,0.0,,,,,,,,75.02,69.08,,,190.0,230.0,,,0.0,,49.0,67.0,,,999.0,,,,,,1.0,,,,999.0,,999.0,,,,
1996,9,4,,,,,,,,,,0.0,,,,,,,,,,,,,,,,0.0,,,,,,-999.0,,,,,,0.0,,,,-999.0,,-999.0,,,,
1996,9,6,,,,,,,33.0,1442.0,,0.0,,,,,,,,75.92,69.08,,,260.0,260.0,,,0.0,,76.0,98.0,,,9999.0,,,,,,9999.0,,,,9999.0,,9999.0,,,,
1996,9,7,,,,,,,,,,0.0,,,,,,,,,,,,,,,,0.0,,,,,,-99.0,,,,,,,,,,-99.0,,-99.0,,,,
1996,9,8,,,,,,,,,,,,,,,,,,,,,,,,,,,,,,,,99.0,,,,,,,,,,99.0,,99.0,,,,
1996,9,9,,,,,,,21.0,1354.0,,0.0,,,,,,,,77.0,68.0,,,270.0,260.0,,,0.0,,58.0,72.0,,,-9999.0,,,,,,-9999.0,,,,-9999.0,,-9999.0,,,,
1996,9,10,,,,,,,,,,0.0,,,,,,,,32.0,32.0,,,,,,,0.0,,,,,,-9.0,,,,,,-9.0,,,,-9.0,,-9.0,,,,
1996,9,11,,,,,,,23.0,506.0,,0.0,,,,,,,,80.06,69.98,,,260.0,270.0,,,0.0,,63.0,72.0,,,999.0,,,,,,999.0,,,,999.0,,999.0,,,,
1996,9,12,,,,,,,,,,0.0,,,,,,,,,,,,,,,,0.0,,,,,,-999.0,,,,,,-999.0,,,,-999.0,,-999.0,,,,
1996,9,14,,,,,,,34.0,1235.0,,0.0,,,,,,,,78.08,69.08,,,270.0,270.0,,,0.0,,80.0,89.0,,,9999.0,,,,,,9999.0,,,,9999.0,,9999.0,,,,
1996,9,15,,,,,,,,,,0.0,,,,,,,,,,,,,,,,0.0,,,,,,,,,,,,,,,,,,-99.0,,,,
1996,9,16,,,,,,,,,,,,,,,,,,,,,,,,,,,,,,,,,,,,,,,,,,,,99.0,,,,
1996,9,17,,,,,,,32.0,1514.0,,0.0,,,,,,,,78.08,64.94,,,270.0,270.0,,,0.0,,76.0,80.0,,,1.0,,,,,,1.0,,,,1.0,,-9999.0,,,,
1996,9,18,,,,,,,,,,0.0,,,,,,,,32.0,32.0,,,,,,,0.0,,,,,,0.0,,,,,,0.0,,,,,,-9.0,,,,
1996,9,19,,,,,,,27.0,545.0,,0.0,,,,,,,,75.92,64.04,,,270.0,270.0,,,0.0,,63.0,72.0,,,1.0,,,,,,1.0,,,,1.0,,999.0,,,,
1996,9,20,,,,,,,,,,0.0,,,,,,,,,,,,,,,,0.0,,,,,,,,,,,,,,,,,,-999.0,,,,
1996,9,22,,,,,,,29.0,1422.0,,0.0,,,,,,,,73.94,64.94,,,240.0,240.0,,,0.0,,67.0,80.0,,,9999.0,,,,,,9999.0,,,,9999.0,,9999.0,,,,
1996,9,23,,,,,,,,,,0.0,,,,,,,,,,,,,,,,0.0,,,,,,-99.0,,,,,,-99.0,,,,-99.0,,-99.0,,,,
1996,9,24,,,,,,,,,,,,,,,,,,,,,,,,,,,,,,,,99.0,,,,,,99.0,,,,99.0,,99.0,,,,
1996,9,25,,,,,,,34.0,1142.0,,0.0,,,,,,,,73.04,66.92,,,200.0,200.0,,,0.0,,63.0,67.0,,,-9999.0,,,,,,-9999.0,,,,-9999.0,,-9999.0,,,,
1996,9,26,,,,,,,,,,0.0,,,,,,,,32.0,32.0,,,,,,,0.0,,,,,,-9.0,,,,,,-9.0,,,,-9.0,,-9.0,,,,
1996,9,27,,,,,,,29.0,419.0,,0.0,,,,,,,,73.94,64.94,,,200.0,200.0,,,0.0,,63.0,72.0,,,999.0,,,,,,999.0,,,,999.0,,999.0,,,,
1996,9,28,,,,,,,,,,0.0,,,,,,,,,,,,,,,,0.0,,,,,,-999.0,,,,,,-999.0,,,,-999.0,,-999.0,,,,
1996,9,29,,,,,,,,,,,,,,,,,,,,,,,,,,,,,,,,,,,,,,9.0,,,,,,,,,,
1996,9,30,,,,,,,30.0,943.0,,0.0,,,,,,,,75.02,66.92,,,270.0,280.0,,,0.0,,72.0,89.0,,,9999.0,,,,,,1.0,,,,9999.0,,9999.0,,,,
1996,9,31,,,,,,,,,,0.0,,,,,,,,,,,,,,,,0.0,,,,,,-99.0,,,,,,0.0,,,,-99.0,,-99.0,,,,
1996,10,1,,,,,,,25.0,1245.0,,0.0,,,,,,,,69.98,64.04,,,240.0,260.0,,,0.0,,58.0,67.0,,,-9999.0,-9999.0,-9999.0,,,,-9999.0,,,,-9999.0,-9999.0,-9999.0,,,,
1996,10,2,,,,,,,,,,0.0,,,,,,,,32.0,32.0,,,,,,,0.0,,,,,,-9.0,-9.0,-9.0,,,,-9.0,,,,-9.0,-9.0,-9.0,,,,
1996,10,3,,,,,,,34.0,314.0,,0.0,,,,,,,,73.04,64.94,,,270.0,280.0,,,0.0,,72.0,80.0,,,999.0,999.0,999.0,,,,999.0,,,,999.0,999.0,999.0,,,,
1996,10,4,,,,,,,,,,0.0,,,,,,,,,,,,,,,,0.0,,,,,,,-999.0,-999.0,,,,,,,,,-999.0,-999.0,,,,
1996,10,6,,,,,,,22.0,1158.0,,0.0,,,,,,,,71.96,62.959999999999994,,,270.0,190.0,,,0.0,,49.0,58.0,,,1.0,9999.0,9999.0,,,,1.0,,,,1.0,9999.0,9999.0,,,,
1996,10,7,,,,,,,,,,0.0,,,,,,,,,,,,,,,,0.0,,,,,,0.0,-99.0,-99.0,,,,0.0,,,,,-99.0,-99.0,,,,
1996,10,8,,,,,,,,,,,,,,,,,,,,,,,,,,,,,,,,,99.0,99.0,,,,,,,,,99.0,99.0,,,,
1996,10,9,,,,,,,21.0,1212.0,,0.0,,,,,,,,71.06,62.959999999999994,,,270.0,270.0,,,0.0,,63.0,67.0,,,1.0,-9999.0,-9999.0,,,,1.0,,,,1.0,-9999.0,-9999.0,,,,
1996,10,10,,,,,,,,,,0.0,,,,,,,,32.0,32.0,,,,,,,0.0,,,,,,0.0,,-9.0,,,,0.0,,,,,-9.0,-9.0,,,,
1996,10,11,,,,,,,31.0,250.0,,0.0,,,,,,,,71.06,62.959999999999994,,,270.0,270.0,,,0.0,,72.0,80.0,,,1.0,1.0,999.0,,,,1.0,,,,1.0,999.0,999.0,,,,
1996,10,12,,,,,,,,,,0.0,,,,,,,,,,,,,,,,0.0,,,,,,0.0,,-999.0,,,,0.0,,,,,-999.0,-999.0,,,,
1996,10,14,,,,,,,31.0,1542.0,,0.0,,,,,,,,71.06,62.059999999999995,,,270.0,270.0,,,0.0,,67.0,76.0,,,1.0,1.0,9999.0,,,,1.0,,,,1.0,9999.0,9999.0,,,,
1996,10,15,,,,,,,,,,0.0,,,,,,,,,,,,,,,,0.0,,,,,,0.0,,-99.0,,,,0.0,,,,,-99.0,-99.0,,,,
1996,10,16,,,,,,,,,,,,,,,,,,,,,,,,,,,,,,,,,,99.0,,,,,,,,,99.0,99.0,,,,
1996,10,17,,,,,,,30.0,1339.0,,0.0,,,,,,,,71.96,60.08,,,270.0,260.0,,,0.0,,67.0,76.0,,,1.0,1.0,-9999.0,,,,1.0,,,,1.0,-9999.0,-9999.0,,,,
1996,10,18,,,,,,,,,,0.0,,,,,,,,32.0,32.0,,,,,,,0.0,,,,,,0.0,,-9.0,,,,0.0,,,,,-9.0,-9.0,,,,
1996,10,19,,,,,,,31.0,244.0,,0.0,,,,,,,,71.06,60.08,,,270.0,270.0,,,0.0,,72.0,80.0,,,1.0,999.0,999.0,,,,1.0,,,,1.0,999.0,999.0,,,,
1996,10,20,,,,,,,,,,0.0,,,,,,,,,,,,,,,,0.0,,,,,,0.0,-999.0,-999.0,,,,,,,,,-999.0,-999.0,,,,
1996,10,21,,,,,,,,,,,,,,,,,,,,,,,,,,,,,,,,,,,,,,9.0,,,,,,,,,,
1996,10,22,,,,,,,22.0,1350.0,,0.0,,,,,,,,68.0,62.059999999999995,,,190.0,210.0,,,0.0,,45.0,63.0,,,1.0,9999.0,9999.0,,,,1.0,,,,1.0,9999.0,9999.0,,,,
1996,10,23,,,,,,,,,,0.0,,,,,,,,,,,,,,,,0.0,,,,,,0.0,-99.0,-99.0,,,,0.0,,,,,-99.0,-99.0,,,,
1996,10,24,,,,,,,,,,,,,,,,,,,,,,,,,,,,,,,,,99.0,99.0,,,,,,,,,99.0,99.0,,,,
1996,10,25,,,,,,,22.0,1620.0,,0.0,,,,,,,,68.0,62.959999999999994,,,240.0,220.0,,,0.0,,45.0,58.0,,,1.0,-9999.0,-9999.0,,,,1.0,,,,1.0,-9999.0,-9999.0,,,,
1996,10,26,,,,,,,,,,0.0,,,,,,,,32.0,32.0,,,,,,,0.0,,,,,,0.0,-9.0,-9.0,,,,0.0,,,,,-9.0,-9.0,,,,
1996,10,27,,,,,,,23.0,314.0,,0.0,,,,,,,,69.08,62.059999999999995,,,260.0,280.0,,,0.0,,58.0,72.0,,,1.0,999.0,999.0,,,,1.0,,,,1.0,999.0,999.0,,,,
1996,10,28,,,,,,,,,,0.0,,,,,,,,,,,,,,,,0.0,,,,,,0.0,-999.0,-999.0,,,,0.0,,,,,-999.0,-999.0,,,,
1996,10,29,,,,,,,,,,,,,,,,,,,,,,,,,,,,,,,,,,,,,,,,,,,,9.0,,,,
1996,10,30,,,,,,,37.0,955.0,,,,,,,,,,66.02,62.059999999999995,,,160.0,150.0,,,0.0,,89.0,112.0,,,9999.0,9999.0,9999.0,,,,9999.0,,,,9999.0,9999.0,1.0,,,,
1996,10,31,,,,,,,,,,0.0,,,,,,,,,,,,,,,,0.0,,,,,,-99.0,-99.0,-99.0,,,,-99.0,,,,-99.0,-99.0,,,,,
1996,11,1,,,,,,,20.0,1648.0,,0.0,,,,,,,,71.96,48.92,,,290.0,290.0,,,0.0,,63.0,76.0,,,-9999.0,-9999.0,,,,,-9999.0,,,,-9999.0,-9999.0,-9999.0,,,,
1996,11,2,,,,,,,,,,0.0,,,,,,,,32.0,32.0,,,,,,,0.0,,,,,,-9.0,-9.0,,,,,-9.0,,,,-9.0,-9.0,-9.0,,,,
1996,11,3,,,,,,,20.0,155.0,,0.0,,,,,,,,64.94,51.08,,,210.0,190.0,,,0.0,,58.0,63.0,,,999.0,999.0,,,,,999.0,,,,999.0,999.0,999.0,,,,
1996,11,4,,,,,,,,,,0.0,,,,,,,,,,,,,,,,0.0,,,,,,-999.0,-999.0,,,,,-999.0,,,,-999.0,-999.0,-999.0,,,,
1996,11,5,,,,,,,,,,,,,,,,,,,,,,,,,,,,,,,,9.0,,,,,,9.0,,,,9.0,,,,,,
1996,11,6,,,,,,,25.0,1446.0,,0.0,,,,,,,,64.94,51.98,,,270.0,270.0,,,0.0,,63.0,72.0,,,1.0,9999.0,,,,,1.0,,,,1.0,9999.0,9999.0,,,,
1996,11,7,,,,,,,,,,0.0,,,,,,,,,,,,,,,,0.0,,,,,,,-99.0,,,,,,,,,,-99.0,-99.0,,,,
1996,11,8,,,,,,,,,,,,,,,,,,,,,,,,,,,,,,,,99.0,99.0,,,,,99.0,,,,99.0,99.0,99.0,,,,
1996,11,9,,,,,,,24.0,1357.0,,0.0,,,,,,,,66.92,51.98,,,270.0,280.0,,,0.0,,67.0,76.0,,,-9999.0,-9999.0,,,,,-9999.0,,,,-9999.0,-9999.0,-9999.0,,,,
1996,11,10,,,,,,,,,,0.0,,,,,,,,32.0,32.0,,,,,,,0.0,,,,,,-9.0,-9.0,,,,,-9.0,,,,-9.0,-9.0,-9.0,,,,
1996,11,11,,,,,,,19.0,313.0,,0.0,,,,,,,,78.98,48.92,,,310.0,320.0,,,0.0,,49.0,58.0,,,999.0,999.0,,,,,999.0,,,,999.0,999.0,999.0,,,,
1996,11,12,,,,,,,,,,0.0,,,,,,,,,,,,,,,,0.0,,,,,,-999.0,-999.0,,,,,-999.0,,,,-999.0,-999.0,-999.0,,,,
1996,11,14,,,,,,,14.0,1441.0,,0.0,,,,,,,,87.98,55.94,,,300.0,300.0,,,0.0,,58.0,67.0,,,9999.0,9999.0,,,,,9999.0,,,,9999.0,9999.0,9999.0,,,,
1996,11,15,,,,,,,,,,0.0,,,,,,,,,,,,,,,,0.0,,,,,,-99.0,-99.0,,,,,-99.0,,,,-99.0,-99.0,-99.0,,,,
1996,11,16,,,,,,,,,,,,,,,,,,,,,,,,,,,,,,,,99.0,99.0,,,,,99.0,,,,99.0,99.0,99.0,,,,
1996,11,17,,,,,,,12.0,1425.0,,0.0,,,,,,,,78.98,55.94,,,280.0,300.0,,,0.0,,40.0,49.0,,,-9999.0,-9999.0,,,,,-9999.0,,,,-9999.0,-9999.0,-9999.0,,,,
1996,11,18,,,,,,,,,,0.0,,,,,,,,32.0,32.0,,,,,,,0.0,,,,,,,,,,,,,,,,,-9.0,-9.0,,,,
1996,11,19,,,,,,,15.0,411.0,,0.0,,,,,,,,75.02,55.94,,,290.0,270.0,,,0.0,,40.0,45.0,,,1.0,1.0,,,,,1.0,,,,1.0,999.0,999.0,,,,
1996,11,20,,,,,,,,,,0.0,,,,,,,,,,,,,,,,0.0,,,,,,0.0,,,,,,0.0,,,,,-999.0,-999.0,,,,
1996,11,22,,,,,,,34.0,2158.0,,0.0,,,,,,,,60.980000000000004,57.02,,,210.0,140.0,,,0.0,,63.0,76.0,,,1.0,9999.0,,,,,1.0,,,,1.0,9999.0,9999.0,,,,
1996,11,23,,,,,,,,,,0.0,,,,,,,,,,,,,,,,0.0,,,,,,,-99.0,,,,,,,,,,-99.0,,,,,
1996,11,24,,,,,,,,,,,,,,,,,,,,,,,,,,,,,,,,99.0,99.0,,,,,99.0,,,,99.0,99.0,,,,,
1996,11,25,,,,,,,14.0,1305.0,,0.0,,,,,,,,62.959999999999994,55.04,,,230.0,230.0,,,0.0,,58.0,63.0,,,-9999.0,-9999.0,,,,,-9999.0,,,,-9999.0,-9999.0,-9999.0,,,,
1996,11,26,,,,,,,,,,0.0,,,,,,,,32.0,32.0,,,,,,,0.0,,,,,,-9.0,-9.0,,,,,-9.0,,,,-9.0,-9.0,-9.0,,,,
1996,11,27,,,,,,,23.0,307.0,,0.0,,,,,,,,64.94,51.08,,,270.0,270.0,,,0.0,,76.0,94.0,,,999.0,999.0,,,,,999.0,,,,999.0,999.0,999.0,,,,
1996,11,28,,,,,,,,,,0.0,,,,,,,,,,,,,,,,0.0,,,,,,,-999.0,,,,,-999.0,,,,,-999.0,-999.0,,,,
1996,11,30,,,,,,,33.0,1339.0,,0.0,,,,,,,,60.980000000000004,57.02,,,310.0,310.0,,,0.0,,67.0,80.0,,,1.0,9999.0,,,,,9999.0,,,,1.0,9999.0,9999.0,,,,
1996,11,31,,,,,,,,,,0.0,,,,,,,,,,,,,,,,0.0,,,,,,0.0,-99.0,,,,,,,,,,-99.0,-99.0,,,,
1996,12,1,,,,,,,12.0,1221.0,,0.0,,,,,,,,62.959999999999994,46.04,,,300.0,290.0,,,0.0,,49.0,58.0,,,-9999.0,-9999.0,,,,,-9999.0,,,,-9999.0,,-9999.0,,,,
1996,12,2,,,,,,,,,,0.0,,,,,,,,32.0,32.0,,,,,,,0.0,,,,,,-9.0,-9.0,,,,,-9.0,,,,-9.0,,-9.0,,,,
1996,12,3,,,,,,,20.0,609.0,,0.0,,,,,,,,66.92,44.06,,,320.0,290.0,,,0.0,,58.0,72.0,,,999.0,999.0,,,,,999.0,,,,999.0,,999.0,,,,
1996,12,4,,,,,,,,,,0.0,,,,,,,,,,,,,,,,0.0,,,,,,,-999.0,,,,,-999.0,,,,,,-999.0,,,,
1996,12,6,,,,,,,14.0,1434.0,,0.0,,,,,,,,64.04,46.04,,,280.0,290.0,,,0.0,,58.0,72.0,,,1.0,9999.0,,,,,9999.0,,,,1.0,,9999.0,,,,
1996,12,7,,,,,,,,,,0.0,,,,,,,,,32.0,,,,,,,0.0,,,,,,0.0,-99.0,,,,,-99.0,,,,,,,,,,
1996,12,8,,,,,,,,,,,,,,,,,,,,,,,,,,,,,,,,,99.0,,,,,99.0,,,,,,,,,,
1996,12,9,,,,,,,29.0,909.0,,13.0,,,,,,,,62.959999999999994,53.96,,,240.0,220.0,,,0.0,,63.0,98.0,,,1.0,-9999.0,,,,,-9999.0,,,,1.0,,1.0,,,,
1996,12,10,,,,,,,,,,0.0,,,,,,,,32.0,32.0,,,,,,,0.0,,,,,,0.0,-9.0,,,,,-9.0,,,,,,,,,,
1996,12,11,,,,,,,20.0,319.0,,0.0,,,,,,,,64.04,50.0,,,270.0,270.0,,,0.0,,72.0,80.0,,,1.0,999.0,,,,,999.0,,,,1.0,,999.0,,,,
1996,12,12,,,,,,,,,,0.0,,,,,,,,,,,,,,,,0.0,,,,,,0.0,-999.0,,,,,-999.0,,,,,,-999.0,,,,
1996,12,13,,,,,,,,,,,,,,,,,,,,,,,,,,,,,,,,,9.0,,,,,,,,,,,9.0,,,,
1996,12,14,,,,,,,50.0,1531.0,,46.0,,,,,,,,62.059999999999995,51.98,,,110.0,110.0,,,0.0,,130.0,143.0,,,1.0,1.0,,,,,9999.0,,,,1.0,,1.0,,,,
1996,12,15,,,,,,,,,,0.0,,,,,,,,,,,,,,,,0.0,,,,,,0.0,,,,,,-99.0,,,,,,0.0,,,,
1996,12,16,,,,,,,,,,,,,,,,,,,,,,,,,,,,,,,,,99.0,,,,,99.0,,,,,,,,,,
1996,12,17,,,,,,,31.0,1338.0,,51.0,,,,,,,,60.08,57.92,,,140.0,130.0,,,0.0,,58.0,76.0,,,1.0,-9999.0,,,,,-9999.0,,,,1.0,,1.0,,,,
1996,12,18,,,,,,,,,,0.0,,,,,,,,32.0,32.0,,,,,,,0.0,,,,,,0.0,,,,,,-9.0,,,,,,,,,,
1996,12,19,,,,,,,25.0,618.0,,0.0,,,,,,,,66.92,57.92,,,320.0,320.0,,,0.0,,76.0,89.0,,,1.0,1.0,,,,,999.0,,,,1.0,,999.0,,,,
1996,12,20,,,,,,,,,,0.0,,,,,,,,,,,,,,,,0.0,,,,,,0.0,,,,,,,,,,,,-999.0,,,,
1996,12,22,,,,,,,16.0,1507.0,,0.0,,,,,,,,64.04,53.06,,,300.0,280.0,,,0.0,,45.0,63.0,,,1.0,9999.0,,,,,1.0,,,,1.0,,9999.0,,,,
1996,12,23,,,,,,,,,,0.0,,,,,,,,,32.0,,,,,,,0.0,,,,,,0.0,-99.0,,,,,,,,,,,-99.0,,,,
1996,12,24,,,,,,,,,,,,,,,,,,,,,,,,,,,,,,,,,99.0,,,,,99.0,,,,,,99.0,,,,
1996,12,25,,,,,,,17.0,1317.0,,0.0,,,,,,,,69.98,44.96,,,280.0,280.0,,,0.0,,49.0,63.0,,,-9999.0,-9999.0,,,,,-9999.0,,,,-9999.0,,-9999.0,,,,
1996,12,26,,,,,,,,,,0.0,,,,,,,,32.0,32.0,,,,,,,0.0,,,,,,-9.0,-9.0,,,,,-9.0,,,,-9.0,,-9.0,,,,
1996,12,27,,,,,,,13.0,359.0,,0.0,,,,,,,,78.08,46.94,,,10.0,350.0,,,0.0,,63.0,80.0,,,999.0,999.0,,,,,999.0,,,,999.0,,999.0,,,,
1996,12,28,,,,,,,,,,0.0,,,,,,,,,,,,,,,,0.0,,,,,,-999.0,-999.0,,,,,-999.0,,,,-999.0,,-999.0,,,,
1996,12,30,,,,,,,15.0,1415.0,,0.0,,,,,,,,68.0,42.980000000000004,,,300.0,290.0,,,0.0,,63.0,67.0,,,9999.0,9999.0,,,,,9999.0,,,,9999.0,,9999.0,,,,
1996,12,31,,,,,,,,,,0.0,,,,,,,,,32.0,,,,,,,0.0,,,,,,,-99.0,,,,,-99.0,,,,,,-99.0,,,,
1997,1,1,,,,,,,16.0,1426.0,,0.0,,,,,,,,71.06,55.94,,,280.0,280.0,,,0.0,,58.0,72.0,,,1.0,-9999.0,,,,,1.0,,,,1.0,,-9999.0,,,,
1997,1,2,,,,,,,,,,0.0,,,,,,,,32.0,32.0,,,,,,,0.0,,,,,,0.0,-9.0,,,,,,,,,,,,,,,
1997,1,3,,,,,,,15.0,512.0,,3.0,,,,,,,,66.02,60.08,,,270.0,290.0,,,0.0,,45.0,49.0,,,1.0,999.0,,,,,999.0,,,,1.0,,1.0,,,,
1997,1,4,,,,,,,,,,,,,,,,,,,,,,,,,,0.0,,,,,,0.0,-999.0,,,,,-999.0,,,,,,0.0,,,,
1997,1,6,,,,,,,29.0,958.0,,0.0,,,,,,,,60.08,55.04,,,120.0,130.0,,,0.0,,49.0,58.0,,,9999.0,9999.0,,,,,9999.0,,,,9999.0,,9999.0,,,,
1997,1,7,,,,,,,,,,0.0,,,,,,,,,,,,,,,,0.0,,,,,,,-99.0,,,,,-99.0,,,,,,,,,,
1997,1,8,,,,,,,,,,,,,,,,,,,,,,,,,,,,,,,,,99.0,,,,,99.0,,,,,,,,,,
1997,1,9,,,,,,,45.0,1534.0,,0.0,,,,,,,,60.980000000000004,46.94,,,340.0,320.0,,,0.0,,94.0,116.0,,,-9999.0,-9999.0,,,,,-9999.0,,,,-9999.0,,-9999.0,,,,
1997,1,10,,,,,,,,,,0.0,,,,,,,,32.0,32.0,,,,,,,0.0,,,,,,-9.0,-9.0,,,,,-9.0,,,,-9.0,,-9.0,,,,
1997,1,11,,,,,,,19.0,434.0,,0.0,,,,,,,,62.959999999999994,42.08,,,270.0,270.0,,,0.0,,67.0,72.0,,,999.0,999.0,,,,,999.0,,,,999.0,,999.0,,,,
1997,1,12,,,,,,,,,,0.0,,,,,,,,,,,,,,,,0.0,,,,,,-999.0,-999.0,,,,,-999.0,,,,-999.0,,-999.0,,,,
1997,1,13,,,,,,,,,,,,,,,,,,,,,,,,,,,,,,,,9.0,,,,,,,,,,9.0,,,,,,
1997,1,14,,,,,,,10.0,1428.0,,0.0,,,,,,,,60.980000000000004,44.96,,,200.0,200.0,,,0.0,,40.0,45.0,,,1.0,9999.0,,,,,9999.0,,,,1.0,,9999.0,,,,
1997,1,15,,,,,,,,,,0.0,,,,,,,,,32.0,,,,,,,0.0,,,,,,0.0,-99.0,,,,,,,,,,,-99.0,,,,
1997,1,16,,,,,,,,,,,,,,,,,,,,,,,,,,,,,,,,,99.0,,,,,,,,,,,99.0,,,,
1997,1,17,,,,,,,27.0,1519.0,,0.0,,,,,,,,60.08,53.06,,,170.0,170.0,,,0.0,,49.0,63.0,,,-9999.0,-9999.0,,,,,1.0,,,,-9999.0,,-9999.0,,,,
1997,1,18,,,,,,,,,,0.0,,,,,,,,32.0,32.0,,,,,,,0.0,,,,,,,-9.0,,,,,,,,,,,,,,,
1997,1,19,,,,,,,45.0,442.0,,231.0,,,,,,,,57.92,51.98,,,150.0,160.0,,,0.0,,112.0,148.0,,,1.0,999.0,,,,,999.0,,,,1.0,,1.0,,,,
1997,1,20,,,,,,,,,,,,,,,,,,,,,,,,,,0.0,,,,,,,-999.0,,,,,-999.0,,,,,,0.0,,,,
1997,1,22,,,,,,,18.0,14.0,,,,,,,,,,60.08,53.96,,,220.0,240.0,,,0.0,,63.0,72.0,,,9999.0,9999.0,,,,,9999.0,,,,9999.0,,1.0,,,,
1997,1,23,,,,,,,,,,0.0,,,,,,,,,,,,,,,,0.0,,,,,,,-99.0,,,,,-99.0,,,,,,0.0,,,,
1997,1,24,,,,,,,,,,,,,,,,,,,,,,,,,,,,,,,,,99.0,,,,,99.0,,,,,,,,,,
1997,1,25,,,,,,,15.0,1650.0,,0.0,,,,,,,,62.059999999999995,48.02,,,300.0,300.0,,,0.0,,67.0,72.0,,,-9999.0,-9999.0,,,,,-9999.0,,,,-9999.0,,-9999.0,,,,
1997,1,26,,,,,,,,,,0.0,,,,,,,,32.0,32.0,,,,,,,0.0,,,,,,-9.0,-9.0,,,,,-9.0,,,,-9.0,,-9.0,,,,
1997,1,27,,,,,,,18.0,439.0,,0.0,,,,,,,,66.92,46.04,,,280.0,280.0,,,0.0,,67.0,80.0,,,999.0,999.0,,,,,999.0,,,,999.0,,999.0,,,,
1997,1,28,,,,,,,,,,0.0,,,,,,,,,,,,,,,,0.0,,,,,,-999.0,-999.0,,,,,-999.0,,,,-999.0,,-999.0,,,,
1997,1,30,,,,,,,17.0,1600.0,,0.0,,,,,,,,68.0,48.02,,,170.0,160.0,,,0.0,,40.0,49.0,,,9999.0,9999.0,,,,,9999.0,,,,9999.0,,9999.0,,,,
1997,1,31,,,,,,,,,,0.0,,,,,,,,,32.0,,,,,,,0.0,,,,,,-99.0,-99.0,,,,,-99.0,,,,-99.0,,-99.0,,,,
1997,2,1,,,,,,,19.0,1247.0,,0.0,,,,,,,,62.959999999999994,50.0,,,270.0,270.0,,,0.0,,45.0,58.0,,,1.0,1.0,,,,,1.0,,,,1.0,,-9999.0,,,,
1997,2,2,,,,,,,,,,0.0,,,,,,,,32.0,32.0,,,,,,,0.0,,,,,,0.0,,,,,,0.0,,,,,,-9.0,,,,
1997,2,3,,,,,,,27.0,747.0,,0.0,,,,,,,,60.980000000000004,53.06,,,300.0,270.0,,,0.0,,45.0,63.0,,,1.0,999.0,,,,,1.0,,,,1.0,,999.0,,,,
1997,2,4,,,,,,,,,,0.0,,,,,,,,,,,,,,,,0.0,,,,,,0.0,-999.0,,,,,0.0,,,,,,-999.0,,,,
1997,2,6,,,,,,,22.0,1605.0,,0.0,,,,,,,,62.059999999999995,51.08,,,240.0,250.0,,,0.0,,67.0,76.0,,,1.0,9999.0,,,,,1.0,,,,1.0,,9999.0,,,,
1997,2,7,,,,,,,,,,0.0,,,,,,,,,,,,,,,,0.0,,,,,,0.0,-99.0,,,,,,,,,,,-99.0,,,,
1997,2,8,,,,,,,,,,,,,,,,,,,,,,,,,,,,,,,,,99.0,,,,,99.0,,,,,,99.0,,,,
1997,2,9,,,,,,,17.0,1535.0,,0.0,,,,,,,,66.92,48.92,,,290.0,300.0,,,0.0,,63.0,63.0,,,1.0,-9999.0,,,,,1.0,,,,1.0,,-9999.0,,,,
1997,2,10,,,,,,,,,,0.0,,,,,,,,32.0,32.0,,,,,,,0.0,,,,,,,-9.0,,,,,,,,,,,-9.0,,,,
1997,2,11,,,,,,,16.0,341.0,,0.0,,,,,,,,66.02,48.02,,,300.0,290.0,,,0.0,,63.0,72.0,,,999.0,999.0,,,,,999.0,,,,999.0,,999.0,,,,
1997,2,12,,,,,,,,,,0.0,,,,,,,,,,,,,,,,0.0,,,,,,-999.0,-999.0,,,,,-999.0,,,,-999.0,,-999.0,,,,
1997,2,14,,,,,,,15.0,1340.0,,0.0,,,,,,,,62.959999999999994,48.02,,,280.0,280.0,,,0.0,,63.0,67.0,,,9999.0,9999.0,,,,,9999.0,,,,9999.0,,9999.0,,,,
1997,2,15,,,,,,,,,,0.0,,,,,,,,,32.0,,,,,,,0.0,,,,,,-99.0,-99.0,,,,,-99.0,,,,-99.0,,,,,,
1997,2,16,,,,,,,,,,,,,,,,,,,,,,,,,,,,,,,,99.0,99.0,,,,,99.0,,,,99.0,,,,,,
1997,2,17,,,,,,,17.0,1435.0,,0.0,,,,,,,,62.059999999999995,51.08,,,280.0,280.0,,,0.0,,63.0,67.0,,,1.0,-9999.0,,,,,1.0,,,,1.0,,-9999.0,,,,
1997,2,18,,,,,,,,,,0.0,,,,,,,,32.0,32.0,,,,,,,0.0,,,,,,0.0,-9.0,,,,,0.0,,,,,,-9.0,,,,
1997,2,19,,,,,,,29.0,217.0,,0.0,,,,,,,,60.08,51.98,,,190.0,200.0,,,0.0,,67.0,72.0,,,1.0,999.0,,,,,1.0,,,,1.0,,999.0,,,,
1997,2,20,,,,,,,,,,0.0,,,,,,,,,,,,,,,,0.0,,,,,,,-999.0,,,,,,,,,,,-999.0,,,,
1997,2,22,,,,,,,19.0,1642.0,,0.0,,,,,,,,73.04,46.94,,,340.0,300.0,,,0.0,,67.0,72.0,,,9999.0,9999.0,,,,,9999.0,,,,9999.0,,9999.0,,,,
1997,2,23,,,,,,,,,,0.0,,,,,,,,,32.0,,,,,,,0.0,,,,,,-99.0,-99.0,,,,,-99.0,,,,-99.0,,-99.0,,,,
1997,2,24,,,,,,,,,,,,,,,,,,,,,,,,,,,,,,,,99.0,99.0,,,,,99.0,,,,99.0,,99.0,,,,
1997,2,25,,,,,,,9.0,1239.0,,0.0,,,,,,,,73.04,55.04,,,180.0,180.0,,,0.0,,49.0,58.0,,,-9999.0,-9999.0,,,,,-9999.0,,,,-9999.0,,-9999.0,,,,
1997,2,26,,,,,,,,,,0.0,,,,,,,,32.0,32.0,,,,,,,0.0,,,,,,,-9.0,,,,,,,,,,,,,,,
1997,2,27,,,,,,,43.0,558.0,,3.0,,,,,,,,62.059999999999995,48.92,,,270.0,250.0,,,0.0,,112.0,139.0,,,1.0,999.0,,,,,1.0,,,,1.0,,1.0,,,,
1997,2,28,,,,,,,,,,0.0,,,,,,,,,,,,,,,,0.0,,,,,,,-999.0,,,,,,,,,,,,,,,
1997,2,30,,,,,,,17.0,1348.0,,0.0,,,,,,,,71.06,48.92,,,290.0,280.0,,,0.0,,49.0,63.0,,,9999.0,9999.0,,,,,9999.0,,,,9999.0,,9999.0,,,,
1997,2,31,,,,,,,,,,0.0,,,,,,,,,,,,,,,,0.0,,,,,,,-99.0,,,,,-99.0,,,,,,-99.0,,,,
1997,3,1,,,,,,,21.0,1454.0,,0.0,,,,,,,,64.04,44.96,,,280.0,300.0,,,0.0,,49.0,63.0,,,-9999.0,-9999.0,,,,,-9999.0,,,,-9999.0,,,,,,
1997,3,2,,,,,,,,,,0.0,,,,,,,,32.0,32.0,,,,,,,0.0,,,,,,-9.0,-9.0,,,,,-9.0,,,,-9.0,,,,,,
1997,3,3,,,,,,,21.0,215.0,,0.0,,,,,,,,62.059999999999995,46.04,,,300.0,300.0,,,0.0,,72.0,80.0,,,999.0,999.0,,,,,999.0,,,,999.0,,,,,,
1997,3,4,,,,,,,,,,0.0,,,,,,,,,,,,,,,,0.0,,,,,,-999.0,-999.0,,,,,,,,,-999.0,,,,,,
1997,3,6,,,,,,,32.0,1418.0,,0.0,,,,,,,,64.04,53.06,,,290.0,290.0,,,0.0,,80.0,94.0,,,9999.0,9999.0,,,,,1.0,,,,9999.0,,,,,,
1997,3,7,,,,,,,,,,0.0,,,,,,,,,32.0,,,,,,,0.0,,,,,,,-99.0,,,,,,,,,,,,,,,
1997,3,8,,,,,,,,,,,,,,,,,,,,,,,,,,,,,,,,,99.0,,,,,99.0,,,,,,,,,,
1997,3,9,,,,,,,19.0,1346.0,,0.0,,,,,,,,71.06,48.92,,,290.0,290.0,,,0.0,,80.0,94.0,,,-9999.0,-9999.0,,,,,-9999.0,,,,-9999.0,,,,,,
1997,3,10,,,,,,,,,,0.0,,,,,,,,32.0,32.0,,,,,,,0.0,,,,,,,-9.0,,,,,-9.0,,,,,,,,,,
1997,3,11,,,,,,,18.0,242.0,,0.0,,,,,,,,69.08,48.92,,,310.0,310.0,,,0.0,,45.0,58.0,,,1.0,999.0,,,,,999.0,,,,1.0,,,,,,
1997,3,12,,,,,,,,,,0.0,,,,,,,,,,,,,,,,0.0,,,,,,0.0,-999.0,,,,,,,,,,,,,,,
1997,3,14,,,,,,,22.0,1506.0,,0.0,,,,,,,,75.02,51.08,,,320.0,320.0,,,0.0,,72.0,76.0,,,1.0,9999.0,,,,,1.0,,,,1.0,,,,,,
1997,3,15,,,,,,,,,,0.0,,,,,,,,,,,,,,,,0.0,,,,,,,-99.0,,,,,0.0,,,,,,,,,,
1997,3,16,,,,,,,,,,,,,,,,,,,,,,,,,,,,,,,,99.0,99.0,,,,,,,,,99.0,,,,,,
1997,3,17,,,,,,,17.0,1359.0,,0.0,,,,,,,,80.96,55.94,,,320.0,320.0,,,0.0,,76.0,89.0,,,1.0,1.0,,,,,-9999.0,,,,1.0,,,,,,
1997,3,18,,,,,,,,,,0.0,,,,,,,,32.0,32.0,,,,,,,0.0,,,,,,0.0,,,,,,,,,,,,,,,,
1997,3,19,,,,,,,27.0,707.0,,0.0,,,,,,,,66.92,55.94,,,290.0,290.0,,,0.0,,63.0,72.0,,,1.0,999.0,,,,,1.0,,,,1.0,,,,,,
1997,3,20,,,,,,,,,,0.0,,,,,,,,,,,,,,,,0.0,,,,,,0.0,-999.0,,,,,0.0,,,,,,,,,,
1997,3,22,,,,,,,25.0,1241.0,,0.0,,,,,,,,62.059999999999995,53.96,,,170.0,200.0,,,0.0,,45.0,58.0,,,1.0,9999.0,,,,,1.0,,,,1.0,,,,,,
1997,3,23,,,,,,,,,,0.0,,,,,,,,,,,,,,,,0.0,,,,,,0.0,-99.0,,,,,0.0,,,,,,,,,,
1997,3,24,,,,,,,,,,,,,,,,,,,,,,,,,,,,,,,,,99.0,,,,,,,,,,,,,,,
1997,3,25,,,,,,,31.0,1419.0,,0.0,,,,,,,,64.04,57.92,,,210.0,210.0,,,0.0,,63.0,67.0,,,-9999.0,-9999.0,,,,,-9999.0,,,,-9999.0,,,,,,
1997,3,26,,,,,,,,,,0.0,,,,,,,,32.0,32.0,,,,,,,0.0,,,,,,,-9.0,,,,,-9.0,,,,,,,,,,
1997,3,27,,,,,,,30.0,555.0,,0.0,,,,,,,,66.02,55.04,,,290.0,290.0,,,0.0,,72.0,94.0,,,1.0,999.0,,,,,999.0,,,,1.0,,,,,,
1997,3,28,,,,,,,,,,0.0,,,,,,,,,,,,,,,,0.0,,,,,,0.0,-999.0,,,,,,,,,,,,,,,
1997,3,30,,,,,,,24.0,1711.0,,0.0,,,,,,,,86.0,55.94,,,330.0,340.0,,,0.0,,76.0,89.0,,,9999.0,9999.0,,,,,1.0,,,,9999.0,,,,,,
1997,3,31,,,,,,,,,,0.0,,,,,,,,,,,,,,,,0.0,,,,,,,-99.0,,,,,,,,,,,,,,,
1997,4,1,,,,,,,40.0,1729.0,,0.0,,,,,,,,64.94,53.96,,,280.0,290.0,,,0.0,,80.0,98.0,,,-9999.0,,-9999.0,,,,-9999.0,,,,-9999.0,,-9999.0,,,,
1997,4,2,,,,,,,,,,0.0,,,,,,,,32.0,32.0,,,,,,,0.0,,,,,,-9.0,,,,,,-9.0,,,,-9.0,,,,,,
1997,4,3,,,,,,,32.0,241.0,,46.0,,,,,,,,62.059999999999995,48.92,,,50.0,80.0,,,0.0,,107.0,130.0,,,999.0,,1.0,,,,999.0,,,,999.0,,1.0,,,,
1997,4,4,,,,,,,,,,,,,,,,,,,,,,,,,,0.0,,,,,,-999.0,,0.0,,,,-999.0,,,,-999.0,,0.0,,,,
1997,4,6,,,,,,,54.0,1342.0,,0.0,,,,,,,,62.959999999999994,51.08,,,160.0,170.0,,,0.0,,98.0,116.0,,,9999.0,,9999.0,,,,9999.0,,,,9999.0,,9999.0,,,,
1997,4,7,,,,,,,,,,0.0,,,,,,,,,,,,,,,,0.0,,,,,,-99.0,,-99.0,,,,-99.0,,,,-99.0,,,,,,
1997,4,8,,,,,,,,,,,,,,,,,,,,,,,,,,,,,,,,99.0,,99.0,,,,99.0,,,,99.0,,,,,,
1997,4,9,,,,,,,24.0,1530.0,,0.0,,,,,,,,64.04,55.04,,,290.0,280.0,,,0.0,,72.0,94.0,,,-9999.0,,-9999.0,,,,-9999.0,,,,-9999.0,,-9999.0,,,,
1997,4,10,,,,,,,,,,0.0,,,,,,,,32.0,32.0,,,,,,,0.0,,,,,,-9.0,,-9.0,,,,-9.0,,,,-9.0,,-9.0,,,,
1997,4,11,,,,,,,26.0,26.0,,0.0,,,,,,,,64.94,53.96,,,280.0,280.0,,,0.0,,80.0,94.0,,,999.0,,999.0,,,,999.0,,,,999.0,,999.0,,,,
1997,4,12,,,,,,,,,,0.0,,,,,,,,,,,,,,,,0.0,,,,,,-999.0,,-999.0,,,,,,,,-999.0,,-999.0,,,,
1997,4,14,,,,,,,48.0,1527.0,,0.0,,,,,,,,64.04,57.02,,,280.0,260.0,,,0.0,,89.0,107.0,,,9999.0,,9999.0,,,,9999.0,,,,9999.0,,9999.0,,,,
1997,4,15,,,,,,,,,,0.0,,,,,,,,,,,,,,,,0.0,,,,,,-99.0,,-99.0,,,,-99.0,,,,-99.0,,-99.0,,,,
1997,4,16,,,,,,,,,,,,,,,,,,,,,,,,,,,,,,,,99.0,,99.0,,,,99.0,,,,99.0,,99.0,,,,
1997,4,17,,,,,,,29.0,1648.0,,0.0,,,,,,,,64.04,55.94,,,290.0,270.0,,,0.0,,63.0,76.0,,,-9999.0,,-9999.0,,,,-9999.0,,,,-9999.0,,-9999.0,,,,
1997,4,18,,,,,,,,,,0.0,,,,,,,,32.0,32.0,,,,,,,0.0,,,,,,-9.0,,-9.0,,,,-9.0,,,,-9.0,,-9.0,,,,
1997,4,19,,,,,,,24.0,545.0,,0.0,,,,,,,,68.0,55.04,,,280.0,280.0,,,0.0,,63.0,76.0,,,999.0,,999.0,,,,999.0,,,,999.0,,999.0,,,,
1997,4,20,,,,,,,,,,0.0,,,,,,,,,,,,,,,,0.0,,,,,,-999.0,,-999.0,,,,-999.0,,,,-999.0,,-999.0,,,,
1997,4,21,,,,,,,,,,,,,,,,,,,,,,,,,,,,,,,,9.0,,,,,,,,,,9.0,,,,,,
1997,4,22,,,,,,,24.0,1323.0,,0.0,,,,,,,,69.98,57.02,,,300.0,280.0,,,0.0,,63.0,72.0,,,1.0,,9999.0,,,,9999.0,,,,1.0,,9999.0,,,,
1997,4,23,,,,,,,,,,0.0,,,,,,,,,,,,,,,,0.0,,,,,,,,-99.0,,,,-99.0,,,,,,-99.0,,,,
1997,4,24,,,,,,,,,,,,,,,,,,,,,,,,,,,,,,,,99.0,,99.0,,,,99.0,,,,99.0,,99.0,,,,
1997,4,25,,,,,,,30.0,1241.0,,0.0,,,,,,,,66.92,59.0,,,280.0,290.0,,,0.0,,80.0,98.0,,,1.0,,-9999.0,,,,1.0,,,,1.0,,-9999.0,,,,
1997,4,26,,,,,,,,,,0.0,,,,,,,,32.0,32.0,,,,,,,0.0,,,,,,,,-9.0,,,,0.0,,,,,,-9.0,,,,
1997,4,27,,,,,,,28.0,148.0,,0.0,,,,,,,,66.92,59.0,,,300.0,290.0,,,0.0,,63.0,72.0,,,999.0,,999.0,,,,1.0,,,,999.0,,999.0,,,,
1997,4,28,,,,,,,,,,0.0,,,,,,,,,,,,,,,,0.0,,,,,,-999.0,,-999.0,,,,,,,,-999.0,,-999.0,,,,
1997,4,29,,,,,,,,,,,,,,,,,,,,,,,,,,,,,,,,9.0,,,,,,,,,,9.0,,9.0,,,,
1997,4,30,,,,,,,34.0,1228.0,,,,,,,,,,69.98,60.980000000000004,,,250.0,260.0,,,0.0,,76.0,89.0,,,1.0,,9999.0,,,,9999.0,,,,1.0,,1.0,,,,
1997,4,31,,,,,,,,,,0.0,,,,,,,,,,,,,,,,0.0,,,,,,,,-99.0,,,,-99.0,,,,,,,,,,
1997,5,1,,,,,,,30.0,1217.0,,0.0,,,,,,,,69.98,62.059999999999995,,,270.0,290.0,,,0.0,,67.0,76.0,,,1.0,,,,,,1.0,,,,1.0,,-9999.0,,,,
1997,5,2,,,,,,,,,,0.0,,,,,,,,32.0,32.0,,,,,,,0.0,,,,,,,,,,,,,,,,,,-9.0,,,,
1997,5,3,,,,,,,26.0,659.0,,0.0,,,,,,,,73.94,60.08,,,290.0,310.0,,,0.0,,58.0,72.0,,,999.0,,,,,,999.0,,,,999.0,,999.0,,,,
1997,5,4,,,,,,,,,,0.0,,,,,,,,,,,,,,,,0.0,,,,,,,,,,,,,,,,,,-999.0,,,,
1997,5,6,,,,,,,26.0,1510.0,,0.0,,,,,,,,78.98,62.059999999999995,,,290.0,290.0,,,0.0,,72.0,80.0,,,1.0,,,,,,1.0,,,,1.0,,9999.0,,,,
1997,5,7,,,,,,,,,,0.0,,,,,,,,,,,,,,,,0.0,,,,,,0.0,,,,,,0.0,,,,,,-99.0,,,,
1997,5,8,,,,,,,,,,,,,,,,,,,,,,,,,,,,,,,,,,,,,,,,,,,,99.0,,,,
1997,5,9,,,,,,,21.0,1312.0,,0.0,,,,,,,,80.06,64.04,,,290.0,290.0,,,0.0,,58.0,67.0,,,1.0,,,,,,1.0,,,,1.0,,-9999.0,,,,
1997,5,10,,,,,,,,,,0.0,,,,,,,,32.0,32.0,,,,,,,0.0,,,,,,,,,,,,,,,,,,-9.0,,,,
1997,5,11,,,,,,,26.0,423.0,,0.0,,,,,,,,75.02,64.04,,,200.0,210.0,,,0.0,,49.0,63.0,,,999.0,,,,,,999.0,,,,999.0,,999.0,,,,
1997,5,12,,,,,,,,,,0.0,,,,,,,,,,,,,,,,0.0,,,,,,-999.0,,,,,,-999.0,,,,-999.0,,-999.0,,,,
1997,5,13,,,,,,,,,,,,,,,,,,,,,,,,,,,,,,,,9.0,,,,,,9.0,,,,9.0,,,,,,
1997,5,14,,,,,,,24.0,1244.0,,0.0,,,,,,,,71.06,62.959999999999994,,,280.0,280.0,,,0.0,,58.0,72.0,,,1.0,,,,,,1.0,,,,1.0,,9999.0,,,,
1997,5,15,,,,,,,,,,0.0,,,,,,,,,,,,,,,,0.0,,,,,,0.0,,,,,,,,,,,,-99.0,,,,
1997,5,16,,,,,,,,,,,,,,,,,,,,,,,,,,,,,,,,,,,,,,99.0,,,,,,99.0,,,,
1997,5,17,,,,,,,29.0,1445.0,,0.0,,,,,,,,68.0,62.059999999999995,,,210.0,220.0,,,0.0,,58.0,67.0,,,1.0,,,,,,1.0,,,,1.0,,-9999.0,,,,
1997,5,18,,,,,,,,,,0.0,,,,,,,,32.0,32.0,,,,,,,0.0,,,,,,0.0,,,,,,0.0,,,,,,-9.0,,,,
1997,5,19,,,,,,,25.0,437.0,,0.0,,,,,,,,69.98,62.959999999999994,,,210.0,200.0,,,0.0,,58.0,72.0,,,1.0,,,,,,1.0,,,,1.0,,999.0,,,,
1997,5,20,,,,,,,,,,0.0,,,,,,,,,,,,,,,,0.0,,,,,,0.0,,,,,,0.0,,,,,,-999.0,,,,
1997,5,22,,,,,,,27.0,1543.0,,0.0,,,,,,,,71.96,64.04,,,290.0,290.0,,,0.0,,58.0,72.0,,,1.0,,,,,,1.0,,,,1.0,,9999.0,,,,
1997,5,23,,,,,,,,,,0.0,,,,,,,,,,,,,,,,0.0,,,,,,0.0,,,,,,0.0,,,,,,-99.0,,,,
1997,5,24,,,,,,,,,,,,,,,,,,,,,,,,,,,,,,,,,,,,,,,,,,,,99.0,,,,
1997,5,25,,,,,,,28.0,1623.0,,0.0,,,,,,,,71.06,64.94,,,240.0,240.0,,,0.0,,67.0,76.0,,,1.0,,,,,,1.0,,,,1.0,,-9999.0,,,,
1997,5,26,,,,,,,,,,0.0,,,,,,,,32.0,32.0,,,,,,,0.0,,,,,,0.0,,,,,,0.0,,,,,,-9.0,,,,
1997,5,27,,,,,,,29.0,344.0,,0.0,,,,,,,,71.96,64.94,,,220.0,220.0,,,0.0,,63.0,72.0,,,1.0,,,,,,1.0,,,,1.0,,999.0,,,,
1997,5,28,,,,,,,,,,0.0,,,,,,,,,,,,,,,,0.0,,,,,,,,,,,,0.0,,,,,,-999.0,,,,
1997,5,30,,,,,,,28.0,1452.0,,0.0,,,,,,,,69.08,64.04,,,210.0,200.0,,,0.0,,58.0,76.0,,,9999.0,,,,,,9999.0,,,,9999.0,,9999.0,,,,
1997,5,31,,,,,,,,,,0.0,,,,,,,,,,,,,,,,0.0,,,,,,-99.0,,,,,,-99.0,,,,-99.0,,-99.0,,,,
1997,6,1,,,,,,,29.0,1430.0,,0.0,,,,,,,,78.08,66.92,,,260.0,260.0,,,0.0,,58.0,72.0,,,-9999.0,,,,,,-9999.0,,-9999.0,,-9999.0,,-9999.0,,,,
1997,6,2,,,,,,,,,,0.0,,,,,,,,32.0,32.0,,,,,,,0.0,,,,,,-9.0,,,,,,-9.0,,-9.0,,-9.0,,-9.0,,,,
1997,6,3,,,,,,,38.0,154.0,,0.0,,,,,,,,71.06,66.02,,,190.0,200.0,,,0.0,,67.0,80.0,,,999.0,,,,,,999.0,,999.0,,999.0,,999.0,,,,
1997,6,4,,,,,,,,,,0.0,,,,,,,,,,,,,,,,0.0,,,,,,-999.0,,,,,,,,-999.0,,-999.0,,-999.0,,,,
1997,6,6,,,,,,,32.0,1457.0,,0.0,,,,,,,,73.04,64.94,,,290.0,280.0,,,0.0,,63.0,72.0,,,9999.0,,,,,,9999.0,,9999.0,,9999.0,,9999.0,,,,
1997,6,7,,,,,,,,,,0.0,,,,,,,,,,,,,,,,0.0,,,,,,-99.0,,,,,,-99.0,,-99.0,,-99.0,,-99.0,,,,
1997,6,8,,,,,,,,,,,,,,,,,,,,,,,,,,,,,,,,99.0,,,,,,99.0,,99.0,,99.0,,99.0,,,,
1997,6,9,,,,,,,49.0,2013.0,,0.0,,,,,,,,69.98,64.04,,,190.0,190.0,,,0.0,,76.0,89.0,,,-9999.0,,,,,,-9999.0,,-9999.0,,-9999.0,,-9999.0,,,,
1997,6,10,,,,,,,,,,0.0,,,,,,,,32.0,32.0,,,,,,,0.0,,,,,,-9.0,,,,,,-9.0,,-9.0,,-9.0,,-9.0,,,,
1997,6,11,,,,,,,45.0,245.0,,0.0,,,,,,,,71.06,64.94,,,200.0,190.0,,,0.0,,67.0,76.0,,,999.0,,,,,,999.0,,999.0,,999.0,,999.0,,,,
1997,6,12,,,,,,,,,,0.0,,,,,,,,,,,,,,,,0.0,,,,,,-999.0,,,,,,-999.0,,-999.0,,-999.0,,-999.0,,,,
1997,6,14,,,,,,,33.0,1636.0,,0.0,,,,,,,,71.96,64.94,,,270.0,270.0,,,0.0,,63.0,76.0,,,9999.0,,,,,,9999.0,,9999.0,,9999.0,,9999.0,,,,
1997,6,15,,,,,,,,,,0.0,,,,,,,,,,,,,,,,0.0,,,,,,-99.0,,,,,,-99.0,,-99.0,,-99.0,,-99.0,,,,
1997,6,16,,,,,,,,,,,,,,,,,,,,,,,,,,,,,,,,99.0,,,,,,99.0,,99.0,,99.0,,99.0,,,,
1997,6,17,,,,,,,26.0,1555.0,,0.0,,,,,,,,69.08,64.04,,,280.0,250.0,,,0.0,,63.0,76.0,,,-9999.0,,,,,,-9999.0,,-9999.0,,-9999.0,,-9999.0,,,,
1997,6,18,,,,,,,,,,0.0,,,,,,,,32.0,32.0,,,,,,,0.0,,,,,,-9.0,,,,,,-9.0,,-9.0,,-9.0,,-9.0,,,,
1997,6,19,,,,,,,42.0,0.0,,0.0,,,,,,,,69.08,62.959999999999994,,,270.0,260.0,,,0.0,,67.0,80.0,,,999.0,,,,,,999.0,,999.0,,999.0,,999.0,,,,
1997,6,20,,,,,,,,,,0.0,,,,,,,,,,,,,,,,0.0,,,,,,-999.0,,,,,,-999.0,,,,-999.0,,,,,,
1997,6,22,,,,,,,32.0,1530.0,,0.0,,,,,,,,69.08,60.980000000000004,,,260.0,280.0,,,0.0,,67.0,89.0,,,9999.0,,,,,,9999.0,,9999.0,,9999.0,,9999.0,,,,
1997,6,23,,,,,,,,,,0.0,,,,,,,,,,,,,,,,0.0,,,,,,-99.0,,,,,,-99.0,,-99.0,,-99.0,,-99.0,,,,
1997,6,24,,,,,,,,,,,,,,,,,,,,,,,,,,,,,,,,99.0,,,,,,99.0,,99.0,,99.0,,99.0,,,,
1997,6,25,,,,,,,28.0,1442.0,,0.0,,,,,,,,71.06,64.04,,,270.0,290.0,,,0.0,,72.0,76.0,,,-9999.0,,,,,,-9999.0,,-9999.0,,-9999.0,,-9999.0,,,,
1997,6,26,,,,,,,,,,0.0,,,,,,,,32.0,32.0,,,,,,,0.0,,,,,,-9.0,,,,,,-9.0,,-9.0,,-9.0,,-9.0,,,,
1997,6,27,,,,,,,25.0,406.0,,0.0,,,,,,,,71.96,62.959999999999994,,,250.0,270.0,,,0.0,,58.0,76.0,,,999.0,,,,,,999.0,,999.0,,999.0,,999.0,,,,
1997,6,28,,,,,,,,,,0.0,,,,,,,,,,,,,,,,0.0,,,,,,,,,,,,,,-999.0,,,,-999.0,,,,
1997,6,30,,,,,,,27.0,1315.0,,0.0,,,,,,,,69.98,64.04,,,220.0,210.0,,,0.0,,49.0,67.0,,,1.0,,,,,,1.0,,9999.0,,1.0,,9999.0,,,,
1997,6,31,,,,,,,,,,0.0,,,,,,,,,,,,,,,,0.0,,,,,,0.0,,,,,,0.0,,-99.0,,,,-99.0,,,,
1997,7,1,,,,,,,33.0,1239.0,,0.0,,,,,,,,78.08,62.959999999999994,,,290.0,290.0,,,0.0,,72.0,89.0,,,-9999.0,,,,,,-9999.0,,,,-9999.0,,-9999.0,,,,
1997,7,2,,,,,,,,,,0.0,,,,,,,,32.0,32.0,,,,,,,0.0,,,,,,-9.0,,,,,,-9.0,,,,-9.0,,-9.0,,,,
1997,7,3,,,,,,,23.0,641.0,,0.0,,,,,,,,82.04,62.059999999999995,,,270.0,290.0,,,0.0,,49.0,63.0,,,999.0,,,,,,999.0,,,,999.0,,999.0,,,,
1997,7,4,,,,,,,,,,0.0,,,,,,,,,,,,,,,,0.0,,,,,,-999.0,,,,,,-999.0,,,,-999.0,,-999.0,,,,
1997,7,5,,,,,,,,,,,,,,,,,,,,,,,,,,,,,,,,9.0,,,,,,9.0,,,,9.0,,,,,,
1997,7,6,,,,,,,26.0,1505.0,,0.0,,,,,,,,75.02,62.959999999999994,,,200.0,210.0,,,0.0,,58.0,67.0,,,1.0,,,,,,1.0,,,,1.0,,9999.0,,,,
1997,7,7,,,,,,,,,,0.0,,,,,,,,,,,,,,,,0.0,,,,,,0.0,,,,,,0.0,,,,,,-99.0,,,,
1997,7,8,,,,,,,,,,,,,,,,,,,,,,,,,,,,,,,,,,,,,,,,,,,,99.0,,,,
1997,7,9,,,,,,,27.0,1300.0,,0.0,,,,,,,,73.94,64.94,,,190.0,200.0,,,0.0,,58.0,67.0,,,-9999.0,,,,,,1.0,,,,-9999.0,,-9999.0,,,,
1997,7,10,,,,,,,,,,0.0,,,,,,,,32.0,32.0,,,,,,,0.0,,,,,,-9.0,,,,,,,,,,-9.0,,-9.0,,,,
1997,7,11,,,,,,,38.0,417.0,,0.0,,,,,,,,71.06,64.04,,,200.0,200.0,,,0.0,,67.0,76.0,,,999.0,,,,,,999.0,,,,999.0,,999.0,,,,
1997,7,12,,,,,,,,,,0.0,,,,,,,,,,,,,,,,0.0,,,,,,-999.0,,,,,,-999.0,,,,-999.0,,-999.0,,,,
1997,7,13,,,,,,,,,,,,,,,,,,,,,,,,,,,,,,,,,,,,,,9.0,,,,,,,,,,
1997,7,14,,,,,,,29.0,1436.0,,0.0,,,,,,,,71.96,64.04,,,210.0,220.0,,,0.0,,58.0,67.0,,,9999.0,,,,,,1.0,,,,9999.0,,9999.0,,,,
1997,7,15,,,,,,,,,,0.0,,,,,,,,,,,,,,,,0.0,,,,,,-99.0,,,,,,0.0,,,,-99.0,,-99.0,,,,
1997,7,16,,,,,,,,,,,,,,,,,,,,,,,,,,,,,,,,99.0,,,,,,,,,,99.0,,99.0,,,,
1997,7,17,,,,,,,35.0,1416.0,,0.0,,,,,,,,69.98,64.94,,,220.0,230.0,,,0.0,,63.0,76.0,,,-9999.0,,,,,,1.0,,,,-9999.0,,-9999.0,,,,
1997,7,18,,,,,,,,,,0.0,,,,,,,,32.0,32.0,,,,,,,0.0,,,,,,-9.0,,,,,,,,,,-9.0,,-9.0,,,,
1997,7,19,,,,,,,28.0,235.0,,0.0,,,,,,,,71.06,64.94,,,240.0,230.0,,,0.0,,63.0,80.0,,,999.0,,,,,,999.0,,,,999.0,,999.0,,,,
1997,7,20,,,,,,,,,,0.0,,,,,,,,,,,,,,,,0.0,,,,,,-999.0,,,,,,-999.0,,,,-999.0,,-999.0,,,,
1997,7,22,,,,,,,40.0,1228.0,,0.0,,,,,,,,75.92,66.92,,,290.0,280.0,,,0.0,,80.0,98.0,,,9999.0,,,,,,9999.0,,,,9999.0,,9999.0,,,,
1997,7,23,,,,,,,,,,0.0,,,,,,,,,,,,,,,,0.0,,,,,,,,,,,,,,,,,,-99.0,,,,
1997,7,24,,,,,,,,,,,,,,,,,,,,,,,,,,,,,,,,,,,,,,,,,,,,99.0,,,,
1997,7,25,,,,,,,24.0,1421.0,,0.0,,,,,,,,75.02,66.02,,,200.0,240.0,,,0.0,,49.0,72.0,,,1.0,,,,,,1.0,,,,1.0,,-9999.0,,,,
1997,7,26,,,,,,,,,,0.0,,,,,,,,32.0,32.0,,,,,,,0.0,,,,,,0.0,,,,,,0.0,,,,,,-9.0,,,,
1997,7,27,,,,,,,25.0,617.0,,0.0,,,,,,,,71.96,66.02,,,220.0,270.0,,,0.0,,45.0,63.0,,,1.0,,,,,,1.0,,,,1.0,,999.0,,,,
1997,7,28,,,,,,,,,,0.0,,,,,,,,,,,,,,,,0.0,,,,,,,,,,,,0.0,,,,,,-999.0,,,,
1997,7,30,,,,,,,31.0,1541.0,,0.0,,,,,,,,71.06,64.94,,,250.0,220.0,,,0.0,,63.0,76.0,,,9999.0,,,,,,9999.0,,,,9999.0,,9999.0,,,,
1997,7,31,,,,,,,,,,0.0,,,,,,,,,,,,,,,,0.0,,,,,,-99.0,,,,,,-99.0,,,,-99.0,,-99.0,,,,
1997,8,1,,,,,,,36.0,1435.0,,0.0,,,,,,,,82.04,64.94,,,290.0,290.0,,,0.0,,72.0,80.0,,,1.0,,,,,,1.0,,,,1.0,,,,,,
1997,8,2,,,,,,,,,,0.0,,,,,,,,32.0,32.0,,,,,,,0.0,,,,,,,,,,,,,,,,,,,,,,
1997,8,3,,,,,,,30.0,516.0,,0.0,,,,,,,,84.02,69.08,,,300.0,290.0,,,0.0,,67.0,76.0,,,999.0,,,,,,999.0,,,,999.0,,,,,,
1997,8,4,,,,,,,,,,0.0,,,,,,,,,,,,,,,,0.0,,,,,,-999.0,,,,,,-999.0,,,,-999.0,,,,,,
1997,8,5,,,,,,,,,,,,,,,,,,,,,,,,,,,,,,,,9.0,,,,,,,,,,9.0,,,,,,
1997,8,6,,,,,,,36.0,1308.0,,0.0,,,,,,,,80.96,69.08,,,290.0,290.0,,,0.0,,89.0,103.0,,,1.0,,,,,,9999.0,,,,1.0,,,,,,
1997,8,7,,,,,,,,,,0.0,,,,,,,,,,,,,,,,0.0,,,,,,0.0,,,,,,,,,,,,,,,,
1997,8,9,,,,,,,29.0,1529.0,,0.0,,,,,,,,75.92,68.0,,,190.0,180.0,,,0.0,,63.0,72.0,,,1.0,,,,,,1.0,,,,1.0,,,,,,
1997,8,10,,,,,,,,,,0.0,,,,,,,,32.0,32.0,,,,,,,0.0,,,,,,0.0,,,,,,,,,,,,,,,,
1997,8,11,,,,,,,32.0,627.0,,0.0,,,,,,,,75.92,68.0,,,170.0,190.0,,,0.0,,63.0,76.0,,,1.0,,,,,,999.0,,,,1.0,,,,,,
1997,8,12,,,,,,,,,,0.0,,,,,,,,,,,,,,,,0.0,,,,,,0.0,,,,,,,,,,,,,,,,
1997,8,14,,,,,,,32.0,1429.0,,0.0,,,,,,,,75.92,66.92,,,280.0,290.0,,,0.0,,67.0,76.0,,,9999.0,,,,,,9999.0,,,,9999.0,,,,,,
1997,8,15,,,,,,,,,,0.0,,,,,,,,,,,,,,,,0.0,,,,,,-99.0,,,,,,-99.0,,,,-99.0,,,,,,
1997,8,16,,,,,,,,,,,,,,,,,,,,,,,,,,,,,,,,99.0,,,,,,99.0,,,,99.0,,,,,,
1997,8,17,,,,,,,39.0,1415.0,,0.0,,,,,,,,75.02,66.92,,,290.0,290.0,,,0.0,,76.0,103.0,,,-9999.0,,,,,,-9999.0,,,,-9999.0,,,,,,
1997,8,18,,,,,,,,,,0.0,,,,,,,,32.0,32.0,,,,,,,0.0,,,,,,-9.0,,,,,,-9.0,,,,-9.0,,,,,,
1997,8,19,,,,,,,30.0,440.0,,0.0,,,,,,,,75.02,66.92,,,280.0,270.0,,,0.0,,67.0,98.0,,,999.0,,,,,,999.0,,,,999.0,,,,,,
1997,8,20,,,,,,,,,,0.0,,,,,,,,,,,,,,,,0.0,,,,,,-999.0,,,,,,-999.0,,,,-999.0,,,,,,
1997,8,21,,,,,,,,,,,,,,,,,,,,,,,,,,,,,,,,,,,,,,9.0,,,,,,,,,,
1997,8,22,,,,,,,30.0,1139.0,,0.0,,,,,,,,75.02,68.0,,,280.0,290.0,,,0.0,,67.0,89.0,,,9999.0,,,,,,1.0,,,,9999.0,,,,,,
1997,8,23,,,,,,,,,,0.0,,,,,,,,,,,,,,,,0.0,,,,,,-99.0,,,,,,,,,,-99.0,,,,,,
1997,8,24,,,,,,,,,,,,,,,,,,,,,,,,,,,,,,,,99.0,,,,,,99.0,,,,99.0,,,,,,
1997,8,25,,,,,,,23.0,1327.0,,0.0,,,,,,,,71.96,66.92,,,280.0,270.0,,,0.0,,58.0,72.0,,,-9999.0,,,,,,-9999.0,,,,-9999.0,,,,,,
1997,8,26,,,,,,,,,,0.0,,,,,,,,32.0,32.0,,,,,,,0.0,,,,,,-9.0,,,,,,-9.0,,,,-9.0,,,,,,
1997,8,27,,,,,,,29.0,243.0,,0.0,,,,,,,,75.92,68.0,,,300.0,290.0,,,0.0,,63.0,80.0,,,999.0,,,,,,999.0,,,,999.0,,,,,,
1997,8,28,,,,,,,,,,0.0,,,,,,,,,,,,,,,,0.0,,,,,,-999.0,,,,,,-999.0,,,,-999.0,,,,,,
1997,8,30,,,,,,,25.0,1240.0,,0.0,,,,,,,,82.04,71.06,,,200.0,200.0,,,0.0,,67.0,76.0,,,9999.0,,,,,,9999.0,,,,9999.0,,,,,,
1997,8,31,,,,,,,,,,0.0,,,,,,,,,,,,,,,,0.0,,,,,,-99.0,,,,,,-99.0,,,,-99.0,,,,,,
1997,9,1,,,,,,,22.0,1306.0,,0.0,,,,,,,,80.06,68.0,,,290.0,290.0,,,0.0,,63.0,76.0,,,-9999.0,-9999.0,,,,,-9999.0,,,,-9999.0,,-9999.0,,,,
1997,9,2,,,,,,,,,,0.0,,,,,,,,32.0,32.0,,,,,,,0.0,,,,,,-9.0,-9.0,,,,,-9.0,,,,-9.0,,-9.0,,,,
1997,9,3,,,,,,,25.0,144.0,,0.0,,,,,,,,84.02,71.06,,,290.0,310.0,,,0.0,,49.0,58.0,,,999.0,999.0,,,,,999.0,,,,999.0,,999.0,,,,
1997,9,4,,,,,,,,,,0.0,,,,,,,,,,,,,,,,0.0,,,,,,-999.0,-999.0,,,,,-999.0,,,,-999.0,,-999.0,,,,
1997,9,6,,,,,,,29.0,1212.0,,0.0,,,,,,,,84.91999999999999,73.94,,,290.0,280.0,,,0.0,,76.0,89.0,,,9999.0,9999.0,,,,,9999.0,,,,9999.0,,9999.0,,,,
1997,9,7,,,,,,,,,,0.0,,,,,,,,,,,,,,,,0.0,,,,,,,-99.0,,,,,,,,,,,-99.0,,,,
1997,9,8,,,,,,,,,,,,,,,,,,,,,,,,,,,,,,,,,99.0,,,,,,,,,,,99.0,,,,
1997,9,9,,,,,,,26.0,1329.0,,0.0,,,,,,,,78.98,71.96,,,280.0,290.0,,,0.0,,67.0,76.0,,,-9999.0,-9999.0,,,,,1.0,,,,-9999.0,,-9999.0,,,,
1997,9,10,,,,,,,,,,0.0,,,,,,,,32.0,32.0,,,,,,,0.0,,,,,,-9.0,-9.0,,,,,0.0,,,,-9.0,,-9.0,,,,
1997,9,11,,,,,,,35.0,358.0,,0.0,,,,,,,,80.06,71.06,,,290.0,280.0,,,0.0,,76.0,89.0,,,999.0,999.0,,,,,1.0,,,,999.0,,999.0,,,,
1997,9,12,,,,,,,,,,0.0,,,,,,,,,,,,,,,,0.0,,,,,,-999.0,-999.0,,,,,,,,,-999.0,,-999.0,,,,
1997,9,14,,,,,,,26.0,1303.0,,0.0,,,,,,,,84.91999999999999,71.96,,,290.0,280.0,,,0.0,,76.0,98.0,,,9999.0,9999.0,,,,,9999.0,,,,9999.0,,9999.0,,,,
1997,9,15,,,,,,,,,,0.0,,,,,,,,,,,,,,,,0.0,,,,,,-99.0,-99.0,,,,,-99.0,,,,-99.0,,-99.0,,,,
1997,9,16,,,,,,,,,,,,,,,,,,,,,,,,,,,,,,,,99.0,99.0,,,,,99.0,,,,99.0,,99.0,,,,
1997,9,17,,,,,,,27.0,1339.0,,0.0,,,,,,,,75.92,71.06,,,210.0,240.0,,,0.0,,63.0,72.0,,,-9999.0,-9999.0,,,,,-9999.0,,,,-9999.0,,-9999.0,,,,
1997,9,18,,,,,,,,,,0.0,,,,,,,,32.0,32.0,,,,,,,0.0,,,,,,-9.0,-9.0,,,,,-9.0,,,,-9.0,,-9.0,,,,
1997,9,19,,,,,,,33.0,407.0,,0.0,,,,,,,,73.94,69.08,,,220.0,220.0,,,0.0,,58.0,72.0,,,999.0,999.0,,,,,999.0,,,,999.0,,999.0,,,,
1997,9,20,,,,,,,,,,0.0,,,,,,,,,,,,,,,,0.0,,,,,,-999.0,-999.0,,,,,-999.0,,,,-999.0,,-999.0,,,,
1997,9,22,,,,,,,26.0,1319.0,,0.0,,,,,,,,82.04,68.0,,,290.0,290.0,,,0.0,,63.0,67.0,,,9999.0,9999.0,,,,,9999.0,,,,9999.0,,9999.0,,,,
1997,9,23,,,,,,,,,,0.0,,,,,,,,,,,,,,,,0.0,,,,,,-99.0,-99.0,,,,,-99.0,,,,-99.0,,,,,,
1997,9,24,,,,,,,,,,,,,,,,,,,,,,,,,,,,,,,,99.0,99.0,,,,,99.0,,,,99.0,,,,,,
1997,9,25,,,,,,,25.0,1159.0,,0.0,,,,,,,,82.94,71.96,,,290.0,290.0,,,0.0,,67.0,76.0,,,-9999.0,-9999.0,,,,,-9999.0,,,,-9999.0,,-9999.0,,,,
1997,9,26,,,,,,,,,,0.0,,,,,,,,32.0,32.0,,,,,,,0.0,,,,,,-9.0,-9.0,,,,,-9.0,,,,-9.0,,-9.0,,,,
1997,9,27,,,,,,,22.0,513.0,,0.0,,,,,,,,84.02,71.96,,,290.0,280.0,,,0.0,,63.0,72.0,,,999.0,999.0,,,,,999.0,,,,999.0,,999.0,,,,
1997,9,28,,,,,,,,,,0.0,,,,,,,,,,,,,,,,0.0,,,,,,-999.0,-999.0,,,,,-999.0,,,,-999.0,,-999.0,,,,
1997,9,30,,,,,,,25.0,1613.0,,0.0,,,,,,,,80.96,69.08,,,290.0,320.0,,,0.0,,72.0,89.0,,,9999.0,9999.0,,,,,9999.0,,,,9999.0,,9999.0,,,,
1997,9,31,,,,,,,,,,0.0,,,,,,,,,,,,,,,,0.0,,,,,,-99.0,-99.0,,,,,-99.0,,,,-99.0,,-99.0,,,,
1997,10,1,,,,,,,23.0,1614.0,,0.0,,,,,0.0,0.0,,75.92,69.98,,,270.0,220.0,,,0.0,,49.0,63.0,,,1.0,-9999.0,,,,,1.0,,,,1.0,,-9999.0,,,,
1997,10,2,,,,,,,,,,0.0,,,,,0.0,0.0,,32.0,32.0,,,,,,,0.0,,,,,,,-9.0,,,,,,,,,,,-9.0,,,,
1997,10,3,,,,,,,28.0,459.0,,0.0,,,,,0.0,0.0,,73.94,69.98,,,230.0,220.0,,,0.0,,49.0,63.0,,,999.0,999.0,,,,,999.0,,,,999.0,,999.0,,,,
1997,10,4,,,,,,,,,,0.0,,,,,0.0,0.0,,,,,,,,,,0.0,,,,,,-999.0,-999.0,,,,,-999.0,,,,-999.0,,-999.0,,,,
1997,10,6,,,,,,,29.0,1130.0,,0.0,,,,,0.0,0.0,,75.02,69.98,,,290.0,290.0,,,0.0,,63.0,72.0,,,9999.0,9999.0,,,,,9999.0,,,,9999.0,,9999.0,,,,
1997,10,7,,,,,,,,,,0.0,,,,,0.0,0.0,,,,,,,,,,0.0,,,,,,,-99.0,,,,,,,,,,,-99.0,,,,
1997,10,8,,,,,,,,,,,,,,,,,,,,,,,,,,,,,,,,,99.0,,,,,,,,,,,99.0,,,,
1997,10,9,,,,,,,41.0,2333.0,,0.0,,,,,0.0,0.0,,73.04,64.94,,,250.0,260.0,,,0.0,,76.0,94.0,,,-9999.0,-9999.0,,,,,1.0,,,,-9999.0,,-9999.0,,,,
1997,10,10,,,,,,,,,,0.0,,,,,0.0,0.0,,32.0,32.0,,,,,,,0.0,,,,,,-9.0,-9.0,,,,,,,,,-9.0,,,,,,
1997,10,11,,,,,,,50.0,818.0,,,,,,,0.0,0.0,,69.98,62.959999999999994,,,270.0,260.0,,,0.0,,98.0,112.0,,,999.0,999.0,,,,,999.0,,,,999.0,,1.0,,,,
1997,10,12,,,,,,,,,,0.0,,,,,0.0,0.0,,,,,,,,,,0.0,,,,,,-999.0,-999.0,,,,,-999.0,,,,-999.0,,,,,,
1997,10,14,,,,,,,26.0,1106.0,,0.0,,,,,0.0,0.0,,75.02,60.980000000000004,,,290.0,290.0,,,0.0,,76.0,89.0,,,9999.0,9999.0,,,,,9999.0,,,,9999.0,,9999.0,,,,
1997,10,15,,,,,,,,,,0.0,,,,,0.0,0.0,,,,,,,,,,0.0,,,,,,-99.0,-99.0,,,,,-99.0,,,,-99.0,,-99.0,,,,
1997,10,16,,,,,,,,,,,,,,,,,,,,,,,,,,,,,,,,99.0,99.0,,,,,99.0,,,,99.0,,99.0,,,,
1997,10,17,,,,,,,57.0,1026.0,,5.0,,,,,0.0,0.0,,69.08,60.980000000000004,,,290.0,290.0,,,0.0,,103.0,125.0,,,-9999.0,-9999.0,,,,,-9999.0,,,,-9999.0,,1.0,,,,
1997,10,18,,,,,,,,,,0.0,,,,,0.0,0.0,,32.0,32.0,,,,,,,0.0,,,,,,-9.0,-9.0,,,,,-9.0,,,,-9.0,,,,,,
1997,10,19,,,,,,,31.0,544.0,,0.0,,,,,0.0,0.0,,73.94,55.94,,,300.0,300.0,,,0.0,,80.0,94.0,,,999.0,999.0,,,,,999.0,,,,999.0,,999.0,,,,
1997,10,20,,,,,,,,,,0.0,,,,,0.0,0.0,,,,,,,,,,0.0,,,,,,-999.0,-999.0,,,,,-999.0,,,,-999.0,,-999.0,,,,
1997,10,22,,,,,,,21.0,1545.0,,0.0,,,,,0.0,0.0,,89.96000000000001,59.0,,,340.0,340.0,,,0.0,,72.0,80.0,,,9999.0,9999.0,,,,,9999.0,,,,9999.0,,9999.0,,,,
1997,10,23,,,,,,,,,,0.0,,,,,0.0,0.0,,,,,,,,,,0.0,,,,,,-99.0,-99.0,,,,,-99.0,,,,-99.0,,-99.0,,,,
1997,10,24,,,,,,,,,,,,,,,,,,,,,,,,,,,,,,,,99.0,99.0,,,,,99.0,,,,99.0,,99.0,,,,
1997,10,25,,,,,,,19.0,1319.0,,0.0,,,,,0.0,0.0,,91.03999999999999,62.959999999999994,,,320.0,310.0,,,0.0,,72.0,76.0,,,-9999.0,-9999.0,,,,,-9999.0,,,,-9999.0,,-9999.0,,,,
1997,10,26,,,,,,,,,,0.0,,,,,0.0,0.0,,32.0,32.0,,,,,,,0.0,,,,,,,,,,,,-9.0,,,,,,-9.0,,,,
1997,10,27,,,,,,,16.0,245.0,,0.0,,,,,0.0,0.0,,86.0,62.059999999999995,,,300.0,300.0,,,0.0,,63.0,72.0,,,1.0,1.0,,,,,999.0,,,,1.0,,999.0,,,,
1997,10,28,,,,,,,,,,0.0,,,,,0.0,0.0,,,,,,,,,,0.0,,,,,,0.0,,,,,,,,,,,,-999.0,,,,
1997,10,30,,,,,,,22.0,1538.0,,0.0,,,,,0.0,0.0,,71.06,64.04,,,230.0,230.0,,,0.0,,45.0,63.0,,,9999.0,9999.0,,,,,1.0,,,,9999.0,,9999.0,,,,
1997,10,31,,,,,,,,,,0.0,,,,,0.0,0.0,,,,,,,,,,0.0,,,,,,-99.0,-99.0,,,,,,,,,-99.0,,-99.0,,,,
1997,11,1,,,,,,,13.0,1228.0,,0.0,,,,,0.0,0.0,,84.02,59.0,,,290.0,290.0,,,0.0,,45.0,58.0,,,1.0,,,,,,1.0,,,,1.0,-9999.0,-9999.0,,,,
1997,11,2,,,,,,,,,,0.0,,,,,0.0,0.0,,32.0,32.0,,,,,,,0.0,,,,,,,,,,,,,,,,,-9.0,-9.0,,,,
1997,11,3,,,,,,,14.0,605.0,,0.0,,,,,0.0,0.0,,89.96000000000001,60.980000000000004,,,340.0,330.0,,,0.0,,58.0,67.0,,,999.0,,,,,,999.0,,,,999.0,999.0,999.0,,,,
1997,11,4,,,,,,,,,,0.0,,,,,0.0,0.0,,,,,,,,,,0.0,,,,,,-999.0,,,,,,-999.0,,,,-999.0,-999.0,-999.0,,,,
1997,11,5,,,,,,,,,,,,,,,,,,,,,,,,,,,,,,,,9.0,,,,,,9.0,,,,9.0,,,,,,
1997,11,6,,,,,,,13.0,1606.0,,0.0,,,,,0.0,0.0,,78.98,60.980000000000004,,,290.0,310.0,,,0.0,,45.0,58.0,,,1.0,,,,,,1.0,,,,1.0,9999.0,9999.0,,,,
1997,11,7,,,,,,,,,,0.0,,,,,0.0,0.0,,,,,,,,,,0.0,,,,,,0.0,,,,,,0.0,,,,,-99.0,-99.0,,,,
1997,11,8,,,,,,,,,,,,,,,,,,,,,,,,,,,,,,,,,,,,,,,,,,,99.0,99.0,,,,
1997,11,9,,,,,,,27.0,1445.0,,0.0,,,,,0.0,0.0,,73.04,57.92,,,280.0,290.0,,,0.0,,63.0,72.0,,,1.0,,,,,,1.0,,,,1.0,-9999.0,-9999.0,,,,
1997,11,10,,,,,,,,,,0.0,,,,,0.0,0.0,,32.0,32.0,,,,,,,0.0,,,,,,0.0,,,,,,0.0,,,,,-9.0,-9.0,,,,
1997,11,11,,,,,,,24.0,527.0,,0.0,,,,,0.0,0.0,,71.06,62.059999999999995,,,290.0,290.0,,,0.0,,63.0,72.0,,,1.0,,,,,,1.0,,,,1.0,999.0,999.0,,,,
1997,11,12,,,,,,,,,,0.0,,,,,0.0,0.0,,,,,,,,,,0.0,,,,,,,,,,,,,,,,,-999.0,-999.0,,,,
1997,11,13,,,,,,,,,,,,,,,,,,,,,,,,,,,,,,,,,,,,,,9.0,,,,,,,,,,
1997,11,14,,,,,,,21.0,1328.0,,0.0,,,,,0.0,0.0,,69.98,55.94,,,270.0,260.0,,,0.0,,63.0,80.0,,,9999.0,,,,,,1.0,,,,9999.0,9999.0,9999.0,,,,
1997,11,15,,,,,,,,,,0.0,,,,,0.0,0.0,,,,,,,,,,0.0,,,,,,,,,,,,,,,,,-99.0,,,,,
1997,11,16,,,,,,,,,,,,,,,,,,,,,,,,,,,,,,,,,,,,,,99.0,,,,,99.0,,,,,
1997,11,17,,,,,,,23.0,1409.0,,8.0,,,,,0.0,0.0,,66.92,55.94,,,250.0,270.0,,,0.0,,63.0,72.0,,,-9999.0,,,,,,-9999.0,,,,-9999.0,-9999.0,1.0,,,,
1997,11,18,,,,,,,,,,0.0,,,,,0.0,0.0,,32.0,32.0,,,,,,,0.0,,,,,,-9.0,,,,,,-9.0,,,,-9.0,-9.0,0.0,,,,
1997,11,19,,,,,,,23.0,439.0,,,,,,,0.0,0.0,,68.0,57.92,,,300.0,300.0,,,0.0,,72.0,89.0,,,999.0,,,,,,999.0,,,,999.0,999.0,1.0,,,,
1997,11,20,,,,,,,,,,,,,,,0.0,0.0,,,,,,,,,,0.0,,,,,,,,,,,,-999.0,,,,,-999.0,0.0,,,,
1997,11,22,,,,,,,38.0,1444.0,,,,,,,0.0,0.0,,68.0,59.0,,,280.0,290.0,,,0.0,,76.0,98.0,,,9999.0,,,,,,9999.0,,,,9999.0,9999.0,1.0,,,,
1997,11,23,,,,,,,,,,0.0,,,,,0.0,0.0,,,,,,,,,,0.0,,,,,,-99.0,,,,,,-99.0,,,,-99.0,-99.0,,,,,
1997,11,24,,,,,,,,,,,,,,,,,,,,,,,,,,,,,,,,99.0,,,,,,99.0,,,,99.0,99.0,99.0,,,,
1997,11,25,,,,,,,20.0,1325.0,,0.0,,,,,0.0,0.0,,68.0,53.96,,,290.0,290.0,,,0.0,,67.0,80.0,,,-9999.0,,,,,,-9999.0,,,,-9999.0,-9999.0,-9999.0,,,,
1997,11,26,,,,,,,,,,0.0,,,,,0.0,0.0,,32.0,32.0,,,,,,,0.0,,,,,,-9.0,,,,,,-9.0,,,,-9.0,-9.0,-9.0,,,,
1997,11,27,,,,,,,21.0,242.0,,0.0,,,,,0.0,0.0,,68.0,53.96,,,290.0,290.0,,,0.0,,63.0,72.0,,,999.0,,,,,,999.0,,,,999.0,999.0,999.0,,,,
1997,11,28,,,,,,,,,,0.0,,,,,0.0,0.0,,,,,,,,,,0.0,,,,,,,,,,,,,,,,,-999.0,-999.0,,,,
1997,11,30,,,,,,,24.0,1516.0,,0.0,,,,,0.0,0.0,,69.08,51.98,,,290.0,290.0,,,0.0,,67.0,76.0,,,1.0,,,,,,1.0,,,,1.0,9999.0,9999.0,,,,
1997,11,31,,,,,,,,,,0.0,,,,,0.0,0.0,,,,,,,,,,0.0,,,,,,0.0,,,,,,0.0,,,,,,,,,,
1997,12,1,,,,,,,16.0,1238.0,,0.0,,,,,0.0,0.0,,62.959999999999994,50.0,,,300.0,280.0,,,0.0,,58.0,67.0,,,-9999.0,,-9999.0,,,,-9999.0,,,,-9999.0,,-9999.0,,,,
1997,12,2,,,,,,,,,,0.0,,,,,0.0,0.0,,32.0,32.0,,,,,,,0.0,,,,,,-9.0,,-9.0,,,,-9.0,,,,-9.0,,-9.0,,,,
1997,12,3,,,,,,,18.0,505.0,,0.0,,,,,0.0,0.0,,66.92,53.96,,,240.0,240.0,,,0.0,,49.0,58.0,,,999.0,,999.0,,,,999.0,,,,999.0,,999.0,,,,
1997,12,4,,,,,,,,,,0.0,,,,,0.0,0.0,,,,,,,,,,0.0,,,,,,-999.0,,-999.0,,,,-999.0,,,,-999.0,,-999.0,,,,
1997,12,6,,,,,,,28.0,1111.0,,0.0,,,,,0.0,0.0,,71.06,53.06,,,160.0,170.0,,,0.0,,63.0,76.0,,,9999.0,,9999.0,,,,9999.0,,,,9999.0,,9999.0,,,,
1997,12,7,,,,,,,,,,0.0,,,,,0.0,0.0,,,,,,,,,,0.0,,,,,,-99.0,,-99.0,,,,-99.0,,,,-99.0,,-99.0,,,,
1997,12,8,,,,,,,,,,,,,,,,,,,,,,,,,,,,,,,,99.0,,99.0,,,,99.0,,,,99.0,,99.0,,,,
1997,12,9,,,,,,,56.0,1824.0,,137.0,,,,,0.0,0.0,,68.0,57.92,,,160.0,140.0,,,0.0,,116.0,148.0,,,-9999.0,,1.0,,,,-9999.0,,,,-9999.0,,1.0,,,,
1997,12,10,,,,,,,,,,0.0,,,,,0.0,0.0,,32.0,32.0,,,,,,,0.0,,,,,,,,,,,,-9.0,,,,,,0.0,,,,
1997,12,11,,,,,,,41.0,344.0,,56.0,,,,,0.0,0.0,,66.92,57.92,,,290.0,290.0,,,0.0,,94.0,103.0,,,1.0,,999.0,,,,999.0,,,,1.0,,1.0,,,,
1997,12,12,,,,,,,,,,,,,,,0.0,0.0,,,,,,,,,,0.0,,,,,,,,-999.0,,,,-999.0,,,,,,0.0,,,,
1997,12,14,,,,,,,27.0,1403.0,,0.0,,,,,0.0,0.0,,62.059999999999995,48.92,,,320.0,290.0,,,0.0,,76.0,98.0,,,9999.0,,9999.0,,,,9999.0,,,,9999.0,,9999.0,,,,
1997,12,15,,,,,,,,,,0.0,,,,,0.0,0.0,,,32.0,,,,,,,0.0,,,,,,-99.0,,-99.0,,,,-99.0,,,,-99.0,,-99.0,,,,
1997,12,16,,,,,,,,,,,,,,,,,,,,,,,,,,,,,,,,99.0,,99.0,,,,99.0,,,,99.0,,99.0,,,,
1997,12,17,,,,,,,51.0,1038.0,,0.0,,,,,0.0,0.0,,62.959999999999994,46.04,,,40.0,50.0,,,0.0,,152.0,192.0,,,-9999.0,,-9999.0,,,,-9999.0,,,,-9999.0,,-9999.0,,,,
1997,12,18,,,,,,,,,,0.0,,,,,0.0,0.0,,32.0,32.0,,,,,,,0.0,,,,,,-9.0,,-9.0,,,,-9.0,,,,-9.0,,-9.0,,,,
1997,12,19,,,,,,,22.0,313.0,,0.0,,,,,0.0,0.0,,64.94,48.02,,,230.0,30.0,,,0.0,,63.0,76.0,,,999.0,,999.0,,,,999.0,,,,999.0,,999.0,,,,
1997,12,20,,,,,,,,,,0.0,,,,,0.0,0.0,,,,,,,,,,0.0,,,,,,-999.0,,-999.0,,,,-999.0,,,,-999.0,,-999.0,,,,
1997,12,22,,,,,,,22.0,1322.0,,0.0,,,,,0.0,0.0,,66.02,46.04,,,290.0,290.0,,,0.0,,63.0,72.0,,,9999.0,,9999.0,,,,9999.0,,,,9999.0,,9999.0,,,,
1997,12,23,,,,,,,,,,0.0,,,,,0.0,0.0,,,32.0,,,,,,,0.0,,,,,,-99.0,,-99.0,,,,-99.0,,,,-99.0,,-99.0,,,,
1997,12,24,,,,,,,,,,,,,,,,,,,,,,,,,,,,,,,,99.0,,99.0,,,,99.0,,,,99.0,,99.0,,,,
1997,12,25,,,,,,,15.0,1253.0,,0.0,,,,,0.0,0.0,,69.98,46.94,,,300.0,290.0,,,0.0,,45.0,58.0,,,-9999.0,,-9999.0,,,,-9999.0,,,,-9999.0,,-9999.0,,,,
1997,12,26,,,,,,,,,,0.0,,,,,0.0,0.0,,32.0,32.0,,,,,,,0.0,,,,,,-9.0,,-9.0,,,,,,,,-9.0,,-9.0,,,,
1997,12,27,,,,,,,9.0,429.0,,0.0,,,,,0.0,0.0,,68.0,46.94,,,210.0,210.0,,,0.0,,36.0,40.0,,,999.0,,999.0,,,,1.0,,,,999.0,,999.0,,,,
1997,12,28,,,,,,,,,,0.0,,,,,0.0,0.0,,,,,,,,,,0.0,,,,,,-999.0,,-999.0,,,,,,,,-999.0,,,,,,
1997,12,30,,,,,,,30.0,1337.0,,0.0,,,,,0.0,0.0,,71.06,50.0,,,320.0,330.0,,,0.0,,76.0,89.0,,,9999.0,,9999.0,,,,9999.0,,,,9999.0,,9999.0,,,,
1997,12,31,,,,,,,,,,0.0,,,,,0.0,0.0,,,32.0,,,,,,,0.0,,,,,,-99.0,,-99.0,,,,-99.0,,,,-99.0,,-99.0,,,,
1998,1,1,,,,,,,18.0,2125.0,,0.0,,,,,0.0,0.0,,71.06,51.98,,,160.0,180.0,,,0.0,,40.0,67.0,,,1.0,,,,,,-9999.0,,,,1.0,,-9999.0,,,,
1998,1,2,,,,,,,,,,0.0,,,,,0.0,0.0,,32.0,32.0,,,,,,,0.0,,,,,,0.0,,,,,,-9.0,,,,,,,,,,
1998,1,3,,,,,,,27.0,233.0,,20.0,,,,,0.0,0.0,,64.94,55.04,,,150.0,140.0,,,0.0,,58.0,76.0,,,1.0,,,,,,999.0,,,,1.0,,1.0,,,,
1998,1,4,,,,,,,,,,,,,,,0.0,0.0,,,,,,,,,,0.0,,,,,,0.0,,,,,,-999.0,,,,,,0.0,,,,
1998,1,6,,,,,,,22.0,1612.0,,36.0,,,,,0.0,0.0,,62.959999999999994,53.06,,,210.0,220.0,,,0.0,,76.0,103.0,,,1.0,,,,,,9999.0,,,,1.0,,1.0,,,,
1998,1,7,,,,,,,,,,0.0,,,,,0.0,0.0,,,32.0,,,,,,,0.0,,,,,,,,,,,,-99.0,,,,,,,,,,
1998,1,8,,,,,,,,,,,,,,,,,,,,,,,,,,,,,,,,99.0,,,,,,99.0,,,,99.0,,99.0,,,,
1998,1,9,,,,,,,15.0,1440.0,,0.0,,,,,0.0,0.0,,64.04,44.06,,,340.0,320.0,,,0.0,,72.0,89.0,,,-9999.0,,,,,,-9999.0,,,,-9999.0,,-9999.0,,,,
1998,1,10,,,,,,,,,,0.0,,,,,0.0,0.0,,32.0,32.0,,,,,,,0.0,,,,,,-9.0,,,,,,-9.0,,,,-9.0,,-9.0,,,,
1998,1,11,,,,,,,11.0,520.0,,0.0,,,,,0.0,0.0,,64.94,44.96,,,280.0,290.0,,,0.0,,45.0,58.0,,,999.0,,,,,,999.0,,,,999.0,,999.0,,,,
1998,1,12,,,,,,,,,,0.0,,,,,0.0,0.0,,,,,,,,,,0.0,,,,,,,,,,,,-999.0,,,,,,-999.0,,,,
1998,1,13,,,,,,,,,,,,,,,,,,,,,,,,,,,,,,,,,,,,,,,,,,,,9.0,,,,
1998,1,14,,,,,,,43.0,2145.0,,218.0,,,,,0.0,0.0,,62.959999999999994,55.04,,,190.0,190.0,,,0.0,,89.0,125.0,,,1.0,,,,,,9999.0,,,,1.0,,1.0,,,,
1998,1,15,,,,,,,,,,0.0,,,,,0.0,0.0,,,,,,,,,,0.0,,,,,,0.0,,,,,,,,,,,,0.0,,,,
1998,1,17,,,,,,,12.0,1520.0,,0.0,,,,,0.0,0.0,,64.04,51.98,,,290.0,290.0,,,0.0,,49.0,63.0,,,-9999.0,,,,,,-9999.0,,,,-9999.0,,1.0,,,,
1998,1,18,,,,,,,,,,,,,,,0.0,0.0,,32.0,32.0,,,,,,,0.0,,,,,,-9.0,,,,,,-9.0,,,,-9.0,,0.0,,,,
1998,1,19,,,,,,,13.0,504.0,,,,,,,0.0,0.0,,62.959999999999994,55.94,,,290.0,310.0,,,0.0,,40.0,49.0,,,999.0,,,,,,999.0,,,,999.0,,1.0,,,,
1998,1,20,,,,,,,,,,,,,,,0.0,0.0,,,,,,,,,,0.0,,,,,,,,,,,,-999.0,,,,,,0.0,,,,
1998,1,22,,,,,,,14.0,1513.0,,0.0,,,,,0.0,0.0,,62.959999999999994,51.98,,,300.0,300.0,,,0.0,,58.0,72.0,,,1.0,,,,,,9999.0,,,,1.0,,9999.0,,,,
1998,1,23,,,,,,,,,,0.0,,,,,0.0,0.0,,,,,,,,,,0.0,,,,,,0.0,,,,,,,,,,,,,,,,
1998,1,25,,,,,,,21.0,1539.0,,8.0,,,,,0.0,0.0,,66.02,57.02,,,300.0,290.0,,,0.0,,58.0,67.0,,,1.0,,,,,,-9999.0,,,,1.0,,1.0,,,,
1998,1,26,,,,,,,,,,0.0,,,,,0.0,0.0,,32.0,32.0,,,,,,,0.0,,,,,,0.0,,,,,,,,,,,,,,,,
1998,1,27,,,,,,,16.0,444.0,,0.0,,,,,0.0,0.0,,64.94,53.06,,,280.0,270.0,,,0.0,,45.0,58.0,,,1.0,,,,,,1.0,,,,1.0,,999.0,,,,
1998,1,28,,,,,,,,,,0.0,,,,,0.0,0.0,,,,,,,,,,0.0,,,,,,0.0,,,,,,0.0,,,,,,-999.0,,,,
1998,1,29,,,,,,,,,,,,,,,,,,,,,,,,,,,,,,,,,,,,,,,,,,,,9.0,,,,
1998,1,30,,,,,,,40.0,1320.0,,53.0,,,,,0.0,0.0,,62.059999999999995,55.04,,,290.0,280.0,,,0.0,,80.0,103.0,,,1.0,,,,,,9999.0,,,,1.0,,1.0,,,,
1998,1,31,,,,,,,,,,0.0,,,,,0.0,0.0,,,,,,,,,,0.0,,,,,,,,,,,,-99.0,,,,,,0.0,,,,
1998,2,1,,,,,,,20.0,1500.0,,0.0,,,,,0.0,0.0,,64.04,51.98,,,250.0,250.0,,,0.0,,58.0,67.0,,,-9999.0,,-9999.0,,,,,,,,-9999.0,-9999.0,-9999.0,,,,
1998,2,2,,,,,,,,,,0.0,,,,,0.0,0.0,,32.0,32.0,,,,,,,0.0,,,,,,-9.0,,-9.0,,,,,,,,-9.0,-9.0,-9.0,,,,
1998,2,3,,,,,,,42.0,117.0,,0.0,,,,,0.0,0.0,,64.94,53.96,,,140.0,140.0,,,0.0,,98.0,116.0,,,999.0,,999.0,,,,,,,,999.0,999.0,999.0,,,,
1998,2,4,,,,,,,,,,,,,,,0.0,0.0,,,,,,,,,,0.0,,,,,,,,,,,,,,,,,-999.0,,,,,
1998,2,6,,,,,,,54.0,18.0,,13.0,,,,,0.0,0.0,,62.959999999999994,53.96,,,290.0,280.0,,,0.0,,116.0,148.0,,,9999.0,,9999.0,,,,,,,,9999.0,9999.0,1.0,,,,
1998,2,7,,,,,,,,,,0.0,,,,,0.0,0.0,,,,,,,,,,0.0,,,,,,-99.0,,-99.0,,,,,,,,-99.0,-99.0,,,,,
1998,2,8,,,,,,,,,,,,,,,,,,,,,,,,,,,,,,,,99.0,,99.0,,,,,,,,99.0,99.0,99.0,,,,
1998,2,9,,,,,,,51.0,1440.0,,51.0,,,,,0.0,0.0,,62.059999999999995,53.06,,,160.0,170.0,,,0.0,,130.0,152.0,,,1.0,,-9999.0,,,,,,,,1.0,-9999.0,1.0,,,,
1998,2,10,,,,,,,,,,0.0,,,,,0.0,0.0,,32.0,32.0,,,,,,,0.0,,,,,,0.0,,-9.0,,,,,,,,,-9.0,0.0,,,,
1998,2,11,,,,,,,40.0,340.0,,38.0,,,,,0.0,0.0,,62.959999999999994,50.0,,,170.0,170.0,,,0.0,,107.0,130.0,,,1.0,,999.0,,,,,,,,1.0,999.0,1.0,,,,
1998,2,12,,,,,,,,,,,,,,,0.0,0.0,,,,,,,,,,0.0,,,,,,0.0,,-999.0,,,,,,,,,-999.0,0.0,,,,
1998,2,14,,,,,,,25.0,18.0,,10.0,,,,,0.0,0.0,,62.059999999999995,53.06,,,260.0,270.0,,,0.0,,116.0,174.0,,,9999.0,,9999.0,,,,,,,,9999.0,9999.0,1.0,,,,
1998,2,15,,,,,,,,,,0.0,,,,,0.0,0.0,,,32.0,,,,,,,0.0,,,,,,-99.0,,-99.0,,,,,,,,-99.0,-99.0,,,,,
1998,2,16,,,,,,,,,,,,,,,,,,,,,,,,,,,,,,,,99.0,,99.0,,,,,,,,99.0,99.0,99.0,,,,
1998,2,17,,,,,,,21.0,1522.0,,0.0,,,,,0.0,0.0,,64.04,53.06,,,280.0,290.0,,,0.0,,49.0,63.0,,,-9999.0,,-9999.0,,,,,,,,-9999.0,-9999.0,1.0,,,,
1998,2,18,,,,,,,,,,,,,,,0.0,0.0,,32.0,32.0,,,,,,,0.0,,,,,,-9.0,,-9.0,,,,,,,,-9.0,-9.0,,,,,
1998,2,19,,,,,,,29.0,520.0,,0.0,,,,,0.0,0.0,,66.92,51.98,,,310.0,300.0,,,0.0,,76.0,98.0,,,999.0,,999.0,,,,,,,,999.0,999.0,999.0,,,,
1998,2,20,,,,,,,,,,0.0,,,,,0.0,0.0,,,,,,,,,,0.0,,,,,,,,-999.0,,,,,,,,,,,,,,
1998,2,22,,,,,,,67.0,1808.0,,259.0,,,,,0.0,0.0,,62.059999999999995,55.94,,,250.0,240.0,,,0.0,,139.0,170.0,,,9999.0,,9999.0,,,,,,,,9999.0,9999.0,1.0,,,,
1998,2,23,,,,,,,,,,0.0,,,,,0.0,0.0,,,,,,,,,,0.0,,,,,,,,-99.0,,,,,,,,,-99.0,0.0,,,,
1998,2,24,,,,,,,,,,,,,,,,,,,,,,,,,,,,,,,,,,99.0,,,,,,,,,99.0,,,,,
1998,2,25,,,,,,,36.0,1137.0,,0.0,,,,,0.0,0.0,,62.059999999999995,48.92,,,180.0,190.0,,,0.0,,72.0,89.0,,,-9999.0,,-9999.0,,,,,,,,-9999.0,-9999.0,1.0,,,,
1998,2,26,,,,,,,,,,,,,,,0.0,0.0,,32.0,32.0,,,,,,,0.0,,,,,,,,-9.0,,,,,,,,,-9.0,0.0,,,,
1998,2,27,,,,,,,44.0,257.0,,351.0,,,,,0.0,0.0,,60.980000000000004,50.0,,,300.0,310.0,,,0.0,,94.0,130.0,,,1.0,,999.0,,,,,,,,1.0,999.0,1.0,,,,
1998,2,28,,,,,,,,,,0.0,,,,,0.0,0.0,,,,,,,,,,0.0,,,,,,,,-999.0,,,,,,,,,-999.0,,,,,
1998,2,29,,,,,,,,,,,,,,,,,,,,,,,,,,,,,,,,,,,,,,,,,,,,9.0,,,,
1998,2,30,,,,,,,23.0,2342.0,,79.0,,,,,0.0,0.0,,60.980000000000004,50.0,,,240.0,240.0,,,0.0,,76.0,89.0,,,9999.0,,9999.0,,,,,,,,9999.0,9999.0,1.0,,,,
1998,2,31,,,,,,,,,,0.0,,,,,0.0,0.0,,,,,,,,,,0.0,,,,,,-99.0,,-99.0,,,,,,,,-99.0,-99.0,0.0,,,,
1998,3,1,,,,,,,23.0,1545.0,,0.0,,,,,0.0,0.0,,66.92,50.0,,,290.0,290.0,,,0.0,,72.0,80.0,,,1.0,,,-9999.0,-9999.0,,-9999.0,,,,1.0,,-9999.0,,,,
1998,3,2,,,,,,,,,,0.0,,,,,0.0,0.0,,32.0,32.0,,,,,,,0.0,,,,,,0.0,,,-9.0,-9.0,,,,,,,,-9.0,,,,
1998,3,3,,,,,,,19.0,334.0,,0.0,,,,,0.0,0.0,,62.959999999999994,51.98,,,210.0,220.0,,,0.0,,49.0,58.0,,,1.0,,,999.0,999.0,,1.0,,,,1.0,,999.0,,,,
1998,3,4,,,,,,,,,,0.0,,,,,0.0,0.0,,,,,,,,,,0.0,,,,,,,,,-999.0,-999.0,,,,,,,,-999.0,,,,
1998,3,6,,,,,,,35.0,1633.0,,0.0,,,,,0.0,0.0,,62.959999999999994,57.02,,,230.0,210.0,,,0.0,,67.0,80.0,,,9999.0,,,9999.0,9999.0,,9999.0,,,,9999.0,,9999.0,,,,
1998,3,7,,,,,,,,,,0.0,,,,,0.0,0.0,,,,,,,,,,0.0,,,,,,-99.0,,,-99.0,-99.0,,-99.0,,,,-99.0,,-99.0,,,,
1998,3,8,,,,,,,,,,,,,,,,,,,,,,,,,,,,,,,,99.0,,,99.0,99.0,,99.0,,,,99.0,,99.0,,,,
1998,3,9,,,,,,,61.0,541.0,,10.0,,,,,0.0,0.0,,60.980000000000004,53.96,,,230.0,230.0,,,0.0,,107.0,130.0,,,1.0,,,-9999.0,-9999.0,,-9999.0,,,,1.0,,1.0,,,,
1998,3,10,,,,,,,,,,0.0,,,,,0.0,0.0,,32.0,32.0,,,,,,,0.0,,,,,,,,,-9.0,-9.0,,-9.0,,,,,,,,,,
1998,3,11,,,,,,,29.0,211.0,,0.0,,,,,0.0,0.0,,62.959999999999994,48.02,,,300.0,280.0,,,0.0,,80.0,94.0,,,999.0,,,999.0,999.0,,999.0,,,,999.0,,999.0,,,,
1998,3,12,,,,,,,,,,0.0,,,,,0.0,0.0,,,,,,,,,,0.0,,,,,,-999.0,,,-999.0,-999.0,,-999.0,,,,-999.0,,-999.0,,,,
1998,3,14,,,,,,,23.0,1336.0,,0.0,,,,,0.0,0.0,,68.0,50.0,,,290.0,310.0,,,0.0,,72.0,80.0,,,9999.0,,,9999.0,9999.0,,9999.0,,,,9999.0,,9999.0,,,,
1998,3,15,,,,,,,,,,0.0,,,,,0.0,0.0,,,,,,,,,,0.0,,,,,,-99.0,,,-99.0,-99.0,,-99.0,,,,-99.0,,-99.0,,,,
1998,3,16,,,,,,,,,,,,,,,,,,,,,,,,,,,,,,,,99.0,,,99.0,99.0,,99.0,,,,99.0,,99.0,,,,
1998,3,17,,,,,,,16.0,1509.0,,0.0,,,,,0.0,0.0,,78.08,53.06,,,320.0,320.0,,,0.0,,63.0,80.0,,,-9999.0,,,-9999.0,-9999.0,,-9999.0,,,,-9999.0,,-9999.0,,,,
1998,3,18,,,,,,,,,,0.0,,,,,0.0,0.0,,32.0,32.0,,,,,,,0.0,,,,,,-9.0,,,-9.0,-9.0,,-9.0,,,,-9.0,,-9.0,,,,
1998,3,19,,,,,,,25.0,57.0,,0.0,,,,,0.0,0.0,,66.92,55.04,,,210.0,220.0,,,0.0,,58.0,67.0,,,999.0,,,999.0,999.0,,999.0,,,,999.0,,999.0,,,,
1998,3,20,,,,,,,,,,,,,,,0.0,0.0,,,,,,,,,,0.0,,,,,,,,,-999.0,-999.0,,-999.0,,,,,,,,,,
1998,3,22,,,,,,,22.0,124.0,,3.0,,,,,0.0,0.0,,62.959999999999994,53.06,,,290.0,280.0,,,0.0,,72.0,94.0,,,9999.0,,,9999.0,9999.0,,9999.0,,,,9999.0,,1.0,,,,
1998,3,23,,,,,,,,,,0.0,,,,,0.0,0.0,,,,,,,,,,0.0,,,,,,-99.0,,,-99.0,-99.0,,-99.0,,,,-99.0,,,,,,
1998,3,24,,,,,,,,,,,,,,,,,,,,,,,,,,,,,,,,99.0,,,99.0,99.0,,99.0,,,,99.0,,99.0,,,,
1998,3,25,,,,,,,38.0,1516.0,,0.0,,,,,0.0,0.0,,62.059999999999995,59.0,,,190.0,180.0,,,0.0,,67.0,76.0,,,-9999.0,,,-9999.0,-9999.0,,-9999.0,,,,-9999.0,,-9999.0,,,,
1998,3,26,,,,,,,,,,0.0,,,,,0.0,0.0,,32.0,32.0,,,,,,,0.0,,,,,,-9.0,,,-9.0,-9.0,,-9.0,,,,-9.0,,-9.0,,,,
1998,3,27,,,,,,,24.0,559.0,,0.0,,,,,0.0,0.0,,64.94,57.92,,,290.0,290.0,,,0.0,,58.0,67.0,,,999.0,,,999.0,999.0,,999.0,,,,999.0,,999.0,,,,
1998,3,28,,,,,,,,,,0.0,,,,,0.0,0.0,,,,,,,,,,0.0,,,,,,-999.0,,,-999.0,-999.0,,-999.0,,,,-999.0,,-999.0,,,,
1998,3,29,,,,,,,,,,,,,,,,,,,,,,,,,,,,,,,,9.0,,,,,,9.0,,,,9.0,,,,,,
1998,3,30,,,,,,,30.0,1437.0,,0.0,,,,,0.0,0.0,,69.98,57.02,,,290.0,290.0,,,0.0,,76.0,89.0,,,1.0,,,9999.0,9999.0,,1.0,,,,1.0,,9999.0,,,,
1998,3,31,,,,,,,,,,0.0,,,,,0.0,0.0,,,,,,,,,,0.0,,,,,,0.0,,,-99.0,-99.0,,0.0,,,,,,-99.0,,,,
1998,4,1,,,,,,,30.0,929.0,928.0,99.0,,,,,0.0,0.0,53.06,57.92,48.02,,,340.0,350.0,,,0.0,,89.0,98.0,,,1.0,-9999.0,,,,,-9999.0,,,,1.0,,1.0,,-9999.0,,
1998,4,2,,,,,,,,,,0.0,,,,,0.0,0.0,,32.0,32.0,,,,,,,0.0,,,,,,,-9.0,,,,,-9.0,,,,,,0.0,,-9.0,,
1998,4,3,,,,,,,30.0,406.0,445.0,,,,,,0.0,0.0,57.02,62.959999999999994,51.08,,,230.0,220.0,,,0.0,,63.0,67.0,,,999.0,999.0,,,,,999.0,,,,999.0,,1.0,,999.0,,
1998,4,4,,,,,,,,,,0.0,,,,,0.0,0.0,,,,,,,,,,0.0,,,,,,-999.0,-999.0,,,,,-999.0,,,,-999.0,,0.0,,-999.0,,
1998,4,6,,,,,,,31.0,1607.0,1606.0,,,,,,0.0,0.0,57.02,62.959999999999994,51.08,,,260.0,250.0,,,0.0,,67.0,80.0,,,9999.0,9999.0,,,,,9999.0,,,,9999.0,,1.0,,9999.0,,
1998,4,7,,,,,,,,,,0.0,,,,,0.0,0.0,,,,,,,,,,0.0,,,,,,-99.0,-99.0,,,,,-99.0,,,,-99.0,,,,-99.0,,
1998,4,8,,,,,,,,,,,,,,,,,,,,,,,,,,,,,,,,99.0,99.0,,,,,99.0,,,,99.0,,99.0,,99.0,,
1998,4,9,,,,,,,50.0,1523.0,1157.0,3.0,,,,,0.0,0.0,59.0,62.959999999999994,55.04,,,280.0,270.0,,,0.0,,89.0,107.0,,,-9999.0,-9999.0,,,,,-9999.0,,,,-9999.0,,1.0,,-9999.0,,
1998,4,10,,,,,,,,,,0.0,,,,,0.0,0.0,,32.0,32.0,,,,,,,0.0,,,,,,-9.0,-9.0,,,,,-9.0,,,,-9.0,,0.0,,-9.0,,
1998,4,11,,,,,,,46.0,500.0,411.0,10.0,,,,,0.0,0.0,59.0,62.959999999999994,53.96,,,280.0,300.0,,,0.0,,89.0,107.0,,,999.0,999.0,,,,,999.0,,,,999.0,,1.0,,999.0,,
1998,4,12,,,,,,,,,,0.0,,,,,0.0,0.0,,,,,,,,,,0.0,,,,,,-999.0,-999.0,,,,,-999.0,,,,-999.0,,,,-999.0,,
1998,4,14,,,,,,,24.0,1759.0,1759.0,0.0,,,,,0.0,0.0,59.0,66.02,51.98,,,300.0,300.0,,,0.0,,63.0,72.0,,,9999.0,9999.0,,,,,9999.0,,,,9999.0,,9999.0,,9999.0,,
1998,4,15,,,,,,,,,,0.0,,,,,0.0,0.0,,,,,,,,,,0.0,,,,,,-99.0,-99.0,,,,,,,,,-99.0,,-99.0,,-99.0,,
1998,4,16,,,,,,,,,,,,,,,,,,,,,,,,,,,,,,,,99.0,99.0,,,,,,,,,99.0,,99.0,,99.0,,
1998,4,17,,,,,,,58.0,1741.0,1740.0,66.0,,,,,0.0,0.0,60.08,62.959999999999994,55.94,,,180.0,180.0,,,0.0,,134.0,161.0,,,1.0,-9999.0,,,,,1.0,,,,1.0,,1.0,,-9999.0,,
1998,4,18,,,,,,,,,,0.0,,,,,0.0,0.0,,32.0,32.0,,,,,,,0.0,,,,,,0.0,-9.0,,,,,,,,,,,0.0,,-9.0,,
1998,4,19,,,,,,,65.0,114.0,114.0,38.0,,,,,0.0,0.0,57.92,62.059999999999995,53.96,,,280.0,280.0,,,0.0,,125.0,148.0,,,1.0,999.0,,,,,999.0,,,,1.0,,1.0,,999.0,,
1998,4,20,,,,,,,,,,0.0,,,,,0.0,0.0,,,,,,,,,,0.0,,,,,,,-999.0,,,,,-999.0,,,,,,0.0,,-999.0,,
1998,4,22,,,,,,,40.0,2126.0,1258.0,10.0,,,,,0.0,0.0,57.02,60.980000000000004,53.06,,,310.0,270.0,,,0.0,,72.0,94.0,,,9999.0,9999.0,,,,,9999.0,,,,9999.0,,1.0,,9999.0,,
1998,4,23,,,,,,,,,,0.0,,,,,0.0,0.0,,,,,,,,,,0.0,,,,,,,-99.0,,,,,-99.0,,,,,,0.0,,-99.0,,
1998,4,24,,,,,,,,,,,,,,,,,,,,,,,,,,,,,,,,,99.0,,,,,99.0,,,,,,,,99.0,,
1998,4,25,,,,,,,26.0,1513.0,1608.0,0.0,,,,,0.0,0.0,57.02,64.04,48.92,,,290.0,310.0,,,0.0,,72.0,80.0,,,-9999.0,-9999.0,,,,,-9999.0,,,,-9999.0,,-9999.0,,-9999.0,,
1998,4,26,,,,,,,,,,0.0,,,,,0.0,0.0,,32.0,32.0,,,,,,,0.0,,,,,,-9.0,-9.0,,,,,-9.0,,,,-9.0,,-9.0,,-9.0,,
1998,4,27,,,,,,,24.0,217.0,456.0,0.0,,,,,0.0,0.0,60.08,68.0,51.08,,,290.0,280.0,,,0.0,,76.0,80.0,,,999.0,999.0,,,,,999.0,,,,999.0,,999.0,,999.0,,
1998,4,28,,,,,,,,,,0.0,,,,,0.0,0.0,,,,,,,,,,0.0,,,,,,-999.0,-999.0,,,,,-999.0,,,,-999.0,,-999.0,,-999.0,,
1998,4,29,,,,,,,,,,,,,,,,,,,,,,,,,,,,,,,,9.0,,,,,,,,,,9.0,,,,,,
1998,4,30,,,,,,,21.0,1431.0,1415.0,0.0,,,,,0.0,0.0,64.04,73.94,53.96,,,290.0,300.0,,,0.0,,67.0,80.0,,,1.0,9999.0,,,,,9999.0,,,,1.0,,9999.0,,9999.0,,
1998,4,31,,,,,,,,,,0.0,,,,,0.0,0.0,,,,,,,,,,0.0,,,,,,0.0,,,,,,,,,,,,-99.0,,,,
1998,5,1,,,,,,,25.0,1424.0,1406.0,0.0,,,,,0.0,0.0,64.04,68.0,59.0,,,270.0,240.0,,,0.0,,58.0,76.0,,,-9999.0,,,,,,-9999.0,,-9999.0,,-9999.0,,-9999.0,,,,
1998,5,2,,,,,,,,,,0.0,,,,,0.0,0.0,,32.0,32.0,,,,,,,0.0,,,,,,,,,,,,-9.0,,-9.0,,,,,,,,
1998,5,3,,,,,,,33.0,358.0,357.0,3.0,,,,,0.0,0.0,66.02,71.06,60.980000000000004,,,230.0,220.0,,,0.0,,67.0,80.0,,,1.0,,,,,,999.0,,999.0,,1.0,,1.0,,,,
1998,5,4,,,,,,,,,,0.0,,,,,0.0,0.0,,,,,,,,,,0.0,,,,,,,,,,,,-999.0,,-999.0,,,,,,,,
1998,5,5,,,,,,,,,,,,,,,,,,,,,,,,,,,,,,,,,,,,,,,,,,,,9.0,,,,
1998,5,6,,,,,,,40.0,2216.0,2216.0,5.0,,,,,0.0,0.0,66.92,71.06,62.959999999999994,,,220.0,220.0,,,0.0,,76.0,89.0,,,9999.0,,,,,,9999.0,,9999.0,,9999.0,,1.0,,,,
1998,5,7,,,,,,,,,,0.0,,,,,0.0,0.0,,,,,,,,,,0.0,,,,,,,,,,,,-99.0,,-99.0,,,,0.0,,,,
1998,5,8,,,,,,,,,,,,,,,,,,,,,,,,,,,,,,,,,,,,,,99.0,,99.0,,,,,,,,
1998,5,9,,,,,,,36.0,719.0,1629.0,18.0,,,,,0.0,0.0,64.04,68.0,60.08,,,200.0,240.0,,,0.0,,76.0,94.0,,,-9999.0,,,,,,-9999.0,,-9999.0,,-9999.0,,1.0,,,,
1998,5,10,,,,,,,,,,0.0,,,,,0.0,0.0,,32.0,32.0,,,,,,,0.0,,,,,,-9.0,,,,,,-9.0,,,,-9.0,,,,,,
1998,5,11,,,,,,,38.0,722.0,722.0,0.0,,,,,0.0,0.0,64.04,68.0,59.0,,,260.0,260.0,,,0.0,,89.0,98.0,,,999.0,,,,,,999.0,,1.0,,999.0,,999.0,,,,
1998,5,12,,,,,,,,,,0.0,,,,,0.0,0.0,,,,,,,,,,0.0,,,,,,,,,,,,-999.0,,,,,,,,,,
1998,5,14,,,,,,,36.0,1859.0,1912.0,,,,,,0.0,0.0,60.980000000000004,62.959999999999994,57.92,,,230.0,250.0,,,0.0,,58.0,63.0,,,1.0,,,,,,9999.0,,9999.0,,1.0,,1.0,,,,
1998,5,15,,,,,,,,,,0.0,,,,,0.0,0.0,,,,,,,,,,0.0,,,,,,,,,,,,-99.0,,-99.0,,,,0.0,,,,
1998,5,16,,,,,,,,,,,,,,,,,,,,,,,,,,,,,,,,99.0,,,,,,99.0,,99.0,,99.0,,,,,,
1998,5,17,,,,,,,46.0,1441.0,1437.0,0.0,,,,,0.0,0.0,60.980000000000004,64.04,57.92,,,240.0,250.0,,,0.0,,89.0,107.0,,,-9999.0,,,,,,-9999.0,,-9999.0,,-9999.0,,-9999.0,,,,
1998,5,18,,,,,,,,,,0.0,,,,,0.0,0.0,,32.0,32.0,,,,,,,0.0,,,,,,,,,,,,-9.0,,-9.0,,,,,,,,
1998,5,19,,,,,,,58.0,327.0,327.0,79.0,,,,,0.0,0.0,60.08,64.94,55.04,,,170.0,180.0,,,0.0,,116.0,143.0,,,1.0,,,,,,999.0,,999.0,,1.0,,1.0,,,,
1998,5,20,,,,,,,,,,,,,,,0.0,0.0,,,,,,,,,,0.0,,,,,,,,,,,,-999.0,,-999.0,,,,0.0,,,,
1998,5,22,,,,,,,26.0,1438.0,1421.0,0.0,,,,,0.0,0.0,60.980000000000004,66.02,55.04,,,260.0,270.0,,,0.0,,67.0,80.0,,,9999.0,,,,,,9999.0,,9999.0,,9999.0,,9999.0,,,,
1998,5,23,,,,,,,,,,0.0,,,,,0.0,0.0,,,,,,,,,,0.0,,,,,,-99.0,,,,,,-99.0,,-99.0,,-99.0,,-99.0,,,,
1998,5,24,,,,,,,,,,,,,,,,,,,,,,,,,,,,,,,,99.0,,,,,,99.0,,99.0,,99.0,,99.0,,,,
1998,5,25,,,,,,,27.0,1513.0,1437.0,0.0,,,,,0.0,0.0,62.059999999999995,66.02,57.92,,,290.0,260.0,,,0.0,,63.0,76.0,,,-9999.0,,,,,,-9999.0,,-9999.0,,-9999.0,,-9999.0,,,,
1998,5,26,,,,,,,,,,0.0,,,,,0.0,0.0,,32.0,32.0,,,,,,,0.0,,,,,,-9.0,,,,,,-9.0,,-9.0,,-9.0,,-9.0,,,,
1998,5,27,,,,,,,35.0,624.0,332.0,0.0,,,,,0.0,0.0,62.059999999999995,69.08,55.04,,,290.0,300.0,,,0.0,,89.0,103.0,,,999.0,,,,,,999.0,,999.0,,999.0,,999.0,,,,
1998,5,28,,,,,,,,,,0.0,,,,,0.0,0.0,,,,,,,,,,0.0,,,,,,-999.0,,,,,,-999.0,,-999.0,,-999.0,,-999.0,,,,
1998,5,30,,,,,,,24.0,1319.0,1317.0,0.0,,,,,0.0,0.0,62.959999999999994,66.92,57.92,,,270.0,260.0,,,0.0,,72.0,94.0,,,9999.0,,,,,,9999.0,,9999.0,,9999.0,,9999.0,,,,
1998,5,31,,,,,,,,,,0.0,,,,,0.0,0.0,,,,,,,,,,0.0,,,,,,-99.0,,,,,,,,-99.0,,-99.0,,-99.0,,,,
1998,6,1,,,,,,,28.0,1536.0,1259.0,0.0,,,,,0.0,0.0,64.04,69.08,57.92,,,290.0,300.0,,,0.0,,63.0,76.0,,,-9999.0,,,,,,-9999.0,,,,-9999.0,,-9999.0,,,,
1998,6,2,,,,,,,,,,0.0,,,,,0.0,0.0,,32.0,32.0,,,,,,,0.0,,,,,,-9.0,,,,,,-9.0,,,,-9.0,,-9.0,,,,
1998,6,3,,,,,,,32.0,653.0,635.0,0.0,,,,,0.0,0.0,64.94,69.08,60.980000000000004,,,280.0,260.0,,,0.0,,63.0,76.0,,,999.0,,,,,,999.0,,,,999.0,,999.0,,,,
1998,6,4,,,,,,,,,,0.0,,,,,0.0,0.0,,,,,,,,,,0.0,,,,,,-999.0,,,,,,-999.0,,,,-999.0,,-999.0,,,,
1998,6,6,,,,,,,36.0,1527.0,1314.0,0.0,,,,,0.0,0.0,64.94,69.08,60.980000000000004,,,280.0,280.0,,,0.0,,72.0,89.0,,,9999.0,,,,,,9999.0,,,,9999.0,,9999.0,,,,
1998,6,7,,,,,,,,,,0.0,,,,,0.0,0.0,,,,,,,,,,0.0,,,,,,-99.0,,,,,,-99.0,,,,-99.0,,-99.0,,,,
1998,6,8,,,,,,,,,,,,,,,,,,,,,,,,,,,,,,,,99.0,,,,,,99.0,,,,99.0,,99.0,,,,
1998,6,9,,,,,,,42.0,1405.0,1404.0,0.0,,,,,0.0,0.0,64.04,66.92,60.980000000000004,,,260.0,260.0,,,0.0,,80.0,94.0,,,-9999.0,,,,,,-9999.0,,,,-9999.0,,-9999.0,,,,
1998,6,10,,,,,,,,,,0.0,,,,,0.0,0.0,,32.0,32.0,,,,,,,0.0,,,,,,-9.0,,,,,,-9.0,,,,-9.0,,,,,,
1998,6,11,,,,,,,40.0,542.0,17.0,3.0,,,,,0.0,0.0,64.04,68.0,59.0,,,260.0,260.0,,,0.0,,67.0,89.0,,,999.0,,,,,,999.0,,,,999.0,,1.0,,,,
1998,6,12,,,,,,,,,,,,,,,0.0,0.0,,,,,,,,,,0.0,,,,,,,,,,,,,,,,,,0.0,,,,
1998,6,14,,,,,,,28.0,1501.0,1612.0,,,,,,0.0,0.0,64.94,68.0,62.059999999999995,,,270.0,290.0,,,0.0,,63.0,76.0,,,9999.0,,,,,,9999.0,,,,9999.0,,1.0,,,,
1998,6,15,,,,,,,,,,0.0,,,,,0.0,0.0,,,,,,,,,,0.0,,,,,,-99.0,,,,,,-99.0,,,,-99.0,,,,,,
1998,6,16,,,,,,,,,,,,,,,,,,,,,,,,,,,,,,,,99.0,,,,,,99.0,,,,99.0,,99.0,,,,
1998,6,17,,,,,,,38.0,1543.0,1329.0,0.0,,,,,0.0,0.0,64.04,68.0,60.08,,,280.0,210.0,,,0.0,,67.0,80.0,,,-9999.0,,,,,,-9999.0,,,,-9999.0,,-9999.0,,,,
1998,6,18,,,,,,,,,,0.0,,,,,0.0,0.0,,32.0,32.0,,,,,,,0.0,,,,,,-9.0,,,,,,-9.0,,,,-9.0,,,,,,
1998,6,19,,,,,,,36.0,420.0,359.0,,,,,,0.0,0.0,64.04,68.0,60.08,,,230.0,230.0,,,0.0,,76.0,98.0,,,999.0,,,,,,999.0,,,,999.0,,1.0,,,,
1998,6,20,,,,,,,,,,0.0,,,,,0.0,0.0,,,,,,,,,,0.0,,,,,,-999.0,,,,,,-999.0,,,,-999.0,,,,,,
1998,6,22,,,,,,,30.0,1432.0,1342.0,0.0,,,,,0.0,0.0,66.02,71.96,60.08,,,270.0,270.0,,,0.0,,67.0,80.0,,,9999.0,,,,,,9999.0,,,,9999.0,,9999.0,,,,
1998,6,23,,,,,,,,,,0.0,,,,,0.0,0.0,,,,,,,,,,0.0,,,,,,-99.0,,,,,,-99.0,,,,-99.0,,-99.0,,,,
1998,6,24,,,,,,,,,,,,,,,,,,,,,,,,,,,,,,,,99.0,,,,,,99.0,,,,99.0,,99.0,,,,
1998,6,25,,,,,,,35.0,1825.0,1643.0,5.0,,,,,0.0,0.0,64.04,66.02,60.980000000000004,,,190.0,190.0,,,0.0,,58.0,67.0,,,1.0,,,,,,-9999.0,,,,1.0,,1.0,,,,
1998,6,26,,,,,,,,,,0.0,,,,,0.0,0.0,,32.0,32.0,,,,,,,0.0,,,,,,,,,,,,-9.0,,,,,,,,,,
1998,6,27,,,,,,,27.0,409.0,408.0,0.0,,,,,0.0,0.0,66.02,69.98,60.980000000000004,,,220.0,220.0,,,0.0,,63.0,76.0,,,999.0,,,,,,999.0,,,,999.0,,999.0,,,,
1998,6,28,,,,,,,,,,0.0,,,,,0.0,0.0,,,,,,,,,,0.0,,,,,,-999.0,,,,,,-999.0,,,,-999.0,,-999.0,,,,
1998,6,29,,,,,,,,,,,,,,,,,,,,,,,,,,,,,,,,,,,,,,9.0,,,,,,,,,,
1998,6,30,,,,,,,34.0,1340.0,1417.0,0.0,,,,,0.0,0.0,68.0,71.96,64.04,,,270.0,270.0,,,0.0,,76.0,89.0,,,9999.0,,,,,,1.0,,,,9999.0,,9999.0,,,,
1998,6,31,,,,,,,,,,0.0,,,,,0.0,0.0,,,,,,,,,,0.0,,,,,,-99.0,,,,,,,,,,-99.0,,-99.0,,,,
1998,7,1,,,,,,,28.0,1557.0,1700.0,0.0,,,,,0.0,0.0,66.92,71.06,62.059999999999995,,,270.0,270.0,,,0.0,,58.0,72.0,,,1.0,-9999.0,-9999.0,,,,1.0,,,,1.0,,-9999.0,,,,
1998,7,2,,,,,,,,,,0.0,,,,,0.0,0.0,,32.0,32.0,,,,,,,0.0,,,,,,,-9.0,-9.0,,,,0.0,,,,,,-9.0,,,,
1998,7,3,,,,,,,33.0,608.0,622.0,0.0,,,,,0.0,0.0,66.02,69.98,62.059999999999995,,,270.0,280.0,,,0.0,,58.0,67.0,,,999.0,999.0,999.0,,,,1.0,,,,999.0,,999.0,,,,
1998,7,4,,,,,,,,,,0.0,,,,,0.0,0.0,,,,,,,,,,0.0,,,,,,-999.0,-999.0,-999.0,,,,,,,,-999.0,,-999.0,,,,
1998,7,5,,,,,,,,,,,,,,,,,,,,,,,,,,,,,,,,,,,,,,9.0,,,,,,,,,,
1998,7,6,,,,,,,29.0,1522.0,1620.0,0.0,,,,,0.0,0.0,64.94,69.08,60.08,,,270.0,280.0,,,0.0,,58.0,72.0,,,9999.0,9999.0,9999.0,,,,1.0,,,,9999.0,,9999.0,,,,
1998,7,7,,,,,,,,,,0.0,,,,,0.0,0.0,,,,,,,,,,0.0,,,,,,-99.0,-99.0,-99.0,,,,0.0,,,,-99.0,,-99.0,,,,
1998,7,8,,,,,,,,,,,,,,,,,,,,,,,,,,,,,,,,99.0,99.0,99.0,,,,,,,,99.0,,99.0,,,,
1998,7,9,,,,,,,34.0,1311.0,1228.0,0.0,,,,,0.0,0.0,69.08,73.94,62.959999999999994,,,280.0,280.0,,,0.0,,67.0,89.0,,,1.0,-9999.0,-9999.0,,,,1.0,,,,1.0,,-9999.0,,,,
1998,7,10,,,,,,,,,,0.0,,,,,0.0,0.0,,32.0,32.0,,,,,,,0.0,,,,,,0.0,-9.0,-9.0,,,,0.0,,,,,,-9.0,,,,
1998,7,11,,,,,,,34.0,157.0,154.0,0.0,,,,,0.0,0.0,69.98,75.02,64.94,,,300.0,300.0,,,0.0,,67.0,76.0,,,1.0,999.0,999.0,,,,1.0,,,,1.0,,999.0,,,,
1998,7,12,,,,,,,,,,0.0,,,,,0.0,0.0,,,,,,,,,,0.0,,,,,,,-999.0,-999.0,,,,,,,,,,-999.0,,,,
1998,7,14,,,,,,,29.0,1442.0,1736.0,0.0,,,,,0.0,0.0,69.98,73.04,66.02,,,270.0,270.0,,,0.0,,67.0,72.0,,,9999.0,9999.0,9999.0,,,,9999.0,,,,9999.0,,9999.0,,,,
1998,7,15,,,,,,,,,,0.0,,,,,0.0,0.0,,,,,,,,,,0.0,,,,,,,-99.0,-99.0,,,,,,,,,,-99.0,,,,
1998,7,16,,,,,,,,,,,,,,,,,,,,,,,,,,,,,,,,,99.0,99.0,,,,,,,,,,99.0,,,,
1998,7,17,,,,,,,32.0,1544.0,1457.0,0.0,,,,,0.0,0.0,68.0,71.06,64.04,,,260.0,280.0,,,0.0,,63.0,76.0,,,-9999.0,-9999.0,-9999.0,,,,-9999.0,,,,-9999.0,,-9999.0,,,,
1998,7,18,,,,,,,,,,0.0,,,,,0.0,0.0,,32.0,32.0,,,,,,,0.0,,,,,,,-9.0,-9.0,,,,,,,,,,-9.0,,,,
1998,7,19,,,,,,,28.0,325.0,604.0,0.0,,,,,0.0,0.0,66.02,69.98,62.059999999999995,,,210.0,170.0,,,0.0,,58.0,67.0,,,1.0,999.0,999.0,,,,1.0,,,,1.0,,999.0,,,,
1998,7,20,,,,,,,,,,0.0,,,,,0.0,0.0,,,,,,,,,,0.0,,,,,,0.0,-999.0,-999.0,,,,0.0,,,,,,-999.0,,,,
1998,7,22,,,,,,,29.0,1819.0,1636.0,0.0,,,,,0.0,0.0,66.92,71.96,62.059999999999995,,,280.0,270.0,,,0.0,,49.0,67.0,,,1.0,9999.0,9999.0,,,,1.0,,,,1.0,,9999.0,,,,
1998,7,23,,,,,,,,,,0.0,,,,,0.0,0.0,,,,,,,,,,0.0,,,,,,0.0,-99.0,-99.0,,,,0.0,,,,,,-99.0,,,,
1998,7,24,,,,,,,,,,,,,,,,,,,,,,,,,,,,,,,,,99.0,99.0,,,,,,,,,,99.0,,,,
1998,7,25,,,,,,,27.0,1605.0,1552.0,0.0,,,,,0.0,0.0,69.08,75.92,60.980000000000004,,,280.0,320.0,,,0.0,,49.0,63.0,,,1.0,1.0,-9999.0,,,,1.0,,,,1.0,,-9999.0,,,,
1998,7,26,,,,,,,,,,0.0,,,,,0.0,0.0,,32.0,32.0,,,,,,,0.0,,,,,,0.0,,-9.0,,,,0.0,,,,,,-9.0,,,,
1998,7,27,,,,,,,27.0,429.0,428.0,0.0,,,,,0.0,0.0,69.98,78.08,62.059999999999995,,,320.0,310.0,,,0.0,,58.0,67.0,,,1.0,1.0,999.0,,,,1.0,,,,1.0,,999.0,,,,
1998,7,28,,,,,,,,,,0.0,,,,,0.0,0.0,,,,,,,,,,0.0,,,,,,0.0,,-999.0,,,,0.0,,,,,,-999.0,,,,
1998,7,30,,,,,,,26.0,1313.0,1315.0,0.0,,,,,0.0,0.0,69.98,73.94,64.94,,,230.0,220.0,,,0.0,,67.0,98.0,,,1.0,9999.0,9999.0,,,,1.0,,,,1.0,,9999.0,,,,
1998,7,31,,,,,,,,,,0.0,,,,,0.0,0.0,,,,,,,,,,0.0,,,,,,,-99.0,,,,,0.0,,,,,,,,,,
1998,8,1,,,,,,,30.0,1314.0,1341.0,0.0,,,,,0.0,0.0,69.98,73.94,64.94,,,270.0,270.0,,,0.0,,63.0,67.0,,,1.0,-9999.0,,,,,1.0,,,,1.0,,-9999.0,,,,
1998,8,2,,,,,,,,,,0.0,,,,,0.0,0.0,,32.0,32.0,,,,,,,0.0,,,,,,0.0,-9.0,,,,,0.0,,,,,,-9.0,,,,
1998,8,3,,,,,,,36.0,418.0,422.0,0.0,,,,,0.0,0.0,69.08,73.94,62.959999999999994,,,270.0,280.0,,,0.0,,76.0,80.0,,,1.0,999.0,,,,,1.0,,,,1.0,,999.0,,,,
1998,8,4,,,,,,,,,,0.0,,,,,0.0,0.0,,,,,,,,,,0.0,,,,,,0.0,-999.0,,,,,0.0,,,,,,-999.0,,,,
1998,8,6,,,,,,,34.0,1309.0,1505.0,0.0,,,,,0.0,0.0,69.98,75.02,64.94,,,280.0,270.0,,,0.0,,67.0,80.0,,,1.0,9999.0,,,,,9999.0,,,,1.0,,9999.0,,,,
1998,8,7,,,,,,,,,,0.0,,,,,0.0,0.0,,,,,,,,,,0.0,,,,,,0.0,-99.0,,,,,,,,,,,-99.0,,,,
1998,8,8,,,,,,,,,,,,,,,,,,,,,,,,,,,,,,,,,99.0,,,,,,,,,,,99.0,,,,
1998,8,9,,,,,,,28.0,1301.0,1231.0,0.0,,,,,0.0,0.0,69.98,73.04,66.02,,,270.0,260.0,,,0.0,,49.0,67.0,,,1.0,-9999.0,,,,,1.0,,,,1.0,,-9999.0,,,,
1998,8,10,,,,,,,,,,0.0,,,,,0.0,0.0,,32.0,32.0,,,,,,,0.0,,,,,,0.0,-9.0,,,,,0.0,,,,,,-9.0,,,,
1998,8,11,,,,,,,26.0,511.0,130.0,0.0,,,,,0.0,0.0,69.98,73.04,66.02,,,280.0,290.0,,,0.0,,58.0,72.0,,,1.0,999.0,,,,,1.0,,,,1.0,,999.0,,,,
1998,8,12,,,,,,,,,,0.0,,,,,0.0,0.0,,,,,,,,,,0.0,,,,,,0.0,-999.0,,,,,0.0,,,,,,-999.0,,,,
1998,8,13,,,,,,,,,,,,,,,,,,,,,,,,,,,,,,,,,,,,,,,,,,,,9.0,,,,
1998,8,14,,,,,,,25.0,1353.0,1339.0,,,,,,0.0,0.0,75.92,82.94,68.0,,,160.0,140.0,,,0.0,,72.0,103.0,,,9999.0,9999.0,,,,,1.0,,,,9999.0,,1.0,,,,
1998,8,15,,,,,,,,,,0.0,,,,,0.0,0.0,,,,,,,,,,0.0,,,,,,-99.0,-99.0,,,,,,,,,-99.0,,0.0,,,,
1998,8,16,,,,,,,,,,,,,,,,,,,,,,,,,,,,,,,,99.0,99.0,,,,,99.0,,,,99.0,,,,,,
1998,8,17,,,,,,,25.0,1444.0,1308.0,0.0,,,,,0.0,0.0,78.08,82.94,71.96,,,280.0,280.0,,,0.0,,63.0,76.0,,,1.0,-9999.0,,,,,1.0,,,,1.0,,-9999.0,,,,
1998,8,18,,,,,,,,,,0.0,,,,,0.0,0.0,,32.0,32.0,,,,,,,0.0,,,,,,,-9.0,,,,,,,,,,,-9.0,,,,
1998,8,19,,,,,,,33.0,707.0,708.0,0.0,,,,,0.0,0.0,78.98,84.91999999999999,71.96,,,280.0,280.0,,,0.0,,67.0,76.0,,,999.0,999.0,,,,,999.0,,,,999.0,,999.0,,,,
1998,8,20,,,,,,,,,,0.0,,,,,0.0,0.0,,,,,,,,,,0.0,,,,,,-999.0,-999.0,,,,,-999.0,,,,-999.0,,-999.0,,,,
1998,8,21,,,,,,,,,,,,,,,,,,,,,,,,,,,,,,,,9.0,,,,,,9.0,,,,9.0,,,,,,
1998,8,22,,,,,,,30.0,1440.0,1143.0,0.0,,,,,0.0,0.0,71.96,75.92,68.0,,,200.0,280.0,,,0.0,,63.0,76.0,,,1.0,9999.0,,,,,1.0,,,,1.0,,9999.0,,,,
1998,8,23,,,,,,,,,,0.0,,,,,0.0,0.0,,,,,,,,,,0.0,,,,,,0.0,-99.0,,,,,0.0,,,,,,-99.0,,,,
1998,8,24,,,,,,,,,,,,,,,,,,,,,,,,,,,,,,,,,99.0,,,,,,,,,,,99.0,,,,
1998,8,25,,,,,,,27.0,1606.0,1605.0,0.0,,,,,0.0,0.0,71.96,75.02,68.0,,,230.0,220.0,,,0.0,,49.0,63.0,,,-9999.0,-9999.0,,,,,1.0,,,,-9999.0,,-9999.0,,,,
1998,8,26,,,,,,,,,,0.0,,,,,0.0,0.0,,32.0,32.0,,,,,,,0.0,,,,,,-9.0,-9.0,,,,,,,,,-9.0,,-9.0,,,,
1998,8,27,,,,,,,29.0,237.0,430.0,0.0,,,,,0.0,0.0,71.06,73.94,68.0,,,260.0,270.0,,,0.0,,63.0,72.0,,,999.0,999.0,,,,,999.0,,,,999.0,,999.0,,,,
1998,8,28,,,,,,,,,,0.0,,,,,0.0,0.0,,,,,,,,,,0.0,,,,,,-999.0,-999.0,,,,,,,,,-999.0,,-999.0,,,,
1998,8,30,,,,,,,31.0,1433.0,1431.0,0.0,,,,,0.0,0.0,71.06,75.02,66.92,,,270.0,280.0,,,0.0,,63.0,76.0,,,9999.0,9999.0,,,,,1.0,,,,9999.0,,9999.0,,,,
1998,8,31,,,,,,,,,,0.0,,,,,0.0,0.0,,,,,,,,,,0.0,,,,,,-99.0,-99.0,,,,,0.0,,,,-99.0,,-99.0,,,,
1998,9,1,,,,,,,28.0,14.0,14.0,0.0,,,,,0.0,0.0,78.08,82.94,71.96,,,300.0,300.0,,,0.0,,72.0,89.0,,,-9999.0,,,,,,-9999.0,,,,-9999.0,,1.0,,,,
1998,9,2,,,,,,,,,,,,,,,0.0,0.0,,32.0,32.0,,,,,,,0.0,,,,,,,,,,,,,,,,,,,,,,
1998,9,3,,,,,,,25.0,253.0,232.0,0.0,,,,,0.0,0.0,77.0,82.04,71.06,,,270.0,270.0,,,0.0,,72.0,80.0,,,1.0,,,,,,1.0,,,,1.0,,999.0,,,,
1998,9,4,,,,,,,,,,0.0,,,,,0.0,0.0,,,,,,,,,,0.0,,,,,,0.0,,,,,,,,,,,,,,,,
1998,9,6,,,,,,,34.0,927.0,926.0,0.0,,,,,0.0,0.0,71.96,73.94,69.98,,,170.0,170.0,,,0.0,,63.0,72.0,,,1.0,,,,,,9999.0,,,,1.0,,9999.0,,,,
1998,9,7,,,,,,,,,,0.0,,,,,0.0,0.0,,,,,,,,,,0.0,,,,,,0.0,,,,,,-99.0,,,,,,-99.0,,,,
1998,9,8,,,,,,,,,,,,,,,,,,,,,,,,,,,,,,,,,,,,,,99.0,,,,,,99.0,,,,
1998,9,9,,,,,,,33.0,1241.0,1240.0,0.0,,,,,0.0,0.0,73.94,77.0,69.98,,,280.0,280.0,,,0.0,,67.0,76.0,,,1.0,,,,,,-9999.0,,,,1.0,,-9999.0,,,,
1998,9,10,,,,,,,,,,0.0,,,,,0.0,0.0,,32.0,32.0,,,,,,,0.0,,,,,,,,,,,,,,,,,,-9.0,,,,
1998,9,11,,,,,,,28.0,220.0,334.0,0.0,,,,,0.0,0.0,73.04,75.02,69.98,,,270.0,250.0,,,0.0,,58.0,67.0,,,999.0,,,,,,1.0,,,,999.0,,999.0,,,,
1998,9,12,,,,,,,,,,0.0,,,,,0.0,0.0,,,,,,,,,,0.0,,,,,,-999.0,,,,,,0.0,,,,-999.0,,-999.0,,,,
1998,9,14,,,,,,,29.0,1412.0,1219.0,0.0,,,,,0.0,0.0,71.96,75.02,69.08,,,260.0,270.0,,,0.0,,63.0,76.0,,,9999.0,,,,,,9999.0,,,,9999.0,,9999.0,,,,
1998,9,15,,,,,,,,,,0.0,,,,,0.0,0.0,,,,,,,,,,0.0,,,,,,-99.0,,,,,,-99.0,,,,-99.0,,-99.0,,,,
1998,9,16,,,,,,,,,,,,,,,,,,,,,,,,,,,,,,,,99.0,,,,,,99.0,,,,99.0,,99.0,,,,
1998,9,17,,,,,,,24.0,1411.0,1231.0,0.0,,,,,0.0,0.0,71.06,75.02,66.02,,,270.0,280.0,,,0.0,,58.0,72.0,,,-9999.0,,,,,,1.0,,,,-9999.0,,-9999.0,,,,
1998,9,18,,,,,,,,,,0.0,,,,,0.0,0.0,,32.0,32.0,,,,,,,0.0,,,,,,,,,,,,,,,,,,-9.0,,,,
1998,9,19,,,,,,,33.0,504.0,503.0,0.0,,,,,0.0,0.0,69.08,73.94,64.04,,,270.0,270.0,,,0.0,,72.0,89.0,,,1.0,,,,,,999.0,,,,1.0,,999.0,,,,
1998,9,20,,,,,,,,,,0.0,,,,,0.0,0.0,,,,,,,,,,0.0,,,,,,0.0,,,,,,,,,,,,-999.0,,,,
1998,9,22,,,,,,,34.0,1354.0,1432.0,0.0,,,,,0.0,0.0,69.08,73.04,64.04,,,270.0,270.0,,,0.0,,72.0,80.0,,,1.0,,,,,,1.0,,,,1.0,,9999.0,,,,
1998,9,23,,,,,,,,,,0.0,,,,,0.0,0.0,,,,,,,,,,0.0,,,,,,,,,,,,0.0,,,,,,-99.0,,,,
1998,9,24,,,,,,,,,,,,,,,,,,,,,,,,,,,,,,,,99.0,,,,,,,,,,99.0,,99.0,,,,
1998,9,25,,,,,,,35.0,1217.0,1201.0,0.0,,,,,0.0,0.0,69.98,73.04,66.02,,,270.0,280.0,,,0.0,,72.0,89.0,,,1.0,,,,,,1.0,,,,1.0,,-9999.0,,,,
1998,9,26,,,,,,,,,,0.0,,,,,0.0,0.0,,32.0,32.0,,,,,,,0.0,,,,,,0.0,,,,,,0.0,,,,,,-9.0,,,,
1998,9,27,,,,,,,35.0,519.0,524.0,0.0,,,,,0.0,0.0,69.08,73.04,64.94,,,270.0,270.0,,,0.0,,72.0,80.0,,,1.0,,,,,,1.0,,,,1.0,,999.0,,,,
1998,9,28,,,,,,,,,,0.0,,,,,0.0,0.0,,,,,,,,,,0.0,,,,,,0.0,,,,,,0.0,,,,,,-999.0,,,,
1998,9,30,,,,,,,35.0,1209.0,1341.0,0.0,,,,,0.0,0.0,68.0,71.96,64.04,,,190.0,170.0,,,0.0,,63.0,72.0,,,1.0,,,,,,1.0,,,,1.0,,9999.0,,,,
1998,9,31,,,,,,,,,,0.0,,,,,0.0,0.0,,,,,,,,,,0.0,,,,,,,,,,,,,,,,,,-99.0,,,,
1998,10,1,,,,,,,32.0,1245.0,1244.0,0.0,,,,,0.0,0.0,69.08,71.96,66.02,,,280.0,270.0,,,0.0,,89.0,98.0,,,-9999.0,,,,,,-9999.0,,,,-9999.0,,-9999.0,,,,
1998,10,2,,,,,,,,,,0.0,,,,,0.0,0.0,,32.0,32.0,,,,,,,0.0,,,,,,-9.0,,,,,,-9.0,,,,-9.0,,-9.0,,,,
1998,10,3,,,,,,,26.0,527.0,535.0,0.0,,,,,0.0,0.0,66.02,68.0,64.04,,,200.0,230.0,,,0.0,,49.0,58.0,,,999.0,,,,,,999.0,,,,999.0,,999.0,,,,
1998,10,4,,,,,,,,,,0.0,,,,,0.0,0.0,,,,,,,,,,0.0,,,,,,-999.0,,,,,,-999.0,,,,-999.0,,-999.0,,,,
1998,10,6,,,,,,,30.0,1443.0,1357.0,0.0,,,,,0.0,0.0,66.92,71.06,62.059999999999995,,,280.0,270.0,,,0.0,,63.0,80.0,,,9999.0,,,,,,9999.0,,,,9999.0,,9999.0,,,,
1998,10,7,,,,,,,,,,0.0,,,,,0.0,0.0,,,,,,,,,,0.0,,,,,,-99.0,,,,,,-99.0,,,,-99.0,,-99.0,,,,
1998,10,8,,,,,,,,,,,,,,,,,,,,,,,,,,,,,,,,99.0,,,,,,99.0,,,,99.0,,99.0,,,,
1998,10,9,,,,,,,21.0,1406.0,1407.0,0.0,,,,,0.0,0.0,71.96,84.91999999999999,57.92,,,310.0,310.0,,,0.0,,72.0,80.0,,,-9999.0,,,,,,-9999.0,,,,-9999.0,,-9999.0,,,,
1998,10,10,,,,,,,,,,0.0,,,,,0.0,0.0,,32.0,32.0,,,,,,,0.0,,,,,,-9.0,,,,,,-9.0,,,,-9.0,,-9.0,,,,
1998,10,11,,,,,,,16.0,453.0,453.0,0.0,,,,,0.0,0.0,71.06,82.04,59.0,,,280.0,280.0,,,0.0,,67.0,72.0,,,999.0,,,,,,999.0,,,,999.0,,999.0,,,,
1998,10,12,,,,,,,,,,0.0,,,,,0.0,0.0,,,,,,,,,,0.0,,,,,,-999.0,,,,,,-999.0,,,,-999.0,,-999.0,,,,
1998,10,13,,,,,,,,,,,,,,,,,,,,,,,,,,,,,,,,9.0,,,,,,9.0,,,,9.0,,,,,,
1998,10,14,,,,,,,22.0,1156.0,1422.0,0.0,,,,,0.0,0.0,64.94,71.06,59.0,,,190.0,210.0,,,0.0,,49.0,58.0,,,1.0,,,,,,1.0,,,,1.0,,9999.0,,,,
1998,10,15,,,,,,,,,,0.0,,,,,0.0,0.0,,,,,,,,,,0.0,,,,,,,,,,,,0.0,,,,,,-99.0,,,,
1998,10,16,,,,,,,,,,,,,,,,,,,,,,,,,,,,,,,,99.0,,,,,,,,,,99.0,,99.0,,,,
1998,10,17,,,,,,,17.0,1330.0,1342.0,0.0,,,,,0.0,0.0,66.02,71.06,60.980000000000004,,,200.0,260.0,,,0.0,,49.0,63.0,,,1.0,,,,,,1.0,,,,1.0,,-9999.0,,,,
1998,10,18,,,,,,,,,,0.0,,,,,0.0,0.0,,32.0,32.0,,,,,,,0.0,,,,,,0.0,,,,,,0.0,,,,,,-9.0,,,,
1998,10,19,,,,,,,21.0,433.0,634.0,0.0,,,,,0.0,0.0,64.94,69.08,60.980000000000004,,,260.0,270.0,,,0.0,,49.0,58.0,,,1.0,,,,,,1.0,,,,1.0,,999.0,,,,
1998,10,20,,,,,,,,,,0.0,,,,,0.0,0.0,,,,,,,,,,0.0,,,,,,0.0,,,,,,0.0,,,,,,-999.0,,,,
1998,10,22,,,,,,,34.0,2325.0,2321.0,0.0,,,,,0.0,0.0,64.94,68.0,62.059999999999995,,,230.0,230.0,,,0.0,,58.0,67.0,,,1.0,,,,,,1.0,,,,1.0,,9999.0,,,,
1998,10,23,,,,,,,,,,0.0,,,,,0.0,0.0,,,,,,,,,,0.0,,,,,,,,,,,,,,,,,,,,,,
1998,10,24,,,,,,,,,,,,,,,,,,,,,,,,,,,,,,,,99.0,,,,,,99.0,,,,99.0,,,,,,
1998,10,25,,,,,,,30.0,1615.0,1611.0,0.0,,,,,0.0,0.0,64.94,69.08,60.08,,,280.0,270.0,,,0.0,,58.0,67.0,,,-9999.0,,,,,,-9999.0,,,,-9999.0,,-9999.0,,,,
1998,10,26,,,,,,,,,,0.0,,,,,0.0,0.0,,32.0,32.0,,,,,,,0.0,,,,,,-9.0,,,,,,-9.0,,,,-9.0,,-9.0,,,,
1998,10,27,,,,,,,26.0,322.0,530.0,0.0,,,,,0.0,0.0,66.02,77.0,55.04,,,280.0,310.0,,,0.0,,89.0,98.0,,,999.0,,,,,,999.0,,,,999.0,,999.0,,,,
1998,10,28,,,,,,,,,,0.0,,,,,0.0,0.0,,,,,,,,,,0.0,,,,,,-999.0,,,,,,-999.0,,,,-999.0,,-999.0,,,,
1998,10,29,,,,,,,,,,,,,,,,,,,,,,,,,,,,,,,,9.0,,,,,,,,,,9.0,,,,,,
1998,10,30,,,,,,,18.0,1501.0,1223.0,0.0,,,,,0.0,0.0,64.94,73.04,55.94,,,270.0,290.0,,,0.0,,45.0,58.0,,,1.0,,,,,,9999.0,,,,1.0,,9999.0,,,,
1998,10,31,,,,,,,,,,0.0,,,,,0.0,0.0,,,,,,,,,,0.0,,,,,,0.0,,,,,,,,,,,,-99.0,,,,
1998,11,1,,,,,,,17.0,1503.0,1426.0,0.0,,,,,0.0,0.0,60.980000000000004,68.0,53.96,,,190.0,220.0,,,0.0,,45.0,58.0,,,1.0,-9999.0,,,,,1.0,,,,1.0,,-9999.0,,,,
1998,11,2,,,,,,,,,,0.0,,,,,0.0,0.0,,32.0,32.0,,,,,,,0.0,,,,,,0.0,-9.0,,,,,0.0,,,,,,-9.0,,,,
1998,11,3,,,,,,,25.0,441.0,441.0,0.0,,,,,0.0,0.0,60.08,66.02,53.96,,,270.0,270.0,,,0.0,,72.0,80.0,,,1.0,999.0,,,,,1.0,,,,1.0,,999.0,,,,
1998,11,4,,,,,,,,,,0.0,,,,,0.0,0.0,,,,,,,,,,0.0,,,,,,0.0,-999.0,,,,,0.0,,,,,,-999.0,,,,
1998,11,6,,,,,,,16.0,1309.0,1309.0,0.0,,,,,0.0,0.0,62.059999999999995,69.08,53.96,,,270.0,270.0,,,0.0,,58.0,67.0,,,1.0,9999.0,,,,,1.0,,,,1.0,,9999.0,,,,
1998,11,7,,,,,,,,,,0.0,,,,,0.0,0.0,,,,,,,,,,0.0,,,,,,0.0,-99.0,,,,,0.0,,,,,,-99.0,,,,
1998,11,8,,,,,,,,,,,,,,,,,,,,,,,,,,,,,,,,,99.0,,,,,,,,,,,99.0,,,,
1998,11,9,,,,,,,24.0,1229.0,1435.0,0.0,,,,,0.0,0.0,60.980000000000004,66.02,55.94,,,200.0,190.0,,,0.0,,58.0,72.0,,,-9999.0,-9999.0,,,,,1.0,,,,-9999.0,,-9999.0,,,,
1998,11,10,,,,,,,,,,0.0,,,,,0.0,0.0,,32.0,32.0,,,,,,,0.0,,,,,,-9.0,-9.0,,,,,,,,,-9.0,,-9.0,,,,
1998,11,11,,,,,,,19.0,354.0,331.0,0.0,,,,,0.0,0.0,60.980000000000004,66.92,53.96,,,260.0,280.0,,,0.0,,67.0,80.0,,,999.0,999.0,,,,,999.0,,,,999.0,,999.0,,,,
1998,11,12,,,,,,,,,,,,,,,0.0,0.0,,,,,,,,,,0.0,,,,,,,-999.0,,,,,-999.0,,,,,,,,,,
1998,11,14,,,,,,,34.0,345.0,257.0,,,,,,0.0,0.0,59.0,62.959999999999994,53.96,,,270.0,280.0,,,0.0,,72.0,94.0,,,9999.0,9999.0,,,,,9999.0,,,,9999.0,,1.0,,,,
1998,11,15,,,,,,,,,,0.0,,,,,0.0,0.0,,,,,,,,,,0.0,,,,,,-99.0,-99.0,,,,,-99.0,,,,-99.0,,,,,,
1998,11,16,,,,,,,,,,,,,,,,,,,,,,,,,,,,,,,,99.0,99.0,,,,,99.0,,,,99.0,,99.0,,,,
1998,11,17,,,,,,,12.0,1429.0,1425.0,3.0,,,,,0.0,0.0,59.0,62.959999999999994,53.96,,,170.0,180.0,,,0.0,,63.0,72.0,,,-9999.0,-9999.0,,,,,-9999.0,,,,-9999.0,,1.0,,,,
1998,11,18,,,,,,,,,,0.0,,,,,0.0,0.0,,32.0,32.0,,,,,,,0.0,,,,,,-9.0,-9.0,,,,,-9.0,,,,-9.0,,,,,,
1998,11,19,,,,,,,18.0,442.0,441.0,0.0,,,,,0.0,0.0,57.92,66.02,48.92,,,280.0,280.0,,,0.0,,72.0,89.0,,,999.0,999.0,,,,,999.0,,,,999.0,,999.0,,,,
1998,11,20,,,,,,,,,,0.0,,,,,0.0,0.0,,,,,,,,,,0.0,,,,,,-999.0,-999.0,,,,,-999.0,,,,-999.0,,-999.0,,,,
1998,11,21,,,,,,,,,,,,,,,,,,,,,,,,,,,,,,,,,,,,,,9.0,,,,,,,,,,
1998,11,22,,,,,,,10.0,1415.0,1605.0,0.0,,,,,0.0,0.0,62.059999999999995,73.04,51.08,,,280.0,280.0,,,0.0,,49.0,58.0,,,9999.0,9999.0,,,,,1.0,,,,9999.0,,9999.0,,,,
1998,11,23,,,,,,,,,,0.0,,,,,0.0,0.0,,,,,,,,,,0.0,,,,,,,-99.0,,,,,0.0,,,,,,-99.0,,,,
1998,11,24,,,,,,,,,,,,,,,,,,,,,,,,,,,,,,,,,99.0,,,,,,,,,,,99.0,,,,
1998,11,25,,,,,,,21.0,1305.0,1305.0,0.0,,,,,0.0,0.0,55.94,64.04,48.02,,,250.0,240.0,,,0.0,,58.0,63.0,,,1.0,1.0,,,,,1.0,,,,1.0,,-9999.0,,,,
1998,11,26,,,,,,,,,,0.0,,,,,0.0,0.0,,32.0,32.0,,,,,,,0.0,,,,,,,,,,,,0.0,,,,,,-9.0,,,,
1998,11,27,,,,,,,27.0,302.0,318.0,0.0,,,,,0.0,0.0,62.059999999999995,64.94,57.92,,,280.0,270.0,,,0.0,,67.0,80.0,,,999.0,999.0,,,,,1.0,,,,999.0,,999.0,,,,
1998,11,28,,,,,,,,,,0.0,,,,,0.0,0.0,,,,,,,,,,0.0,,,,,,-999.0,-999.0,,,,,0.0,,,,-999.0,,-999.0,,,,
1998,11,29,,,,,,,,,,,,,,,,,,,,,,,,,,,,,,,,9.0,,,,,,,,,,9.0,,,,,,
1998,11,30,,,,,,,16.0,1426.0,1425.0,0.0,,,,,0.0,0.0,60.980000000000004,69.98,51.08,,,290.0,290.0,,,0.0,,58.0,67.0,,,1.0,9999.0,,,,,1.0,,,,1.0,,9999.0,,,,
1998,11,31,,,,,,,,,,0.0,,,,,0.0,0.0,,,,,,,,,,0.0,,,,,,,-99.0,,,,,,,,,,,-99.0,,,,
1998,12,1,,,,,,,20.0,1416.0,1415.0,20.0,,,,,0.0,0.0,57.02,62.059999999999995,51.98,,,260.0,260.0,,,0.0,,72.0,80.0,,,1.0,-9999.0,-9999.0,,,,1.0,,,,1.0,,1.0,,,,
1998,12,2,,,,,,,,,,0.0,,,,,0.0,0.0,,32.0,32.0,,,,,,,0.0,,,,,,,-9.0,-9.0,,,,,,,,,,,,,,
1998,12,3,,,,,,,17.0,421.0,359.0,0.0,,,,,0.0,0.0,59.0,62.059999999999995,55.04,,,220.0,210.0,,,0.0,,45.0,58.0,,,999.0,999.0,999.0,,,,999.0,,,,999.0,,999.0,,,,
1998,12,4,,,,,,,,,,0.0,,,,,0.0,0.0,,,,,,,,,,0.0,,,,,,,-999.0,-999.0,,,,,,,,,,,,,,
1998,12,6,,,,,,,33.0,1137.0,1240.0,,,,,,0.0,0.0,55.94,59.0,53.06,,,250.0,270.0,,,0.0,,72.0,98.0,,,9999.0,9999.0,9999.0,,,,9999.0,,,,9999.0,,1.0,,,,
1998,12,7,,,,,,,,,,,,,,,0.0,0.0,,,32.0,,,,,,,0.0,,,,,,,-99.0,,,,,-99.0,,,,,,0.0,,,,
1998,12,8,,,,,,,,,,,,,,,,,,,,,,,,,,,,,,,,,99.0,,,,,99.0,,,,,,,,,,
1998,12,9,,,,,,,58.0,733.0,730.0,23.0,,,,,0.0,0.0,51.98,57.92,46.04,,,280.0,270.0,,,0.0,,125.0,152.0,,,1.0,-9999.0,-9999.0,,,,-9999.0,,,,1.0,,1.0,,,,
1998,12,10,,,,,,,,,,0.0,,,,,0.0,0.0,,32.0,32.0,,,,,,,0.0,,,,,,,-9.0,-9.0,,,,-9.0,,,,,,,,,,
1998,12,11,,,,,,,16.0,405.0,356.0,0.0,,,,,0.0,0.0,50.0,59.0,41.0,,,280.0,280.0,,,0.0,,63.0,72.0,,,999.0,999.0,999.0,,,,999.0,,,,999.0,,999.0,,,,
1998,12,12,,,,,,,,,,0.0,,,,,0.0,0.0,,,,,,,,,,0.0,,,,,,-999.0,-999.0,-999.0,,,,-999.0,,,,-999.0,,-999.0,,,,
1998,12,14,,,,,,,17.0,1421.0,1419.0,0.0,,,,,0.0,0.0,55.94,69.08,42.08,,,50.0,50.0,,,0.0,,72.0,89.0,,,9999.0,9999.0,9999.0,,,,9999.0,,,,9999.0,,9999.0,,,,
1998,12,15,,,,,,,,,,0.0,,,,,0.0,0.0,,,32.0,,,,,,,0.0,,,,,,-99.0,-99.0,-99.0,,,,-99.0,,,,-99.0,,-99.0,,,,
1998,12,16,,,,,,,,,,,,,,,,,,,,,,,,,,,,,,,,99.0,99.0,99.0,,,,99.0,,,,99.0,,99.0,,,,
1998,12,17,,,,,,,13.0,1452.0,1456.0,0.0,,,,,0.0,0.0,53.96,64.94,42.980000000000004,,,300.0,300.0,,,0.0,,72.0,80.0,,,-9999.0,-9999.0,-9999.0,,,,-9999.0,,,,-9999.0,,-9999.0,,,,
1998,12,18,,,,,,,,,,0.0,,,,,0.0,0.0,,32.0,32.0,,,,,,,0.0,,,,,,-9.0,-9.0,-9.0,,,,-9.0,,,,-9.0,,-9.0,,,,
1998,12,19,,,,,,,11.0,333.0,333.0,0.0,,,,,0.0,0.0,57.02,71.06,42.980000000000004,,,300.0,300.0,,,0.0,,49.0,58.0,,,999.0,999.0,999.0,,,,999.0,,,,999.0,,999.0,,,,
1998,12,20,,,,,,,,,,0.0,,,,,0.0,0.0,,,,,,,,,,0.0,,,,,,,-999.0,-999.0,,,,-999.0,,,,,,-999.0,,,,
1998,12,21,,,,,,,,,,,,,,,,,,,,,,,,,,,,,,,,,,,,,,,,,,,,9.0,,,,
1998,12,22,,,,,,,16.0,614.0,1221.0,,,,,,0.0,0.0,53.96,57.92,50.0,,,110.0,230.0,,,0.0,,49.0,63.0,,,1.0,9999.0,9999.0,,,,9999.0,,,,1.0,,1.0,,,,
1998,12,23,,,,,,,,,,0.0,,,,,0.0,0.0,,,32.0,,,,,,,0.0,,,,,,,-99.0,-99.0,,,,-99.0,,,,,,,,,,
1998,12,24,,,,,,,,,,,,,,,,,,,,,,,,,,,,,,,,99.0,99.0,99.0,,,,99.0,,,,99.0,,99.0,,,,
1998,12,25,,,,,,,21.0,1544.0,1543.0,0.0,,,,,0.0,0.0,64.94,78.98,51.08,,,150.0,160.0,,,0.0,,72.0,76.0,,,-9999.0,-9999.0,-9999.0,,,,-9999.0,,,,-9999.0,,-9999.0,,,,
1998,12,26,,,,,,,,,,0.0,,,,,0.0,0.0,,32.0,32.0,,,,,,,0.0,,,,,,,-9.0,-9.0,,,,-9.0,,,,,,-9.0,,,,
1998,12,27,,,,,,,21.0,133.0,133.0,0.0,,,,,0.0,0.0,60.08,69.08,50.0,,,150.0,140.0,,,0.0,,76.0,94.0,,,1.0,999.0,999.0,,,,999.0,,,,1.0,,999.0,,,,
1998,12,28,,,,,,,,,,0.0,,,,,0.0,0.0,,,,,,,,,,0.0,,,,,,,-999.0,-999.0,,,,-999.0,,,,,,-999.0,,,,
1998,12,29,,,,,,,,,,,,,,,,,,,,,,,,,,,,,,,,9.0,,,,,,,,,,9.0,,9.0,,,,
1998,12,30,,,,,,,40.0,1521.0,1353.0,5.0,,,,,0.0,0.0,57.02,59.0,55.04,,,150.0,170.0,,,0.0,,94.0,112.0,,,1.0,9999.0,9999.0,,,,9999.0,,,,1.0,,1.0,,,,
1998,12,31,,,,,,,,,,0.0,,,,,0.0,0.0,,,,,,,,,,0.0,,,,,,,-99.0,-99.0,,,,-99.0,,,,,,0.0,,,,
1999,1,1,,,,,,,27.0,1401.0,1401.0,0.0,,,,,0.0,0.0,59.0,66.02,51.08,,,280.0,280.0,,,0.0,,63.0,72.0,,,1.0,-9999.0,-9999.0,,,,1.0,,,,1.0,-9999.0,-9999.0,,,,
1999,1,2,,,,,,,,,,0.0,,,,,0.0,0.0,,32.0,32.0,,,,,,,0.0,,,,,,0.0,,-9.0,,,,0.0,,,,,-9.0,-9.0,,,,
1999,1,3,,,,,,,14.0,516.0,522.0,0.0,,,,,0.0,0.0,59.0,71.06,46.04,,,150.0,160.0,,,0.0,,58.0,63.0,,,1.0,1.0,999.0,,,,1.0,,,,1.0,999.0,999.0,,,,
1999,1,4,,,,,,,,,,0.0,,,,,0.0,0.0,,,,,,,,,,0.0,,,,,,0.0,,-999.0,,,,,,,,,-999.0,-999.0,,,,
1999,1,6,,,,,,,16.0,1511.0,1511.0,0.0,,,,,0.0,0.0,60.08,73.04,46.94,,,290.0,290.0,,,0.0,,49.0,63.0,,,9999.0,9999.0,9999.0,,,,9999.0,,,,9999.0,9999.0,9999.0,,,,
1999,1,7,,,,,,,,,,0.0,,,,,0.0,0.0,,,32.0,,,,,,,0.0,,,,,,-99.0,-99.0,-99.0,,,,-99.0,,,,-99.0,-99.0,-99.0,,,,
1999,1,8,,,,,,,,,,,,,,,,,,,,,,,,,,,,,,,,99.0,99.0,99.0,,,,99.0,,,,99.0,99.0,99.0,,,,
1999,1,9,,,,,,,12.0,1113.0,1112.0,0.0,,,,,0.0,0.0,57.92,69.08,46.94,,,300.0,300.0,,,0.0,,40.0,45.0,,,1.0,1.0,-9999.0,,,,-9999.0,,,,1.0,-9999.0,-9999.0,,,,
1999,1,10,,,,,,,,,,0.0,,,,,0.0,0.0,,32.0,32.0,,,,,,,0.0,,,,,,0.0,,-9.0,,,,,,,,,-9.0,-9.0,,,,
1999,1,11,,,,,,,17.0,409.0,400.0,0.0,,,,,0.0,0.0,53.06,57.92,46.94,,,250.0,230.0,,,0.0,,45.0,58.0,,,1.0,999.0,999.0,,,,1.0,,,,1.0,999.0,999.0,,,,
1999,1,12,,,,,,,,,,0.0,,,,,0.0,0.0,,,,,,,,,,0.0,,,,,,,-999.0,-999.0,,,,0.0,,,,,-999.0,-999.0,,,,
1999,1,14,,,,,,,18.0,1923.0,1928.0,0.0,,,,,0.0,0.0,60.08,71.96,48.02,,,30.0,30.0,,,0.0,,72.0,80.0,,,9999.0,9999.0,9999.0,,,,9999.0,,,,9999.0,9999.0,9999.0,,,,
1999,1,15,,,,,,,,,,0.0,,,,,0.0,0.0,,,32.0,,,,,,,0.0,,,,,,-99.0,-99.0,-99.0,,,,-99.0,,,,-99.0,-99.0,-99.0,,,,
1999,1,16,,,,,,,,,,,,,,,,,,,,,,,,,,,,,,,,99.0,99.0,99.0,,,,99.0,,,,99.0,99.0,99.0,,,,
1999,1,17,,,,,,,18.0,1300.0,1754.0,0.0,,,,,0.0,0.0,59.0,64.94,51.98,,,190.0,110.0,,,0.0,,49.0,63.0,,,1.0,-9999.0,-9999.0,,,,1.0,,,,1.0,-9999.0,-9999.0,,,,
1999,1,18,,,,,,,,,,0.0,,,,,0.0,0.0,,32.0,32.0,,,,,,,0.0,,,,,,,-9.0,-9.0,,,,0.0,,,,,-9.0,-9.0,,,,
1999,1,19,,,,,,,20.0,700.0,305.0,0.0,,,,,0.0,0.0,55.94,60.08,51.08,,,100.0,200.0,,,0.0,,49.0,58.0,,,999.0,999.0,999.0,,,,1.0,,,,999.0,999.0,999.0,,,,
1999,1,20,,,,,,,,,,0.0,,,,,0.0,0.0,,,,,,,,,,0.0,,,,,,,-999.0,-999.0,,,,0.0,,,,,-999.0,-999.0,,,,
1999,1,21,,,,,,,,,,,,,,,,,,,,,,,,,,,,,,,,,9.0,,,,,,,,,,,,,,,
1999,1,22,,,,,,,16.0,1518.0,1538.0,0.0,,,,,0.0,0.0,62.059999999999995,75.02,48.02,,,280.0,310.0,,,0.0,,45.0,49.0,,,1.0,1.0,9999.0,,,,1.0,,,,1.0,9999.0,9999.0,,,,
1999,1,23,,,,,,,,,,0.0,,,,,0.0,0.0,,,,,,,,,,0.0,,,,,,0.0,,-99.0,,,,,,,,,-99.0,-99.0,,,,
1999,1,24,,,,,,,,,,,,,,,,,,,,,,,,,,,,,,,,,99.0,99.0,,,,99.0,,,,,99.0,99.0,,,,
1999,1,25,,,,,,,26.0,1206.0,1206.0,0.0,,,,,0.0,0.0,57.02,62.059999999999995,51.98,,,190.0,190.0,,,0.0,,67.0,72.0,,,1.0,-9999.0,-9999.0,,,,-9999.0,,,,1.0,-9999.0,-9999.0,,,,
1999,1,26,,,,,,,,,,0.0,,,,,0.0,0.0,,32.0,32.0,,,,,,,0.0,,,,,,0.0,-9.0,-9.0,,,,-9.0,,,,,-9.0,-9.0,,,,
1999,1,27,,,,,,,18.0,639.0,619.0,0.0,,,,,0.0,0.0,60.980000000000004,64.94,55.94,,,300.0,280.0,,,0.0,,58.0,67.0,,,1.0,999.0,999.0,,,,999.0,,,,1.0,999.0,999.0,,,,
1999,1,28,,,,,,,,,,0.0,,,,,0.0,0.0,,,,,,,,,,0.0,,,,,,0.0,-999.0,-999.0,,,,,,,,,-999.0,-999.0,,,,
1999,1,30,,,,,,,29.0,1540.0,1526.0,0.0,,,,,0.0,0.0,60.980000000000004,62.959999999999994,57.92,,,290.0,270.0,,,0.0,,67.0,89.0,,,9999.0,9999.0,9999.0,,,,1.0,,,,9999.0,9999.0,9999.0,,,,
1999,1,31,,,,,,,,,,0.0,,,,,0.0,0.0,,,,,,,,,,0.0,,,,,,,-99.0,-99.0,,,,,,,,,,,,,,
1999,2,1,,,,,,,24.0,1340.0,1436.0,0.0,,,,,0.0,0.0,55.04,62.059999999999995,48.02,,,280.0,280.0,,,0.0,,76.0,89.0,,,-9999.0,,,,,,-9999.0,,,,-9999.0,,-9999.0,,,,
1999,2,2,,,,,,,,,,0.0,,,,,0.0,0.0,,32.0,32.0,,,,,,,0.0,,,,,,-9.0,,,,,,-9.0,,,,-9.0,,-9.0,,,,
1999,2,3,,,,,,,22.0,556.0,600.0,0.0,,,,,0.0,0.0,57.92,69.08,46.04,,,290.0,300.0,,,0.0,,63.0,72.0,,,999.0,,,,,,999.0,,,,999.0,,999.0,,,,
1999,2,4,,,,,,,,,,0.0,,,,,0.0,0.0,,,,,,,,,,0.0,,,,,,-999.0,,,,,,-999.0,,,,-999.0,,-999.0,,,,
1999,2,5,,,,,,,,,,,,,,,,,,,,,,,,,,,,,,,,9.0,,,,,,9.0,,,,9.0,,9.0,,,,
1999,2,6,,,,,,,28.0,1604.0,1603.0,107.0,,,,,0.0,0.0,55.04,57.92,51.98,,,30.0,30.0,,,0.0,,76.0,89.0,,,1.0,,,,,,1.0,,,,1.0,,1.0,,,,
1999,2,7,,,,,,,,,,0.0,,,,,0.0,0.0,,,,,,,,,,0.0,,,,,,0.0,,,,,,,,,,,,0.0,,,,
1999,2,8,,,,,,,,99.0,99.0,,,,,,,,49.82,,,,,99.0,99.0,,,,,99.0,99.0,,,,,,,,,99.0,,,,,,,,,,
1999,2,9,,,,,,,24.0,1402.0,1630.0,0.0,,,,,0.0,0.0,57.92,60.980000000000004,53.96,,,280.0,300.0,,,0.0,,67.0,76.0,,,-9999.0,,,,,,-9999.0,,,,-9999.0,,1.0,,,,
1999,2,10,,,,,,,,,,,,,,,0.0,0.0,,32.0,32.0,,,,,,,0.0,,,,,,,,,,,,-9.0,,,,,,0.0,,,,
1999,2,11,,,,,,,16.0,333.0,332.0,5.0,,,,,0.0,0.0,55.94,62.059999999999995,50.0,,,270.0,270.0,,,0.0,,63.0,72.0,,,1.0,,,,,,999.0,,,,1.0,,1.0,,,,
1999,2,12,,,,,,,,,,0.0,,,,,0.0,0.0,,,,,,,,,,0.0,,,,,,,,,,,,-999.0,,,,,,,,,,
1999,2,13,,,,,,,,,,,,,,,,,,,,,,,,,,,,,,,,9.0,,,,,,9.0,,,,9.0,,9.0,,,,
1999,2,14,,,,,,,36.0,1857.0,2301.0,23.0,,,,,0.0,0.0,57.02,60.980000000000004,53.06,,,260.0,270.0,,,0.0,,107.0,125.0,,,1.0,,,,,,1.0,,,,1.0,,1.0,,,,
1999,2,15,,,,,,,,,,0.0,,,,,0.0,0.0,,,32.0,,,,,,,0.0,,,,,,,,,,,,,,,,,,,,,,
1999,2,16,,,,,,,,,,,,,,,,,,,,,,,,,,,,,,,,99.0,,,,,,99.0,,,,99.0,,99.0,,,,
1999,2,17,,,,,,,25.0,1417.0,1341.0,0.0,,,,,0.0,0.0,51.98,60.980000000000004,42.980000000000004,,,260.0,270.0,,,0.0,,67.0,76.0,,,-9999.0,,,,,,-9999.0,,,,-9999.0,,-9999.0,,,,
1999,2,18,,,,,,,,,,0.0,,,,,0.0,0.0,,32.0,32.0,,,,,,,0.0,,,,,,-9.0,,,,,,-9.0,,,,-9.0,,-9.0,,,,
1999,2,19,,,,,,,22.0,343.0,343.0,0.0,,,,,0.0,0.0,57.02,69.98,42.980000000000004,,,290.0,290.0,,,0.0,,63.0,72.0,,,999.0,,,,,,999.0,,,,999.0,,999.0,,,,
1999,2,20,,,,,,,,,,0.0,,,,,0.0,0.0,,,,,,,,,,0.0,,,,,,-999.0,,,,,,-999.0,,,,-999.0,,-999.0,,,,
1999,2,21,,,,,,,,,,,,,,,,,,,,,,,,,,,,,,,,9.0,,,,,,9.0,,,,9.0,,9.0,,,,
1999,2,22,,,,,,,30.0,1155.0,1213.0,,,,,,0.0,0.0,55.04,62.959999999999994,46.94,,,270.0,260.0,,,0.0,,76.0,89.0,,,1.0,,,,,,1.0,,,,1.0,,1.0,,,,
1999,2,23,,,,,,,,,,0.0,,,,,0.0,0.0,,,,,,,,,,0.0,,,,,,,,,,,,,,,,,,,,,,
1999,2,24,,,,,,,,,,,,,,,,,,,,,,,,,,,,,,,,99.0,,,,,,99.0,,,,99.0,,99.0,,,,
1999,2,25,,,,,,,24.0,733.0,636.0,0.0,,,,,0.0,0.0,57.92,62.059999999999995,53.06,,,70.0,50.0,,,0.0,,58.0,67.0,,,-9999.0,,,,,,1.0,,,,-9999.0,,-9999.0,,,,
1999,2,26,,,,,,,,,,0.0,,,,,0.0,0.0,,32.0,32.0,,,,,,,0.0,,,,,,-9.0,,,,,,0.0,,,,-9.0,,-9.0,,,,
1999,2,27,,,,,,,18.0,636.0,513.0,0.0,,,,,0.0,0.0,59.0,64.94,51.98,,,260.0,260.0,,,0.0,,49.0,63.0,,,999.0,,,,,,1.0,,,,999.0,,999.0,,,,
1999,2,28,,,,,,,,,,0.0,,,,,0.0,0.0,,,,,,,,,,0.0,,,,,,,,,,,,0.0,,,,,,-999.0,,,,
1999,2,30,,,,,,,25.0,1636.0,1635.0,0.0,,,,,0.0,0.0,59.0,64.94,53.06,,,280.0,270.0,,,0.0,,58.0,67.0,,,1.0,,,,,,1.0,,,,1.0,,9999.0,,,,
1999,2,31,,,,,,,,,,0.0,,,,,0.0,0.0,,,,,,,,,,0.0,,,,,,0.0,,,,,,0.0,,,,,,-99.0,,,,
1999,3,1,,,,,,,19.0,1621.0,1259.0,0.0,,,,,0.0,0.0,60.08,68.0,51.98,,,310.0,310.0,,,0.0,,49.0,63.0,,,1.0,1.0,,,,,1.0,,,,1.0,,-9999.0,,,,
1999,3,2,,,,,,,,,,0.0,,,,,0.0,0.0,,32.0,32.0,,,,,,,0.0,,,,,,0.0,,,,,,0.0,,,,,,-9.0,,,,
1999,3,3,,,,,,,20.0,352.0,414.0,0.0,,,,,0.0,0.0,60.980000000000004,68.0,53.06,,,250.0,290.0,,,0.0,,58.0,63.0,,,1.0,999.0,,,,,1.0,,,,1.0,,999.0,,,,
1999,3,4,,,,,,,,,,,,,,,0.0,0.0,,,,,,,,,,0.0,,,,,,0.0,-999.0,,,,,0.0,,,,,,,,,,
1999,3,6,,,,,,,37.0,245.0,232.0,5.0,,,,,0.0,0.0,57.92,60.08,55.94,,,270.0,270.0,,,0.0,,72.0,89.0,,,1.0,9999.0,,,,,9999.0,,,,1.0,,1.0,,,,
1999,3,7,,,,,,,,,,0.0,,,,,0.0,0.0,,,,,,,,,,0.0,,,,,,,-99.0,,,,,,,,,,,,,,,
1999,3,8,,,,,,,,,,,,,,,,,,,,,,,,,,,,,,,,99.0,99.0,,,,,,,,,99.0,,99.0,,,,
1999,3,9,,,,,,,26.0,1213.0,1519.0,8.0,,,,,0.0,0.0,55.94,59.0,53.06,,,230.0,210.0,,,0.0,,45.0,58.0,,,-9999.0,-9999.0,,,,,-9999.0,,,,-9999.0,,1.0,,,,
1999,3,10,,,,,,,,,,0.0,,,,,0.0,0.0,,32.0,32.0,,,,,,,0.0,,,,,,-9.0,-9.0,,,,,-9.0,,,,-9.0,,0.0,,,,
1999,3,11,,,,,,,23.0,458.0,410.0,20.0,,,,,0.0,0.0,55.94,60.980000000000004,51.08,,,280.0,270.0,,,0.0,,67.0,94.0,,,999.0,999.0,,,,,999.0,,,,999.0,,1.0,,,,
1999,3,12,,,,,,,,,,0.0,,,,,0.0,0.0,,,,,,,,,,0.0,,,,,,-999.0,-999.0,,,,,-999.0,,,,-999.0,,,,,,
1999,3,14,,,,,,,30.0,1416.0,1345.0,0.0,,,,,0.0,0.0,59.0,64.04,53.06,,,250.0,290.0,,,0.0,,67.0,94.0,,,9999.0,9999.0,,,,,9999.0,,,,9999.0,,9999.0,,,,
1999,3,15,,,,,,,,,,0.0,,,,,0.0,0.0,,,,,,,,,,0.0,,,,,,-99.0,-99.0,,,,,-99.0,,,,-99.0,,-99.0,,,,
1999,3,16,,,,,,,,,,,,,,,,,,,,,,,,,,,,,,,,99.0,99.0,,,,,99.0,,,,99.0,,99.0,,,,
1999,3,17,,,,,,,32.0,1459.0,1526.0,43.0,,,,,0.0,0.0,53.96,57.02,51.08,,,260.0,270.0,,,0.0,,63.0,72.0,,,-9999.0,-9999.0,,,,,-9999.0,,,,-9999.0,,1.0,,,,
1999,3,18,,,,,,,,,,0.0,,,,,0.0,0.0,,32.0,32.0,,,,,,,0.0,,,,,,-9.0,-9.0,,,,,-9.0,,,,-9.0,,,,,,
1999,3,19,,,,,,,26.0,228.0,231.0,0.0,,,,,0.0,0.0,55.94,62.959999999999994,48.02,,,270.0,280.0,,,0.0,,76.0,94.0,,,999.0,999.0,,,,,999.0,,,,999.0,,999.0,,,,
1999,3,20,,,,,,,,,,0.0,,,,,0.0,0.0,,,,,,,,,,0.0,,,,,,,-999.0,,,,,,,,,,,-999.0,,,,
1999,3,22,,,,,,,25.0,1445.0,1444.0,0.0,,,,,0.0,0.0,57.92,62.959999999999994,51.98,,,280.0,280.0,,,0.0,,58.0,72.0,,,9999.0,9999.0,,,,,1.0,,,,9999.0,,9999.0,,,,
1999,3,23,,,,,,,,,,0.0,,,,,0.0,0.0,,,,,,,,,,0.0,,,,,,,-99.0,,,,,,,,,,,,,,,
1999,3,24,,,,,,,,,,,,,,,,,,,,,,,,,,,,,,,,,99.0,,,,,99.0,,,,,,,,,,
1999,3,25,,,,,,,26.0,1745.0,1737.0,5.0,,,,,0.0,0.0,53.96,59.0,48.02,,,280.0,280.0,,,0.0,,63.0,72.0,,,-9999.0,-9999.0,,,,,-9999.0,,,,-9999.0,,1.0,,,,
1999,3,26,,,,,,,,,,0.0,,,,,0.0,0.0,,32.0,32.0,,,,,,,0.0,,,,,,-9.0,-9.0,,,,,-9.0,,,,-9.0,,,,,,
1999,3,27,,,,,,,22.0,558.0,544.0,0.0,,,,,0.0,0.0,57.02,62.059999999999995,51.08,,,210.0,220.0,,,0.0,,58.0,67.0,,,999.0,999.0,,,,,999.0,,,,999.0,,999.0,,,,
1999,3,28,,,,,,,,,,0.0,,,,,0.0,0.0,,,,,,,,,,0.0,,,,,,-999.0,-999.0,,,,,-999.0,,,,-999.0,,-999.0,,,,
1999,3,29,,,,,,,,,,,,,,,,,,,,,,,,,,,,,,,,,,,,,,9.0,,,,,,,,,,
1999,3,30,,,,,,,17.0,1419.0,1300.0,0.0,,,,,0.0,0.0,59.0,66.02,51.08,,,270.0,250.0,,,0.0,,63.0,76.0,,,9999.0,9999.0,,,,,1.0,,,,9999.0,,9999.0,,,,
1999,3,31,,,,,,,,,,0.0,,,,,0.0,0.0,,,,,,,,,,0.0,,,,,,-99.0,-99.0,,,,,0.0,,,,-99.0,,,,,,
1999,4,1,,,,,,,44.0,1014.0,1009.0,150.0,,,,,0.0,0.0,51.98,57.92,44.96,,,240.0,260.0,,,0.0,,89.0,103.0,,,-9999.0,-9999.0,,-9999.0,-9999.0,,-9999.0,,,,-9999.0,,1.0,,,,
1999,4,2,,,,,,,,,,0.0,,,,,0.0,0.0,,32.0,32.0,,,,,,,0.0,,,,,,-9.0,-9.0,,-9.0,-9.0,,-9.0,,,,-9.0,,,,,,
1999,4,3,,,,,,,38.0,42.0,35.0,0.0,,,,,0.0,0.0,53.96,62.059999999999995,44.96,,,160.0,160.0,,,0.0,,89.0,107.0,,,999.0,999.0,,999.0,999.0,,999.0,,,,999.0,,999.0,,,,
1999,4,4,,,,,,,,,,,,,,,0.0,0.0,,,,,,,,,,0.0,,,,,,-999.0,-999.0,,-999.0,-999.0,,-999.0,,,,-999.0,,,,,,
1999,4,6,,,,,,,44.0,2355.0,2354.0,3.0,,,,,0.0,0.0,57.02,60.980000000000004,51.98,,,250.0,250.0,,,0.0,,134.0,165.0,,,9999.0,9999.0,,9999.0,9999.0,,9999.0,,,,9999.0,,1.0,,,,
1999,4,7,,,,,,,,,,0.0,,,,,0.0,0.0,,,32.0,,,,,,,0.0,,,,,,-99.0,-99.0,,-99.0,-99.0,,-99.0,,,,-99.0,,,,,,
1999,4,8,,,,,,,,,,,,,,,,,,,,,,,,,,,,,,,,99.0,99.0,,99.0,99.0,,99.0,,,,99.0,,99.0,,,,
1999,4,9,,,,,,,42.0,1413.0,1413.0,15.0,,,,,0.0,0.0,59.0,62.959999999999994,53.96,,,180.0,180.0,,,0.0,,98.0,116.0,,,1.0,-9999.0,,-9999.0,-9999.0,,-9999.0,,,,1.0,,1.0,,,,
1999,4,10,,,,,,,,,,0.0,,,,,0.0,0.0,,32.0,32.0,,,,,,,0.0,,,,,,,-9.0,,,,,-9.0,,,,,,0.0,,,,
1999,4,11,,,,,,,34.0,828.0,206.0,69.0,,,,,,0.0,57.02,60.980000000000004,51.98,,,250.0,230.0,,,0.0,,94.0,112.0,,,999.0,999.0,,1.0,1.0,,999.0,,,,999.0,,1.0,,,,
1999,4,12,,,,,,,,,,0.0,,,,,0.0,0.0,,,,,,,,,,0.0,,,,,,-999.0,-999.0,,,,,-999.0,,,,-999.0,,0.0,,,,
1999,4,14,,,,,,,61.0,1505.0,319.0,0.0,,,,,0.0,0.0,55.94,60.08,51.98,,,280.0,290.0,,,0.0,,94.0,125.0,,,9999.0,9999.0,,9999.0,9999.0,,9999.0,,,,9999.0,,9999.0,,,,
1999,4,15,,,,,,,,,,0.0,,,,,0.0,0.0,,,32.0,,,,,,,0.0,,,,,,-99.0,-99.0,,-99.0,-99.0,,-99.0,,,,-99.0,,-99.0,,,,
1999,4,16,,,,,,,,,,,,,,,,,,,,,,,,,,,,,,,,99.0,99.0,,99.0,99.0,,99.0,,,,99.0,,99.0,,,,
1999,4,17,,,,,,,48.0,2222.0,2222.0,109.0,,,,,0.0,0.0,57.02,60.980000000000004,53.06,,,130.0,140.0,,,0.0,,94.0,107.0,,,1.0,-9999.0,,-9999.0,-9999.0,,-9999.0,,,,1.0,,1.0,,,,
1999,4,18,,,,,,,,,,0.0,,,,,0.0,0.0,,32.0,32.0,,,,,,,0.0,,,,,,0.0,-9.0,,-9.0,-9.0,,-9.0,,,,,,0.0,,,,
1999,4,19,,,,,,,29.0,527.0,456.0,38.0,,,,,0.0,0.0,57.02,62.059999999999995,51.98,,,270.0,260.0,,,0.0,,72.0,89.0,,,1.0,999.0,,999.0,999.0,,999.0,,,,1.0,,1.0,,,,
1999,4,20,,,,,,,,,,0.0,,,,,0.0,0.0,,,,,,,,,,0.0,,,,,,,-999.0,,-999.0,-999.0,,-999.0,,,,,,,,,,
1999,4,21,,,,,,,,,,,,,,,,,,,,,,,,,,,,,,,,9.0,,,,,,9.0,,,,9.0,,,,,,
1999,4,22,,,,,,,29.0,1552.0,1638.0,0.0,,,,,0.0,0.0,60.08,66.02,53.96,,,270.0,270.0,,,0.0,,72.0,76.0,,,1.0,9999.0,,9999.0,9999.0,,1.0,,,,1.0,,9999.0,,,,
1999,4,23,,,,,,,,,,0.0,,,,,0.0,0.0,,,,,,,,,,0.0,,,,,,0.0,,,-99.0,-99.0,,0.0,,,,,,-99.0,,,,
1999,4,24,,,,,,,,,,,,,,,,,,,,,,,,,,,,,,,,,,,99.0,99.0,,,,,,,,99.0,,,,
1999,4,25,,,,,,,28.0,1631.0,1631.0,0.0,,,,,0.0,0.0,68.0,84.02,51.08,,,320.0,320.0,,,0.0,,72.0,89.0,,,1.0,1.0,,-9999.0,-9999.0,,1.0,,,,1.0,,-9999.0,,,,
1999,4,26,,,,,,,,,,0.0,,,,,0.0,0.0,,32.0,32.0,,,,,,,0.0,,,,,,,,,-9.0,-9.0,,,,,,,,-9.0,,,,
1999,4,27,,,,,,,18.0,340.0,339.0,0.0,,,,,0.0,0.0,69.08,80.96,57.02,,,260.0,260.0,,,0.0,,45.0,58.0,,,999.0,999.0,,999.0,999.0,,999.0,,,,999.0,,999.0,,,,
1999,4,28,,,,,,,,,,0.0,,,,,0.0,0.0,,,,,,,,,,0.0,,,,,,-999.0,-999.0,,-999.0,-999.0,,-999.0,,,,-999.0,,-999.0,,,,
1999,4,29,,,,,,,,,,,,,,,,,,,,,,,,,,,,,,,,9.0,,,,,,,,,,9.0,,,,,,
1999,4,30,,,,,,,26.0,1511.0,1511.0,0.0,,,,,0.0,0.0,66.92,75.92,57.02,,,310.0,310.0,,,0.0,,67.0,72.0,,,1.0,9999.0,,9999.0,9999.0,,9999.0,,,,1.0,,9999.0,,,,
1999,4,31,,,,,,,,,,0.0,,,,,0.0,0.0,,,,,,,,,,0.0,,,,,,0.0,-99.0,,-99.0,-99.0,,-99.0,,,,,,-99.0,,,,
1999,5,1,,,,,,,29.0,1332.0,1518.0,0.0,,,,,0.0,0.0,57.02,64.04,50.0,,,260.0,280.0,,,0.0,,76.0,89.0,,,-9999.0,,,,,,-9999.0,,,,-9999.0,,-9999.0,,,,
1999,5,2,,,,,,,,,,0.0,,,,,0.0,0.0,,32.0,32.0,,,,,,,0.0,,,,,,-9.0,,,,,,-9.0,,,,-9.0,,-9.0,,,,
1999,5,3,,,,,,,30.0,515.0,520.0,0.0,,,,,0.0,0.0,59.0,62.059999999999995,55.94,,,220.0,230.0,,,0.0,,72.0,76.0,,,999.0,,,,,,999.0,,,,999.0,,999.0,,,,
1999,5,4,,,,,,,,,,0.0,,,,,0.0,0.0,,,,,,,,,,0.0,,,,,,-999.0,,,,,,-999.0,,,,-999.0,,-999.0,,,,
1999,5,6,,,,,,,36.0,1535.0,1519.0,0.0,,,,,0.0,0.0,59.0,60.980000000000004,55.94,,,220.0,210.0,,,0.0,,58.0,72.0,,,9999.0,,,,,,9999.0,,,,9999.0,,9999.0,,,,
1999,5,7,,,,,,,,,,0.0,,,,,0.0,0.0,,,,,,,,,,0.0,,,,,,-99.0,,,,,,-99.0,,,,-99.0,,-99.0,,,,
1999,5,8,,,,,,,,,,,,,,,,,,,,,,,,,,,,,,,,99.0,,,,,,99.0,,,,99.0,,99.0,,,,
1999,5,9,,,,,,,25.0,1232.0,1514.0,0.0,,,,,0.0,0.0,62.959999999999994,69.98,55.04,,,290.0,280.0,,,0.0,,72.0,76.0,,,1.0,,,,,,1.0,,,,1.0,,-9999.0,,,,
1999,5,10,,,,,,,,,,0.0,,,,,0.0,0.0,,32.0,32.0,,,,,,,0.0,,,,,,0.0,,,,,,0.0,,,,,,-9.0,,,,
1999,5,11,,,,,,,25.0,345.0,406.0,0.0,,,,,0.0,0.0,60.08,62.959999999999994,55.94,,,150.0,200.0,,,0.0,,45.0,63.0,,,1.0,,,,,,1.0,,,,1.0,,999.0,,,,
1999,5,12,,,,,,,,,,0.0,,,,,0.0,0.0,,,,,,,,,,0.0,,,,,,0.0,,,,,,0.0,,,,,,-999.0,,,,
1999,5,14,,,,,,,40.0,1238.0,1237.0,0.0,,,,,0.0,0.0,59.0,62.059999999999995,55.04,,,220.0,220.0,,,0.0,,67.0,76.0,,,9999.0,,,,,,9999.0,,,,9999.0,,9999.0,,,,
1999,5,15,,,,,,,,,,0.0,,,,,0.0,0.0,,,,,,,,,,0.0,,,,,,-99.0,,,,,,-99.0,,,,-99.0,,-99.0,,,,
1999,5,16,,,,,,,,,,,,,,,,,,,,,,,,,,,,,,,,99.0,,,,,,99.0,,,,99.0,,99.0,,,,
1999,5,17,,,,,,,25.0,1340.0,1320.0,0.0,,,,,0.0,0.0,60.980000000000004,64.94,57.02,,,290.0,280.0,,,0.0,,58.0,72.0,,,-9999.0,,,,,,1.0,,,,-9999.0,,-9999.0,,,,
1999,5,18,,,,,,,,,,0.0,,,,,0.0,0.0,,32.0,32.0,,,,,,,0.0,,,,,,,,,,,,0.0,,,,,,-9.0,,,,
1999,5,19,,,,,,,30.0,418.0,417.0,0.0,,,,,0.0,0.0,62.059999999999995,66.02,57.02,,,190.0,190.0,,,0.0,,63.0,72.0,,,1.0,,,,,,1.0,,,,1.0,,999.0,,,,
1999,5,20,,,,,,,,,,0.0,,,,,0.0,0.0,,,,,,,,,,0.0,,,,,,0.0,,,,,,,,,,,,,,,,
1999,5,22,,,,,,,41.0,1336.0,1336.0,0.0,,,,,0.0,0.0,62.059999999999995,66.92,57.02,,,260.0,250.0,,,0.0,,80.0,103.0,,,9999.0,,,,,,9999.0,,,,9999.0,,9999.0,,,,
1999,5,23,,,,,,,,,,0.0,,,,,0.0,0.0,,,,,,,,,,0.0,,,,,,-99.0,,,,,,-99.0,,,,-99.0,,-99.0,,,,
1999,5,24,,,,,,,,,,,,,,,,,,,,,,,,,,,,,,,,99.0,,,,,,99.0,,,,99.0,,99.0,,,,
1999,5,25,,,,,,,26.0,1441.0,1437.0,0.0,,,,,0.0,0.0,60.980000000000004,64.94,55.94,,,270.0,270.0,,,0.0,,67.0,80.0,,,-9999.0,,,,,,-9999.0,,,,-9999.0,,-9999.0,,,,
1999,5,26,,,,,,,,,,0.0,,,,,0.0,0.0,,32.0,32.0,,,,,,,0.0,,,,,,,,,,,,,,,,,,-9.0,,,,
1999,5,27,,,,,,,25.0,22.0,225.0,0.0,,,,,0.0,0.0,62.959999999999994,69.08,55.94,,,210.0,260.0,,,0.0,,67.0,76.0,,,1.0,,,,,,1.0,,,,1.0,,999.0,,,,
1999,5,28,,,,,,,,,,0.0,,,,,0.0,0.0,,,,,,,,,,0.0,,,,,,0.0,,,,,,,,,,,,-999.0,,,,
1999,5,29,,,,,,,,,,,,,,,,,,,,,,,,,,,,,,,,,,,,,,9.0,,,,,,,,,,
1999,5,30,,,,,,,31.0,1607.0,1539.0,0.0,,,,,0.0,0.0,60.980000000000004,66.02,55.94,,,270.0,260.0,,,0.0,,49.0,67.0,,,9999.0,,,,,,1.0,,,,9999.0,,9999.0,,,,
1999,5,31,,,,,,,,,,0.0,,,,,0.0,0.0,,,,,,,,,,0.0,,,,,,-99.0,,,,,,,,,,-99.0,,-99.0,,,,
1999,6,1,,,,,,,26.0,1435.0,1435.0,0.0,,,,,0.0,0.0,62.059999999999995,64.94,57.92,,,280.0,290.0,,,0.0,,63.0,67.0,,,-9999.0,,,,,,-9999.0,,,,-9999.0,,1.0,,,,
1999,6,2,,,,,,,,,,,,,,,0.0,0.0,,32.0,32.0,,,,,,,0.0,,,,,,,,,,,,-9.0,,,,,,0.0,,,,
1999,6,3,,,,,,,38.0,701.0,701.0,5.0,,,,,0.0,0.0,60.980000000000004,64.94,55.94,,,280.0,270.0,,,0.0,,80.0,94.0,,,1.0,,,,,,999.0,,,,1.0,,1.0,,,,
1999,6,4,,,,,,,,,,0.0,,,,,0.0,0.0,,,,,,,,,,0.0,,,,,,,,,,,,-999.0,,,,,,0.0,,,,
1999,6,6,,,,,,,41.0,224.0,219.0,,,,,,0.0,0.0,60.08,64.04,55.94,,,240.0,260.0,,,0.0,,80.0,103.0,,,9999.0,,,,,,9999.0,,,,9999.0,,1.0,,,,
1999,6,7,,,,,,,,,,0.0,,,,,0.0,0.0,,,,,,,,,,0.0,,,,,,-99.0,,,,,,-99.0,,,,-99.0,,,,,,
1999,6,8,,,,,,,,,,,,,,,,,,,,,,,,,,,,,,,,99.0,,,,,,99.0,,,,99.0,,99.0,,,,
1999,6,9,,,,,,,33.0,1322.0,1307.0,0.0,,,,,0.0,0.0,62.959999999999994,66.92,57.92,,,270.0,280.0,,,0.0,,72.0,89.0,,,-9999.0,,,,,,-9999.0,,,,-9999.0,,-9999.0,,,,
1999,6,10,,,,,,,,,,0.0,,,,,0.0,0.0,,32.0,32.0,,,,,,,0.0,,,,,,,,,,,,,,,,,,-9.0,,,,
1999,6,11,,,,,,,31.0,213.0,637.0,0.0,,,,,0.0,0.0,62.059999999999995,66.02,57.02,,,200.0,280.0,,,0.0,,58.0,63.0,,,1.0,,,,,,1.0,,,,1.0,,999.0,,,,
1999,6,12,,,,,,,,,,0.0,,,,,0.0,0.0,,,,,,,,,,0.0,,,,,,,,,,,,,,,,,,-999.0,,,,
1999,6,13,,,,,,,,,,,,,,,,,,,,,,,,,,,,,,,,,,,,,,9.0,,,,,,,,,,
1999,6,14,,,,,,,25.0,1315.0,1253.0,0.0,,,,,0.0,0.0,60.980000000000004,64.04,57.92,,,210.0,200.0,,,0.0,,58.0,72.0,,,9999.0,,,,,,1.0,,,,9999.0,,9999.0,,,,
1999,6,15,,,,,,,,,,0.0,,,,,0.0,0.0,,,,,,,,,,0.0,,,,,,-99.0,,,,,,,,,,-99.0,,-99.0,,,,
1999,6,16,,,,,,,,,,,,,,,,,,,,,,,,,,,,,,,,99.0,,,,,,99.0,,,,99.0,,99.0,,,,
1999,6,17,,,,,,,29.0,1119.0,1424.0,0.0,,,,,0.0,0.0,64.04,68.0,60.08,,,250.0,270.0,,,0.0,,63.0,94.0,,,-9999.0,,,,,,-9999.0,,,,-9999.0,,-9999.0,,,,
1999,6,18,,,,,,,,,,0.0,,,,,0.0,0.0,,32.0,32.0,,,,,,,0.0,,,,,,-9.0,,,,,,,,,,-9.0,,-9.0,,,,
1999,6,19,,,,,,,31.0,253.0,19.0,0.0,,,,,0.0,0.0,64.94,69.08,60.08,,,260.0,290.0,,,0.0,,67.0,89.0,,,999.0,,,,,,1.0,,,,999.0,,999.0,,,,
1999,6,20,,,,,,,,,,0.0,,,,,0.0,0.0,,,,,,,,,,0.0,,,,,,,,,,,,0.0,,,,,,-999.0,,,,
1999,6,22,,,,,,,25.0,1428.0,1425.0,0.0,,,,,0.0,0.0,66.02,71.06,60.08,,,270.0,290.0,,,0.0,,45.0,58.0,,,1.0,,,,,,1.0,,,,1.0,,9999.0,,,,
1999,6,23,,,,,,,,,,0.0,,,,,0.0,0.0,,,,,,,,,,0.0,,,,,,0.0,,,,,,0.0,,,,,,-99.0,,,,
1999,6,24,,,,,,,,,,,,,,,,,,,,,,,,,,,,,,,,,,,,,,,,,,,,99.0,,,,
1999,6,25,,,,,,,26.0,1516.0,1203.0,0.0,,,,,0.0,0.0,62.059999999999995,66.02,57.92,,,220.0,230.0,,,0.0,,49.0,67.0,,,1.0,,,,,,1.0,,,,1.0,,-9999.0,,,,
1999,6,26,,,,,,,,,,0.0,,,,,0.0,0.0,,32.0,32.0,,,,,,,0.0,,,,,,0.0,,,,,,0.0,,,,,,-9.0,,,,
1999,6,27,,,,,,,27.0,236.0,319.0,0.0,,,,,0.0,0.0,64.04,66.92,60.08,,,220.0,200.0,,,0.0,,49.0,63.0,,,1.0,,,,,,1.0,,,,1.0,,999.0,,,,
1999,6,28,,,,,,,,,,0.0,,,,,0.0,0.0,,,,,,,,,,0.0,,,,,,0.0,,,,,,0.0,,,,,,-999.0,,,,
1999,6,30,,,,,,,24.0,1532.0,1518.0,0.0,,,,,0.0,0.0,64.04,69.08,59.0,,,260.0,270.0,,,0.0,,49.0,67.0,,,1.0,,,,,,1.0,,,,1.0,,9999.0,,,,
1999,6,31,,,,,,,,,,0.0,,,,,0.0,0.0,,,,,,,,,,0.0,,,,,,0.0,,,,,,0.0,,,,,,-99.0,,,,
1999,7,1,,,,,,,30.0,1545.0,1518.0,0.0,,,,,0.0,0.0,64.94,68.0,60.980000000000004,,,200.0,200.0,,,0.0,,49.0,67.0,,,1.0,,,,,,1.0,,,,1.0,,-9999.0,,,,
1999,7,2,,,,,,,,,,0.0,,,,,0.0,0.0,,32.0,32.0,,,,,,,0.0,,,,,,0.0,,,,,,,,,,,,-9.0,,,,
1999,7,3,,,,,,,36.0,422.0,532.0,0.0,,,,,0.0,0.0,62.959999999999994,64.94,60.980000000000004,,,170.0,190.0,,,0.0,,58.0,72.0,,,1.0,,,,,,999.0,,,,1.0,,999.0,,,,
1999,7,4,,,,,,,,,,0.0,,,,,0.0,0.0,,,,,,,,,,0.0,,,,,,,,,,,,-999.0,,,,,,-999.0,,,,
1999,7,5,,,,,,,,,,,,,,,,,,,,,,,,,,,,,,,,9.0,,,,,,,,,,9.0,,,,,,
1999,7,6,,,,,,,32.0,1501.0,1440.0,0.0,,,,,0.0,0.0,66.92,69.98,62.959999999999994,,,260.0,270.0,,,0.0,,67.0,80.0,,,1.0,,,,,,9999.0,,,,1.0,,9999.0,,,,
1999,7,7,,,,,,,,,,0.0,,,,,0.0,0.0,,,,,,,,,,0.0,,,,,,0.0,,,,,,,,,,,,-99.0,,,,
1999,7,8,,,,,,,,,,,,,,,,,,,,,,,,,,,,,,,,,,,,,,,,,,,,99.0,,,,
1999,7,9,,,,,,,30.0,1405.0,1405.0,0.0,,,,,0.0,0.0,64.94,69.08,60.980000000000004,,,230.0,220.0,,,0.0,,63.0,72.0,,,1.0,,,,,,-9999.0,,,,1.0,,-9999.0,,,,
1999,7,10,,,,,,,,,,0.0,,,,,0.0,0.0,,32.0,32.0,,,,,,,0.0,,,,,,0.0,,,,,,,,,,,,,,,,
1999,7,11,,,,,,,23.0,220.0,636.0,,,,,,0.0,0.0,64.94,68.0,60.980000000000004,,,150.0,210.0,,,0.0,,45.0,94.0,,,1.0,,,,,,1.0,,,,1.0,,1.0,,,,
1999,7,12,,,,,,,,,,0.0,,,,,0.0,0.0,,,,,,,,,,0.0,,,,,,0.0,,,,,,0.0,,,,,,0.0,,,,
1999,7,14,,,,,,,36.0,1307.0,1228.0,0.0,,,,,0.0,0.0,73.04,78.08,66.92,,,270.0,280.0,,,0.0,,76.0,98.0,,,9999.0,,,,,,9999.0,,,,9999.0,,9999.0,,,,
1999,7,15,,,,,,,,,,0.0,,,,,0.0,0.0,,,,,,,,,,0.0,,,,,,-99.0,,,,,,-99.0,,,,-99.0,,-99.0,,,,
1999,7,16,,,,,,,,,,,,,,,,,,,,,,,,,,,,,,,,99.0,,,,,,99.0,,,,99.0,,99.0,,,,
1999,7,17,,,,,,,33.0,1239.0,1843.0,0.0,,,,,0.0,0.0,71.06,75.02,66.92,,,270.0,280.0,,,0.0,,67.0,72.0,,,1.0,,,,,,-9999.0,,,,1.0,,-9999.0,,,,
1999,7,18,,,,,,,,,,0.0,,,,,0.0,0.0,,32.0,32.0,,,,,,,0.0,,,,,,0.0,,,,,,,,,,,,-9.0,,,,
1999,7,19,,,,,,,30.0,427.0,341.0,0.0,,,,,0.0,0.0,73.04,78.08,68.0,,,160.0,230.0,,,0.0,,58.0,67.0,,,1.0,,,,,,1.0,,,,1.0,,999.0,,,,
1999,7,20,,,,,,,,,,0.0,,,,,0.0,0.0,,,,,,,,,,0.0,,,,,,0.0,,,,,,0.0,,,,,,-999.0,,,,
1999,7,22,,,,,,,30.0,1519.0,1516.0,0.0,,,,,0.0,0.0,69.98,73.94,66.02,,,190.0,190.0,,,0.0,,63.0,72.0,,,1.0,,,,,,9999.0,,,,1.0,,9999.0,,,,
1999,7,23,,,,,,,,,,0.0,,,,,0.0,0.0,,,,,,,,,,0.0,,,,,,,,,,,,-99.0,,,,,,-99.0,,,,
1999,7,24,,,,,,,,,,,,,,,,,,,,,,,,,,,,,,,,99.0,,,,,,99.0,,,,99.0,,99.0,,,,
1999,7,25,,,,,,,31.0,1752.0,1624.0,0.0,,,,,0.0,0.0,71.06,73.94,66.92,,,280.0,270.0,,,0.0,,67.0,76.0,,,-9999.0,,,,,,1.0,,,,-9999.0,,-9999.0,,,,
1999,7,26,,,,,,,,,,0.0,,,,,0.0,0.0,,32.0,32.0,,,,,,,0.0,,,,,,-9.0,,,,,,,,,,-9.0,,-9.0,,,,
1999,7,27,,,,,,,30.0,422.0,459.0,0.0,,,,,0.0,0.0,69.98,73.04,66.92,,,270.0,290.0,,,0.0,,63.0,80.0,,,999.0,,,,,,999.0,,,,999.0,,999.0,,,,
1999,7,28,,,,,,,,,,0.0,,,,,0.0,0.0,,,,,,,,,,0.0,,,,,,-999.0,,,,,,-999.0,,,,-999.0,,-999.0,,,,
1999,7,29,,,,,,,,,,,,,,,,,,,,,,,,,,,,,,,,,,,,,,9.0,,,,,,,,,,
1999,7,30,,,,,,,33.0,1527.0,1545.0,0.0,,,,,0.0,0.0,69.08,73.04,64.04,,,270.0,280.0,,,0.0,,72.0,80.0,,,9999.0,,,,,,1.0,,,,9999.0,,9999.0,,,,
1999,7,31,,,,,,,,,,0.0,,,,,0.0,0.0,,,,,,,,,,0.0,,,,,,-99.0,,,,,,,,,,-99.0,,-99.0,,,,
1999,8,1,,,,,,,27.0,1758.0,1622.0,0.0,,,,,0.0,0.0,68.0,73.04,62.959999999999994,,,280.0,270.0,,,0.0,,63.0,72.0,,,-9999.0,,,,,,-9999.0,,,,-9999.0,,,,,,
1999,8,2,,,,,,,,,,0.0,,,,,0.0,0.0,,32.0,32.0,,,,,,,0.0,,,,,,,,,,,,,,,,,,,,,,
1999,8,3,,,,,,,30.0,712.0,711.0,0.0,,,,,0.0,0.0,69.08,75.02,62.959999999999994,,,270.0,280.0,,,0.0,,63.0,72.0,,,1.0,,,,,,1.0,,,,1.0,,,,,,
1999,8,4,,,,,,,,,,0.0,,,,,0.0,0.0,,,,,,,,,,0.0,,,,,,0.0,,,,,,0.0,,,,,,,,,,
1999,8,6,,,,,,,30.0,1517.0,1204.0,0.0,,,,,0.0,0.0,66.02,69.08,62.959999999999994,,,160.0,190.0,,,0.0,,49.0,72.0,,,1.0,,,,,,1.0,,,,1.0,,,,,,
1999,8,7,,,,,,,,,,0.0,,,,,0.0,0.0,,,,,,,,,,0.0,,,,,,0.0,,,,,,0.0,,,,,,,,,,
1999,8,9,,,,,,,36.0,1743.0,1743.0,0.0,,,,,0.0,0.0,66.92,69.98,62.959999999999994,,,270.0,270.0,,,0.0,,63.0,80.0,,,-9999.0,,,,,,-9999.0,,,,-9999.0,,,,,,
1999,8,10,,,,,,,,,,0.0,,,,,0.0,0.0,,32.0,32.0,,,,,,,0.0,,,,,,-9.0,,,,,,-9.0,,,,-9.0,,,,,,
1999,8,11,,,,,,,31.0,723.0,302.0,0.0,,,,,0.0,0.0,69.08,71.96,64.94,,,270.0,280.0,,,0.0,,63.0,89.0,,,999.0,,,,,,999.0,,,,999.0,,,,,,
1999,8,12,,,,,,,,,,0.0,,,,,0.0,0.0,,,,,,,,,,0.0,,,,,,-999.0,,,,,,-999.0,,,,-999.0,,,,,,
1999,8,14,,,,,,,31.0,1238.0,1305.0,0.0,,,,,0.0,0.0,66.92,69.98,62.959999999999994,,,230.0,250.0,,,0.0,,67.0,76.0,,,9999.0,,,,,,9999.0,,,,9999.0,,,,,,
1999,8,15,,,,,,,,,,0.0,,,,,0.0,0.0,,,,,,,,,,0.0,,,,,,-99.0,,,,,,-99.0,,,,-99.0,,,,,,
1999,8,16,,,,,,,,,,,,,,,,,,,,,,,,,,,,,,,,99.0,,,,,,99.0,,,,99.0,,,,,,
1999,8,17,,,,,,,34.0,1218.0,1140.0,0.0,,,,,0.0,0.0,69.08,71.96,64.94,,,260.0,280.0,,,0.0,,67.0,80.0,,,-9999.0,,,,,,-9999.0,,,,-9999.0,,,,,,
1999,8,18,,,,,,,,,,0.0,,,,,0.0,0.0,,32.0,32.0,,,,,,,0.0,,,,,,-9.0,,,,,,-9.0,,,,-9.0,,,,,,
1999,8,19,,,,,,,31.0,630.0,425.0,0.0,,,,,0.0,0.0,68.0,73.04,62.959999999999994,,,280.0,280.0,,,0.0,,67.0,80.0,,,999.0,,,,,,999.0,,,,999.0,,,,,,
1999,8,20,,,,,,,,,,0.0,,,,,0.0,0.0,,,,,,,,,,0.0,,,,,,,,,,,,-999.0,,,,,,,,,,
1999,8,21,,,,,,,,,,,,,,,,,,,,,,,,,,,,,,,,,,,,,,9.0,,,,,,,,,,
1999,8,22,,,,,,,25.0,1545.0,1533.0,0.0,,,,,0.0,0.0,64.94,69.98,60.08,,,190.0,200.0,,,0.0,,49.0,63.0,,,1.0,,,,,,1.0,,,,1.0,,,,,,
1999,8,23,,,,,,,,,,0.0,,,,,0.0,0.0,,,,,,,,,,0.0,,,,,,0.0,,,,,,0.0,,,,,,,,,,
1999,8,25,,,,,,,37.0,1229.0,1214.0,0.0,,,,,0.0,0.0,69.08,75.02,62.959999999999994,,,260.0,270.0,,,0.0,,72.0,80.0,,,1.0,,,,,,1.0,,,,1.0,,,,,,
1999,8,26,,,,,,,,,,0.0,,,,,0.0,0.0,,32.0,32.0,,,,,,,0.0,,,,,,,,,,,,,,,,,,,,,,
1999,8,27,,,,,,,40.0,217.0,220.0,0.0,,,,,0.0,0.0,69.08,75.02,62.959999999999994,,,280.0,270.0,,,0.0,,80.0,94.0,,,999.0,,,,,,999.0,,,,999.0,,,,,,
1999,8,28,,,,,,,,,,0.0,,,,,0.0,0.0,,,,,,,,,,0.0,,,,,,-999.0,,,,,,-999.0,,,,-999.0,,,,,,
1999,8,29,,,,,,,,,,,,,,,,,,,,,,,,,,,,,,,,9.0,,,,,,9.0,,,,9.0,,,,,,
1999,8,30,,,,,,,28.0,1252.0,1414.0,0.0,,,,,0.0,0.0,66.02,69.98,62.059999999999995,,,260.0,270.0,,,0.0,,63.0,76.0,,,1.0,,,,,,1.0,,,,1.0,,,,,,
1999,8,31,,,,,,,,,,0.0,,,,,0.0,0.0,,,,,,,,,,0.0,,,,,,0.0,,,,,,0.0,,,,,,,,,,
1999,9,1,,,,,,,40.0,1224.0,1317.0,0.0,,,,,0.0,0.0,64.94,68.0,62.059999999999995,,,210.0,210.0,,,0.0,,67.0,80.0,,,-9999.0,-9999.0,,,,,-9999.0,,,,-9999.0,,-9999.0,,,,
1999,9,2,,,,,,,,,,0.0,,,,,0.0,0.0,,32.0,32.0,,,,,,,0.0,,,,,,-9.0,-9.0,,,,,-9.0,,,,-9.0,,-9.0,,,,
1999,9,3,,,,,,,33.0,423.0,440.0,0.0,,,,,0.0,0.0,64.94,68.0,62.059999999999995,,,220.0,230.0,,,0.0,,63.0,76.0,,,999.0,999.0,,,,,999.0,,,,999.0,,999.0,,,,
1999,9,4,,,,,,,,,,0.0,,,,,0.0,0.0,,,,,,,,,,0.0,,,,,,-999.0,-999.0,,,,,-999.0,,,,-999.0,,-999.0,,,,
1999,9,6,,,,,,,34.0,1543.0,1542.0,0.0,,,,,0.0,0.0,66.92,69.98,64.04,,,260.0,270.0,,,0.0,,67.0,76.0,,,9999.0,9999.0,,,,,9999.0,,,,9999.0,,9999.0,,,,
1999,9,7,,,,,,,,,,0.0,,,,,0.0,0.0,,,,,,,,,,0.0,,,,,,-99.0,-99.0,,,,,,,,,-99.0,,-99.0,,,,
1999,9,8,,,,,,,,,,,,,,,,,,,,,,,,,,,,,,,,99.0,99.0,,,,,,,,,99.0,,99.0,,,,
1999,9,9,,,,,,,37.0,1424.0,1423.0,0.0,,,,,0.0,0.0,68.0,71.06,64.04,,,270.0,260.0,,,0.0,,76.0,94.0,,,-9999.0,-9999.0,,,,,1.0,,,,-9999.0,,-9999.0,,,,
1999,9,10,,,,,,,,,,0.0,,,,,0.0,0.0,,32.0,32.0,,,,,,,0.0,,,,,,,-9.0,,,,,0.0,,,,,,-9.0,,,,
1999,9,11,,,,,,,37.0,156.0,220.0,0.0,,,,,0.0,0.0,66.92,71.06,62.959999999999994,,,270.0,280.0,,,0.0,,80.0,94.0,,,1.0,999.0,,,,,1.0,,,,1.0,,999.0,,,,
1999,9,12,,,,,,,,,,0.0,,,,,0.0,0.0,,,,,,,,,,0.0,,,,,,0.0,-999.0,,,,,0.0,,,,,,-999.0,,,,
1999,9,13,,,,,,,,,,,,,,,,,,,,,,,,,,,,,,,,,,,,,,,,,,,,9.0,,,,
1999,9,14,,,,,,,40.0,1032.0,1309.0,,,,,,0.0,0.0,69.98,73.04,66.02,,,280.0,280.0,,,0.0,,76.0,89.0,,,9999.0,9999.0,,,,,9999.0,,,,9999.0,,1.0,,,,
1999,9,15,,,,,,,,,,0.0,,,,,0.0,0.0,,,,,,,,,,0.0,,,,,,-99.0,-99.0,,,,,-99.0,,,,-99.0,,,,,,
1999,9,16,,,,,,,,,,,,,,,,,,,,,,,,,,,,,,,,99.0,99.0,,,,,99.0,,,,99.0,,99.0,,,,
1999,9,17,,,,,,,40.0,1242.0,1242.0,0.0,,,,,0.0,0.0,66.92,71.06,62.059999999999995,,,270.0,280.0,,,0.0,,80.0,94.0,,,-9999.0,-9999.0,,,,,-9999.0,,,,-9999.0,,-9999.0,,,,
1999,9,18,,,,,,,,,,0.0,,,,,0.0,0.0,,32.0,32.0,,,,,,,0.0,,,,,,-9.0,-9.0,,,,,-9.0,,,,-9.0,,-9.0,,,,
1999,9,19,,,,,,,40.0,613.0,306.0,0.0,,,,,0.0,0.0,66.92,71.06,62.059999999999995,,,280.0,270.0,,,0.0,,76.0,98.0,,,999.0,999.0,,,,,999.0,,,,999.0,,999.0,,,,
1999,9,20,,,,,,,,,,0.0,,,,,0.0,0.0,,,,,,,,,,0.0,,,,,,,-999.0,,,,,,,,,,,-999.0,,,,
1999,9,22,,,,,,,26.0,1228.0,1203.0,0.0,,,,,0.0,0.0,66.02,69.08,62.059999999999995,,,250.0,260.0,,,0.0,,49.0,67.0,,,1.0,9999.0,,,,,1.0,,,,1.0,,9999.0,,,,
1999,9,23,,,,,,,,,,0.0,,,,,0.0,0.0,,,,,,,,,,0.0,,,,,,,-99.0,,,,,0.0,,,,,,-99.0,,,,
1999,9,24,,,,,,,,,,,,,,,,,,,,,,,,,,,,,,,,99.0,99.0,,,,,,,,,99.0,,99.0,,,,
1999,9,25,,,,,,,22.0,1329.0,1426.0,0.0,,,,,0.0,0.0,64.04,66.92,60.980000000000004,,,200.0,220.0,,,0.0,,58.0,67.0,,,-9999.0,-9999.0,,,,,1.0,,,,-9999.0,,-9999.0,,,,
1999,9,26,,,,,,,,,,0.0,,,,,0.0,0.0,,32.0,32.0,,,,,,,0.0,,,,,,,-9.0,,,,,0.0,,,,,,-9.0,,,,
1999,9,27,,,,,,,26.0,452.0,407.0,0.0,,,,,0.0,0.0,66.02,69.08,62.059999999999995,,,270.0,270.0,,,0.0,,63.0,72.0,,,1.0,999.0,,,,,1.0,,,,1.0,,999.0,,,,
1999,9,28,,,,,,,,,,0.0,,,,,0.0,0.0,,,,,,,,,,0.0,,,,,,,-999.0,,,,,0.0,,,,,,-999.0,,,,
1999,9,30,,,,,,,21.0,1141.0,1156.0,0.0,,,,,0.0,0.0,66.02,69.08,62.059999999999995,,,200.0,230.0,,,0.0,,58.0,80.0,,,9999.0,9999.0,,,,,9999.0,,,,9999.0,,9999.0,,,,
1999,9,31,,,,,,,,,,0.0,,,,,0.0,0.0,,,,,,,,,,0.0,,,,,,-99.0,-99.0,,,,,,,,,-99.0,,-99.0,,,,
1999,10,1,,,,,,,19.0,1610.0,1539.0,0.0,,,,,0.0,0.0,71.06,80.06,60.980000000000004,,,270.0,300.0,,,0.0,,45.0,58.0,,,1.0,1.0,,,,,1.0,,,,1.0,,,,,,
1999,10,2,,,,,,,,,,0.0,,,,,0.0,0.0,,32.0,32.0,,,,,,,0.0,,,,,,0.0,,,,,,0.0,,,,,,,,,,
1999,10,3,,,,,,,25.0,512.0,511.0,0.0,,,,,0.0,0.0,64.94,71.06,59.0,,,270.0,270.0,,,0.0,,58.0,67.0,,,1.0,1.0,,,,,1.0,,,,1.0,,,,,,
1999,10,4,,,,,,,,,,0.0,,,,,0.0,0.0,,,,,,,,,,0.0,,,,,,0.0,,,,,,0.0,,,,,,,,,,
1999,10,6,,,,,,,31.0,1325.0,1352.0,0.0,,,,,0.0,0.0,64.94,71.06,59.0,,,280.0,270.0,,,0.0,,72.0,80.0,,,1.0,9999.0,,,,,1.0,,,,1.0,,,,,,
1999,10,7,,,,,,,,,,0.0,,,,,0.0,0.0,,,,,,,,,,0.0,,,,,,0.0,-99.0,,,,,0.0,,,,,,,,,,
1999,10,8,,,,,,,,,,,,,,,,,,,,,,,,,,,,,,,,,99.0,,,,,,,,,,,,,,,
1999,10,9,,,,,,,31.0,1340.0,1457.0,0.0,,,,,0.0,0.0,66.92,69.98,62.959999999999994,,,260.0,270.0,,,0.0,,76.0,94.0,,,-9999.0,-9999.0,,,,,-9999.0,,,,-9999.0,,,,,,
1999,10,10,,,,,,,,,,0.0,,,,,0.0,0.0,,32.0,32.0,,,,,,,0.0,,,,,,-9.0,-9.0,,,,,-9.0,,,,-9.0,,,,,,
1999,10,11,,,,,,,24.0,321.0,326.0,0.0,,,,,0.0,0.0,69.98,78.98,60.08,,,270.0,280.0,,,0.0,,72.0,80.0,,,999.0,999.0,,,,,999.0,,,,999.0,,,,,,
1999,10,12,,,,,,,,,,0.0,,,,,0.0,0.0,,,,,,,,,,0.0,,,,,,-999.0,-999.0,,,,,-999.0,,,,-999.0,,,,,,
1999,10,14,,,,,,,16.0,1209.0,1209.0,0.0,,,,,0.0,0.0,75.92,89.06,62.059999999999995,,,300.0,300.0,,,0.0,,63.0,67.0,,,9999.0,9999.0,,,,,9999.0,,,,9999.0,,,,,,
1999,10,15,,,,,,,,,,0.0,,,,,0.0,0.0,,,,,,,,,,0.0,,,,,,-99.0,-99.0,,,,,-99.0,,,,-99.0,,,,,,
1999,10,16,,,,,,,,,,,,,,,,,,,,,,,,,,,,,,,,99.0,99.0,,,,,99.0,,,,99.0,,,,,,
1999,10,17,,,,,,,24.0,1625.0,1629.0,0.0,,,,,0.0,0.0,69.98,77.0,62.959999999999994,,,290.0,290.0,,,0.0,,63.0,72.0,,,1.0,-9999.0,,,,,1.0,,,,1.0,,,,,,
1999,10,18,,,,,,,,,,0.0,,,,,0.0,0.0,,32.0,32.0,,,,,,,0.0,,,,,,,-9.0,,,,,0.0,,,,,,,,,,
1999,10,19,,,,,,,23.0,356.0,356.0,0.0,,,,,0.0,0.0,71.96,82.94,60.980000000000004,,,290.0,290.0,,,0.0,,63.0,72.0,,,999.0,999.0,,,,,1.0,,,,999.0,,,,,,
1999,10,20,,,,,,,,,,0.0,,,,,0.0,0.0,,,,,,,,,,0.0,,,,,,,-999.0,,,,,,,,,,,,,,,
1999,10,21,,,,,,,,,,,,,,,,,,,,,,,,,,,,,,,,,,,,,,9.0,,,,,,,,,,
1999,10,22,,,,,,,18.0,1554.0,1539.0,0.0,,,,,0.0,0.0,66.92,73.94,60.08,,,160.0,180.0,,,0.0,,40.0,49.0,,,1.0,9999.0,,,,,1.0,,,,1.0,,,,,,
1999,10,23,,,,,,,,,,0.0,,,,,0.0,0.0,,,,,,,,,,0.0,,,,,,,-99.0,,,,,,,,,,,,,,,
1999,10,24,,,,,,,,,,,,,,,,,,,,,,,,,,,,,,,,99.0,99.0,,,,,99.0,,,,99.0,,,,,,
1999,10,25,,,,,,,24.0,1422.0,1256.0,0.0,,,,,0.0,0.0,64.94,69.98,60.08,,,280.0,250.0,,,0.0,,58.0,72.0,,,1.0,-9999.0,,,,,-9999.0,,,,1.0,,,,,,
1999,10,26,,,,,,,,,,0.0,,,,,0.0,0.0,,32.0,32.0,,,,,,,0.0,,,,,,0.0,-9.0,,,,,,,,,,,,,,,
1999,10,27,,,,,,,28.0,402.0,245.0,0.0,,,,,0.0,0.0,68.0,77.0,57.92,,,280.0,290.0,,,0.0,,76.0,89.0,,,1.0,999.0,,,,,1.0,,,,1.0,,,,,,
1999,10,28,,,,,,,,,,0.0,,,,,0.0,0.0,,,,,,,,,,0.0,,,,,,,-999.0,,,,,,,,,,,,,,,
1999,10,29,,,,,,,,,,,,,,,,,,,,,,,,,,,,,,,,9.0,9.0,,,,,,,,,9.0,,,,,,
1999,10,30,,,,,,,17.0,1339.0,1338.0,0.0,,,,,0.0,0.0,68.0,80.06,55.94,,,290.0,290.0,,,0.0,,67.0,76.0,,,1.0,1.0,,,,,9999.0,,,,1.0,,,,,,
1999,10,31,,,,,,,,,,0.0,,,,,0.0,0.0,,,,,,,,,,0.0,,,,,,0.0,,,,,,-99.0,,,,,,,,,,
1999,11,1,,,,,,,19.0,1744.0,1743.0,0.0,,,,,0.0,0.0,68.0,78.08,57.02,,,170.0,170.0,,,0.0,,45.0,49.0,,,1.0,1.0,,,,,-9999.0,,,,1.0,-9999.0,-9999.0,,,,
1999,11,2,,,,,,,,,,0.0,,,,,0.0,0.0,,32.0,32.0,,,,,,,0.0,,,,,,0.0,,,,,,,,,,,-9.0,-9.0,,,,
1999,11,3,,,,,,,21.0,305.0,304.0,0.0,,,,,0.0,0.0,60.980000000000004,68.0,53.06,,,280.0,280.0,,,0.0,,45.0,49.0,,,1.0,1.0,,,,,1.0,,,,1.0,999.0,999.0,,,,
1999,11,4,,,,,,,,,,0.0,,,,,0.0,0.0,,,,,,,,,,0.0,,,,,,0.0,,,,,,0.0,,,,,-999.0,-999.0,,,,
1999,11,6,,,,,,,21.0,9999.0,9999.0,0.0,,,,,0.0,0.0,1831.8200000000002,64.94,57.92,,,9999.0,9999.0,,,0.0,,9999.0,9999.0,,,1.0,9999.0,,,,,1.0,,,,1.0,9999.0,9999.0,,,,
1999,11,7,,,,,,,,15.0,15.0,0.0,,,,,0.0,0.0,32.18,,,,,2.0,2.0,,,0.0,,,,,,,-99.0,,,,,0.0,,,,,-99.0,-99.0,,,,
1999,11,8,,,,,,,,,,,,,,,,,,,,,,,,,,,,,,,,99.0,99.0,,,,,,,,,99.0,99.0,99.0,,,,
1999,11,9,,,,,,,14.0,1725.0,1559.0,0.0,,,,,0.0,0.0,60.980000000000004,64.94,55.94,,,300.0,260.0,,,0.0,,40.0,49.0,,,1.0,-9999.0,,,,,1.0,,,,1.0,-9999.0,-9999.0,,,,
1999,11,10,,,,,,,,,,0.0,,,,,0.0,0.0,,32.0,32.0,,,,,,,0.0,,,,,,,-9.0,,,,,0.0,,,,,-9.0,-9.0,,,,
1999,11,11,,,,,,,17.0,400.0,242.0,0.0,,,,,0.0,0.0,64.94,69.98,60.08,,,270.0,260.0,,,0.0,,58.0,72.0,,,999.0,999.0,,,,,1.0,,,,999.0,999.0,999.0,,,,
1999,11,12,,,,,,,,,,0.0,,,,,0.0,0.0,,,,,,,,,,0.0,,,,,,-999.0,-999.0,,,,,,,,,-999.0,-999.0,,,,,
1999,11,13,,,,,,,,,,,,,,,,,,,,,,,,,,,,,,,,,,,,,,9.0,,,,,,,,,,
1999,11,14,,,,,,,28.0,1208.0,1211.0,0.0,,,,,0.0,0.0,62.059999999999995,69.08,55.04,,,270.0,280.0,,,0.0,,80.0,94.0,,,9999.0,9999.0,,,,,1.0,,,,9999.0,9999.0,9999.0,,,,
1999,11,15,,,,,,,,,,0.0,,,,,0.0,0.0,,,,,,,,,,0.0,,,,,,,-99.0,,,,,0.0,,,,,-99.0,-99.0,,,,
1999,11,16,,,,,,,,,,,,,,,,,,,,,,,,,,,,,,,,,99.0,,,,,,,,,,99.0,99.0,,,,
1999,11,17,,,,,,,19.0,1254.0,1310.0,0.0,,,,,0.0,0.0,62.059999999999995,69.98,53.06,,,280.0,270.0,,,0.0,,63.0,67.0,,,1.0,-9999.0,,,,,1.0,,,,1.0,-9999.0,-9999.0,,,,
1999,11,18,,,,,,,,,,0.0,,,,,0.0,0.0,,32.0,32.0,,,,,,,0.0,,,,,,0.0,-9.0,,,,,0.0,,,,,-9.0,-9.0,,,,
1999,11,19,,,,,,,21.0,453.0,453.0,0.0,,,,,0.0,0.0,62.959999999999994,71.06,53.96,,,280.0,280.0,,,0.0,,72.0,80.0,,,1.0,999.0,,,,,1.0,,,,1.0,999.0,999.0,,,,
1999,11,20,,,,,,,,,,0.0,,,,,0.0,0.0,,,,,,,,,,0.0,,,,,,0.0,,,,,,0.0,,,,,-999.0,-999.0,,,,
1999,11,22,,,,,,,20.0,1419.0,1417.0,0.0,,,,,0.0,0.0,60.08,64.04,55.94,,,270.0,270.0,,,0.0,,63.0,76.0,,,1.0,9999.0,,,,,1.0,,,,1.0,9999.0,9999.0,,,,
1999,11,23,,,,,,,,,,0.0,,,,,0.0,0.0,,,,,,,,,,0.0,,,,,,0.0,-99.0,,,,,0.0,,,,,-99.0,-99.0,,,,
1999,11,24,,,,,,,,,,,,,,,,,,,,,,,,,,,,,,,,,99.0,,,,,,,,,,99.0,99.0,,,,
1999,11,25,,,,,,,25.0,1416.0,1214.0,10.0,,,,,0.0,0.0,60.980000000000004,66.02,55.94,,,290.0,280.0,,,0.0,,72.0,89.0,,,1.0,-9999.0,,,,,1.0,,,,1.0,1.0,1.0,,,,
1999,11,26,,,,,,,,,,0.0,,,,,0.0,0.0,,32.0,32.0,,,,,,,0.0,,,,,,0.0,-9.0,,,,,,,,,,,0.0,,,,
1999,11,27,,,,,,,24.0,108.0,103.0,,,,,,0.0,0.0,60.980000000000004,64.04,57.02,,,280.0,280.0,,,0.0,,67.0,80.0,,,1.0,999.0,,,,,999.0,,,,1.0,999.0,1.0,,,,
1999,11,28,,,,,,,,,,0.0,,,,,0.0,0.0,,,,,,,,,,0.0,,,,,,,-999.0,,,,,-999.0,,,,,-999.0,,,,,
1999,11,29,,,,,,,,,,,,,,,,,,,,,,,,,,,,,,,,,,,,,,9.0,,,,,,,,,,
1999,11,30,,,,,,,15.0,1516.0,1518.0,0.0,,,,,0.0,0.0,57.92,64.94,51.08,,,280.0,280.0,,,0.0,,63.0,72.0,,,9999.0,9999.0,,,,,1.0,,,,9999.0,9999.0,9999.0,,,,
1999,11,31,,,,,,,,,,0.0,,,,,0.0,0.0,,,,,,,,,,0.0,,,,,,,-99.0,,,,,0.0,,,,,-99.0,-99.0,,,,
1999,12,1,,,,,,,21.0,1414.0,1411.0,0.0,,,,,0.0,0.0,59.0,62.959999999999994,53.96,,,260.0,270.0,,,0.0,,49.0,67.0,,,1.0,-9999.0,,,,,1.0,,,,1.0,,-9999.0,,,,
1999,12,2,,,,,,,,,,0.0,,,,,0.0,0.0,,32.0,32.0,,,,,,,0.0,,,,,,0.0,-9.0,,,,,0.0,,,,,,-9.0,,,,
1999,12,3,,,,,,,19.0,344.0,239.0,0.0,,,,,0.0,0.0,57.92,66.02,50.0,,,270.0,270.0,,,0.0,,58.0,72.0,,,1.0,999.0,,,,,1.0,,,,1.0,,999.0,,,,
1999,12,4,,,,,,,,,,0.0,,,,,0.0,0.0,,,,,,,,,,0.0,,,,,,0.0,-999.0,,,,,0.0,,,,,,-999.0,,,,
1999,12,6,,,,,,,21.0,1221.0,1516.0,0.0,,,,,0.0,0.0,55.94,66.02,44.96,,,280.0,300.0,,,0.0,,63.0,67.0,,,9999.0,9999.0,,,,,9999.0,,,,9999.0,,9999.0,,,,
1999,12,7,,,,,,,,,,0.0,,,,,0.0,0.0,,,32.0,,,,,,,0.0,,,,,,-99.0,-99.0,,,,,-99.0,,,,-99.0,,-99.0,,,,
1999,12,8,,,,,,,,,,,,,,,,,,,,,,,,,,,,,,,,99.0,99.0,,,,,99.0,,,,99.0,,99.0,,,,
1999,12,9,,,,,,,12.0,1520.0,1332.0,0.0,,,,,0.0,0.0,55.04,64.04,44.96,,,270.0,280.0,,,0.0,,49.0,63.0,,,-9999.0,-9999.0,,,,,-9999.0,,,,-9999.0,,-9999.0,,,,
1999,12,10,,,,,,,,,,0.0,,,,,0.0,0.0,,32.0,32.0,,,,,,,0.0,,,,,,,-9.0,,,,,,,,,,,-9.0,,,,
1999,12,11,,,,,,,17.0,36.0,545.0,0.0,,,,,0.0,0.0,53.96,62.059999999999995,46.04,,,150.0,240.0,,,0.0,,49.0,58.0,,,1.0,999.0,,,,,1.0,,,,1.0,,999.0,,,,
1999,12,12,,,,,,,,,,0.0,,,,,0.0,0.0,,,,,,,,,,0.0,,,,,,,-999.0,,,,,0.0,,,,,,-999.0,,,,
1999,12,14,,,,,,,14.0,1444.0,1435.0,0.0,,,,,0.0,0.0,55.04,62.959999999999994,46.94,,,200.0,200.0,,,0.0,,45.0,58.0,,,9999.0,9999.0,,,,,9999.0,,,,9999.0,,9999.0,,,,
1999,12,15,,,,,,,,,,0.0,,,,,,,,,,,,,,,,0.0,,,,,,,-99.0,,,,,-99.0,,,,,,,,,,
1999,12,16,,,,,,,,,,,,,,,,,,,,,,,,,,,,,,,,,99.0,,,,,99.0,,,,,,,,,,
1999,12,17,,,,,,,17.0,1535.0,1534.0,0.0,,,,,0.0,0.0,55.04,66.02,44.06,,,310.0,310.0,,,0.0,,58.0,67.0,,,-9999.0,-9999.0,,,,,-9999.0,,,,-9999.0,,-9999.0,,,,
1999,12,18,,,,,,,,,,0.0,,,,,0.0,0.0,,32.0,32.0,,,,,,,0.0,,,,,,-9.0,-9.0,,,,,-9.0,,,,-9.0,,-9.0,,,,
1999,12,19,,,,,,,9.0,415.0,415.0,0.0,,,,,0.0,0.0,55.04,64.94,44.06,,,160.0,160.0,,,0.0,,40.0,45.0,,,999.0,999.0,,,,,999.0,,,,999.0,,999.0,,,,
1999,12,20,,,,,,,,,,0.0,,,,,0.0,0.0,,,,,,,,,,0.0,,,,,,-999.0,-999.0,,,,,-999.0,,,,-999.0,,-999.0,,,,
1999,12,21,,,,,,,,,,,,,,,,,,,,,,,,,,,,,,,,,,,,,,9.0,,,,,,,,,,
1999,12,22,,,,,,,17.0,1405.0,1407.0,0.0,,,,,0.0,0.0,55.94,64.94,46.94,,,300.0,290.0,,,0.0,,49.0,63.0,,,9999.0,9999.0,,,,,1.0,,,,9999.0,,9999.0,,,,
1999,12,23,,,,,,,,,,0.0,,,,,,,,,32.0,,,,,,,0.0,,,,,,-99.0,-99.0,,,,,,,,,-99.0,,-99.0,,,,
1999,12,24,,,,,,,,,,,,,,,,,,,,,,,,,,,,,,,,99.0,99.0,,,,,99.0,,,,99.0,,99.0,,,,
1999,12,25,,,,,,,15.0,1343.0,1409.0,0.0,,,,,0.0,0.0,60.08,71.96,48.02,,,280.0,290.0,,,0.0,,58.0,63.0,,,-9999.0,-9999.0,,,,,-9999.0,,,,-9999.0,,-9999.0,,,,
1999,12,26,,,,,,,,,,0.0,,,,,0.0,0.0,,32.0,32.0,,,,,,,0.0,,,,,,-9.0,-9.0,,,,,-9.0,,,,-9.0,,-9.0,,,,
1999,12,27,,,,,,,12.0,516.0,521.0,0.0,,,,,0.0,0.0,60.980000000000004,73.04,48.02,,,280.0,290.0,,,0.0,,45.0,58.0,,,999.0,999.0,,,,,999.0,,,,999.0,,999.0,,,,
1999,12,28,,,,,,,,,,0.0,,,,,0.0,0.0,,,,,,,,,,0.0,,,,,,,,,,,,-999.0,,,,,,-999.0,,,,
1999,12,30,,,,,,,19.0,1511.0,1536.0,0.0,,,,,0.0,0.0,60.08,73.04,46.04,,,310.0,310.0,,,0.0,,58.0,63.0,,,1.0,1.0,,,,,9999.0,,,,1.0,,9999.0,,,,
1999,12,31,,,,,,,,,,0.0,,,,,0.0,0.0,,,32.0,,,,,,,0.0,,,,,,,,,,,,-99.0,,,,,,-99.0,,,,
2000,1,1,,,,,,,29.0,1145.0,1144.0,8.0,,,,,0.0,0.0,55.04,59.0,51.08,,,270.0,270.0,,,0.0,,72.0,80.0,,,1.0,-9999.0,,,,,-9999.0,,,,1.0,,1.0,,,,
2000,1,2,,,,,,,,,,0.0,,,,,0.0,0.0,,32.0,32.0,,,,,,,0.0,,,,,,,-9.0,,,,,-9.0,,,,,,,,,,
2000,1,3,,,,,,,43.0,230.0,229.0,0.0,,,,,0.0,0.0,55.04,60.08,48.92,,,270.0,260.0,,,0.0,,94.0,112.0,,,999.0,999.0,,,,,999.0,,,,999.0,,999.0,,,,
2000,1,4,,,,,,,,,,0.0,,,,,0.0,0.0,,,,,,,,,,0.0,,,,,,-999.0,-999.0,,,,,-999.0,,,,-999.0,,-999.0,,,,
2000,1,6,,,,,,,21.0,1324.0,1324.0,0.0,,,,,0.0,0.0,55.94,66.92,44.96,,,330.0,330.0,,,0.0,,72.0,80.0,,,9999.0,9999.0,,,,,9999.0,,,,9999.0,,9999.0,,,,
2000,1,7,,,,,,,,,,0.0,,,,,0.0,0.0,,,32.0,,,,,,,0.0,,,,,,,-99.0,,,,,,,,,,,-99.0,,,,
2000,1,8,,,,,,,,,,,,,,,,,,,,,,,,,,,,,,,,,99.0,,,,,,,,,,,99.0,,,,
2000,1,9,,,,,,,13.0,1619.0,1619.0,0.0,,,,,0.0,0.0,55.94,68.0,42.980000000000004,,,320.0,320.0,,,0.0,,63.0,72.0,,,-9999.0,-9999.0,,,,,-9999.0,,,,-9999.0,,-9999.0,,,,
2000,1,10,,,,,,,,,,0.0,,,,,0.0,0.0,,32.0,32.0,,,,,,,0.0,,,,,,,-9.0,,,,,-9.0,,,,,,-9.0,,,,
2000,1,11,,,,,,,15.0,243.0,302.0,0.0,,,,,0.0,0.0,55.04,64.04,44.96,,,220.0,230.0,,,0.0,,45.0,49.0,,,1.0,999.0,,,,,999.0,,,,1.0,,999.0,,,,
2000,1,12,,,,,,,,,,0.0,,,,,0.0,0.0,,,,,,,,,,0.0,,,,,,0.0,-999.0,,,,,,,,,,,-999.0,,,,
2000,1,14,,,,,,,12.0,1607.0,1605.0,0.0,,,,,0.0,0.0,53.96,64.04,44.06,,,270.0,270.0,,,0.0,,45.0,58.0,,,1.0,9999.0,,,,,1.0,,,,1.0,,9999.0,,,,
2000,1,15,,,,,,,,,,0.0,,,,,0.0,0.0,,,32.0,,,,,,,0.0,,,,,,0.0,-99.0,,,,,0.0,,,,,,-99.0,,,,
2000,1,16,,,,,,,,,,,,,,,,,,,,,,,,,,,,,,,,,99.0,,,,,,,,,,,99.0,,,,
2000,1,17,,,,,,,21.0,1505.0,1537.0,0.0,,,,,0.0,0.0,53.06,59.0,46.04,,,280.0,280.0,,,0.0,,63.0,67.0,,,1.0,1.0,,,,,1.0,,,,1.0,,-9999.0,,,,
2000,1,18,,,,,,,,,,0.0,,,,,0.0,0.0,,32.0,32.0,,,,,,,0.0,,,,,,0.0,,,,,,0.0,,,,,,-9.0,,,,
2000,1,19,,,,,,,27.0,444.0,437.0,0.0,,,,,0.0,0.0,57.02,60.980000000000004,51.98,,,270.0,280.0,,,0.0,,63.0,72.0,,,1.0,999.0,,,,,1.0,,,,1.0,,999.0,,,,
2000,1,20,,,,,,,,,,0.0,,,,,0.0,0.0,,,,,,,,,,0.0,,,,,,0.0,,,,,,0.0,,,,,,-999.0,,,,
2000,1,22,,,,,,,17.0,1323.0,1314.0,0.0,,,,,0.0,0.0,64.94,77.0,51.98,,,280.0,310.0,,,0.0,,49.0,63.0,,,1.0,9999.0,,,,,1.0,,,,1.0,,9999.0,,,,
2000,1,23,,,,,,,,,,0.0,,,,,0.0,0.0,,,,,,,,,,0.0,,,,,,0.0,-99.0,,,,,0.0,,,,,,-99.0,,,,
2000,1,24,,,,,,,,,,,,,,,,,,,,,,,,,,,,,,,,,99.0,,,,,,,,,,,99.0,,,,
2000,1,25,,,,,,,11.0,1611.0,1334.0,8.0,,,,,0.0,0.0,60.980000000000004,68.0,53.06,,,30.0,40.0,,,0.0,,58.0,67.0,,,-9999.0,-9999.0,,,,,-9999.0,,,,-9999.0,,1.0,,,,
2000,1,26,,,,,,,,,,0.0,,,,,0.0,0.0,,32.0,32.0,,,,,,,0.0,,,,,,-9.0,-9.0,,,,,-9.0,,,,-9.0,,0.0,,,,
2000,1,27,,,,,,,31.0,534.0,534.0,,,,,,0.0,0.0,68.0,77.0,59.0,,,330.0,330.0,,,0.0,,80.0,103.0,,,999.0,999.0,,,,,999.0,,,,999.0,,1.0,,,,
2000,1,28,,,,,,,,,,0.0,,,,,0.0,0.0,,,,,,,,,,0.0,,,,,,-999.0,-999.0,,,,,-999.0,,,,-999.0,,,,,,
2000,1,30,,,,,,,22.0,1618.0,1618.0,0.0,,,,,0.0,0.0,64.94,73.94,55.94,,,290.0,280.0,,,0.0,,72.0,89.0,,,9999.0,9999.0,,,,,9999.0,,,,9999.0,,9999.0,,,,
2000,1,31,,,,,,,,,,0.0,,,,,0.0,0.0,,,,,,,,,,0.0,,,,,,-99.0,-99.0,,,,,-99.0,,,,-99.0,,-99.0,,,,
2000,2,1,,,,,,,21.0,1800.0,1741.0,0.0,,,,,0.0,0.0,60.980000000000004,71.96,48.92,,,360.0,360.0,,,0.0,,67.0,80.0,,,-9999.0,,-9999.0,,,,-9999.0,,,,-9999.0,,-9999.0,,,,
2000,2,2,,,,,,,,,,0.0,,,,,0.0,0.0,,32.0,32.0,,,,,,,0.0,,,,,,-9.0,,-9.0,,,,-9.0,,,,-9.0,,-9.0,,,,
2000,2,3,,,,,,,39.0,130.0,130.0,0.0,,,,,0.0,0.0,69.98,82.94,57.02,,,90.0,100.0,,,0.0,,80.0,103.0,,,999.0,,999.0,,,,999.0,,,,999.0,,999.0,,,,
2000,2,4,,,,,,,,,,0.0,,,,,0.0,0.0,,,,,,,,,,0.0,,,,,,-999.0,,-999.0,,,,-999.0,,,,-999.0,,-999.0,,,,
2000,2,6,,,,,,,24.0,1631.0,1604.0,0.0,,,,,0.0,0.0,57.92,64.04,51.98,,,200.0,200.0,,,0.0,,45.0,58.0,,,9999.0,,9999.0,,,,9999.0,,,,9999.0,,9999.0,,,,
2000,2,7,,,,,,,,,,0.0,,,,,0.0,0.0,,,,,,,,,,0.0,,,,,,,,-99.0,,,,-99.0,,,,,,,,,,
2000,2,8,,,,,,,,,,,,,,,,,,,,,,,,,,,,,,,,,,99.0,,,,99.0,,,,,,,,,,
2000,2,9,,,,,,,24.0,1520.0,1520.0,0.0,,,,,0.0,0.0,64.04,73.94,53.06,,,280.0,270.0,,,0.0,,89.0,103.0,,,1.0,,-9999.0,,,,1.0,,,,1.0,,-9999.0,,,,
2000,2,10,,,,,,,,,,0.0,,,,,0.0,0.0,,32.0,32.0,,,,,,,0.0,,,,,,0.0,,-9.0,,,,0.0,,,,,,-9.0,,,,
2000,2,11,,,,,,,18.0,310.0,408.0,0.0,,,,,0.0,0.0,62.059999999999995,73.94,50.0,,,270.0,300.0,,,0.0,,67.0,76.0,,,1.0,,999.0,,,,1.0,,,,1.0,,999.0,,,,
2000,2,12,,,,,,,,,,0.0,,,,,0.0,0.0,,,,,,,,,,0.0,,,,,,0.0,,-999.0,,,,0.0,,,,,,,,,,
2000,2,14,,,,,,,19.0,1125.0,1517.0,0.0,,,,,0.0,0.0,57.92,62.059999999999995,53.06,,,280.0,300.0,,,0.0,,63.0,67.0,,,1.0,,9999.0,,,,9999.0,,,,1.0,,9999.0,,,,
2000,2,15,,,,,,,,,,0.0,,,,,0.0,0.0,,,,,,,,,,0.0,,,,,,0.0,,-99.0,,,,-99.0,,,,,,,,,,
2000,2,16,,,,,,,,,,,,,,,,,,,,,,,,,,,,,,,,,,99.0,,,,99.0,,,,,,,,,,
2000,2,17,,,,,,,20.0,1338.0,1336.0,3.0,,,,,0.0,0.0,59.0,62.959999999999994,55.04,,,240.0,240.0,,,0.0,,63.0,72.0,,,-9999.0,,-9999.0,,,,-9999.0,,,,-9999.0,,1.0,,,,
2000,2,18,,,,,,,,,,0.0,,,,,0.0,0.0,,32.0,32.0,,,,,,,0.0,,,,,,,,-9.0,,,,-9.0,,,,,,0.0,,,,
2000,2,19,,,,,,,35.0,445.0,445.0,99.0,,,,,0.0,0.0,59.0,62.059999999999995,55.04,,,210.0,210.0,,,0.0,,94.0,107.0,,,1.0,,999.0,,,,999.0,,,,1.0,,1.0,,,,
2000,2,20,,,,,,,,,,,,,,,0.0,0.0,,,,,,,,,,0.0,,,,,,0.0,,-999.0,,,,-999.0,,,,,,0.0,,,,
2000,2,22,,,,,,,24.0,1642.0,1640.0,3.0,,,,,0.0,0.0,60.08,62.959999999999994,57.02,,,280.0,270.0,,,0.0,,45.0,58.0,,,1.0,,9999.0,,,,9999.0,,,,1.0,,1.0,,,,
2000,2,23,,,,,,,,,,0.0,,,,,0.0,0.0,,,,,,,,,,0.0,,,,,,0.0,,-99.0,,,,-99.0,,,,,,,,,,
2000,2,24,,,,,,,,,,,,,,,,,,,,,,,,,,,,,,,,,,99.0,,,,99.0,,,,,,99.0,,,,
2000,2,25,,,,,,,44.0,1609.0,1608.0,48.0,,,,,0.0,0.0,60.08,64.04,55.04,,,180.0,170.0,,,0.0,,94.0,112.0,,,1.0,,-9999.0,,,,-9999.0,,,,1.0,,1.0,,,,
2000,2,26,,,,,,,,,,0.0,,,,,0.0,0.0,,32.0,32.0,,,,,,,0.0,,,,,,,,-9.0,,,,-9.0,,,,,,0.0,,,,
2000,2,27,,,,,,,41.0,528.0,526.0,5.0,,,,,0.0,0.0,55.94,60.08,51.08,,,280.0,280.0,,,0.0,,80.0,98.0,,,999.0,,999.0,,,,999.0,,,,999.0,,1.0,,,,
2000,2,28,,,,,,,,,,0.0,,,,,0.0,0.0,,,,,,,,,,0.0,,,,,,-999.0,,-999.0,,,,-999.0,,,,-999.0,,,,,,
2000,2,30,,,,,,,18.0,1213.0,1201.0,0.0,,,,,0.0,0.0,64.94,77.0,51.98,,,180.0,190.0,,,0.0,,63.0,76.0,,,9999.0,,9999.0,,,,9999.0,,,,9999.0,,9999.0,,,,
2000,2,31,,,,,,,,,,,,,,,0.0,0.0,,,,,,,,,,0.0,,,,,,,,,,,,-99.0,,,,,,,,,,
2000,3,1,,,,,,,22.0,1428.0,1602.0,10.0,,,,,0.0,0.0,57.02,60.980000000000004,53.06,,,260.0,270.0,,,0.0,,63.0,67.0,,,1.0,,,,,,-9999.0,,,,1.0,,1.0,,,,
2000,3,2,,,,,,,,,,0.0,,,,,0.0,0.0,,32.0,32.0,,,,,,,0.0,,,,,,,,,,,,-9.0,,,,,,,,,,
2000,3,3,,,,,,,23.0,655.0,632.0,0.0,,,,,0.0,0.0,57.02,64.04,50.0,,,260.0,280.0,,,0.0,,72.0,89.0,,,999.0,,,,,,999.0,,,,999.0,,999.0,,,,
2000,3,4,,,,,,,,,,0.0,,,,,0.0,0.0,,,,,,,,,,0.0,,,,,,,,,,,,-999.0,,,,,,,,,,
2000,3,6,,,,,,,26.0,1455.0,1353.0,13.0,,,,,0.0,0.0,57.02,60.980000000000004,51.98,,,260.0,240.0,,,0.0,,67.0,94.0,,,9999.0,,,,,,9999.0,,,,9999.0,,1.0,,,,
2000,3,7,,,,,,,,,,,,,,,0.0,0.0,,,32.0,,,,,,,0.0,,,,,,,,,,,,-99.0,,,,,,0.0,,,,
2000,3,8,,,,,,,,,,,,,,,,,,,,,,,,,,,,,,,,,,,,,,99.0,,,,,,,,,,
2000,3,9,,,,,,,28.0,1413.0,1426.0,13.0,,,,,0.0,0.0,51.98,59.0,44.96,,,270.0,290.0,,,0.0,,72.0,76.0,,,-9999.0,,,,,,-9999.0,,,,-9999.0,,1.0,,,,
2000,3,10,,,,,,,,,,0.0,,,,,0.0,0.0,,32.0,32.0,,,,,,,0.0,,,,,,-9.0,,,,,,-9.0,,,,-9.0,,0.0,,,,
2000,3,11,,,,,,,38.0,122.0,21.0,13.0,,,,,0.0,0.0,53.96,57.92,50.0,,,170.0,170.0,,,0.0,,80.0,98.0,,,999.0,,,,,,999.0,,,,999.0,,1.0,,,,
2000,3,12,,,,,,,,,,,,,,,0.0,0.0,,,,,,,,,,0.0,,,,,,-999.0,,,,,,-999.0,,,,-999.0,,0.0,,,,
2000,3,14,,,,,,,25.0,1632.0,1513.0,0.0,,,,,0.0,0.0,53.96,60.980000000000004,46.94,,,280.0,270.0,,,0.0,,67.0,80.0,,,9999.0,,,,,,9999.0,,,,9999.0,,9999.0,,,,
2000,3,15,,,,,,,,,,0.0,,,,,0.0,0.0,,,32.0,,,,,,,0.0,,,,,,-99.0,,,,,,-99.0,,,,-99.0,,-99.0,,,,
2000,3,16,,,,,,,,,,,,,,,,,,,,,,,,,,,,,,,,99.0,,,,,,99.0,,,,99.0,,99.0,,,,
2000,3,17,,,,,,,24.0,1455.0,1454.0,0.0,,,,,0.0,0.0,62.059999999999995,73.04,51.08,,,280.0,280.0,,,0.0,,72.0,89.0,,,-9999.0,,,,,,-9999.0,,,,-9999.0,,-9999.0,,,,
2000,3,18,,,,,,,,,,0.0,,,,,0.0,0.0,,32.0,32.0,,,,,,,0.0,,,,,,,,,,,,,,,,,,-9.0,,,,
2000,3,19,,,,,,,22.0,322.0,334.0,0.0,,,,,0.0,0.0,57.92,64.04,51.98,,,130.0,150.0,,,0.0,,49.0,63.0,,,1.0,,,,,,1.0,,,,1.0,,999.0,,,,
2000,3,20,,,,,,,,,,0.0,,,,,0.0,0.0,,,,,,,,,,0.0,,,,,,0.0,,,,,,0.0,,,,,,-999.0,,,,
2000,3,22,,,,,,,25.0,1321.0,1320.0,0.0,,,,,0.0,0.0,60.980000000000004,68.0,53.06,,,280.0,280.0,,,0.0,,67.0,76.0,,,1.0,,,,,,1.0,,,,1.0,,9999.0,,,,
2000,3,23,,,,,,,,,,0.0,,,,,0.0,0.0,,,,,,,,,,0.0,,,,,,0.0,,,,,,0.0,,,,,,-99.0,,,,
2000,3,24,,,,,,,,,,,,,,,,,,,,,,,,,,,,,,,,,,,,,,,,,,,,99.0,,,,
2000,3,25,,,,,,,27.0,1138.0,1138.0,0.0,,,,,0.0,0.0,59.0,62.059999999999995,55.04,,,270.0,270.0,,,0.0,,76.0,80.0,,,1.0,,,,,,1.0,,,,1.0,,-9999.0,,,,
2000,3,26,,,,,,,,,,0.0,,,,,0.0,0.0,,32.0,32.0,,,,,,,0.0,,,,,,0.0,,,,,,0.0,,,,,,-9.0,,,,
2000,3,27,,,,,,,31.0,423.0,423.0,0.0,,,,,0.0,0.0,62.059999999999995,66.02,57.02,,,280.0,280.0,,,0.0,,80.0,98.0,,,1.0,,,,,,1.0,,,,1.0,,999.0,,,,
2000,3,28,,,,,,,,,,0.0,,,,,0.0,0.0,,,,,,,,,,0.0,,,,,,0.0,,,,,,0.0,,,,,,-999.0,,,,
2000,3,30,,,,,,,28.0,2334.0,2334.0,0.0,,,,,0.0,0.0,60.980000000000004,66.92,53.96,,,240.0,240.0,,,0.0,,58.0,67.0,,,1.0,,,,,,1.0,,,,1.0,,9999.0,,,,
2000,3,31,,,,,,,,,,0.0,,,,,0.0,0.0,,,,,,,,,,0.0,,,,,,0.0,,,,,,,,,,,,,,,,
2000,4,1,,,,,,,25.0,1607.0,1527.0,0.0,,,,,0.0,0.0,66.02,78.98,51.98,,,280.0,270.0,,,0.0,,76.0,98.0,,,-9999.0,,,,,,-9999.0,,,,-9999.0,,-9999.0,,,,
2000,4,2,,,,,,,,,,0.0,,,,,0.0,0.0,,32.0,32.0,,,,,,,0.0,,,,,,-9.0,,,,,,-9.0,,,,-9.0,,-9.0,,,,
2000,4,3,,,,,,,25.0,424.0,608.0,0.0,,,,,0.0,0.0,62.059999999999995,68.0,55.94,,,160.0,180.0,,,0.0,,58.0,63.0,,,999.0,,,,,,999.0,,,,999.0,,999.0,,,,
2000,4,4,,,,,,,,,,0.0,,,,,0.0,0.0,,,,,,,,,,0.0,,,,,,,,,,,,,,,,,,-999.0,,,,
2000,4,6,,,,,,,34.0,1518.0,1519.0,0.0,,,,,0.0,0.0,62.059999999999995,68.0,55.94,,,280.0,280.0,,,0.0,,94.0,103.0,,,1.0,,,,,,1.0,,,,1.0,,9999.0,,,,
2000,4,7,,,,,,,,,,0.0,,,,,0.0,0.0,,,,,,,,,,0.0,,,,,,0.0,,,,,,0.0,,,,,,-99.0,,,,
2000,4,8,,,,,,,,,,,,,,,,,,,,,,,,,,,,,,,,,,,,,,,,,,,,99.0,,,,
2000,4,9,,,,,,,26.0,1414.0,1605.0,0.0,,,,,0.0,0.0,60.08,62.959999999999994,55.94,,,230.0,300.0,,,0.0,,58.0,63.0,,,-9999.0,,,,,,-9999.0,,,,-9999.0,,-9999.0,,,,
2000,4,10,,,,,,,,,,0.0,,,,,0.0,0.0,,32.0,32.0,,,,,,,0.0,,,,,,,,,,,,,,,,,,-9.0,,,,
2000,4,11,,,,,,,32.0,602.0,531.0,0.0,,,,,0.0,0.0,62.959999999999994,66.92,57.92,,,280.0,290.0,,,0.0,,76.0,89.0,,,1.0,,,,,,1.0,,,,1.0,,999.0,,,,
2000,4,12,,,,,,,,,,0.0,,,,,0.0,0.0,,,,,,,,,,0.0,,,,,,0.0,,,,,,0.0,,,,,,-999.0,,,,
2000,4,14,,,,,,,25.0,1200.0,1420.0,0.0,,,,,0.0,0.0,62.059999999999995,66.02,57.92,,,300.0,300.0,,,0.0,,63.0,72.0,,,1.0,,,,,,9999.0,,,,1.0,,9999.0,,,,
2000,4,15,,,,,,,,,,0.0,,,,,0.0,0.0,,,,,,,,,,0.0,,,,,,,,,,,,-99.0,,,,,,-99.0,,,,
2000,4,16,,,,,,,,,,,,,,,,,,,,,,,,,,,,,,,,99.0,,,,,,99.0,,,,99.0,,99.0,,,,
2000,4,17,,,,,,,23.0,1657.0,1656.0,0.0,,,,,0.0,0.0,64.04,71.06,57.02,,,280.0,270.0,,,0.0,,58.0,67.0,,,1.0,,,,,,1.0,,,,1.0,,-9999.0,,,,
2000,4,18,,,,,,,,,,0.0,,,,,0.0,0.0,,32.0,32.0,,,,,,,0.0,,,,,,0.0,,,,,,0.0,,,,,,-9.0,,,,
2000,4,19,,,,,,,25.0,359.0,245.0,0.0,,,,,0.0,0.0,62.959999999999994,66.92,57.92,,,270.0,310.0,,,0.0,,58.0,76.0,,,1.0,,,,,,1.0,,,,1.0,,999.0,,,,
2000,4,20,,,,,,,,,,0.0,,,,,0.0,0.0,,,,,,,,,,0.0,,,,,,0.0,,,,,,0.0,,,,,,-999.0,,,,
2000,4,21,,,,,,,,,,,,,,,,,,,,,,,,,,,,,,,,,,,,,,,,,,,,9.0,,,,
2000,4,22,,,,,,,44.0,1408.0,1408.0,,,,,,0.0,0.0,62.959999999999994,66.02,59.0,,,250.0,260.0,,,0.0,,76.0,103.0,,,9999.0,,,,,,9999.0,,,,9999.0,,1.0,,,,
2000,4,23,,,,,,,,,,0.0,,,,,0.0,0.0,,,,,,,,,,0.0,,,,,,,,,,,,-99.0,,,,,,0.0,,,,
2000,4,24,,,,,,,,,,,,,,,,,,,,,,,,,,,,,,,,,,,,,,99.0,,,,,,,,,,
2000,4,25,,,,,,,33.0,1310.0,1545.0,0.0,,,,,0.0,0.0,60.980000000000004,64.94,55.94,,,220.0,190.0,,,0.0,,63.0,76.0,,,-9999.0,,,,,,-9999.0,,,,-9999.0,,-9999.0,,,,
2000,4,26,,,,,,,,,,0.0,,,,,0.0,0.0,,32.0,32.0,,,,,,,0.0,,,,,,,,,,,,-9.0,,,,,,,,,,
2000,4,27,,,,,,,46.0,435.0,433.0,104.0,,,,,0.0,0.0,60.08,64.94,55.04,,,150.0,150.0,,,0.0,,107.0,143.0,,,1.0,,,,,,999.0,,,,1.0,,1.0,,,,
2000,4,28,,,,,,,,,,,,,,,0.0,0.0,,,,,,,,,,0.0,,,,,,,,,,,,-999.0,,,,,,0.0,,,,
2000,4,30,,,,,,,35.0,1317.0,1234.0,0.0,,,,,0.0,0.0,60.08,64.94,53.96,,,280.0,290.0,,,0.0,,76.0,98.0,,,9999.0,,,,,,9999.0,,,,9999.0,,9999.0,,,,
2000,4,31,,,,,,,,,,0.0,,,,,0.0,0.0,,,,,,,,,,0.0,,,,,,-99.0,,,,,,-99.0,,,,-99.0,,-99.0,,,,
2000,5,1,,,,,,,27.0,1430.0,1429.0,0.0,,,,,0.0,0.0,68.0,75.92,59.0,,,270.0,280.0,,,0.0,,63.0,72.0,,,1.0,,,,,,-9999.0,,,,1.0,,-9999.0,,,,
2000,5,2,,,,,,,,,,0.0,,,,,0.0,0.0,,32.0,32.0,,,,,,,0.0,,,,,,0.0,,,,,,-9.0,,,,,,,,,,
2000,5,3,,,,,,,27.0,630.0,238.0,,,,,,0.0,0.0,68.0,75.02,60.980000000000004,,,270.0,260.0,,,0.0,,58.0,76.0,,,1.0,,,,,,999.0,,,,1.0,,1.0,,,,
2000,5,4,,,,,,,,,,0.0,,,,,0.0,0.0,,,,,,,,,,0.0,,,,,,0.0,,,,,,-999.0,,,,,,,,,,
2000,5,5,,,,,,,,,,,,,,,,,,,,,,,,,,,,,,,,,,,,,,9.0,,,,,,,,,,
2000,5,6,,,,,,,25.0,1207.0,1340.0,0.0,,,,,0.0,0.0,62.959999999999994,64.94,60.980000000000004,,,210.0,210.0,,,0.0,,49.0,58.0,,,1.0,,,,,,1.0,,,,1.0,,9999.0,,,,
2000,5,7,,,,,,,,,,0.0,,,,,0.0,0.0,,,,,,,,,,0.0,,,,,,0.0,,,,,,0.0,,,,,,-99.0,,,,
2000,5,8,,,,,,,,,,,,,,,,,,,,,,,,,,,,,,,,,,,,,,,,,,,,99.0,,,,
2000,5,9,,,,,,,21.0,1344.0,1421.0,0.0,,,,,0.0,0.0,64.04,66.92,60.980000000000004,,,260.0,240.0,,,0.0,,58.0,72.0,,,-9999.0,,,,,,-9999.0,,,,-9999.0,,-9999.0,,,,
2000,5,10,,,,,,,,,,0.0,,,,,0.0,0.0,,32.0,32.0,,,,,,,0.0,,,,,,-9.0,,,,,,-9.0,,,,-9.0,,-9.0,,,,
2000,5,11,,,,,,,35.0,533.0,531.0,0.0,,,,,0.0,0.0,64.94,69.08,60.08,,,280.0,280.0,,,0.0,,72.0,80.0,,,999.0,,,,,,999.0,,,,999.0,,999.0,,,,
2000,5,12,,,,,,,,,,0.0,,,,,0.0,0.0,,,,,,,,,,0.0,,,,,,-999.0,,,,,,-999.0,,,,-999.0,,,,,,
2000,5,14,,,,,,,28.0,1054.0,1054.0,0.0,,,,,0.0,0.0,66.02,69.98,60.980000000000004,,,250.0,260.0,,,0.0,,67.0,76.0,,,9999.0,,,,,,9999.0,,,,9999.0,,9999.0,,,,
2000,5,15,,,,,,,,,,0.0,,,,,0.0,0.0,,,,,,,,,,0.0,,,,,,-99.0,,,,,,-99.0,,,,-99.0,,-99.0,,,,
2000,5,16,,,,,,,,,,,,,,,,,,,,,,,,,,,,,,,,99.0,,,,,,99.0,,,,99.0,,99.0,,,,
2000,5,17,,,,,,,38.0,1640.0,1530.0,0.0,,,,,0.0,0.0,64.04,68.0,59.0,,,280.0,290.0,,,0.0,,80.0,103.0,,,-9999.0,,,,,,-9999.0,,,,-9999.0,,-9999.0,,,,
2000,5,18,,,,,,,,,,0.0,,,,,0.0,0.0,,32.0,32.0,,,,,,,0.0,,,,,,-9.0,,,,,,-9.0,,,,-9.0,,-9.0,,,,
2000,5,19,,,,,,,29.0,255.0,435.0,0.0,,,,,0.0,0.0,66.92,77.0,55.94,,,280.0,280.0,,,0.0,,89.0,98.0,,,999.0,,,,,,999.0,,,,999.0,,999.0,,,,
2000,5,20,,,,,,,,,,0.0,,,,,0.0,0.0,,,,,,,,,,0.0,,,,,,-999.0,,,,,,-999.0,,,,-999.0,,-999.0,,,,
2000,5,22,,,,,,,37.0,1355.0,1432.0,0.0,,,,,0.0,0.0,62.959999999999994,68.0,57.92,,,280.0,300.0,,,0.0,,76.0,89.0,,,9999.0,,,,,,9999.0,,,,9999.0,,9999.0,,,,
2000,5,23,,,,,,,,,,0.0,,,,,0.0,0.0,,,,,,,,,,0.0,,,,,,-99.0,,,,,,-99.0,,,,-99.0,,-99.0,,,,
2000,5,24,,,,,,,,,,,,,,,,,,,,,,,,,,,,,,,,99.0,,,,,,99.0,,,,99.0,,99.0,,,,
2000,5,25,,,,,,,48.0,1524.0,1424.0,0.0,,,,,0.0,0.0,62.959999999999994,66.02,59.0,,,260.0,290.0,,,0.0,,80.0,116.0,,,-9999.0,,,,,,-9999.0,,,,-9999.0,,-9999.0,,,,
2000,5,26,,,,,,,,,,0.0,,,,,0.0,0.0,,32.0,32.0,,,,,,,0.0,,,,,,-9.0,,,,,,-9.0,,,,-9.0,,-9.0,,,,
2000,5,27,,,,,,,30.0,234.0,420.0,0.0,,,,,0.0,0.0,62.059999999999995,66.92,57.02,,,220.0,230.0,,,0.0,,63.0,72.0,,,999.0,,,,,,999.0,,,,999.0,,999.0,,,,
2000,5,28,,,,,,,,,,0.0,,,,,0.0,0.0,,,,,,,,,,0.0,,,,,,-999.0,,,,,,-999.0,,,,-999.0,,-999.0,,,,
2000,5,29,,,,,,,,,,,,,,,,,,,,,,,,,,,,,,,,9.0,,,,,,9.0,,,,9.0,,,,,,
2000,5,30,,,,,,,26.0,1342.0,1335.0,0.0,,,,,0.0,0.0,66.92,71.96,60.980000000000004,,,280.0,280.0,,,0.0,,63.0,72.0,,,1.0,,,,,,1.0,,,,1.0,,9999.0,,,,
2000,5,31,,,,,,,,,,0.0,,,,,0.0,0.0,,,,,,,,,,0.0,,,,,,0.0,,,,,,0.0,,,,,,-99.0,,,,
2000,6,1,,,,,,,27.0,1214.0,1427.0,0.0,,,,,,,66.92,71.06,62.959999999999994,,,280.0,270.0,,,0.0,,58.0,67.0,,,-9999.0,,,,,,1.0,,,,-9999.0,,-9999.0,,,,
2000,6,2,,,,,,,,,,0.0,,,,,,,,32.0,32.0,,,,,,,0.0,,,,,,,,,,,,0.0,,,,,,-9.0,,,,
2000,6,3,,,,,,,30.0,538.0,528.0,0.0,,,,,,,66.92,71.06,62.959999999999994,,,280.0,280.0,,,0.0,,72.0,80.0,,,1.0,,,,,,1.0,,,,1.0,,999.0,,,,
2000,6,4,,,,,,,,,,0.0,,,,,,,,,,,,,,,,0.0,,,,,,0.0,,,,,,0.0,,,,,,-999.0,,,,
2000,6,6,,,,,,,38.0,1420.0,1425.0,0.0,,,,,,,68.0,73.04,62.059999999999995,,,270.0,280.0,,,0.0,,76.0,89.0,,,1.0,,,,,,1.0,,,,1.0,,9999.0,,,,
2000,6,7,,,,,,,,,,0.0,,,,,,,,,,,,,,,,0.0,,,,,,,,,,,,,,,,,,-99.0,,,,
2000,6,8,,,,,,,,99.0,99.0,,,,,,,,49.82,,,,,,,,,,,,,,,99.0,,,,,,99.0,,,,99.0,,99.0,,,,
2000,6,9,,,,,,,26.0,-9999.0,-9999.0,0.0,,,,,,,-1767.8200000000002,73.94,60.08,,,290.0,290.0,,,0.0,,54.0,54.0,,,-9999.0,,,,,,-9999.0,,,,-9999.0,,-9999.0,,,,
2000,6,10,,,,,,,,-9.0,-9.0,0.0,,,,,,,30.38,32.0,32.0,,,,,,,0.0,,,,,,-9.0,,,,,,-9.0,,,,-9.0,,-9.0,,,,
2000,6,11,,,,,,,31.0,999.0,999.0,0.0,,,,,,,211.82,71.96,62.959999999999994,,,310.0,310.0,,,0.0,,58.0,58.0,,,999.0,,,,,,999.0,,,,999.0,,999.0,,,,
2000,6,12,,,,,,,,-999.0,-999.0,0.0,,,,,,,-147.82,,,,,,,,,0.0,,,,,,-999.0,,,,,,-999.0,,,,-999.0,,-999.0,,,,
2000,6,14,,,,,,,28.0,9999.0,9999.0,0.0,,,,,,,1831.8200000000002,69.98,60.08,,,250.0,250.0,,,0.0,,58.0,58.0,,,9999.0,,,,,,9999.0,,,,9999.0,,9999.0,,,,
2000,6,15,,,,,,,,-99.0,-99.0,0.0,,,,,,,14.18,,,,,,,,,0.0,,,,,,-99.0,,,,,,-99.0,,,,-99.0,,-99.0,,,,
2000,6,16,,,,,,,,99.0,99.0,,,,,,,,49.82,,,,,,,,,,,,,,,99.0,,,,,,99.0,,,,99.0,,99.0,,,,
2000,6,17,,,,,,,27.0,-9999.0,-9999.0,0.0,,,,,,,-1767.8200000000002,69.98,62.959999999999994,,,210.0,210.0,,,0.0,,54.0,54.0,,,-9999.0,,,,,,-9999.0,,,,-9999.0,,-9999.0,,,,
2000,6,18,,,,,,,,1.0,1.0,0.0,,,,,,,,32.0,32.0,,,,,,,0.0,,,,,,,,,,,,,,,,,,-9.0,,,,
2000,6,19,,,,,,,24.0,240.0,451.0,0.0,,,,,,,69.08,71.96,64.94,,,200.0,250.0,,,0.0,,63.0,72.0,,,1.0,,,,,,1.0,,,,1.0,,999.0,,,,
2000,6,20,,,,,,,,,,0.0,,,,,,,,,,,,,,,,0.0,,,,,,0.0,,,,,,0.0,,,,,,-999.0,,,,
2000,6,22,,,,,,,25.0,1344.0,1344.0,0.0,,,,,,,64.94,66.92,62.959999999999994,,,180.0,200.0,,,0.0,,67.0,112.0,,,1.0,,,,,,1.0,,,,1.0,,9999.0,,,,
2000,6,23,,,,,,,,,,0.0,,,,,,,,,,,,,,,,0.0,,,,,,0.0,,,,,,0.0,,,,,,-99.0,,,,
2000,6,24,,,,,,,,,,,,,,,,,,,,,,,,,,,,,,,,,,,,,,,,,,,,99.0,,,,
2000,6,25,,,,,,,31.0,1344.0,1250.0,0.0,,,,,,,66.92,69.98,64.04,,,210.0,220.0,,,0.0,,63.0,76.0,,,-9999.0,,,,,,-9999.0,,,,-9999.0,,-9999.0,,,,
2000,6,26,,,,,,,,,,0.0,,,,,,,,32.0,32.0,,,,,,,0.0,,,,,,-9.0,,,,,,-9.0,,,,-9.0,,-9.0,,,,
2000,6,27,,,,,,,35.0,158.0,316.0,0.0,,,,,,,66.92,69.98,64.04,,,220.0,200.0,,,0.0,,67.0,76.0,,,999.0,,,,,,999.0,,,,999.0,,999.0,,,,
2000,6,28,,,,,,,,,,0.0,,,,,,,,,,,,,,,,0.0,,,,,,-999.0,,,,,,,,,,-999.0,,-999.0,,,,
2000,6,30,,,,,,,34.0,1332.0,1415.0,0.0,,,,,,,69.08,71.96,64.94,,,210.0,240.0,,,0.0,,63.0,76.0,,,9999.0,,,,,,9999.0,,,,9999.0,,9999.0,,,,
2000,6,31,,,,,,,,,,0.0,,,,,,,,,,,,,,,,0.0,,,,,,-99.0,,,,,,-99.0,,,,-99.0,,-99.0,,,,
2000,7,1,,,,,,,29.0,1636.0,1526.0,0.0,,,,,,,69.08,73.04,64.94,-9999.0,,290.0,290.0,,,0.0,,54.0,67.0,,,-9999.0,,,,,,-9999.0,,,,-9999.0,,,,,,
2000,7,2,,,,,,,,,,0.0,,,,,,,,32.0,32.0,-9.0,,,,,,0.0,,,,,,-9.0,,,,,,-9.0,,,,-9.0,,,,,,
2000,7,3,,,,,,,27.0,128.0,113.0,0.0,,,,,,,69.08,71.96,64.94,999.0,,260.0,260.0,,,0.0,,58.0,72.0,,,999.0,,,,,,999.0,,,,999.0,,,,,,
2000,7,4,,,,,,,,,,0.0,,,,,,,,,,-999.0,,,,,,0.0,,,,,,-999.0,,,,,,-999.0,,,,-999.0,,,,,,
2000,7,6,,,,,,,29.0,1327.0,1249.0,0.0,,,,,,,68.0,71.06,64.04,9999.0,,210.0,230.0,,,0.0,,63.0,72.0,,,9999.0,,,,,,9999.0,,,,9999.0,,,,,,
2000,7,7,,,,,,,,,,0.0,,,,,,,,,,-99.0,,,,,,0.0,,,,,,-99.0,,,,,,-99.0,,,,-99.0,,,,,,
2000,7,8,,,,,,,,,,,,,,,,,,,,99.0,,,,,,,,,,,,99.0,,,,,,99.0,,,,99.0,,,,,,
2000,7,9,,,,,,,27.0,1446.0,1538.0,0.0,,,,,,,68.0,73.04,62.059999999999995,-9999.0,,270.0,270.0,,,0.0,,63.0,76.0,,,-9999.0,,,,,,-9999.0,,,,-9999.0,,,,,,
2000,7,10,,,,,,,,,,0.0,,,,,,,,32.0,32.0,-9.0,,,,,,0.0,,,,,,-9.0,,,,,,-9.0,,,,-9.0,,,,,,
2000,7,11,,,,,,,29.0,421.0,420.0,0.0,,,,,,,68.0,71.96,64.04,999.0,,250.0,250.0,,,0.0,,67.0,76.0,,,999.0,,,,,,999.0,,,,999.0,,,,,,
2000,7,12,,,,,,,,,,0.0,,,,,,,,,,-999.0,,,,,,0.0,,,,,,-999.0,,,,,,-999.0,,,,-999.0,,,,,,
2000,7,14,,,,,,,25.0,1411.0,1411.0,0.0,,,,,,,68.0,71.06,64.04,9999.0,,250.0,260.0,,,0.0,,72.0,89.0,,,9999.0,,,,,,9999.0,,,,9999.0,,,,,,
2000,7,15,,,,,,,,,,0.0,,,,,,,,,,-99.0,,,,,,0.0,,,,,,-99.0,,,,,,-99.0,,,,-99.0,,,,,,
2000,7,16,,,,,,,,,,,,,,,,,,,,99.0,,,,,,,,,,,,99.0,,,,,,99.0,,,,99.0,,,,,,
2000,7,17,,,,,,,29.0,1507.0,1506.0,0.0,,,,,,,69.08,71.96,64.94,-9999.0,,270.0,270.0,,,0.0,,67.0,80.0,,,-9999.0,,,,,,-9999.0,,,,-9999.0,,,,,,
2000,7,18,,,,,,,,,,0.0,,,,,,,,32.0,32.0,-9.0,,,,,,0.0,,,,,,-9.0,,,,,,-9.0,,,,-9.0,,,,,,
2000,7,19,,,,,,,35.0,534.0,525.0,0.0,,,,,,,69.08,73.04,64.94,999.0,,280.0,260.0,,,0.0,,76.0,98.0,,,999.0,,,,,,999.0,,,,999.0,,,,,,
2000,7,20,,,,,,,,,,0.0,,,,,,,,,,,,,,,,0.0,,,,,,-999.0,,,,,,-999.0,,,,-999.0,,,,,,
2000,7,22,,,,,,,32.0,1405.0,1405.0,0.0,,,,,,,69.08,73.94,64.04,0.0,,270.0,280.0,,,0.0,,67.0,76.0,,,9999.0,,,,,,9999.0,,,,9999.0,,,,,,
2000,7,23,,,,,,,,,,0.0,,,,,,,,,,,,,,,,0.0,,,,,,-99.0,,,,,,-99.0,,,,-99.0,,,,,,
2000,7,24,,,,,,,,,,,,,,,,,,,,,,,,,,,,,,,,99.0,,,,,,99.0,,,,99.0,,,,,,
2000,7,25,,,,,,,31.0,1538.0,1225.0,0.0,,,,,,,68.0,71.96,64.04,-9999.0,,280.0,260.0,,,0.0,,67.0,89.0,,,-9999.0,,,,,,-9999.0,,,,-9999.0,,,,,,
2000,7,26,,,,,,,,,,0.0,,,,,,,,32.0,32.0,-9.0,,,,,,0.0,,,,,,-9.0,,,,,,-9.0,,,,-9.0,,,,,,
2000,7,27,,,,,,,41.0,353.0,352.0,0.0,,,,,,,69.08,73.94,64.04,999.0,,310.0,320.0,,,0.0,,80.0,94.0,,,999.0,,,,,,999.0,,,,999.0,,,,,,
2000,7,28,,,,,,,,,,0.0,,,,,,,,,,-999.0,,,,,,0.0,,,,,,-999.0,,,,,,-999.0,,,,-999.0,,,,,,
2000,7,29,,,,,,,,,,,,,,,,,,,,,,,,,,,,,,,,9.0,,,,,,9.0,,,,9.0,,,,,,
2000,7,30,,,,,,,27.0,1642.0,1217.0,0.0,,,,,,,71.96,78.98,64.94,9999.0,,300.0,280.0,,,0.0,,54.0,67.0,,,1.0,,,,,,1.0,,,,1.0,,,,,,
2000,7,31,,,,,,,,,,0.0,,,,,,,,,,-99.0,,,,,,0.0,,,,,,0.0,,,,,,0.0,,,,,,,,,,
2000,8,1,,,,,,,23.0,1539.0,1546.0,0.0,,,,,,,77.0,86.0,68.0,-9999.0,,290.0,290.0,,,0.0,,80.0,89.0,,,-9999.0,,-9999.0,,,,-9999.0,,,,-9999.0,-9999.0,-9999.0,,,,
2000,8,2,,,,,,,,,,0.0,,,,,,,,32.0,32.0,-9.0,,,,,,0.0,,,,,,-9.0,,,,,,,,,,-9.0,-9.0,,,,,
2000,8,3,,,,,,,26.0,441.0,442.0,,,,,,,,75.02,80.06,69.08,999.0,,320.0,310.0,,,0.0,,76.0,89.0,,,999.0,,1.0,,,,1.0,,,,999.0,999.0,1.0,,,,
2000,8,4,,,,,,,,,,0.0,,,,,,,,,,-999.0,,,,,,0.0,,,,,,,,,,,,0.0,,,,,-999.0,,,,,
2000,8,6,,,,,,,37.0,1049.0,1044.0,0.0,,,,,,,73.04,77.0,68.0,9999.0,,280.0,280.0,,,0.0,,76.0,94.0,,,9999.0,,9999.0,,,,9999.0,,,,9999.0,9999.0,9999.0,,,,
2000,8,7,,,,,,,,,,0.0,,,,,,,,,,-99.0,,,,,,0.0,,,,,,,,-99.0,,,,,,,,,-99.0,-99.0,,,,
2000,8,8,,,,,,,,,,,,,,,,,,,,99.0,,,,,,,,,,,,,,99.0,,,,,,,,,99.0,99.0,,,,
2000,8,9,,,,,,,27.0,1142.0,1101.0,0.0,,,,,,,69.08,71.96,64.94,0.0,,190.0,170.0,,,0.0,,54.0,63.0,,,1.0,,-9999.0,,,,1.0,,,,1.0,-9999.0,-9999.0,,,,
2000,8,10,,,,,,,,,,0.0,,,,,,,,32.0,32.0,,,,,,,0.0,,,,,,0.0,,-9.0,,,,0.0,,,,,-9.0,-9.0,,,,
2000,8,11,,,,,,,28.0,245.0,258.0,0.0,,,,,,,69.08,71.96,66.02,0.0,,170.0,170.0,,,0.0,,54.0,67.0,,,1.0,,999.0,,,,1.0,,,,1.0,999.0,999.0,,,,
2000,8,12,,,,,,,,,,0.0,,,,,,,,,,,,,,,,0.0,,,,,,,,-999.0,,,,0.0,,,,,-999.0,-999.0,,,,
2000,8,13,,,,,,,,,,,,,,,,,,,,,,,,,,,,,,,,9.0,,,,,,,,,,9.0,,,,,,
2000,8,14,,,,,,,38.0,1442.0,1402.0,0.0,,,,,,,73.04,78.08,66.92,9999.0,,280.0,280.0,,,0.0,,80.0,103.0,,,1.0,,9999.0,,,,1.0,,,,1.0,9999.0,9999.0,,,,
2000,8,15,,,,,,,,,,0.0,,,,,,,,,,-99.0,,,,,,0.0,,,,,,,,-99.0,,,,,,,,,-99.0,-99.0,,,,
2000,8,16,,,,,,,,,,,,,,,,,,,,99.0,,,,,,,,,,,,99.0,,99.0,,,,99.0,,,,99.0,99.0,99.0,,,,
2000,8,17,,,,,,,31.0,1312.0,1311.0,0.0,,,,,,,73.94,80.06,66.92,-9999.0,,280.0,280.0,,,0.0,,67.0,76.0,,,1.0,,-9999.0,,,,1.0,,,,1.0,-9999.0,-9999.0,,,,
2000,8,18,,,,,,,,,,0.0,,,,,,,,32.0,32.0,-9.0,,,,,,0.0,,,,,,0.0,,-9.0,,,,0.0,,,,,-9.0,-9.0,,,,
2000,8,19,,,,,,,22.0,29.0,207.0,0.0,,,,,,,73.04,78.98,66.92,999.0,,320.0,300.0,,,0.0,,58.0,63.0,,,1.0,,999.0,,,,1.0,,,,1.0,999.0,999.0,,,,
2000,8,20,,,,,,,,,,0.0,,,,,,,,,,-999.0,,,,,,0.0,,,,,,0.0,,-999.0,,,,0.0,,,,,-999.0,-999.0,,,,
2000,8,22,,,,,,,24.0,1227.0,1229.0,0.0,,,,,,,71.96,75.02,69.08,9999.0,,180.0,170.0,,,0.0,,58.0,67.0,,,1.0,,9999.0,,,,1.0,,,,1.0,9999.0,9999.0,,,,
2000,8,23,,,,,,,,,,0.0,,,,,,,,,,-99.0,,,,,,0.0,,,,,,0.0,,-99.0,,,,0.0,,,,,-99.0,-99.0,,,,
2000,8,24,,,,,,,,,,,,,,,,,,,,99.0,,,,,,,,,,,,,,99.0,,,,,,,,,99.0,99.0,,,,
2000,8,25,,,,,,,23.0,1527.0,1526.0,0.0,,,,,,,77.0,84.02,69.98,-9999.0,,300.0,310.0,,,0.0,,58.0,67.0,,,1.0,,-9999.0,,,,1.0,,,,1.0,-9999.0,-9999.0,,,,
2000,8,26,,,,,,,,,,0.0,,,,,,,,32.0,32.0,-9.0,,,,,,0.0,,,,,,0.0,,-9.0,,,,0.0,,,,,-9.0,-9.0,,,,
2000,8,27,,,,,,,27.0,110.0,139.0,0.0,,,,,,,73.94,77.0,69.98,999.0,,190.0,200.0,,,0.0,,63.0,72.0,,,1.0,,999.0,,,,1.0,,,,1.0,999.0,999.0,,,,
2000,8,28,,,,,,,,,,0.0,,,,,,,,,,-999.0,,,,,,0.0,,,,,,0.0,,-999.0,,,,0.0,,,,,-999.0,-999.0,,,,
2000,8,30,,,,,,,19.0,1622.0,1500.0,0.0,,,,,,,73.94,78.98,68.0,9999.0,,200.0,270.0,,,0.0,,54.0,76.0,,,1.0,,9999.0,,,,1.0,,,,1.0,9999.0,9999.0,,,,
2000,8,31,,,,,,,,,,0.0,,,,,,,,,,-99.0,,,,,,0.0,,,,,,,,-99.0,,,,0.0,,,,,-99.0,-99.0,,,,
2000,9,1,,,,,,,34.0,1523.0,1516.0,0.0,,,,,,,69.98,75.02,64.04,-9999.0,,290.0,270.0,,,0.0,,72.0,89.0,,,-9999.0,,-9999.0,,,,-9999.0,,,,-9999.0,,-9999.0,,,,
2000,9,2,,,,,,,,,,0.0,,,,,,,,32.0,32.0,,,,,,,0.0,,,,,,-9.0,,-9.0,,,,-9.0,,,,-9.0,,-9.0,,,,
2000,9,3,,,,,,,39.0,546.0,524.0,0.0,,,,,,,69.98,75.02,64.04,0.0,,280.0,290.0,,,0.0,,72.0,89.0,,,999.0,,999.0,,,,999.0,,,,999.0,,999.0,,,,
2000,9,4,,,,,,,,,,0.0,,,,,,,,,,,,,,,,0.0,,,,,,-999.0,,-999.0,,,,-999.0,,,,-999.0,,-999.0,,,,
2000,9,6,,,,,,,25.0,1438.0,1217.0,0.0,,,,,,,68.0,73.94,62.059999999999995,9999.0,,310.0,290.0,,,0.0,,58.0,72.0,,,9999.0,,9999.0,,,,9999.0,,,,9999.0,,9999.0,,,,
2000,9,7,,,,,,,,,,0.0,,,,,,,,,,,,,,,,0.0,,,,,,-99.0,,-99.0,,,,-99.0,,,,-99.0,,-99.0,,,,
2000,9,8,,,,,,,,,,,,,,,,,,,,,,,,,,,,,,,,99.0,,99.0,,,,99.0,,,,99.0,,99.0,,,,
2000,9,9,,,,,,,27.0,1311.0,1400.0,0.0,,,,,,,71.06,78.08,64.04,-9999.0,,270.0,270.0,,,0.0,,63.0,72.0,,,1.0,,-9999.0,,,,-9999.0,,,,1.0,,-9999.0,,,,
2000,9,10,,,,,,,,,,0.0,,,,,,,,32.0,32.0,-9.0,,,,,,0.0,,,,,,,,,,,,-9.0,,,,,,,,,,
2000,9,11,,,,,,,30.0,403.0,406.0,,,,,,,,73.04,80.06,66.02,999.0,,290.0,280.0,,,0.0,,76.0,89.0,,,999.0,,1.0,,,,999.0,,,,999.0,,1.0,,,,
2000,9,12,,,,,,,,,,0.0,,,,,,,,,,-999.0,,,,,,0.0,,,,,,-999.0,,,,,,,,,,-999.0,,,,,,
2000,9,13,,,,,,,,,,,,,,,,,,,,,,,,,,,,,,,,9.0,,,,,,,,,,9.0,,,,,,
2000,9,14,,,,,,,25.0,1431.0,1407.0,0.0,,,,,,,68.0,73.94,60.980000000000004,9999.0,,310.0,280.0,,,0.0,,63.0,72.0,,,1.0,,9999.0,,,,1.0,,,,1.0,,9999.0,,,,
2000,9,15,,,,,,,,,,0.0,,,,,,,,,,-99.0,,,,,,0.0,,,,,,0.0,,-99.0,,,,0.0,,,,,,-99.0,,,,
2000,9,16,,,,,,,,,,,,,,,,,,,,99.0,,,,,,,,,,,,,,99.0,,,,,,,,,,99.0,,,,
2000,9,17,,,,,,,27.0,1428.0,1425.0,0.0,,,,,,,73.04,82.04,62.959999999999994,-9999.0,,290.0,290.0,,,0.0,,72.0,89.0,,,-9999.0,,-9999.0,,,,1.0,,,,-9999.0,,-9999.0,,,,
2000,9,18,,,,,,,,,,0.0,,,,,,,,32.0,32.0,-9.0,,,,,,0.0,,,,,,-9.0,,-9.0,,,,,,,,-9.0,,-9.0,,,,
2000,9,19,,,,,,,20.0,33.0,20.0,0.0,,,,,,,78.98,87.98,69.08,999.0,,160.0,170.0,,,0.0,,54.0,63.0,,,999.0,,999.0,,,,999.0,,,,999.0,,999.0,,,,
2000,9,20,,,,,,,,,,0.0,,,,,,,,,,-999.0,,,,,,0.0,,,,,,-999.0,,-999.0,,,,,,,,-999.0,,-999.0,,,,
2000,9,22,,,,,,,38.0,1218.0,1317.0,0.0,,,,,,,73.04,77.0,69.08,9999.0,,280.0,290.0,,,0.0,,80.0,94.0,,,9999.0,,9999.0,,,,9999.0,,,,9999.0,,9999.0,,,,
2000,9,23,,,,,,,,,,0.0,,,,,,,,,,-99.0,,,,,,0.0,,,,,,,,-99.0,,,,,,,,,,-99.0,,,,
2000,9,24,,,,,,,,,,,,,,,,,,,,99.0,,,,,,,,,,,,,,99.0,,,,,,,,,,99.0,,,,
2000,9,25,,,,,,,22.0,1225.0,1345.0,0.0,,,,,,,73.04,80.06,66.02,-9999.0,,290.0,290.0,,,0.0,,63.0,67.0,,,1.0,,-9999.0,,,,1.0,,,,1.0,,-9999.0,,,,
2000,9,26,,,,,,,,,,0.0,,,,,,,,32.0,32.0,-9.0,,,,,,0.0,,,,,,0.0,,-9.0,,,,0.0,,,,,,-9.0,,,,
2000,9,27,,,,,,,25.0,420.0,357.0,0.0,,,,,,,73.04,78.98,66.02,999.0,,170.0,160.0,,,0.0,,58.0,67.0,,,1.0,,999.0,,,,1.0,,,,1.0,,999.0,,,,
2000,9,28,,,,,,,,,,0.0,,,,,,,,,,-999.0,,,,,,0.0,,,,,,0.0,,-999.0,,,,0.0,,,,,,-999.0,,,,
2000,9,30,,,,,,,26.0,2129.0,2306.0,0.0,,,,,,,71.06,75.02,66.92,9999.0,,180.0,160.0,,,0.0,,58.0,67.0,,,1.0,,9999.0,,,,1.0,,,,1.0,,9999.0,,,,
2000,9,31,,,,,,,,,,0.0,,,,,,,,,,,,,,,,0.0,,,,,,,,-99.0,,,,0.0,,,,,,-99.0,,,,
2000,10,1,,,,,,,26.0,1318.0,1409.0,0.0,,,,,,,69.08,73.04,64.04,0.0,,270.0,280.0,,,0.0,,67.0,76.0,,,1.0,-9999.0,,,,,1.0,,,,1.0,,-9999.0,,,,
2000,10,2,,,,,,,,,,0.0,,,,,,,,32.0,32.0,,,,,,,0.0,,,,,,0.0,-9.0,,,,,0.0,,,,,,-9.0,,,,
2000,10,3,,,,,,,31.0,434.0,157.0,0.0,,,,,,,69.98,73.04,66.92,0.0,,260.0,280.0,,,0.0,,67.0,80.0,,,1.0,999.0,,,,,1.0,,,,1.0,,999.0,,,,
2000,10,4,,,,,,,,,,0.0,,,,,,,,,,,,,,,,0.0,,,,,,,-999.0,,,,,,,,,,,-999.0,,,,
2000,10,6,,,,,,,25.0,1354.0,1324.0,0.0,,,,,,,68.0,73.04,62.959999999999994,0.0,,310.0,290.0,,,0.0,,54.0,67.0,,,9999.0,9999.0,,,,,9999.0,,,,9999.0,,9999.0,,,,
2000,10,7,,,,,,,,,,0.0,,,,,,,,,,,,,,,,0.0,,,,,,,-99.0,,,,,-99.0,,,,,,,,,,
2000,10,8,,,,,,,,,,,,,,,,,,,,,,,,,,,,,,,,,99.0,,,,,99.0,,,,,,,,,,
2000,10,9,,,,,,,31.0,1213.0,1356.0,15.0,,,,,,,66.92,69.08,64.04,-9999.0,,290.0,310.0,,,0.0,,63.0,72.0,,,1.0,-9999.0,,,,,-9999.0,,,,1.0,,1.0,,,,
2000,10,10,,,,,,,,,,0.0,,,,,,,,32.0,32.0,,,,,,,0.0,,,,,,,-9.0,,,,,-9.0,,,,,,0.0,,,,
2000,10,11,,,,,,,36.0,323.0,315.0,3.0,,,,,,,69.08,71.96,64.94,0.0,,290.0,310.0,,,0.0,,80.0,98.0,,,999.0,999.0,,,,,999.0,,,,999.0,,1.0,,,,
2000,10,12,,,,,,,,,,0.0,,,,,,,,,,,,,,,,0.0,,,,,,-999.0,-999.0,,,,,-999.0,,,,-999.0,,,,,,
2000,10,13,,,,,,,,,,,,,,,,,,,,,,,,,,,,,,,,9.0,,,,,,9.0,,,,9.0,,,,,,
2000,10,14,,,,,,,25.0,1342.0,1341.0,0.0,,,,,,,68.0,71.06,64.94,0.0,,220.0,220.0,,,0.0,,63.0,72.0,,,1.0,9999.0,,,,,1.0,,,,1.0,,9999.0,,,,
2000,10,15,,,,,,,,,,0.0,,,,,,,,,,,,,,,,0.0,,,,,,,-99.0,,,,,,,,,,,,,,,
2000,10,16,,,,,,,,,,,,,,,,,,,,99.0,,,,,,,,,,,,99.0,99.0,,,,,99.0,,,,99.0,,,,,,
2000,10,17,,,,,,,25.0,1327.0,1057.0,5.0,,,,,,,62.959999999999994,68.0,57.92,-9999.0,,300.0,260.0,,,0.0,,67.0,80.0,,,-9999.0,-9999.0,,,,,-9999.0,,,,-9999.0,,1.0,,,,
2000,10,18,,,,,,,,,,0.0,,,,,,,,32.0,32.0,-9.0,,,,,,0.0,,,,,,-9.0,-9.0,,,,,-9.0,,,,-9.0,,0.0,,,,
2000,10,19,,,,,,,28.0,512.0,343.0,,,,,,,,64.04,69.08,57.92,999.0,,270.0,260.0,,,0.0,,72.0,89.0,,,999.0,999.0,,,,,999.0,,,,999.0,,1.0,,,,
2000,10,20,,,,,,,,,,0.0,,,,,,,,,,-999.0,,,,,,0.0,,,,,,-999.0,-999.0,,,,,-999.0,,,,-999.0,,,,,,
2000,10,21,,,,,,,,,,,,,,,,,,,,,,,,,,,,,,,,9.0,,,,,,,,,,9.0,,,,,,
2000,10,22,,,,,,,19.0,1335.0,1331.0,0.0,,,,,,,66.02,73.94,57.02,9999.0,,280.0,280.0,,,0.0,,67.0,80.0,,,1.0,9999.0,,,,,9999.0,,,,1.0,,9999.0,,,,
2000,10,23,,,,,,,,,,0.0,,,,,,,,,,-99.0,,,,,,0.0,,,,,,0.0,,,,,,-99.0,,,,,,-99.0,,,,
2000,10,24,,,,,,,,,,,,,,,,,,,,99.0,,,,,,,,,,,,,,,,,,99.0,,,,,,99.0,,,,
2000,10,25,,,,,,,25.0,1238.0,1325.0,0.0,,,,,,,66.02,71.06,60.08,0.0,,280.0,270.0,,,0.0,,72.0,76.0,,,1.0,-9999.0,,,,,-9999.0,,,,1.0,,-9999.0,,,,
2000,10,26,,,,,,,,,,0.0,,,,,,,,32.0,32.0,,,,,,,0.0,,,,,,0.0,-9.0,,,,,,,,,,,-9.0,,,,
2000,10,27,,,,,,,16.0,314.0,307.0,0.0,,,,,,,64.04,69.98,57.02,0.0,,210.0,210.0,,,0.0,,58.0,72.0,,,1.0,999.0,,,,,1.0,,,,1.0,,999.0,,,,
2000,10,28,,,,,,,,,,0.0,,,,,,,,,,,,,,,,0.0,,,,,,0.0,-999.0,,,,,0.0,,,,,,-999.0,,,,
2000,10,29,,,,,,,,,,,,,,,,,,,,9.0,,,,,,,,,,,,,,,,,,,,,,,,,,,,
2000,10,30,,,,,,,18.0,1344.0,1343.0,0.0,,,,,,,66.92,69.98,64.04,0.0,,280.0,280.0,,,0.0,,58.0,80.0,,,1.0,9999.0,,,,,1.0,,,,1.0,,9999.0,,,,
2000,10,31,,,,,,,,,,0.0,,,,,,,,,,,,,,,,0.0,,,,,,0.0,-99.0,,,,,0.0,,,,,,-99.0,,,,
2000,11,1,,,,,,,21.0,1400.0,1359.0,0.0,,,,,,,60.980000000000004,69.08,51.98,-9999.0,,290.0,290.0,,,0.0,,72.0,89.0,,,-9999.0,-9999.0,-9999.0,,,,1.0,,,,-9999.0,,-9999.0,,,,
2000,11,2,,,,,,,,,,0.0,,,,,,,,32.0,32.0,-9.0,,,,,,0.0,,,,,,,-9.0,-9.0,,,,,,,,,,-9.0,,,,
2000,11,3,,,,,,,15.0,337.0,336.0,0.0,,,,,,,62.059999999999995,68.0,55.04,999.0,,280.0,280.0,,,0.0,,67.0,76.0,,,1.0,999.0,999.0,,,,999.0,,,,1.0,,999.0,,,,
2000,11,4,,,,,,,,,,0.0,,,,,,,,,,-999.0,,,,,,0.0,,,,,,0.0,-999.0,-999.0,,,,-999.0,,,,,,-999.0,,,,
2000,11,5,,,,,,,,,,,,,,,,,,,,,,,,,,,,,,,,,,,,,,,,,,,,9.0,,,,
2000,11,6,,,,,,,21.0,1540.0,1541.0,,,,,,,,64.94,69.98,60.08,9999.0,,270.0,260.0,,,0.0,,58.0,67.0,,,9999.0,9999.0,9999.0,,,,9999.0,,,,9999.0,,1.0,,,,
2000,11,7,,,,,,,,,,0.0,,,,,,,,,,,,,,,,0.0,,,,,,-99.0,-99.0,-99.0,,,,-99.0,,,,-99.0,,,,,,
2000,11,8,,,,,,,,,,,,,,,,,,,,,,,,,,,,,,,,99.0,99.0,99.0,,,,99.0,,,,99.0,,99.0,,,,
2000,11,9,,,,,,,29.0,1458.0,1443.0,0.0,,,,,,,62.059999999999995,64.94,57.92,0.0,,280.0,270.0,,,0.0,,58.0,67.0,,,-9999.0,-9999.0,-9999.0,,,,-9999.0,,,,-9999.0,,-9999.0,,,,
2000,11,10,,,,,,,,,,0.0,,,,,,,,32.0,32.0,,,,,,,0.0,,,,,,-9.0,-9.0,-9.0,,,,-9.0,,,,-9.0,,-9.0,,,,
2000,11,11,,,,,,,23.0,528.0,528.0,0.0,,,,,,,62.059999999999995,71.06,51.98,999.0,,280.0,270.0,,,0.0,,72.0,89.0,,,999.0,999.0,999.0,,,,999.0,,,,999.0,,999.0,,,,
2000,11,12,,,,,,,,,,0.0,,,,,,,,,,-999.0,,,,,,0.0,,,,,,-999.0,-999.0,-999.0,,,,-999.0,,,,-999.0,,-999.0,,,,
2000,11,13,,,,,,,,,,,,,,,,,,,,9.0,,,,,,,,,,,,,,,,,,,,,,,,9.0,,,,
2000,11,14,,,,,,,42.0,1330.0,1433.0,,,,,,,,60.08,62.059999999999995,57.02,0.0,,250.0,220.0,,,0.0,,76.0,89.0,,,9999.0,9999.0,9999.0,,,,9999.0,,,,9999.0,,1.0,,,,
2000,11,15,,,,,,,,,,0.0,,,,,,,,,,,,,,,,0.0,,,,,,-99.0,-99.0,,,,,-99.0,,,,-99.0,,0.0,,,,
2000,11,16,,,,,,,,,,,,,,,,,,,,,,,,,,,,,,,,99.0,99.0,,,,,99.0,,,,99.0,,,,,,
2000,11,17,,,,,,,31.0,1450.0,1448.0,0.0,,,,,,,55.94,60.980000000000004,50.0,0.0,,280.0,280.0,,,0.0,,67.0,80.0,,,-9999.0,-9999.0,-9999.0,,,,-9999.0,,,,-9999.0,,1.0,,,,
2000,11,18,,,,,,,,,,,,,,,,,,32.0,32.0,,,,,,,0.0,,,,,,-9.0,-9.0,-9.0,,,,-9.0,,,,-9.0,,,,,,
2000,11,19,,,,,,,21.0,516.0,613.0,0.0,,,,,,,53.96,62.059999999999995,46.04,0.0,,300.0,310.0,,,0.0,,67.0,72.0,,,999.0,999.0,999.0,,,,999.0,,,,999.0,,999.0,,,,
2000,11,20,,,,,,,,,,0.0,,,,,,,,,,,,,,,,0.0,,,,,,-999.0,-999.0,-999.0,,,,-999.0,,,,-999.0,,-999.0,,,,
2000,11,21,,,,,,,,,,,,,,,,,,,,,,,,,,,,,,,,,,,,,,,,,,,,9.0,,,,
2000,11,22,,,,,,,17.0,1505.0,1311.0,,,,,,,,53.96,60.08,46.94,0.0,,250.0,230.0,,,0.0,,58.0,76.0,,,9999.0,9999.0,9999.0,,,,9999.0,,,,9999.0,,1.0,,,,
2000,11,23,,,,,,,,,,0.0,,,,,,,,,32.0,,,,,,,0.0,,,,,,-99.0,-99.0,-99.0,,,,-99.0,,,,-99.0,,,,,,
2000,11,24,,,,,,,,,,,,,,,,,,,,99.0,,,,,,,,,,,,99.0,99.0,99.0,,,,99.0,,,,99.0,,99.0,,,,
2000,11,25,,,,,,,17.0,1311.0,1305.0,0.0,,,,,,,53.96,60.980000000000004,46.94,-9999.0,,200.0,230.0,,,0.0,,54.0,63.0,,,1.0,-9999.0,-9999.0,,,,-9999.0,,,,1.0,,-9999.0,,,,
2000,11,26,,,,,,,,,,0.0,,,,,,,,32.0,32.0,-9.0,,,,,,0.0,,,,,,,-9.0,-9.0,,,,-9.0,,,,,,-9.0,,,,
2000,11,27,,,,,,,21.0,511.0,510.0,0.0,,,,,,,57.92,68.0,48.02,999.0,,310.0,310.0,,,0.0,,67.0,80.0,,,999.0,999.0,999.0,,,,999.0,,,,999.0,,999.0,,,,
2000,11,28,,,,,,,,,,0.0,,,,,,,,,,-999.0,,,,,,0.0,,,,,,-999.0,-999.0,-999.0,,,,-999.0,,,,-999.0,,-999.0,,,,
2000,11,30,,,,,,,15.0,1331.0,1331.0,0.0,,,,,,,60.980000000000004,73.94,46.94,9999.0,,170.0,170.0,,,0.0,,54.0,58.0,,,9999.0,9999.0,9999.0,,,,9999.0,,,,9999.0,,9999.0,,,,
2000,11,31,,,,,,,,,,0.0,,,,,,,,,32.0,-99.0,,,,,,0.0,,,,,,-99.0,-99.0,-99.0,,,,-99.0,,,,-99.0,,-99.0,,,,
2000,12,1,,,,,,,15.0,1435.0,1431.0,0.0,,,,,,,57.02,62.059999999999995,51.08,-9999.0,,280.0,290.0,,,0.0,,40.0,54.0,,,1.0,-9999.0,,,,,1.0,,,,1.0,,-9999.0,,,,
2000,12,2,,,,,,,,,,0.0,,,,,,,,32.0,32.0,-9.0,,,,,,0.0,,,,,,0.0,-9.0,,,,,0.0,,,,,,-9.0,,,,
2000,12,3,,,,,,,16.0,112.0,152.0,0.0,,,,,,,55.94,60.08,51.98,999.0,,290.0,280.0,,,0.0,,45.0,54.0,,,1.0,999.0,,,,,1.0,,,,1.0,,999.0,,,,
2000,12,4,,,,,,,,,,0.0,,,,,,,,,,-999.0,,,,,,0.0,,,,,,0.0,,,,,,0.0,,,,,,-999.0,,,,
2000,12,6,,,,,,,13.0,1455.0,1451.0,0.0,,,,,,,62.959999999999994,75.02,50.0,9999.0,,300.0,290.0,,,0.0,,54.0,67.0,,,9999.0,9999.0,,,,,1.0,,,,9999.0,,9999.0,,,,
2000,12,7,,,,,,,,,,0.0,,,,,,,,,,-99.0,,,,,,0.0,,,,,,-99.0,-99.0,,,,,0.0,,,,-99.0,,-99.0,,,,
2000,12,8,,,,,,,,,,,,,,,,,,,,99.0,,,,,,,,,,,,99.0,99.0,,,,,,,,,99.0,,99.0,,,,
2000,12,9,,,,,,,22.0,1559.0,1558.0,0.0,,,,,,,62.959999999999994,71.06,55.04,-9999.0,,10.0,20.0,,,0.0,,63.0,80.0,,,-9999.0,-9999.0,,,,,-9999.0,,,,-9999.0,,1.0,,,,
2000,12,10,,,,,,,,,,,,,,,,,,32.0,32.0,-9.0,,,,,,0.0,,,,,,-9.0,-9.0,,,,,-9.0,,,,-9.0,,0.0,,,,
2000,12,11,,,,,,,22.0,324.0,321.0,,,,,,,,64.04,69.08,57.92,999.0,,310.0,320.0,,,0.0,,76.0,98.0,,,999.0,999.0,,,,,999.0,,,,999.0,,1.0,,,,
2000,12,12,,,,,,,,,,0.0,,,,,,,,,,-999.0,,,,,,0.0,,,,,,,-999.0,,,,,-999.0,,,,,,,,,,
2000,12,14,,,,,,,23.0,1332.0,1328.0,0.0,,,,,,,60.980000000000004,64.04,57.92,9999.0,,290.0,280.0,,,0.0,,58.0,67.0,,,9999.0,9999.0,,,,,9999.0,,,,9999.0,,9999.0,,,,
2000,12,15,,,,,,,,,,0.0,,,,,,,,,,-99.0,,,,,,0.0,,,,,,-99.0,-99.0,,,,,-99.0,,,,-99.0,,-99.0,,,,
2000,12,16,,,,,,,,,,,,,,,,,,,,99.0,,,,,,,,,,,,99.0,99.0,,,,,99.0,,,,99.0,,99.0,,,,
2000,12,17,,,,,,,21.0,1417.0,1426.0,0.0,,,,,,,57.92,64.04,51.08,-9999.0,,310.0,310.0,,,0.0,,80.0,103.0,,,-9999.0,-9999.0,,,,,1.0,,,,-9999.0,,-9999.0,,,,
2000,12,18,,,,,,,,,,0.0,,,,,,,,32.0,32.0,-9.0,,,,,,0.0,,,,,,,-9.0,,,,,0.0,,,,,,,,,,
2000,12,19,,,,,,,33.0,242.0,230.0,3.0,,,,,,,57.02,60.980000000000004,51.98,999.0,,290.0,280.0,,,0.0,,112.0,139.0,,,1.0,999.0,,,,,1.0,,,,1.0,,1.0,,,,
2000,12,20,,,,,,,,,,0.0,,,,,,,,,,-999.0,,,,,,0.0,,,,,,,-999.0,,,,,,,,,,,,,,,
2000,12,21,,,,,,,,,,,,,,,,,,,,,,,,,,,,,,,,9.0,,,,,,9.0,,,,9.0,,,,,,
2000,12,22,,,,,,,17.0,1518.0,1525.0,0.0,,,,,,,55.94,62.059999999999995,48.92,9999.0,,280.0,290.0,,,0.0,,58.0,63.0,,,1.0,9999.0,,,,,1.0,,,,1.0,,9999.0,,,,
2000,12,23,,,,,,,,,,0.0,,,,,,,,,32.0,-99.0,,,,,,0.0,,,,,,0.0,-99.0,,,,,0.0,,,,,,-99.0,,,,
2000,12,24,,,,,,,,,,,,,,,,,,,,99.0,,,,,,,,,,,,,99.0,,,,,,,,,,,99.0,,,,
2000,12,25,,,,,,,16.0,1517.0,1527.0,0.0,,,,,,,60.08,71.06,48.02,-9999.0,,300.0,290.0,,,0.0,,45.0,54.0,,,1.0,-9999.0,,,,,1.0,,,,1.0,,-9999.0,,,,
2000,12,26,,,,,,,,,,0.0,,,,,,,,32.0,32.0,-9.0,,,,,,0.0,,,,,,,-9.0,,,,,,,,,,,-9.0,,,,
2000,12,27,,,,,,,10.0,333.0,333.0,0.0,,,,,,,62.059999999999995,75.02,48.92,999.0,,320.0,320.0,,,0.0,,58.0,63.0,,,999.0,999.0,,,,,999.0,,,,999.0,,999.0,,,,
2000,12,28,,,,,,,,,,0.0,,,,,,,,,,-999.0,,,,,,0.0,,,,,,-999.0,-999.0,,,,,-999.0,,,,-999.0,,-999.0,,,,
2000,12,30,,,,,,,14.0,1433.0,1430.0,0.0,,,,,,,60.980000000000004,73.94,48.02,9999.0,,310.0,300.0,,,0.0,,58.0,67.0,,,9999.0,9999.0,,,,,9999.0,,,,9999.0,,9999.0,,,,
2000,12,31,,,,,,,,,,0.0,,,,,,,,,32.0,-99.0,,,,,,0.0,,,,,,,,,,,,-99.0,,,,,,-99.0,,,,
2001,1,1,,,,,,,13.0,1503.0,1622.0,0.0,,,,,,,59.0,66.92,50.0,-9999.0,,300.0,310.0,,,0.0,,40.0,45.0,,,-9999.0,,,,,,1.0,,,,-9999.0,,-9999.0,,,,
2001,1,2,,,,,,,,,,0.0,,,,,,,,32.0,32.0,-9.0,,,,,,0.0,,,,,,-9.0,,,,,,0.0,,,,-9.0,,-9.0,,,,
2001,1,3,,,,,,,18.0,314.0,314.0,0.0,,,,,,,59.0,73.94,44.06,999.0,,320.0,320.0,,,0.0,,76.0,89.0,,,999.0,,,,,,1.0,,,,999.0,,999.0,,,,
2001,1,4,,,,,,,,,,0.0,,,,,,,,,,-999.0,,,,,,0.0,,,,,,-999.0,,,,,,0.0,,,,-999.0,,-999.0,,,,
2001,1,6,,,,,,,16.0,1305.0,1304.0,0.0,,,,,,,62.959999999999994,75.92,48.92,9999.0,,310.0,310.0,,,0.0,,67.0,80.0,,,9999.0,,,,,,1.0,,,,9999.0,,9999.0,,,,
2001,1,7,,,,,,,,,,0.0,,,,,,,,,,-99.0,,,,,,0.0,,,,,,-99.0,,,,,,,,,,-99.0,,,,,,
2001,1,8,,,,,,,,,,,,,,,,,,,,99.0,,,,,,,,,,,,99.0,,,,,,99.0,,,,99.0,,,,,,
2001,1,9,,,,,,,17.0,1317.0,1318.0,0.0,,,,,,,60.08,66.92,53.06,-9999.0,,210.0,220.0,,,0.0,,45.0,54.0,,,1.0,,,,,,-9999.0,,,,1.0,,-9999.0,,,,
2001,1,10,,,,,,,,,,0.0,,,,,,,,32.0,32.0,-9.0,,,,,,0.0,,,,,,0.0,,,,,,,,,,,,-9.0,,,,
2001,1,11,,,,,,,14.0,625.0,628.0,0.0,,,,,,,59.0,68.0,50.0,999.0,,290.0,290.0,,,0.0,,45.0,54.0,,,1.0,,,,,,1.0,,,,1.0,,999.0,,,,
2001,1,12,,,,,,,,,,,,,,,,,,,,-999.0,,,,,,0.0,,,,,,0.0,,,,,,0.0,,,,,,,,,,
2001,1,14,,,,,,,24.0,1523.0,1518.0,86.0,,,,,,,55.94,60.08,51.98,9999.0,,250.0,240.0,,,0.0,,67.0,80.0,,,1.0,,,,,,1.0,,,,1.0,,1.0,,,,
2001,1,15,,,,,,,,,,0.0,,,,,,,,,,-99.0,,,,,,0.0,,,,,,0.0,,,,,,0.0,,,,,,0.0,,,,
2001,1,16,,,,,,,,,,,,,,,,,,,,99.0,,,,,,,,,,,,,,,,,,,,,,,,,,,,
2001,1,17,,,,,,,48.0,344.0,343.0,269.0,,,,,,,53.06,57.02,48.92,0.0,,140.0,140.0,,,0.0,,139.0,165.0,,,1.0,,,,,,-9999.0,,,,1.0,,1.0,,,,
2001,1,18,,,,,,,,,,0.0,,,,,,,,32.0,32.0,,,,,,,0.0,,,,,,0.0,,,,,,-9.0,,,,,,0.0,,,,
2001,1,19,,,,,,,30.0,403.0,7.0,208.0,,,,,,,51.98,55.04,48.02,0.0,,120.0,330.0,,,0.0,,76.0,116.0,,,1.0,,,,,,999.0,,,,1.0,,1.0,,,,
2001,1,20,,,,,,,,,,0.0,,,,,,,,,,,,,,,,0.0,,,,,,0.0,,,,,,-999.0,,,,,,,,,,
2001,1,21,,,,,,,,,,,,,,,,,,,,,,,,,,,,,,,,,,,,,,9.0,,,,,,,,,,
2001,1,22,,,,,,,14.0,1424.0,1440.0,0.0,,,,,,,51.98,59.0,44.96,0.0,,280.0,280.0,,,0.0,,63.0,72.0,,,1.0,,,,,,1.0,,,,1.0,,9999.0,,,,
2001,1,23,,,,,,,,,,0.0,,,,,,,,,32.0,,,,,,,0.0,,,,,,0.0,,,,,,0.0,,,,,,,,,,
2001,1,24,,,,,,,,,,,,,,,,,,,,99.0,,,,,,,,,,,,,,,,,,,,,,,,,,,,
2001,1,25,,,,,,,29.0,137.0,154.0,0.0,,,,,,,51.08,57.92,44.06,-9999.0,,40.0,30.0,,,0.0,,72.0,80.0,,,-9999.0,,,,,,-9999.0,,,,-9999.0,,-9999.0,,,,
2001,1,26,,,,,,,,,,0.0,,,,,,,,32.0,32.0,-9.0,,,,,,0.0,,,,,,-9.0,,,,,,-9.0,,,,-9.0,,-9.0,,,,
2001,1,27,,,,,,,25.0,431.0,457.0,0.0,,,,,,,51.08,60.08,41.0,999.0,,280.0,290.0,,,0.0,,80.0,98.0,,,999.0,,,,,,999.0,,,,999.0,,999.0,,,,
2001,1,28,,,,,,,,,,0.0,,,,,,,,,,-999.0,,,,,,0.0,,,,,,-999.0,,,,,,-999.0,,,,-999.0,,-999.0,,,,
2001,1,30,,,,,,,13.0,1339.0,1338.0,0.0,,,,,,,53.96,64.94,42.980000000000004,9999.0,,280.0,280.0,,,0.0,,54.0,58.0,,,9999.0,,,,,,9999.0,,,,9999.0,,9999.0,,,,
2001,1,31,,,,,,,,,,0.0,,,,,,,,,32.0,-99.0,,,,,,0.0,,,,,,,,,,,,,,,,,,-99.0,,,,
2001,2,1,,,,,,,16.0,1436.0,1450.0,0.0,,,,,,,53.96,66.02,42.08,-9999.0,,300.0,310.0,,,0.0,,67.0,76.0,,,-9999.0,,-9999.0,,,,-9999.0,,,,-9999.0,,-9999.0,,,,
2001,2,2,,,,,,,,,,0.0,,,,,,,,32.0,32.0,-9.0,,,,,,0.0,,,,,,-9.0,,-9.0,,,,-9.0,,,,-9.0,,-9.0,,,,
2001,2,3,,,,,,,19.0,442.0,348.0,0.0,,,,,,,57.02,68.0,44.96,999.0,,290.0,300.0,,,0.0,,58.0,72.0,,,999.0,,999.0,,,,999.0,,,,999.0,,999.0,,,,
2001,2,4,,,,,,,,,,0.0,,,,,,,,,,-999.0,,,,,,0.0,,,,,,-999.0,,-999.0,,,,-999.0,,,,-999.0,,-999.0,,,,
2001,2,6,,,,,,,15.0,1443.0,1442.0,0.0,,,,,,,68.0,82.04,53.06,9999.0,,300.0,290.0,,,0.0,,58.0,67.0,,,9999.0,,9999.0,,,,9999.0,,,,9999.0,,9999.0,,,,
2001,2,7,,,,,,,,,,0.0,,,,,,,,,,-99.0,,,,,,0.0,,,,,,-99.0,,-99.0,,,,-99.0,,,,-99.0,,-99.0,,,,
2001,2,8,,,,,,,,,,,,,,,,,,,,99.0,,,,,,,,,,,,99.0,,99.0,,,,99.0,,,,99.0,,99.0,,,,
2001,2,9,,,,,,,32.0,937.0,937.0,0.0,,,,,,,55.94,59.0,53.06,-9999.0,,170.0,170.0,,,0.0,,72.0,94.0,,,1.0,,-9999.0,,,,1.0,,,,1.0,,-9999.0,,,,
2001,2,10,,,,,,,,,,0.0,,,,,,,,32.0,32.0,-9.0,,,,,,0.0,,,,,,,,,,,,,,,,,,,,,,
2001,2,11,,,,,,,59.0,834.0,831.0,15.0,,,,,,,50.0,55.94,42.980000000000004,999.0,,280.0,260.0,,,0.0,,103.0,143.0,,,999.0,,1.0,,,,999.0,,,,999.0,,1.0,,,,
2001,2,12,,,,,,,,,,0.0,,,,,,,,,,-999.0,,,,,,0.0,,,,,,-999.0,,,,,,-999.0,,,,-999.0,,,,,,
2001,2,13,,,,,,,,,,,,,,,,,,,,,,,,,,,,,,,,,,,,,,,,,,,,9.0,,,,
2001,2,14,,,,,,,17.0,1438.0,1542.0,,,,,,,,51.08,57.92,44.06,9999.0,,210.0,240.0,,,0.0,,58.0,63.0,,,9999.0,,9999.0,,,,9999.0,,,,9999.0,,1.0,,,,
2001,2,15,,,,,,,,,,0.0,,,,,,,,,32.0,-99.0,,,,,,0.0,,,,,,-99.0,,-99.0,,,,-99.0,,,,-99.0,,0.0,,,,
2001,2,16,,,,,,,,,,,,,,,,,,,,99.0,,,,,,,,,,,,99.0,,99.0,,,,99.0,,,,99.0,,,,,,
2001,2,17,,,,,,,29.0,1316.0,1311.0,8.0,,,,,,,53.06,57.92,46.94,-9999.0,,230.0,210.0,,,0.0,,63.0,76.0,,,1.0,,-9999.0,,,,-9999.0,,,,1.0,,1.0,,,,
2001,2,18,,,,,,,,,,0.0,,,,,,,,32.0,32.0,-9.0,,,,,,0.0,,,,,,,,-9.0,,,,-9.0,,,,,,0.0,,,,
2001,2,19,,,,,,,67.0,141.0,145.0,,,,,,,,55.04,59.0,51.08,999.0,,140.0,150.0,,,0.0,,116.0,134.0,,,999.0,,999.0,,,,999.0,,,,999.0,,1.0,,,,
2001,2,20,,,,,,,,,,,,,,,,,,,,-999.0,,,,,,0.0,,,,,,,,-999.0,,,,-999.0,,,,,,0.0,,,,
2001,2,22,,,,,,,21.0,42.0,30.0,3.0,,,,,,,51.08,55.94,44.96,9999.0,,120.0,140.0,,,0.0,,58.0,67.0,,,9999.0,,9999.0,,,,9999.0,,,,9999.0,,1.0,,,,
2001,2,23,,,,,,,,,,0.0,,,,,,,,,32.0,,,,,,,0.0,,,,,,-99.0,,-99.0,,,,-99.0,,,,-99.0,,,,,,
2001,2,24,,,,,,,,,,,,,,,,,,,,,,,,,,,,,,,,99.0,,99.0,,,,99.0,,,,99.0,,99.0,,,,
2001,2,25,,,,,,,12.0,1332.0,1349.0,0.0,,,,,,,55.04,64.04,46.04,0.0,,290.0,300.0,,,0.0,,54.0,63.0,,,-9999.0,,-9999.0,,,,-9999.0,,,,-9999.0,,-9999.0,,,,
2001,2,26,,,,,,,,,,0.0,,,,,,,,32.0,32.0,,,,,,,0.0,,,,,,,,-9.0,,,,-9.0,,,,,,-9.0,,,,
2001,2,27,,,,,,,14.0,241.0,232.0,0.0,,,,,,,59.0,66.92,50.0,0.0,,220.0,220.0,,,0.0,,45.0,63.0,,,1.0,,999.0,,,,999.0,,,,1.0,,999.0,,,,
2001,2,28,,,,,,,,,,0.0,,,,,,,,,,,,,,,,0.0,,,,,,0.0,,-999.0,,,,,,,,,,-999.0,,,,
2001,2,29,,,,,,,,,,,,,,,,,,,,,,,,,,,,,,,,,,,,,,,,,,,,9.0,,,,
2001,2,30,,,,,,,34.0,1237.0,1235.0,,,,,,,,55.94,60.980000000000004,51.08,9999.0,,190.0,180.0,,,0.0,,72.0,80.0,,,1.0,,9999.0,,,,9999.0,,,,1.0,,1.0,,,,
2001,2,31,,,,,,,,,,0.0,,,,,,,,,,-99.0,,,,,,0.0,,,,,,0.0,,-99.0,,,,-99.0,,,,,,0.0,,,,
2001,3,1,,,,,,,28.0,1535.0,1535.0,0.0,,,,,,,55.04,62.959999999999994,46.94,0.0,,290.0,290.0,,,0.0,,89.0,103.0,,,-9999.0,,,,,,-9999.0,,,,-9999.0,,-9999.0,,,,
2001,3,2,,,,,,,,,,0.0,,,,,,,,32.0,32.0,,,,,,,0.0,,,,,,,,,,,,,,,,,,-9.0,,,,
2001,3,3,,,,,,,21.0,703.0,533.0,0.0,,,,,,,53.96,60.08,46.94,0.0,,270.0,260.0,,,0.0,,54.0,67.0,,,1.0,,,,,,1.0,,,,1.0,,999.0,,,,
2001,3,4,,,,,,,,,,0.0,,,,,,,,,,,,,,,,0.0,,,,,,0.0,,,,,,,,,,,,,,,,
2001,3,6,,,,,,,34.0,1852.0,1835.0,0.0,,,,,,,57.02,60.08,53.96,0.0,,150.0,170.0,,,0.0,,63.0,98.0,,,9999.0,,,,,,9999.0,,,,9999.0,,9999.0,,,,
2001,3,7,,,,,,,,,,0.0,,,,,,,,,,,,,,,,0.0,,,,,,-99.0,,,,,,-99.0,,,,-99.0,,-99.0,,,,
2001,3,8,,,,,,,,,,,,,,,,,,,,,,,,,,,,,,,,99.0,,,,,,99.0,,,,99.0,,99.0,,,,
2001,3,9,,,,,,,41.0,42.0,42.0,142.0,,,,,,,59.0,62.959999999999994,53.96,0.0,,220.0,210.0,,,0.0,,94.0,107.0,,,1.0,,,,,,-9999.0,,,,1.0,,1.0,,,,
2001,3,10,,,,,,,,,,0.0,,,,,,,,32.0,32.0,,,,,,,0.0,,,,,,,,,,,,-9.0,,,,,,,,,,
2001,3,11,,,,,,,20.0,335.0,250.0,0.0,,,,,,,57.92,62.059999999999995,53.06,0.0,,260.0,270.0,,,0.0,,58.0,76.0,,,999.0,,,,,,999.0,,,,999.0,,999.0,,,,
2001,3,12,,,,,,,,,,0.0,,,,,,,,,,,,,,,,0.0,,,,,,-999.0,,,,,,-999.0,,,,-999.0,,-999.0,,,,
2001,3,13,,,,,,,,,,,,,,,,,,,,,,,,,,,,,,,,,,,,,,,,,,,,9.0,,,,
2001,3,14,,,,,,,44.0,2345.0,2344.0,3.0,,,,,,,55.94,59.0,51.98,9999.0,,250.0,250.0,,,0.0,,112.0,143.0,,,9999.0,,,,,,9999.0,,,,9999.0,,1.0,,,,
2001,3,15,,,,,,,,,,0.0,,,,,,,,,,-99.0,,,,,,0.0,,,,,,-99.0,,,,,,-99.0,,,,-99.0,,0.0,,,,
2001,3,16,,,,,,,,,,,,,,,,,,,,99.0,,,,,,,,,,,,99.0,,,,,,99.0,,,,99.0,,,,,,
2001,3,17,,,,,,,30.0,1452.0,1401.0,0.0,,,,,,,55.94,59.0,51.98,-9999.0,,210.0,210.0,,,0.0,,54.0,67.0,,,-9999.0,,,,,,-9999.0,,,,-9999.0,,-9999.0,,,,
2001,3,18,,,,,,,,,,0.0,,,,,,,,32.0,32.0,-9.0,,,,,,0.0,,,,,,-9.0,,,,,,-9.0,,,,-9.0,,-9.0,,,,
2001,3,19,,,,,,,23.0,403.0,403.0,0.0,,,,,,,57.02,64.04,50.0,999.0,,290.0,280.0,,,0.0,,89.0,98.0,,,999.0,,,,,,999.0,,,,999.0,,999.0,,,,
2001,3,20,,,,,,,,,,0.0,,,,,,,,,,-999.0,,,,,,0.0,,,,,,,,,,,,-999.0,,,,,,-999.0,,,,
2001,3,21,,,,,,,,,,,,,,,,,,,,9.0,,,,,,,,,,,,,,,,,,9.0,,,,,,,,,,
2001,3,22,,,,,,,32.0,1211.0,1111.0,0.0,,,,,,,57.92,60.980000000000004,53.96,0.0,,210.0,200.0,,,0.0,,58.0,67.0,,,1.0,,,,,,1.0,,,,1.0,,9999.0,,,,
2001,3,23,,,,,,,,,,0.0,,,,,,,,,,,,,,,,0.0,,,,,,0.0,,,,,,0.0,,,,,,-99.0,,,,
2001,3,24,,,,,,,,,,,,,,,,,,,,,,,,,,,,,,,,,,,,,,,,,,,,99.0,,,,
2001,3,25,,,,,,,21.0,1614.0,1504.0,0.0,,,,,,,59.0,62.059999999999995,55.04,0.0,,230.0,230.0,,,0.0,,58.0,72.0,,,1.0,,,,,,1.0,,,,1.0,,-9999.0,,,,
2001,3,26,,,,,,,,,,0.0,,,,,,,,32.0,32.0,,,,,,,0.0,,,,,,0.0,,,,,,0.0,,,,,,-9.0,,,,
2001,3,27,,,,,,,24.0,341.0,340.0,0.0,,,,,,,59.0,64.94,53.06,0.0,,280.0,280.0,,,0.0,,72.0,89.0,,,1.0,,,,,,1.0,,,,1.0,,999.0,,,,
2001,3,28,,,,,,,,,,0.0,,,,,,,,,,,,,,,,0.0,,,,,,0.0,,,,,,0.0,,,,,,-999.0,,,,
2001,3,30,,,,,,,25.0,1431.0,1430.0,0.0,,,,,,,66.92,77.0,55.94,0.0,,290.0,290.0,,,0.0,,67.0,80.0,,,1.0,,,,,,1.0,,,,1.0,,9999.0,,,,
2001,3,31,,,,,,,,,,0.0,,,,,,,,,,,,,,,,0.0,,,,,,0.0,,,,,,0.0,,,,,,-99.0,,,,
2001,4,1,,,,,,,31.0,2314.0,2221.0,0.0,,,,,,,59.0,60.980000000000004,57.02,-9999.0,,210.0,190.0,,,0.0,,58.0,67.0,,,1.0,,,,,,1.0,,,,1.0,,1.0,,,,
2001,4,2,,,,,,,,,,,,,,,,,,32.0,32.0,-9.0,,,,,,0.0,,,,,,0.0,,,,,,,,,,,,0.0,,,,
2001,4,3,,,,,,,38.0,254.0,253.0,10.0,,,,,,,59.0,62.059999999999995,55.94,999.0,,260.0,260.0,,,0.0,,72.0,80.0,,,1.0,,,,,,999.0,,,,1.0,,1.0,,,,
2001,4,4,,,,,,,,,,0.0,,,,,,,,,,-999.0,,,,,,0.0,,,,,,,,,,,,-999.0,,,,,,,,,,
2001,4,5,,,,,,,,,,,,,,,,,,,,,,,,,,,,,,,,,,,,,,,,,,,,9.0,,,,
2001,4,6,,,,,,,38.0,1722.0,1719.0,,,,,,,,57.02,60.08,53.96,9999.0,,250.0,250.0,,,0.0,,67.0,80.0,,,9999.0,,,,,,9999.0,,,,9999.0,,1.0,,,,
2001,4,7,,,,,,,,,,0.0,,,,,,,,,,-99.0,,,,,,0.0,,,,,,-99.0,,,,,,-99.0,,,,-99.0,,0.0,,,,
2001,4,8,,,,,,,,,,,,,,,,,,,,99.0,,,,,,,,,,,,99.0,,,,,,99.0,,,,99.0,,,,,,
2001,4,9,,,,,,,36.0,1328.0,1224.0,0.0,,,,,,,55.94,60.08,51.98,0.0,,230.0,230.0,,,0.0,,72.0,94.0,,,-9999.0,,,,,,-9999.0,,,,-9999.0,,1.0,,,,
2001,4,10,,,,,,,,,,0.0,,,,,,,,32.0,32.0,,,,,,,0.0,,,,,,,,,,,,-9.0,,,,,,0.0,,,,
2001,4,11,,,,,,,57.0,936.0,935.0,43.0,,,,,,,55.04,57.02,53.06,0.0,,170.0,180.0,,,0.0,,107.0,130.0,,,1.0,,,,,,999.0,,,,1.0,,1.0,,,,
2001,4,12,,,,,,,,,,0.0,,,,,,,,,,,,,,,,0.0,,,,,,,,,,,,-999.0,,,,,,,,,,
2001,4,13,,,,,,,,,,,,,,,,,,,,,,,,,,,,,,,,,,,,,,,,,,,,9.0,,,,
2001,4,14,,,,,,,37.0,1613.0,1549.0,10.0,,,,,,,53.96,59.0,48.02,0.0,,260.0,260.0,,,0.0,,80.0,98.0,,,9999.0,,,,,,9999.0,,,,9999.0,,1.0,,,,
2001,4,15,,,,,,,,,,0.0,,,,,,,,,32.0,,,,,,,0.0,,,,,,,,,,,,-99.0,,,,,,0.0,,,,
2001,4,16,,,,,,,,,,,,,,,,,,,,,,,,,,,,,,,,,,,,,,99.0,,,,,,,,,,
2001,4,17,,,,,,,36.0,1820.0,1819.0,0.0,,,,,,,55.94,59.0,51.98,0.0,,260.0,260.0,,,0.0,,67.0,76.0,,,-9999.0,,,,,,-9999.0,,,,-9999.0,,-9999.0,,,,
2001,4,18,,,,,,,,,,0.0,,,,,,,,32.0,32.0,,,,,,,0.0,,,,,,-9.0,,,,,,-9.0,,,,-9.0,,-9.0,,,,
2001,4,19,,,,,,,37.0,149.0,228.0,0.0,,,,,,,59.0,62.059999999999995,55.04,0.0,,280.0,260.0,,,0.0,,67.0,89.0,,,999.0,,,,,,999.0,,,,999.0,,999.0,,,,
2001,4,20,,,,,,,,,,0.0,,,,,,,,,,,,,,,,0.0,,,,,,-999.0,,,,,,-999.0,,,,-999.0,,-999.0,,,,
2001,4,21,,,,,,,,,,,,,,,,,,,,,,,,,,,,,,,,9.0,,,,,,9.0,,,,9.0,,,,,,
2001,4,22,,,,,,,24.0,1731.0,1909.0,0.0,,,,,,,59.0,64.04,53.06,0.0,,290.0,280.0,,,0.0,,58.0,67.0,,,1.0,,,,,,1.0,,,,1.0,,9999.0,,,,
2001,4,23,,,,,,,,,,0.0,,,,,,,,,32.0,,,,,,,0.0,,,,,,0.0,,,,,,0.0,,,,,,-99.0,,,,
2001,4,24,,,,,,,,,,,,,,,,,,,,99.0,,,,,,,,,,,,,,,,,,,,,,,,99.0,,,,
2001,4,25,,,,,,,32.0,1254.0,1341.0,0.0,,,,,,,60.08,66.02,53.06,0.0,,290.0,280.0,,,0.0,,76.0,94.0,,,1.0,,,,,,1.0,,,,1.0,,-9999.0,,,,
2001,4,26,,,,,,,,,,0.0,,,,,,,,32.0,32.0,,,,,,,0.0,,,,,,,,,,,,,,,,,,-9.0,,,,
2001,4,27,,,,,,,22.0,306.0,305.0,0.0,,,,,,,60.980000000000004,69.08,51.98,0.0,,290.0,290.0,,,0.0,,72.0,80.0,,,999.0,,,,,,999.0,,,,999.0,,999.0,,,,
2001,4,28,,,,,,,,,,0.0,,,,,,,,,,,,,,,,0.0,,,,,,,,,,,,-999.0,,,,,,-999.0,,,,
2001,4,30,,,,,,,43.0,1947.0,1946.0,0.0,,,,,,,60.08,64.04,55.94,0.0,,280.0,280.0,,,0.0,,80.0,98.0,,,9999.0,,,,,,9999.0,,,,9999.0,,9999.0,,,,
2001,4,31,,,,,,,,,,0.0,,,,,,,,,,,,,,,,0.0,,,,,,,,,,,,-99.0,,,,,,,,,,
2001,5,1,,,,,,,29.0,2333.0,2220.0,0.0,,,,,,,60.980000000000004,64.94,55.94,0.0,,180.0,180.0,,,0.0,,58.0,76.0,,,1.0,,,,,,1.0,,,,1.0,,-9999.0,,,,
2001,5,2,,,,,,,,,,0.0,,,,,,,,32.0,32.0,,,,,,,0.0,,,,,,0.0,,,,,,,,,,,,,,,,
2001,5,3,,,,,,,37.0,350.0,355.0,,,,,,,,59.0,62.059999999999995,55.94,0.0,,200.0,190.0,,,0.0,,76.0,80.0,,,1.0,,,,,,999.0,,,,1.0,,1.0,,,,
2001,5,4,,,,,,,,,,0.0,,,,,,,,,,,,,,,,0.0,,,,,,,,,,,,-999.0,,,,,,,,,,
2001,5,5,,,,,,,,,,,,,,,,,,,,9.0,,,,,,,,,,,,,,,,,,9.0,,,,,,,,,,
2001,5,6,,,,,,,30.0,1235.0,1252.0,0.0,,,,,,,64.04,69.08,59.0,0.0,,210.0,210.0,,,0.0,,63.0,67.0,,,9999.0,,,,,,1.0,,,,9999.0,,9999.0,,,,
2001,5,7,,,,,,,,,,0.0,,,,,,,,,,,,,,,,0.0,,,,,,-99.0,,,,,,,,,,-99.0,,-99.0,,,,
2001,5,8,,,,,,,,,,,,,,,,,,,,,,,,,,,,,,,,99.0,,,,,,99.0,,,,99.0,,99.0,,,,
2001,5,9,,,,,,,25.0,1534.0,1533.0,0.0,,,,,,,64.94,69.98,59.0,0.0,,210.0,220.0,,,0.0,,54.0,67.0,,,1.0,,,,,,1.0,,,,1.0,,-9999.0,,,,
2001,5,10,,,,,,,,,,0.0,,,,,,,,32.0,32.0,,,,,,,0.0,,,,,,0.0,,,,,,0.0,,,,,,-9.0,,,,
2001,5,11,,,,,,,29.0,206.0,209.0,0.0,,,,,,,64.04,69.98,57.92,0.0,,270.0,290.0,,,0.0,,67.0,76.0,,,1.0,,,,,,1.0,,,,1.0,,999.0,,,,
2001,5,12,,,,,,,,,,0.0,,,,,,,,,,,,,,,,0.0,,,,,,0.0,,,,,,0.0,,,,,,-999.0,,,,
2001,5,14,,,,,,,27.0,1517.0,1421.0,0.0,,,,,,,64.94,69.98,59.0,0.0,,180.0,180.0,,,0.0,,67.0,76.0,,,1.0,,,,,,1.0,,,,1.0,,9999.0,,,,
2001,5,15,,,,,,,,,,0.0,,,,,,,,,,,,,,,,0.0,,,,,,0.0,,,,,,0.0,,,,,,-99.0,,,,
2001,5,16,,,,,,,,,,,,,,,,,,,,,,,,,,,,,,,,,,,,,,,,,,,,99.0,,,,
2001,5,17,,,,,,,25.0,1521.0,1518.0,0.0,,,,,,,62.959999999999994,66.02,59.0,0.0,,240.0,230.0,,,0.0,,58.0,67.0,,,1.0,,,,,,1.0,,,,1.0,,-9999.0,,,,
2001,5,18,,,,,,,,,,0.0,,,,,,,,32.0,32.0,,,,,,,0.0,,,,,,0.0,,,,,,,,,,,,,,,,
2001,5,19,,,,,,,26.0,838.0,645.0,,,,,,,,62.059999999999995,64.04,60.08,0.0,,160.0,280.0,,,0.0,,54.0,58.0,,,1.0,,,,,,999.0,,,,1.0,,1.0,,,,
2001,5,20,,,,,,,,,,0.0,,,,,,,,,,,,,,,,0.0,,,,,,,,,,,,-999.0,,,,,,,,,,
2001,5,22,,,,,,,33.0,1425.0,1445.0,0.0,,,,,,,62.959999999999994,64.94,60.980000000000004,9999.0,,280.0,270.0,,,0.0,,76.0,80.0,,,9999.0,,,,,,9999.0,,,,9999.0,,9999.0,,,,
2001,5,23,,,,,,,,,,0.0,,,,,,,,,,-99.0,,,,,,0.0,,,,,,,,,,,,,,,,,,-99.0,,,,
2001,5,24,,,,,,,,,,,,,,,,,,,,99.0,,,,,,,,,,,,,,,,,,,,,,,,99.0,,,,
2001,5,25,,,,,,,24.0,1421.0,1420.0,0.0,,,,,,,62.959999999999994,66.92,59.0,0.0,,250.0,260.0,,,0.0,,58.0,72.0,,,1.0,,,,,,1.0,,,,1.0,,-9999.0,,,,
2001,5,26,,,,,,,,,,0.0,,,,,,,,32.0,32.0,,,,,,,0.0,,,,,,0.0,,,,,,0.0,,,,,,-9.0,,,,
2001,5,27,,,,,,,38.0,606.0,601.0,0.0,,,,,,,62.959999999999994,66.02,59.0,0.0,,190.0,190.0,,,0.0,,72.0,89.0,,,1.0,,,,,,1.0,,,,1.0,,999.0,,,,
2001,5,28,,,,,,,,,,0.0,,,,,,,,,,,,,,,,0.0,,,,,,,,,,,,0.0,,,,,,-999.0,,,,
2001,5,30,,,,,,,25.0,1755.0,1755.0,0.0,,,,,,,64.04,66.92,60.08,0.0,,290.0,280.0,,,0.0,,58.0,67.0,,,9999.0,,,,,,9999.0,,,,9999.0,,9999.0,,,,
2001,5,31,,,,,,,,,,0.0,,,,,,,,,,,,,,,,0.0,,,,,,-99.0,,,,,,-99.0,,,,-99.0,,-99.0,,,,
2001,6,1,,,,,,,27.0,1417.0,1420.0,0.0,,,,,,,64.04,66.02,62.059999999999995,0.0,,190.0,180.0,,,0.0,,58.0,67.0,,,1.0,,,,,,1.0,,,,1.0,,,,,,
2001,6,2,,,,,,,,,,0.0,,,,,,,,32.0,32.0,,,,,,,0.0,,,,,,,,,,,,,,,,,,,,,,
2001,6,3,,,,,,,30.0,406.0,541.0,0.0,,,,,,,62.959999999999994,64.04,62.059999999999995,0.0,,230.0,230.0,,,0.0,,54.0,67.0,,,999.0,,,,,,999.0,,,,999.0,,,,,,
2001,6,4,,,,,,,,,,0.0,,,,,,,,,,,,,,,,0.0,,,,,,-999.0,,,,,,-999.0,,,,-999.0,,,,,,
2001,6,6,,,,,,,39.0,1310.0,1308.0,0.0,,,,,,,64.04,66.92,60.980000000000004,0.0,,240.0,240.0,,,0.0,,63.0,76.0,,,9999.0,,,,,,9999.0,,,,9999.0,,,,,,
2001,6,7,,,,,,,,,,0.0,,,,,,,,,,,,,,,,0.0,,,,,,-99.0,,,,,,,,,,-99.0,,,,,,
2001,6,8,,,,,,,,,,,,,,,,,,,,,,,,,,,,,,,,99.0,,,,,,,,,,99.0,,,,,,
2001,6,9,,,,,,,26.0,1154.0,1228.0,0.0,,,,,,,64.94,69.08,60.980000000000004,0.0,,200.0,240.0,,,0.0,,63.0,76.0,,,1.0,,,,,,1.0,,,,1.0,,,,,,
2001,6,10,,,,,,,,,,0.0,,,,,,,,32.0,32.0,,,,,,,0.0,,,,,,0.0,,,,,,0.0,,,,,,,,,,
2001,6,11,,,,,,,22.0,430.0,226.0,0.0,,,,,,,66.02,69.08,62.059999999999995,0.0,,190.0,210.0,,,0.0,,54.0,67.0,,,1.0,,,,,,1.0,,,,1.0,,,,,,
2001,6,12,,,,,,,,,,0.0,,,,,,,,,,,,,,,,0.0,,,,,,0.0,,,,,,0.0,,,,,,,,,,
2001,6,14,,,,,,,29.0,1711.0,1421.0,0.0,,,,,,,68.0,71.96,64.04,0.0,,280.0,290.0,,,0.0,,58.0,72.0,,,1.0,,,,,,1.0,,,,1.0,,,,,,
2001,6,15,,,,,,,,,,0.0,,,,,,,,,,,,,,,,0.0,,,,,,0.0,,,,,,,,,,,,,,,,
2001,6,16,,,,,,,,,,,,,,,,,,,,,,,,,,,,,,,,,,,,,,99.0,,,,,,,,,,
2001,6,17,,,,,,,31.0,1632.0,1629.0,0.0,,,,,,,66.92,69.98,62.959999999999994,0.0,,280.0,270.0,,,0.0,,54.0,67.0,,,1.0,,,,,,1.0,,,,1.0,,,,,,
2001,6,18,,,,,,,,,,0.0,,,,,,,,32.0,32.0,,,,,,,0.0,,,,,,,,,,,,,,,,,,,,,,
2001,6,19,,,,,,,43.0,146.0,150.0,0.0,,,,,,,64.94,66.92,62.059999999999995,0.0,,170.0,170.0,,,0.0,,76.0,80.0,,,999.0,,,,,,999.0,,,,999.0,,,,,,
2001,6,20,,,,,,,,,,0.0,,,,,,,,,,,,,,,,0.0,,,,,,,,,,,,-999.0,,,,,,,,,,
2001,6,22,,,,,,,27.0,1314.0,1314.0,0.0,,,,,,,66.92,73.04,60.08,9999.0,,280.0,260.0,,,0.0,,63.0,76.0,,,1.0,,,,,,9999.0,,,,1.0,,,,,,
2001,6,23,,,,,,,,,,0.0,,,,,,,,,,-99.0,,,,,,0.0,,,,,,0.0,,,,,,,,,,,,,,,,
2001,6,24,,,,,,,,,,,,,,,,,,,,99.0,,,,,,,,,,,,,,,,,,,,,,,,,,,,
2001,6,25,,,,,,,26.0,1545.0,1348.0,0.0,,,,,,,68.0,73.04,62.959999999999994,-9999.0,,320.0,220.0,,,0.0,,54.0,67.0,,,1.0,,,,,,1.0,,,,1.0,,,,,,
2001,6,26,,,,,,,,,,0.0,,,,,,,,32.0,32.0,-9.0,,,,,,0.0,,,,,,0.0,,,,,,,,,,,,,,,,
2001,6,27,,,,,,,35.0,102.0,101.0,0.0,,,,,,,68.0,73.04,62.959999999999994,999.0,,280.0,290.0,,,0.0,,80.0,94.0,,,1.0,,,,,,999.0,,,,1.0,,,,,,
2001,6,28,,,,,,,,,,0.0,,,,,,,,,,-999.0,,,,,,0.0,,,,,,0.0,,,,,,,,,,,,,,,,
2001,6,30,,,,,,,25.0,1658.0,1658.0,0.0,,,,,,,69.98,75.92,62.959999999999994,9999.0,,290.0,290.0,,,0.0,,63.0,72.0,,,1.0,,,,,,9999.0,,,,1.0,,,,,,
2001,6,31,,,,,,,,,,0.0,,,,,,,,,,,,,,,,0.0,,,,,,0.0,,,,,,,,,,,,,,,,
2001,7,1,,,,,,,25.0,1146.0,1145.0,0.0,,,,,,,71.06,75.02,66.02,0.0,,180.0,180.0,,,0.0,,67.0,94.0,,,1.0,,,,,,1.0,,,,1.0,,-9999.0,,,,
2001,7,2,,,,,,,,,,0.0,,,,,,,,32.0,32.0,,,,,,,0.0,,,,,,,,,,,,,,,,,,-9.0,,,,
2001,7,3,,,,,,,22.0,631.0,28.0,0.0,,,,,,,71.06,75.02,66.02,0.0,,150.0,160.0,,,0.0,,63.0,67.0,,,999.0,,,,,,999.0,,,,999.0,,999.0,,,,
2001,7,4,,,,,,,,,,0.0,,,,,,,,,,,,,,,,0.0,,,,,,,,,,,,-999.0,,,,,,-999.0,,,,
2001,7,5,,,,,,,,,,,,,,,,,,,,,,,,,,,,,,,,,,,,,,,,,,,,9.0,,,,
2001,7,6,,,,,,,24.0,744.0,11.0,,,,,,,,73.94,78.08,69.08,0.0,,180.0,250.0,,,0.0,,54.0,63.0,,,1.0,,,,,,9999.0,,,,1.0,,1.0,,,,
2001,7,7,,,,,,,,,,0.0,,,,,,,,,,,,,,,,0.0,,,,,,0.0,,,,,,,,,,,,0.0,,,,
2001,7,9,,,,,,,27.0,1219.0,1218.0,0.0,,,,,,,71.96,75.92,68.0,0.0,,210.0,210.0,,,0.0,,54.0,63.0,,,1.0,,,,,,1.0,,,,1.0,,-9999.0,,,,
2001,7,10,,,,,,,,,,0.0,,,,,,,,32.0,32.0,,,,,,,0.0,,,,,,,,,,,,,,,,,,-9.0,,,,
2001,7,11,,,,,,,36.0,319.0,319.0,0.0,,,,,,,71.96,77.0,66.92,0.0,,280.0,280.0,,,0.0,,72.0,80.0,,,999.0,,,,,,999.0,,,,999.0,,999.0,,,,
2001,7,12,,,,,,,,,,0.0,,,,,,,,,,,,,,,,0.0,,,,,,,,,,,,-999.0,,,,,,-999.0,,,,
2001,7,14,,,,,,,36.0,1439.0,1655.0,0.0,,,,,,,69.08,71.96,64.94,0.0,,270.0,290.0,,,0.0,,72.0,89.0,,,9999.0,,,,,,9999.0,,,,9999.0,,9999.0,,,,
2001,7,15,,,,,,,,,,0.0,,,,,,,,,,,,,,,,0.0,,,,,,-99.0,,,,,,-99.0,,,,-99.0,,-99.0,,,,
2001,7,16,,,,,,,,,,,,,,,,,,,,,,,,,,,,,,,,99.0,,,,,,99.0,,,,99.0,,99.0,,,,
2001,7,17,,,,,,,41.0,1417.0,1318.0,0.0,,,,,,,68.0,71.96,64.04,0.0,,280.0,290.0,,,0.0,,80.0,98.0,,,-9999.0,,,,,,-9999.0,,,,-9999.0,,-9999.0,,,,
2001,7,18,,,,,,,,,,0.0,,,,,,,,32.0,32.0,,,,,,,0.0,,,,,,-9.0,,,,,,-9.0,,,,-9.0,,-9.0,,,,
2001,7,19,,,,,,,41.0,238.0,325.0,0.0,,,,,,,68.0,71.96,64.04,0.0,,280.0,290.0,,,0.0,,80.0,94.0,,,999.0,,,,,,999.0,,,,999.0,,999.0,,,,
2001,7,20,,,,,,,,,,0.0,,,,,,,,,,,,,,,,0.0,,,,,,-999.0,,,,,,-999.0,,,,-999.0,,-999.0,,,,
2001,7,21,,,,,,,,,,,,,,,,,,,,,,,,,,,,,,,,9.0,,,,,,,,,,9.0,,,,,,
2001,7,22,,,,,,,28.0,1437.0,1353.0,0.0,,,,,,,64.94,68.0,62.059999999999995,0.0,,170.0,210.0,,,0.0,,54.0,67.0,,,1.0,,,,,,9999.0,,,,1.0,,9999.0,,,,
2001,7,23,,,,,,,,,,0.0,,,,,,,,,,,,,,,,0.0,,,,,,,,,,,,,,,,,,-99.0,,,,
2001,7,24,,,,,,,,,,,,,,,,,,,,,,,,,,,,,,,,99.0,,,,,,,,,,99.0,,99.0,,,,
2001,7,25,,,,,,,28.0,1331.0,2146.0,0.0,,,,,,,66.92,69.98,62.959999999999994,0.0,,230.0,200.0,,,0.0,,58.0,80.0,,,-9999.0,,,,,,-9999.0,,,,-9999.0,,1.0,,,,
2001,7,26,,,,,,,,,,,,,,,,,,32.0,32.0,,,,,,,0.0,,,,,,-9.0,,,,,,-9.0,,,,-9.0,,,,,,
2001,7,27,,,,,,,27.0,530.0,215.0,0.0,,,,,,,66.92,71.06,62.959999999999994,0.0,,270.0,250.0,,,0.0,,58.0,80.0,,,999.0,,,,,,999.0,,,,999.0,,999.0,,,,
2001,7,28,,,,,,,,,,0.0,,,,,,,,,,,,,,,,0.0,,,,,,-999.0,,,,,,,,,,-999.0,,-999.0,,,,
2001,7,30,,,,,,,28.0,1243.0,1400.0,0.0,,,,,,,68.0,73.04,62.959999999999994,0.0,,280.0,280.0,,,0.0,,63.0,76.0,,,9999.0,,,,,,1.0,,,,9999.0,,9999.0,,,,
2001,7,31,,,,,,,,,,0.0,,,,,,,,,,,,,,,,0.0,,,,,,-99.0,,,,,,,,,,-99.0,,-99.0,,,,
2001,8,1,,,,,,,28.0,1404.0,1236.0,0.0,,,,,,,69.08,71.96,66.02,-9999.0,,280.0,280.0,,,0.0,,58.0,80.0,,,-9999.0,,,,,,-9999.0,,,,-9999.0,,,,,,
2001,8,2,,,,,,,,,,0.0,,,,,,,,32.0,32.0,,,,,,,0.0,,,,,,-9.0,,,,,,-9.0,,,,-9.0,,,,,,
2001,8,3,,,,,,,28.0,359.0,313.0,0.0,,,,,,,69.08,73.04,64.94,0.0,,260.0,260.0,,,0.0,,63.0,80.0,,,999.0,,,,,,999.0,,,,999.0,,,,,,
2001,8,4,,,,,,,,,,0.0,,,,,,,,,,,,,,,,0.0,,,,,,,,,,,,-999.0,,,,,,,,,,
2001,8,6,,,,,,,34.0,1610.0,1609.0,0.0,,,,,,,69.98,73.04,66.02,0.0,,280.0,290.0,,,0.0,,67.0,76.0,,,1.0,,,,,,9999.0,,,,1.0,,,,,,
2001,8,7,,,,,,,,,,0.0,,,,,,,,,,,,,,,,0.0,,,,,,0.0,,,,,,-99.0,,,,,,,,,,
2001,8,8,,,,,,,,,,,,,,,,,,,,,,,,,,,,,,,,,,,,,,99.0,,,,,,,,,,
2001,8,9,,,,,,,34.0,1709.0,1428.0,0.0,,,,,,,69.98,75.02,64.94,0.0,,280.0,280.0,,,0.0,,63.0,76.0,,,1.0,,,,,,-9999.0,,,,1.0,,,,,,
2001,8,10,,,,,,,,,,0.0,,,,,,,,32.0,32.0,,,,,,,0.0,,,,,,0.0,,,,,,-9.0,,,,,,,,,,
2001,8,11,,,,,,,31.0,116.0,538.0,0.0,,,,,,,71.06,73.94,66.92,0.0,,280.0,290.0,,,0.0,,63.0,72.0,,,1.0,,,,,,999.0,,,,1.0,,,,,,
2001,8,12,,,,,,,,,,0.0,,,,,,,,,,,,,,,,0.0,,,,,,0.0,,,,,,-999.0,,,,,,,,,,
2001,8,13,,,,,,,,,,,,,,,,,,,,,,,,,,,,,,,,,,,,,,9.0,,,,,,,,,,
2001,8,14,,,,,,,34.0,1419.0,1408.0,0.0,,,,,,,69.98,73.94,66.02,0.0,,280.0,280.0,,,0.0,,76.0,94.0,,,1.0,,,,,,1.0,,,,1.0,,,,,,
2001,8,15,,,,,,,,,,0.0,,,,,,,,,,,,,,,,0.0,,,,,,0.0,,,,,,,,,,,,,,,,
2001,8,16,,,,,,,,,,,,,,,,,,,,,,,,,,,,,,,,,,,,,,99.0,,,,,,,,,,
2001,8,17,,,,,,,29.0,1201.0,1316.0,0.0,,,,,,,69.08,71.96,64.94,-9999.0,,210.0,200.0,,,0.0,,58.0,72.0,,,1.0,,,,,,-9999.0,,,,1.0,,,,,,
2001,8,18,,,,,,,,,,0.0,,,,,,,,32.0,32.0,-9.0,,,,,,0.0,,,,,,0.0,,,,,,-9.0,,,,,,,,,,
2001,8,19,,,,,,,26.0,531.0,514.0,0.0,,,,,,,69.98,73.04,66.92,999.0,,200.0,250.0,,,0.0,,58.0,72.0,,,1.0,,,,,,999.0,,,,1.0,,,,,,
2001,8,20,,,,,,,,,,0.0,,,,,,,,,,-999.0,,,,,,0.0,,,,,,0.0,,,,,,,,,,,,,,,,
2001,8,22,,,,,,,33.0,1344.0,1343.0,0.0,,,,,,,73.04,78.08,68.0,9999.0,,290.0,280.0,,,0.0,,63.0,72.0,,,1.0,,,,,,9999.0,,,,1.0,,,,,,
2001,8,23,,,,,,,,,,0.0,,,,,,,,,,-99.0,,,,,,0.0,,,,,,0.0,,,,,,-99.0,,,,,,,,,,
2001,8,24,,,,,,,,,,,,,,,,,,,,99.0,,,,,,,,,,,,,,,,,,99.0,,,,,,,,,,
2001,8,25,,,,,,,33.0,1322.0,1421.0,0.0,,,,,,,71.06,75.02,66.92,-9999.0,,280.0,280.0,,,0.0,,67.0,76.0,,,1.0,,,,,,1.0,,,,1.0,,,,,,
2001,8,26,,,,,,,,,,0.0,,,,,,,,32.0,32.0,,,,,,,0.0,,,,,,0.0,,,,,,0.0,,,,,,,,,,
2001,8,27,,,,,,,29.0,339.0,338.0,0.0,,,,,,,71.96,75.02,68.0,0.0,,280.0,280.0,,,0.0,,72.0,80.0,,,1.0,,,,,,1.0,,,,1.0,,,,,,
2001,8,28,,,,,,,,,,0.0,,,,,,,,,,,,,,,,0.0,,,,,,0.0,,,,,,0.0,,,,,,,,,,
2001,8,30,,,,,,,27.0,1457.0,1502.0,0.0,,,,,,,73.94,78.98,68.0,0.0,,200.0,200.0,,,0.0,,45.0,58.0,,,1.0,,,,,,1.0,,,,1.0,,,,,,
2001,8,31,,,,,,,,,,0.0,,,,,,,,,,,,,,,,0.0,,,,,,0.0,,,,,,0.0,,,,,,,,,,
2001,9,1,,,,,,,24.0,1146.0,1314.0,0.0,,,,,,,69.98,75.02,64.94,0.0,,300.0,320.0,,,0.0,,58.0,67.0,,,-9999.0,-9999.0,,,,,-9999.0,,,,-9999.0,,,,,,
2001,9,2,,,,,,,,,,0.0,,,,,,,,32.0,32.0,,,,,,,0.0,,,,,,-9.0,-9.0,,,,,-9.0,,,,-9.0,,,,,,
2001,9,3,,,,,,,33.0,403.0,402.0,0.0,,,,,,,71.06,75.02,66.92,0.0,,280.0,280.0,,,0.0,,67.0,72.0,,,999.0,999.0,,,,,999.0,,,,999.0,,,,,,
2001,9,4,,,,,,,,,,0.0,,,,,,,,,,,,,,,,0.0,,,,,,-999.0,-999.0,,,,,-999.0,,,,-999.0,,,,,,
2001,9,5,,,,,,,,,,,,,,,,,,,,,,,,,,,,,,,,9.0,,,,,,,,,,9.0,,,,,,
2001,9,6,,,,,,,34.0,1207.0,1136.0,0.0,,,,,,,71.06,75.02,66.02,0.0,,280.0,280.0,,,0.0,,80.0,98.0,,,1.0,9999.0,,,,,9999.0,,,,1.0,,,,,,
2001,9,7,,,,,,,,,,0.0,,,,,,,,,,,,,,,,0.0,,,,,,0.0,-99.0,,,,,,,,,,,,,,,
2001,9,8,,,,,,,,,,,,,,,,,,,,,,,,,,,,,,,,,99.0,,,,,,,,,,,,,,,
2001,9,9,,,,,,,34.0,1455.0,1455.0,0.0,,,,,,,66.02,69.08,62.959999999999994,0.0,,180.0,190.0,,,0.0,,63.0,72.0,,,1.0,-9999.0,,,,,1.0,,,,1.0,,,,,,
2001,9,10,,,,,,,,,,0.0,,,,,,,,32.0,32.0,,,,,,,0.0,,,,,,,-9.0,,,,,0.0,,,,,,,,,,
2001,9,11,,,,,,,31.0,319.0,204.0,0.0,,,,,,,66.02,69.08,62.959999999999994,0.0,,200.0,210.0,,,0.0,,58.0,72.0,,,999.0,999.0,,,,,1.0,,,,999.0,,,,,,
2001,9,12,,,,,,,,,,0.0,,,,,,,,,,,,,,,,0.0,,,,,,-999.0,-999.0,,,,,0.0,,,,-999.0,,,,,,
2001,9,13,,,,,,,,,,,,,,,,,,,,,,,,,,,,,,,,9.0,,,,,,,,,,9.0,,,,,,
2001,9,14,,,,,,,34.0,1353.0,1352.0,0.0,,,,,,,66.92,68.0,64.94,0.0,,280.0,280.0,,,0.0,,67.0,80.0,,,1.0,9999.0,,,,,9999.0,,,,1.0,,,,,,
2001,9,15,,,,,,,,,,0.0,,,,,,,,,,,,,,,,0.0,,,,,,0.0,-99.0,,,,,-99.0,,,,,,,,,,
2001,9,16,,,,,,,,,,,,,,,,,,,,,,,,,,,,,,,,,99.0,,,,,99.0,,,,,,,,,,
2001,9,17,,,,,,,26.0,1513.0,1535.0,0.0,,,,,,,68.0,71.96,64.04,0.0,,280.0,280.0,,,0.0,,72.0,80.0,,,1.0,-9999.0,,,,,1.0,,,,1.0,,,,,,
2001,9,18,,,,,,,,,,0.0,,,,,,,,32.0,32.0,,,,,,,0.0,,,,,,,-9.0,,,,,0.0,,,,,,,,,,
2001,9,19,,,,,,,35.0,224.0,337.0,0.0,,,,,,,69.08,73.04,64.04,0.0,,290.0,270.0,,,0.0,,72.0,89.0,,,999.0,999.0,,,,,1.0,,,,999.0,,,,,,
2001,9,20,,,,,,,,,,0.0,,,,,,,,,,,,,,,,0.0,,,,,,,-999.0,,,,,0.0,,,,,,,,,,
2001,9,22,,,,,,,31.0,1315.0,1308.0,0.0,,,,,,,68.0,73.94,62.059999999999995,0.0,,280.0,290.0,,,0.0,,80.0,98.0,,,1.0,9999.0,,,,,1.0,,,,1.0,,,,,,
2001,9,23,,,,,,,,,,0.0,,,,,,,,,,,,,,,,0.0,,,,,,0.0,,,,,,0.0,,,,,,,,,,
2001,9,25,,,,,,,26.0,1352.0,1251.0,0.0,,,,,,,69.08,73.04,64.94,0.0,,280.0,310.0,,,0.0,,54.0,67.0,,,-9999.0,-9999.0,,,,,-9999.0,,,,-9999.0,,,,,,
2001,9,26,,,,,,,,,,0.0,,,,,,,,32.0,32.0,,,,,,,0.0,,,,,,,-9.0,,,,,,,,,,,,,,,
2001,9,27,,,,,,,29.0,432.0,431.0,0.0,,,,,,,66.92,71.06,62.959999999999994,0.0,,270.0,270.0,,,0.0,,54.0,63.0,,,1.0,999.0,,,,,1.0,,,,1.0,,,,,,
2001,9,28,,,,,,,,,,0.0,,,,,,,,,,,,,,,,0.0,,,,,,0.0,-999.0,,,,,,,,,,,,,,,
2001,9,30,,,,,,,35.0,1238.0,1155.0,0.0,,,,,,,68.0,71.96,64.04,9999.0,,280.0,280.0,,,0.0,,72.0,89.0,,,1.0,9999.0,,,,,9999.0,,,,1.0,,,,,,
2001,9,31,,,,,,,,,,0.0,,,,,,,,,,-99.0,,,,,,0.0,,,,,,0.0,-99.0,,,,,,,,,,,,,,,
2001,10,1,,,,,,,25.0,1318.0,1313.0,0.0,,,,,,,75.92,84.02,68.0,0.0,,290.0,300.0,,,0.0,,76.0,94.0,,,-9999.0,-9999.0,,,,,-9999.0,,,,-9999.0,,,,,,
2001,10,2,,,,,,,,,,0.0,,,,,,,,32.0,32.0,,,,,,,0.0,,,,,,,-9.0,,,,,,,,,,,,,,,
2001,10,3,,,,,,,25.0,415.0,453.0,0.0,,,,,,,68.0,71.06,64.94,0.0,,290.0,290.0,,,0.0,,63.0,72.0,,,1.0,999.0,,,,,1.0,,,,1.0,,,,,,
2001,10,4,,,,,,,,,,0.0,,,,,,,,,,,,,,,,0.0,,,,,,0.0,-999.0,,,,,,,,,,,,,,,
2001,10,5,,,,,,,,,,,,,,,,,,,,,,,,,,,,,,,,,,,,,,9.0,,,,,,,,,,
2001,10,6,,,,,,,26.0,1529.0,1302.0,0.0,,,,,,,68.0,71.96,64.04,0.0,,280.0,310.0,,,0.0,,54.0,67.0,,,1.0,9999.0,,,,,1.0,,,,1.0,,,,,,
2001,10,7,,,,,,,,,,0.0,,,,,,,,,,,,,,,,0.0,,,,,,,-99.0,,,,,,,,,,,,,,,
2001,10,8,,,,,,,,,,,,,,,,,,,,,,,,,,,,,,,,99.0,99.0,,,,,99.0,,,,99.0,,,,,,
2001,10,9,,,,,,,27.0,1439.0,1543.0,0.0,,,,,,,66.02,69.08,62.959999999999994,0.0,,220.0,230.0,,,0.0,,58.0,72.0,,,-9999.0,-9999.0,,,,,-9999.0,,,,-9999.0,,,,,,
2001,10,10,,,,,,,,,,0.0,,,,,,,,32.0,32.0,,,,,,,0.0,,,,,,-9.0,-9.0,,,,,-9.0,,,,-9.0,,,,,,
2001,10,11,,,,,,,28.0,324.0,310.0,0.0,,,,,,,68.0,71.06,64.94,0.0,,280.0,270.0,,,0.0,,67.0,94.0,,,999.0,999.0,,,,,999.0,,,,999.0,,,,,,
2001,10,12,,,,,,,,,,0.0,,,,,,,,,,,,,,,,0.0,,,,,,-999.0,-999.0,,,,,-999.0,,,,-999.0,,,,,,
2001,10,14,,,,,,,19.0,1522.0,1307.0,0.0,,,,,,,64.94,66.02,62.959999999999994,0.0,,270.0,260.0,,,0.0,,54.0,63.0,,,9999.0,9999.0,,,,,9999.0,,,,9999.0,,,,,,
2001,10,15,,,,,,,,,,0.0,,,,,,,,,,,,,,,,0.0,,,,,,,-99.0,,,,,,,,,,,,,,,
2001,10,16,,,,,,,,,,,,,,,,,,,,,,,,,,,,,,,,,99.0,,,,,,,,,,,,,,,
2001,10,17,,,,,,,25.0,1453.0,1501.0,0.0,,,,,,,66.02,71.06,60.980000000000004,0.0,,290.0,280.0,,,0.0,,63.0,67.0,,,1.0,-9999.0,,,,,1.0,,,,1.0,,,,,,
2001,10,18,,,,,,,,,,0.0,,,,,,,,32.0,32.0,,,,,,,0.0,,,,,,0.0,-9.0,,,,,0.0,,,,,,,,,,
2001,10,19,,,,,,,22.0,437.0,432.0,0.0,,,,,,,69.08,75.02,62.059999999999995,0.0,,290.0,280.0,,,0.0,,58.0,67.0,,,1.0,999.0,,,,,1.0,,,,1.0,,,,,,
2001,10,20,,,,,,,,,,0.0,,,,,,,,,,,,,,,,0.0,,,,,,0.0,,,,,,0.0,,,,,,,,,,
2001,10,22,,,,,,,17.0,1159.0,1158.0,0.0,,,,,,,68.0,75.02,60.08,0.0,,310.0,310.0,,,0.0,,58.0,63.0,,,1.0,9999.0,,,,,1.0,,,,1.0,,,,,,
2001,10,23,,,,,,,,,,0.0,,,,,,,,,,,,,,,,0.0,,,,,,0.0,-99.0,,,,,0.0,,,,,,,,,,
2001,10,24,,,,,,,,,,,,,,,,,,,,,,,,,,,,,,,,,99.0,,,,,,,,,,,,,,,
2001,10,25,,,,,,,25.0,1401.0,1400.0,0.0,,,,,,,66.02,73.04,59.0,0.0,,280.0,280.0,,,0.0,,72.0,80.0,,,1.0,1.0,,,,,1.0,,,,1.0,,,,,,
2001,10,26,,,,,,,,,,0.0,,,,,,,,32.0,32.0,,,,,,,0.0,,,,,,0.0,,,,,,0.0,,,,,,,,,,
2001,10,27,,,,,,,31.0,155.0,138.0,0.0,,,,,,,64.94,69.98,59.0,0.0,,280.0,290.0,,,0.0,,67.0,76.0,,,1.0,999.0,,,,,1.0,,,,1.0,,,,,,
2001,10,28,,,,,,,,,,0.0,,,,,,,,,,,,,,,,0.0,,,,,,0.0,,,,,,0.0,,,,,,,,,,
2001,10,29,,,,,,,,,,,,,,,,,,,,9.0,,,,,,,,,,,,,,,,,,,,,,,,,,,,
2001,10,30,,,,,,,24.0,1155.0,1220.0,0.0,,,,,,,66.02,73.04,59.0,0.0,,290.0,290.0,,,0.0,,80.0,94.0,,,1.0,9999.0,,,,,1.0,,,,1.0,,,,,,
2001,10,31,,,,,,,,,,0.0,,,,,,,,,,,,,,,,0.0,,,,,,0.0,-99.0,,,,,0.0,,,,,,,,,,
2001,11,1,,,,,,,23.0,1508.0,1511.0,0.0,,,,,,,64.04,66.92,60.980000000000004,0.0,,280.0,280.0,,,0.0,,63.0,72.0,,,1.0,-9999.0,-9999.0,,,,-9999.0,,,,1.0,-9999.0,-9999.0,,,,
2001,11,2,,,,,,,,,,0.0,,,,,,,,32.0,32.0,,,,,,,0.0,,,,,,0.0,-9.0,-9.0,,,,,,,,,-9.0,-9.0,,,,
2001,11,3,,,,,,,26.0,411.0,504.0,0.0,,,,,,,64.04,66.92,60.08,999.0,,280.0,300.0,,,0.0,,67.0,80.0,,,1.0,999.0,999.0,,,,1.0,,,,1.0,999.0,999.0,,,,
2001,11,4,,,,,,,,,,0.0,,,,,,,,,,-999.0,,,,,,0.0,,,,,,0.0,-999.0,-999.0,,,,0.0,,,,,-999.0,-999.0,,,,
2001,11,5,,,,,,,,,,,,,,,,,,,,,,,,,,,,,,,,,,9.0,,,,,,,,,,9.0,,,,
2001,11,6,,,,,,,35.0,931.0,930.0,61.0,,,,,,,66.92,69.98,62.959999999999994,9999.0,,340.0,330.0,,,0.0,,89.0,98.0,,,1.0,9999.0,1.0,,,,1.0,,,,1.0,9999.0,1.0,,,,
2001,11,7,,,,,,,,,,0.0,,,,,,,,,,-99.0,,,,,,0.0,,,,,,0.0,-99.0,,,,,0.0,,,,,-99.0,0.0,,,,
2001,11,8,,,,,,,,,,,,,,,,,,,,99.0,,,,,,,,,,,,,99.0,99.0,,,,,,,,,99.0,,,,,
2001,11,9,,,,,,,18.0,1054.0,1107.0,0.0,,,,,,,62.059999999999995,62.959999999999994,60.08,0.0,,210.0,220.0,,,0.0,,40.0,45.0,,,1.0,-9999.0,-9999.0,,,,-9999.0,,,,1.0,-9999.0,-9999.0,,,,
2001,11,10,,,,,,,,,,0.0,,,,,,,,32.0,32.0,,,,,,,0.0,,,,,,0.0,-9.0,-9.0,,,,-9.0,,,,,-9.0,-9.0,,,,
2001,11,11,,,,,,,19.0,433.0,427.0,0.0,,,,,,,62.059999999999995,62.959999999999994,60.08,0.0,,270.0,270.0,,,0.0,,40.0,54.0,,,1.0,999.0,999.0,,,,999.0,,,,1.0,999.0,999.0,,,,
2001,11,12,,,,,,,,,,0.0,,,,,,,,,,,,,,,,0.0,,,,,,0.0,,-999.0,,,,,,,,,-999.0,-999.0,,,,
2001,11,14,,,,,,,21.0,1216.0,1225.0,0.0,,,,,,,62.059999999999995,64.94,59.0,0.0,,200.0,230.0,,,0.0,,45.0,58.0,,,1.0,9999.0,9999.0,,,,9999.0,,,,1.0,9999.0,9999.0,,,,
2001,11,15,,,,,,,,,,0.0,,,,,,,,,,,,,,,,0.0,,,,,,,-99.0,-99.0,,,,-99.0,,,,,-99.0,-99.0,,,,
2001,11,16,,,,,,,,,,,,,,,,,,,,,,,,,,,,,,,,99.0,99.0,99.0,,,,99.0,,,,99.0,99.0,99.0,,,,
2001,11,17,,,,,,,21.0,1440.0,1447.0,0.0,,,,,,,66.92,73.04,60.980000000000004,0.0,,290.0,300.0,,,0.0,,63.0,67.0,,,1.0,-9999.0,-9999.0,,,,1.0,,,,1.0,-9999.0,1.0,,,,
2001,11,18,,,,,,,,,,,,,,,,,,32.0,32.0,,,,,,,0.0,,,,,,0.0,-9.0,-9.0,,,,0.0,,,,,-9.0,0.0,,,,
2001,11,19,,,,,,,23.0,28.0,28.0,48.0,,,,,,,64.94,69.98,59.0,0.0,,300.0,300.0,,,0.0,,72.0,94.0,,,1.0,999.0,999.0,,,,1.0,,,,1.0,999.0,1.0,,,,
2001,11,20,,,,,,,,,,0.0,,,,,,,,,,,,,,,,0.0,,,,,,,-999.0,-999.0,,,,,,,,,-999.0,,,,,
2001,11,22,,,,,,,19.0,1222.0,1221.0,0.0,,,,,,,60.08,66.92,53.06,9999.0,,290.0,290.0,,,0.0,,72.0,89.0,,,9999.0,9999.0,9999.0,,,,9999.0,,,,9999.0,9999.0,9999.0,,,,
2001,11,23,,,,,,,,,,0.0,,,,,,,,,,,,,,,,0.0,,,,,,,-99.0,-99.0,,,,-99.0,,,,,-99.0,-99.0,,,,
2001,11,24,,,,,,,,,,,,,,,,,,,,,,,,,,,,,,,,,99.0,99.0,,,,99.0,,,,,99.0,99.0,,,,
2001,11,25,,,,,,,22.0,1350.0,1345.0,0.0,,,,,,,62.059999999999995,71.06,51.98,0.0,,290.0,290.0,,,0.0,,72.0,89.0,,,1.0,1.0,-9999.0,,,,1.0,,,,1.0,-9999.0,-9999.0,,,,
2001,11,26,,,,,,,,,,0.0,,,,,,,,32.0,32.0,,,,,,,0.0,,,,,,0.0,,-9.0,,,,0.0,,,,,-9.0,-9.0,,,,
2001,11,27,,,,,,,22.0,438.0,437.0,0.0,,,,,,,60.980000000000004,68.0,53.96,999.0,,300.0,290.0,,,0.0,,58.0,67.0,,,1.0,1.0,999.0,,,,1.0,,,,1.0,999.0,999.0,,,,
2001,11,28,,,,,,,,,,0.0,,,,,,,,,,-999.0,,,,,,0.0,,,,,,0.0,,-999.0,,,,0.0,,,,,-999.0,-999.0,,,,
2001,11,30,,,,,,,17.0,1426.0,1305.0,0.0,,,,,,,60.08,71.06,48.92,9999.0,,290.0,290.0,,,0.0,,54.0,63.0,,,1.0,1.0,9999.0,,,,1.0,,,,1.0,9999.0,9999.0,,,,
2001,11,31,,,,,,,,,,0.0,,,,,,,,,,-99.0,,,,,,0.0,,,,,,0.0,,-99.0,,,,0.0,,,,,-99.0,-99.0,,,,
2001,12,1,,,,,,,13.0,1325.0,1325.0,0.0,,,,,,,55.04,62.059999999999995,46.94,-9999.0,,300.0,310.0,,,0.0,,58.0,63.0,,,1.0,-9999.0,,,,,1.0,,,,1.0,,-9999.0,,,,
2001,12,2,,,,,,,,,,0.0,,,,,,,,32.0,32.0,-9.0,,,,,,0.0,,,,,,0.0,-9.0,,,,,,,,,,,-9.0,,,,
2001,12,3,,,,,,,17.0,425.0,415.0,0.0,,,,,,,55.04,62.059999999999995,48.02,999.0,,230.0,240.0,,,0.0,,45.0,58.0,,,1.0,999.0,,,,,999.0,,,,1.0,,999.0,,,,
2001,12,4,,,,,,,,,,,,,,,,,,,,-999.0,,,,,,0.0,,,,,,0.0,-999.0,,,,,-999.0,,,,,,,,,,
2001,12,6,,,,,,,19.0,1053.0,1052.0,,,,,,,,55.94,60.980000000000004,50.0,9999.0,,290.0,290.0,,,0.0,,63.0,72.0,,,9999.0,9999.0,,,,,9999.0,,,,9999.0,,1.0,,,,
2001,12,7,,,,,,,,,,0.0,,,,,,,,,32.0,-99.0,,,,,,0.0,,,,,,-99.0,-99.0,,,,,-99.0,,,,-99.0,,,,,,
2001,12,8,,,,,,,,,,,,,,,,,,,,99.0,,,,,,,,,,,,99.0,99.0,,,,,99.0,,,,99.0,,99.0,,,,
2001,12,9,,,,,,,22.0,1531.0,1531.0,0.0,,,,,,,57.92,69.08,46.94,-9999.0,,310.0,310.0,,,0.0,,72.0,80.0,,,-9999.0,-9999.0,,,,,-9999.0,,,,-9999.0,,-9999.0,,,,
2001,12,10,,,,,,,,,,0.0,,,,,,,,32.0,32.0,-9.0,,,,,,0.0,,,,,,-9.0,-9.0,,,,,-9.0,,,,-9.0,,-9.0,,,,
2001,12,11,,,,,,,10.0,406.0,159.0,0.0,,,,,,,62.059999999999995,75.02,48.92,999.0,,320.0,130.0,,,0.0,,45.0,54.0,,,999.0,999.0,,,,,999.0,,,,999.0,,999.0,,,,
2001,12,12,,,,,,,,,,0.0,,,,,,,,,,-999.0,,,,,,0.0,,,,,,-999.0,-999.0,,,,,-999.0,,,,-999.0,,-999.0,,,,
2001,12,13,,,,,,,,,,,,,,,,,,,,,,,,,,,,,,,,,,,,,,,,,,,,9.0,,,,
2001,12,14,,,,,,,36.0,2022.0,2021.0,,,,,,,,55.94,62.959999999999994,48.02,9999.0,,270.0,270.0,,,0.0,,94.0,107.0,,,9999.0,9999.0,,,,,9999.0,,,,9999.0,,1.0,,,,
2001,12,15,,,,,,,,,,0.0,,,,,,,,,32.0,-99.0,,,,,,0.0,,,,,,-99.0,-99.0,,,,,-99.0,,,,-99.0,,0.0,,,,
2001,12,16,,,,,,,,,,,,,,,,,,,,99.0,,,,,,,,,,,,99.0,99.0,,,,,99.0,,,,99.0,,,,,,
2001,12,17,,,,,,,21.0,1529.0,1514.0,0.0,,,,,,,53.06,59.0,46.94,-9999.0,,290.0,280.0,,,0.0,,67.0,80.0,,,-9999.0,-9999.0,,,,,-9999.0,,,,-9999.0,,-9999.0,,,,
2001,12,18,,,,,,,,,,0.0,,,,,,,,32.0,32.0,-9.0,,,,,,0.0,,,,,,-9.0,-9.0,,,,,-9.0,,,,-9.0,,-9.0,,,,
2001,12,19,,,,,,,28.0,344.0,339.0,0.0,,,,,,,55.04,60.980000000000004,48.92,999.0,,250.0,260.0,,,0.0,,63.0,76.0,,,999.0,999.0,,,,,999.0,,,,999.0,,999.0,,,,
2001,12,20,,,,,,,,,,0.0,,,,,,,,,,-999.0,,,,,,0.0,,,,,,-999.0,-999.0,,,,,-999.0,,,,-999.0,,-999.0,,,,
2001,12,21,,,,,,,,,,,,,,,,,,,,,,,,,,,,,,,,9.0,,,,,,,,,,9.0,,9.0,,,,
2001,12,22,,,,,,,33.0,1647.0,1646.0,10.0,,,,,,,51.98,57.92,46.04,9999.0,,260.0,270.0,,,0.0,,94.0,116.0,,,1.0,9999.0,,,,,9999.0,,,,1.0,,1.0,,,,
2001,12,23,,,,,,,,,,0.0,,,,,,,,,32.0,-99.0,,,,,,0.0,,,,,,,-99.0,,,,,-99.0,,,,,,,,,,
2001,12,24,,,,,,,,,,,,,,,,,,,,99.0,,,,,,,,,,,,99.0,99.0,,,,,99.0,,,,99.0,,99.0,,,,
2001,12,25,,,,,,,14.0,1535.0,1502.0,0.0,,,,,,,51.98,60.980000000000004,42.980000000000004,-9999.0,,320.0,310.0,,,0.0,,40.0,54.0,,,-9999.0,-9999.0,,,,,-9999.0,,,,-9999.0,,-9999.0,,,,
2001,12,26,,,,,,,,,,0.0,,,,,,,,32.0,32.0,-9.0,,,,,,0.0,,,,,,-9.0,-9.0,,,,,,,,,-9.0,,-9.0,,,,
2001,12,27,,,,,,,17.0,406.0,405.0,0.0,,,,,,,51.98,62.059999999999995,42.08,999.0,,290.0,300.0,,,0.0,,72.0,89.0,,,999.0,999.0,,,,,1.0,,,,999.0,,999.0,,,,
2001,12,28,,,,,,,,,,0.0,,,,,,,,,,-999.0,,,,,,0.0,,,,,,,-999.0,,,,,0.0,,,,,,-999.0,,,,
2001,12,29,,,,,,,,,,,,,,,,,,,,,,,,,,,,,,,,,9.0,,,,,,,,,,,,,,,
2001,12,30,,,,,,,21.0,1507.0,1512.0,0.0,,,,,,,59.0,71.06,46.04,9999.0,,290.0,290.0,,,0.0,,58.0,67.0,,,1.0,1.0,,,,,1.0,,,,1.0,,9999.0,,,,
2001,12,31,,,,,,,,,,0.0,,,,,,,,,32.0,-99.0,,,,,,0.0,,,,,,0.0,,,,,,0.0,,,,,,-99.0,,,,
2002,1,1,,,,,,,17.0,1425.0,1138.0,0.0,,,,,,,55.94,62.059999999999995,50.0,0.0,,290.0,290.0,,,0.0,,58.0,67.0,,,1.0,1.0,-9999.0,,,,1.0,,,,1.0,,-9999.0,,,,
2002,1,2,,,,,,,,,,0.0,,,,,,,,32.0,32.0,,,,,,,0.0,,,,,,0.0,,-9.0,,,,0.0,,,,,,-9.0,,,,
2002,1,3,,,,,,,23.0,533.0,507.0,0.0,,,,,,,57.92,62.059999999999995,53.96,0.0,,290.0,290.0,,,0.0,,58.0,67.0,,,1.0,999.0,999.0,,,,1.0,,,,1.0,,999.0,,,,
2002,1,4,,,,,,,,,,,,,,,,,,,,,,,,,,0.0,,,,,,0.0,-999.0,-999.0,,,,0.0,,,,,,,,,,
2002,1,6,,,,,,,21.0,1508.0,1508.0,0.0,,,,,,,59.0,64.04,53.06,0.0,,290.0,290.0,,,0.0,,67.0,76.0,,,1.0,9999.0,9999.0,,,,1.0,,,,1.0,,9999.0,,,,
2002,1,7,,,,,,,,,,0.0,,,,,,,,,32.0,,,,,,,0.0,,,,,,0.0,-99.0,-99.0,,,,0.0,,,,,,-99.0,,,,
2002,1,8,,,,,,,,,,,,,,,,,,,,,,,,,,,,,,,,,99.0,99.0,,,,,,,,,,99.0,,,,
2002,1,9,,,,,,,17.0,1325.0,1334.0,0.0,,,,,,,57.92,66.92,48.02,0.0,,290.0,290.0,,,0.0,,67.0,76.0,,,-9999.0,-9999.0,-9999.0,,,,1.0,,,,-9999.0,,-9999.0,,,,
2002,1,10,,,,,,,,,,0.0,,,,,,,,32.0,32.0,,,,,,,0.0,,,,,,-9.0,-9.0,-9.0,,,,0.0,,,,-9.0,,-9.0,,,,
2002,1,11,,,,,,,19.0,704.0,703.0,0.0,,,,,,,64.04,75.02,51.98,0.0,,320.0,310.0,,,0.0,,67.0,89.0,,,999.0,999.0,999.0,,,,1.0,,,,999.0,,999.0,,,,
2002,1,12,,,,,,,,,,0.0,,,,,,,,,,,,,,,,0.0,,,,,,,-999.0,-999.0,,,,,,,,,,-999.0,,,,
2002,1,13,,,,,,,,,,,,,,,,,,,,9.0,,,,,,,,,,,,,,,,,,9.0,,,,,,,,,,
2002,1,14,,,,,,,27.0,1427.0,1423.0,0.0,,,,,,,57.92,60.980000000000004,55.04,0.0,,250.0,240.0,,,0.0,,58.0,67.0,,,1.0,9999.0,9999.0,,,,1.0,,,,1.0,,9999.0,,,,
2002,1,15,,,,,,,,,,0.0,,,,,,,,,,,,,,,,0.0,,,,,,0.0,-99.0,-99.0,,,,0.0,,,,,,-99.0,,,,
2002,1,16,,,,,,,,,,,,,,,,,,,,,,,,,,,,,,,,,99.0,99.0,,,,,,,,,,99.0,,,,
2002,1,17,,,,,,,24.0,1528.0,1526.0,0.0,,,,,,,60.980000000000004,73.94,48.02,0.0,,340.0,340.0,,,0.0,,89.0,103.0,,,1.0,-9999.0,-9999.0,,,,-9999.0,,,,1.0,,-9999.0,,,,
2002,1,18,,,,,,,,,,0.0,,,,,,,,32.0,32.0,,,,,,,0.0,,,,,,,-9.0,-9.0,,,,-9.0,,,,,,-9.0,,,,
2002,1,19,,,,,,,14.0,536.0,534.0,0.0,,,,,,,62.959999999999994,77.0,48.92,0.0,,310.0,310.0,,,0.0,,54.0,63.0,,,999.0,999.0,999.0,,,,999.0,,,,999.0,,999.0,,,,
2002,1,20,,,,,,,,,,0.0,,,,,,,,,,,,,,,,0.0,,,,,,,,-999.0,,,,,,,,,,-999.0,,,,
2002,1,22,,,,,,,29.0,2359.0,2359.0,0.0,,,,,,,55.04,57.92,51.98,0.0,,190.0,200.0,,,0.0,,58.0,67.0,,,1.0,9999.0,9999.0,,,,1.0,,,,1.0,,9999.0,,,,
2002,1,23,,,,,,,,,,0.0,,,,,,,,,,,,,,,,0.0,,,,,,,-99.0,-99.0,,,,,,,,,,-99.0,,,,
2002,1,24,,,,,,,,,,,,,,,,,,,,,,,,,,,,,,,,99.0,99.0,99.0,,,,99.0,,,,99.0,,99.0,,,,
2002,1,25,,,,,,,21.0,1341.0,1327.0,0.0,,,,,,,55.94,60.980000000000004,51.08,0.0,,260.0,220.0,,,0.0,,58.0,76.0,,,-9999.0,-9999.0,-9999.0,,,,-9999.0,,,,-9999.0,,-9999.0,,,,
2002,1,26,,,,,,,,,,0.0,,,,,,,,32.0,32.0,,,,,,,0.0,,,,,,-9.0,-9.0,-9.0,,,,-9.0,,,,-9.0,,-9.0,,,,
2002,1,27,,,,,,,21.0,530.0,529.0,0.0,,,,,,,53.96,62.059999999999995,46.04,0.0,,290.0,290.0,,,0.0,,67.0,76.0,,,999.0,999.0,999.0,,,,999.0,,,,999.0,,999.0,,,,
2002,1,28,,,,,,,,,,0.0,,,,,,,,,,,,,,,,0.0,,,,,,-999.0,-999.0,-999.0,,,,,,,,-999.0,,,,,,
2002,1,30,,,,,,,16.0,1542.0,1542.0,0.0,,,,,,,53.96,62.959999999999994,44.06,0.0,,310.0,310.0,,,0.0,,58.0,67.0,,,9999.0,9999.0,9999.0,,,,9999.0,,,,9999.0,,9999.0,,,,
2002,1,31,,,,,,,,,,0.0,,,,,,,,,32.0,,,,,,,0.0,,,,,,-99.0,-99.0,-99.0,,,,-99.0,,,,-99.0,,-99.0,,,,
2002,2,1,,,,,,,20.0,1504.0,1350.0,0.0,,,,,,,50.0,57.92,41.0,0.0,,290.0,320.0,,,0.0,,58.0,67.0,,,-9999.0,-9999.0,,,,,-9999.0,,,,-9999.0,,-9999.0,,,,
2002,2,2,,,,,,,,,,0.0,,,,,,,,32.0,32.0,,,,,,,0.0,,,,,,,-9.0,,,,,,,,,,,-9.0,,,,
2002,2,3,,,,,,,16.0,350.0,349.0,0.0,,,,,,,51.98,60.980000000000004,42.08,0.0,,190.0,190.0,,,0.0,,54.0,58.0,,,1.0,999.0,,,,,1.0,,,,1.0,,999.0,,,,
2002,2,4,,,,,,,,,,0.0,,,,,,,,,,,,,,,,0.0,,,,,,0.0,-999.0,,,,,0.0,,,,,,-999.0,,,,
2002,2,6,,,,,,,13.0,1612.0,1613.0,0.0,,,,,,,53.96,64.94,42.980000000000004,0.0,,310.0,310.0,,,0.0,,58.0,67.0,,,9999.0,9999.0,,,,,9999.0,,,,9999.0,,9999.0,,,,
2002,2,7,,,,,,,,,,0.0,,,,,,,,,32.0,,,,,,,0.0,,,,,,-99.0,-99.0,,,,,-99.0,,,,-99.0,,-99.0,,,,
2002,2,8,,,,,,,,,,,,,,,,,,,,,,,,,,,,,,,,99.0,99.0,,,,,99.0,,,,99.0,,99.0,,,,
2002,2,9,,,,,,,17.0,1617.0,1616.0,0.0,,,,,,,53.96,64.94,42.980000000000004,0.0,,290.0,280.0,,,0.0,,45.0,54.0,,,1.0,-9999.0,,,,,-9999.0,,,,1.0,,-9999.0,,,,
2002,2,10,,,,,,,,,,0.0,,,,,,,,32.0,32.0,,,,,,,0.0,,,,,,0.0,-9.0,,,,,,,,,,,-9.0,,,,
2002,2,11,,,,,,,23.0,742.0,808.0,0.0,,,,,,,53.06,60.08,46.04,0.0,,290.0,330.0,,,0.0,,63.0,72.0,,,1.0,999.0,,,,,1.0,,,,1.0,,999.0,,,,
2002,2,12,,,,,,,,,,0.0,,,,,,,,,,,,,,,,0.0,,,,,,0.0,-999.0,,,,,0.0,,,,,,-999.0,,,,
2002,2,14,,,,,,,21.0,1047.0,1046.0,0.0,,,,,,,62.059999999999995,75.92,48.02,0.0,,60.0,60.0,,,0.0,,63.0,76.0,,,1.0,9999.0,,,,,9999.0,,,,1.0,,9999.0,,,,
2002,2,15,,,,,,,,,,0.0,,,,,,,,,32.0,,,,,,,0.0,,,,,,,-99.0,,,,,-99.0,,,,,,-99.0,,,,
2002,2,16,,,,,,,,,,,,,,,,,,,,,,,,,,,,,,,,99.0,99.0,,,,,99.0,,,,99.0,,99.0,,,,
2002,2,17,,,,,,,25.0,1543.0,1542.0,0.0,,,,,,,60.980000000000004,75.02,46.94,0.0,,320.0,320.0,,,0.0,,67.0,80.0,,,-9999.0,-9999.0,,,,,-9999.0,,,,-9999.0,,-9999.0,,,,
2002,2,18,,,,,,,,,,0.0,,,,,,,,32.0,32.0,,,,,,,0.0,,,,,,,-9.0,,,,,-9.0,,,,,,-9.0,,,,
2002,2,19,,,,,,,15.0,200.0,319.0,0.0,,,,,,,57.02,66.02,46.94,0.0,,200.0,210.0,,,0.0,,45.0,63.0,,,1.0,999.0,,,,,999.0,,,,1.0,,999.0,,,,
2002,2,20,,,,,,,,,,0.0,,,,,,,,,,,,,,,,0.0,,,,,,0.0,,,,,,,,,,,,-999.0,,,,
2002,2,22,,,,,,,19.0,1319.0,1313.0,0.0,,,,,,,57.92,60.980000000000004,53.96,0.0,,210.0,210.0,,,0.0,,54.0,63.0,,,1.0,9999.0,,,,,1.0,,,,1.0,,9999.0,,,,
2002,2,23,,,,,,,,,,0.0,,,,,,,,,,,,,,,,0.0,,,,,,0.0,-99.0,,,,,0.0,,,,,,-99.0,,,,
2002,2,24,,,,,,,,,,,,,,,,,,,,,,,,,,,,,,,,,99.0,,,,,,,,,,,99.0,,,,
2002,2,25,,,,,,,23.0,1602.0,1332.0,0.0,,,,,,,59.0,60.980000000000004,55.94,0.0,,280.0,270.0,,,0.0,,72.0,94.0,,,1.0,-9999.0,,,,,1.0,,,,1.0,,-9999.0,,,,
2002,2,26,,,,,,,,,,0.0,,,,,,,,32.0,32.0,,,,,,,0.0,,,,,,0.0,-9.0,,,,,,,,,,,,,,,
2002,2,27,,,,,,,30.0,33.0,26.0,43.0,,,,,,,55.94,57.92,53.06,0.0,,170.0,180.0,,,0.0,,72.0,94.0,,,1.0,999.0,,,,,999.0,,,,1.0,,1.0,,,,
2002,2,28,,,,,,,,,,0.0,,,,,,,,,,,,,,,,0.0,,,,,,,-999.0,,,,,-999.0,,,,,,0.0,,,,
2002,2,30,,,,,,,21.0,1500.0,1459.0,0.0,,,,,,,53.96,60.980000000000004,46.94,0.0,,280.0,280.0,,,0.0,,67.0,80.0,,,9999.0,9999.0,,,,,9999.0,,,,9999.0,,9999.0,,,,
2002,2,31,,,,,,,,,,0.0,,,,,,,,,32.0,,,,,,,0.0,,,,,,,-99.0,,,,,,,,,,,-99.0,,,,
2002,3,1,,,,,,,35.0,1533.0,1529.0,0.0,,,,,,,60.980000000000004,64.04,57.02,0.0,,310.0,300.0,,,0.0,,80.0,98.0,,,-9999.0,,,,,,-9999.0,,,,-9999.0,,-9999.0,,,,
2002,3,2,,,,,,,,,,0.0,,,,,,,,32.0,32.0,,,,,,,0.0,,,,,,,,,,,,-9.0,,,,,,-9.0,,,,
2002,3,3,,,,,,,25.0,339.0,339.0,0.0,,,,,,,60.980000000000004,69.08,51.98,0.0,,70.0,70.0,,,0.0,,63.0,80.0,,,1.0,,,,,,999.0,,,,1.0,,999.0,,,,
2002,3,4,,,,,,,,,,0.0,,,,,,,,,,,,,,,,0.0,,,,,,,,,,,,-999.0,,,,,,-999.0,,,,
2002,3,6,,,,,,,26.0,1548.0,1556.0,0.0,,,,,,,59.0,71.96,44.96,0.0,,320.0,330.0,,,0.0,,80.0,98.0,,,9999.0,,,,,,9999.0,,,,9999.0,,9999.0,,,,
2002,3,7,,,,,,,,,,0.0,,,,,,,,,32.0,,,,,,,0.0,,,,,,-99.0,,,,,,-99.0,,,,-99.0,,-99.0,,,,
2002,3,8,,,,,,,,,,,,,,,,,,,,,,,,,,,,,,,,99.0,,,,,,99.0,,,,99.0,,99.0,,,,
2002,3,9,,,,,,,21.0,1340.0,1500.0,0.0,,,,,,,57.02,64.04,50.0,0.0,,290.0,290.0,,,0.0,,63.0,67.0,,,-9999.0,,,,,,-9999.0,,,,-9999.0,,-9999.0,,,,
2002,3,10,,,,,,,,,,0.0,,,,,,,,32.0,32.0,,,,,,,0.0,,,,,,,,,,,,,,,,,,,,,,
2002,3,11,,,,,,,30.0,714.0,713.0,8.0,,,,,,,57.92,60.08,55.94,0.0,,300.0,290.0,,,0.0,,80.0,103.0,,,1.0,,,,,,1.0,,,,1.0,,1.0,,,,
2002,3,12,,,,,,,,,,0.0,,,,,,,,,,,,,,,,0.0,,,,,,,,,,,,,,,,,,0.0,,,,
2002,3,13,,,,,,,,,,,,,,,,,,,,,,,,,,,,,,,,,,,,,,9.0,,,,,,,,,,
2002,3,14,,,,,,,19.0,1349.0,1343.0,0.0,,,,,,,59.0,69.08,48.02,0.0,,290.0,280.0,,,0.0,,72.0,89.0,,,9999.0,,,,,,1.0,,,,9999.0,,9999.0,,,,
2002,3,15,,,,,,,,,,0.0,,,,,,,,,,,,,,,,0.0,,,,,,,,,,,,,,,,,,-99.0,,,,
2002,3,16,,,,,,,,,,,,,,,,,,,,,,,,,,,,,,,,,,,,,,99.0,,,,,,99.0,,,,
2002,3,17,,,,,,,23.0,1446.0,1448.0,0.0,,,,,,,59.0,66.92,51.08,0.0,,290.0,290.0,,,0.0,,58.0,67.0,,,1.0,,,,,,-9999.0,,,,1.0,,-9999.0,,,,
2002,3,18,,,,,,,,,,0.0,,,,,,,,32.0,32.0,,,,,,,0.0,,,,,,0.0,,,,,,,,,,,,-9.0,,,,
2002,3,19,,,,,,,30.0,342.0,502.0,0.0,,,,,,,59.0,62.959999999999994,55.04,0.0,,150.0,230.0,,,0.0,,54.0,67.0,,,1.0,,,,,,1.0,,,,1.0,,999.0,,,,
2002,3,20,,,,,,,,,,0.0,,,,,,,,,,,,,,,,0.0,,,,,,,,,,,,0.0,,,,,,-999.0,,,,
2002,3,22,,,,,,,48.0,1043.0,1040.0,0.0,,,,,,,57.02,60.08,53.06,0.0,,290.0,300.0,,,0.0,,107.0,143.0,,,9999.0,,,,,,9999.0,,,,9999.0,,9999.0,,,,
2002,3,23,,,,,,,,,,0.0,,,,,,,,,32.0,,,,,,,0.0,,,,,,-99.0,,,,,,-99.0,,,,-99.0,,,,,,
2002,3,24,,,,,,,,,,,,,,,,,,,,,,,,,,,,,,,,99.0,,,,,,99.0,,,,99.0,,,,,,
2002,3,25,,,,,,,60.0,1357.0,1343.0,5.0,,,,,,,55.04,60.08,50.0,0.0,,270.0,280.0,,,0.0,,98.0,116.0,,,-9999.0,,,,,,-9999.0,,,,-9999.0,,1.0,,,,
2002,3,26,,,,,,,,,,0.0,,,,,,,,32.0,32.0,,,,,,,0.0,,,,,,,,,,,,-9.0,,,,,,0.0,,,,
2002,3,27,,,,,,,48.0,308.0,307.0,79.0,,,,,,,53.06,59.0,46.94,0.0,,250.0,260.0,,,0.0,,125.0,148.0,,,1.0,,,,,,999.0,,,,1.0,,1.0,,,,
2002,3,28,,,,,,,,,,,,,,,,,,,,,,,,,,0.0,,,,,,,,,,,,-999.0,,,,,,0.0,,,,
2002,3,30,,,,,,,23.0,1432.0,1431.0,0.0,,,,,,,57.02,66.92,46.94,0.0,,290.0,290.0,,,0.0,,67.0,76.0,,,9999.0,,,,,,9999.0,,,,9999.0,,9999.0,,,,
2002,3,31,,,,,,,,,,0.0,,,,,,,,,32.0,,,,,,,0.0,,,,,,-99.0,,,,,,-99.0,,,,-99.0,,-99.0,,,,
2002,4,1,,,,,,,24.0,1441.0,1427.0,0.0,,,,,,,57.92,60.980000000000004,53.96,0.0,,280.0,310.0,,,0.0,,54.0,67.0,,,1.0,,,,,,1.0,,,,1.0,,-9999.0,,,,
2002,4,2,,,,,,,,,,0.0,,,,,,,,32.0,32.0,,,,,,,0.0,,,,,,,,,,,,0.0,,,,,,-9.0,,,,
2002,4,3,,,,,,,28.0,510.0,432.0,0.0,,,,,,,57.92,60.08,55.04,0.0,,280.0,270.0,,,0.0,,58.0,72.0,,,999.0,,,,,,1.0,,,,999.0,,999.0,,,,
2002,4,4,,,,,,,,,,0.0,,,,,,,,,,,,,,,,0.0,,,,,,-999.0,,,,,,0.0,,,,-999.0,,-999.0,,,,
2002,4,6,,,,,,,34.0,1446.0,1426.0,0.0,,,,,,,60.08,62.959999999999994,55.94,9999.0,,280.0,290.0,,,0.0,,72.0,89.0,,,9999.0,,,,,,9999.0,,,,9999.0,,9999.0,,,,
2002,4,7,,,,,,,,,,0.0,,,,,,,,,,-99.0,,,,,,0.0,,,,,,-99.0,,,,,,-99.0,,,,-99.0,,-99.0,,,,
2002,4,8,,,,,,,,,,,,,,,,,,,,99.0,,,,,,,,,,,,99.0,,,,,,99.0,,,,99.0,,99.0,,,,
2002,4,9,,,,,,,29.0,1419.0,1419.0,23.0,,,,,,,59.0,62.059999999999995,55.04,-9999.0,,260.0,260.0,,,0.0,,76.0,98.0,,,1.0,,,,,,-9999.0,,,,1.0,,1.0,,,,
2002,4,10,,,,,,,,,,0.0,,,,,,,,32.0,32.0,-9.0,,,,,,0.0,,,,,,,,,,,,-9.0,,,,,,,,,,
2002,4,11,,,,,,,32.0,245.0,246.0,0.0,,,,,,,60.08,62.959999999999994,57.02,999.0,,200.0,200.0,,,0.0,,67.0,76.0,,,999.0,,,,,,999.0,,,,999.0,,999.0,,,,
2002,4,12,,,,,,,,,,0.0,,,,,,,,,,,,,,,,0.0,,,,,,-999.0,,,,,,-999.0,,,,-999.0,,-999.0,,,,
2002,4,13,,,,,,,,,,,,,,,,,,,,,,,,,,,,,,,,9.0,,,,,,9.0,,,,9.0,,,,,,
2002,4,14,,,,,,,40.0,1903.0,1903.0,0.0,,,,,,,57.92,64.94,57.92,9999.0,,320.0,330.0,,,0.0,,80.0,94.0,,,1.0,,,,,,1.0,,,,1.0,,9999.0,,,,
2002,4,15,,,,,,,,,,0.0,,,,,,,,,,,,,,,,0.0,,,,,,0.0,,,,,,0.0,,,,,,-99.0,,,,
2002,4,16,,,,,,,,,,,,,,,,,,,,,,,,,,,,,,,,,,,,,,,,,,,,99.0,,,,
2002,4,17,,,,,,,24.0,1259.0,1234.0,0.0,,,,,,,60.08,62.959999999999994,55.94,0.0,,210.0,200.0,,,0.0,,54.0,67.0,,,1.0,,,,,,1.0,,,,1.0,,-9999.0,,,,
2002,4,18,,,,,,,,,,0.0,,,,,,,,32.0,32.0,,,,,,,0.0,,,,,,0.0,,,,,,0.0,,,,,,-9.0,,,,
2002,4,19,,,,,,,27.0,143.0,209.0,0.0,,,,,,,59.0,60.980000000000004,55.94,0.0,,200.0,210.0,,,0.0,,54.0,58.0,,,1.0,,,,,,1.0,,,,1.0,,999.0,,,,
2002,4,20,,,,,,,,,,0.0,,,,,,,,,,,,,,,,0.0,,,,,,0.0,,,,,,0.0,,,,,,-999.0,,,,
2002,4,22,,,,,,,29.0,2321.0,2109.0,0.0,,,,,,,59.0,60.980000000000004,57.02,0.0,,180.0,150.0,,,0.0,,67.0,80.0,,,1.0,,,,,,9999.0,,,,1.0,,9999.0,,,,
2002,4,23,,,,,,,,,,0.0,,,,,,,,,,,,,,,,0.0,,,,,,0.0,,,,,,,,,,,,,,,,
2002,4,25,,,,,,,46.0,1331.0,1146.0,0.0,,,,,,,57.92,62.059999999999995,53.96,0.0,,210.0,200.0,,,0.0,,72.0,98.0,,,-9999.0,,,,,,-9999.0,,,,-9999.0,,-9999.0,,,,
2002,4,26,,,,,,,,,,0.0,,,,,,,,32.0,32.0,,,,,,,0.0,,,,,,-9.0,,,,,,-9.0,,,,-9.0,,,,,,
2002,4,27,,,,,,,43.0,458.0,450.0,5.0,,,,,,,59.0,62.059999999999995,55.04,0.0,,280.0,290.0,,,0.0,,80.0,107.0,,,999.0,,,,,,999.0,,,,999.0,,1.0,,,,
2002,4,28,,,,,,,,,,0.0,,,,,,,,,,,,,,,,0.0,,,,,,-999.0,,,,,,-999.0,,,,-999.0,,,,,,
2002,4,30,,,,,,,38.0,1506.0,1701.0,0.0,,,,,,,57.92,64.04,51.98,0.0,,280.0,320.0,,,0.0,,76.0,89.0,,,9999.0,,,,,,9999.0,,,,9999.0,,9999.0,,,,
2002,4,31,,,,,,,,,,0.0,,,,,,,,,,,,,,,,0.0,,,,,,-99.0,,,,,,-99.0,,,,-99.0,,-99.0,,,,
2002,5,1,,,,,,,38.0,1714.0,1503.0,0.0,,,,,,,59.0,62.059999999999995,55.94,0.0,,270.0,250.0,,,0.0,,67.0,89.0,,,-9999.0,,,,,,-9999.0,,,,-9999.0,,-9999.0,,,,
2002,5,2,,,,,,,,,,0.0,,,,,,,,32.0,32.0,,,,,,,0.0,,,,,,-9.0,,,,,,-9.0,,,,-9.0,,-9.0,,,,
2002,5,3,,,,,,,30.0,232.0,339.0,0.0,,,,,,,59.0,64.04,53.96,0.0,,250.0,270.0,,,0.0,,63.0,76.0,,,999.0,,,,,,999.0,,,,999.0,,999.0,,,,
2002,5,4,,,,,,,,,,0.0,,,,,,,,,,,,,,,,0.0,,,,,,-999.0,,,,,,-999.0,,,,-999.0,,-999.0,,,,
2002,5,5,,,,,,,,,,,,,,,,,,,,,,,,,,,,,,,,,,,,,,9.0,,,,,,,,,,
2002,5,6,,,,,,,26.0,1425.0,1405.0,0.0,,,,,,,60.08,64.04,55.04,0.0,,300.0,290.0,,,0.0,,67.0,80.0,,,9999.0,,,,,,1.0,,,,9999.0,,9999.0,,,,
2002,5,7,,,,,,,,,,0.0,,,,,,,,,,,,,,,,0.0,,,,,,-99.0,,,,,,,,,,-99.0,,-99.0,,,,
2002,5,8,,,,,,,,,,,,,,,,,,,,,,,,,,,,,,,,99.0,,,,,,99.0,,,,99.0,,99.0,,,,
2002,5,9,,,,,,,30.0,1230.0,1258.0,0.0,,,,,,,60.08,64.04,55.94,0.0,,230.0,240.0,,,0.0,,63.0,72.0,,,-9999.0,,,,,,1.0,,,,-9999.0,,-9999.0,,,,
2002,5,10,,,,,,,,,,0.0,,,,,,,,32.0,32.0,,,,,,,0.0,,,,,,,,,,,,,,,,,,,,,,
2002,5,11,,,,,,,30.0,334.0,334.0,,,,,,,,59.0,62.059999999999995,55.94,0.0,,200.0,200.0,,,0.0,,63.0,67.0,,,1.0,,,,,,999.0,,,,1.0,,1.0,,,,
2002,5,12,,,,,,,,,,0.0,,,,,,,,,,,,,,,,0.0,,,,,,,,,,,,-999.0,,,,,,,,,,
2002,5,13,,,,,,,,,,,,,,,,,,,,,,,,,,,,,,,,9.0,,,,,,9.0,,,,9.0,,,,,,
2002,5,14,,,,,,,34.0,1504.0,1503.0,0.0,,,,,,,62.059999999999995,66.02,57.02,0.0,,290.0,290.0,,,0.0,,76.0,89.0,,,1.0,,,,,,1.0,,,,1.0,,9999.0,,,,
2002,5,15,,,,,,,,,,0.0,,,,,,,,,,,,,,,,0.0,,,,,,,,,,,,,,,,,,-99.0,,,,
2002,5,16,,,,,,,,,,,,,,,,,,,,,,,,,,,,,,,,99.0,,,,,,99.0,,,,99.0,,99.0,,,,
2002,5,17,,,,,,,31.0,1623.0,1626.0,0.0,,,,,,,62.059999999999995,66.02,57.02,0.0,,290.0,290.0,,,0.0,,72.0,89.0,,,-9999.0,,,,,,-9999.0,,,,-9999.0,,-9999.0,,,,
2002,5,18,,,,,,,,,,0.0,,,,,,,,32.0,32.0,,,,,,,0.0,,,,,,-9.0,,,,,,-9.0,,,,-9.0,,-9.0,,,,
2002,5,19,,,,,,,30.0,444.0,443.0,0.0,,,,,,,71.06,84.91999999999999,55.94,0.0,,290.0,290.0,,,0.0,,80.0,94.0,,,999.0,,,,,,999.0,,,,999.0,,999.0,,,,
2002,5,20,,,,,,,,,,0.0,,,,,,,,,,,,,,,,0.0,,,,,,-999.0,,,,,,-999.0,,,,-999.0,,-999.0,,,,
2002,5,21,,,,,,,,,,,,,,,,,,,,,,,,,,,,,,,,9.0,,,,,,9.0,,,,9.0,,,,,,
2002,5,22,,,,,,,30.0,1428.0,1427.0,0.0,,,,,,,64.04,66.92,60.08,0.0,,220.0,220.0,,,0.0,,54.0,63.0,,,1.0,,,,,,1.0,,,,1.0,,9999.0,,,,
2002,5,23,,,,,,,,,,0.0,,,,,,,,,,,,,,,,0.0,,,,,,,,,,,,0.0,,,,,,-99.0,,,,
2002,5,24,,,,,,,,,,,,,,,,,,,,,,,,,,,,,,,,99.0,,,,,,,,,,99.0,,99.0,,,,
2002,5,25,,,,,,,30.0,1302.0,1424.0,0.0,,,,,,,60.08,62.959999999999994,57.02,0.0,,230.0,200.0,,,0.0,,58.0,72.0,,,1.0,,,,,,1.0,,,,1.0,,1.0,,,,
2002,5,26,,,,,,,,,,,,,,,,,,32.0,32.0,,,,,,,0.0,,,,,,,,,,,,0.0,,,,,,,,,,
2002,5,27,,,,,,,22.0,408.0,353.0,0.0,,,,,,,62.959999999999994,66.02,59.0,0.0,,240.0,240.0,,,0.0,,58.0,72.0,,,999.0,,,,,,1.0,,,,999.0,,999.0,,,,
2002,5,28,,,,,,,,,,0.0,,,,,,,,,,,,,,,,0.0,,,,,,,,,,,,0.0,,,,,,-999.0,,,,
2002,5,30,,,,,,,30.0,1630.0,1629.0,0.0,,,,,,,62.059999999999995,64.94,57.92,0.0,,240.0,240.0,,,0.0,,67.0,76.0,,,9999.0,,,,,,9999.0,,,,9999.0,,9999.0,,,,
2002,5,31,,,,,,,,,,0.0,,,,,,,,,,,,,,,,0.0,,,,,,,,,,,,-99.0,,,,,,,,,,
2002,6,1,,,,,,,31.0,1414.0,1413.0,0.0,,,,,,,64.94,69.08,60.980000000000004,0.0,,280.0,290.0,,,0.0,,67.0,89.0,,,-9999.0,,,,,,-9999.0,,,,-9999.0,,-9999.0,,,,
2002,6,2,,,,,,,,,,0.0,,,,,,,,32.0,32.0,,,,,,,0.0,,,,,,-9.0,,,,,,-9.0,,,,-9.0,,-9.0,,,,
2002,6,3,,,,,,,32.0,243.0,243.0,0.0,,,,,,,64.04,66.92,60.08,999.0,,260.0,250.0,,,0.0,,45.0,54.0,,,999.0,,,,,,999.0,,,,999.0,,999.0,,,,
2002,6,4,,,,,,,,,,0.0,,,,,,,,,,,,,,,,0.0,,,,,,-999.0,,,,,,-999.0,,,,-999.0,,-999.0,,,,
2002,6,5,,,,,,,,,,,,,,,,,,,,,,,,,,,,,,,,9.0,,,,,,,,,,9.0,,,,,,
2002,6,6,,,,,,,24.0,1447.0,1145.0,0.0,,,,,,,64.94,69.08,60.08,0.0,,270.0,260.0,,,0.0,,58.0,80.0,,,1.0,,,,,,9999.0,,,,1.0,,9999.0,,,,
2002,6,7,,,,,,,,,,0.0,,,,,,,,,,,,,,,,0.0,,,,,,0.0,,,,,,,,,,,,-99.0,,,,
2002,6,8,,,,,,,,,,,,,,,,,,,,,,,,,,,,,,,,,,,,,,,,,,,,99.0,,,,
2002,6,9,,,,,,,23.0,1128.0,1125.0,0.0,,,,,,,64.94,69.08,60.08,0.0,,180.0,170.0,,,0.0,,58.0,67.0,,,1.0,,,,,,1.0,,,,1.0,,-9999.0,,,,
2002,6,10,,,,,,,,,,0.0,,,,,,,,32.0,32.0,,,,,,,0.0,,,,,,0.0,,,,,,,,,,,,-9.0,,,,
2002,6,11,,,,,,,37.0,956.0,5.0,0.0,,,,,,,62.959999999999994,66.02,59.0,0.0,,160.0,160.0,,,0.0,,76.0,89.0,,,1.0,,,,,,999.0,,,,1.0,,999.0,,,,
2002,6,12,,,,,,,,,,0.0,,,,,,,,,,,,,,,,0.0,,,,,,0.0,,,,,,-999.0,,,,,,,,,,
2002,6,13,,,,,,,,,,,,,,,,,,,,9.0,,,,,,,,,,,,,,,,,,9.0,,,,,,,,,,
2002,6,14,,,,,,,44.0,1149.0,1405.0,,,,,,,,62.059999999999995,64.94,59.0,0.0,,190.0,200.0,,,0.0,,72.0,80.0,,,1.0,,,,,,1.0,,,,1.0,,1.0,,,,
2002,6,15,,,,,,,,,,0.0,,,,,,,,,,,,,,,,0.0,,,,,,,,,,,,,,,,,,,,,,
2002,6,16,,,,,,,,,,,,,,,,,,,,,,,,,,,,,,,,99.0,,,,,,99.0,,,,99.0,,99.0,,,,
2002,6,17,,,,,,,31.0,1245.0,1419.0,0.0,,,,,,,64.94,66.92,62.059999999999995,0.0,,230.0,210.0,,,0.0,,63.0,72.0,,,-9999.0,,,,,,-9999.0,,,,-9999.0,,-9999.0,,,,
2002,6,18,,,,,,,,,,0.0,,,,,,,,32.0,32.0,,,,,,,0.0,,,,,,-9.0,,,,,,-9.0,,,,-9.0,,-9.0,,,,
2002,6,19,,,,,,,37.0,511.0,505.0,0.0,,,,,,,64.94,69.08,60.980000000000004,0.0,,280.0,290.0,,,0.0,,76.0,89.0,,,999.0,,,,,,999.0,,,,999.0,,999.0,,,,
2002,6,20,,,,,,,,,,0.0,,,,,,,,,,,,,,,,0.0,,,,,,-999.0,,,,,,-999.0,,,,-999.0,,-999.0,,,,
2002,6,21,,,,,,,,,,,,,,,,,,,,,,,,,,,,,,,,9.0,,,,,,9.0,,,,9.0,,,,,,
2002,6,22,,,,,,,38.0,1542.0,1545.0,0.0,,,,,,,66.02,69.98,62.059999999999995,0.0,,280.0,290.0,,,0.0,,72.0,80.0,,,1.0,,,,,,1.0,,,,1.0,,9999.0,,,,
2002,6,23,,,,,,,,,,0.0,,,,,,,,,,,,,,,,0.0,,,,,,0.0,,,,,,0.0,,,,,,-99.0,,,,
2002,6,24,,,,,,,,,,,,,,,,,,,,,,,,,,,,,,,,,,,,,,,,,,,,99.0,,,,
2002,6,25,,,,,,,25.0,1557.0,1459.0,0.0,,,,,,,68.0,73.94,60.980000000000004,0.0,,250.0,270.0,,,0.0,,45.0,63.0,,,1.0,,,,,,1.0,,,,1.0,,-9999.0,,,,
2002,6,26,,,,,,,,,,0.0,,,,,,,,32.0,32.0,,,,,,,0.0,,,,,,0.0,,,,,,0.0,,,,,,-9.0,,,,
2002,6,27,,,,,,,22.0,544.0,328.0,0.0,,,,,,,66.92,71.96,62.059999999999995,0.0,,210.0,240.0,,,0.0,,45.0,63.0,,,1.0,,,,,,1.0,,,,1.0,,999.0,,,,
2002,6,28,,,,,,,,,,0.0,,,,,,,,,,,,,,,,0.0,,,,,,0.0,,,,,,0.0,,,,,,-999.0,,,,
2002,6,30,,,,,,,48.0,1207.0,1211.0,0.0,,,,,,,64.04,66.92,60.980000000000004,0.0,,210.0,180.0,,,0.0,,72.0,89.0,,,1.0,,,,,,1.0,,,,1.0,,9999.0,,,,
2002,6,31,,,,,,,,,,0.0,,,,,,,,,,,,,,,,0.0,,,,,,0.0,,,,,,0.0,,,,,,-99.0,,,,
2002,7,1,,,,,,,27.0,1255.0,1653.0,0.0,,,,,,,66.02,71.06,60.980000000000004,-9999.0,,210.0,260.0,,,0.0,,58.0,67.0,,,1.0,,,,,,1.0,,,,1.0,,,,,,
2002,7,2,,,,,,,,,,0.0,,,,,,,,32.0,32.0,-9.0,,,,,,0.0,,,,,,0.0,,,,,,0.0,,,,,,,,,,
2002,7,3,,,,,,,32.0,645.0,601.0,0.0,,,,,,,68.0,71.96,62.959999999999994,999.0,,280.0,290.0,,,0.0,,67.0,80.0,,,1.0,,,,,,1.0,,,,1.0,,,,,,
2002,7,4,,,,,,,,,,0.0,,,,,,,,,,-999.0,,,,,,0.0,,,,,,,,,,,,,,,,,,,,,,
2002,7,6,,,,,,,34.0,1428.0,1402.0,0.0,,,,,,,64.94,68.0,62.059999999999995,9999.0,,230.0,210.0,,,0.0,,58.0,76.0,,,9999.0,,,,,,9999.0,,,,9999.0,,,,,,
2002,7,7,,,,,,,,,,0.0,,,,,,,,,,,,,,,,0.0,,,,,,-99.0,,,,,,,,,,-99.0,,,,,,
2002,7,8,,,,,,,,,,,,,,,,,,,,,,,,,,,,,,,,99.0,,,,,,,,,,99.0,,,,,,
2002,7,9,,,,,,,21.0,1515.0,1218.0,0.0,,,,,,,66.02,68.0,62.959999999999994,0.0,,210.0,190.0,,,0.0,,63.0,72.0,,,-9999.0,,,,,,1.0,,,,-9999.0,,,,,,
2002,7,10,,,,,,,,,,0.0,,,,,,,,32.0,32.0,,,,,,,0.0,,,,,,,,,,,,0.0,,,,,,,,,,
2002,7,11,,,,,,,27.0,655.0,125.0,0.0,,,,,,,66.02,69.08,62.959999999999994,0.0,,270.0,270.0,,,0.0,,54.0,67.0,,,1.0,,,,,,1.0,,,,1.0,,,,,,
2002,7,12,,,,,,,,,,0.0,,,,,,,,,,,,,,,,0.0,,,,,,0.0,,,,,,0.0,,,,,,,,,,
2002,7,14,,,,,,,25.0,1118.0,1149.0,0.0,,,,,,,66.92,71.06,62.059999999999995,0.0,,180.0,200.0,,,0.0,,58.0,72.0,,,1.0,,,,,,1.0,,,,1.0,,,,,,
2002,7,15,,,,,,,,,,0.0,,,,,,,,,,,,,,,,0.0,,,,,,0.0,,,,,,,,,,,,,,,,
2002,7,16,,,,,,,,,,,,,,,,,,,,,,,,,,,,,,,,,,,,,,99.0,,,,,,,,,,
2002,7,17,,,,,,,22.0,1319.0,1557.0,0.0,,,,,,,69.98,75.02,64.94,0.0,,310.0,260.0,,,0.0,,45.0,58.0,,,1.0,,,,,,1.0,,,,1.0,,,,,,
2002,7,18,,,,,,,,,,0.0,,,,,,,,32.0,32.0,,,,,,,0.0,,,,,,0.0,,,,,,0.0,,,,,,,,,,
2002,7,19,,,,,,,31.0,406.0,405.0,0.0,,,,,,,69.08,71.96,64.94,0.0,,290.0,290.0,,,0.0,,76.0,98.0,,,1.0,,,,,,1.0,,,,1.0,,,,,,
2002,7,20,,,,,,,,,,0.0,,,,,,,,,,,,,,,,0.0,,,,,,,,,,,,,,,,,,,,,,
2002,7,22,,,,,,,26.0,1654.0,1653.0,0.0,,,,,,,69.08,71.96,64.94,0.0,,170.0,160.0,,,0.0,,63.0,72.0,,,9999.0,,,,,,9999.0,,,,9999.0,,,,,,
2002,7,23,,,,,,,,,,0.0,,,,,,,,,,,,,,,,0.0,,,,,,,,,,,,-99.0,,,,,,,,,,
2002,7,24,,,,,,,,,,,,,,,,,,,,,,,,,,,,,,,,,,,,,,99.0,,,,,,,,,,
2002,7,25,,,,,,,26.0,1314.0,1447.0,0.0,,,,,,,69.08,71.96,64.94,0.0,,220.0,210.0,,,0.0,,54.0,67.0,,,1.0,,,,,,-9999.0,,,,1.0,,,,,,
2002,7,26,,,,,,,,,,0.0,,,,,,,,32.0,32.0,,,,,,,0.0,,,,,,,,,,,,-9.0,,,,,,,,,,
2002,7,27,,,,,,,32.0,526.0,456.0,0.0,,,,,,,69.98,75.02,64.94,0.0,,280.0,290.0,,,0.0,,58.0,72.0,,,999.0,,,,,,999.0,,,,999.0,,,,,,
2002,7,28,,,,,,,,,,0.0,,,,,,,,,,,,,,,,0.0,,,,,,-999.0,,,,,,-999.0,,,,-999.0,,,,,,
2002,7,29,,,,,,,,,,,,,,,,,,,,,,,,,,,,,,,,9.0,,,,,,9.0,,,,9.0,,,,,,
2002,7,30,,,,,,,28.0,1455.0,1528.0,0.0,,,,,,,66.02,69.98,62.059999999999995,0.0,,220.0,240.0,,,0.0,,58.0,67.0,,,1.0,,,,,,1.0,,,,1.0,,,,,,
2002,7,31,,,,,,,,,,0.0,,,,,,,,,,,,,,,,0.0,,,,,,,,,,,,0.0,,,,,,,,,,
2002,8,1,,,,,,,25.0,1502.0,1352.0,0.0,,,,,,,69.98,73.04,66.02,0.0,,280.0,290.0,,,0.0,,54.0,72.0,,,-9999.0,,,,,,-9999.0,,,,-9999.0,,-9999.0,,,,
2002,8,2,,,,,,,,,,0.0,,,,,,,,32.0,32.0,,,,,,,0.0,,,,,,,,,,,,-9.0,,,,,,-9.0,,,,
2002,8,3,,,,,,,28.0,552.0,256.0,0.0,,,,,,,69.08,71.96,64.94,0.0,,280.0,250.0,,,0.0,,63.0,80.0,,,1.0,,,,,,999.0,,,,1.0,,999.0,,,,
2002,8,4,,,,,,,,,,0.0,,,,,,,,,,,,,,,,0.0,,,,,,,,,,,,-999.0,,,,,,-999.0,,,,
2002,8,5,,,,,,,,,,,,,,,,,,,,,,,,,,,,,,,,,,,,,,9.0,,,,,,,,,,
2002,8,6,,,,,,,37.0,1346.0,1432.0,0.0,,,,,,,69.08,73.04,64.04,0.0,,280.0,290.0,,,0.0,,76.0,89.0,,,9999.0,,,,,,1.0,,,,9999.0,,9999.0,,,,
2002,8,7,,,,,,,,,,0.0,,,,,,,,,,,,,,,,0.0,,,,,,,,,,,,,,,,,,-99.0,,,,
2002,8,8,,,,,,,,,,,,,,,,,,,,,,,,,,,,,,,,,,,,,,99.0,,,,,,99.0,,,,
2002,8,9,,,,,,,24.0,1450.0,1440.0,0.0,,,,,,,69.08,73.94,64.04,0.0,,210.0,230.0,,,0.0,,54.0,63.0,,,1.0,,,,,,-9999.0,,,,1.0,,1.0,,,,
2002,8,10,,,,,,,,,,,,,,,,,,32.0,32.0,,,,,,,0.0,,,,,,,,,,,,-9.0,,,,,,,,,,
2002,8,11,,,,,,,28.0,607.0,626.0,0.0,,,,,,,69.08,73.94,64.04,0.0,,290.0,290.0,,,0.0,,63.0,72.0,,,999.0,,,,,,999.0,,,,999.0,,999.0,,,,
2002,8,12,,,,,,,,,,0.0,,,,,,,,,,,,,,,,0.0,,,,,,,,,,,,,,,,,,-999.0,,,,
2002,8,14,,,,,,,33.0,1431.0,1221.0,0.0,,,,,,,69.08,73.94,64.04,0.0,,280.0,310.0,,,0.0,,67.0,80.0,,,1.0,,,,,,1.0,,,,1.0,,9999.0,,,,
2002,8,15,,,,,,,,,,0.0,,,,,,,,,,,,,,,,0.0,,,,,,0.0,,,,,,0.0,,,,,,-99.0,,,,
2002,8,16,,,,,,,,,,,,,,,,,,,,,,,,,,,,,,,,,,,,,,,,,,,,99.0,,,,
2002,8,17,,,,,,,25.0,1008.0,1442.0,0.0,,,,,,,69.98,73.94,64.94,0.0,,180.0,210.0,,,0.0,,54.0,63.0,,,1.0,,,,,,1.0,,,,1.0,,-9999.0,,,,
2002,8,18,,,,,,,,,,0.0,,,,,,,,32.0,32.0,,,,,,,0.0,,,,,,0.0,,,,,,0.0,,,,,,-9.0,,,,
2002,8,19,,,,,,,25.0,248.0,241.0,0.0,,,,,,,71.96,78.08,64.94,0.0,,170.0,200.0,,,0.0,,58.0,67.0,,,1.0,,,,,,1.0,,,,1.0,,999.0,,,,
2002,8,20,,,,,,,,,,0.0,,,,,,,,,,,,,,,,0.0,,,,,,0.0,,,,,,0.0,,,,,,-999.0,,,,
2002,8,22,,,,,,,26.0,1053.0,1049.0,0.0,,,,,,,69.98,73.94,64.94,0.0,,200.0,200.0,,,0.0,,63.0,72.0,,,1.0,,,,,,1.0,,,,1.0,,9999.0,,,,
2002,8,23,,,,,,,,,,0.0,,,,,,,,,,,,,,,,0.0,,,,,,0.0,,,,,,0.0,,,,,,-99.0,,,,
2002,8,24,,,,,,,,,,,,,,,,,,,,,,,,,,,,,,,,,,,,,,,,,,,,99.0,,,,
2002,8,25,,,,,,,32.0,1403.0,1452.0,0.0,,,,,,,69.08,73.04,64.94,0.0,,220.0,240.0,,,0.0,,54.0,72.0,,,1.0,,,,,,1.0,,,,1.0,,-9999.0,,,,
2002,8,26,,,,,,,,,,0.0,,,,,,,,32.0,32.0,,,,,,,0.0,,,,,,0.0,,,,,,0.0,,,,,,-9.0,,,,
2002,8,27,,,,,,,31.0,505.0,516.0,0.0,,,,,,,71.96,77.0,66.02,0.0,,210.0,260.0,,,0.0,,54.0,67.0,,,1.0,,,,,,1.0,,,,1.0,,999.0,,,,
2002,8,28,,,,,,,,,,0.0,,,,,,,,,,,,,,,,0.0,,,,,,0.0,,,,,,0.0,,,,,,-999.0,,,,
2002,8,30,,,,,,,36.0,1521.0,1520.0,0.0,,,,,,,66.92,69.98,64.04,0.0,,210.0,200.0,,,0.0,,58.0,67.0,,,9999.0,,,,,,9999.0,,,,9999.0,,9999.0,,,,
2002,8,31,,,,,,,,,,0.0,,,,,,,,,,,,,,,,0.0,,,,,,-99.0,,,,,,-99.0,,,,-99.0,,-99.0,,,,
2002,9,1,,,,,,,26.0,1203.0,1205.0,0.0,,,,,,,80.06,91.03999999999999,68.0,0.0,,300.0,290.0,,,0.0,,80.0,98.0,,,-9999.0,-9999.0,-9999.0,,,,-9999.0,,,,-9999.0,,-9999.0,,-9999.0,,
2002,9,2,,,,,,,,,,0.0,,,,,,,,32.0,32.0,,,,,,,0.0,,,,,,-9.0,-9.0,-9.0,,,,-9.0,,,,-9.0,,-9.0,,-9.0,,
2002,9,3,,,,,,,26.0,413.0,412.0,0.0,,,,,,,75.02,80.96,69.08,0.0,,190.0,190.0,,,0.0,,63.0,72.0,,,999.0,999.0,999.0,,,,999.0,,,,999.0,,999.0,,999.0,,
2002,9,4,,,,,,,,,,0.0,,,,,,,,,,,,,,,,0.0,,,,,,,,-999.0,,,,,,,,,,-999.0,,,,
2002,9,6,,,,,,,22.0,1405.0,1359.0,0.0,,,,,,,71.06,75.92,66.02,0.0,,220.0,230.0,,,0.0,,58.0,67.0,,,1.0,9999.0,9999.0,,,,9999.0,,,,1.0,,9999.0,,9999.0,,
2002,9,7,,,,,,,,,,0.0,,,,,,,,,,,,,,,,0.0,,,,,,0.0,-99.0,-99.0,,,,,,,,,,,,-99.0,,
2002,9,8,,,,,,,,,,,,,,,,,,,,99.0,,,,,,,,,,,,,99.0,99.0,,,,,,,,,,,,99.0,,
2002,9,9,,,,,,,34.0,914.0,913.0,33.0,,,,,,,71.06,75.92,66.02,0.0,,280.0,280.0,,,0.0,,76.0,94.0,,,1.0,-9999.0,1.0,,,,-9999.0,,,,1.0,,1.0,,-9999.0,,
2002,9,10,,,,,,,,,,0.0,,,,,,,,32.0,32.0,,,,,,,0.0,,,,,,0.0,-9.0,,,,,-9.0,,,,,,0.0,,-9.0,,
2002,9,11,,,,,,,25.0,418.0,418.0,46.0,,,,,,,69.08,73.04,64.94,0.0,,270.0,270.0,,,0.0,,58.0,67.0,,,1.0,999.0,999.0,,,,999.0,,,,1.0,,1.0,,999.0,,
2002,9,12,,,,,,,,,,0.0,,,,,,,,,,,,,,,,0.0,,,,,,,-999.0,-999.0,,,,-999.0,,,,,,,,-999.0,,
2002,9,14,,,,,,,23.0,1245.0,1348.0,0.0,,,,,,,71.06,78.08,64.04,0.0,,290.0,280.0,,,0.0,,58.0,67.0,,,9999.0,9999.0,9999.0,,,,9999.0,,,,9999.0,,9999.0,,9999.0,,
2002,9,15,,,,,,,,,,0.0,,,,,,,,,,,,,,,,0.0,,,,,,-99.0,-99.0,-99.0,,,,-99.0,,,,-99.0,,-99.0,,-99.0,,
2002,9,16,,,,,,,,,,,,,,,,,,,,,,,,,,,,,,,,99.0,99.0,99.0,,,,99.0,,,,99.0,,99.0,,99.0,,
2002,9,17,,,,,,,23.0,1800.0,1759.0,0.0,,,,,,,71.96,77.0,66.02,0.0,,290.0,300.0,,,0.0,,58.0,63.0,,,1.0,-9999.0,-9999.0,,,,-9999.0,,,,1.0,,-9999.0,,-9999.0,,
2002,9,18,,,,,,,,,,0.0,,,,,,,,32.0,32.0,,,,,,,0.0,,,,,,0.0,-9.0,-9.0,,,,,,,,,,-9.0,,-9.0,,
2002,9,19,,,,,,,33.0,350.0,349.0,0.0,,,,,,,69.98,73.94,64.94,0.0,,280.0,280.0,,,0.0,,76.0,89.0,,,1.0,999.0,999.0,,,,1.0,,,,1.0,,999.0,,999.0,,
2002,9,20,,,,,,,,,,0.0,,,,,,,,,,,,,,,,0.0,,,,,,0.0,-999.0,-999.0,,,,0.0,,,,,,-999.0,,-999.0,,
2002,9,22,,,,,,,30.0,1403.0,1326.0,0.0,,,,,,,69.08,75.02,62.959999999999994,0.0,,280.0,290.0,,,0.0,,72.0,89.0,,,1.0,9999.0,9999.0,,,,1.0,,,,1.0,,9999.0,,9999.0,,
2002,9,23,,,,,,,,,,0.0,,,,,,,,,,,,,,,,0.0,,,,,,0.0,-99.0,-99.0,,,,0.0,,,,,,-99.0,,-99.0,,
2002,9,24,,,,,,,,,,,,,,,,,,,,,,,,,,,,,,,,,99.0,99.0,,,,,,,,,,99.0,,99.0,,
2002,9,25,,,,,,,25.0,1214.0,1320.0,0.0,,,,,,,68.0,71.96,62.959999999999994,0.0,,210.0,270.0,,,0.0,,58.0,67.0,,,1.0,-9999.0,-9999.0,,,,-9999.0,,,,1.0,,-9999.0,,-9999.0,,
2002,9,26,,,,,,,,,,0.0,,,,,,,,32.0,32.0,,,,,,,0.0,,,,,,0.0,-9.0,-9.0,,,,,,,,,,-9.0,,-9.0,,
2002,9,27,,,,,,,35.0,145.0,157.0,0.0,,,,,,,64.04,68.0,60.08,0.0,,180.0,180.0,,,0.0,,63.0,72.0,,,1.0,999.0,999.0,,,,1.0,,,,1.0,,999.0,,999.0,,
2002,9,28,,,,,,,,,,0.0,,,,,,,,,,,,,,,,0.0,,,,,,,-999.0,-999.0,,,,,,,,,,-999.0,,-999.0,,
2002,9,29,,,,,,,,,,,,,,,,,,,,,,,,,,,,,,,,9.0,,,,,,9.0,,,,9.0,,,,,,
2002,9,30,,,,,,,25.0,1109.0,1118.0,0.0,,,,,,,66.92,71.96,62.059999999999995,0.0,,280.0,280.0,,,0.0,,58.0,72.0,,,1.0,9999.0,9999.0,,,,1.0,,,,1.0,,9999.0,,9999.0,,
2002,9,31,,,,,,,,,,0.0,,,,,,,,,,,,,,,,0.0,,,,,,0.0,-99.0,-99.0,,,,0.0,,,,,,-99.0,,-99.0,,
2002,10,1,,,,,,,34.0,1742.0,1324.0,3.0,,,,,,,64.04,66.02,60.980000000000004,0.0,,260.0,270.0,,,0.0,,72.0,89.0,,,-9999.0,-9999.0,,,,,-9999.0,,,,-9999.0,,1.0,,-9999.0,,
2002,10,2,,,,,,,,,,0.0,,,,,,,,32.0,32.0,,,,,,,0.0,,,,,,-9.0,-9.0,,,,,-9.0,,,,-9.0,,,,-9.0,,
2002,10,3,,,,,,,22.0,510.0,454.0,0.0,,,,,,,62.959999999999994,69.08,57.02,0.0,,250.0,270.0,,,0.0,,67.0,76.0,,,999.0,999.0,,,,,999.0,,,,999.0,,999.0,,999.0,,
2002,10,4,,,,,,,,,,0.0,,,,,,,,,,,,,,,,0.0,,,,,,-999.0,-999.0,,,,,-999.0,,,,-999.0,,-999.0,,-999.0,,
2002,10,6,,,,,,,20.0,1402.0,1429.0,0.0,,,,,,,66.02,73.94,57.92,0.0,,300.0,300.0,,,0.0,,54.0,63.0,,,9999.0,9999.0,,,,,9999.0,,,,9999.0,,9999.0,,9999.0,,
2002,10,7,,,,,,,,,,0.0,,,,,,,,,,,,,,,,0.0,,,,,,-99.0,-99.0,,,,,-99.0,,,,-99.0,,-99.0,,-99.0,,
2002,10,8,,,,,,,,,,,,,,,,,,,,,,,,,,,,,,,,99.0,99.0,,,,,99.0,,,,99.0,,99.0,,99.0,,
2002,10,9,,,,,,,21.0,1333.0,1446.0,0.0,,,,,,,69.08,77.0,60.08,0.0,,290.0,290.0,,,0.0,,58.0,67.0,,,-9999.0,-9999.0,,,,,-9999.0,,,,-9999.0,,-9999.0,,-9999.0,,
2002,10,10,,,,,,,,,,0.0,,,,,,,,32.0,32.0,,,,,,,0.0,,,,,,,,,,,,-9.0,,,,,,-9.0,,,,
2002,10,11,,,,,,,22.0,348.0,251.0,0.0,,,,,,,68.0,75.02,60.980000000000004,0.0,,170.0,180.0,,,0.0,,58.0,72.0,,,1.0,1.0,,,,,999.0,,,,1.0,,999.0,,1.0,,
2002,10,12,,,,,,,,,,0.0,,,,,,,,,,,,,,,,0.0,,,,,,0.0,,,,,,,,,,,,-999.0,,,,
2002,10,14,,,,,,,26.0,1632.0,1632.0,0.0,,,,,,,66.92,71.06,62.959999999999994,0.0,,290.0,290.0,,,0.0,,63.0,72.0,,,1.0,9999.0,,,,,1.0,,,,1.0,,9999.0,,9999.0,,
2002,10,15,,,,,,,,,,0.0,,,,,,,,,,,,,,,,0.0,,,,,,0.0,-99.0,,,,,0.0,,,,,,-99.0,,-99.0,,
2002,10,16,,,,,,,,,,,,,,,,,,,,,,,,,,,,,,,,,99.0,,,,,,,,,,,99.0,,99.0,,
2002,10,17,,,,,,,32.0,1355.0,1336.0,0.0,,,,,,,66.92,69.98,64.04,0.0,,290.0,290.0,,,0.0,,76.0,94.0,,,-9999.0,-9999.0,,,,,1.0,,,,-9999.0,,-9999.0,,-9999.0,,
2002,10,18,,,,,,,,,,0.0,,,,,,,,32.0,32.0,,,,,,,0.0,,,,,,,-9.0,,,,,,,,,,,-9.0,,-9.0,,
2002,10,19,,,,,,,26.0,406.0,406.0,0.0,,,,,,,64.94,69.08,60.980000000000004,0.0,,290.0,290.0,,,0.0,,67.0,76.0,,,1.0,999.0,,,,,999.0,,,,1.0,,999.0,,999.0,,
2002,10,20,,,,,,,,,,0.0,,,,,,,,,,,,,,,,0.0,,,,,,0.0,-999.0,,,,,,,,,,,-999.0,,-999.0,,
2002,10,22,,,,,,,26.0,1405.0,1344.0,0.0,,,,,,,64.94,68.0,62.059999999999995,0.0,,290.0,270.0,,,0.0,,58.0,72.0,,,1.0,9999.0,,,,,1.0,,,,1.0,,9999.0,,9999.0,,
2002,10,23,,,,,,,,,,0.0,,,,,,,,,,,,,,,,0.0,,,,,,,-99.0,,,,,0.0,,,,,,-99.0,,-99.0,,
2002,10,24,,,,,,,,,,,,,,,,,,,,,,,,,,,,,,,,99.0,99.0,,,,,,,,,99.0,,99.0,,99.0,,
2002,10,25,,,,,,,29.0,1640.0,1639.0,0.0,,,,,,,62.959999999999994,64.94,60.980000000000004,0.0,,250.0,250.0,,,0.0,,58.0,67.0,,,-9999.0,-9999.0,,,,,-9999.0,,,,-9999.0,,1.0,,-9999.0,,
2002,10,26,,,,,,,,,,,,,,,,,,32.0,32.0,,,,,,,0.0,,,,,,-9.0,-9.0,,,,,-9.0,,,,-9.0,,,,-9.0,,
2002,10,27,,,,,,,25.0,330.0,329.0,0.0,,,,,,,62.959999999999994,66.02,59.0,0.0,,250.0,260.0,,,0.0,,45.0,58.0,,,999.0,999.0,,,,,999.0,,,,999.0,,999.0,,999.0,,
2002,10,28,,,,,,,,,,0.0,,,,,,,,,,,,,,,,0.0,,,,,,-999.0,-999.0,,,,,-999.0,,,,-999.0,,-999.0,,-999.0,,
2002,10,29,,,,,,,,,,,,,,,,,,,,9.0,,,,,,,,,,,,,,,,,,9.0,,,,,,,,,,
2002,10,30,,,,,,,20.0,1227.0,1234.0,0.0,,,,,,,64.94,68.0,62.059999999999995,0.0,,280.0,290.0,,,0.0,,58.0,63.0,,,9999.0,9999.0,,,,,1.0,,,,9999.0,,9999.0,,9999.0,,
2002,10,31,,,,,,,,,,0.0,,,,,,,,,,,,,,,,0.0,,,,,,,-99.0,,,,,0.0,,,,,,-99.0,,-99.0,,
2002,11,1,,,,,,,21.0,1510.0,1444.0,0.0,,,,,,,62.959999999999994,66.02,60.08,0.0,,300.0,300.0,,,0.0,,58.0,72.0,,,-9999.0,-9999.0,-9999.0,,,,1.0,,,,-9999.0,,-9999.0,,-9999.0,,
2002,11,2,,,,,,,,,,0.0,,,,,,,,32.0,32.0,,,,,,,0.0,,,,,,,-9.0,-9.0,,,,0.0,,,,,,-9.0,,-9.0,,
2002,11,3,,,,,,,30.0,325.0,259.0,0.0,,,,,,,62.059999999999995,66.02,57.02,0.0,,320.0,290.0,,,0.0,,76.0,94.0,,,1.0,999.0,999.0,,,,1.0,,,,1.0,,999.0,,999.0,,
2002,11,4,,,,,,,,,,0.0,,,,,,,,,,,,,,,,0.0,,,,,,0.0,-999.0,-999.0,,,,0.0,,,,,,-999.0,,-999.0,,
2002,11,6,,,,,,,23.0,1311.0,1249.0,0.0,,,,,,,60.980000000000004,64.94,57.02,0.0,,200.0,200.0,,,0.0,,54.0,63.0,,,1.0,9999.0,9999.0,,,,1.0,,,,1.0,,9999.0,,9999.0,,
2002,11,7,,,,,,,,,,0.0,,,,,,,,,,,,,,,,0.0,,,,,,0.0,-99.0,-99.0,,,,0.0,,,,,,-99.0,,-99.0,,
2002,11,8,,,,,,,,,,,,,,,,,,,,,,,,,,,,,,,,,99.0,99.0,,,,,,,,,,99.0,,99.0,,
2002,11,9,,,,,,,24.0,1252.0,1252.0,0.0,,,,,,,60.980000000000004,69.98,51.08,0.0,,290.0,300.0,,,0.0,,72.0,80.0,,,1.0,1.0,-9999.0,,,,1.0,,,,1.0,,-9999.0,,1.0,,
2002,11,10,,,,,,,,,,0.0,,,,,,,,32.0,32.0,,,,,,,0.0,,,,,,0.0,,-9.0,,,,0.0,,,,,,,,,,
2002,11,11,,,,,,,22.0,549.0,548.0,,,,,,,,60.980000000000004,68.0,53.96,0.0,,300.0,300.0,,,0.0,,63.0,80.0,,,1.0,999.0,999.0,,,,1.0,,,,1.0,,1.0,,999.0,,
2002,11,12,,,,,,,,,,,,,,,,,,,,,,,,,,0.0,,,,,,0.0,-999.0,-999.0,,,,,,,,,,0.0,,-999.0,,
2002,11,14,,,,,,,39.0,1424.0,2353.0,18.0,,,,,,,64.94,66.92,62.959999999999994,9999.0,,270.0,280.0,,,0.0,,67.0,76.0,,,1.0,9999.0,9999.0,,,,9999.0,,,,1.0,,1.0,,9999.0,,
2002,11,15,,,,,,,,,,0.0,,,,,,,,,,,,,,,,0.0,,,,,,,-99.0,-99.0,,,,-99.0,,,,,,,,-99.0,,
2002,11,16,,,,,,,,,,,,,,,,,,,,,,,,,,,,,,,,99.0,99.0,99.0,,,,99.0,,,,99.0,,99.0,,99.0,,
2002,11,17,,,,,,,17.0,1306.0,1220.0,0.0,,,,,,,62.959999999999994,71.06,53.96,0.0,,290.0,320.0,,,0.0,,63.0,72.0,,,-9999.0,-9999.0,-9999.0,,,,-9999.0,,,,-9999.0,,-9999.0,,-9999.0,,
2002,11,18,,,,,,,,,,0.0,,,,,,,,32.0,32.0,,,,,,,0.0,,,,,,-9.0,-9.0,-9.0,,,,-9.0,,,,-9.0,,-9.0,,-9.0,,
2002,11,19,,,,,,,21.0,343.0,230.0,0.0,,,,,,,66.92,78.98,55.04,0.0,,320.0,290.0,,,0.0,,63.0,72.0,,,999.0,999.0,999.0,,,,999.0,,,,999.0,,999.0,,999.0,,
2002,11,20,,,,,,,,,,0.0,,,,,,,,,,,,,,,,0.0,,,,,,,-999.0,-999.0,,,,-999.0,,,,,,-999.0,,-999.0,,
2002,11,21,,,,,,,,,,,,,,,,,,,,,,,,,,,,,,,,,,,,,,9.0,,,,,,,,,,
2002,11,22,,,,,,,18.0,1532.0,1307.0,0.0,,,,,,,60.980000000000004,64.94,57.02,0.0,,300.0,310.0,,,0.0,,40.0,54.0,,,1.0,9999.0,9999.0,,,,1.0,,,,1.0,,9999.0,,9999.0,,
2002,11,23,,,,,,,,,,0.0,,,,,,,,,,,,,,,,0.0,,,,,,,-99.0,-99.0,,,,,,,,,,-99.0,,-99.0,,
2002,11,24,,,,,,,,,,,,,,,,,,,,,,,,,,,,,,,,99.0,99.0,99.0,,,,99.0,,,,99.0,,99.0,,99.0,,
2002,11,25,,,,,,,14.0,1617.0,1615.0,0.0,,,,,,,66.02,80.06,51.98,0.0,,340.0,330.0,,,0.0,,63.0,76.0,,,-9999.0,-9999.0,-9999.0,,,,-9999.0,,,,-9999.0,,-9999.0,,-9999.0,,
2002,11,26,,,,,,,,,,0.0,,,,,,,,32.0,32.0,,,,,,,0.0,,,,,,,-9.0,-9.0,,,,-9.0,,,,,,-9.0,,-9.0,,
2002,11,27,,,,,,,15.0,444.0,544.0,0.0,,,,,,,62.059999999999995,71.96,51.98,0.0,,300.0,320.0,,,0.0,,45.0,54.0,,,1.0,999.0,999.0,,,,999.0,,,,1.0,,999.0,,999.0,,
2002,11,28,,,,,,,,,,0.0,,,,,,,,,,,,,,,,0.0,,,,,,,-999.0,-999.0,,,,-999.0,,,,,,-999.0,,-999.0,,
2002,11,30,,,,,,,16.0,1342.0,1342.0,0.0,,,,,,,66.02,78.98,51.98,0.0,,310.0,310.0,,,0.0,,54.0,58.0,,,9999.0,9999.0,9999.0,,,,9999.0,,,,9999.0,,9999.0,,9999.0,,
2002,11,31,,,,,,,,,,0.0,,,,,,,,,,,,,,,,0.0,,,,,,-99.0,-99.0,-99.0,,,,-99.0,,,,-99.0,,-99.0,,-99.0,,
2002,12,1,,,,,,,16.0,1602.0,1602.0,0.0,,,,,,,57.92,64.04,51.08,0.0,,330.0,330.0,,,0.0,,67.0,76.0,,,1.0,,,,,,1.0,,,,1.0,,-9999.0,,,,
2002,12,2,,,,,,,,,,0.0,,,,,,,,32.0,32.0,,,,,,,0.0,,,,,,0.0,,,,,,0.0,,,,,,-9.0,,,,
2002,12,3,,,,,,,10.0,514.0,529.0,0.0,,,,,,,60.08,68.0,51.08,0.0,,280.0,280.0,,,0.0,,54.0,58.0,,,1.0,,,,,,1.0,,,,1.0,,999.0,,,,
2002,12,4,,,,,,,,,,0.0,,,,,,,,,,,,,,,,0.0,,,,,,0.0,,,,,,0.0,,,,,,-999.0,,,,
2002,12,6,,,,,,,20.0,1330.0,1415.0,0.0,,,,,,,57.92,66.02,50.0,0.0,,300.0,320.0,,,0.0,,67.0,76.0,,,1.0,,,,,,1.0,,,,1.0,,9999.0,,,,
2002,12,7,,,,,,,,,,0.0,,,,,,,,,,,,,,,,0.0,,,,,,0.0,,,,,,0.0,,,,,,-99.0,,,,
2002,12,8,,,,,,,,,,,,,,,,,,,,,,,,,,,,,,,,,,,,,,,,,,,,99.0,,,,
2002,12,9,,,,,,,12.0,1601.0,1325.0,0.0,,,,,,,57.02,64.94,48.92,0.0,,280.0,210.0,,,0.0,,45.0,58.0,,,1.0,,,,,,1.0,,,,1.0,,-9999.0,,,,
2002,12,10,,,,,,,,,,0.0,,,,,,,,32.0,32.0,,,,,,,0.0,,,,,,0.0,,,,,,0.0,,,,,,-9.0,,,,
2002,12,11,,,,,,,17.0,447.0,447.0,0.0,,,,,,,60.980000000000004,64.94,55.94,0.0,,300.0,300.0,,,0.0,,45.0,54.0,,,1.0,,,,,,1.0,,,,1.0,,999.0,,,,
2002,12,12,,,,,,,,,,0.0,,,,,,,,,,,,,,,,0.0,,,,,,0.0,,,,,,0.0,,,,,,-999.0,,,,
2002,12,14,,,,,,,19.0,1417.0,1415.0,0.0,,,,,,,59.0,66.02,51.98,0.0,,310.0,300.0,,,0.0,,67.0,89.0,,,1.0,,,,,,1.0,,,,1.0,,9999.0,,,,
2002,12,15,,,,,,,,,,0.0,,,,,,,,,,,,,,,,0.0,,,,,,0.0,,,,,,0.0,,,,,,-99.0,,,,
2002,12,16,,,,,,,,,,,,,,,,,,,,,,,,,,,,,,,,,,,,,,,,,,,,99.0,,,,
2002,12,17,,,,,,,17.0,1344.0,1303.0,0.0,,,,,,,60.08,66.02,53.06,0.0,,290.0,290.0,,,0.0,,63.0,72.0,,,1.0,,,,,,1.0,,,,1.0,,-9999.0,,,,
2002,12,18,,,,,,,,,,0.0,,,,,,,,32.0,32.0,,,,,,,0.0,,,,,,0.0,,,,,,0.0,,,,,,-9.0,,,,
2002,12,19,,,,,,,11.0,434.0,253.0,0.0,,,,,,,57.92,66.02,48.92,0.0,,210.0,180.0,,,0.0,,36.0,45.0,,,1.0,,,,,,1.0,,,,1.0,,999.0,,,,
2002,12,20,,,,,,,,,,0.0,,,,,,,,,,,,,,,,0.0,,,,,,0.0,,,,,,0.0,,,,,,-999.0,,,,
2002,12,22,,,,,,,16.0,1643.0,1639.0,0.0,,,,,,,59.0,66.92,50.0,0.0,,300.0,300.0,,,0.0,,45.0,58.0,,,1.0,,,,,,1.0,,,,1.0,,9999.0,,,,
2002,12,23,,,,,,,,,,0.0,,,,,,,,,,,,,,,,0.0,,,,,,0.0,,,,,,0.0,,,,,,-99.0,,,,
2002,12,24,,,,,,,,,,,,,,,,,,,,,,,,,,,,,,,,,,,,,,,,,,,,99.0,,,,
2002,12,25,,,,,,,47.0,1726.0,1725.0,102.0,,,,,,,59.0,64.04,53.96,0.0,,170.0,170.0,,,0.0,,125.0,148.0,,,1.0,,,,,,1.0,,,,1.0,,1.0,,,,
2002,12,26,,,,,,,,,,0.0,,,,,,,,32.0,32.0,,,,,,,0.0,,,,,,,,,,,,,,,,,,0.0,,,,
2002,12,27,,,,,,,55.0,605.0,307.0,13.0,,,,,,,59.0,60.980000000000004,55.94,0.0,,320.0,290.0,,,0.0,,103.0,130.0,,,999.0,,,,,,999.0,,,,999.0,,1.0,,,,
2002,12,28,,,,,,,,,,,,,,,,,,,,,,,,,,0.0,,,,,,-999.0,,,,,,-999.0,,,,-999.0,,0.0,,,,
2002,12,30,,,,,,,27.0,2253.0,2246.0,0.0,,,,,,,51.98,60.08,44.06,0.0,,110.0,110.0,,,0.0,,63.0,76.0,,,9999.0,,,,,,9999.0,,,,9999.0,,9999.0,,,,
2002,12,31,,,,,,,,,,,,,,,,,,,,,,,,,,0.0,,,,,,,,,,,,-99.0,,,,,,,,,,
2003,1,1,,,,,,,12.0,1547.0,1550.0,0.0,,,,,,,57.02,66.92,46.94,0.0,,300.0,300.0,,,0.0,,54.0,58.0,,,1.0,-9999.0,,,,,-9999.0,,,,1.0,,-9999.0,,-9999.0,,-9999.0
2003,1,2,,,,,,,,,,0.0,,,,,,,,32.0,32.0,,,,,,,0.0,,,,,,,-9.0,,,,,-9.0,,,,,,-9.0,,-9.0,,-9.0
2003,1,3,,,,,,,11.0,454.0,452.0,0.0,,,,,,,60.980000000000004,73.94,46.94,0.0,,320.0,320.0,,,0.0,,63.0,72.0,,,999.0,999.0,,,,,999.0,,,,999.0,,999.0,,999.0,,999.0
2003,1,4,,,,,,,,,,0.0,,,,,,,,,,,,,,,,0.0,,,,,,-999.0,-999.0,,,,,-999.0,,,,-999.0,,-999.0,,-999.0,,-999.0
2003,1,6,,,,,,,12.0,1320.0,1320.0,0.0,,,,,,,64.04,77.0,51.08,0.0,,300.0,300.0,,,0.0,,54.0,58.0,,,9999.0,9999.0,,,,,9999.0,,,,9999.0,,9999.0,,9999.0,,9999.0
2003,1,7,,,,,,,,,,0.0,,,,,,,,,,,,,,,,0.0,,,,,,,-99.0,,,,,-99.0,,,,,,-99.0,,-99.0,,-99.0
2003,1,8,,,,,,,,,,,,,,,,,,,,,,,,,,,,,,,,,99.0,,,,,99.0,,,,,,99.0,,99.0,,99.0
2003,1,9,,,,,,,37.0,835.0,835.0,0.0,,,,,,,64.04,75.92,51.08,0.0,,40.0,40.0,,,0.0,,134.0,156.0,,,-9999.0,-9999.0,,,,,-9999.0,,,,-9999.0,,1.0,,-9999.0,,-9999.0
2003,1,10,,,,,,,,,,,,,,,,,,32.0,32.0,,,,,,,0.0,,,,,,-9.0,-9.0,,,,,-9.0,,,,-9.0,,,,-9.0,,-9.0
2003,1,11,,,,,,,50.0,49.0,49.0,0.0,,,,,,,71.06,82.04,60.08,999.0,,80.0,70.0,,,0.0,,134.0,170.0,,,999.0,999.0,,,,,999.0,,,,999.0,,999.0,,999.0,,999.0
2003,1,12,,,,,,,,,,0.0,,,,,,,,,,,,,,,,0.0,,,,,,-999.0,-999.0,,,,,-999.0,,,,-999.0,,,,-999.0,,-999.0
2003,1,13,,,,,,,,,,,,,,,,,,,,,,,,,,,,,,,,9.0,,,,,,,,,,9.0,,,,,,
2003,1,14,,,,,,,17.0,1552.0,1551.0,0.0,,,,,,,59.0,64.04,53.06,0.0,,250.0,250.0,,,0.0,,45.0,54.0,,,1.0,9999.0,,,,,9999.0,,,,1.0,,9999.0,,9999.0,,9999.0
2003,1,15,,,,,,,,,,0.0,,,,,,,,,,,,,,,,0.0,,,,,,0.0,-99.0,,,,,-99.0,,,,,,-99.0,,-99.0,,-99.0
2003,1,16,,,,,,,,,,,,,,,,,,,,,,,,,,,,,,,,,99.0,,,,,99.0,,,,,,99.0,,99.0,,99.0
2003,1,17,,,,,,,23.0,1236.0,1339.0,0.0,,,,,,,57.02,62.959999999999994,50.0,0.0,,290.0,340.0,,,0.0,,76.0,94.0,,,1.0,-9999.0,,,,,1.0,,,,1.0,,-9999.0,,-9999.0,,-9999.0
2003,1,18,,,,,,,,,,0.0,,,,,,,,32.0,32.0,,,,,,,0.0,,,,,,0.0,-9.0,,,,,0.0,,,,,,-9.0,,-9.0,,-9.0
2003,1,19,,,,,,,26.0,254.0,253.0,0.0,,,,,,,57.92,62.059999999999995,53.06,0.0,,290.0,290.0,,,0.0,,76.0,94.0,,,1.0,999.0,,,,,1.0,,,,1.0,,999.0,,999.0,,999.0
2003,1,20,,,,,,,,,,0.0,,,,,,,,,,,,,,,,0.0,,,,,,0.0,,,,,,0.0,,,,,,-999.0,,-999.0,,-999.0
2003,1,22,,,,,,,24.0,1529.0,1527.0,0.0,,,,,,,55.04,60.980000000000004,48.92,9999.0,,290.0,290.0,,,0.0,,58.0,67.0,,,1.0,1.0,,,,,1.0,,,,1.0,,9999.0,,9999.0,,9999.0
2003,1,23,,,,,,,,,,0.0,,,,,,,,,32.0,,,,,,,0.0,,,,,,0.0,,,,,,0.0,,,,,,-99.0,,-99.0,,-99.0
2003,1,24,,,,,,,,,,,,,,,,,,,,,,,,,,,,,,,,,,,,,,,,,,,,99.0,,99.0,,99.0
2003,1,25,,,,,,,15.0,1354.0,1353.0,0.0,,,,,,,64.94,80.06,48.92,0.0,,310.0,310.0,,,0.0,,54.0,58.0,,,-9999.0,-9999.0,,,,,-9999.0,,,,-9999.0,,-9999.0,,-9999.0,,-9999.0
2003,1,26,,,,,,,,,,0.0,,,,,,,,32.0,32.0,,,,,,,0.0,,,,,,-9.0,-9.0,,,,,-9.0,,,,-9.0,,-9.0,,-9.0,,-9.0
2003,1,27,,,,,,,13.0,727.0,837.0,0.0,,,,,,,64.04,77.0,50.0,0.0,,170.0,150.0,,,0.0,,45.0,54.0,,,999.0,999.0,,,,,999.0,,,,999.0,,999.0,,999.0,,999.0
2003,1,28,,,,,,,,,,0.0,,,,,,,,,,,,,,,,0.0,,,,,,,-999.0,,,,,-999.0,,,,,,-999.0,,-999.0,,-999.0
2003,1,29,,,,,,,,,,,,,,,,,,,,,,,,,,,,,,,,,9.0,,,,,9.0,,,,,,9.0,,,,
2003,1,30,,,,,,,14.0,1337.0,1319.0,,,,,,,,57.02,64.94,48.92,0.0,,260.0,270.0,,,0.0,,40.0,58.0,,,1.0,1.0,,,,,1.0,,,,1.0,,1.0,,9999.0,,9999.0
2003,1,31,,,,,,,,,,0.0,,,,,,,,,,,,,,,,0.0,,,,,,0.0,,,,,,0.0,,,,,,0.0,,-99.0,,-99.0
2003,2,1,,,,,,,27.0,2238.0,2233.0,0.0,,,,,,,62.059999999999995,66.92,55.94,0.0,,140.0,150.0,,,0.0,,67.0,76.0,,,-9999.0,,,,,,-9999.0,,,,-9999.0,,-9999.0,,,,-9999.0
2003,2,2,,,,,,,,,,0.0,,,,,,,,32.0,32.0,,,,,,,0.0,,,,,,-9.0,,,,,,-9.0,,,,-9.0,,-9.0,,,,-9.0
2003,2,3,,,,,,,29.0,529.0,546.0,0.0,,,,,,,60.980000000000004,66.92,55.04,0.0,,290.0,310.0,,,0.0,,76.0,94.0,,,999.0,,,,,,999.0,,,,999.0,,999.0,,,,999.0
2003,2,4,,,,,,,,,,0.0,,,,,,,,,,,,,,,,0.0,,,,,,-999.0,,,,,,-999.0,,,,-999.0,,-999.0,,,,-999.0
2003,2,6,,,,,,,14.0,1431.0,1447.0,0.0,,,,,,,59.0,69.08,48.92,0.0,,280.0,290.0,,,0.0,,54.0,58.0,,,9999.0,,,,,,9999.0,,,,9999.0,,9999.0,,,,9999.0
2003,2,7,,,,,,,,,,0.0,,,,,,,,,,,,,,,,0.0,,,,,,-99.0,,,,,,-99.0,,,,-99.0,,-99.0,,,,-99.0
2003,2,8,,,,,,,,,,,,,,,,,,,,,,,,,,,,,,,,99.0,,,,,,99.0,,,,99.0,,99.0,,,,99.0
2003,2,9,,,,,,,16.0,1427.0,1423.0,0.0,,,,,,,55.04,62.059999999999995,48.02,0.0,,240.0,240.0,,,0.0,,54.0,63.0,,,-9999.0,,,,,,-9999.0,,,,-9999.0,,-9999.0,,,,-9999.0
2003,2,10,,,,,,,,,,0.0,,,,,,,,32.0,32.0,,,,,,,0.0,,,,,,-9.0,,,,,,-9.0,,,,-9.0,,,,,,-9.0
2003,2,11,,,,,,,16.0,520.0,520.0,,,,,,,,55.04,64.04,46.04,0.0,,230.0,230.0,,,0.0,,63.0,67.0,,,999.0,,,,,,999.0,,,,999.0,,1.0,,,,999.0
2003,2,12,,,,,,,,,,0.0,,,,,,,,,,,,,,,,0.0,,,,,,-999.0,,,,,,-999.0,,,,-999.0,,0.0,,,,-999.0
2003,2,14,,,,,,,17.0,1553.0,1545.0,0.0,,,,,,,57.02,64.94,48.92,0.0,,290.0,300.0,,,0.0,,67.0,76.0,,,9999.0,,,,,,9999.0,,,,9999.0,,9999.0,,,,9999.0
2003,2,15,,,,,,,,,,0.0,,,,,,,,,32.0,,,,,,,0.0,,,,,,-99.0,,,,,,-99.0,,,,-99.0,,-99.0,,,,-99.0
2003,2,16,,,,,,,,,,,,,,,,,,,,,,,,,,,,,,,,99.0,,,,,,99.0,,,,99.0,,99.0,,,,99.0
2003,2,17,,,,,,,22.0,48.0,48.0,132.0,,,,,,,60.08,64.04,55.94,0.0,,200.0,190.0,,,0.0,,112.0,143.0,,,1.0,,,,,,-9999.0,,,,1.0,,1.0,,,,-9999.0
2003,2,18,,,,,,,,,,0.0,,,,,,,,32.0,32.0,,,,,,,0.0,,,,,,0.0,,,,,,-9.0,,,,,,0.0,,,,-9.0
2003,2,19,,,,,,,38.0,250.0,151.0,305.0,,,,,,,64.04,68.0,59.0,0.0,,180.0,130.0,,,0.0,,103.0,130.0,,,1.0,,,,,,999.0,,,,1.0,,1.0,,,,999.0
2003,2,20,,,,,,,,,,,,,,,,,,,,,,,,,,0.0,,,,,,0.0,,,,,,-999.0,,,,,,0.0,,,,
2003,2,22,,,,,,,30.0,1452.0,1350.0,89.0,,,,,,,62.059999999999995,64.94,57.92,0.0,,270.0,290.0,,,0.0,,58.0,67.0,,,1.0,,,,,,9999.0,,,,1.0,,1.0,,,,9999.0
2003,2,23,,,,,,,,,,0.0,,,,,,,,,,,,,,,,0.0,,,,,,,,,,,,-99.0,,,,,,,,,,-99.0
2003,2,24,,,,,,,,,,,,,,,,,,,,,,,,,,,,,,,,99.0,,,,,,99.0,,,,99.0,,99.0,,,,99.0
2003,2,25,,,,,,,30.0,1532.0,1524.0,0.0,,,,,,,60.980000000000004,64.04,57.92,0.0,,300.0,310.0,,,0.0,,72.0,89.0,,,-9999.0,,,,,,-9999.0,,,,-9999.0,,-9999.0,,,,-9999.0
2003,2,26,,,,,,,,,,0.0,,,,,,,,32.0,32.0,,,,,,,0.0,,,,,,-9.0,,,,,,,,,,-9.0,,-9.0,,,,-9.0
2003,2,27,,,,,,,24.0,28.0,28.0,0.0,,,,,,,60.980000000000004,66.02,55.94,0.0,,320.0,320.0,,,0.0,,72.0,89.0,,,999.0,,,,,,1.0,,,,999.0,,999.0,,,,999.0
2003,2,28,,,,,,,,,,0.0,,,,,,,,,,,,,,,,0.0,,,,,,,,,,,,,,,,,,-999.0,,,,-999.0
2003,2,29,,,,,,,,,,,,,,,,,,,,,,,,,,,,,,,,,,,,,,9.0,,,,,,9.0,,,,
2003,2,30,,,,,,,31.0,2223.0,2223.0,,,,,,,,57.02,62.959999999999994,51.08,0.0,,260.0,260.0,,,0.0,,94.0,112.0,,,1.0,,,,,,1.0,,,,1.0,,1.0,,,,9999.0
2003,2,31,,,,,,,,,,0.0,,,,,,,,,,,,,,,,0.0,,,,,,,,,,,,,,,,,,,,,,-99.0
2003,3,1,,,,,,,30.0,1552.0,1628.0,0.0,,,,,,,57.02,62.059999999999995,51.98,0.0,,230.0,240.0,,,0.0,,67.0,80.0,,,-9999.0,-9999.0,,,,,-9999.0,,,,-9999.0,,-9999.0,,-9999.0,,-9999.0
2003,3,2,,,,,,,,,,0.0,,,,,,,,32.0,32.0,,,,,,,0.0,,,,,,-9.0,-9.0,,,,,-9.0,,,,-9.0,,-9.0,,-9.0,,-9.0
2003,3,3,,,,,,,27.0,342.0,721.0,0.0,,,,,,,57.92,64.94,51.08,0.0,,290.0,320.0,,,0.0,,76.0,89.0,,,999.0,999.0,,,,,999.0,,,,999.0,,999.0,,999.0,,999.0
2003,3,4,,,,,,,,,,0.0,,,,,,,,,,,,,,,,0.0,,,,,,-999.0,-999.0,,,,,-999.0,,,,-999.0,,,,-999.0,,-999.0
2003,3,5,,,,,,,,,,,,,,,,,,,,,,,,,,,,,,,,9.0,,,,,,,,,,9.0,,,,,,
2003,3,6,,,,,,,25.0,1420.0,1459.0,38.0,,,,,,,55.94,60.08,51.08,0.0,,200.0,190.0,,,0.0,,58.0,76.0,,,1.0,9999.0,,,,,9999.0,,,,1.0,,1.0,,9999.0,,9999.0
2003,3,7,,,,,,,,,,0.0,,,,,,,,,32.0,,,,,,,0.0,,,,,,,-99.0,,,,,-99.0,,,,,,,,-99.0,,-99.0
2003,3,8,,,,,,,,,,,,,,,,,,,,,,,,,,,,,,,,99.0,99.0,,,,,99.0,,,,99.0,,99.0,,99.0,,99.0
2003,3,9,,,,,,,16.0,1511.0,1502.0,0.0,,,,,,,57.02,64.04,48.92,0.0,,270.0,270.0,,,0.0,,58.0,67.0,,,-9999.0,-9999.0,,,,,-9999.0,,,,-9999.0,,-9999.0,,-9999.0,,-9999.0
2003,3,10,,,,,,,,,,0.0,,,,,,,,32.0,32.0,,,,,,,0.0,,,,,,-9.0,-9.0,,,,,-9.0,,,,-9.0,,-9.0,,-9.0,,-9.0
2003,3,11,,,,,,,18.0,337.0,356.0,0.0,,,,,,,55.94,62.059999999999995,48.92,0.0,,280.0,290.0,,,0.0,,54.0,63.0,,,999.0,999.0,,,,,999.0,,,,999.0,,999.0,,999.0,,999.0
2003,3,12,,,,,,,,,,0.0,,,,,,,,,,,,,,,,0.0,,,,,,,-999.0,,,,,,,,,,,-999.0,,-999.0,,-999.0
2003,3,14,,,,,,,25.0,1519.0,1430.0,0.0,,,,,,,60.980000000000004,66.92,53.96,0.0,,290.0,290.0,,,0.0,,67.0,80.0,,,1.0,9999.0,,,,,1.0,,,,1.0,,9999.0,,9999.0,,9999.0
2003,3,15,,,,,,,,,,0.0,,,,,,,,,,,,,,,,0.0,,,,,,0.0,-99.0,,,,,0.0,,,,,,-99.0,,-99.0,,
2003,3,16,,,,,,,,,,,,,,,,,,,,99.0,,,,,,,,,,,,,99.0,,,,,,,,,,,99.0,,99.0,,
2003,3,17,,,,,,,24.0,1504.0,1503.0,0.0,,,,,,,59.0,66.02,51.08,0.0,,220.0,220.0,,,0.0,,45.0,58.0,,,1.0,1.0,,,,,1.0,,,,1.0,,-9999.0,,1.0,,-9999.0
2003,3,18,,,,,,,,,,0.0,,,,,,,,32.0,32.0,,,,,,,0.0,,,,,,0.0,,,,,,0.0,,,,,,-9.0,,,,-9.0
2003,3,19,,,,,,,22.0,719.0,428.0,0.0,,,,,,,62.059999999999995,66.92,55.94,0.0,,230.0,190.0,,,0.0,,45.0,58.0,,,1.0,999.0,,,,,1.0,,,,1.0,,999.0,,999.0,,999.0
2003,3,20,,,,,,,,,,0.0,,,,,,,,,,,,,,,,0.0,,,,,,0.0,-999.0,,,,,0.0,,,,,,-999.0,,-999.0,,-999.0
2003,3,22,,,,,,,29.0,1429.0,1428.0,0.0,,,,,,,62.959999999999994,66.02,59.0,0.0,,300.0,300.0,,,0.0,,67.0,80.0,,,9999.0,9999.0,,,,,1.0,,,,9999.0,,9999.0,,9999.0,,9999.0
2003,3,23,,,,,,,,,,,,,,,,,,,,,,,,,,0.0,,,,,,,-99.0,,,,,0.0,,,,,,,,-99.0,,-99.0
2003,3,24,,,,,,,,,,,,,,,,,,,,,,,,,,,,,,,,,99.0,,,,,,,,,,,,,99.0,,99.0
2003,3,25,,,,,,,51.0,148.0,147.0,104.0,,,,,,,59.0,62.059999999999995,55.94,0.0,,190.0,180.0,,,0.0,,130.0,161.0,,,1.0,-9999.0,,,,,-9999.0,,,,1.0,,1.0,,-9999.0,,-9999.0
2003,3,26,,,,,,,,,,0.0,,,,,,,,32.0,32.0,,,,,,,0.0,,,,,,,-9.0,,,,,-9.0,,,,,,0.0,,-9.0,,-9.0
2003,3,27,,,,,,,68.0,219.0,609.0,,,,,,,,59.0,62.959999999999994,55.04,0.0,,280.0,280.0,,,0.0,,107.0,139.0,,,999.0,999.0,,,,,999.0,,,,999.0,,1.0,,999.0,,999.0
2003,3,28,,,,,,,,,,0.0,,,,,,,,,,,,,,,,0.0,,,,,,-999.0,-999.0,,,,,-999.0,,,,-999.0,,,,-999.0,,-999.0
2003,3,30,,,,,,,28.0,1342.0,1146.0,0.0,,,,,,,57.92,64.94,51.08,0.0,,220.0,210.0,,,0.0,,58.0,67.0,,,9999.0,9999.0,,,,,9999.0,,,,9999.0,,9999.0,,9999.0,,9999.0
2003,3,31,,,,,,,,,,0.0,,,,,,,,,,,,,,,,0.0,,,,,,-99.0,-99.0,,,,,-99.0,,,,-99.0,,-99.0,,-99.0,,-99.0
2003,4,1,,,,,,,36.0,1058.0,1445.0,0.0,,,,,,,60.08,64.04,55.94,0.0,,210.0,230.0,,,0.0,,63.0,67.0,,,1.0,,,,,,-9999.0,,,,1.0,,-9999.0,,,,
2003,4,2,,,,,,,,,,0.0,,,,,,,,32.0,32.0,,,,,,,0.0,,,,,,,,,,,,-9.0,,,,,,-9.0,,,,
2003,4,3,,,,,,,49.0,414.0,329.0,0.0,,,,,,,60.08,62.959999999999994,57.02,0.0,,290.0,280.0,,,0.0,,76.0,98.0,,,999.0,,,,,,999.0,,,,999.0,,999.0,,,,
2003,4,4,,,,,,,,,,0.0,,,,,,,,,,,,,,,,0.0,,,,,,-999.0,,,,,,-999.0,,,,-999.0,,-999.0,,,,
2003,4,6,,,,,,,36.0,1400.0,1358.0,0.0,,,,,,,55.94,62.059999999999995,50.0,0.0,,260.0,260.0,,,0.0,,80.0,98.0,,,9999.0,,,,,,9999.0,,,,9999.0,,9999.0,,,,
2003,4,7,,,,,,,,,,0.0,,,,,,,,,,,,,,,,0.0,,,,,,-99.0,,,,,,-99.0,,,,-99.0,,,,,,
2003,4,8,,,,,,,,,,,,,,,,,,,,,,,,,,,,,,,,99.0,,,,,,99.0,,,,99.0,,,,,,
2003,4,9,,,,,,,25.0,1517.0,1444.0,0.0,,,,,,,57.02,64.04,50.0,0.0,,290.0,280.0,,,0.0,,72.0,89.0,,,-9999.0,,,,,,-9999.0,,,,-9999.0,,-9999.0,,,,
2003,4,10,,,,,,,,,,0.0,,,,,,,,32.0,32.0,,,,,,,0.0,,,,,,-9.0,,,,,,-9.0,,,,-9.0,,-9.0,,,,
2003,4,11,,,,,,,25.0,546.0,546.0,0.0,,,,,,,62.059999999999995,71.96,51.98,0.0,,290.0,290.0,,,0.0,,72.0,89.0,,,999.0,,,,,,999.0,,,,999.0,,999.0,,,,
2003,4,12,,,,,,,,,,0.0,,,,,,,,,,,,,,,,0.0,,,,,,-999.0,,,,,,-999.0,,,,-999.0,,-999.0,,,,
2003,4,13,,,,,,,,,,,,,,,,,,,,9.0,,,,,,,,,,,,,,,,,,,,,,,,,,,,
2003,4,14,,,,,,,22.0,1458.0,1457.0,0.0,,,,,,,64.94,73.94,55.94,0.0,,280.0,280.0,,,0.0,,72.0,89.0,,,9999.0,,,,,,9999.0,,,,9999.0,,9999.0,,,,
2003,4,15,,,,,,,,,,0.0,,,,,,,,,,,,,,,,0.0,,,,,,,,,,,,-99.0,,,,,,-99.0,,,,
2003,4,16,,,,,,,,,,,,,,,,,,,,,,,,,,,,,,,,,,,,,,99.0,,,,,,99.0,,,,
2003,4,17,,,,,,,26.0,1544.0,1654.0,0.0,,,,,,,62.059999999999995,66.92,57.02,0.0,,290.0,320.0,,,0.0,,67.0,76.0,,,-9999.0,,,,,,1.0,,,,-9999.0,,-9999.0,,,,
2003,4,18,,,,,,,,,,0.0,,,,,,,,32.0,32.0,,,,,,,0.0,,,,,,,,,,,,,,,,,,-9.0,,,,
2003,4,19,,,,,,,30.0,415.0,414.0,0.0,,,,,,,64.04,69.98,57.92,0.0,,260.0,250.0,,,0.0,,67.0,89.0,,,1.0,,,,,,999.0,,,,1.0,,999.0,,,,
2003,4,20,,,,,,,,,,0.0,,,,,,,,,,,,,,,,0.0,,,,,,0.0,,,,,,-999.0,,,,,,,,,,
2003,4,22,,,,,,,50.0,1456.0,1412.0,269.0,,,,,,,59.0,64.04,53.06,0.0,,300.0,160.0,,,0.0,,125.0,143.0,,,1.0,,,,,,9999.0,,,,1.0,,1.0,,,,
2003,4,23,,,,,,,,,,0.0,,,,,,,,,,,,,,,,0.0,,,,,,,,,,,,-99.0,,,,,,0.0,,,,
2003,4,24,,,,,,,,,,,,,,,,,,,,,,,,,,,,,,,,99.0,,,,,,99.0,,,,99.0,,,,,,
2003,4,25,,,,,,,31.0,1313.0,1313.0,0.0,,,,,,,57.02,62.959999999999994,50.0,0.0,,320.0,320.0,,,0.0,,89.0,103.0,,,-9999.0,,,,,,-9999.0,,,,-9999.0,,-9999.0,,,,
2003,4,26,,,,,,,,,,0.0,,,,,,,,32.0,32.0,,,,,,,0.0,,,,,,,,,,,,-9.0,,,,,,,,,,
2003,4,27,,,,,,,23.0,444.0,459.0,69.0,,,,,,,57.02,60.980000000000004,51.98,0.0,,220.0,240.0,,,0.0,,63.0,72.0,,,1.0,,,,,,999.0,,,,1.0,,1.0,,,,
2003,4,28,,,,,,,,,,0.0,,,,,,,,,,,,,,,,0.0,,,,,,,,,,,,-999.0,,,,,,,,,,
2003,4,30,,,,,,,32.0,1316.0,1341.0,0.0,,,,,,,60.08,66.02,53.96,0.0,,280.0,290.0,,,0.0,,76.0,89.0,,,9999.0,,,,,,9999.0,,,,9999.0,,9999.0,,,,
2003,4,31,,,,,,,,,,0.0,,,,,,,,,,,,,,,,0.0,,,,,,,,,,,,-99.0,,,,,,-99.0,,,,
2003,5,1,,,,,,,28.0,1458.0,1346.0,0.0,,,,,,,60.08,64.94,53.96,0.0,,300.0,290.0,,,0.0,,67.0,89.0,,,-9999.0,,,,,,-9999.0,,,,-9999.0,-9999.0,-9999.0,,-9999.0,,-9999.0
2003,5,2,,,,,,,,,,0.0,,,,,,,,32.0,32.0,,,,,,,0.0,,,,,,-9.0,,,,,,-9.0,,,,-9.0,-9.0,-9.0,,-9.0,,-9.0
2003,5,3,,,,,,,34.0,247.0,255.0,0.0,,,,,,,59.0,62.959999999999994,55.04,0.0,,150.0,150.0,,,0.0,,67.0,76.0,,,999.0,,,,,,999.0,,,,999.0,999.0,999.0,,999.0,,999.0
2003,5,4,,,,,,,,,,,,,,,,,,,,,,,,,,0.0,,,,,,,,,,,,-999.0,,,,,-999.0,,,-999.0,,-999.0
2003,5,6,,,,,,,37.0,1410.0,1413.0,0.0,,,,,,,62.059999999999995,66.02,57.92,0.0,,280.0,280.0,,,0.0,,80.0,103.0,,,9999.0,,,,,,9999.0,,,,9999.0,9999.0,9999.0,,9999.0,,9999.0
2003,5,7,,,,,,,,,,0.0,,,,,,,,,,,,,,,,0.0,,,,,,-99.0,,,,,,-99.0,,,,-99.0,-99.0,-99.0,,-99.0,,-99.0
2003,5,8,,,,,,,,,,,,,,,,,,,,,,,,,,,,,,,,99.0,,,,,,99.0,,,,99.0,99.0,99.0,,99.0,,99.0
2003,5,9,,,,,,,42.0,834.0,827.0,0.0,,,,,,,60.08,60.980000000000004,57.92,0.0,,180.0,170.0,,,0.0,,72.0,80.0,,,-9999.0,,,,,,-9999.0,,,,-9999.0,-9999.0,-9999.0,,-9999.0,,-9999.0
2003,5,10,,,,,,,,,,0.0,,,,,,,,32.0,32.0,,,,,,,0.0,,,,,,,,,,,,-9.0,,,,,-9.0,,,-9.0,,-9.0
2003,5,11,,,,,,,38.0,723.0,723.0,,,,,,,,60.08,62.959999999999994,57.02,0.0,,270.0,270.0,,,0.0,,80.0,94.0,,,1.0,,,,,,999.0,,,,1.0,999.0,1.0,,999.0,,999.0
2003,5,12,,,,,,,,,,0.0,,,,,,,,,,,,,,,,0.0,,,,,,,,,,,,-999.0,,,,,-999.0,,,-999.0,,-999.0
2003,5,14,,,,,,,41.0,1323.0,1323.0,0.0,,,,,,,59.0,62.959999999999994,55.04,0.0,,260.0,270.0,,,0.0,,76.0,94.0,,,9999.0,,,,,,9999.0,,,,9999.0,9999.0,9999.0,,9999.0,,9999.0
2003,5,15,,,,,,,,,,0.0,,,,,,,,,,,,,,,,0.0,,,,,,-99.0,,,,,,-99.0,,,,-99.0,-99.0,-99.0,,-99.0,,-99.0
2003,5,16,,,,,,,,,,,,,,,,,,,,,,,,,,,,,,,,99.0,,,,,,99.0,,,,99.0,99.0,99.0,,99.0,,99.0
2003,5,17,,,,,,,23.0,1346.0,1326.0,0.0,,,,,,,62.059999999999995,69.08,53.96,0.0,,280.0,300.0,,,0.0,,67.0,76.0,,,-9999.0,,,,,,-9999.0,,,,-9999.0,-9999.0,-9999.0,,-9999.0,,-9999.0
2003,5,18,,,,,,,,,,0.0,,,,,,,,32.0,32.0,,,,,,,0.0,,,,,,-9.0,,,,,,-9.0,,,,-9.0,-9.0,-9.0,,-9.0,,-9.0
2003,5,19,,,,,,,22.0,341.0,216.0,0.0,,,,,,,62.059999999999995,69.98,53.96,0.0,,260.0,280.0,,,0.0,,54.0,67.0,,,999.0,,,,,,999.0,,,,999.0,999.0,999.0,,999.0,,999.0
2003,5,20,,,,,,,,,,0.0,,,,,,,,,,,,,,,,0.0,,,,,,-999.0,,,,,,,,,,-999.0,-999.0,-999.0,,-999.0,,-999.0
2003,5,21,,,,,,,,,,,,,,,,,,,,,,,,,,,,,,,,9.0,,,,,,,,,,9.0,,,,,,
2003,5,22,,,,,,,39.0,1255.0,1607.0,0.0,,,,,,,62.059999999999995,64.94,57.92,0.0,,290.0,270.0,,,0.0,,80.0,94.0,,,1.0,,,,,,9999.0,,,,1.0,9999.0,9999.0,,9999.0,,9999.0
2003,5,23,,,,,,,,,,0.0,,,,,,,,,,,,,,,,0.0,,,,,,,,,,,,-99.0,,,,,-99.0,-99.0,,-99.0,,-99.0
2003,5,24,,,,,,,,,,,,,,,,,,,,,,,,,,,,,,,,99.0,,,,,,99.0,,,,99.0,99.0,99.0,,99.0,,99.0
2003,5,25,,,,,,,21.0,1155.0,1012.0,0.0,,,,,,,62.959999999999994,69.08,57.02,0.0,,220.0,270.0,,,0.0,,54.0,76.0,,,1.0,,,,,,1.0,,,,1.0,-9999.0,-9999.0,,-9999.0,,-9999.0
2003,5,26,,,,,,,,,,0.0,,,,,,,,32.0,32.0,,,,,,,0.0,,,,,,0.0,,,,,,0.0,,,,,-9.0,-9.0,,-9.0,,-9.0
2003,5,27,,,,,,,27.0,204.0,152.0,0.0,,,,,,,62.959999999999994,68.0,57.92,999.0,,180.0,190.0,,,0.0,,58.0,72.0,,,1.0,,,,,,1.0,,,,1.0,999.0,999.0,,999.0,,999.0
2003,5,28,,,,,,,,,,0.0,,,,,,,,,,,,,,,,0.0,,,,,,0.0,,,,,,0.0,,,,,-999.0,-999.0,,-999.0,,-999.0
2003,5,30,,,,,,,21.0,1246.0,1130.0,0.0,,,,,,,62.959999999999994,68.0,57.02,9999.0,,290.0,290.0,,,0.0,,54.0,67.0,,,1.0,,,,,,1.0,,,,1.0,9999.0,9999.0,,9999.0,,9999.0
2003,5,31,,,,,,,,,,0.0,,,,,,,,,,-99.0,,,,,,0.0,,,,,,0.0,,,,,,0.0,,,,,-99.0,-99.0,,,,-99.0
2003,6,1,,,,,,,25.0,1321.0,1414.0,0.0,,,,,,,64.04,66.92,60.08,-9999.0,,230.0,230.0,,,0.0,,58.0,63.0,,,1.0,,,,,,1.0,,,,1.0,-9999.0,-9999.0,,,,-9999.0
2003,6,2,,,,,,,,,,0.0,,,,,,,,32.0,32.0,-9.0,,,,,,0.0,,,,,,0.0,,,,,,,,,,,-9.0,-9.0,,,,-9.0
2003,6,3,,,,,,,27.0,420.0,511.0,0.0,,,,,,,62.059999999999995,64.04,59.0,999.0,,190.0,180.0,,,0.0,,58.0,67.0,,,1.0,,,,,,999.0,,,,1.0,999.0,999.0,,,,999.0
2003,6,4,,,,,,,,,,0.0,,,,,,,,,,,,,,,,0.0,,,,,,0.0,,,,,,-999.0,,,,,,,,,,-999.0
2003,6,6,,,,,,,25.0,1558.0,1355.0,0.0,,,,,,,64.94,69.08,60.08,0.0,,230.0,260.0,,,0.0,,58.0,72.0,,,1.0,,,,,,9999.0,,,,1.0,9999.0,9999.0,,,,9999.0
2003,6,7,,,,,,,,,,0.0,,,,,,,,,,,,,,,,0.0,,,,,,,,,,,,-99.0,,,,,-99.0,-99.0,,,,-99.0
2003,6,8,,,,,,,,,,,,,,,,,,,,,,,,,,,,,,,,99.0,,,,,,99.0,,,,99.0,99.0,99.0,,,,99.0
2003,6,9,,,,,,,34.0,1647.0,1647.0,0.0,,,,,,,64.04,66.02,62.059999999999995,0.0,,290.0,290.0,,,0.0,,63.0,72.0,,,1.0,,,,,,-9999.0,,,,1.0,-9999.0,1.0,,,,-9999.0
2003,6,10,,,,,,,,,,,,,,,,,,32.0,32.0,,,,,,,0.0,,,,,,0.0,,,,,,-9.0,,,,,-9.0,0.0,,,,-9.0
2003,6,11,,,,,,,35.0,642.0,226.0,,,,,,,,62.959999999999994,64.94,60.08,0.0,,290.0,290.0,,,0.0,,54.0,67.0,,,1.0,,,,,,999.0,,,,1.0,999.0,1.0,,,,999.0
2003,6,12,,,,,,,,,,0.0,,,,,,,,,,,,,,,,0.0,,,,,,0.0,,,,,,-999.0,,,,,-999.0,,,,,-999.0
2003,6,14,,,,,,,40.0,838.0,1124.0,0.0,,,,,,,62.959999999999994,64.94,60.980000000000004,0.0,,180.0,190.0,,,0.0,,67.0,76.0,,,9999.0,,,,,,9999.0,,,,9999.0,9999.0,9999.0,,,,9999.0
2003,6,15,,,,,,,,,,0.0,,,,,,,,,,,,,,,,0.0,,,,,,-99.0,,,,,,-99.0,,,,-99.0,-99.0,-99.0,,,,-99.0
2003,6,16,,,,,,,,,,,,,,,,,,,,,,,,,,,,,,,,99.0,,,,,,99.0,,,,99.0,99.0,99.0,,,,99.0
2003,6,17,,,,,,,33.0,1614.0,1509.0,0.0,,,,,,,66.02,69.98,60.980000000000004,0.0,,280.0,280.0,,,0.0,,67.0,80.0,,,-9999.0,,,,,,-9999.0,,,,-9999.0,-9999.0,-9999.0,,,,-9999.0
2003,6,18,,,,,,,,,,0.0,,,,,,,,32.0,32.0,,,,,,,0.0,,,,,,-9.0,,,,,,-9.0,,,,-9.0,-9.0,-9.0,,,,-9.0
2003,6,19,,,,,,,31.0,409.0,448.0,0.0,,,,,,,64.94,66.92,62.059999999999995,999.0,,260.0,290.0,,,0.0,,58.0,72.0,,,999.0,,,,,,999.0,,,,999.0,999.0,999.0,,,,999.0
2003,6,20,,,,,,,,,,0.0,,,,,,,,,,-999.0,,,,,,0.0,,,,,,-999.0,,,,,,-999.0,,,,-999.0,-999.0,-999.0,,,,-999.0
2003,6,21,,,,,,,,,,,,,,,,,,,,,,,,,,,,,,,,9.0,,,,,,9.0,,,,9.0,,,,,,
2003,6,22,,,,,,,28.0,1226.0,1331.0,0.0,,,,,,,66.92,71.06,62.959999999999994,9999.0,,280.0,280.0,,,0.0,,63.0,72.0,,,1.0,,,,,,1.0,,,,1.0,9999.0,9999.0,,,,9999.0
2003,6,23,,,,,,,,,,0.0,,,,,,,,,,-99.0,,,,,,0.0,,,,,,0.0,,,,,,0.0,,,,,-99.0,-99.0,,,,-99.0
2003,6,24,,,,,,,,,,,,,,,,,,,,99.0,,,,,,,,,,,,,,,,,,,,,,,99.0,99.0,,,,99.0
2003,6,25,,,,,,,25.0,1552.0,1347.0,0.0,,,,,,,62.059999999999995,64.04,59.0,-9999.0,,200.0,190.0,,,0.0,,54.0,67.0,,,1.0,,,,,,-9999.0,,,,1.0,-9999.0,-9999.0,,,,-9999.0
2003,6,26,,,,,,,,,,0.0,,,,,,,,32.0,32.0,-9.0,,,,,,0.0,,,,,,0.0,,,,,,,,,,,-9.0,-9.0,,,,-9.0
2003,6,27,,,,,,,24.0,445.0,429.0,0.0,,,,,,,62.959999999999994,66.02,60.08,999.0,,230.0,220.0,,,0.0,,54.0,67.0,,,1.0,,,,,,1.0,,,,1.0,999.0,999.0,,,,999.0
2003,6,28,,,,,,,,,,0.0,,,,,,,,,,,,,,,,0.0,,,,,,0.0,,,,,,0.0,,,,,-999.0,-999.0,,,,-999.0
2003,6,29,,,,,,,,,,,,,,,,,,,,,,,,,,,,,,,,,,,,,,,,,,,9.0,9.0,,,,
2003,6,30,,,,,,,40.0,1227.0,1226.0,,,,,,,,62.959999999999994,64.94,60.08,0.0,,210.0,210.0,,,0.0,,67.0,76.0,,,1.0,,,,,,9999.0,,,,1.0,1.0,1.0,,,,9999.0
2003,6,31,,,,,,,,,,0.0,,,,,,,,,,,,,,,,0.0,,,,,,0.0,,,,,,-99.0,,,,,,0.0,,,,-99.0
2003,7,1,,,,,,,26.0,1227.0,926.0,0.0,,,,,,,66.92,71.06,62.059999999999995,0.0,,180.0,190.0,,,0.0,,54.0,72.0,,,1.0,,,,,,-9999.0,,,,1.0,-9999.0,-9999.0,,,,-9999.0
2003,7,2,,,,,,,,,,0.0,,,,,,,,32.0,32.0,,,,,,,0.0,,,,,,0.0,,,,,,,,,,,-9.0,-9.0,,,,-9.0
2003,7,3,,,,,,,27.0,914.0,10.0,0.0,,,,,,,66.92,71.06,62.959999999999994,0.0,,180.0,190.0,,,0.0,,58.0,80.0,,,1.0,,,,,,1.0,,,,1.0,999.0,999.0,,,,999.0
2003,7,4,,,,,,,,,,0.0,,,,,,,,,,,,,,,,0.0,,,,,,,,,,,,,,,,,-999.0,-999.0,,,,-999.0
2003,7,5,,,,,,,,,,,,,,,,,,,,,,,,,,,,,,,,9.0,,,,,,9.0,,,,9.0,,,,,,
2003,7,6,,,,,,,21.0,1449.0,1348.0,0.0,,,,,,,75.02,82.94,66.02,0.0,,300.0,310.0,,,0.0,,58.0,67.0,,,1.0,,,,,,1.0,,,,1.0,9999.0,9999.0,,,,9999.0
2003,7,7,,,,,,,,,,0.0,,,,,,,,,,,,,,,,0.0,,,,,,0.0,,,,,,,,,,,-99.0,-99.0,,,,-99.0
2003,7,8,,,,,,,,,,,,,,,,,,,,99.0,,,,,,,,,,,,,,,,,,99.0,,,,,99.0,99.0,,,,99.0
2003,7,9,,,,,,,34.0,1308.0,1329.0,0.0,,,,,,,66.02,69.08,62.959999999999994,-9999.0,,190.0,190.0,,,0.0,,63.0,72.0,,,1.0,,,,,,1.0,,,,1.0,-9999.0,-9999.0,,,,-9999.0
2003,7,10,,,,,,,,,,0.0,,,,,,,,32.0,32.0,-9.0,,,,,,0.0,,,,,,,,,,,,0.0,,,,,-9.0,-9.0,,,,-9.0
2003,7,11,,,,,,,32.0,158.0,348.0,0.0,,,,,,,66.02,69.08,62.959999999999994,999.0,,190.0,200.0,,,0.0,,67.0,72.0,,,999.0,,,,,,1.0,,,,999.0,999.0,999.0,,,,999.0
2003,7,12,,,,,,,,,,0.0,,,,,,,,,,-999.0,,,,,,0.0,,,,,,,,,,,,0.0,,,,,-999.0,-999.0,,,,-999.0
2003,7,13,,,,,,,,,,,,,,,,,,,,,,,,,,,,,,,,,,,,,,,,,,,,,,,,9.0
2003,7,14,,,,,,,25.0,1515.0,1514.0,0.0,,,,,,,66.92,71.06,62.059999999999995,9999.0,,220.0,220.0,,,0.0,,45.0,63.0,,,1.0,,,,,,9999.0,,,,1.0,9999.0,9999.0,,,,1.0
2003,7,15,,,,,,,,,,0.0,,,,,,,,,,-99.0,,,,,,0.0,,,,,,0.0,,,,,,-99.0,,,,,,,,,,
2003,7,16,,,,,,,,,,,,,,,,,,,,99.0,,,,,,,,,,,,,,,,,,99.0,,,,,,,,,,
2003,7,17,,,,,,,29.0,246.0,216.0,0.0,,,,,,,69.98,75.92,62.959999999999994,0.0,,180.0,170.0,,,0.0,,76.0,89.0,,,1.0,,,,,,1.0,,,,1.0,-9999.0,-9999.0,,,,-9999.0
2003,7,18,,,,,,,,,,0.0,,,,,,,,32.0,32.0,,,,,,,0.0,,,,,,0.0,,,,,,0.0,,,,,-9.0,-9.0,,,,-9.0
2003,7,19,,,,,,,21.0,311.0,850.0,0.0,,,,,,,71.06,75.02,66.02,0.0,,290.0,290.0,,,0.0,,45.0,54.0,,,1.0,,,,,,1.0,,,,1.0,999.0,999.0,,,,999.0
2003,7,20,,,,,,,,,,0.0,,,,,,,,,,,,,,,,0.0,,,,,,0.0,,,,,,0.0,,,,,-999.0,-999.0,,,,-999.0
2003,7,22,,,,,,,26.0,1412.0,1553.0,0.0,,,,,,,69.08,71.96,66.02,0.0,,180.0,220.0,,,0.0,,58.0,63.0,,,1.0,,,,,,9999.0,,,,1.0,9999.0,9999.0,,,,9999.0
2003,7,23,,,,,,,,,,0.0,,,,,,,,,,,,,,,,0.0,,,,,,0.0,,,,,,,,,,,-99.0,-99.0,,,,
2003,7,24,,,,,,,,,,,,,,,,,,,,,,,,,,,,,,,,,,,,,,,,,,,99.0,99.0,,,,
2003,7,25,,,,,,,27.0,1753.0,1736.0,0.0,,,,,,,77.0,87.98,66.02,0.0,,280.0,290.0,,,0.0,,63.0,72.0,,,1.0,,,,,,1.0,,,,1.0,-9999.0,-9999.0,,,,-9999.0
2003,7,26,,,,,,,,,,0.0,,,,,,,,32.0,32.0,,,,,,,0.0,,,,,,0.0,,,,,,0.0,,,,,-9.0,-9.0,,,,-9.0
2003,7,27,,,,,,,23.0,114.0,600.0,0.0,,,,,,,71.06,73.04,68.0,0.0,,170.0,190.0,,,0.0,,58.0,67.0,,,1.0,,,,,,1.0,,,,1.0,999.0,999.0,,,,999.0
2003,7,28,,,,,,,,,,0.0,,,,,,,,,,,,,,,,0.0,,,,,,0.0,,,,,,,,,,,-999.0,,,,,-999.0
2003,7,30,,,,,,,21.0,1724.0,1723.0,,,,,,,,73.04,78.08,68.0,0.0,,160.0,170.0,,,0.0,,58.0,63.0,,,1.0,,,,,,9999.0,,,,1.0,9999.0,1.0,,,,9999.0
2003,7,31,,,,,,,,,,0.0,,,,,,,,,,,,,,,,0.0,,,,,,0.0,,,,,,,,,,,-99.0,,,,,-99.0
2003,8,1,,,,,,,35.0,1647.0,1207.0,0.0,,,,,,,73.04,75.92,69.08,0.0,,290.0,290.0,,,0.0,,76.0,94.0,,,1.0,,,,,,-9999.0,,,,1.0,,,,,,-9999.0
2003,8,2,,,,,,,,,,0.0,,,,,,,,32.0,32.0,,,,,,,0.0,,,,,,,,,,,,-9.0,,,,,,,,,,-9.0
2003,8,3,,,,,,,36.0,240.0,452.0,0.0,,,,,,,71.96,75.92,68.0,0.0,,270.0,300.0,,,0.0,,76.0,89.0,,,999.0,,,,,,999.0,,,,999.0,,,,,,999.0
2003,8,4,,,,,,,,,,0.0,,,,,,,,,,,,,,,,0.0,,,,,,-999.0,,,,,,-999.0,,,,-999.0,,,,,,-999.0
2003,8,6,,,,,,,31.0,1522.0,1529.0,0.0,,,,,,,71.96,77.0,66.92,0.0,,290.0,290.0,,,0.0,,76.0,89.0,,,9999.0,,,,,,9999.0,,,,9999.0,,,,,,9999.0
2003,8,7,,,,,,,,,,0.0,,,,,,,,,,,,,,,,0.0,,,,,,-99.0,,,,,,-99.0,,,,-99.0,,,,,,-99.0
2003,8,8,,,,,,,,,,,,,,,,,,,,,,,,,,,,,,,,99.0,,,,,,99.0,,,,99.0,,,,,,99.0
2003,8,9,,,,,,,28.0,1627.0,1630.0,0.0,,,,,,,69.98,73.94,66.02,0.0,,290.0,300.0,,,0.0,,72.0,89.0,,,-9999.0,,,,,,-9999.0,,,,-9999.0,,,,,,-9999.0
2003,8,10,,,,,,,,,,0.0,,,,,,,,32.0,32.0,,,,,,,0.0,,,,,,,,,,,,,,,,,,,,,,-9.0
2003,8,11,,,,,,,29.0,431.0,430.0,0.0,,,,,,,71.06,77.0,64.94,0.0,,280.0,290.0,,,0.0,,63.0,80.0,,,1.0,,,,,,1.0,,,,1.0,,,,,,999.0
2003,8,12,,,,,,,,,,0.0,,,,,,,,,,,,,,,,0.0,,,,,,0.0,,,,,,,,,,,,,,,,-999.0
2003,8,13,,,,,,,,,,,,,,,,,,,,,,,,,,,,,,,,,,,,,,9.0,,,,,,,,,,
2003,8,14,,,,,,,18.0,1631.0,1642.0,0.0,,,,,,,75.92,82.94,69.08,0.0,,280.0,290.0,,,0.0,,45.0,54.0,,,9999.0,,,,,,1.0,,,,9999.0,,,,,,9999.0
2003,8,15,,,,,,,,,,0.0,,,,,,,,,,,,,,,,0.0,,,,,,-99.0,,,,,,,,,,-99.0,,,,,,-99.0
2003,8,16,,,,,,,,,,,,,,,,,,,,,,,,,,,,,,,,99.0,,,,,,99.0,,,,99.0,,,,,,99.0
2003,8,17,,,,,,,22.0,1629.0,1628.0,0.0,,,,,,,75.02,80.06,69.98,0.0,,290.0,290.0,,,0.0,,45.0,58.0,,,-9999.0,,,,,,-9999.0,,,,-9999.0,,,,,,-9999.0
2003,8,18,,,,,,,,,,0.0,,,,,,,,32.0,32.0,,,,,,,0.0,,,,,,,,,,,,,,,,,,,,,,
2003,8,19,,,,,,,28.0,308.0,351.0,0.0,,,,,,,75.02,80.96,69.08,0.0,,290.0,320.0,,,0.0,,63.0,72.0,,,1.0,,,,,,1.0,,,,1.0,,,,,,1.0
2003,8,20,,,,,,,,,,0.0,,,,,,,,,,,,,,,,0.0,,,,,,0.0,,,,,,,,,,,,,,,,
2003,8,22,,,,,,,24.0,1248.0,1322.0,0.0,,,,,,,75.92,80.96,69.98,0.0,,270.0,280.0,,,0.0,,54.0,63.0,,,1.0,,,,,,9999.0,,,,1.0,,,,,,9999.0
2003,8,23,,,,,,,,,,0.0,,,,,,,,,,,,,,,,0.0,,,,,,0.0,,,,,,-99.0,,,,,,,,,,-99.0
2003,8,24,,,,,,,,,,,,,,,,,,,,,,,,,,,,,,,,,,,,,,99.0,,,,,,,,,,99.0
2003,8,25,,,,,,,24.0,1703.0,1239.0,0.0,,,,,,,75.02,82.04,68.0,0.0,,280.0,240.0,,,0.0,,54.0,72.0,,,1.0,,,,,,-9999.0,,,,1.0,,,,,,-9999.0
2003,8,26,,,,,,,,,,0.0,,,,,,,,32.0,32.0,,,,,,,0.0,,,,,,0.0,,,,,,-9.0,,,,,,,,,,-9.0
2003,8,27,,,,,,,32.0,514.0,336.0,0.0,,,,,,,75.02,80.06,69.98,0.0,,280.0,290.0,,,0.0,,67.0,80.0,,,1.0,,,,,,999.0,,,,1.0,,,,,,999.0
2003,8,28,,,,,,,,,,0.0,,,,,,,,,,,,,,,,0.0,,,,,,,,,,,,-999.0,,,,,,,,,,-999.0
2003,8,30,,,,,,,31.0,1618.0,1458.0,0.0,,,,,,,69.98,73.04,66.02,0.0,,230.0,230.0,,,0.0,,54.0,67.0,,,9999.0,,,,,,9999.0,,,,9999.0,,,,,,9999.0
2003,8,31,,,,,,,,,,0.0,,,,,,,,,,,,,,,,0.0,,,,,,-99.0,,,,,,-99.0,,,,-99.0,,,,,,-99.0
2003,9,1,,,,,,,24.0,1402.0,1418.0,0.0,,,,,,,69.98,73.04,66.92,0.0,,270.0,280.0,,,0.0,,54.0,63.0,,,1.0,,,,,,-9999.0,,,,1.0,-9999.0,-9999.0,,,,-9999.0
2003,9,2,,,,,,,,,,0.0,,,,,,,,32.0,32.0,,,,,,,0.0,,,,,,0.0,,,,,,,,,,,-9.0,-9.0,,,,-9.0
2003,9,3,,,,,,,36.0,550.0,550.0,0.0,,,,,,,71.06,75.02,66.92,0.0,,290.0,300.0,,,0.0,,98.0,112.0,,,1.0,,,,,,1.0,,,,1.0,999.0,999.0,,,,999.0
2003,9,4,,,,,,,,,,0.0,,,,,,,,,,,,,,,,0.0,,,,,,0.0,,,,,,0.0,,,,,-999.0,-999.0,,,,-999.0
2003,9,6,,,,,,,33.0,1223.0,1222.0,0.0,,,,,,,73.94,78.98,68.0,0.0,,280.0,280.0,,,0.0,,80.0,94.0,,,9999.0,,,,,,9999.0,,,,9999.0,9999.0,9999.0,,,,9999.0
2003,9,7,,,,,,,,,,0.0,,,,,,,,,,,,,,,,0.0,,,,,,-99.0,,,,,,-99.0,,,,-99.0,-99.0,-99.0,,,,-99.0
2003,9,8,,,,,,,,,,,,,,,,,,,,,,,,,,,,,,,,99.0,,,,,,99.0,,,,99.0,99.0,99.0,,,,99.0
2003,9,9,,,,,,,21.0,1702.0,1400.0,0.0,,,,,,,78.08,86.0,69.98,0.0,,210.0,300.0,,,0.0,,45.0,58.0,,,1.0,,,,,,-9999.0,,,,-9999.0,-9999.0,-9999.0,,,,1.0
2003,9,10,,,,,,,,,,0.0,,,,,,,,32.0,32.0,,,,,,,0.0,,,,,,0.0,,,,,,,,,,,-9.0,-9.0,,,,
2003,9,11,,,,,,,24.0,354.0,520.0,0.0,,,,,,,77.0,84.02,69.08,0.0,,200.0,250.0,,,0.0,,58.0,63.0,,,1.0,,,,,,1.0,,,,1.0,999.0,999.0,,,,999.0
2003,9,12,,,,,,,,,,0.0,,,,,,,,,,,,,,,,0.0,,,,,,,,,,,,,,,,,-999.0,-999.0,,,,-999.0
2003,9,14,,,,,,,41.0,1315.0,1335.0,0.0,,,,,,,69.08,71.06,66.92,0.0,,200.0,200.0,,,0.0,,72.0,80.0,,,9999.0,,,,,,9999.0,,,,9999.0,9999.0,9999.0,,,,9999.0
2003,9,15,,,,,,,,,,0.0,,,,,,,,,,,,,,,,0.0,,,,,,-99.0,,,,,,-99.0,,,,-99.0,-99.0,-99.0,,,,-99.0
2003,9,16,,,,,,,,,,,,,,,,,,,,,,,,,,,,,,,,99.0,,,,,,99.0,,,,99.0,99.0,99.0,,,,99.0
2003,9,17,,,,,,,25.0,1517.0,1516.0,0.0,,,,,,,71.06,75.02,66.02,0.0,,290.0,290.0,,,0.0,,67.0,76.0,,,1.0,,,,,,-9999.0,,,,1.0,-9999.0,-9999.0,,,,-9999.0
2003,9,18,,,,,,,,,,0.0,,,,,,,,32.0,32.0,,,,,,,0.0,,,,,,0.0,,,,,,,,,,,-9.0,-9.0,,,,-9.0
2003,9,19,,,,,,,31.0,538.0,157.0,0.0,,,,,,,71.06,75.02,66.02,0.0,,290.0,290.0,,,0.0,,67.0,89.0,,,1.0,,,,,,1.0,,,,1.0,999.0,999.0,,,,999.0
2003,9,20,,,,,,,,,,0.0,,,,,,,,,,,,,,,,0.0,,,,,,0.0,,,,,,,,,,,-999.0,-999.0,,,,-999.0
2003,9,21,,,,,,,,,,,,,,,,,,,,,,,,,,,,,,,,,,,,,,9.0,,,,,,,,,,
2003,9,22,,,,,,,27.0,1615.0,1605.0,0.0,,,,,,,69.98,73.04,66.92,0.0,,280.0,300.0,,,0.0,,67.0,76.0,,,1.0,,,,,,1.0,,,,1.0,9999.0,9999.0,,,,9999.0
2003,9,23,,,,,,,,,,0.0,,,,,,,,,,,,,,,,0.0,,,,,,0.0,,,,,,0.0,,,,,-99.0,-99.0,,,,-99.0
2003,9,24,,,,,,,,,,,,,,,,,,,,,,,,,,,,,,,,,,,,,,,,,,,99.0,99.0,,,,99.0
2003,9,25,,,,,,,30.0,1353.0,1335.0,0.0,,,,,,,69.08,73.04,64.94,0.0,,290.0,290.0,,,0.0,,72.0,89.0,,,1.0,,,,,,1.0,,,,1.0,-9999.0,-9999.0,,,,-9999.0
2003,9,26,,,,,,,,,,0.0,,,,,,,,32.0,32.0,,,,,,,0.0,,,,,,0.0,,,,,,,,,,,-9.0,-9.0,,,,-9.0
2003,9,27,,,,,,,24.0,55.0,101.0,0.0,,,,,,,68.0,71.06,64.04,0.0,,240.0,230.0,,,0.0,,58.0,67.0,,,1.0,,,,,,999.0,,,,1.0,999.0,999.0,,,,999.0
2003,9,28,,,,,,,,,,0.0,,,,,,,,,,,,,,,,0.0,,,,,,,,,,,,,,,,,-999.0,-999.0,,,,-999.0
2003,9,29,,,,,,,,,,,,,,,,,,,,,,,,,,,,,,,,9.0,,,,,,,,,,9.0,,,,,,
2003,9,30,,,,,,,24.0,1139.0,1328.0,0.0,,,,,,,69.98,75.92,64.04,0.0,,290.0,290.0,,,0.0,,58.0,67.0,,,1.0,,,,,,1.0,,,,1.0,9999.0,9999.0,,,,9999.0
2003,9,31,,,,,,,,,,0.0,,,,,,,,,,,,,,,,0.0,,,,,,0.0,,,,,,0.0,,,,,,,,,,-99.0
2003,10,1,,,,,,,40.0,1445.0,1451.0,0.0,,,,,,,69.08,73.04,64.04,0.0,,290.0,290.0,,,0.0,,80.0,94.0,,,1.0,-9999.0,,,,,-9999.0,,,,1.0,-9999.0,-9999.0,,,,1.0
2003,10,2,,,,,,,,,,0.0,,,,,,,,32.0,32.0,,,,,,,0.0,,,,,,,-9.0,,,,,,,,,,-9.0,-9.0,,,,
2003,10,3,,,,,,,28.0,239.0,242.0,0.0,,,,,,,64.04,66.02,62.059999999999995,0.0,,180.0,200.0,,,0.0,,45.0,67.0,,,999.0,999.0,,,,,1.0,,,,999.0,999.0,999.0,,,,999.0
2003,10,4,,,,,,,,,,0.0,,,,,,,,,,,,,,,,0.0,,,,,,-999.0,-999.0,,,,,,,,,-999.0,-999.0,-999.0,,,,-999.0
2003,10,5,,,,,,,,,,,,,,,,,,,,,,,,,,,,,,,,,,,,,,9.0,,,,,,,,,,
2003,10,6,,,,,,,19.0,1419.0,1348.0,0.0,,,,,,,66.02,69.08,62.059999999999995,0.0,,270.0,260.0,,,0.0,,54.0,67.0,,,9999.0,9999.0,,,,,1.0,,,,9999.0,9999.0,9999.0,,,,9999.0
2003,10,7,,,,,,,,,,0.0,,,,,,,,,,,,,,,,0.0,,,,,,,-99.0,,,,,0.0,,,,,-99.0,-99.0,,,,-99.0
2003,10,8,,,,,,,,,,,,,,,,,,,,,,,,,,,,,,,,,99.0,,,,,,,,,,99.0,99.0,,,,99.0
2003,10,9,,,,,,,21.0,1118.0,1423.0,0.0,,,,,,,66.02,66.92,64.04,0.0,,210.0,230.0,,,0.0,,45.0,54.0,,,1.0,-9999.0,,,,,1.0,,,,1.0,-9999.0,-9999.0,,,,-9999.0
2003,10,10,,,,,,,,,,0.0,,,,,,,,32.0,32.0,,,,,,,0.0,,,,,,0.0,-9.0,,,,,0.0,,,,,-9.0,-9.0,,,,-9.0
2003,10,11,,,,,,,21.0,432.0,36.0,0.0,,,,,,,68.0,71.06,64.04,0.0,,270.0,280.0,,,0.0,,54.0,67.0,,,1.0,999.0,,,,,1.0,,,,1.0,999.0,999.0,,,,999.0
2003,10,12,,,,,,,,,,0.0,,,,,,,,,,,,,,,,0.0,,,,,,0.0,-999.0,,,,,0.0,,,,,-999.0,-999.0,,,,-999.0
2003,10,14,,,,,,,31.0,1550.0,937.0,0.0,,,,,,,66.92,71.06,62.959999999999994,0.0,,180.0,180.0,,,0.0,,67.0,80.0,,,1.0,9999.0,,,,,9999.0,,,,1.0,9999.0,9999.0,,,,9999.0
2003,10,15,,,,,,,,,,0.0,,,,,,,,,,,,,,,,0.0,,,,,,0.0,-99.0,,,,,-99.0,,,,,,,,,,
2003,10,16,,,,,,,,,,,,,,,,,,,,,,,,,,,,,,,,,99.0,,,,,99.0,,,,,,,,,,
2003,10,17,,,,,,,22.0,1807.0,1803.0,0.0,,,,,,,68.0,69.98,64.94,0.0,,320.0,330.0,,,0.0,,40.0,54.0,,,-9999.0,-9999.0,,,,,-9999.0,,,,-9999.0,-9999.0,-9999.0,,,,-9999.0
2003,10,18,,,,,,,,,,0.0,,,,,,,,32.0,32.0,,,,,,,0.0,,,,,,,-9.0,,,,,,,,,,-9.0,-9.0,,,,-9.0
2003,10,19,,,,,,,23.0,500.0,311.0,0.0,,,,,,,69.08,75.02,62.959999999999994,0.0,,290.0,290.0,,,0.0,,67.0,76.0,,,1.0,999.0,,,,,1.0,,,,1.0,999.0,999.0,,,,999.0
2003,10,20,,,,,,,,,,0.0,,,,,,,,,,,,,,,,0.0,,,,,,0.0,-999.0,,,,,0.0,,,,,-999.0,-999.0,,,,
2003,10,22,,,,,,,22.0,1145.0,1230.0,0.0,,,,,,,69.08,75.02,62.959999999999994,9999.0,,190.0,180.0,,,0.0,,54.0,58.0,,,1.0,9999.0,,,,,1.0,,,,1.0,9999.0,9999.0,,,,9999.0
2003,10,23,,,,,,,,,,0.0,,,,,,,,,,,,,,,,0.0,,,,,,,-99.0,,,,,0.0,,,,,-99.0,-99.0,,,,-99.0
2003,10,24,,,,,,,,,,,,,,,,,,,,,,,,,,,,,,,,99.0,99.0,,,,,,,,,99.0,99.0,99.0,,,,99.0
2003,10,25,,,,,,,24.0,1543.0,1121.0,0.0,,,,,,,68.0,73.04,62.059999999999995,0.0,,290.0,300.0,,,0.0,,58.0,67.0,,,1.0,-9999.0,,,,,1.0,,,,1.0,1.0,1.0,,,,-9999.0
2003,10,26,,,,,,,,,,,,,,,,,,32.0,32.0,,,,,,,0.0,,,,,,0.0,-9.0,,,,,0.0,,,,,,,,,,-9.0
2003,10,27,,,,,,,29.0,445.0,415.0,0.0,,,,,,,69.08,75.92,60.980000000000004,0.0,,290.0,300.0,,,0.0,,67.0,80.0,,,1.0,999.0,,,,,1.0,,,,1.0,999.0,999.0,,,,999.0
2003,10,28,,,,,,,,,,0.0,,,,,,,,,,,,,,,,0.0,,,,,,0.0,,,,,,0.0,,,,,-999.0,-999.0,,,,
2003,10,29,,,,,,,,,,,,,,,,,,,,9.0,,,,,,,,,,,,,,,,,,,,,,,,,,,,
2003,10,30,,,,,,,15.0,1549.0,1558.0,0.0,,,,,,,69.98,75.92,64.04,0.0,,320.0,300.0,,,0.0,,45.0,54.0,,,1.0,9999.0,,,,,1.0,,,,1.0,9999.0,9999.0,,,,9999.0
2003,10,31,,,,,,,,,,0.0,,,,,,,,,,,,,,,,0.0,,,,,,0.0,-99.0,,,,,0.0,,,,,-99.0,-99.0,,,,-99.0
2003,11,1,,,,,,,28.0,550.0,550.0,79.0,,,,,,,60.08,64.94,53.96,-9999.0,,70.0,70.0,,,0.0,,58.0,67.0,,,1.0,,,,,,-9999.0,,,,1.0,,1.0,,,,-9999.0
2003,11,2,,,,,,,,,,0.0,,,,,,,,32.0,32.0,,,,,,,0.0,,,,,,,,,,,,-9.0,,,,,,0.0,,,,-9.0
2003,11,3,,,,,,,29.0,544.0,426.0,,,,,,,,60.08,64.04,55.94,0.0,,260.0,260.0,,,0.0,,67.0,80.0,,,999.0,,,,,,999.0,,,,999.0,,1.0,,,,999.0
2003,11,4,,,,,,,,,,0.0,,,,,,,,,,,,,,,,0.0,,,,,,-999.0,,,,,,-999.0,,,,-999.0,,0.0,,,,-999.0
2003,11,6,,,,,,,16.0,1127.0,1210.0,0.0,,,,,,,59.0,62.959999999999994,55.04,0.0,,230.0,250.0,,,0.0,,58.0,76.0,,,9999.0,,,,,,9999.0,,,,9999.0,,9999.0,,,,9999.0
2003,11,7,,,,,,,,,,0.0,,,,,,,,,,,,,,,,0.0,,,,,,-99.0,,,,,,-99.0,,,,-99.0,,-99.0,,,,-99.0
2003,11,8,,,,,,,,,,,,,,,,,,,,,,,,,,,,,,,,99.0,,,,,,99.0,,,,99.0,,99.0,,,,99.0
2003,11,9,,,,,,,19.0,1541.0,1437.0,0.0,,,,,,,60.980000000000004,66.92,55.04,0.0,,290.0,290.0,,,0.0,,54.0,63.0,,,1.0,,,,,,1.0,,,,1.0,,-9999.0,,,,-9999.0
2003,11,10,,,,,,,,,,0.0,,,,,,,,32.0,32.0,,,,,,,0.0,,,,,,0.0,,,,,,0.0,,,,,,-9.0,,,,-9.0
2003,11,11,,,,,,,21.0,402.0,356.0,0.0,,,,,,,62.959999999999994,68.0,57.02,0.0,,290.0,300.0,,,0.0,,63.0,72.0,,,1.0,,,,,,1.0,,,,1.0,,999.0,,,,999.0
2003,11,12,,,,,,,,,,0.0,,,,,,,,,,,,,,,,0.0,,,,,,0.0,,,,,,0.0,,,,,,-999.0,,,,-999.0
2003,11,14,,,,,,,20.0,1303.0,1309.0,0.0,,,,,,,62.059999999999995,68.0,55.94,0.0,,290.0,300.0,,,0.0,,63.0,67.0,,,1.0,,,,,,9999.0,,,,1.0,,9999.0,,,,9999.0
2003,11,15,,,,,,,,,,0.0,,,,,,,,,,,,,,,,0.0,,,,,,,,,,,,-99.0,,,,,,,,,,-99.0
2003,11,16,,,,,,,,,,,,,,,,,,,,,,,,,,,,,,,,99.0,,,,,,99.0,,,,99.0,,,,,,99.0
2003,11,17,,,,,,,12.0,1437.0,1440.0,0.0,,,,,,,64.04,66.92,60.08,0.0,,290.0,290.0,,,0.0,,58.0,67.0,,,-9999.0,,,,,,-9999.0,,,,-9999.0,,1.0,,,,-9999.0
2003,11,18,,,,,,,,,,,,,,,,,,32.0,32.0,,,,,,,0.0,,,,,,,,,,,,-9.0,,,,,,0.0,,,,
2003,11,19,,,,,,,30.0,306.0,305.0,53.0,,,,,,,62.959999999999994,64.94,60.980000000000004,0.0,,180.0,180.0,,,0.0,,67.0,76.0,,,1.0,,,,,,999.0,,,,1.0,,1.0,,,,1.0
2003,11,20,,,,,,,,,,0.0,,,,,,,,,,,,,,,,0.0,,,,,,,,,,,,-999.0,,,,,,,,,,
2003,11,21,,,,,,,,,,,,,,,,,,,,,,,,,,,,,,,,9.0,,,,,,9.0,,,,9.0,,,,,,
2003,11,22,,,,,,,19.0,1438.0,1332.0,0.0,,,,,,,60.08,66.02,53.96,0.0,,300.0,290.0,,,0.0,,67.0,80.0,,,1.0,,,,,,1.0,,,,1.0,,9999.0,,,,9999.0
2003,11,23,,,,,,,,,,0.0,,,,,,,,,,,,,,,,0.0,,,,,,0.0,,,,,,,,,,,,,,,,-99.0
2003,11,24,,,,,,,,,,,,,,,,,,,,,,,,,,,,,,,,,,,,,,99.0,,,,,,,,,,99.0
2003,11,25,,,,,,,33.0,216.0,737.0,3.0,,,,,,,60.08,64.04,55.94,0.0,,260.0,290.0,,,0.0,,76.0,94.0,,,-9999.0,,,,,,-9999.0,,,,-9999.0,,1.0,,,,-9999.0
2003,11,26,,,,,,,,,,0.0,,,,,,,,32.0,32.0,,,,,,,0.0,,,,,,-9.0,,,,,,-9.0,,,,-9.0,,0.0,,,,-9.0
2003,11,27,,,,,,,17.0,403.0,355.0,,,,,,,,60.08,64.94,53.96,0.0,,210.0,230.0,,,0.0,,54.0,63.0,,,999.0,,,,,,999.0,,,,999.0,,1.0,,,,999.0
2003,11,28,,,,,,,,,,0.0,,,,,,,,,,,,,,,,0.0,,,,,,,,,,,,,,,,,,,,,,-999.0
2003,11,30,,,,,,,18.0,1512.0,1511.0,0.0,,,,,,,64.94,75.92,53.96,0.0,,290.0,290.0,,,0.0,,67.0,80.0,,,1.0,,,,,,9999.0,,,,1.0,,9999.0,,,,9999.0
2003,11,31,,,,,,,,,,0.0,,,,,,,,,,,,,,,,0.0,,,,,,0.0,,,,,,-99.0,,,,,,-99.0,,,,-99.0
2003,12,1,,,,,,,16.0,1542.0,1532.0,0.0,,,,,,,59.0,64.04,53.06,0.0,,280.0,290.0,,,0.0,,45.0,58.0,,,1.0,-9999.0,,,,,-9999.0,,,,1.0,,-9999.0,,,,-9999.0
2003,12,2,,,,,,,,,,0.0,,,,,,,,32.0,32.0,,,,,,,0.0,,,,,,0.0,-9.0,,,,,,,,,,,-9.0,,,,-9.0
2003,12,3,,,,,,,19.0,425.0,424.0,0.0,,,,,,,57.02,64.04,50.0,0.0,,310.0,310.0,,,0.0,,67.0,80.0,,,1.0,999.0,,,,,1.0,,,,1.0,,999.0,,,,999.0
2003,12,4,,,,,,,,,,0.0,,,,,,,,,,,,,,,,0.0,,,,,,0.0,,,,,,0.0,,,,,,-999.0,,,,-999.0
2003,12,6,,,,,,,19.0,1340.0,1320.0,0.0,,,,,,,55.94,62.059999999999995,50.0,9999.0,,280.0,320.0,,,0.0,,45.0,58.0,,,1.0,1.0,,,,,1.0,,,,1.0,,9999.0,,,,9999.0
2003,12,7,,,,,,,,,,0.0,,,,,,,,,,-99.0,,,,,,0.0,,,,,,0.0,,,,,,0.0,,,,,,-99.0,,,,-99.0
2003,12,8,,,,,,,,,,,,,,,,,,,,99.0,,,,,,,,,,,,,,,,,,,,,,,,99.0,,,,99.0
2003,12,9,,,,,,,17.0,1403.0,1348.0,0.0,,,,,,,57.02,64.04,48.92,0.0,,290.0,300.0,,,0.0,,58.0,67.0,,,1.0,1.0,,,,,1.0,,,,1.0,,-9999.0,,,,-9999.0
2003,12,10,,,,,,,,,,0.0,,,,,,,,32.0,32.0,,,,,,,0.0,,,,,,0.0,,,,,,,,,,,,,,,,-9.0
2003,12,11,,,,,,,21.0,524.0,210.0,23.0,,,,,,,60.08,62.959999999999994,55.94,0.0,,280.0,170.0,,,0.0,,45.0,63.0,,,1.0,999.0,,,,,999.0,,,,1.0,,1.0,,,,999.0
2003,12,12,,,,,,,,,,0.0,,,,,,,,,,,,,,,,0.0,,,,,,,-999.0,,,,,-999.0,,,,,,0.0,,,,-999.0
2003,12,14,,,,,,,16.0,1437.0,1443.0,0.0,,,,,,,60.980000000000004,71.96,48.92,0.0,,280.0,270.0,,,0.0,,54.0,58.0,,,9999.0,9999.0,,,,,9999.0,,,,9999.0,,9999.0,,,,9999.0
2003,12,15,,,,,,,,,,0.0,,,,,,,,,,,,,,,,0.0,,,,,,-99.0,-99.0,,,,,-99.0,,,,-99.0,,,,,,-99.0
2003,12,16,,,,,,,,,,,,,,,,,,,,,,,,,,,,,,,,99.0,99.0,,,,,99.0,,,,99.0,,,,,,99.0
2003,12,17,,,,,,,50.0,1750.0,1752.0,5.0,,,,,,,57.92,62.059999999999995,53.06,0.0,,290.0,300.0,,,0.0,,112.0,143.0,,,-9999.0,-9999.0,,,,,-9999.0,,,,-9999.0,,1.0,,,,-9999.0
2003,12,18,,,,,,,,,,0.0,,,,,,,,32.0,32.0,,,,,,,0.0,,,,,,-9.0,-9.0,,,,,-9.0,,,,-9.0,,,,,,-9.0
2003,12,19,,,,,,,10.0,440.0,510.0,0.0,,,,,,,55.04,62.059999999999995,46.94,0.0,,260.0,250.0,,,0.0,,40.0,45.0,,,999.0,999.0,,,,,999.0,,,,999.0,,999.0,,,,999.0
2003,12,20,,,,,,,,,,0.0,,,,,,,,,,,,,,,,0.0,,,,,,-999.0,-999.0,,,,,-999.0,,,,-999.0,,-999.0,,,,-999.0
2003,12,21,,,,,,,,,,,,,,,,,,,,,,,,,,,,,,,,9.0,,,,,,,,,,9.0,,9.0,,,,
2003,12,22,,,,,,,13.0,1337.0,1700.0,,,,,,,,55.94,64.04,46.94,0.0,,290.0,240.0,,,0.0,,54.0,63.0,,,1.0,9999.0,,,,,9999.0,,,,1.0,,1.0,,,,9999.0
2003,12,23,,,,,,,,,,0.0,,,,,,,,,32.0,,,,,,,0.0,,,,,,,-99.0,,,,,-99.0,,,,,,,,,,-99.0
2003,12,24,,,,,,,,,,,,,,,,,,,,,,,,,,,,,,,,99.0,99.0,,,,,99.0,,,,99.0,,99.0,,,,99.0
2003,12,25,,,,,,,13.0,1425.0,1424.0,0.0,,,,,,,57.92,69.98,46.04,0.0,,290.0,280.0,,,0.0,,54.0,58.0,,,-9999.0,-9999.0,,,,,-9999.0,,,,-9999.0,,-9999.0,,,,-9999.0
2003,12,26,,,,,,,,,,0.0,,,,,,,,32.0,32.0,,,,,,,0.0,,,,,,-9.0,-9.0,,,,,-9.0,,,,-9.0,,-9.0,,,,-9.0
2003,12,27,,,,,,,15.0,459.0,500.0,0.0,,,,,,,57.92,73.04,42.980000000000004,0.0,,270.0,270.0,,,0.0,,58.0,58.0,,,999.0,999.0,,,,,999.0,,,,999.0,,999.0,,,,999.0
2003,12,28,,,,,,,,,,0.0,,,,,,,,,,,,,,,,0.0,,,,,,-999.0,-999.0,,,,,-999.0,,,,-999.0,,-999.0,,,,-999.0
2003,12,30,,,,,,,9.0,1455.0,1453.0,0.0,,,,,,,59.0,71.06,46.94,9999.0,,280.0,270.0,,,0.0,,54.0,63.0,,,9999.0,9999.0,,,,,9999.0,,,,9999.0,,9999.0,,,,9999.0
2003,12,31,,,,,,,,,,0.0,,,,,,,,,,,,,,,,0.0,,,,,,,-99.0,,,,,-99.0,,,,,,,,,,-99.0
2004,1,1,,,,,,,8.0,1621.0,1601.0,0.0,,,,,,,53.06,62.959999999999994,42.980000000000004,0.0,,320.0,310.0,,,0.0,,36.0,45.0,,,1.0,,,,,,1.0,,,,1.0,,-9999.0,,,,
2004,1,2,,,,,,,,,,0.0,,,,,,,,32.0,32.0,,,,,,,0.0,,,,,,0.0,,,,,,0.0,,,,,,,,,,
2004,1,3,,,,,,,23.0,129.0,155.0,23.0,,,,,,,55.04,62.059999999999995,46.94,0.0,,190.0,260.0,,,0.0,,58.0,67.0,,,1.0,,,,,,1.0,,,,1.0,,1.0,,,,
2004,1,4,,,,,,,,,,0.0,,,,,,,,,,,,,,,,0.0,,,,,,0.0,,,,,,,,,,,,0.0,,,,
2004,1,6,,,,,,,16.0,1634.0,1621.0,0.0,,,,,,,53.06,60.08,46.04,0.0,,310.0,320.0,,,0.0,,58.0,72.0,,,9999.0,,,,,,9999.0,,,,9999.0,,9999.0,,,,
2004,1,7,,,,,,,,,,0.0,,,,,,,,,32.0,,,,,,,0.0,,,,,,-99.0,,,,,,-99.0,,,,-99.0,,-99.0,,,,
2004,1,8,,,,,,,,,,,,,,,,,,,,,,,,,,,,,,,,99.0,,,,,,99.0,,,,99.0,,99.0,,,,
2004,1,9,,,,,,,13.0,1228.0,1211.0,0.0,,,,,,,53.96,64.04,44.06,0.0,,190.0,210.0,,,0.0,,40.0,54.0,,,-9999.0,,,,,,-9999.0,,,,-9999.0,,-9999.0,,,,
2004,1,10,,,,,,,,,,0.0,,,,,,,,32.0,32.0,,,,,,,0.0,,,,,,-9.0,,,,,,-9.0,,,,-9.0,,,,,,
2004,1,11,,,,,,,10.0,722.0,538.0,,,,,,,,59.0,64.94,51.98,0.0,,270.0,220.0,,,0.0,,40.0,54.0,,,999.0,,,,,,999.0,,,,999.0,,1.0,,,,
2004,1,12,,,,,,,,,,0.0,,,,,,,,,,,,,,,,0.0,,,,,,,,,,,,,,,,,,,,,,
2004,1,14,,,,,,,19.0,1445.0,1444.0,0.0,,,,,,,57.92,68.0,48.02,0.0,,300.0,320.0,,,0.0,,67.0,80.0,,,1.0,,,,,,1.0,,,,1.0,,9999.0,,,,
2004,1,15,,,,,,,,,,0.0,,,,,,,,,32.0,,,,,,,0.0,,,,,,0.0,,,,,,0.0,,,,,,-99.0,,,,
2004,1,16,,,,,,,,,,,,,,,,,,,,,,,,,,,,,,,,,,,,,,,,,,,,99.0,,,,
2004,1,17,,,,,,,13.0,1259.0,1534.0,0.0,,,,,,,55.04,62.059999999999995,48.02,0.0,,170.0,170.0,,,0.0,,45.0,67.0,,,1.0,,,,,,1.0,,,,1.0,,-9999.0,,,,
2004,1,18,,,,,,,,,,0.0,,,,,,,,32.0,32.0,,,,,,,0.0,,,,,,0.0,,,,,,0.0,,,,,,-9.0,,,,
2004,1,19,,,,,,,13.0,720.0,720.0,0.0,,,,,,,59.0,64.04,53.06,0.0,,290.0,290.0,,,0.0,,58.0,67.0,,,1.0,,,,,,1.0,,,,1.0,,999.0,,,,
2004,1,20,,,,,,,,,,0.0,,,,,,,,,,,,,,,,0.0,,,,,,0.0,,,,,,0.0,,,,,,-999.0,,,,
2004,1,21,,,,,,,,,,,,,,,,,,,,9.0,,,,,,,,,,,,,,,,,,,,,,,,,,,,
2004,1,22,,,,,,,12.0,1354.0,1325.0,0.0,,,,,,,62.059999999999995,73.94,50.0,0.0,,320.0,290.0,,,0.0,,63.0,76.0,,,9999.0,,,,,,9999.0,,,,9999.0,,9999.0,,,,
2004,1,23,,,,,,,,,,0.0,,,,,,,,,,,,,,,,0.0,,,,,,,,,,,,-99.0,,,,,,-99.0,,,,
2004,1,24,,,,,,,,,,,,,,,,,,,,,,,,,,,,,,,,,,,,,,99.0,,,,,,99.0,,,,
2004,1,25,,,,,,,13.0,1615.0,1614.0,0.0,,,,,,,57.02,62.059999999999995,51.98,0.0,,300.0,290.0,,,0.0,,58.0,67.0,,,1.0,,,,,,1.0,,,,1.0,,-9999.0,,,,
2004,1,26,,,,,,,,,,0.0,,,,,,,,32.0,32.0,,,,,,,0.0,,,,,,0.0,,,,,,0.0,,,,,,-9.0,,,,
2004,1,27,,,,,,,16.0,538.0,600.0,0.0,,,,,,,57.02,60.980000000000004,53.06,0.0,,290.0,290.0,,,0.0,,63.0,67.0,,,1.0,,,,,,1.0,,,,1.0,,999.0,,,,
2004,1,28,,,,,,,,,,0.0,,,,,,,,,,,,,,,,0.0,,,,,,0.0,,,,,,0.0,,,,,,-999.0,,,,
2004,1,30,,,,,,,18.0,1415.0,1515.0,0.0,,,,,,,57.92,62.059999999999995,53.96,0.0,,290.0,300.0,,,0.0,,72.0,80.0,,,1.0,,,,,,1.0,,,,1.0,,9999.0,,,,
2004,1,31,,,,,,,,,,0.0,,,,,,,,,,,,,,,,0.0,,,,,,,,,,,,,,,,,,,,,,
2004,2,1,,,,,,,13.0,1327.0,1507.0,0.0,,,,,,,55.04,62.059999999999995,48.02,0.0,,270.0,250.0,,,0.0,,54.0,58.0,,,-9999.0,,,,,,-9999.0,,,,-9999.0,,-9999.0,,,,-9999.0
2004,2,2,,,,,,,,,,0.0,,,,,,,,32.0,32.0,,,,,,,0.0,,,,,,,,,,,,-9.0,,,,,,,,,,-9.0
2004,2,3,,,,,,,26.0,327.0,327.0,48.0,,,,,,,55.04,62.059999999999995,48.02,0.0,,290.0,280.0,,,0.0,,94.0,107.0,,,1.0,,,,,,999.0,,,,1.0,,1.0,,,,999.0
2004,2,4,,,,,,,,,,,,,,,,,,,,,,,,,,0.0,,,,,,0.0,,,,,,-999.0,,,,,,0.0,,,,-999.0
2004,2,6,,,,,,,22.0,1602.0,1601.0,,,,,,,,57.02,60.980000000000004,51.98,0.0,,270.0,270.0,,,0.0,,63.0,72.0,,,9999.0,,,,,,9999.0,,,,9999.0,,1.0,,,,9999.0
2004,2,7,,,,,,,,,,0.0,,,,,,,,,32.0,,,,,,,0.0,,,,,,-99.0,,,,,,-99.0,,,,-99.0,,,,,,-99.0
2004,2,8,,,,,,,,,,,,,,,,,,,,,,,,,,,,,,,,99.0,,,,,,99.0,,,,99.0,,99.0,,,,99.0
2004,2,9,,,,,,,19.0,1507.0,1507.0,0.0,,,,,,,57.92,69.08,46.04,0.0,,290.0,280.0,,,0.0,,72.0,80.0,,,-9999.0,,,,,,-9999.0,,,,-9999.0,,-9999.0,,,,-9999.0
2004,2,10,,,,,,,,,,0.0,,,,,,,,32.0,32.0,,,,,,,0.0,,,,,,-9.0,,,,,,-9.0,,,,-9.0,,-9.0,,,,-9.0
2004,2,11,,,,,,,18.0,553.0,537.0,0.0,,,,,,,55.94,64.94,46.94,0.0,,290.0,280.0,,,0.0,,63.0,76.0,,,999.0,,,,,,999.0,,,,999.0,,999.0,,,,999.0
2004,2,12,,,,,,,,,,0.0,,,,,,,,,,,,,,,,0.0,,,,,,-999.0,,,,,,-999.0,,,,-999.0,,-999.0,,,,-999.0
2004,2,14,,,,,,,16.0,1355.0,1403.0,0.0,,,,,,,57.02,68.0,44.96,0.0,,290.0,280.0,,,0.0,,63.0,72.0,,,9999.0,,,,,,9999.0,,,,9999.0,,9999.0,,,,9999.0
2004,2,15,,,,,,,,,,0.0,,,,,,,,,32.0,,,,,,,0.0,,,,,,-99.0,,,,,,-99.0,,,,-99.0,,-99.0,,,,-99.0
2004,2,16,,,,,,,,,,,,,,,,,,,,,,,,,,,,,,,,99.0,,,,,,99.0,,,,99.0,,99.0,,,,99.0
2004,2,17,,,,,,,13.0,1150.0,1141.0,0.0,,,,,,,55.04,64.04,46.04,0.0,,230.0,230.0,,,0.0,,54.0,63.0,,,-9999.0,,,,,,-9999.0,,,,-9999.0,,-9999.0,,,,-9999.0
2004,2,18,,,,,,,,,,0.0,,,,,,,,32.0,32.0,,,,,,,0.0,,,,,,-9.0,,,,,,-9.0,,,,-9.0,,-9.0,,,,-9.0
2004,2,19,,,,,,,15.0,309.0,305.0,0.0,,,,,,,57.92,68.0,46.94,0.0,,300.0,300.0,,,0.0,,58.0,67.0,,,999.0,,,,,,999.0,,,,999.0,,999.0,,,,999.0
2004,2,20,,,,,,,,,,0.0,,,,,,,,,,,,,,,,0.0,,,,,,-999.0,,,,,,-999.0,,,,-999.0,,-999.0,,,,-999.0
2004,2,21,,,,,,,,,,,,,,,,,,,,,,,,,,,,,,,,9.0,,,,,,,,,,9.0,,9.0,,,,
2004,2,22,,,,,,,14.0,1753.0,1739.0,15.0,,,,,,,55.94,62.959999999999994,48.02,0.0,,310.0,310.0,,,0.0,,63.0,76.0,,,1.0,,,,,,9999.0,,,,1.0,,1.0,,,,9999.0
2004,2,23,,,,,,,,,,0.0,,,,,,,,,32.0,,,,,,,0.0,,,,,,,,,,,,-99.0,,,,,,,,,,-99.0
2004,2,24,,,,,,,,,,,,,,,,,,,,,,,,,,,,,,,,99.0,,,,,,99.0,,,,99.0,,99.0,,,,99.0
2004,2,25,,,,,,,23.0,1348.0,1350.0,0.0,,,,,,,59.0,66.92,51.08,0.0,,300.0,310.0,,,0.0,,72.0,89.0,,,1.0,,,,,,1.0,,,,1.0,,-9999.0,,,,-9999.0
2004,2,26,,,,,,,,,,0.0,,,,,,,,32.0,32.0,,,,,,,0.0,,,,,,0.0,,,,,,,,,,,,-9.0,,,,-9.0
2004,2,27,,,,,,,19.0,205.0,713.0,0.0,,,,,,,62.059999999999995,69.98,53.06,0.0,,290.0,290.0,,,0.0,,58.0,67.0,,,1.0,,,,,,999.0,,,,1.0,,999.0,,,,999.0
2004,2,28,,,,,,,,,,,,,,,,,,,,,,,,,,0.0,,,,,,0.0,,,,,,-999.0,,,,,,,,,,-999.0
2004,2,30,,,,,,,24.0,1254.0,1426.0,0.0,,,,,,,57.92,62.959999999999994,53.06,0.0,,230.0,250.0,,,0.0,,72.0,76.0,,,9999.0,,,,,,9999.0,,,,9999.0,,9999.0,,,,9999.0
2004,2,31,,,,,,,,,,0.0,,,,,,,,,,,,,,,,0.0,,,,,,-99.0,,,,,,-99.0,,,,-99.0,,,,,,-99.0
2004,3,1,,,,,,,32.0,2239.0,2321.0,18.0,,,,,,,57.92,64.04,51.08,-9999.0,,160.0,170.0,,,0.0,,80.0,94.0,,,1.0,,,,,,-9999.0,,,,1.0,,1.0,,,,-9999.0
2004,3,2,,,,,,,,,,0.0,,,,,,,,32.0,32.0,-9.0,,,,,,0.0,,,,,,0.0,,,,,,-9.0,,,,,,0.0,,,,-9.0
2004,3,3,,,,,,,37.0,253.0,252.0,36.0,,,,,,,55.94,60.08,51.98,999.0,,170.0,180.0,,,0.0,,107.0,139.0,,,1.0,,,,,,999.0,,,,1.0,,1.0,,,,999.0
2004,3,4,,,,,,,,,,0.0,,,,,,,,,,-999.0,,,,,,0.0,,,,,,,,,,,,-999.0,,,,,,,,,,-999.0
2004,3,6,,,,,,,46.0,1039.0,1039.0,0.0,,,,,,,60.08,62.959999999999994,57.02,9999.0,,180.0,180.0,,,0.0,,94.0,107.0,,,9999.0,,,,,,9999.0,,,,9999.0,,9999.0,,,,9999.0
2004,3,7,,,,,,,,,,0.0,,,,,,,,,,-99.0,,,,,,0.0,,,,,,-99.0,,,,,,-99.0,,,,-99.0,,-99.0,,,,-99.0
2004,3,8,,,,,,,,,,,,,,,,,,,,99.0,,,,,,,,,,,,99.0,,,,,,99.0,,,,99.0,,99.0,,,,99.0
2004,3,9,,,,,,,25.0,1503.0,1423.0,0.0,,,,,,,60.980000000000004,68.0,53.96,-9999.0,,290.0,290.0,,,0.0,,80.0,94.0,,,1.0,,,,,,-9999.0,,,,1.0,,-9999.0,,,,-9999.0
2004,3,10,,,,,,,,,,0.0,,,,,,,,32.0,32.0,-9.0,,,,,,0.0,,,,,,0.0,,,,,,,,,,,,-9.0,,,,-9.0
2004,3,11,,,,,,,18.0,539.0,539.0,0.0,,,,,,,68.0,80.96,53.96,999.0,,300.0,300.0,,,0.0,,63.0,72.0,,,1.0,,,,,,1.0,,,,1.0,,999.0,,,,999.0
2004,3,12,,,,,,,,,,0.0,,,,,,,,,,-999.0,,,,,,0.0,,,,,,,,,,,,,,,,,,-999.0,,,,-999.0
2004,3,14,,,,,,,20.0,1808.0,1337.0,0.0,,,,,,,69.98,78.98,60.08,9999.0,,310.0,310.0,,,0.0,,54.0,63.0,,,9999.0,,,,,,9999.0,,,,9999.0,,9999.0,,,,9999.0
2004,3,15,,,,,,,,,,0.0,,,,,,,,,,-99.0,,,,,,0.0,,,,,,,,,,,,,,,,,,-99.0,,,,-99.0
2004,3,16,,,,,,,,,,,,,,,,,,,,99.0,,,,,,,,,,,,,,,,,,,,,,,,99.0,,,,99.0
2004,3,17,,,,,,,21.0,1739.0,1230.0,0.0,,,,,,,62.059999999999995,64.94,57.92,-9999.0,,170.0,270.0,,,0.0,,54.0,63.0,,,1.0,,,,,,1.0,,,,1.0,,-9999.0,,,,-9999.0
2004,3,18,,,,,,,,,,0.0,,,,,,,,32.0,32.0,-9.0,,,,,,0.0,,,,,,0.0,,,,,,0.0,,,,,,-9.0,,,,
2004,3,19,,,,,,,31.0,752.0,835.0,0.0,,,,,,,60.08,62.059999999999995,57.92,999.0,,190.0,210.0,,,0.0,,58.0,67.0,,,1.0,,,,,,1.0,,,,1.0,,999.0,,,,1.0
2004,3,20,,,,,,,,,,0.0,,,,,,,,,,-999.0,,,,,,0.0,,,,,,,,,,,,,,,,,,-999.0,,,,
2004,3,21,,,,,,,,,,,,,,,,,,,,,,,,,,,,,,,,9.0,,,,,,9.0,,,,9.0,,,,,,
2004,3,22,,,,,,,31.0,1332.0,1336.0,0.0,,,,,,,60.08,64.94,55.04,9999.0,,280.0,290.0,,,0.0,,76.0,89.0,,,1.0,,,,,,1.0,,,,1.0,,9999.0,,,,9999.0
2004,3,23,,,,,,,,,,0.0,,,,,,,,,,-99.0,,,,,,0.0,,,,,,0.0,,,,,,,,,,,,-99.0,,,,-99.0
2004,3,24,,,,,,,,99.0,99.0,,,,,,,,49.82,,,99.0,,,,,,,,,,,,,,,,,,99.0,,,,,,99.0,,,,99.0
2004,3,25,,,,,,,24.0,-9999.0,-9999.0,0.0,,,,,,,-1767.8200000000002,66.92,55.04,-9999.0,,280.0,290.0,,,0.0,,54.0,63.0,,,1.0,,,,,,1.0,,,,1.0,,-9999.0,,,,-9999.0
2004,3,26,,,,,,,,-9.0,-9.0,0.0,,,,,,,30.38,32.0,32.0,-9.0,,,,,,0.0,,,,,,0.0,,,,,,0.0,,,,,,-9.0,,,,-9.0
2004,3,27,,,,,,,22.0,999.0,999.0,0.0,,,,,,,211.82,66.92,55.94,999.0,,270.0,300.0,,,0.0,,63.0,72.0,,,1.0,,,,,,1.0,,,,1.0,,999.0,,,,999.0
2004,3,28,,,,,,,,172.0,160.0,0.0,,,,,,,34.88,,,-999.0,,,,,,0.0,,,,,,0.0,,,,,,0.0,,,,,,-999.0,,,,-999.0
2004,3,29,,,,,,,,,,,,,,,,,,,,9.0,,,,,,,,,,,,,,,,,,,,,,,,,,,,
2004,3,30,,,,,,,29.0,1538.0,1451.0,0.0,,,,,,,62.059999999999995,66.02,57.92,0.0,,290.0,270.0,,,0.0,,63.0,72.0,,,1.0,,,,,,1.0,,,,1.0,,9999.0,,,,9999.0
2004,3,31,,,,,,,,,,0.0,,,,,,,,,,,,,,,,0.0,,,,,,0.0,,,,,,0.0,,,,,,-99.0,,,,-99.0
2004,4,1,,,,,,,31.0,2209.0,2207.0,76.0,,,,,,,60.08,64.94,53.96,0.0,,320.0,320.0,,,0.0,,72.0,89.0,,,1.0,-9999.0,,,,,-9999.0,,,,1.0,,1.0,,,,-9999.0
2004,4,2,,,,,,,,,,0.0,,,,,,,,32.0,32.0,,,,,,,0.0,,,,,,,-9.0,,,,,-9.0,,,,,,,,,,-9.0
2004,4,3,,,,,,,34.0,124.0,124.0,0.0,,,,,,,60.08,64.94,53.96,0.0,,180.0,180.0,,,0.0,,72.0,80.0,,,999.0,999.0,,,,,999.0,,,,999.0,,999.0,,,,999.0
2004,4,4,,,,,,,,,,0.0,,,,,,,,,,,,,,,,0.0,,,,,,-999.0,-999.0,,,,,-999.0,,,,-999.0,,-999.0,,,,-999.0
2004,4,6,,,,,,,25.0,1442.0,1412.0,0.0,,,,,,,66.02,69.98,60.980000000000004,0.0,,280.0,300.0,,,0.0,,67.0,76.0,,,9999.0,9999.0,,,,,9999.0,,,,9999.0,,9999.0,,,,9999.0
2004,4,7,,,,,,,,,,0.0,,,,,,,,,,,,,,,,0.0,,,,,,-99.0,-99.0,,,,,-99.0,,,,-99.0,,-99.0,,,,-99.0
2004,4,8,,,,,,,,,,,,,,,,,,,,,,,,,,,,,,,,99.0,99.0,,,,,99.0,,,,99.0,,99.0,,,,99.0
2004,4,9,,,,,,,29.0,1113.0,1407.0,0.0,,,,,,,62.959999999999994,64.94,60.08,0.0,,220.0,230.0,,,0.0,,67.0,76.0,,,-9999.0,-9999.0,,,,,-9999.0,,,,-9999.0,,-9999.0,,,,-9999.0
2004,4,10,,,,,,,,,,0.0,,,,,,,,32.0,32.0,,,,,,,0.0,,,,,,-9.0,-9.0,,,,,-9.0,,,,-9.0,,-9.0,,,,-9.0
2004,4,11,,,,,,,28.0,245.0,233.0,0.0,,,,,,,62.959999999999994,64.94,60.980000000000004,0.0,,260.0,270.0,,,0.0,,63.0,76.0,,,999.0,999.0,,,,,999.0,,,,999.0,,999.0,,,,999.0
2004,4,12,,,,,,,,,,0.0,,,,,,,,,,,,,,,,0.0,,,,,,-999.0,-999.0,,,,,-999.0,,,,-999.0,,-999.0,,,,-999.0
2004,4,14,,,,,,,30.0,1352.0,1439.0,0.0,,,,,,,64.94,69.08,60.980000000000004,0.0,,280.0,280.0,,,0.0,,67.0,76.0,,,9999.0,9999.0,,,,,9999.0,,,,9999.0,,9999.0,,,,9999.0
2004,4,15,,,,,,,,,,0.0,,,,,,,,,,,,,,,,0.0,,,,,,-99.0,-99.0,,,,,,,,,-99.0,,-99.0,,,,-99.0
2004,4,16,,,,,,,,,,,,,,,,,,,,,,,,,,,,,,,,99.0,99.0,,,,,,,,,99.0,,99.0,,,,99.0
2004,4,17,,,,,,,38.0,1526.0,1529.0,0.0,,,,,,,66.92,71.96,62.059999999999995,0.0,,320.0,310.0,,,0.0,,94.0,103.0,,,-9999.0,-9999.0,,,,,1.0,,,,-9999.0,,-9999.0,,,,-9999.0
2004,4,18,,,,,,,,,,0.0,,,,,,,,32.0,32.0,,,,,,,0.0,,,,,,,-9.0,,,,,0.0,,,,,,-9.0,,,,-9.0
2004,4,19,,,,,,,23.0,416.0,419.0,0.0,,,,,,,66.02,71.96,59.0,0.0,,290.0,290.0,,,0.0,,67.0,76.0,,,1.0,999.0,,,,,1.0,,,,1.0,,999.0,,,,999.0
2004,4,20,,,,,,,,,,0.0,,,,,,,,,,,,,,,,0.0,,,,,,,-999.0,,,,,0.0,,,,,,-999.0,,,,-999.0
2004,4,22,,,,,,,24.0,1559.0,1559.0,0.0,,,,,,,64.04,68.0,60.08,0.0,,270.0,270.0,,,0.0,,54.0,63.0,,,9999.0,9999.0,,,,,9999.0,,,,9999.0,,9999.0,,,,9999.0
2004,4,23,,,,,,,,,,0.0,,,,,,,,,,,,,,,,0.0,,,,,,-99.0,-99.0,,,,,,,,,-99.0,,-99.0,,,,-99.0
2004,4,24,,,,,,,,,,,,,,,,,,,,,,,,,,,,,,,,99.0,99.0,,,,,,,,,99.0,,99.0,,,,99.0
2004,4,25,,,,,,,35.0,1339.0,1350.0,0.0,,,,,,,64.04,66.92,60.08,0.0,,290.0,320.0,,,0.0,,67.0,80.0,,,-9999.0,-9999.0,,,,,-9999.0,,,,-9999.0,,-9999.0,,,,-9999.0
2004,4,26,,,,,,,,,,0.0,,,,,,,,32.0,32.0,,,,,,,0.0,,,,,,,-9.0,,,,,-9.0,,,,,,,,,,-9.0
2004,4,27,,,,,,,38.0,34.0,34.0,76.0,,,,,,,59.0,62.959999999999994,55.04,0.0,,270.0,270.0,,,0.0,,116.0,139.0,,,1.0,999.0,,,,,999.0,,,,1.0,,1.0,,,,999.0
2004,4,28,,,,,,,,,,0.0,,,,,,,,,,,,,,,,0.0,,,,,,,-999.0,,,,,-999.0,,,,,,0.0,,,,-999.0
2004,4,30,,,,,,,30.0,1513.0,1513.0,0.0,,,,,,,62.059999999999995,66.92,57.02,0.0,,290.0,280.0,,,0.0,,80.0,98.0,,,9999.0,9999.0,,,,,9999.0,,,,9999.0,,9999.0,,,,9999.0
2004,4,31,,,,,,,,,,0.0,,,,,,,,,,,,,,,,0.0,,,,,,-99.0,-99.0,,,,,-99.0,,,,-99.0,,-99.0,,,,-99.0
2004,5,1,,,,,,,29.0,1333.0,1445.0,0.0,,,,,,,71.06,80.96,60.08,0.0,,290.0,310.0,,,0.0,,80.0,103.0,,,-9999.0,,,,,,1.0,,,,-9999.0,,-9999.0,,,,-9999.0
2004,5,2,,,,,,,,,,0.0,,,,,,,,32.0,32.0,,,,,,,0.0,,,,,,-9.0,,,,,,,,,,-9.0,,-9.0,,,,-9.0
2004,5,3,,,,,,,28.0,348.0,424.0,0.0,,,,,,,78.08,93.02,62.959999999999994,0.0,,290.0,300.0,,,0.0,,76.0,89.0,,,999.0,,,,,,999.0,,,,999.0,,999.0,,,,999.0
2004,5,4,,,,,,,,,,0.0,,,,,,,,,,,,,,,,0.0,,,,,,-999.0,,,,,,-999.0,,,,-999.0,,-999.0,,,,-999.0
2004,5,5,,,,,,,,,,,,,,,,,,,,,,,,,,,,,,,,9.0,,,,,,9.0,,,,9.0,,,,,,9.0
2004,5,6,,,,,,,26.0,1327.0,1326.0,0.0,,,,,,,71.06,78.98,62.959999999999994,0.0,,160.0,160.0,,,0.0,,72.0,76.0,,,1.0,,,,,,1.0,,,,1.0,,9999.0,,,,1.0
2004,5,7,,,,,,,,,,0.0,,,,,,,,,,,,,,,,0.0,,,,,,0.0,,,,,,0.0,,,,,,-99.0,,,,
2004,5,8,,,,,,,,,,,,,,,,,,,,,,,,,,,,,,,,,,,,,,,,,,,,99.0,,,,99.0
2004,5,9,,,,,,,30.0,1240.0,1239.0,0.0,,,,,,,71.96,82.04,62.059999999999995,0.0,,290.0,290.0,,,0.0,,80.0,94.0,,,1.0,,,,,,-9999.0,,,,1.0,,-9999.0,,,,-9999.0
2004,5,10,,,,,,,,,,0.0,,,,,,,,32.0,32.0,,,,,,,0.0,,,,,,,,,,,,-9.0,,,,,,-9.0,,,,-9.0
2004,5,11,,,,,,,25.0,407.0,406.0,0.0,,,,,,,69.98,73.94,66.02,0.0,,230.0,220.0,,,0.0,,63.0,72.0,,,999.0,,,,,,999.0,,,,999.0,,999.0,,,,999.0
2004,5,12,,,,,,,,,,0.0,,,,,,,,,,,,,,,,0.0,,,,,,-999.0,,,,,,-999.0,,,,-999.0,,-999.0,,,,-999.0
2004,5,14,,,,,,,25.0,1517.0,1515.0,0.0,,,,,,,71.06,77.0,64.04,0.0,,270.0,280.0,,,0.0,,58.0,72.0,,,9999.0,,,,,,9999.0,,,,9999.0,,9999.0,,,,9999.0
2004,5,15,,,,,,,,,,0.0,,,,,,,,,,,,,,,,0.0,,,,,,-99.0,,,,,,-99.0,,,,-99.0,,-99.0,,,,-99.0
2004,5,16,,,,,,,,,,,,,,,,,,,,,,,,,,,,,,,,99.0,,,,,,99.0,,,,99.0,,99.0,,,,99.0
2004,5,17,,,,,,,39.0,1319.0,1306.0,0.0,,,,,,,66.92,71.06,62.059999999999995,0.0,,210.0,220.0,,,0.0,,63.0,76.0,,,-9999.0,,,,,,-9999.0,,,,-9999.0,,-9999.0,,,,-9999.0
2004,5,18,,,,,,,,,,0.0,,,,,,,,32.0,32.0,,,,,,,0.0,,,,,,-9.0,,,,,,-9.0,,,,-9.0,,-9.0,,,,-9.0
2004,5,19,,,,,,,35.0,612.0,454.0,0.0,,,,,,,66.02,69.98,60.980000000000004,0.0,,260.0,280.0,,,0.0,,58.0,72.0,,,999.0,,,,,,999.0,,,,999.0,,999.0,,,,999.0
2004,5,20,,,,,,,,,,0.0,,,,,,,,,,,,,,,,0.0,,,,,,-999.0,,,,,,-999.0,,,,-999.0,,-999.0,,,,-999.0
2004,5,21,,,,,,,,,,,,,,,,,,,,,,,,,,,,,,,,,,,,,,9.0,,,,,,,,,,
2004,5,22,,,,,,,28.0,1335.0,1335.0,0.0,,,,,,,69.98,77.0,62.059999999999995,0.0,,290.0,290.0,,,0.0,,76.0,80.0,,,9999.0,,,,,,1.0,,,,9999.0,,9999.0,,,,9999.0
2004,5,23,,,,,,,,,,0.0,,,,,,,,,,,,,,,,0.0,,,,,,-99.0,,,,,,0.0,,,,-99.0,,-99.0,,,,-99.0
2004,5,24,,,,,,,,,,,,,,,,,,,,,,,,,,,,,,,,99.0,,,,,,,,,,99.0,,99.0,,,,99.0
2004,5,25,,,,,,,48.0,2138.0,1521.0,0.0,,,,,,,66.02,68.0,62.959999999999994,0.0,,180.0,190.0,,,0.0,,67.0,89.0,,,-9999.0,,,,,,-9999.0,,,,-9999.0,,-9999.0,,,,-9999.0
2004,5,26,,,,,,,,,,0.0,,,,,,,,32.0,32.0,,,,,,,0.0,,,,,,-9.0,,,,,,-9.0,,,,-9.0,,-9.0,,,,-9.0
2004,5,27,,,,,,,44.0,425.0,423.0,0.0,,,,,,,66.02,68.0,64.04,0.0,,210.0,220.0,,,0.0,,67.0,89.0,,,999.0,,,,,,999.0,,,,999.0,,999.0,,,,999.0
2004,5,28,,,,,,,,,,0.0,,,,,,,,,,,,,,,,0.0,,,,,,-999.0,,,,,,-999.0,,,,-999.0,,-999.0,,,,-999.0
2004,5,30,,,,,,,31.0,1511.0,1211.0,0.0,,,,,,,66.92,69.08,64.04,0.0,,210.0,220.0,,,0.0,,58.0,72.0,,,9999.0,,,,,,9999.0,,,,9999.0,,9999.0,,,,9999.0
2004,5,31,,,,,,,,,,0.0,,,,,,,,,,,,,,,,0.0,,,,,,-99.0,,,,,,-99.0,,,,-99.0,,-99.0,,,,-99.0
2004,6,1,,,,,,,28.0,1141.0,1237.0,0.0,,,,,,,69.08,73.04,64.94,0.0,,210.0,210.0,,,0.0,,58.0,67.0,,,-9999.0,,,,,,1.0,,,,-9999.0,,,,,,
2004,6,2,,,,,,,,,,0.0,,,,,,,,32.0,32.0,,,,,,,0.0,,,,,,-9.0,,,,,,0.0,,,,-9.0,,,,,,
2004,6,3,,,,,,,32.0,229.0,229.0,0.0,,,,,,,68.0,71.06,64.04,999.0,,210.0,230.0,,,0.0,,67.0,94.0,,,999.0,,,,,,1.0,,,,999.0,,,,,,
2004,6,4,,,,,,,,,,0.0,,,,,,,,,,-999.0,,,,,,0.0,,,,,,-999.0,,,,,,0.0,,,,-999.0,,,,,,
2004,6,6,,,,,,,28.0,1417.0,1324.0,0.0,,,,,,,69.98,73.94,66.02,9999.0,,210.0,210.0,,,0.0,,58.0,72.0,,,9999.0,,,,,,1.0,,,,9999.0,,,,,,
2004,6,7,,,,,,,,,,0.0,,,,,,,,,,-99.0,,,,,,0.0,,,,,,,,,,,,0.0,,,,,,,,,,
2004,6,8,,,,,,,,,,,,,,,,,,,,99.0,,,,,,,,,,,,,,,,,,,,,,,,,,,,
2004,6,9,,,,,,,49.0,1255.0,1255.0,0.0,,,,,,,66.92,69.98,64.04,-9999.0,,180.0,180.0,,,0.0,,89.0,107.0,,,-9999.0,,,,,,1.0,,,,-9999.0,,,,,,
2004,6,10,,,,,,,,,,0.0,,,,,,,,32.0,32.0,,,,,,,0.0,,,,,,-9.0,,,,,,0.0,,,,-9.0,,,,,,
2004,6,11,,,,,,,42.0,130.0,155.0,0.0,,,,,,,66.92,69.08,64.94,0.0,,170.0,180.0,,,0.0,,72.0,80.0,,,999.0,,,,,,1.0,,,,999.0,,,,,,
2004,6,12,,,,,,,,,,0.0,,,,,,,,,,,,,,,,0.0,,,,,,-999.0,,,,,,,,,,-999.0,,,,,,
2004,6,14,,,,,,,43.0,1405.0,1404.0,0.0,,,,,,,68.0,71.06,64.04,9999.0,,260.0,270.0,,,0.0,,76.0,98.0,,,9999.0,,,,,,9999.0,,,,9999.0,,,,,,
2004,6,15,,,,,,,,,,0.0,,,,,,,,,,-99.0,,,,,,0.0,,,,,,-99.0,,,,,,-99.0,,,,-99.0,,,,,,
2004,6,16,,,,,,,,,,,,,,,,,,,,99.0,,,,,,,,,,,,99.0,,,,,,99.0,,,,99.0,,,,,,
2004,6,17,,,,,,,30.0,1320.0,1323.0,0.0,,,,,,,66.92,69.08,64.04,0.0,,200.0,220.0,,,0.0,,54.0,67.0,,,-9999.0,,,,,,-9999.0,,,,-9999.0,,,,,,
2004,6,18,,,,,,,,,,0.0,,,,,,,,32.0,32.0,,,,,,,0.0,,,,,,-9.0,,,,,,-9.0,,,,-9.0,,,,,,
2004,6,19,,,,,,,25.0,338.0,334.0,0.0,,,,,,,66.92,69.98,64.04,0.0,,220.0,210.0,,,0.0,,58.0,72.0,,,999.0,,,,,,999.0,,,,999.0,,,,,,
2004,6,20,,,,,,,,,,0.0,,,,,,,,,,,,,,,,0.0,,,,,,-999.0,,,,,,,,,,-999.0,,,,,,
2004,6,22,,,,,,,31.0,1250.0,1250.0,0.0,,,,,,,66.92,69.08,64.04,0.0,,230.0,220.0,,,0.0,,63.0,76.0,,,9999.0,,,,,,9999.0,,,,9999.0,,,,,,
2004,6,23,,,,,,,,,,0.0,,,,,,,,,,,,,,,,0.0,,,,,,-99.0,,,,,,-99.0,,,,-99.0,,,,,,
2004,6,24,,,,,,,,,,,,,,,,,,,,,,,,,,,,,,,,99.0,,,,,,99.0,,,,99.0,,,,,,
2004,6,25,,,,,,,38.0,1114.0,1338.0,0.0,,,,,,,68.0,69.98,64.94,0.0,,190.0,190.0,,,0.0,,80.0,94.0,,,-9999.0,,,,,,-9999.0,,,,-9999.0,,,,,,
2004,6,26,,,,,,,,,,0.0,,,,,,,,32.0,32.0,,,,,,,0.0,,,,,,-9.0,,,,,,-9.0,,,,-9.0,,,,,,
2004,6,27,,,,,,,26.0,14.0,229.0,0.0,,,,,,,68.0,69.08,66.02,0.0,,220.0,220.0,,,0.0,,58.0,98.0,,,999.0,,,,,,999.0,,,,999.0,,,,,,
2004,6,28,,,,,,,,,,0.0,,,,,,,,,,,,,,,,0.0,,,,,,-999.0,,,,,,-999.0,,,,-999.0,,,,,,
2004,6,30,,,,,,,34.0,1644.0,1643.0,0.0,,,,,,,69.08,71.06,66.02,0.0,,290.0,280.0,,,0.0,,72.0,89.0,,,9999.0,,,,,,9999.0,,,,9999.0,,,,,,
2004,6,31,,,,,,,,,,0.0,,,,,,,,,,,,,,,,0.0,,,,,,-99.0,,,,,,-99.0,,,,-99.0,,,,,,
2004,7,1,,,,,,,31.0,1310.0,1309.0,0.0,,,,,,,69.98,73.94,64.94,-9999.0,,280.0,280.0,,,0.0,,67.0,89.0,,,-9999.0,,,,,,-9999.0,,,,-9999.0,,,,,,
2004,7,2,,,,,,,,,,0.0,,,,,,,,32.0,32.0,-9.0,,,,,,0.0,,,,,,-9.0,,,,,,-9.0,,,,-9.0,,,,,,
2004,7,3,,,,,,,28.0,706.0,500.0,0.0,,,,,,,71.06,73.94,66.92,999.0,,300.0,290.0,,,0.0,,58.0,76.0,,,999.0,,,,,,999.0,,,,999.0,,,,,,
2004,7,4,,,,,,,,,,0.0,,,,,,,,,,-999.0,,,,,,0.0,,,,,,-999.0,,,,,,-999.0,,,,-999.0,,,,,,
2004,7,6,,,,,,,30.0,1531.0,1657.0,0.0,,,,,,,69.98,73.94,66.02,9999.0,,320.0,280.0,,,0.0,,63.0,67.0,,,9999.0,,,,,,9999.0,,,,9999.0,,,,,,
2004,7,7,,,,,,,,,,0.0,,,,,,,,,,,,,,,,0.0,,,,,,-99.0,,,,,,-99.0,,,,-99.0,,,,,,
2004,7,8,,,,,,,,,,,,,,,,,,,,,,,,,,,,,,,,99.0,,,,,,99.0,,,,99.0,,,,,,
2004,7,9,,,,,,,30.0,1426.0,1343.0,0.0,,,,,,,69.98,73.04,66.92,0.0,,290.0,290.0,,,0.0,,67.0,94.0,,,-9999.0,,,,,,1.0,,,,-9999.0,,,,,,
2004,7,10,,,,,,,,,,0.0,,,,,,,,32.0,32.0,,,,,,,0.0,,,,,,-9.0,,,,,,0.0,,,,-9.0,,,,,,
2004,7,11,,,,,,,29.0,901.0,858.0,0.0,,,,,,,69.98,73.04,66.92,0.0,,260.0,250.0,,,0.0,,54.0,63.0,,,999.0,,,,,,1.0,,,,999.0,,,,,,
2004,7,12,,,,,,,,,,0.0,,,,,,,,,,,,,,,,0.0,,,,,,-999.0,,,,,,,,,,-999.0,,,,,,
2004,7,14,,,,,,,38.0,1443.0,1416.0,0.0,,,,,,,71.06,75.02,66.92,0.0,,280.0,280.0,,,0.0,,76.0,94.0,,,9999.0,,,,,,9999.0,,,,9999.0,,,,,,
2004,7,15,,,,,,,,,,0.0,,,,,,,,,,,,,,,,0.0,,,,,,-99.0,,,,,,-99.0,,,,-99.0,,,,,,
2004,7,16,,,,,,,,,,,,,,,,,,,,,,,,,,,,,,,,99.0,,,,,,99.0,,,,99.0,,,,,,
2004,7,17,,,,,,,27.0,1631.0,1631.0,0.0,,,,,,,71.06,75.92,66.02,0.0,,290.0,290.0,,,0.0,,63.0,72.0,,,-9999.0,,,,,,1.0,,,,-9999.0,,,,,,
2004,7,18,,,,,,,,,,0.0,,,,,,,,32.0,32.0,,,,,,,0.0,,,,,,-9.0,,,,,,0.0,,,,-9.0,,,,,,
2004,7,19,,,,,,,29.0,658.0,250.0,0.0,,,,,,,73.04,78.08,66.92,0.0,,280.0,320.0,,,0.0,,54.0,67.0,,,999.0,,,,,,1.0,,,,999.0,,,,,,
2004,7,20,,,,,,,,,,0.0,,,,,,,,,,,,,,,,0.0,,,,,,,,,,,,0.0,,,,,,,,,,
2004,7,22,,,,,,,24.0,1637.0,1647.0,0.0,,,,,,,75.02,80.96,68.0,9999.0,,290.0,310.0,,,0.0,,58.0,63.0,,,9999.0,,,,,,1.0,,,,9999.0,,,,,,
2004,7,23,,,,,,,,,,0.0,,,,,,,,,,-99.0,,,,,,0.0,,,,,,-99.0,,,,,,,,,,-99.0,,,,,,
2004,7,24,,,,,,,,,,,,,,,,,,,,99.0,,,,,,,,,,,,99.0,,,,,,99.0,,,,99.0,,,,,,
2004,7,25,,,,,,,24.0,1409.0,1149.0,0.0,,,,,,,78.98,84.91999999999999,71.96,0.0,,290.0,280.0,,,0.0,,54.0,67.0,,,-9999.0,,,,,,-9999.0,,,,-9999.0,,,,,,
2004,7,26,,,,,,,,,,0.0,,,,,,,,32.0,32.0,,,,,,,0.0,,,,,,-9.0,,,,,,,,,,-9.0,,,,,,
2004,7,27,,,,,,,22.0,719.0,718.0,0.0,,,,,,,77.0,82.94,71.06,0.0,,290.0,290.0,,,0.0,,45.0,58.0,,,999.0,,,,,,1.0,,,,999.0,,,,,,
2004,7,28,,,,,,,,,,0.0,,,,,,,,,,,,,,,,0.0,,,,,,-999.0,,,,,,0.0,,,,-999.0,,,,,,
2004,7,30,,,,,,,31.0,1418.0,1414.0,0.0,,,,,,,75.92,80.96,69.98,9999.0,,290.0,300.0,,,0.0,,67.0,76.0,,,9999.0,,,,,,9999.0,,,,9999.0,,,,,,
2004,7,31,,,,,,,,,,0.0,,,,,,,,,,,,,,,,0.0,,,,,,-99.0,,,,,,-99.0,,,,-99.0,,,,,,
2004,8,1,,,,,,,31.0,1248.0,1231.0,0.0,,,,,,,69.08,71.96,66.02,-9999.0,,230.0,220.0,,,0.0,,58.0,72.0,,,-9999.0,,,,,,-9999.0,,,,-9999.0,,,,,,
2004,8,2,,,,,,,,,,0.0,,,,,,,,32.0,32.0,-9.0,,,,,,0.0,,,,,,-9.0,,,,,,-9.0,,,,-9.0,,,,,,
2004,8,3,,,,,,,28.0,427.0,529.0,0.0,,,,,,,69.98,73.04,66.92,999.0,,210.0,250.0,,,0.0,,63.0,76.0,,,999.0,,,,,,999.0,,,,999.0,,,,,,
2004,8,4,,,,,,,,,,0.0,,,,,,,,,,-999.0,,,,,,0.0,,,,,,-999.0,,,,,,-999.0,,,,-999.0,,,,,,
2004,8,6,,,,,,,25.0,1119.0,1309.0,0.0,,,,,,,68.0,69.98,66.02,9999.0,,270.0,280.0,,,0.0,,63.0,72.0,,,9999.0,,,,,,9999.0,,,,9999.0,,,,,,
2004,8,7,,,,,,,,,,0.0,,,,,,,,,,-99.0,,,,,,0.0,,,,,,-99.0,,,,,,,,,,-99.0,,,,,,
2004,8,8,,,,,,,,,,,,,,,,,,,,99.0,,,,,,,,,,,,99.0,,,,,,,,,,99.0,,,,,,
2004,8,9,,,,,,,29.0,1745.0,1209.0,0.0,,,,,,,69.98,75.92,62.959999999999994,-9999.0,,290.0,300.0,,,0.0,,63.0,72.0,,,-9999.0,,,,,,1.0,,,,-9999.0,,,,,,
2004,8,10,,,,,,,,,,0.0,,,,,,,,32.0,32.0,-9.0,,,,,,0.0,,,,,,,,,,,,0.0,,,,,,,,,,
2004,8,11,,,,,,,27.0,555.0,555.0,0.0,,,,,,,71.06,75.92,64.94,999.0,,270.0,280.0,,,0.0,,58.0,67.0,,,1.0,,,,,,1.0,,,,1.0,,,,,,
2004,8,12,,,,,,,,,,0.0,,,,,,,,,,-999.0,,,,,,0.0,,,,,,,,,,,,,,,,,,,,,,
2004,8,13,,,,,,,,,,,,,,,,,,,,,,,,,,,,,,,,9.0,,,,,,9.0,,,,9.0,,,,,,
2004,8,14,,,,,,,31.0,1411.0,1410.0,0.0,,,,,,,71.06,75.02,66.92,9999.0,,300.0,290.0,,,0.0,,67.0,80.0,,,1.0,,,,,,1.0,,,,1.0,,,,,,
2004,8,15,,,,,,,,,,0.0,,,,,,,,,,,,,,,,0.0,,,,,,0.0,,,,,,0.0,,,,,,,,,,
2004,8,17,,,,,,,29.0,1417.0,1449.0,0.0,,,,,,,73.04,77.0,69.08,0.0,,290.0,280.0,,,0.0,,63.0,67.0,,,-9999.0,,,,,,1.0,,,,-9999.0,,,,,,
2004,8,18,,,,,,,,,,0.0,,,,,,,,32.0,32.0,,,,,,,0.0,,,,,,-9.0,,,,,,0.0,,,,-9.0,,,,,,
2004,8,19,,,,,,,30.0,702.0,648.0,0.0,,,,,,,71.96,75.92,66.92,999.0,,290.0,300.0,,,0.0,,63.0,72.0,,,999.0,,,,,,1.0,,,,999.0,,,,,,
2004,8,20,,,,,,,,,,0.0,,,,,,,,,,-999.0,,,,,,0.0,,,,,,-999.0,,,,,,,,,,-999.0,,,,,,
2004,8,22,,,,,,,28.0,1233.0,1218.0,0.0,,,,,,,71.96,75.02,68.0,9999.0,,270.0,280.0,,,0.0,,58.0,72.0,,,9999.0,,,,,,9999.0,,,,9999.0,,,,,,
2004,8,23,,,,,,,,,,0.0,,,,,,,,,,-99.0,,,,,,0.0,,,,,,-99.0,,,,,,-99.0,,,,-99.0,,,,,,
2004,8,24,,,,,,,,,,,,,,,,,,,,99.0,,,,,,,,,,,,99.0,,,,,,99.0,,,,99.0,,,,,,
2004,8,25,,,,,,,24.0,1347.0,1256.0,0.0,,,,,,,69.08,71.96,66.02,-9999.0,,230.0,200.0,,,0.0,,54.0,67.0,,,-9999.0,,,,,,1.0,,,,-9999.0,,,,,,
2004,8,26,,,,,,,,,,0.0,,,,,,,,32.0,32.0,-9.0,,,,,,0.0,,,,,,-9.0,,,,,,0.0,,,,-9.0,,,,,,
2004,8,27,,,,,,,21.0,505.0,232.0,0.0,,,,,,,71.06,75.02,66.02,999.0,,290.0,230.0,,,0.0,,54.0,67.0,,,999.0,,,,,,1.0,,,,999.0,,,,,,
2004,8,28,,,,,,,,,,0.0,,,,,,,,,,,,,,,,0.0,,,,,,-999.0,,,,,,0.0,,,,-999.0,,,,,,
2004,8,30,,,,,,,24.0,1338.0,1337.0,0.0,,,,,,,71.06,75.02,66.92,0.0,,270.0,280.0,,,0.0,,58.0,67.0,,,9999.0,,,,,,9999.0,,,,9999.0,,,,,,
2004,8,31,,,,,,,,,,0.0,,,,,,,,,,,,,,,,0.0,,,,,,-99.0,,,,,,-99.0,,,,-99.0,,,,,,
2004,9,1,,,,,,,19.0,1339.0,1335.0,0.0,,,,,,,71.96,78.08,66.02,0.0,,280.0,290.0,,,0.0,,45.0,63.0,,,1.0,-9999.0,,,,,1.0,,,,1.0,,-9999.0,,,,
2004,9,2,,,,,,,,,,0.0,,,,,,,,32.0,32.0,,,,,,,0.0,,,,,,0.0,-9.0,,,,,0.0,,,,,,-9.0,,,,
2004,9,3,,,,,,,34.0,256.0,255.0,0.0,,,,,,,71.96,78.08,66.02,0.0,,170.0,160.0,,,0.0,,76.0,94.0,,,1.0,999.0,,,,,1.0,,,,1.0,,999.0,,,,
2004,9,4,,,,,,,,,,0.0,,,,,,,,,,,,,,,,0.0,,,,,,,-999.0,,,,,,,,,,,-999.0,,,,
2004,9,5,,,,,,,,,,,,,,,,,,,,,,,,,,,,,,,,,,,,,,9.0,,,,,,,,,,
2004,9,6,,,,,,,23.0,1250.0,1250.0,0.0,,,,,,,71.06,78.08,62.959999999999994,0.0,,290.0,290.0,,,0.0,,72.0,80.0,,,9999.0,9999.0,,,,,1.0,,,,9999.0,,9999.0,,,,
2004,9,7,,,,,,,,,,0.0,,,,,,,,,,,,,,,,0.0,,,,,,-99.0,-99.0,,,,,0.0,,,,-99.0,,-99.0,,,,
2004,9,8,,,,,,,,,,,,,,,,,,,,,,,,,,,,,,,,99.0,99.0,,,,,,,,,99.0,,99.0,,,,
2004,9,9,,,,,,,19.0,1243.0,1240.0,0.0,,,,,,,75.02,82.04,68.0,0.0,,240.0,230.0,,,0.0,,58.0,72.0,,,-9999.0,-9999.0,,,,,-9999.0,,,,-9999.0,,-9999.0,,,,
2004,9,10,,,,,,,,,,0.0,,,,,,,,32.0,32.0,,,,,,,0.0,,,,,,,,,,,,,,,,,,-9.0,,,,
2004,9,11,,,,,,,24.0,248.0,122.0,0.0,,,,,,,75.92,82.04,69.08,0.0,,290.0,290.0,,,0.0,,54.0,63.0,,,1.0,1.0,,,,,1.0,,,,1.0,,999.0,,,,
2004,9,12,,,,,,,,,,0.0,,,,,,,,,,,,,,,,0.0,,,,,,,,,,,,0.0,,,,,,-999.0,,,,
2004,9,14,,,,,,,20.0,1159.0,1159.0,0.0,,,,,,,77.0,80.96,71.96,0.0,,280.0,280.0,,,0.0,,54.0,67.0,,,9999.0,9999.0,,,,,9999.0,,,,9999.0,,9999.0,,,,
2004,9,15,,,,,,,,,,0.0,,,,,,,,,,,,,,,,0.0,,,,,,,-99.0,,,,,,,,,,,-99.0,,,,
2004,9,16,,,,,,,,,,,,,,,,,,,,,,,,,,,,,,,,,99.0,,,,,,,,,,,99.0,,,,
2004,9,17,,,,,,,21.0,1221.0,1445.0,0.0,,,,,,,78.98,84.91999999999999,73.04,0.0,,310.0,290.0,,,0.0,,58.0,67.0,,,-9999.0,-9999.0,,,,,1.0,,,,-9999.0,,-9999.0,,,,
2004,9,18,,,,,,,,,,0.0,,,,,,,,32.0,32.0,,,,,,,0.0,,,,,,-9.0,-9.0,,,,,,,,,-9.0,,-9.0,,,,
2004,9,19,,,,,,,22.0,345.0,417.0,0.0,,,,,,,73.94,78.08,69.08,0.0,,280.0,300.0,,,0.0,,58.0,63.0,,,999.0,999.0,,,,,999.0,,,,999.0,,999.0,,,,
2004,9,20,,,,,,,,,,0.0,,,,,,,,,,,,,,,,0.0,,,,,,-999.0,-999.0,,,,,-999.0,,,,-999.0,,-999.0,,,,
2004,9,22,,,,,,,41.0,556.0,1409.0,0.0,,,,,,,71.96,73.94,69.98,0.0,,180.0,200.0,,,0.0,,63.0,72.0,,,9999.0,9999.0,,,,,9999.0,,,,9999.0,,9999.0,,,,
2004,9,23,,,,,,,,,,0.0,,,,,,,,,,,,,,,,0.0,,,,,,-99.0,-99.0,,,,,-99.0,,,,-99.0,,-99.0,,,,
2004,9,24,,,,,,,,,,,,,,,,,,,,,,,,,,,,,,,,99.0,99.0,,,,,99.0,,,,99.0,,99.0,,,,
2004,9,25,,,,,,,27.0,1338.0,1456.0,0.0,,,,,,,73.94,77.0,69.98,0.0,,290.0,290.0,,,0.0,,67.0,76.0,,,-9999.0,-9999.0,,,,,-9999.0,,,,-9999.0,,-9999.0,,,,
2004,9,26,,,,,,,,,,0.0,,,,,,,,32.0,32.0,,,,,,,0.0,,,,,,-9.0,-9.0,,,,,,,,,-9.0,,-9.0,,,,
2004,9,27,,,,,,,29.0,556.0,602.0,0.0,,,,,,,73.94,78.08,69.98,0.0,,290.0,280.0,,,0.0,,72.0,80.0,,,999.0,999.0,,,,,1.0,,,,999.0,,999.0,,,,
2004,9,28,,,,,,,,,,0.0,,,,,,,,,,,,,,,,0.0,,,,,,-999.0,-999.0,,,,,,,,,-999.0,,-999.0,,,,
2004,9,30,,,,,,,48.0,1733.0,1328.0,0.0,,,,,,,69.08,71.96,66.02,0.0,,290.0,270.0,,,0.0,,76.0,112.0,,,9999.0,9999.0,,,,,9999.0,,,,9999.0,,9999.0,,,,
2004,9,31,,,,,,,,,,0.0,,,,,,,,,,,,,,,,0.0,,,,,,-99.0,-99.0,,,,,-99.0,,,,-99.0,,-99.0,,,,
2004,10,1,,,,,,,28.0,1513.0,1428.0,0.0,,,,,,,69.08,71.96,64.94,0.0,,290.0,300.0,,,0.0,,72.0,89.0,,,-9999.0,-9999.0,,,,,-9999.0,,,,-9999.0,,-9999.0,,,,-9999.0
2004,10,2,,,,,,,,,,0.0,,,,,,,,32.0,32.0,,,,,,,0.0,,,,,,-9.0,-9.0,,,,,,,,,-9.0,,-9.0,,,,-9.0
2004,10,3,,,,,,,27.0,302.0,347.0,0.0,,,,,,,66.92,71.06,62.059999999999995,0.0,,290.0,310.0,,,0.0,,58.0,67.0,,,999.0,999.0,,,,,1.0,,,,999.0,,999.0,,,,999.0
2004,10,4,,,,,,,,,,0.0,,,,,,,,,,,,,,,,0.0,,,,,,-999.0,-999.0,,,,,0.0,,,,-999.0,,-999.0,,,,-999.0
2004,10,6,,,,,,,27.0,1323.0,1342.0,0.0,,,,,,,68.0,71.06,64.04,0.0,,280.0,280.0,,,0.0,,72.0,89.0,,,9999.0,9999.0,,,,,1.0,,,,9999.0,,9999.0,,,,9999.0
2004,10,7,,,,,,,,,,0.0,,,,,,,,,,,,,,,,0.0,,,,,,-99.0,-99.0,,,,,0.0,,,,-99.0,,-99.0,,,,-99.0
2004,10,8,,,,,,,,,,,,,,,,,,,,,,,,,,,,,,,,99.0,99.0,,,,,,,,,99.0,,99.0,,,,99.0
2004,10,9,,,,,,,20.0,1253.0,1140.0,0.0,,,,,,,66.92,71.96,60.980000000000004,-9999.0,,280.0,260.0,,,0.0,,54.0,67.0,,,1.0,-9999.0,,,,,1.0,,,,1.0,,-9999.0,,,,-9999.0
2004,10,10,,,,,,,,,,0.0,,,,,,,,32.0,32.0,-9.0,,,,,,0.0,,,,,,0.0,-9.0,,,,,0.0,,,,,,-9.0,,,,-9.0
2004,10,11,,,,,,,24.0,236.0,236.0,0.0,,,,,,,66.92,71.96,62.059999999999995,999.0,,310.0,300.0,,,0.0,,58.0,67.0,,,1.0,999.0,,,,,1.0,,,,1.0,,999.0,,,,999.0
2004,10,12,,,,,,,,,,0.0,,,,,,,,,,-999.0,,,,,,0.0,,,,,,0.0,,,,,,0.0,,,,,,-999.0,,,,-999.0
2004,10,14,,,,,,,25.0,1019.0,1019.0,0.0,,,,,,,66.02,69.98,62.059999999999995,9999.0,,290.0,290.0,,,0.0,,67.0,72.0,,,1.0,9999.0,,,,,1.0,,,,1.0,,9999.0,,,,9999.0
2004,10,15,,,,,,,,,,0.0,,,,,,,,,,-99.0,,,,,,0.0,,,,,,,-99.0,,,,,,,,,,,-99.0,,,,-99.0
2004,10,16,,,,,,,,,,,,,,,,,,,,99.0,,,,,,,,,,,,99.0,99.0,,,,,99.0,,,,99.0,,99.0,,,,99.0
2004,10,17,,,,,,,17.0,1409.0,1444.0,0.0,,,,,,,66.02,71.06,60.980000000000004,0.0,,240.0,270.0,,,0.0,,54.0,63.0,,,-9999.0,-9999.0,,,,,-9999.0,,,,-9999.0,,-9999.0,,,,-9999.0
2004,10,18,,,,,,,,,,0.0,,,,,,,,32.0,32.0,,,,,,,0.0,,,,,,-9.0,-9.0,,,,,-9.0,,,,-9.0,,-9.0,,,,-9.0
2004,10,19,,,,,,,25.0,237.0,220.0,0.0,,,,,,,69.08,71.96,64.94,0.0,,260.0,260.0,,,0.0,,63.0,76.0,,,999.0,999.0,,,,,999.0,,,,999.0,,999.0,,,,999.0
2004,10,20,,,,,,,,,,0.0,,,,,,,,,,,,,,,,0.0,,,,,,-999.0,-999.0,,,,,-999.0,,,,-999.0,,-999.0,,,,-999.0
2004,10,21,,,,,,,,,,,,,,,,,,,,,,,,,,,,,,,,,,,,,,9.0,,,,,,,,,,
2004,10,22,,,,,,,25.0,1227.0,1133.0,0.0,,,,,,,66.92,71.96,62.059999999999995,0.0,,280.0,280.0,,,0.0,,72.0,80.0,,,9999.0,9999.0,,,,,1.0,,,,9999.0,,9999.0,,,,9999.0
2004,10,23,,,,,,,,,,0.0,,,,,,,,,,,,,,,,0.0,,,,,,-99.0,-99.0,,,,,0.0,,,,-99.0,,-99.0,,,,-99.0
2004,10,24,,,,,,,,,,,,,,,,,,,,,,,,,,,,,,,,99.0,99.0,,,,,,,,,99.0,,99.0,,,,99.0
2004,10,25,,,,,,,26.0,2326.0,1259.0,0.0,,,,,,,66.92,69.98,64.04,0.0,,130.0,210.0,,,0.0,,54.0,63.0,,,-9999.0,-9999.0,,,,,-9999.0,,,,-9999.0,,-9999.0,,,,-9999.0
2004,10,26,,,,,,,,,,0.0,,,,,,,,32.0,32.0,,,,,,,0.0,,,,,,-9.0,-9.0,,,,,-9.0,,,,-9.0,,,,,,-9.0
2004,10,27,,,,,,,46.0,622.0,622.0,23.0,,,,,,,68.0,71.06,64.94,0.0,,230.0,220.0,,,0.0,,80.0,98.0,,,999.0,999.0,,,,,999.0,,,,999.0,,1.0,,,,999.0
2004,10,28,,,,,,,,,,,,,,,,,,,,,,,,,,0.0,,,,,,-999.0,-999.0,,,,,-999.0,,,,-999.0,,0.0,,,,-999.0
2004,10,29,,,,,,,,,,,,,,,,,,,,,,,,,,,,,,,,9.0,,,,,,,,,,9.0,,,,,,
2004,10,30,,,,,,,50.0,1210.0,1242.0,147.0,,,,,,,66.92,69.08,64.04,0.0,,170.0,180.0,,,0.0,,103.0,125.0,,,1.0,9999.0,,,,,9999.0,,,,1.0,,1.0,,,,9999.0
2004,10,31,,,,,,,,,,,,,,,,,,,,,,,,,,0.0,,,,,,0.0,-99.0,,,,,-99.0,,,,,,0.0,,,,
2004,11,1,,,,,,,21.0,1428.0,1428.0,0.0,,,,,,,64.94,73.94,55.94,0.0,,290.0,290.0,,,0.0,,63.0,67.0,,,-9999.0,-9999.0,-9999.0,,,,-9999.0,,,-9999.0,-9999.0,,-9999.0,,,,
2004,11,2,,,,,,,,,,0.0,,,,,,,,32.0,32.0,,,,,,,0.0,,,,,,-9.0,-9.0,-9.0,,,,-9.0,,,-9.0,-9.0,,-9.0,,,,
2004,11,3,,,,,,,19.0,346.0,345.0,0.0,,,,,,,62.059999999999995,71.06,53.06,0.0,,290.0,300.0,,,0.0,,67.0,76.0,,,999.0,999.0,999.0,,,,999.0,,,999.0,999.0,,999.0,,,,
2004,11,4,,,,,,,,,,0.0,,,,,,,,,,,,,,,,0.0,,,,,,-999.0,-999.0,-999.0,,,,-999.0,,,-999.0,-999.0,,-999.0,,,,
2004,11,6,,,,,,,29.0,1350.0,1349.0,0.0,,,,,,,60.08,64.04,55.04,0.0,,280.0,290.0,,,0.0,,63.0,72.0,,,9999.0,9999.0,9999.0,,,,9999.0,,,9999.0,9999.0,,9999.0,,,,
2004,11,7,,,,,,,,,,0.0,,,,,,,,,,,,,,,,0.0,,,,,,-99.0,-99.0,-99.0,,,,-99.0,,,-99.0,-99.0,,-99.0,,,,
2004,11,8,,,,,,,,,,,,,,,,,,,,,,,,,,,,,,,,99.0,99.0,99.0,,,,99.0,,,99.0,99.0,,99.0,,,,
2004,11,9,,,,,,,16.0,1458.0,1403.0,0.0,,,,,,,60.08,69.08,51.08,0.0,,290.0,290.0,,,0.0,,45.0,58.0,,,-9999.0,-9999.0,-9999.0,,,,-9999.0,,,-9999.0,-9999.0,,-9999.0,,,,
2004,11,10,,,,,,,,,,0.0,,,,,,,,32.0,32.0,,,,,,,0.0,,,,,,,-9.0,-9.0,,,,-9.0,,,-9.0,,,,,,,
2004,11,11,,,,,,,16.0,842.0,842.0,30.0,,,,,,,60.980000000000004,64.94,57.02,0.0,,230.0,230.0,,,0.0,,67.0,72.0,,,1.0,999.0,999.0,,,,999.0,,,999.0,1.0,,1.0,,,,
2004,11,12,,,,,,,,,,0.0,,,,,,,,,,,,,,,,0.0,,,,,,,-999.0,-999.0,,,,-999.0,,,-999.0,,,0.0,,,,
2004,11,14,,,,,,,20.0,1523.0,1313.0,0.0,,,,,,,62.059999999999995,66.02,57.02,9999.0,,290.0,290.0,,,0.0,,67.0,80.0,,,9999.0,9999.0,9999.0,,,,9999.0,,,9999.0,9999.0,,9999.0,,,,
2004,11,15,,,,,,,,,,0.0,,,,,,,,,,-99.0,,,,,,0.0,,,,,,-99.0,-99.0,-99.0,,,,,,,-99.0,-99.0,,-99.0,,,,
2004,11,16,,,,,,,,,,,,,,,,,,,,99.0,,,,,,,,,,,,99.0,99.0,99.0,,,,,,,99.0,99.0,,99.0,,,,
2004,11,17,,,,,,,23.0,1518.0,1501.0,0.0,,,,,,,62.059999999999995,68.0,55.94,-9999.0,,290.0,300.0,,,0.0,,72.0,89.0,,,1.0,-9999.0,-9999.0,,,,1.0,,,-9999.0,1.0,,-9999.0,,,,
2004,11,18,,,,,,,,,,0.0,,,,,,,,32.0,32.0,-9.0,,,,,,0.0,,,,,,,-9.0,-9.0,,,,,,,-9.0,,,,,,,
2004,11,19,,,,,,,21.0,557.0,602.0,,,,,,,,62.959999999999994,66.92,57.92,999.0,,290.0,280.0,,,0.0,,63.0,72.0,,,999.0,999.0,999.0,,,,999.0,,,999.0,999.0,,1.0,,,,
2004,11,20,,,,,,,,,,,,,,,,,,,,-999.0,,,,,,0.0,,,,,,-999.0,-999.0,-999.0,,,,,,,-999.0,-999.0,,0.0,,,,
2004,11,22,,,,,,,25.0,1550.0,1556.0,0.0,,,,,,,64.04,75.02,53.06,9999.0,,320.0,330.0,,,0.0,,72.0,89.0,,,9999.0,9999.0,9999.0,,,,1.0,,,9999.0,9999.0,,9999.0,,,,
2004,11,23,,,,,,,,,,0.0,,,,,,,,,,,,,,,,0.0,,,,,,-99.0,-99.0,-99.0,,,,,,,-99.0,-99.0,,-99.0,,,,
2004,11,24,,,,,,,,,,,,,,,,,,,,,,,,,,,,,,,,99.0,99.0,99.0,,,,99.0,,,99.0,99.0,,99.0,,,,
2004,11,25,,,,,,,15.0,1508.0,1353.0,0.0,,,,,,,64.94,73.04,55.94,-9999.0,,290.0,260.0,,,0.0,,40.0,58.0,,,-9999.0,-9999.0,-9999.0,,,,-9999.0,,,-9999.0,-9999.0,,-9999.0,,,,
2004,11,26,,,,,,,,,,0.0,,,,,,,,32.0,32.0,-9.0,,,,,,0.0,,,,,,-9.0,-9.0,-9.0,,,,,,,-9.0,-9.0,,-9.0,,,,
2004,11,27,,,,,,,12.0,313.0,313.0,0.0,,,,,,,64.04,71.06,55.94,999.0,,300.0,300.0,,,0.0,,58.0,67.0,,,999.0,999.0,999.0,,,,1.0,,,999.0,999.0,,999.0,,,,
2004,11,28,,,,,,,,,,0.0,,,,,,,,,,-999.0,,,,,,0.0,,,,,,,-999.0,-999.0,,,,0.0,,,-999.0,,,-999.0,,,,
2004,11,29,,,,,,,,,,,,,,,,,,,,,,,,,,,,,,,,,9.0,,,,,,,,,,,,,,,
2004,11,30,,,,,,,22.0,1512.0,1543.0,0.0,,,,,,,60.08,64.94,53.96,9999.0,,200.0,210.0,,,0.0,,54.0,58.0,,,1.0,1.0,9999.0,,,,1.0,,,9999.0,1.0,,9999.0,,,,
2004,11,31,,,,,,,,,,0.0,,,,,,,,,,-99.0,,,,,,0.0,,,,,,,,-99.0,,,,0.0,,,-99.0,,,-99.0,,,,
2004,12,1,,,,,,,16.0,1419.0,1439.0,0.0,,,,,,,51.98,60.980000000000004,42.08,0.0,,290.0,290.0,,,0.0,,63.0,67.0,,,-9999.0,-9999.0,-9999.0,,,,-9999.0,,,,-9999.0,,-9999.0,,-9999.0,,-9999.0
2004,12,2,,,,,,,,,,0.0,,,,,,,,32.0,32.0,,,,,,,0.0,,,,,,-9.0,-9.0,-9.0,,,,-9.0,,,,-9.0,,-9.0,,-9.0,,-9.0
2004,12,3,,,,,,,15.0,432.0,442.0,0.0,,,,,,,62.059999999999995,60.980000000000004,42.980000000000004,999.0,,290.0,290.0,,,0.0,,63.0,67.0,,,999.0,999.0,999.0,,,,999.0,,,,999.0,,999.0,,999.0,,999.0
2004,12,4,,,,,,,,,,0.0,,,,,,,,,,,,,,,,0.0,,,,,,-999.0,-999.0,-999.0,,,,-999.0,,,,-999.0,,-999.0,,-999.0,,-999.0
2004,12,5,,,,,,,,,,,,,,,,,,,,,,,,,,,,,,,,9.0,,,,,,,,,,9.0,,9.0,,,,
2004,12,6,,,,,,,21.0,1459.0,1457.0,114.0,,,,,,,51.98,57.92,46.04,0.0,,140.0,140.0,,,0.0,,54.0,63.0,,,1.0,9999.0,9999.0,,,,9999.0,,,,1.0,,1.0,,9999.0,,9999.0
2004,12,7,,,,,,,,,,0.0,,,,,,,,,,,,,,,,0.0,,,,,,0.0,-99.0,-99.0,,,,-99.0,,,,,,0.0,,-99.0,,-99.0
2004,12,8,,,,,,,,,,,,,,,,,,,,,,,,,,,,,,,,,99.0,99.0,,,,99.0,,,,,,,,99.0,,99.0
2004,12,9,,,,,,,13.0,1300.0,1300.0,0.0,,,,,,,55.94,60.980000000000004,50.0,0.0,,230.0,260.0,,,0.0,,54.0,72.0,,,-9999.0,-9999.0,-9999.0,,,,-9999.0,,,,-9999.0,,-9999.0,,-9999.0,,-9999.0
2004,12,10,,,,,,,,,,0.0,,,,,,,,32.0,32.0,,,,,,,0.0,,,,,,-9.0,-9.0,-9.0,,,,,,,,-9.0,,-9.0,,-9.0,,-9.0
2004,12,11,,,,,,,16.0,302.0,302.0,0.0,,,,,,,55.04,59.0,50.0,0.0,,110.0,110.0,,,0.0,,63.0,67.0,,,999.0,999.0,999.0,,,,1.0,,,,999.0,,999.0,,999.0,,999.0
2004,12,12,,,,,,,,,,,,,,,,,,,,,,,,,,0.0,,,,,,,-999.0,-999.0,,,,0.0,,,,,,,,-999.0,,-999.0
2004,12,14,,,,,,,26.0,1525.0,1356.0,0.0,,,,,,,57.92,64.04,51.08,0.0,,300.0,290.0,,,0.0,,67.0,76.0,,,1.0,9999.0,9999.0,,,,1.0,,,,1.0,,9999.0,,9999.0,,9999.0
2004,12,15,,,,,,,,,,0.0,,,,,,,,,,,,,,,,0.0,,,,,,0.0,-99.0,-99.0,,,,0.0,,,,,,-99.0,,-99.0,,-99.0
2004,12,16,,,,,,,,,,,,,,,,,,,,,,,,,,,,,,,,,99.0,99.0,,,,,,,,,,99.0,,99.0,,99.0
2004,12,17,,,,,,,13.0,932.0,1106.0,0.0,,,,,,,59.0,64.04,53.06,0.0,,180.0,170.0,,,0.0,,54.0,67.0,,,1.0,1.0,-9999.0,,,,-9999.0,,,,1.0,,-9999.0,,1.0,,-9999.0
2004,12,18,,,,,,,,,,0.0,,,,,,,,32.0,32.0,,,,,,,0.0,,,,,,0.0,,-9.0,,,,,,,,,,-9.0,,,,-9.0
2004,12,19,,,,,,,18.0,703.0,404.0,0.0,,,,,,,57.02,60.980000000000004,53.06,0.0,,280.0,250.0,,,0.0,,40.0,54.0,,,1.0,1.0,999.0,,,,1.0,,,,1.0,,999.0,,999.0,,999.0
2004,12,20,,,,,,,,,,0.0,,,,,,,,,,,,,,,,0.0,,,,,,0.0,,-999.0,,,,0.0,,,,,,-999.0,,-999.0,,-999.0
2004,12,21,,,,,,,,,,,,,,,,,,,,,,,,,,,,,,,,,9.0,,,,,,,,,,,,,,,9.0
2004,12,22,,,,,,,19.0,1438.0,1017.0,0.0,,,,,,,60.08,69.98,50.0,0.0,,290.0,310.0,,,0.0,,54.0,63.0,,,1.0,1.0,9999.0,,,,1.0,,,,1.0,,9999.0,,9999.0,,1.0
2004,12,23,,,,,,,,,,0.0,,,,,,,,,,,,,,,,0.0,,,,,,0.0,,-99.0,,,,0.0,,,,,,-99.0,,-99.0,,
2004,12,24,,,,,,,,,,,,,,,,,,,,,,,,,,,,,,,,,,99.0,,,,,,,,,,99.0,,99.0,,99.0
2004,12,25,,,,,,,10.0,1350.0,1924.0,0.0,,,,,,,62.959999999999994,75.92,50.0,0.0,,200.0,240.0,,,0.0,,45.0,54.0,,,1.0,1.0,-9999.0,,,,-9999.0,,,,1.0,,-9999.0,,-9999.0,,-9999.0
2004,12,26,,,,,,,,,,0.0,,,,,,,,32.0,32.0,,,,,,,0.0,,,,,,,,-9.0,,,,-9.0,,,,,,-9.0,,-9.0,,-9.0
2004,12,27,,,,,,,22.0,450.0,445.0,0.0,,,,,,,66.02,77.0,53.96,0.0,,40.0,30.0,,,0.0,,98.0,125.0,,,999.0,999.0,999.0,,,,999.0,,,,999.0,,999.0,,999.0,,999.0
2004,12,28,,,,,,,,,,0.0,,,,,,,,,,,,,,,,0.0,,,,,,-999.0,-999.0,-999.0,,,,-999.0,,,,-999.0,,-999.0,,-999.0,,-999.0
2004,12,30,,,,,,,13.0,1419.0,1337.0,0.0,,,,,,,64.04,77.0,51.08,0.0,,310.0,320.0,,,0.0,,63.0,72.0,,,9999.0,9999.0,9999.0,,,,9999.0,,,,9999.0,,9999.0,,9999.0,,9999.0
2004,12,31,,,,,,,,,,0.0,,,,,,,,,,,,,,,,0.0,,,,,,-99.0,-99.0,-99.0,,,,-99.0,,,,-99.0,,-99.0,,-99.0,,-99.0
2005,1,1,,,,,,,12.0,1436.0,1436.0,0.0,,,,,,,53.96,60.980000000000004,46.94,0.0,,290.0,290.0,,,0.0,,63.0,67.0,,,1.0,,-9999.0,,,,-9999.0,,,,1.0,-9999.0,-9999.0,,,,-9999.0
2005,1,2,,,,,,,,,,0.0,,,,,,,,32.0,32.0,,,,,,,0.0,,,,,,,,-9.0,,,,-9.0,,,,,-9.0,-9.0,,,,-9.0
2005,1,3,,,,,,,21.0,449.0,121.0,0.0,,,,,,,53.06,59.0,46.94,0.0,,180.0,110.0,,,0.0,,58.0,67.0,,,999.0,,999.0,,,,999.0,,,,999.0,999.0,999.0,,,,999.0
2005,1,4,,,,,,,,,,,,,,,,,,,,,,,,,,0.0,,,,,,,,-999.0,,,,-999.0,,,,,-999.0,,,,,-999.0
2005,1,5,,,,,,,,,,,,,,,,,,,,,,,,,,,,,,,,,,9.0,,,,9.0,,,,,,,,,,
2005,1,6,,,,,,,32.0,1240.0,452.0,152.0,,,,,,,51.08,53.96,46.94,0.0,,280.0,240.0,,,0.0,,72.0,89.0,,,1.0,,1.0,,,,1.0,,,,1.0,9999.0,1.0,,,,9999.0
2005,1,7,,,,,,,,,,0.0,,,,,,,,,32.0,,,,,,,0.0,,,,,,,,,,,,,,,,,-99.0,,,,,-99.0
2005,1,8,,,,,,,,,,,,,,,,,,,,,,,,,,,,,,,,99.0,,99.0,,,,99.0,,,,99.0,99.0,99.0,,,,99.0
2005,1,9,,,,,,,12.0,1402.0,1402.0,0.0,,,,,,,51.98,59.0,44.96,0.0,,320.0,320.0,,,0.0,,58.0,67.0,,,-9999.0,,-9999.0,,,,-9999.0,,,,-9999.0,-9999.0,-9999.0,,,,-9999.0
2005,1,10,,,,,,,,,,0.0,,,,,,,,32.0,32.0,,,,,,,0.0,,,,,,,,-9.0,,,,-9.0,,,,,-9.0,,,,,-9.0
2005,1,11,,,,,,,54.0,346.0,401.0,145.0,,,,,,,53.06,55.94,50.0,0.0,,160.0,160.0,,,0.0,,125.0,143.0,,,1.0,,999.0,,,,999.0,,,,1.0,999.0,1.0,,,,999.0
2005,1,12,,,,,,,,,,,,,,,,,,,,,,,,,,0.0,,,,,,0.0,,-999.0,,,,,,,,,,0.0,,,,-999.0
2005,1,13,,,,,,,,,,,,,,,,,,,,,,,,,,,,,,,,,,,,,,,,,,,,,,,,9.0
2005,1,14,,,,,,,46.0,1730.0,1729.0,193.0,,,,,,,62.059999999999995,64.04,60.08,0.0,,250.0,250.0,,,0.0,,89.0,107.0,,,1.0,,9999.0,,,,9999.0,,,,1.0,9999.0,1.0,,,,1.0
2005,1,15,,,,,,,,,,0.0,,,,,,,,,,,,,,,,0.0,,,,,,0.0,,-99.0,,,,-99.0,,,,,-99.0,0.0,,,,
2005,1,16,,,,,,,,,,,,,,,,,,,,,,,,,,,,,,,,,,99.0,,,,99.0,,,,,99.0,,,,,
2005,1,17,,,,,,,64.0,356.0,355.0,206.0,,,,,,,57.02,60.980000000000004,53.06,0.0,,180.0,180.0,,,0.0,,107.0,130.0,,,1.0,,-9999.0,,,,-9999.0,,,,1.0,-9999.0,1.0,,,,-9999.0
2005,1,18,,,,,,,,,,0.0,,,,,,,,32.0,32.0,,,,,,,0.0,,,,,,,,-9.0,,,,-9.0,,,,,-9.0,0.0,,,,-9.0
2005,1,19,,,,,,,21.0,350.0,350.0,,,,,,,,55.94,62.059999999999995,50.0,0.0,,280.0,280.0,,,0.0,,63.0,76.0,,,999.0,,999.0,,,,999.0,,,,999.0,999.0,1.0,,,,999.0
2005,1,20,,,,,,,,,,0.0,,,,,,,,,,,,,,,,0.0,,,,,,-999.0,,-999.0,,,,-999.0,,,,-999.0,-999.0,,,,,-999.0
2005,1,21,,,,,,,,,,,,,,,,,,,,,,,,,,,,,,,,,,,,,,9.0,,,,,,,,,,
2005,1,22,,,,,,,11.0,1434.0,1434.0,0.0,,,,,,,57.02,64.94,48.92,0.0,,290.0,290.0,,,0.0,,58.0,63.0,,,9999.0,,9999.0,,,,1.0,,,,9999.0,9999.0,9999.0,,,,9999.0
2005,1,23,,,,,,,,,,0.0,,,,,,,,,32.0,,,,,,,0.0,,,,,,-99.0,,-99.0,,,,0.0,,,,-99.0,-99.0,-99.0,,,,-99.0
2005,1,24,,,,,,,,,,,,,,,,,,,,,,,,,,,,,,,,99.0,,99.0,,,,,,,,99.0,99.0,99.0,,,,99.0
2005,1,25,,,,,,,14.0,1757.0,1756.0,0.0,,,,,,,62.059999999999995,75.92,46.94,0.0,,300.0,310.0,,,0.0,,54.0,63.0,,,-9999.0,,-9999.0,,,,-9999.0,,,,-9999.0,-9999.0,-9999.0,,,,-9999.0
2005,1,26,,,,,,,,,,0.0,,,,,,,,32.0,32.0,,,,,,,0.0,,,,,,-9.0,,-9.0,,,,-9.0,,,,-9.0,-9.0,-9.0,,,,-9.0
2005,1,27,,,,,,,13.0,532.0,532.0,0.0,,,,,,,64.94,78.98,50.0,0.0,,290.0,290.0,,,0.0,,58.0,67.0,,,999.0,,999.0,,,,999.0,,,,999.0,999.0,999.0,,,,999.0
2005,1,28,,,,,,,,,,0.0,,,,,,,,,,,,,,,,0.0,,,,,,-999.0,,-999.0,,,,-999.0,,,,-999.0,-999.0,-999.0,,,,-999.0
2005,1,29,,,,,,,,,,,,,,,,,,,,9.0,,,,,,,,,,,,,,,,,,,,,,,,,,,,
2005,1,30,,,,,,,16.0,1305.0,1302.0,0.0,,,,,,,71.06,87.08000000000001,53.96,0.0,,70.0,70.0,,,0.0,,67.0,80.0,,,9999.0,,9999.0,,,,9999.0,,,,9999.0,9999.0,9999.0,,,,9999.0
2005,1,31,,,,,,,,,,0.0,,,,,,,,,,,,,,,,0.0,,,,,,-99.0,,-99.0,,,,-99.0,,,,-99.0,-99.0,-99.0,,,,-99.0
2005,2,1,,,,,,,19.0,1426.0,1631.0,0.0,,,,,,,59.0,69.08,48.02,0.0,,300.0,300.0,,,0.0,,67.0,76.0,,,-9999.0,,-9999.0,,,,-9999.0,,,,-9999.0,,-9999.0,,,,-9999.0
2005,2,2,,,,,,,,,,0.0,,,,,,,,32.0,32.0,,,,,,,0.0,,,,,,-9.0,,-9.0,,,,-9.0,,,,-9.0,,-9.0,,,,-9.0
2005,2,3,,,,,,,33.0,630.0,630.0,0.0,,,,,,,62.059999999999995,73.04,50.0,999.0,,80.0,70.0,,,0.0,,103.0,130.0,,,999.0,,999.0,,,,999.0,,,,999.0,,999.0,,,,999.0
2005,2,4,,,,,,,,,,0.0,,,,,,,,,,-999.0,,,,,,0.0,,,,,,-999.0,,-999.0,,,,-999.0,,,,-999.0,,-999.0,,,,-999.0
2005,2,5,,,,,,,,,,,,,,,,,,,,9.0,,,,,,,,,,,,,,,,,,,,,,,,,,,,
2005,2,6,,,,,,,26.0,1601.0,1556.0,0.0,,,,,,,62.959999999999994,73.94,51.08,0.0,,330.0,320.0,,,0.0,,80.0,98.0,,,9999.0,,9999.0,,,,9999.0,,,,9999.0,,9999.0,,,,9999.0
2005,2,7,,,,,,,,,,0.0,,,,,,,,,32.0,,,,,,,0.0,,,,,,-99.0,,-99.0,,,,-99.0,,,,-99.0,,-99.0,,,,-99.0
2005,2,8,,,,,,,,,,,,,,,,,,,,,,,,,,,,,,,,99.0,,99.0,,,,99.0,,,,99.0,,99.0,,,,99.0
2005,2,9,,,,,,,36.0,1124.0,1101.0,0.0,,,,,,,57.92,60.08,55.94,0.0,,230.0,220.0,,,0.0,,76.0,94.0,,,-9999.0,,-9999.0,,,,-9999.0,,,,-9999.0,,1.0,,,,-9999.0
2005,2,10,,,,,,,,,,,,,,,,,,32.0,32.0,,,,,,,0.0,,,,,,-9.0,,-9.0,,,,,,,,-9.0,,0.0,,,,-9.0
2005,2,11,,,,,,,28.0,402.0,526.0,5.0,,,,,,,57.92,62.059999999999995,53.96,0.0,,220.0,240.0,,,0.0,,54.0,63.0,,,999.0,,999.0,,,,1.0,,,,999.0,,1.0,,,,999.0
2005,2,12,,,,,,,,,,0.0,,,,,,,,,,,,,,,,0.0,,,,,,-999.0,,-999.0,,,,,,,,-999.0,,,,,,-999.0
2005,2,13,,,,,,,,,,,,,,,,,,,,,,,,,,,,,,,,,,,,,,9.0,,,,,,,,,,
2005,2,14,,,,,,,15.0,1318.0,1317.0,0.0,,,,,,,60.980000000000004,69.98,51.08,0.0,,310.0,310.0,,,0.0,,63.0,67.0,,,9999.0,,9999.0,,,,1.0,,,,9999.0,,9999.0,,,,9999.0
2005,2,15,,,,,,,,,,0.0,,,,,,,,,,,,,,,,0.0,,,,,,-99.0,,-99.0,,,,,,,,-99.0,,,,,,-99.0
2005,2,16,,,,,,,,,,,,,,,,,,,,,,,,,,,,,,,,99.0,,99.0,,,,99.0,,,,99.0,,,,,,99.0
2005,2,17,,,,,,,52.0,2023.0,1956.0,302.0,,,,,,,60.980000000000004,66.92,55.04,0.0,,160.0,170.0,,,0.0,,89.0,112.0,,,1.0,,-9999.0,,,,1.0,,,,1.0,,1.0,,,,1.0
2005,2,18,,,,,,,,,,0.0,,,,,,,,32.0,32.0,,,,,,,0.0,,,,,,0.0,,-9.0,,,,,,,,,,0.0,,,,
2005,2,19,,,,,,,42.0,104.0,26.0,64.0,,,,,,,59.0,60.980000000000004,55.94,0.0,,200.0,220.0,,,0.0,,80.0,103.0,,,1.0,,999.0,,,,999.0,,,,1.0,,1.0,,,,999.0
2005,2,20,,,,,,,,,,0.0,,,,,,,,,,,,,,,,0.0,,,,,,0.0,,-999.0,,,,-999.0,,,,,,0.0,,,,-999.0
2005,2,21,,,,,,,,,,,,,,,,,,,,,,,,,,,,,,,,,,,,,,9.0,,,,,,,,,,
2005,2,22,,,,,,,16.0,1415.0,1415.0,0.0,,,,,,,59.0,62.959999999999994,55.04,0.0,,280.0,270.0,,,0.0,,54.0,58.0,,,1.0,,9999.0,,,,1.0,,,,1.0,,9999.0,,,,9999.0
2005,2,23,,,,,,,,,,0.0,,,,,,,,,,,,,,,,0.0,,,,,,,,-99.0,,,,,,,,,,,,,,-99.0
2005,2,24,,,,,,,,,,,,,,,,,,,,,,,,,,,,,,,,99.0,,99.0,,,,99.0,,,,99.0,,,,,,99.0
2005,2,25,,,,,,,17.0,1358.0,1357.0,0.0,,,,,,,60.980000000000004,69.98,51.08,0.0,,300.0,300.0,,,0.0,,58.0,67.0,,,1.0,,-9999.0,,,,-9999.0,,,,1.0,,-9999.0,,,,-9999.0
2005,2,26,,,,,,,,,,0.0,,,,,,,,32.0,32.0,,,,,,,0.0,,,,,,0.0,,-9.0,,,,-9.0,,,,,,,,,,
2005,2,27,,,,,,,17.0,240.0,259.0,10.0,,,,,,,62.059999999999995,68.0,55.04,0.0,,210.0,210.0,,,0.0,,63.0,72.0,,,1.0,,999.0,,,,999.0,,,,1.0,,1.0,,,,1.0
2005,2,28,,,,,,,,,,,,,,,,,,,,,,,,,,0.0,,,,,,0.0,,-999.0,,,,-999.0,,,,,,0.0,,,,
2005,2,30,,,,,,,51.0,1104.0,1327.0,28.0,,,,,,,62.059999999999995,64.04,59.0,0.0,,170.0,170.0,,,0.0,,103.0,130.0,,,1.0,,9999.0,,,,9999.0,,,,1.0,,1.0,,,,9999.0
2005,2,31,,,,,,,,,,0.0,,,,,,,,,,,,,,,,0.0,,,,,,,,-99.0,,,,-99.0,,,,,,0.0,,,,-99.0
2005,3,1,,,,,,,33.0,1514.0,1535.0,0.0,,,,,,,62.059999999999995,64.94,57.92,,,290.0,310.0,,,0.0,,67.0,76.0,,,-9999.0,,,,,,-9999.0,,,,-9999.0,-9999.0,-9999.0,,,,-9999.0
2005,3,2,,,,,,,,,,0.0,,,,,,,,32.0,32.0,,,,,,,0.0,,,,,,-9.0,,,,,,-9.0,,,,-9.0,-9.0,,,,,-9.0
2005,3,3,,,,,,,31.0,433.0,426.0,,,,,,,,60.980000000000004,64.94,57.02,,,280.0,290.0,,,0.0,,67.0,80.0,,,999.0,,,,,,999.0,,,,999.0,999.0,1.0,,,,999.0
2005,3,4,,,,,,,,,,0.0,,,,,,,,,,,,,,,,0.0,,,,,,-999.0,,,,,,-999.0,,,,-999.0,-999.0,0.0,,,,-999.0
2005,3,5,,,,,,,,,,,,,,,,,,,,,,,,,,,,,,,,9.0,,,,,,,,,,9.0,,,,,,9.0
2005,3,6,,,,,,,36.0,2311.0,2040.0,284.0,,,,,,,59.0,62.059999999999995,55.04,,,180.0,200.0,,,0.0,,72.0,94.0,,,1.0,,,,,,9999.0,,,,1.0,9999.0,1.0,,,,1.0
2005,3,7,,,,,,,,,,0.0,,,,,,,,,,,,,,,,0.0,,,,,,0.0,,,,,,-99.0,,,,,-99.0,0.0,,,,
2005,3,8,,,,,,,,,,,,,,,,,,,,,,,,,,,,,,,,,,,,,,99.0,,,,,99.0,,,,,99.0
2005,3,9,,,,,,,20.0,1713.0,1339.0,0.0,,,,,,,60.08,64.04,55.94,,,290.0,270.0,,,0.0,,54.0,72.0,,,-9999.0,,,,,,-9999.0,,,,-9999.0,-9999.0,1.0,,,,-9999.0
2005,3,10,,,,,,,,,,,,,,,,,,32.0,32.0,,,,,,,0.0,,,,,,-9.0,,,,,,,,,,-9.0,-9.0,,,,,-9.0
2005,3,11,,,,,,,21.0,410.0,603.0,0.0,,,,,,,60.980000000000004,66.92,55.04,,,290.0,290.0,,,0.0,,63.0,67.0,,,999.0,,,,,,1.0,,,,999.0,999.0,999.0,,,,999.0
2005,3,12,,,,,,,,,,0.0,,,,,,,,,,,,,,,,0.0,,,,,,,,,,,,0.0,,,,,-999.0,-999.0,,,,-999.0
2005,3,14,,,,,,,26.0,1525.0,1325.0,0.0,,,,,,,60.980000000000004,64.94,55.94,,,290.0,280.0,,,0.0,,72.0,80.0,,,1.0,,,,,,1.0,,,,1.0,9999.0,9999.0,,,,9999.0
2005,3,15,,,,,,,,,,0.0,,,,,,,,,,,,,,,,0.0,,,,,,0.0,,,,,,0.0,,,,,-99.0,-99.0,,,,-99.0
2005,3,16,,,,,,,,,,,,,,,,,,,,,,,,,,,,,,,,,,,,,,,,,,,99.0,99.0,,,,99.0
2005,3,17,,,,,,,18.0,1356.0,1005.0,0.0,,,,,,,60.980000000000004,62.959999999999994,57.92,,,180.0,200.0,,,0.0,,40.0,54.0,,,1.0,,,,,,1.0,,,,1.0,-9999.0,-9999.0,,,,-9999.0
2005,3,18,,,,,,,,,,0.0,,,,,,,,32.0,32.0,,,,,,,0.0,,,,,,0.0,,,,,,0.0,,,,,,,,,,-9.0
2005,3,19,,,,,,,21.0,629.0,651.0,,,,,,,,60.980000000000004,62.959999999999994,57.92,,,290.0,280.0,,,0.0,,45.0,58.0,,,1.0,,,,,,1.0,,,,1.0,1.0,1.0,,,,999.0
2005,3,20,,,,,,,,,,0.0,,,,,,,,,,,,,,,,0.0,,,,,,,,,,,,,,,,,,,,,,-999.0
2005,3,21,,,,,,,,,,,,,,,,,,,,,,,,,,,,,,,,9.0,,,,,,9.0,,,,9.0,,9.0,,,,9.0
2005,3,22,,,,,,,23.0,1539.0,1538.0,5.0,,,,,,,60.980000000000004,66.02,55.94,,,290.0,300.0,,,0.0,,80.0,94.0,,,1.0,,,,,,1.0,,,,1.0,9999.0,1.0,,,,1.0
2005,3,23,,,,,,,,,,0.0,,,,,,,,,,,,,,,,0.0,,,,,,,,,,,,,,,,,-99.0,,,,,
2005,3,24,,,,,,,,,,,,,,,,,,,,,,,,,,,,,,,,99.0,,,,,,99.0,,,,99.0,99.0,99.0,,,,99.0
2005,3,25,,,,,,,17.0,1554.0,1610.0,0.0,,,,,,,62.059999999999995,73.04,51.08,,,300.0,310.0,,,0.0,,63.0,72.0,,,-9999.0,,,,,,-9999.0,,,,-9999.0,-9999.0,-9999.0,,,,-9999.0
2005,3,26,,,,,,,,,,0.0,,,,,,,,32.0,32.0,,,,,,,0.0,,,,,,-9.0,,,,,,,,,,-9.0,-9.0,-9.0,,,,-9.0
2005,3,27,,,,,,,29.0,358.0,359.0,0.0,,,,,,,62.059999999999995,66.02,57.02,,,200.0,220.0,,,0.0,,58.0,67.0,,,999.0,,,,,,1.0,,,,999.0,999.0,999.0,,,,999.0
2005,3,28,,,,,,,,,,0.0,,,,,,,,,,,,,,,,0.0,,,,,,-999.0,,,,,,,,,,-999.0,-999.0,,,,,-999.0
2005,3,30,,,,,,,39.0,1702.0,1117.0,15.0,,,,,,,60.08,66.02,53.06,,,250.0,200.0,,,0.0,,76.0,98.0,,,9999.0,,,,,,9999.0,,,,9999.0,9999.0,1.0,,,,9999.0
2005,3,31,,,,,,,,,,0.0,,,,,,,,,,,,,,,,0.0,,,,,,-99.0,,,,,,-99.0,,,,-99.0,-99.0,0.0,,,,-99.0
2005,4,1,,,,,,,31.0,1516.0,1516.0,0.0,,,,,,,66.02,75.92,55.94,,,310.0,300.0,,,0.0,,80.0,94.0,,,-9999.0,,,,,,-9999.0,,,,-9999.0,,-9999.0,,,,-9999.0
2005,4,2,,,,,,,,,,0.0,,,,,,,,32.0,32.0,,,,,,,0.0,,,,,,-9.0,,,,,,-9.0,,,,-9.0,,-9.0,,,,-9.0
2005,4,3,,,,,,,19.0,457.0,535.0,0.0,,,,,,,66.92,77.0,55.94,,,290.0,300.0,,,0.0,,54.0,58.0,,,999.0,,,,,,999.0,,,,999.0,,999.0,,,,999.0
2005,4,4,,,,,,,,,,0.0,,,,,,,,,,,,,,,,0.0,,,,,,-999.0,,,,,,-999.0,,,,-999.0,,-999.0,,,,-999.0
2005,4,5,,,,,,,,,,,,,,,,,,,,,,,,,,,,,,,,,,,,,,,,,,,,9.0,,,,
2005,4,6,,,,,,,41.0,1230.0,1229.0,,,,,,,,60.08,64.04,55.94,,,270.0,270.0,,,0.0,,80.0,103.0,,,9999.0,,,,,,9999.0,,,,9999.0,,1.0,,,,9999.0
2005,4,7,,,,,,,,,,0.0,,,,,,,,,,,,,,,,0.0,,,,,,-99.0,,,,,,-99.0,,,,-99.0,,,,,,-99.0
2005,4,8,,,,,,,,,,,,,,,,,,,,,,,,,,,,,,,,99.0,,,,,,99.0,,,,99.0,,99.0,,,,99.0
2005,4,9,,,,,,,20.0,1611.0,1610.0,0.0,,,,,,,71.96,86.0,57.92,,,300.0,300.0,,,0.0,,72.0,89.0,,,-9999.0,,,,,,-9999.0,,,,-9999.0,,-9999.0,,,,-9999.0
2005,4,10,,,,,,,,,,0.0,,,,,,,,32.0,32.0,,,,,,,0.0,,,,,,-9.0,,,,,,,,,,-9.0,,-9.0,,,,-9.0
2005,4,11,,,,,,,45.0,254.0,400.0,0.0,,,,,,,64.04,69.98,57.02,,,290.0,290.0,,,0.0,,94.0,107.0,,,999.0,,,,,,1.0,,,,999.0,,999.0,,,,999.0
2005,4,12,,,,,,,,,,0.0,,,,,,,,,,,,,,,,0.0,,,,,,-999.0,,,,,,,,,,-999.0,,,,,,-999.0
2005,4,14,,,,,,,42.0,45.0,46.0,0.0,,,,,,,60.08,62.959999999999994,55.94,,,290.0,280.0,,,0.0,,98.0,116.0,,,9999.0,,,,,,9999.0,,,,9999.0,,9999.0,,,,9999.0
2005,4,15,,,,,,,,,,0.0,,,,,,,,,,,,,,,,0.0,,,,,,-99.0,,,,,,-99.0,,,,-99.0,,-99.0,,,,-99.0
2005,4,16,,,,,,,,,,,,,,,,,,,,,,,,,,,,,,,,99.0,,,,,,99.0,,,,99.0,,99.0,,,,99.0
2005,4,17,,,,,,,21.0,1444.0,1443.0,0.0,,,,,,,62.959999999999994,71.06,53.96,,,280.0,280.0,,,0.0,,63.0,72.0,,,-9999.0,,,,,,1.0,,,,-9999.0,,-9999.0,,,,-9999.0
2005,4,18,,,,,,,,,,0.0,,,,,,,,32.0,32.0,,,,,,,0.0,,,,,,,,,,,,0.0,,,,,,-9.0,,,,-9.0
2005,4,19,,,,,,,27.0,322.0,427.0,0.0,,,,,,,62.959999999999994,69.98,55.04,,,290.0,290.0,,,0.0,,72.0,76.0,,,1.0,,,,,,1.0,,,,1.0,,999.0,,,,999.0
2005,4,20,,,,,,,,,,0.0,,,,,,,,,,,,,,,,0.0,,,,,,0.0,,,,,,0.0,,,,,,-999.0,,,,-999.0
2005,4,22,,,,,,,28.0,1253.0,1418.0,0.0,,,,,,,60.980000000000004,66.92,53.96,,,290.0,280.0,,,0.0,,72.0,80.0,,,1.0,,,,,,1.0,,,,1.0,,9999.0,,,,9999.0
2005,4,23,,,,,,,,,,0.0,,,,,,,,,,,,,,,,0.0,,,,,,,,,,,,0.0,,,,,,-99.0,,,,-99.0
2005,4,24,,,,,,,,,,,,,,,,,,,,,,,,,,,,,,,,99.0,,,,,,,,,,99.0,,99.0,,,,99.0
2005,4,25,,,,,,,25.0,1402.0,1306.0,0.0,,,,,,,62.059999999999995,68.0,55.94,,,210.0,170.0,,,0.0,,58.0,72.0,,,-9999.0,,,,,,1.0,,,,-9999.0,,-9999.0,,,,-9999.0
2005,4,26,,,,,,,,,,0.0,,,,,,,,32.0,32.0,,,,,,,0.0,,,,,,,,,,,,0.0,,,,,,-9.0,,,,-9.0
2005,4,27,,,,,,,26.0,523.0,523.0,0.0,,,,,,,60.08,62.959999999999994,57.02,,,230.0,230.0,,,0.0,,54.0,67.0,,,1.0,,,,,,1.0,,,,1.0,,999.0,,,,999.0
2005,4,28,,,,,,,,,,0.0,,,,,,,,,,,,,,,,0.0,,,,,,0.0,,,,,,0.0,,,,,,,,,,-999.0
2005,4,30,,,,,,,41.0,857.0,1144.0,,,,,,,,59.0,60.980000000000004,55.94,,,230.0,200.0,,,0.0,,72.0,80.0,,,9999.0,,,,,,9999.0,,,,9999.0,,1.0,,,,9999.0
2005,4,31,,,,,,,,,,0.0,,,,,,,,,,,,,,,,0.0,,,,,,-99.0,,,,,,-99.0,,,,-99.0,,,,,,-99.0
2005,5,1,,,,,,,28.0,1518.0,1532.0,0.0,,,,,,,62.959999999999994,66.92,59.0,,,280.0,270.0,,,0.0,,72.0,80.0,,,-9999.0,-9999.0,,,,,-9999.0,,,,-9999.0,,-9999.0,,,,
2005,5,2,,,,,,,,,,0.0,,,,,,,,32.0,32.0,,,,,,,0.0,,,,,,-9.0,-9.0,,,,,-9.0,,,,-9.0,,-9.0,,,,
2005,5,3,,,,,,,26.0,312.0,239.0,0.0,,,,,,,64.04,69.08,59.0,,,290.0,290.0,,,0.0,,67.0,89.0,,,999.0,999.0,,,,,999.0,,,,999.0,,999.0,,,,
2005,5,4,,,,,,,,,,0.0,,,,,,,,,,,,,,,,0.0,,,,,,-999.0,-999.0,,,,,-999.0,,,,-999.0,,-999.0,,,,
2005,5,5,,,,,,,,,,,,,,,,,,,,,,,,,,,,,,,,,,,,,,9.0,,,,,,,,,,
2005,5,6,,,,,,,37.0,2315.0,1334.0,0.0,,,,,,,64.04,66.02,60.980000000000004,,,170.0,200.0,,,0.0,,63.0,76.0,,,9999.0,9999.0,,,,,1.0,,,,9999.0,,9999.0,,,,
2005,5,7,,,,,,,,,,0.0,,,,,,,,,,,,,,,,0.0,,,,,,,-99.0,,,,,,,,,,,,,,,
2005,5,8,,,,,,,,,,,,,,,,,,,,,,,,,,,,,,,,,99.0,,,,,99.0,,,,,,,,,,
2005,5,9,,,,,,,41.0,1503.0,1454.0,0.0,,,,,,,64.04,68.0,60.08,,,280.0,270.0,,,0.0,,72.0,103.0,,,-9999.0,-9999.0,,,,,-9999.0,,,,-9999.0,,-9999.0,,,,
2005,5,10,,,,,,,,,,0.0,,,,,,,,32.0,32.0,,,,,,,0.0,,,,,,-9.0,-9.0,,,,,-9.0,,,,-9.0,,-9.0,,,,
2005,5,11,,,,,,,34.0,620.0,619.0,0.0,,,,,,,62.959999999999994,66.92,57.92,,,250.0,250.0,,,0.0,,72.0,94.0,,,999.0,999.0,,,,,999.0,,,,999.0,,999.0,,,,
2005,5,12,,,,,,,,,,0.0,,,,,,,,,,,,,,,,0.0,,,,,,-999.0,-999.0,,,,,-999.0,,,,-999.0,,-999.0,,,,
2005,5,14,,,,,,,35.0,1747.0,1413.0,0.0,,,,,,,64.94,69.98,59.0,,,280.0,280.0,,,0.0,,67.0,80.0,,,9999.0,9999.0,,,,,9999.0,,,,9999.0,,9999.0,,,,
2005,5,15,,,,,,,,,,0.0,,,,,,,,,,,,,,,,0.0,,,,,,-99.0,-99.0,,,,,-99.0,,,,-99.0,,-99.0,,,,
2005,5,16,,,,,,,,,,,,,,,,,,,,,,,,,,,,,,,,99.0,99.0,,,,,99.0,,,,99.0,,99.0,,,,
2005,5,17,,,,,,,26.0,1223.0,1304.0,0.0,,,,,,,62.959999999999994,69.98,55.94,,,290.0,310.0,,,0.0,,72.0,80.0,,,-9999.0,-9999.0,,,,,-9999.0,,,,-9999.0,,-9999.0,,,,
2005,5,18,,,,,,,,,,0.0,,,,,,,,32.0,32.0,,,,,,,0.0,,,,,,-9.0,-9.0,,,,,-9.0,,,,-9.0,,-9.0,,,,
2005,5,19,,,,,,,28.0,201.0,210.0,0.0,,,,,,,66.92,75.92,57.92,,,290.0,290.0,,,0.0,,80.0,94.0,,,999.0,999.0,,,,,999.0,,,,999.0,,999.0,,,,
2005,5,20,,,,,,,,,,0.0,,,,,,,,,,,,,,,,0.0,,,,,,-999.0,-999.0,,,,,,,,,-999.0,,-999.0,,,,
2005,5,21,,,,,,,,,,,,,,,,,,,,,,,,,,,,,,,,9.0,9.0,,,,,,,,,9.0,,,,,,
2005,5,22,,,,,,,21.0,1529.0,1612.0,0.0,,,,,,,71.06,78.98,62.059999999999995,,,290.0,290.0,,,0.0,,58.0,63.0,,,1.0,1.0,,,,,1.0,,,,1.0,,9999.0,,,,
2005,5,23,,,,,,,,,,0.0,,,,,,,,,,,,,,,,0.0,,,,,,0.0,,,,,,0.0,,,,,,-99.0,,,,
2005,5,24,,,,,,,,,,,,,,,,,,,,,,,,,,,,,,,,,99.0,,,,,,,,,,,99.0,,,,
2005,5,25,,,,,,,45.0,1817.0,1822.0,0.0,,,,,,,64.04,66.02,62.059999999999995,,,270.0,250.0,,,0.0,,80.0,94.0,,,-9999.0,-9999.0,,,,,1.0,,,,-9999.0,,1.0,,,,
2005,5,26,,,,,,,,,,,,,,,,,,32.0,32.0,,,,,,,0.0,,,,,,-9.0,-9.0,,,,,,,,,-9.0,,,,,,
2005,5,27,,,,,,,31.0,645.0,545.0,0.0,,,,,,,66.02,69.08,62.059999999999995,,,270.0,260.0,,,0.0,,58.0,72.0,,,999.0,999.0,,,,,999.0,,,,999.0,,999.0,,,,
2005,5,28,,,,,,,,,,0.0,,,,,,,,,,,,,,,,0.0,,,,,,-999.0,-999.0,,,,,-999.0,,,,-999.0,,-999.0,,,,
2005,5,30,,,,,,,30.0,1332.0,1427.0,0.0,,,,,,,68.0,75.02,60.980000000000004,,,290.0,280.0,,,0.0,,80.0,98.0,,,9999.0,9999.0,,,,,9999.0,,,,9999.0,,9999.0,,,,
2005,5,31,,,,,,,,,,0.0,,,,,,,,,,,,,,,,0.0,,,,,,,-99.0,,,,,,,,,,,-99.0,,,,
2005,6,1,,,,,,,30.0,1307.0,1325.0,0.0,,,,,,,66.92,71.96,62.059999999999995,,,200.0,190.0,,,0.0,,63.0,72.0,,,-9999.0,,,,,,-9999.0,,,,-9999.0,-9999.0,-9999.0,,,,
2005,6,2,,,,,,,,,,0.0,,,,,,,,32.0,32.0,,,,,,,0.0,,,,,,-9.0,,,,,,-9.0,,,,-9.0,-9.0,-9.0,,,,
2005,6,3,,,,,,,41.0,335.0,355.0,0.0,,,,,,,64.94,66.92,62.059999999999995,,,180.0,180.0,,,0.0,,67.0,76.0,,,999.0,,,,,,999.0,,,,999.0,999.0,999.0,,,,
2005,6,4,,,,,,,,,,0.0,,,,,,,,,,,,,,,,0.0,,,,,,-999.0,,,,,,-999.0,,,,-999.0,-999.0,,,,,
2005,6,5,,,,,,,,,,,,,,,,,,,,,,,,,,,,,,,,9.0,,,,,,,,,,9.0,,,,,,
2005,6,6,,,,,,,34.0,2241.0,2352.0,0.0,,,,,,,64.94,68.0,60.980000000000004,,,190.0,170.0,,,0.0,,58.0,67.0,,,1.0,,,,,,9999.0,,,,1.0,9999.0,9999.0,,,,
2005,6,7,,,,,,,,,,0.0,,,,,,,,,,,,,,,,0.0,,,,,,,,,,,,-99.0,,,,,-99.0,-99.0,,,,
2005,6,8,,,,,,,,,,,,,,,,,,,,,,,,,,,,,,,,99.0,,,,,,99.0,,,,99.0,99.0,99.0,,,,
2005,6,9,,,,,,,34.0,1556.0,1555.0,0.0,,,,,,,69.98,77.0,62.059999999999995,,,260.0,260.0,,,0.0,,76.0,107.0,,,-9999.0,,,,,,-9999.0,,,,-9999.0,-9999.0,-9999.0,,,,
2005,6,10,,,,,,,,,,0.0,,,,,,,,32.0,32.0,,,,,,,0.0,,,,,,-9.0,,,,,,-9.0,,,,-9.0,-9.0,-9.0,,,,
2005,6,11,,,,,,,38.0,833.0,642.0,0.0,,,,,,,66.02,71.06,60.980000000000004,,,290.0,300.0,,,0.0,,58.0,72.0,,,999.0,,,,,,999.0,,,,999.0,999.0,999.0,,,,
2005,6,12,,,,,,,,,,0.0,,,,,,,,,,,,,,,,0.0,,,,,,-999.0,,,,,,-999.0,,,,-999.0,-999.0,-999.0,,,,
2005,6,13,,,,,,,,,,,,,,,,,,,,,,,,,,,,,,,,,,,,,,,,,,,,9.0,,,,
2005,6,14,,,,,,,36.0,1006.0,1005.0,,,,,,,,64.94,66.92,62.059999999999995,,,200.0,200.0,,,0.0,,67.0,76.0,,,9999.0,,,,,,9999.0,,,,9999.0,9999.0,1.0,,,,
2005,6,15,,,,,,,,,,0.0,,,,,,,,,,,,,,,,0.0,,,,,,-99.0,,,,,,-99.0,,,,-99.0,-99.0,,,,,
2005,6,16,,,,,,,,,,,,,,,,,,,,,,,,,,,,,,,,99.0,,,,,,99.0,,,,99.0,99.0,99.0,,,,
2005,6,17,,,,,,,31.0,1122.0,1055.0,0.0,,,,,,,64.94,68.0,62.059999999999995,,,210.0,220.0,,,0.0,,58.0,67.0,,,-9999.0,,,,,,-9999.0,,,,-9999.0,-9999.0,-9999.0,,,,
2005,6,18,,,,,,,,,,0.0,,,,,,,,32.0,32.0,,,,,,,0.0,,,,,,-9.0,,,,,,-9.0,,,,-9.0,-9.0,-9.0,,,,
2005,6,19,,,,,,,34.0,216.0,348.0,0.0,,,,,,,64.94,66.02,62.959999999999994,,,210.0,210.0,,,0.0,,58.0,63.0,,,999.0,,,,,,999.0,,,,999.0,999.0,999.0,,,,
2005,6,20,,,,,,,,,,0.0,,,,,,,,,,,,,,,,0.0,,,,,,-999.0,,,,,,,,,,-999.0,-999.0,-999.0,,,,
2005,6,21,,,,,,,,,,,,,,,,,,,,,,,,,,,,,,,,9.0,,,,,,,,,,9.0,9.0,9.0,,,,
2005,6,22,,,,,,,25.0,1245.0,1225.0,,,,,,,,64.94,66.02,62.959999999999994,,,260.0,260.0,,,0.0,,54.0,63.0,,,1.0,,,,,,1.0,,,,1.0,1.0,1.0,,,,
2005,6,23,,,,,,,,,,0.0,,,,,,,,,,,,,,,,0.0,,,,,,,,,,,,,,,,,,,,,,
2005,6,24,,,,,,,,,,,,,,,,,,,,,,,,,,,,,,,,99.0,,,,,,99.0,,,,99.0,99.0,99.0,,,,
2005,6,25,,,,,,,28.0,1555.0,1515.0,0.0,,,,,,,64.94,68.0,62.059999999999995,,,280.0,280.0,,,0.0,,58.0,76.0,,,-9999.0,,,,,,-9999.0,,,,-9999.0,-9999.0,-9999.0,,,,
2005,6,26,,,,,,,,,,0.0,,,,,,,,32.0,32.0,,,,,,,0.0,,,,,,-9.0,,,,,,-9.0,,,,-9.0,-9.0,-9.0,,,,
2005,6,27,,,,,,,42.0,226.0,209.0,0.0,,,,,,,66.92,71.06,62.959999999999994,,,280.0,280.0,,,0.0,,72.0,89.0,,,999.0,,,,,,999.0,,,,999.0,999.0,999.0,,,,
2005,6,28,,,,,,,,,,0.0,,,,,,,,,,,,,,,,0.0,,,,,,-999.0,,,,,,-999.0,,,,-999.0,-999.0,-999.0,,,,
2005,6,30,,,,,,,31.0,1616.0,1454.0,0.0,,,,,,,66.02,71.96,60.08,,,280.0,300.0,,,0.0,,72.0,89.0,,,9999.0,,,,,,9999.0,,,,9999.0,9999.0,9999.0,,,,
2005,6,31,,,,,,,,,,0.0,,,,,,,,,,,,,,,,0.0,,,,,,-99.0,,,,,,-99.0,,,,-99.0,-99.0,-99.0,,,,
2005,7,1,,,,,,,31.0,1113.0,1207.0,0.0,,,,,,,66.02,71.06,60.980000000000004,,,270.0,290.0,,,0.0,,63.0,72.0,,,1.0,,-9999.0,,,,1.0,,,,1.0,1.0,1.0,,,,
2005,7,2,,,,,,,,,,,,,,,,,,32.0,32.0,,,,,,,0.0,,,,,,,,-9.0,,,,0.0,,,,,,,,,,
2005,7,3,,,,,,,27.0,507.0,401.0,0.0,,,,,,,68.0,71.96,62.959999999999994,,,310.0,300.0,,,0.0,,58.0,72.0,,,999.0,,999.0,,,,1.0,,,,999.0,999.0,999.0,,,,
2005,7,4,,,,,,,,,,0.0,,,,,,,,,,,,,,,,0.0,,,,,,,,-999.0,,,,0.0,,,,,-999.0,-999.0,,,,
2005,7,6,,,,,,,32.0,1450.0,1430.0,0.0,,,,,,,66.92,71.06,62.059999999999995,,,280.0,310.0,,,0.0,,58.0,76.0,,,9999.0,,9999.0,,,,1.0,,,,9999.0,9999.0,9999.0,,,,
2005,7,7,,,,,,,,,,0.0,,,,,,,,,,,,,,,,0.0,,,,,,-99.0,,-99.0,,,,0.0,,,,-99.0,-99.0,-99.0,,,,
2005,7,8,,,,,,,,,,,,,,,,,,,,,,,,,,,,,,,,99.0,,99.0,,,,,,,,99.0,99.0,99.0,,,,
2005,7,9,,,,,,,24.0,1430.0,1234.0,0.0,,,,,,,66.92,69.98,64.04,,,200.0,230.0,,,0.0,,54.0,63.0,,,-9999.0,,-9999.0,,,,-9999.0,,,,-9999.0,-9999.0,-9999.0,,,,
2005,7,10,,,,,,,,,,0.0,,,,,,,,32.0,32.0,,,,,,,0.0,,,,,,-9.0,,-9.0,,,,,,,,-9.0,-9.0,-9.0,,,,
2005,7,11,,,,,,,30.0,457.0,605.0,0.0,,,,,,,68.0,71.96,64.04,,,210.0,200.0,,,0.0,,58.0,67.0,,,999.0,,999.0,,,,1.0,,,,999.0,999.0,999.0,,,,
2005,7,12,,,,,,,,,,0.0,,,,,,,,,,,,,,,,0.0,,,,,,-999.0,,-999.0,,,,0.0,,,,-999.0,-999.0,-999.0,,,,
2005,7,14,,,,,,,30.0,1556.0,1459.0,0.0,,,,,,,66.92,69.98,62.959999999999994,,,210.0,200.0,,,0.0,,58.0,72.0,,,9999.0,,9999.0,,,,1.0,,,,9999.0,9999.0,9999.0,,,,
2005,7,15,,,,,,,,,,0.0,,,,,,,,,,,,,,,,0.0,,,,,,-99.0,,-99.0,,,,,,,,-99.0,-99.0,-99.0,,,,
2005,7,16,,,,,,,,,,,,,,,,,,,,,,,,,,,,,,,,99.0,,99.0,,,,99.0,,,,99.0,99.0,99.0,,,,
2005,7,17,,,,,,,29.0,1512.0,1438.0,0.0,,,,,,,66.02,69.08,62.959999999999994,,,210.0,220.0,,,0.0,,58.0,72.0,,,-9999.0,,-9999.0,,,,1.0,,,,-9999.0,-9999.0,-9999.0,,,,
2005,7,18,,,,,,,,,,0.0,,,,,,,,32.0,32.0,,,,,,,0.0,,,,,,-9.0,,-9.0,,,,0.0,,,,-9.0,-9.0,-9.0,,,,
2005,7,19,,,,,,,26.0,303.0,255.0,0.0,,,,,,,66.92,69.98,64.04,,,220.0,220.0,,,0.0,,54.0,63.0,,,999.0,,999.0,,,,1.0,,,,999.0,999.0,999.0,,,,
2005,7,20,,,,,,,,,,0.0,,,,,,,,,,,,,,,,0.0,,,,,,,,-999.0,,,,0.0,,,,,-999.0,-999.0,,,,
2005,7,22,,,,,,,28.0,1436.0,1436.0,0.0,,,,,,,73.04,80.06,64.94,,,270.0,260.0,,,0.0,,67.0,72.0,,,1.0,,9999.0,,,,1.0,,,,1.0,9999.0,9999.0,,,,
2005,7,23,,,,,,,,,,0.0,,,,,,,,,,,,,,,,0.0,,,,,,0.0,,-99.0,,,,0.0,,,,,-99.0,-99.0,,,,
2005,7,24,,,,,,,,,,,,,,,,,,,,,,,,,,,,,,,,,,99.0,,,,,,,,,99.0,99.0,,,,
2005,7,25,,,,,,,26.0,1511.0,1511.0,0.0,,,,,,,69.08,73.04,64.04,,,290.0,290.0,,,0.0,,54.0,63.0,,,-9999.0,,-9999.0,,,,1.0,,,,-9999.0,-9999.0,-9999.0,,,,
2005,7,26,,,,,,,,,,0.0,,,,,,,,32.0,32.0,,,,,,,0.0,,,,,,-9.0,,-9.0,,,,0.0,,,,-9.0,-9.0,-9.0,,,,
2005,7,27,,,,,,,33.0,433.0,355.0,0.0,,,,,,,69.98,75.02,64.94,,,280.0,280.0,,,0.0,,63.0,80.0,,,999.0,,999.0,,,,1.0,,,,999.0,999.0,999.0,,,,
2005,7,28,,,,,,,,,,0.0,,,,,,,,,,,,,,,,0.0,,,,,,-999.0,,-999.0,,,,0.0,,,,-999.0,-999.0,-999.0,,,,
2005,7,29,,,,,,,,,,,,,,,,,,,,,,,,,,,,,,,,9.0,,,,,,,,,,9.0,9.0,9.0,,,,
2005,7,30,,,,,,,28.0,1453.0,847.0,,,,,,,,69.08,73.04,64.94,,,180.0,190.0,,,0.0,,54.0,72.0,,,1.0,,9999.0,,,,1.0,,,,1.0,1.0,1.0,,,,
2005,7,31,,,,,,,,,,0.0,,,,,,,,,,,,,,,,0.0,,,,,,,,-99.0,,,,,,,,,,0.0,,,,
2005,8,1,,,,,,,35.0,1354.0,,0.0,,,,,,,,75.02,68.0,,,290.0,280.0,,,0.0,,67.0,94.0,,,-9999.0,,,,,,-9999.0,,,,-9999.0,,-9999.0,,,,
2005,8,2,,,,,,,,,,0.0,,,,,,,,32.0,32.0,,,,,,,0.0,,,,,,,,,,,,,,,,,,-9.0,,,,
2005,8,3,,,,,,,30.0,537.0,,0.0,,,,,,,,75.02,66.02,,,230.0,290.0,,,0.0,,58.0,76.0,,,1.0,,,,,,1.0,,,,1.0,,999.0,,,,
2005,8,4,,,,,,,,,,0.0,,,,,,,,,,,,,,,,0.0,,,,,,,,,,,,0.0,,,,,,-999.0,,,,
2005,8,6,,,,,,,28.0,1405.0,,0.0,,,,,,,,75.02,66.92,,,280.0,290.0,,,0.0,,58.0,72.0,,,9999.0,,,,,,1.0,,,,9999.0,,9999.0,,,,
2005,8,7,,,,,,,,,,0.0,,,,,,,,,,,,,,,,0.0,,,,,,-99.0,,,,,,0.0,,,,-99.0,,-99.0,,,,
2005,8,8,,,,,,,,,,,,,,,,,,,,,,,,,,,,,,,,99.0,,,,,,,,,,99.0,,99.0,,,,
2005,8,9,,,,,,,28.0,1303.0,,0.0,,,,,,,,75.92,68.0,,,270.0,280.0,,,0.0,,63.0,72.0,,,-9999.0,,,,,,1.0,,,,-9999.0,,-9999.0,,,,
2005,8,10,,,,,,,,,,0.0,,,,,,,,32.0,32.0,,,,,,,0.0,,,,,,-9.0,,,,,,0.0,,,,-9.0,,-9.0,,,,
2005,8,11,,,,,,,33.0,421.0,,0.0,,,,,,,,75.92,69.08,,,280.0,300.0,,,0.0,,63.0,76.0,,,999.0,,,,,,1.0,,,,999.0,,999.0,,,,
2005,8,12,,,,,,,,,,0.0,,,,,,,,,,,,,,,,0.0,,,,,,-999.0,,,,,,0.0,,,,-999.0,,-999.0,,,,
2005,8,14,,,,,,,28.0,1247.0,,0.0,,,,,,,,78.98,68.0,,,280.0,290.0,,,0.0,,58.0,72.0,,,9999.0,,,,,,1.0,,,,9999.0,,9999.0,,,,
2005,8,15,,,,,,,,,,0.0,,,,,,,,,,,,,,,,0.0,,,,,,-99.0,,,,,,,,,,-99.0,,,,,,
2005,8,16,,,,,,,,,,,,,,,,,,,,,,,,,,,,,,,,99.0,,,,,,99.0,,,,99.0,,,,,,
2005,8,17,,,,,,,27.0,1313.0,,0.0,,,,,,,,75.92,66.92,,,290.0,290.0,,,0.0,,58.0,72.0,,,-9999.0,,,,,,1.0,,,,-9999.0,,-9999.0,,,,
2005,8,18,,,,,,,,,,0.0,,,,,,,,32.0,32.0,,,,,,,0.0,,,,,,-9.0,,,,,,0.0,,,,-9.0,,-9.0,,,,
2005,8,19,,,,,,,30.0,436.0,,0.0,,,,,,,,71.96,66.92,,,240.0,220.0,,,0.0,,54.0,67.0,,,999.0,,,,,,1.0,,,,999.0,,999.0,,,,
2005,8,20,,,,,,,,,,0.0,,,,,,,,,,,,,,,,0.0,,,,,,-999.0,,,,,,0.0,,,,-999.0,,-999.0,,,,
2005,8,22,,,,,,,28.0,1334.0,,0.0,,,,,,,,71.96,64.94,,,260.0,240.0,,,0.0,,63.0,76.0,,,9999.0,,,,,,9999.0,,,,9999.0,,9999.0,,,,
2005,8,23,,,,,,,,,,0.0,,,,,,,,,,,,,,,,0.0,,,,,,-99.0,,,,,,-99.0,,,,-99.0,,-99.0,,,,
2005,8,24,,,,,,,,,,,,,,,,,,,,,,,,,,,,,,,,99.0,,,,,,99.0,,,,99.0,,99.0,,,,
2005,8,25,,,,,,,29.0,1333.0,,0.0,,,,,,,,75.02,64.94,,,290.0,290.0,,,0.0,,72.0,89.0,,,-9999.0,,,,,,-9999.0,,,,-9999.0,,-9999.0,,,,
2005,8,26,,,,,,,,,,0.0,,,,,,,,32.0,32.0,,,,,,,0.0,,,,,,-9.0,,,,,,,,,,-9.0,,-9.0,,,,
2005,8,27,,,,,,,31.0,335.0,,0.0,,,,,,,,75.02,66.02,,,290.0,290.0,,,0.0,,72.0,89.0,,,999.0,,,,,,1.0,,,,999.0,,999.0,,,,
2005,8,28,,,,,,,,,,0.0,,,,,,,,,,,,,,,,0.0,,,,,,-999.0,,,,,,,,,,-999.0,,-999.0,,,,
2005,8,30,,,,,,,33.0,1515.0,,0.0,,,,,,,,75.02,64.04,,,280.0,280.0,,,0.0,,76.0,94.0,,,9999.0,,,,,,9999.0,,,,9999.0,,9999.0,,,,
2005,8,31,,,,,,,,,,0.0,,,,,,,,,,,,,,,,0.0,,,,,,-99.0,,,,,,,,,,-99.0,,-99.0,,,,
2005,9,1,,,,,,,26.0,1207.0,,0.0,,,,,,,,73.94,64.94,,,290.0,320.0,,,0.0,,58.0,67.0,,,-9999.0,-9999.0,-9999.0,,,,1.0,,,,-9999.0,,-9999.0,,-9999.0,,-9999.0
2005,9,2,,,,,,,,,,0.0,,,,,,,,32.0,32.0,,,,,,,0.0,,,,,,-9.0,-9.0,-9.0,,,,0.0,,,,-9.0,,-9.0,,-9.0,,-9.0
2005,9,3,,,,,,,31.0,623.0,,0.0,,,,,,,,73.94,64.04,,,280.0,280.0,,,0.0,,67.0,80.0,,,999.0,999.0,999.0,,,,1.0,,,,999.0,,999.0,,999.0,,999.0
2005,9,4,,,,,,,,,,0.0,,,,,,,,,,,,,,,,0.0,,,,,,,-999.0,-999.0,,,,0.0,,,,,,-999.0,,-999.0,,-999.0
2005,9,6,,,,,,,29.0,1432.0,,0.0,,,,,,,,75.02,64.04,,,280.0,290.0,,,0.0,,72.0,80.0,,,1.0,9999.0,9999.0,,,,1.0,,,,1.0,,9999.0,,9999.0,,9999.0
2005,9,7,,,,,,,,,,0.0,,,,,,,,,,,,,,,,0.0,,,,,,0.0,-99.0,-99.0,,,,0.0,,,,,,-99.0,,-99.0,,-99.0
2005,9,8,,,,,,,,,,,,,,,,,,,,,,,,,,,,,,,,,99.0,99.0,,,,,,,,,,99.0,,99.0,,99.0
2005,9,9,,,,,,,30.0,1227.0,,0.0,,,,,,,,77.0,59.0,,,290.0,290.0,,,0.0,,72.0,80.0,,,1.0,1.0,-9999.0,,,,1.0,,,,1.0,,-9999.0,,-9999.0,,-9999.0
2005,9,10,,,,,,,,,,0.0,,,,,,,,32.0,32.0,,,,,,,0.0,,,,,,0.0,,-9.0,,,,0.0,,,,,,-9.0,,-9.0,,-9.0
2005,9,11,,,,,,,28.0,322.0,,0.0,,,,,,,,75.02,62.059999999999995,,,280.0,280.0,,,0.0,,67.0,76.0,,,1.0,999.0,999.0,,,,1.0,,,,1.0,,999.0,,999.0,,999.0
2005,9,12,,,,,,,,,,0.0,,,,,,,,,,,,,,,,0.0,,,,,,,-999.0,-999.0,,,,,,,,,,-999.0,,-999.0,,-999.0
2005,9,14,,,,,,,33.0,1243.0,,0.0,,,,,,,,71.96,64.94,,,280.0,270.0,,,0.0,,72.0,89.0,,,9999.0,9999.0,9999.0,,,,9999.0,,,,9999.0,,9999.0,,9999.0,,9999.0
2005,9,15,,,,,,,,,,0.0,,,,,,,,,,,,,,,,0.0,,,,,,-99.0,-99.0,-99.0,,,,-99.0,,,,-99.0,,-99.0,,-99.0,,-99.0
2005,9,16,,,,,,,,,,,,,,,,,,,,,,,,,,,,,,,,99.0,99.0,99.0,,,,99.0,,,,99.0,,99.0,,99.0,,99.0
2005,9,17,,,,,,,28.0,1334.0,,0.0,,,,,,,,69.98,64.04,,,210.0,220.0,,,0.0,,63.0,76.0,,,-9999.0,-9999.0,-9999.0,,,,-9999.0,,,,-9999.0,,-9999.0,,-9999.0,,-9999.0
2005,9,18,,,,,,,,,,0.0,,,,,,,,32.0,32.0,,,,,,,0.0,,,,,,-9.0,-9.0,-9.0,,,,,,,,-9.0,,-9.0,,-9.0,,-9.0
2005,9,19,,,,,,,25.0,148.0,,0.0,,,,,,,,71.06,62.059999999999995,,,210.0,210.0,,,0.0,,63.0,76.0,,,999.0,999.0,999.0,,,,1.0,,,,999.0,,999.0,,999.0,,999.0
2005,9,20,,,,,,,,,,0.0,,,,,,,,,,,,,,,,0.0,,,,,,-999.0,-999.0,-999.0,,,,,,,,-999.0,,-999.0,,-999.0,,-999.0
2005,9,22,,,,,,,32.0,1431.0,,0.0,,,,,,,,69.98,62.059999999999995,,,280.0,290.0,,,0.0,,72.0,89.0,,,9999.0,9999.0,9999.0,,,,9999.0,,,,9999.0,,9999.0,,9999.0,,9999.0
2005,9,23,,,,,,,,,,0.0,,,,,,,,,,,,,,,,0.0,,,,,,-99.0,-99.0,-99.0,,,,,,,,-99.0,,-99.0,,-99.0,,-99.0
2005,9,24,,,,,,,,,,,,,,,,,,,,,,,,,,,,,,,,99.0,99.0,99.0,,,,,,,,99.0,,99.0,,99.0,,99.0
2005,9,25,,,,,,,32.0,1504.0,,0.0,,,,,,,,71.96,64.04,,,290.0,290.0,,,0.0,,72.0,89.0,,,-9999.0,-9999.0,-9999.0,,,,-9999.0,,,,-9999.0,,-9999.0,,-9999.0,,-9999.0
2005,9,26,,,,,,,,,,0.0,,,,,,,,32.0,32.0,,,,,,,0.0,,,,,,-9.0,-9.0,-9.0,,,,,,,,-9.0,,-9.0,,-9.0,,-9.0
2005,9,27,,,,,,,27.0,341.0,,0.0,,,,,,,,71.96,64.04,,,290.0,280.0,,,0.0,,63.0,76.0,,,999.0,999.0,999.0,,,,1.0,,,,999.0,,999.0,,999.0,,999.0
2005,9,28,,,,,,,,,,0.0,,,,,,,,,,,,,,,,0.0,,,,,,,-999.0,-999.0,,,,,,,,,,-999.0,,-999.0,,-999.0
2005,9,29,,,,,,,,,,,,,,,,,,,,,,,,,,,,,,,,,,9.0,,,,9.0,,,,,,9.0,,,,
2005,9,30,,,,,,,26.0,1342.0,,3.0,,,,,,,,71.96,64.04,,,280.0,280.0,,,0.0,,54.0,67.0,,,9999.0,9999.0,1.0,,,,1.0,,,,9999.0,,1.0,,9999.0,,9999.0
2005,9,31,,,,,,,,,,0.0,,,,,,,,,,,,,,,,0.0,,,,,,,-99.0,0.0,,,,0.0,,,,,,0.0,,-99.0,,-99.0
2005,10,1,,,,,,,26.0,1253.0,,0.0,,,,,,,,75.92,62.959999999999994,,,290.0,270.0,,,0.0,,63.0,72.0,,,1.0,-9999.0,,,,,1.0,,-9999.0,,1.0,-9999.0,-9999.0,,-9999.0,,-9999.0
2005,10,2,,,,,,,,,,0.0,,,,,,,,32.0,32.0,,,,,,,0.0,,,,,,0.0,-9.0,,,,,0.0,,-9.0,,,-9.0,-9.0,,-9.0,,-9.0
2005,10,3,,,,,,,24.0,705.0,,0.0,,,,,,,,71.96,64.04,,,280.0,310.0,,,0.0,,54.0,67.0,,,1.0,999.0,,,,,1.0,,999.0,,1.0,999.0,999.0,,999.0,,999.0
2005,10,4,,,,,,,,,,0.0,,,,,,,,,,,,,,,,0.0,,,,,,,-999.0,,,,,0.0,,-999.0,,,-999.0,-999.0,,-999.0,,-999.0
2005,10,6,,,,,,,26.0,1446.0,,0.0,,,,,,,,71.96,60.08,,,290.0,290.0,,,0.0,,76.0,94.0,,,9999.0,9999.0,,,,,1.0,,9999.0,,9999.0,9999.0,9999.0,,9999.0,,9999.0
2005,10,7,,,,,,,,,,0.0,,,,,,,,,,,,,,,,0.0,,,,,,-99.0,-99.0,,,,,,,-99.0,,-99.0,-99.0,-99.0,,-99.0,,-99.0
2005,10,8,,,,,,,,,,,,,,,,,,,,,,,,,,,,,,,,99.0,99.0,,,,,99.0,,99.0,,99.0,99.0,99.0,,99.0,,99.0
2005,10,9,,,,,,,14.0,1443.0,,0.0,,,,,,,,89.06,64.04,,,290.0,280.0,,,0.0,,63.0,72.0,,,-9999.0,-9999.0,,,,,-9999.0,,-9999.0,,-9999.0,-9999.0,-9999.0,,-9999.0,,-9999.0
2005,10,10,,,,,,,,,,0.0,,,,,,,,32.0,32.0,,,,,,,0.0,,,,,,-9.0,-9.0,,,,,-9.0,,-9.0,,-9.0,-9.0,-9.0,,-9.0,,-9.0
2005,10,11,,,,,,,19.0,400.0,,0.0,,,,,,,,78.08,60.980000000000004,,,270.0,280.0,,,0.0,,45.0,58.0,,,999.0,999.0,,,,,999.0,,999.0,,999.0,999.0,999.0,,999.0,,999.0
2005,10,12,,,,,,,,,,0.0,,,,,,,,,,,,,,,,0.0,,,,,,-999.0,-999.0,,,,,-999.0,,-999.0,,-999.0,-999.0,-999.0,,-999.0,,-999.0
2005,10,14,,,,,,,16.0,1357.0,,0.0,,,,,,,,69.98,57.92,,,280.0,280.0,,,0.0,,58.0,67.0,,,9999.0,9999.0,,,,,9999.0,,9999.0,,9999.0,9999.0,9999.0,,9999.0,,9999.0
2005,10,15,,,,,,,,,,0.0,,,,,,,,,,,,,,,,0.0,,,,,,,-99.0,,,,,,,-99.0,,,-99.0,-99.0,,-99.0,,-99.0
2005,10,16,,,,,,,,,,,,,,,,,,,,,,,,,,,,,,,,,99.0,,,,,,,99.0,,,99.0,99.0,,99.0,,99.0
2005,10,17,,,,,,,26.0,1543.0,,0.0,,,,,,,,69.98,62.059999999999995,,,290.0,280.0,,,0.0,,72.0,89.0,,,1.0,-9999.0,,,,,1.0,,-9999.0,,1.0,-9999.0,-9999.0,,-9999.0,,-9999.0
2005,10,18,,,,,,,,,,0.0,,,,,,,,32.0,32.0,,,,,,,0.0,,,,,,0.0,-9.0,,,,,0.0,,-9.0,,,-9.0,-9.0,,-9.0,,-9.0
2005,10,19,,,,,,,30.0,338.0,,0.0,,,,,,,,69.08,60.980000000000004,,,280.0,290.0,,,0.0,,67.0,76.0,,,1.0,999.0,,,,,1.0,,999.0,,1.0,999.0,999.0,,999.0,,999.0
2005,10,20,,,,,,,,,,0.0,,,,,,,,,,,,,,,,0.0,,,,,,0.0,,,,,,0.0,,-999.0,,,-999.0,-999.0,,-999.0,,
2005,10,22,,,,,,,15.0,1127.0,,0.0,,,,,,,,86.0,60.08,,,300.0,290.0,,,0.0,,58.0,67.0,,,9999.0,9999.0,,,,,1.0,,9999.0,,9999.0,9999.0,9999.0,,9999.0,,9999.0
2005,10,23,,,,,,,,,,0.0,,,,,,,,,,,,,,,,0.0,,,,,,,-99.0,,,,,0.0,,-99.0,,,-99.0,-99.0,,,,-99.0
2005,10,24,,,,,,,,,,,,,,,,,,,,,,,,,,,,,,,,,99.0,,,,,,,99.0,,,99.0,99.0,,,,99.0
2005,10,25,,,,,,,40.0,535.0,,3.0,,,,,,,,68.0,60.08,,,130.0,140.0,,,0.0,,72.0,89.0,,,-9999.0,-9999.0,,,,,-9999.0,,-9999.0,,-9999.0,-9999.0,1.0,,-9999.0,,-9999.0
2005,10,26,,,,,,,,,,0.0,,,,,,,,32.0,32.0,,,,,,,0.0,,,,,,,-9.0,,,,,-9.0,,-9.0,,,-9.0,0.0,,-9.0,,-9.0
2005,10,27,,,,,,,21.0,49.0,,112.0,,,,,,,,66.02,60.08,,,200.0,170.0,,,0.0,,67.0,76.0,,,1.0,999.0,,,,,999.0,,999.0,,1.0,999.0,1.0,,999.0,,999.0
2005,10,28,,,,,,,,,,0.0,,,,,,,,,,,,,,,,0.0,,,,,,,-999.0,,,,,-999.0,,,,,-999.0,0.0,,-999.0,,-999.0
2005,10,30,,,,,,,31.0,1249.0,,0.0,,,,,,,,69.08,57.02,,,290.0,290.0,,,0.0,,80.0,94.0,,,9999.0,9999.0,,,,,9999.0,,9999.0,,9999.0,9999.0,9999.0,,9999.0,,9999.0
2005,10,31,,,,,,,,,,0.0,,,,,,,,,,,,,,,,0.0,,,,,,,-99.0,,,,,,,-99.0,,,-99.0,-99.0,,-99.0,,-99.0
2005,11,1,,,,,,,13.0,1157.0,,0.0,,,,,,,,84.91999999999999,60.08,,,300.0,290.0,,,0.0,,45.0,54.0,,,-9999.0,-9999.0,,,,,-9999.0,,,,-9999.0,,-9999.0,,,,-9999.0
2005,11,2,,,,,,,,,,0.0,,,,,,,,32.0,32.0,,,,,,,0.0,,,,,,,-9.0,,,,,,,,,,,-9.0,,,,
2005,11,3,,,,,,,17.0,501.0,,0.0,,,,,,,,69.08,59.0,,,320.0,300.0,,,0.0,,58.0,67.0,,,1.0,999.0,,,,,1.0,,,,1.0,,999.0,,,,1.0
2005,11,4,,,,,,,,,,0.0,,,,,,,,,,,,,,,,0.0,,,,,,,-999.0,,,,,0.0,,,,,,-999.0,,,,
2005,11,6,,,,,,,17.0,1309.0,,0.0,,,,,,,,66.92,55.94,,,290.0,280.0,,,0.0,,63.0,72.0,,,9999.0,9999.0,,,,,1.0,,,,9999.0,,9999.0,,,,9999.0
2005,11,7,,,,,,,,,,0.0,,,,,,,,,,,,,,,,0.0,,,,,,-99.0,-99.0,,,,,0.0,,,,-99.0,,-99.0,,,,-99.0
2005,11,8,,,,,,,,,,,,,,,,,,,,,,,,,,,,,,,,99.0,99.0,,,,,,,,,99.0,,99.0,,,,99.0
2005,11,9,,,,,,,18.0,1521.0,,0.0,,,,,,,,66.02,53.96,,,180.0,180.0,,,0.0,,45.0,54.0,,,1.0,-9999.0,,,,,1.0,,,,1.0,,-9999.0,,,,-9999.0
2005,11,10,,,,,,,,,,0.0,,,,,,,,32.0,32.0,,,,,,,0.0,,,,,,0.0,-9.0,,,,,0.0,,,,,,-9.0,,,,-9.0
2005,11,11,,,,,,,22.0,127.0,,0.0,,,,,,,,64.94,57.92,,,150.0,150.0,,,0.0,,45.0,58.0,,,1.0,999.0,,,,,1.0,,,,1.0,,999.0,,,,999.0
2005,11,12,,,,,,,,,,0.0,,,,,,,,,,,,,,,,0.0,,,,,,,-999.0,,,,,,,,,,,-999.0,,,,-999.0
2005,11,14,,,,,,,28.0,1014.0,,0.0,,,,,,,,66.92,62.059999999999995,,,180.0,180.0,,,0.0,,72.0,80.0,,,9999.0,9999.0,,,,,9999.0,,,,9999.0,,9999.0,,,,9999.0
2005,11,15,,,,,,,,,,0.0,,,,,,,,,,,,,,,,0.0,,,,,,,-99.0,,,,,-99.0,,,,,,,,,,-99.0
2005,11,16,,,,,,,,,,,,,,,,,,,,,,,,,,,,,,,,,99.0,,,,,99.0,,,,,,,,,,99.0
2005,11,17,,,,,,,22.0,1607.0,,15.0,,,,,,,,64.94,55.94,,,290.0,300.0,,,0.0,,58.0,67.0,,,-9999.0,-9999.0,,,,,-9999.0,,,,-9999.0,,1.0,,,,-9999.0
2005,11,18,,,,,,,,,,0.0,,,,,,,,32.0,32.0,,,,,,,0.0,,,,,,,-9.0,,,,,,,,,,,,,,,-9.0
2005,11,19,,,,,,,20.0,342.0,,0.0,,,,,,,,66.02,53.06,,,300.0,290.0,,,0.0,,63.0,72.0,,,1.0,999.0,,,,,1.0,,,,1.0,,999.0,,,,999.0
2005,11,20,,,,,,,,,,0.0,,,,,,,,,,,,,,,,0.0,,,,,,0.0,,,,,,0.0,,,,,,-999.0,,,,-999.0
2005,11,21,,,,,,,,,,,,,,,,,,,,,,,,,,,,,,,,,,,,,,,,,,,,,,,,9.0
2005,11,22,,,,,,,13.0,1154.0,,0.0,,,,,,,,68.0,51.98,,,170.0,170.0,,,0.0,,58.0,63.0,,,1.0,1.0,,,,,1.0,,,,1.0,,9999.0,,,,1.0
2005,11,23,,,,,,,,,,0.0,,,,,,,,,,,,,,,,0.0,,,,,,0.0,,,,,,0.0,,,,,,-99.0,,,,
2005,11,24,,,,,,,,,,,,,,,,,,,,,,,,,,,,,,,,,,,,,,,,,,,,99.0,,,,99.0
2005,11,25,,,,,,,14.0,1540.0,,0.0,,,,,,,,78.08,51.08,,,330.0,320.0,,,0.0,,58.0,67.0,,,-9999.0,-9999.0,,,,,-9999.0,,,,-9999.0,,-9999.0,,,,-9999.0
2005,11,26,,,,,,,,,,0.0,,,,,,,,32.0,32.0,,,,,,,0.0,,,,,,-9.0,-9.0,,,,,-9.0,,,,-9.0,,-9.0,,,,-9.0
2005,11,27,,,,,,,16.0,635.0,,0.0,,,,,,,,80.06,51.98,,,340.0,300.0,,,0.0,,58.0,67.0,,,999.0,999.0,,,,,999.0,,,,999.0,,999.0,,,,999.0
2005,11,28,,,,,,,,,,0.0,,,,,,,,,,,,,,,,0.0,,,,,,-999.0,-999.0,,,,,-999.0,,,,-999.0,,-999.0,,,,-999.0
2005,11,30,,,,,,,17.0,1615.0,,0.0,,,,,,,,80.06,51.08,,,350.0,350.0,,,0.0,,63.0,72.0,,,9999.0,9999.0,,,,,9999.0,,,,9999.0,,9999.0,,,,9999.0
2005,11,31,,,,,,,,,,0.0,,,,,,,,,,,,,,,,0.0,,,,,,-99.0,-99.0,,,,,-99.0,,,,-99.0,,-99.0,,,,-99.0
2005,12,1,,,,,,,22.0,1836.0,,0.0,,,,,,,,64.04,55.04,,,340.0,340.0,,,0.0,,54.0,58.0,,,1.0,-9999.0,,,,,1.0,,,,1.0,-9999.0,-9999.0,,,,-9999.0
2005,12,2,,,,,,,,,,0.0,,,,,,,,32.0,32.0,,,,,,,0.0,,,,,,0.0,,,,,,0.0,,,,,-9.0,,,,,-9.0
2005,12,3,,,,,,,25.0,23.0,,13.0,,,,,,,,66.92,51.98,,,340.0,330.0,,,0.0,,63.0,72.0,,,1.0,1.0,,,,,1.0,,,,1.0,999.0,1.0,,,,999.0
2005,12,4,,,,,,,,,,0.0,,,,,,,,,,,,,,,,0.0,,,,,,0.0,,,,,,,,,,,-999.0,0.0,,,,-999.0
2005,12,6,,,,,,,18.0,1444.0,,0.0,,,,,,,,66.92,46.94,,,300.0,300.0,,,0.0,,67.0,80.0,,,9999.0,9999.0,,,,,9999.0,,,,9999.0,9999.0,9999.0,,,,9999.0
2005,12,7,,,,,,,,,,0.0,,,,,,,,,32.0,,,,,,,0.0,,,,,,-99.0,-99.0,,,,,-99.0,,,,-99.0,-99.0,-99.0,,,,-99.0
2005,12,8,,,,,,,,,,,,,,,,,,,,,,,,,,,,,,,,99.0,99.0,,,,,99.0,,,,99.0,99.0,99.0,,,,99.0
2005,12,9,,,,,,,13.0,1433.0,,0.0,,,,,,,,68.0,44.06,,,300.0,290.0,,,0.0,,63.0,72.0,,,-9999.0,-9999.0,,,,,-9999.0,,,,-9999.0,-9999.0,-9999.0,,,,-9999.0
2005,12,10,,,,,,,,,,0.0,,,,,,,,32.0,32.0,,,,,,,0.0,,,,,,-9.0,-9.0,,,,,-9.0,,,,-9.0,-9.0,-9.0,,,,-9.0
2005,12,11,,,,,,,11.0,248.0,,0.0,,,,,,,,64.04,44.96,,,210.0,310.0,,,0.0,,40.0,45.0,,,999.0,999.0,,,,,999.0,,,,999.0,999.0,999.0,,,,999.0
2005,12,12,,,,,,,,,,0.0,,,,,,,,,,,,,,,,0.0,,,,,,-999.0,-999.0,,,,,-999.0,,,,-999.0,-999.0,-999.0,,,,-999.0
2005,12,14,,,,,,,9.0,1335.0,,0.0,,,,,,,,73.94,55.04,,,260.0,260.0,,,0.0,,54.0,63.0,,,9999.0,9999.0,,,,,9999.0,,,,9999.0,9999.0,9999.0,,,,9999.0
2005,12,15,,,,,,,,,,0.0,,,,,,,,,,,,,,,,0.0,,,,,,-99.0,-99.0,,,,,-99.0,,,,-99.0,-99.0,-99.0,,,,-99.0
2005,12,16,,,,,,,,,,,,,,,,,,,,,,,,,,,,,,,,99.0,99.0,,,,,99.0,,,,99.0,99.0,99.0,,,,99.0
2005,12,17,,,,,,,10.0,1523.0,,0.0,,,,,,,,66.92,50.0,,,190.0,190.0,,,0.0,,40.0,45.0,,,-9999.0,-9999.0,,,,,-9999.0,,,,-9999.0,-9999.0,-9999.0,,,,-9999.0
2005,12,18,,,,,,,,,,0.0,,,,,,,,32.0,32.0,,,,,,,0.0,,,,,,-9.0,-9.0,,,,,,,,,-9.0,-9.0,-9.0,,,,-9.0
2005,12,19,,,,,,,12.0,224.0,,0.0,,,,,,,,62.059999999999995,51.08,,,230.0,190.0,,,0.0,,45.0,63.0,,,999.0,999.0,,,,,1.0,,,,999.0,999.0,999.0,,,,999.0
2005,12,20,,,,,,,,,,0.0,,,,,,,,,,,,,,,,0.0,,,,,,,-999.0,,,,,0.0,,,,,-999.0,-999.0,,,,-999.0
2005,12,22,,,,,,,18.0,1145.0,,0.0,,,,,,,,60.08,48.02,,,290.0,290.0,,,0.0,,63.0,72.0,,,1.0,9999.0,,,,,1.0,,,,1.0,9999.0,9999.0,,,,9999.0
2005,12,23,,,,,,,,,,0.0,,,,,,,,,,,,,,,,0.0,,,,,,,-99.0,,,,,0.0,,,,,-99.0,-99.0,,,,-99.0
2005,12,24,,,,,,,,,,,,,,,,,,,,,,,,,,,,,,,,99.0,99.0,,,,,,,,,99.0,99.0,99.0,,,,99.0
2005,12,25,,,,,,,19.0,1413.0,,0.0,,,,,,,,60.980000000000004,50.0,,,210.0,250.0,,,0.0,,54.0,63.0,,,-9999.0,-9999.0,,,,,1.0,,,,-9999.0,-9999.0,-9999.0,,,,-9999.0
2005,12,26,,,,,,,,,,0.0,,,,,,,,32.0,32.0,,,,,,,0.0,,,,,,-9.0,-9.0,,,,,0.0,,,,-9.0,-9.0,-9.0,,,,-9.0
2005,12,27,,,,,,,17.0,411.0,,0.0,,,,,,,,60.980000000000004,51.98,,,220.0,230.0,,,0.0,,54.0,67.0,,,999.0,999.0,,,,,1.0,,,,999.0,999.0,999.0,,,,999.0
2005,12,28,,,,,,,,,,0.0,,,,,,,,,,,,,,,,0.0,,,,,,-999.0,-999.0,,,,,0.0,,,,-999.0,-999.0,-999.0,,,,-999.0
2005,12,30,,,,,,,14.0,1312.0,,0.0,,,,,,,,71.96,48.02,,,310.0,290.0,,,0.0,,67.0,89.0,,,9999.0,9999.0,,,,,1.0,,,,9999.0,9999.0,9999.0,,,,9999.0
2005,12,31,,,,,,,,,,0.0,,,,,,,,,32.0,,,,,,,0.0,,,,,,,-99.0,,,,,,,,,,-99.0,-99.0,,,,-99.0
2006,1,1,,,122.0,10159.0,10152.0,133.0,25.0,2342.0,1900.0,15.0,,83.0,67.0,93.0,,,,62.959999999999994,55.94,,,160.0,160.0,,,0.0,,63.0,76.0,,,1.0,-9999.0,,,,,1.0,,,,1.0,,1.0,,,,
2006,1,2,,,,,,,,,,0.0,,,,,,,,32.0,32.0,,,,,,,0.0,,,,,,0.0,-9.0,,,,,,,,,,,0.0,,,,
2006,1,3,,,122.0,173.0,163.0,139.0,58.0,313.0,141.0,76.0,,83.0,72.0,93.0,,,,62.959999999999994,53.96,,,160.0,160.0,,,0.0,,130.0,148.0,,,1.0,999.0,,,,,999.0,,,,1.0,,1.0,,,,
2006,1,4,,,,,,,,,,0.0,,,,,,,,,,,,,,,,0.0,,,,,,,-999.0,,,,,-999.0,,,,,,,,,,
2006,1,5,,,,,,,,,,,,,,,,,,,,,,,,,,,,,,,,,,,,,,9.0,,,,,,,,,,
2006,1,6,,,78.0,240.0,230.0,111.0,14.0,1214.0,1206.0,0.0,,64.0,33.0,86.0,,,,73.04,48.02,,,320.0,320.0,,,0.0,,63.0,72.0,,,9999.0,9999.0,,,,,1.0,,,,9999.0,,9999.0,,,,
2006,1,7,,,,,,,,,,0.0,,,,,,,,,,,,,,,,0.0,,,,,,-99.0,-99.0,,,,,,,,,-99.0,,-99.0,,,,
2006,1,8,,,,,,,,,,,,,,,,,,,,,,,,,,,,,,,,99.0,99.0,,,,,99.0,,,,99.0,,99.0,,,,
2006,1,9,,,22.0,10173.0,10163.0,106.0,10.0,1737.0,1735.0,0.0,,38.0,13.0,61.0,,,,82.94,51.08,,,180.0,180.0,,,0.0,,40.0,45.0,,,-9999.0,-9999.0,,,,,1.0,,,,-9999.0,,-9999.0,,,,
2006,1,10,,,,,,,,,,0.0,,,,,,,,32.0,32.0,,,,,,,0.0,,,,,,,-9.0,,,,,,,,,,,-9.0,,,,
2006,1,11,,,89.0,173.0,163.0,117.0,16.0,344.0,344.0,0.0,,71.0,42.0,89.0,,,,64.04,53.06,,,270.0,280.0,,,0.0,,54.0,63.0,,,1.0,999.0,,,,,1.0,,,,1.0,,999.0,,,,
2006,1,12,,,,,,,,,,0.0,,,,,,,,,,,,,,,,0.0,,,,,,0.0,,,,,,0.0,,,,,,-999.0,,,,
2006,1,14,,,44.0,203.0,196.0,106.0,14.0,225.0,225.0,0.0,,50.0,19.0,96.0,,,,75.92,48.02,,,330.0,330.0,,,0.0,,45.0,54.0,,,1.0,1.0,,,,,1.0,,,,1.0,,9999.0,,,,
2006,1,15,,,,,,,,,,0.0,,,,,,,,,32.0,,,,,,,0.0,,,,,,,,,,,,,,,,,,-99.0,,,,
2006,1,16,,,,,,,,,,,,,,,,,,,,,,,,,,,,,,,,99.0,99.0,,,,,99.0,,,,99.0,,99.0,,,,
2006,1,17,,,56.0,10176.0,10166.0,100.0,8.0,1514.0,1512.0,0.0,,63.0,30.0,87.0,,,,66.02,46.94,,,300.0,300.0,,,0.0,,45.0,58.0,,,1.0,-9999.0,,,,,1.0,,,,1.0,,-9999.0,,,,
2006,1,18,,,,,,,,,,0.0,,,,,,,,32.0,32.0,,,,,,,0.0,,,,,,0.0,,,,,,0.0,,,,,,-9.0,,,,
2006,1,19,,,94.0,169.0,159.0,111.0,15.0,822.0,337.0,0.0,,78.0,48.0,93.0,,,,64.04,51.08,,,160.0,310.0,,,0.0,,45.0,58.0,,,1.0,1.0,,,,,1.0,,,,1.0,,999.0,,,,
2006,1,20,,,,,,,,,,0.0,,,,,,,,,,,,,,,,0.0,,,,,,0.0,,,,,,0.0,,,,,,-999.0,,,,
2006,1,21,,,,,,,,,,,,,,,,,,,,,,,,,,,,,,,,,,,,,,,,,,,,9.0,,,,
2006,1,22,,,100.0,183.0,173.0,117.0,24.0,1415.0,1415.0,,,77.0,62.0,90.0,,,,62.959999999999994,53.96,,,240.0,240.0,,,0.0,,63.0,67.0,,,1.0,9999.0,,,,,1.0,,,,1.0,,1.0,,,,
2006,1,23,,,,,,,,,,0.0,,,,,,,,,32.0,,,,,,,0.0,,,,,,,-99.0,,,,,,,,,,,0.0,,,,
2006,1,24,,,,,,,,,,,,,,,,,,,,,,,,,,,,,,,,99.0,99.0,,,,,99.0,,,,99.0,,,,,,
2006,1,25,,,11.0,10261.0,10251.0,67.0,23.0,1254.0,1253.0,0.0,,50.0,28.0,71.0,,,,62.959999999999994,42.08,,,280.0,280.0,,,0.0,,67.0,80.0,,,-9999.0,-9999.0,,,,,-9999.0,,,,-9999.0,,-9999.0,,,,
2006,1,26,,,,,,,,,,0.0,,,,,,,,32.0,32.0,,,,,,,0.0,,,,,,-9.0,-9.0,,,,,,,,,-9.0,,-9.0,,,,
2006,1,27,,,-6.0,257.0,247.0,72.0,14.0,502.0,458.0,0.0,,43.0,13.0,75.0,,,,66.92,44.96,,,290.0,290.0,,,0.0,,45.0,58.0,,,999.0,999.0,,,,,1.0,,,,999.0,,999.0,,,,
2006,1,28,,,,,,,,,,0.0,,,,,,,,,,,,,,,,0.0,,,,,,-999.0,-999.0,,,,,,,,,-999.0,,-999.0,,,,
2006,1,30,,,56.0,196.0,190.0,94.0,31.0,1520.0,1555.0,0.0,,59.0,41.0,72.0,,,,60.980000000000004,50.0,,,290.0,310.0,,,0.0,,89.0,98.0,,,9999.0,9999.0,,,,,9999.0,,,,9999.0,,9999.0,,,,
2006,1,31,,,,,,,,,,0.0,,,,,,,,,32.0,,,,,,,0.0,,,,,,-99.0,-99.0,,,,,,,,,-99.0,,-99.0,,,,
2006,2,1,,,89.0,10183.0,10173.0,117.0,19.0,1515.0,1510.0,0.0,,71.0,54.0,83.0,,,,64.04,51.98,,,310.0,300.0,,,0.0,,54.0,63.0,,,-9999.0,-9999.0,,,,,1.0,,,,-9999.0,,-9999.0,,,,
2006,2,2,,,,,,,,,,0.0,,,,,,,,32.0,32.0,,,,,,,0.0,,,,,,,-9.0,,,,,0.0,,,,-9.0,,-9.0,,,,
2006,2,3,,,83.0,166.0,156.0,111.0,14.0,501.0,500.0,0.0,,72.0,39.0,84.0,,,,66.02,50.0,,,320.0,320.0,,,0.0,,45.0,54.0,,,1.0,999.0,,,,,1.0,,,,999.0,,999.0,,,,
2006,2,4,,,,,,,,,,0.0,,,,,,,,,,,,,,,,0.0,,,,,,,,,,,,0.0,,,,,,-999.0,,,,
2006,2,6,,,106.0,166.0,156.0,117.0,29.0,1502.0,1500.0,0.0,,83.0,70.0,90.0,,,,60.08,53.96,,,290.0,290.0,,,0.0,,67.0,76.0,,,1.0,9999.0,,,,,1.0,,,,1.0,,9999.0,,,,
2006,2,7,,,,,,,,,,0.0,,,,,,,,,,,,,,,,0.0,,,,,,0.0,,,,,,0.0,,,,,,-99.0,,,,
2006,2,8,,,,,,,,,,,,,,,,,,,,,,,,,,,,,,,,,,,,,,,,,,,,99.0,,,,
2006,2,9,,,44.0,10193.0,10183.0,106.0,20.0,1719.0,1719.0,0.0,,54.0,16.0,97.0,,,,77.0,48.92,,,340.0,350.0,,,0.0,,54.0,63.0,,,1.0,1.0,,,,,1.0,,,,1.0,,-9999.0,,,,
2006,2,10,,,,,,,,,,0.0,,,,,,,,32.0,32.0,,,,,,,0.0,,,,,,,,,,,,0.0,,,,,,-9.0,,,,
2006,2,11,,,-50.0,176.0,166.0,78.0,18.0,612.0,609.0,0.0,,23.0,10.0,40.0,,,,78.98,48.02,,,330.0,340.0,,,0.0,,76.0,94.0,,,999.0,999.0,,,,,1.0,,,,999.0,,999.0,,,,
2006,2,12,,,,,,,,,,0.0,,,,,,,,,,,,,,,,0.0,,,,,,-999.0,-999.0,,,,,,,,,-999.0,,-999.0,,,,
2006,2,13,,,,,,,,,,,,,,,,,,,,,,,,,,,,,,,,9.0,,,,,,9.0,,,,9.0,,,,,,
2006,2,14,,,78.0,149.0,139.0,111.0,25.0,2139.0,2138.0,0.0,,69.0,37.0,90.0,,,,64.94,51.08,,,170.0,180.0,,,0.0,,58.0,80.0,,,1.0,9999.0,,,,,1.0,,,,1.0,,9999.0,,,,
2006,2,15,,,,,,,,,,0.0,,,,,,,,,,,,,,,,0.0,,,,,,0.0,-99.0,,,,,0.0,,,,,,-99.0,,,,
2006,2,16,,,,,,,,,,,,,,,,,,,,,,,,,,,,,,,,,99.0,,,,,,,,,,,99.0,,,,
2006,2,17,,,94.0,10237.0,10224.0,122.0,24.0,1641.0,1225.0,0.0,,72.0,40.0,89.0,,,,69.98,50.0,,,320.0,290.0,,,0.0,,58.0,72.0,,,1.0,-9999.0,,,,,1.0,,,,1.0,,-9999.0,,,,
2006,2,18,,,,,,,,,,0.0,,,,,,,,32.0,32.0,,,,,,,0.0,,,,,,,-9.0,,,,,0.0,,,,,,-9.0,,,,
2006,2,19,,,17.0,210.0,200.0,100.0,19.0,453.0,452.0,0.0,,38.0,14.0,75.0,,,,78.08,48.92,,,290.0,280.0,,,0.0,,72.0,94.0,,,999.0,999.0,,,,,1.0,,,,999.0,,999.0,,,,
2006,2,20,,,,,,,,,,0.0,,,,,,,,,,,,,,,,0.0,,,,,,,-999.0,,,,,0.0,,,,,,-999.0,,,,
2006,2,21,,,,,,,,,,,,,,,,,,,,,,,,,,,,,,,,,9.0,,,,,,,,,,,9.0,,,,
2006,2,22,,,100.0,146.0,129.0,122.0,36.0,1128.0,1127.0,,,77.0,67.0,96.0,,,,60.980000000000004,51.98,,,190.0,190.0,,,0.0,,80.0,94.0,,,1.0,1.0,,,,,1.0,,,,9999.0,,1.0,,,,
2006,2,23,,,,,,,,,,0.0,,,,,,,,,,,,,,,,0.0,,,,,,,,,,,,,,,,-99.0,,,,,,
2006,2,24,,,,,,,,,,,,,,,,,,,,,,,,,,,,,,,,99.0,99.0,,,,,99.0,,,,99.0,,99.0,,,,
2006,2,25,,,39.0,10183.0,10176.0,83.0,29.0,1511.0,1501.0,0.0,,54.0,46.0,66.0,,,,60.980000000000004,48.92,,,280.0,290.0,,,0.0,,72.0,80.0,,,-9999.0,-9999.0,,,,,-9999.0,,,,-9999.0,,-9999.0,,,,
2006,2,26,,,,,,,,,,0.0,,,,,,,,32.0,32.0,,,,,,,0.0,,,,,,-9.0,-9.0,,,,,,,,,-9.0,,,,,,
2006,2,27,,,39.0,179.0,169.0,83.0,26.0,514.0,424.0,18.0,,56.0,44.0,74.0,,,,59.0,51.08,,,260.0,280.0,,,0.0,,67.0,80.0,,,999.0,999.0,,,,,1.0,,,,999.0,,1.0,,,,
2006,2,28,,,,,,,,,,,,,,,,,,,,,,,,,,0.0,,,,,,-999.0,-999.0,,,,,,,,,-999.0,,0.0,,,,
2006,2,29,,,,,,,,,,,,,,,,,,,,,,,,,,,,,,,,9.0,,,,,,,,,,9.0,,,,,,
2006,2,30,,,56.0,210.0,200.0,89.0,27.0,1330.0,1330.0,48.0,,66.0,48.0,86.0,,,,59.0,50.0,,,270.0,270.0,,,0.0,,89.0,94.0,,,1.0,9999.0,,,,,9999.0,,,,1.0,,1.0,,,,
2006,2,31,,,,,,,,,,0.0,,,,,,,,,32.0,,,,,,,0.0,,,,,,,-99.0,,,,,-99.0,,,,,,,,,,
2006,3,1,,,89.0,10203.0,10193.0,111.0,22.0,1623.0,1609.0,0.0,,70.0,48.0,83.0,,,,64.04,53.06,,,290.0,290.0,,,0.0,,63.0,76.0,,,-9999.0,,-9999.0,,,,-9999.0,,,,-9999.0,-9999.0,-9999.0,,,,
2006,3,2,,,,,,,,,,0.0,,,,,,,,32.0,32.0,,,,,,,0.0,,,,,,-9.0,,-9.0,,,,-9.0,,,,-9.0,-9.0,-9.0,,,,
2006,3,3,,,67.0,186.0,176.0,100.0,21.0,421.0,409.0,0.0,,65.0,50.0,80.0,,,,60.980000000000004,50.0,,,310.0,290.0,,,0.0,,72.0,94.0,,,999.0,,999.0,,,,999.0,,,,999.0,999.0,999.0,,,,
2006,3,4,,,,,,,,,,,,,,,,,,,,,,,,,,0.0,,,,,,,,-999.0,,,,,,,,,-999.0,,,,,
2006,3,6,,,50.0,200.0,190.0,94.0,18.0,1502.0,1540.0,0.0,,60.0,44.0,77.0,,,,60.980000000000004,50.0,,,290.0,280.0,,,0.0,,67.0,80.0,,,9999.0,,9999.0,,,,9999.0,,,,9999.0,9999.0,9999.0,,,,
2006,3,7,,,,,,,,,,0.0,,,,,,,,,32.0,,,,,,,0.0,,,,,,-99.0,,-99.0,,,,-99.0,,,,-99.0,-99.0,-99.0,,,,
2006,3,8,,,,,,,,,,,,,,,,,,,,,,,,,,,,,,,,99.0,,99.0,,,,99.0,,,,99.0,99.0,99.0,,,,
2006,3,9,,,78.0,10220.0,10210.0,111.0,21.0,1110.0,1110.0,0.0,,64.0,38.0,77.0,,,,66.02,53.06,,,280.0,280.0,,,0.0,,76.0,89.0,,,-9999.0,,-9999.0,,,,1.0,,,,-9999.0,-9999.0,1.0,,,,
2006,3,10,,,,,,,,,,,,,,,,,,32.0,32.0,,,,,,,0.0,,,,,,,,-9.0,,,,,,,,,,0.0,,,,
2006,3,11,,,83.0,217.0,207.0,117.0,48.0,210.0,210.0,13.0,,66.0,48.0,90.0,,,,62.959999999999994,55.94,,,290.0,280.0,,,0.0,,89.0,103.0,,,1.0,,999.0,,,,1.0,,,,1.0,1.0,1.0,,,,
2006,3,12,,,,,,,,,,0.0,,,,,,,,,,,,,,,,0.0,,,,,,,,-999.0,,,,,,,,,,,,,,
2006,3,13,,,,,,,,,,,,,,,,,,,,,,,,,,,,,,,,,,,,,,,,,,,,9.0,,,,
2006,3,14,,,67.0,129.0,119.0,100.0,44.0,1824.0,1823.0,,,64.0,57.0,72.0,,,,60.08,51.98,,,290.0,280.0,,,0.0,,94.0,107.0,,,9999.0,,9999.0,,,,9999.0,,,,9999.0,9999.0,1.0,,,,
2006,3,15,,,,,,,,,,0.0,,,,,,,,,,,,,,,,0.0,,,,,,-99.0,,-99.0,,,,-99.0,,,,-99.0,-99.0,0.0,,,,
2006,3,16,,,,,,,,,,,,,,,,,,,,,,,,,,,,,,,,99.0,,99.0,,,,99.0,,,,99.0,99.0,,,,,
2006,3,17,,,44.0,10088.0,10075.0,78.0,61.0,1212.0,1216.0,56.0,,63.0,50.0,80.0,,,,57.02,46.94,,,280.0,250.0,,,0.0,,130.0,161.0,,,-9999.0,,1.0,,,,-9999.0,,,,-9999.0,-9999.0,1.0,,,,
2006,3,18,,,,,,,,,,0.0,,,,,,,,32.0,32.0,,,,,,,0.0,,,,,,-9.0,,,,,,-9.0,,,,-9.0,-9.0,0.0,,,,
2006,3,19,,,28.0,207.0,196.0,78.0,39.0,259.0,352.0,15.0,,52.0,41.0,75.0,,,,59.0,51.08,,,220.0,290.0,,,0.0,,89.0,116.0,,,999.0,,999.0,,,,999.0,,,,999.0,999.0,1.0,,,,
2006,3,20,,,,,,,,,,,,,,,,,,,,,,,,,,0.0,,,,,,-999.0,,-999.0,,,,,,,,-999.0,-999.0,0.0,,,,
2006,3,22,,,56.0,190.0,179.0,94.0,30.0,1427.0,1229.0,0.0,,63.0,44.0,74.0,,,,62.059999999999995,46.94,,,290.0,290.0,,,0.0,,80.0,103.0,,,9999.0,,9999.0,,,,9999.0,,,,9999.0,9999.0,9999.0,,,,
2006,3,23,,,,,,,,,,0.0,,,,,,,,,,,,,,,,0.0,,,,,,-99.0,,-99.0,,,,-99.0,,,,-99.0,-99.0,,,,,
2006,3,24,,,,,,,,,,,,,,,,,,,,,,,,,,,,,,,,99.0,,99.0,,,,99.0,,,,99.0,99.0,,,,,
2006,3,25,,,67.0,10193.0,10179.0,100.0,23.0,1318.0,1405.0,0.0,,64.0,44.0,75.0,,,,62.959999999999994,50.0,,,280.0,280.0,,,0.0,,72.0,76.0,,,-9999.0,,-9999.0,,,,-9999.0,,,,-9999.0,-9999.0,-9999.0,,,,
2006,3,26,,,,,,,,,,0.0,,,,,,,,32.0,32.0,,,,,,,0.0,,,,,,-9.0,,-9.0,,,,,,,,-9.0,-9.0,,,,,
2006,3,27,,,78.0,169.0,156.0,106.0,29.0,241.0,341.0,15.0,,67.0,48.0,81.0,,,,62.959999999999994,51.98,,,290.0,280.0,,,0.0,,76.0,89.0,,,999.0,,999.0,,,,1.0,,,,999.0,999.0,1.0,,,,
2006,3,28,,,,,,,,,,0.0,,,,,,,,,,,,,,,,0.0,,,,,,-999.0,,-999.0,,,,,,,,-999.0,-999.0,0.0,,,,
2006,3,30,,,56.0,119.0,108.0,94.0,41.0,1515.0,1514.0,5.0,,63.0,51.0,77.0,,,,60.08,48.92,,,220.0,230.0,,,0.0,,76.0,94.0,,,9999.0,,9999.0,,,,9999.0,,,,9999.0,9999.0,1.0,,,,
2006,3,31,,,,,,,,,,0.0,,,,,,,,,,,,,,,,0.0,,,,,,-99.0,,-99.0,,,,-99.0,,,,-99.0,-99.0,,,,,
2006,4,1,,,83.0,10213.0,10207.0,117.0,30.0,1532.0,1531.0,0.0,,63.0,50.0,70.0,,,,66.02,55.94,,,220.0,220.0,,,0.0,,63.0,72.0,,,-9999.0,,,,,,-9999.0,,,,-9999.0,,-9999.0,,,,
2006,4,2,,,,,,,,,,0.0,,,,,,,,32.0,32.0,,,,,,,0.0,,,,,,-9.0,,,,,,-9.0,,,,-9.0,,-9.0,,,,
2006,4,3,,,67.0,203.0,190.0,106.0,30.0,547.0,347.0,0.0,,57.0,40.0,75.0,,,,66.02,51.98,,,300.0,310.0,,,0.0,,72.0,89.0,,,999.0,,,,,,999.0,,,,999.0,,999.0,,,,
2006,4,4,,,,,,,,,,0.0,,,,,,,,,,,,,,,,0.0,,,,,,-999.0,,,,,,-999.0,,,,-999.0,,,,,,
2006,4,5,,,,,,,,,,,,,,,,,,,,,,,,,,,,,,,,9.0,,,,,,9.0,,,,9.0,,,,,,
2006,4,6,,,106.0,135.0,125.0,139.0,41.0,2043.0,2042.0,104.0,,67.0,49.0,87.0,,,,69.98,57.02,,,240.0,240.0,,,0.0,,98.0,116.0,,,1.0,,,,,,1.0,,,,1.0,,1.0,,,,
2006,4,7,,,,,,,,,,0.0,,,,,,,,,,,,,,,,0.0,,,,,,,,,,,,,,,,,,0.0,,,,
2006,4,8,,,,,,,,,,,,,,,,,,,,,,,,,,,,,,,,99.0,,,,,,,,,,99.0,,,,,,
2006,4,9,,,72.0,10196.0,10186.0,106.0,24.0,1436.0,1433.0,0.0,,63.0,50.0,74.0,,,,62.959999999999994,53.06,,,270.0,270.0,,,0.0,,67.0,89.0,,,-9999.0,,,,,,-9999.0,,,,-9999.0,,1.0,,,,
2006,4,10,,,,,,,,,,,,,,,,,,32.0,32.0,,,,,,,0.0,,,,,,-9.0,,,,,,-9.0,,,,-9.0,,,,,,
2006,4,11,,,78.0,179.0,173.0,111.0,25.0,457.0,442.0,0.0,,66.0,56.0,77.0,,,,62.959999999999994,51.08,,,260.0,250.0,,,0.0,,63.0,76.0,,,999.0,,,,,,999.0,,,,999.0,,999.0,,,,
2006,4,12,,,,,,,,,,0.0,,,,,,,,,,,,,,,,0.0,,,,,,-999.0,,,,,,-999.0,,,,-999.0,,-999.0,,,,
2006,4,14,,,83.0,173.0,163.0,117.0,27.0,1413.0,1413.0,0.0,,63.0,50.0,78.0,,,,64.94,53.96,,,250.0,250.0,,,0.0,,72.0,80.0,,,9999.0,,,,,,9999.0,,,,9999.0,,9999.0,,,,
2006,4,15,,,,,,,,,,0.0,,,,,,,,,,,,,,,,0.0,,,,,,-99.0,,,,,,-99.0,,,,-99.0,,,,,,
2006,4,16,,,,,,,,,,,,,,,,,,,,,,,,,,,,,,,,99.0,,,,,,99.0,,,,99.0,,,,,,
2006,4,17,,,89.0,10166.0,10152.0,128.0,28.0,1246.0,1245.0,0.0,,60.0,47.0,75.0,,,,68.0,59.0,,,280.0,280.0,,,0.0,,63.0,72.0,,,-9999.0,,,,,,-9999.0,,,,-9999.0,,-9999.0,,,,
2006,4,18,,,,,,,,,,0.0,,,,,,,,32.0,32.0,,,,,,,0.0,,,,,,-9.0,,,,,,-9.0,,,,-9.0,,-9.0,,,,
2006,4,19,,,94.0,183.0,169.0,128.0,23.0,914.0,420.0,0.0,,62.0,40.0,78.0,,,,69.08,55.94,,,310.0,250.0,,,0.0,,54.0,76.0,,,999.0,,,,,,999.0,,,,999.0,,999.0,,,,
2006,4,20,,,,,,,,,,0.0,,,,,,,,,,,,,,,,0.0,,,,,,-999.0,,,,,,-999.0,,,,-999.0,,-999.0,,,,
2006,4,21,,,,,,,,,,,,,,,,,,,,,,,,,,,,,,,,9.0,,,,,,9.0,,,,9.0,,9.0,,,,
2006,4,22,,,122.0,129.0,119.0,139.0,33.0,1030.0,943.0,69.0,,77.0,63.0,84.0,,,,66.92,59.0,,,260.0,240.0,,,0.0,,76.0,98.0,,,1.0,,,,,,1.0,,,,1.0,,1.0,,,,
2006,4,23,,,,,,,,,,0.0,,,,,,,,,,,,,,,,0.0,,,,,,,,,,,,,,,,,,0.0,,,,
2006,4,24,,,,,,,,,,,,,,,,,,,,,,,,,,,,,,,,99.0,,,,,,,,,,99.0,,,,,,
2006,4,25,,,89.0,10186.0,10176.0,128.0,32.0,1410.0,1324.0,0.0,,61.0,41.0,72.0,,,,66.92,59.0,,,290.0,320.0,,,0.0,,89.0,107.0,,,-9999.0,,,,,,-9999.0,,,,-9999.0,,1.0,,,,
2006,4,26,,,,,,,,,,,,,,,,,,32.0,32.0,,,,,,,0.0,,,,,,-9.0,,,,,,-9.0,,,,-9.0,,0.0,,,,
2006,4,27,,,72.0,200.0,190.0,111.0,41.0,328.0,50.0,,,56.0,43.0,72.0,,,,64.94,55.94,,,290.0,290.0,,,0.0,,76.0,103.0,,,999.0,,,,,,999.0,,,,999.0,,1.0,,,,
2006,4,28,,,,,,,,,,0.0,,,,,,,,,,,,,,,,0.0,,,,,,-999.0,,,,,,-999.0,,,,-999.0,,,,,,
2006,4,29,,,,,,,,,,,,,,,,,,,,,,,,,,,,,,,,,,,,,,9.0,,,,,,,,,,
2006,4,30,,,100.0,132.0,119.0,133.0,17.0,1408.0,1408.0,0.0,,61.0,38.0,81.0,,,,71.96,57.02,,,230.0,230.0,,,0.0,,63.0,72.0,,,9999.0,,,,,,1.0,,,,9999.0,,9999.0,,,,
2006,4,31,,,,,,,,,,0.0,,,,,,,,,,,,,,,,0.0,,,,,,-99.0,,,,,,,,,,-99.0,,-99.0,,,,
2006,5,1,,,122.0,10135.0,10122.0,144.0,32.0,1118.0,1408.0,0.0,,71.0,59.0,85.0,,,,69.98,59.0,,,270.0,260.0,,,0.0,,58.0,72.0,,,-9999.0,,,,,,1.0,,,,-9999.0,,-9999.0,,,,
2006,5,2,,,,,,,,,,0.0,,,,,,,,,,,,,,,,0.0,,,,,,-9.0,,,,,,0.0,,,,-9.0,,-9.0,,,,
2006,5,3,,,122.0,139.0,129.0,144.0,30.0,401.0,224.0,0.0,,72.0,63.0,78.0,,,,68.0,60.980000000000004,,,230.0,230.0,,,0.0,,63.0,72.0,,,999.0,,,,,,1.0,,,,999.0,,999.0,,,,
2006,5,4,,,,,,,,,,0.0,,,,,,,,,,,,,,,,0.0,,,,,,-999.0,,,,,,,,,,-999.0,,-999.0,,,,
2006,5,6,,,89.0,163.0,152.0,128.0,31.0,1526.0,1458.0,0.0,,59.0,50.0,65.0,,,,66.92,62.059999999999995,,,240.0,260.0,,,0.0,,63.0,76.0,,,9999.0,,,,,,9999.0,,,,9999.0,,9999.0,,,,
2006,5,7,,,,,,,,,,0.0,,,,,,,,,,,,,,,,0.0,,,,,,-99.0,,,,,,-99.0,,,,-99.0,,-99.0,,,,
2006,5,8,,,,,,,,,,,,,,,,,,,,,,,,,,,,,,,,99.0,,,,,,99.0,,,,99.0,,99.0,,,,
2006,5,9,,,111.0,10159.0,10146.0,139.0,30.0,1627.0,1632.0,0.0,,68.0,61.0,78.0,,,,66.02,60.08,,,280.0,290.0,,,0.0,,67.0,72.0,,,-9999.0,,,,,,-9999.0,,,,-9999.0,,-9999.0,,,,
2006,5,10,,,,,,,,,,0.0,,,,,,,,32.0,32.0,,,,,,,0.0,,,,,,-9.0,,,,,,-9.0,,,,-9.0,,-9.0,,,,
2006,5,11,,,111.0,149.0,135.0,139.0,31.0,427.0,447.0,0.0,,67.0,59.0,75.0,,,,68.0,60.08,,,280.0,270.0,,,0.0,,63.0,72.0,,,999.0,,,,,,999.0,,,,999.0,,999.0,,,,
2006,5,12,,,,,,,,,,0.0,,,,,,,,,,,,,,,,0.0,,,,,,-999.0,,,,,,,,,,-999.0,,-999.0,,,,
2006,5,14,,,111.0,135.0,125.0,139.0,31.0,1301.0,1245.0,0.0,,69.0,63.0,78.0,,,,66.02,60.08,,,220.0,220.0,,,0.0,,58.0,72.0,,,9999.0,,,,,,9999.0,,,,9999.0,,9999.0,,,,
2006,5,15,,,,,,,,,,0.0,,,,,,,,,,,,,,,,0.0,,,,,,-99.0,,,,,,,,,,-99.0,,-99.0,,,,
2006,5,16,,,,,,,,,,,,,,,,,,,,,,,,,,,,,,,,99.0,,,,,,,,,,99.0,,99.0,,,,
2006,5,17,,,139.0,10142.0,10132.0,156.0,26.0,1419.0,1238.0,0.0,,77.0,71.0,84.0,,,,68.0,62.059999999999995,,,270.0,290.0,,,0.0,,58.0,67.0,,,-9999.0,,,,,,1.0,,,,-9999.0,,-9999.0,,,,
2006,5,18,,,,,,,,,,0.0,,,,,,,,32.0,32.0,,,,,,,0.0,,,,,,,,,,,,0.0,,,,,,-9.0,,,,
2006,5,19,,,128.0,139.0,129.0,144.0,28.0,529.0,538.0,0.0,,77.0,70.0,87.0,,,,64.04,60.980000000000004,,,200.0,170.0,,,0.0,,58.0,67.0,,,1.0,,,,,,1.0,,,,1.0,,999.0,,,,
2006,5,20,,,,,,,,,,0.0,,,,,,,,,,,,,,,,0.0,,,,,,,,,,,,0.0,,,,,,-999.0,,,,
2006,5,22,,,122.0,139.0,129.0,144.0,26.0,1405.0,1420.0,0.0,,73.0,65.0,78.0,,,,66.92,60.08,,,190.0,210.0,,,0.0,,58.0,67.0,,,9999.0,,,,,,1.0,,,,9999.0,,9999.0,,,,
2006,5,23,,,,,,,,,,0.0,,,,,,,,,,,,,,,,0.0,,,,,,-99.0,,,,,,0.0,,,,-99.0,,-99.0,,,,
2006,5,24,,,,,,,,,,,,,,,,,,,,,,,,,,,,,,,,99.0,,,,,,,,,,99.0,,99.0,,,,
2006,5,25,,,128.0,10152.0,10142.0,150.0,30.0,1506.0,1504.0,0.0,,73.0,68.0,78.0,,,,68.0,60.980000000000004,,,290.0,290.0,,,0.0,,63.0,76.0,,,-9999.0,,,,,,1.0,,,,-9999.0,,-9999.0,,,,
2006,5,26,,,,,,,,,,0.0,,,,,,,,32.0,32.0,,,,,,,0.0,,,,,,-9.0,,,,,,0.0,,,,,,-9.0,,,,
2006,5,27,,,133.0,132.0,119.0,150.0,25.0,554.0,126.0,0.0,,79.0,73.0,84.0,,,,64.94,62.059999999999995,,,230.0,220.0,,,0.0,,45.0,63.0,,,999.0,,,,,,1.0,,,,1.0,,999.0,,,,
2006,5,28,,,,,,,,,,0.0,,,,,,,,,,,,,,,,0.0,,,,,,,,,,,,0.0,,,,,,-999.0,,,,
2006,5,30,,,128.0,159.0,146.0,150.0,29.0,1313.0,1308.0,0.0,,72.0,63.0,78.0,,,,69.08,62.059999999999995,,,230.0,240.0,,,0.0,,58.0,72.0,,,9999.0,,,,,,1.0,,,,9999.0,,9999.0,,,,
2006,5,31,,,,,,,,,,0.0,,,,,,,,,,,,,,,,0.0,,,,,,-99.0,,,,,,0.0,,,,-99.0,,-99.0,,,,
2006,6,1,,,139.0,10142.0,10135.0,161.0,28.0,2030.0,2029.0,0.0,,69.0,55.0,76.0,,,,73.04,64.94,,,280.0,280.0,,,0.0,,58.0,63.0,,,-9999.0,-9999.0,,,,,1.0,,,,-9999.0,-9999.0,-9999.0,,,,
2006,6,2,,,,,,,,,,0.0,,,,,,,,32.0,32.0,,,,,,,0.0,,,,,,-9.0,-9.0,,,,,0.0,,,,-9.0,-9.0,-9.0,,,,
2006,6,3,,,150.0,142.0,132.0,172.0,29.0,204.0,234.0,0.0,,69.0,58.0,81.0,,,,77.0,62.959999999999994,,,290.0,320.0,,,0.0,,63.0,72.0,,,999.0,999.0,,,,,1.0,,,,999.0,999.0,999.0,,,,
2006,6,4,,,,,,,,,,0.0,,,,,,,,,,,,,,,,0.0,,,,,,,,,,,,0.0,,,,,-999.0,-999.0,,,,
2006,6,6,,,150.0,108.0,98.0,167.0,26.0,1447.0,1446.0,0.0,,77.0,64.0,90.0,,,,71.96,62.959999999999994,,,190.0,200.0,,,0.0,,58.0,67.0,,,1.0,9999.0,,,,,1.0,,,,1.0,9999.0,9999.0,,,,
2006,6,7,,,,,,,,,,0.0,,,,,,,,,,,,,,,,0.0,,,,,,,-99.0,,,,,0.0,,,,,-99.0,-99.0,,,,
2006,6,8,,,,,,,,,,,,,,,,,,,,,,,,,,,,,,,,99.0,99.0,,,,,,,,,99.0,99.0,99.0,,,,
2006,6,9,,,150.0,10119.0,10108.0,167.0,22.0,1220.0,1220.0,0.0,,76.0,70.0,81.0,,,,69.98,64.94,,,280.0,280.0,,,0.0,,58.0,67.0,,,1.0,-9999.0,,,,,1.0,,,,1.0,-9999.0,1.0,,,,
2006,6,10,,,,,,,,,,,,,,,,,,32.0,32.0,,,,,,,0.0,,,,,,0.0,-9.0,,,,,0.0,,,,,,0.0,,,,
2006,6,11,,,144.0,125.0,115.0,167.0,27.0,330.0,847.0,,,75.0,68.0,84.0,,,,68.0,64.94,,,220.0,210.0,,,0.0,,54.0,72.0,,,1.0,999.0,,,,,1.0,,,,999.0,1.0,1.0,,,,
2006,6,12,,,,,,,,,,0.0,,,,,,,,,,,,,,,,0.0,,,,,,,-999.0,,,,,0.0,,,,-999.0,,,,,,
2006,6,14,,,139.0,135.0,125.0,156.0,27.0,1418.0,1214.0,0.0,,72.0,68.0,81.0,,,,66.92,62.959999999999994,,,220.0,240.0,,,0.0,,45.0,58.0,,,9999.0,9999.0,,,,,1.0,,,,9999.0,9999.0,9999.0,,,,
2006,6,15,,,,,,,,,,0.0,,,,,,,,,,,,,,,,0.0,,,,,,-99.0,-99.0,,,,,,,,,-99.0,-99.0,-99.0,,,,
2006,6,16,,,,,,,,,,,,,,,,,,,,,,,,,,,,,,,,99.0,99.0,,,,,99.0,,,,99.0,99.0,99.0,,,,
2006,6,17,,,111.0,10112.0,10102.0,144.0,36.0,1618.0,1617.0,0.0,,61.0,51.0,73.0,,,,69.98,62.959999999999994,,,270.0,270.0,,,0.0,,67.0,76.0,,,-9999.0,-9999.0,,,,,-9999.0,,,,-9999.0,-9999.0,-9999.0,,,,
2006,6,18,,,,,,,,,,0.0,,,,,,,,32.0,32.0,,,,,,,0.0,,,,,,-9.0,-9.0,,,,,-9.0,,,,-9.0,-9.0,-9.0,,,,
2006,6,19,,,106.0,152.0,142.0,144.0,38.0,410.0,528.0,0.0,,56.0,47.0,68.0,,,,71.96,64.04,,,290.0,300.0,,,0.0,,67.0,94.0,,,999.0,999.0,,,,,999.0,,,,999.0,999.0,999.0,,,,
2006,6,20,,,,,,,,,,0.0,,,,,,,,,,,,,,,,0.0,,,,,,-999.0,-999.0,,,,,-999.0,,,,-999.0,-999.0,-999.0,,,,
2006,6,22,,,139.0,146.0,132.0,167.0,27.0,1232.0,1250.0,0.0,,63.0,50.0,76.0,,,,78.08,62.959999999999994,,,280.0,310.0,,,0.0,,76.0,89.0,,,9999.0,9999.0,,,,,9999.0,,,,9999.0,9999.0,9999.0,,,,
2006,6,23,,,,,,,,,,0.0,,,,,,,,,,,,,,,,0.0,,,,,,-99.0,-99.0,,,,,-99.0,,,,-99.0,-99.0,-99.0,,,,
2006,6,24,,,,,,,,,,,,,,,,,,,,,,,,,,,,,,,,99.0,99.0,,,,,99.0,,,,99.0,99.0,99.0,,,,
2006,6,25,,,156.0,10112.0,10102.0,183.0,29.0,1701.0,1507.0,0.0,,68.0,51.0,81.0,,,,80.06,64.94,,,170.0,160.0,,,0.0,,54.0,72.0,,,-9999.0,-9999.0,,,,,1.0,,,,-9999.0,-9999.0,-9999.0,,,,
2006,6,26,,,,,,,,,,0.0,,,,,,,,32.0,32.0,,,,,,,0.0,,,,,,,-9.0,,,,,0.0,,,,,-9.0,-9.0,,,,
2006,6,27,,,156.0,139.0,129.0,178.0,32.0,215.0,403.0,0.0,,72.0,64.0,81.0,,,,73.94,66.02,,,170.0,200.0,,,0.0,,54.0,63.0,,,1.0,999.0,,,,,1.0,,,,1.0,999.0,999.0,,,,
2006,6,28,,,,,,,,,,0.0,,,,,,,,,,,,,,,,0.0,,,,,,0.0,-999.0,,,,,0.0,,,,,-999.0,-999.0,,,,
2006,6,30,,,150.0,139.0,129.0,172.0,27.0,1357.0,1708.0,0.0,,69.0,58.0,79.0,,,,75.02,66.92,,,220.0,280.0,,,0.0,,58.0,67.0,,,9999.0,9999.0,,,,,1.0,,,,9999.0,9999.0,9999.0,,,,
2006,6,31,,,,,,,,,,0.0,,,,,,,,,,,,,,,,0.0,,,,,,-99.0,-99.0,,,,,0.0,,,,-99.0,-99.0,-99.0,,,,
2006,7,1,,,167.0,10108.0,10102.0,194.0,25.0,1223.0,1217.0,0.0,,65.0,51.0,76.0,,,,82.94,69.98,,,280.0,290.0,,,0.0,,63.0,72.0,,,-9999.0,,-9999.0,,,,1.0,,,,-9999.0,-9999.0,-9999.0,,,,
2006,7,2,,,,,,,,,,0.0,,,,,,,,32.0,32.0,,,,,,,0.0,,,,,,,,-9.0,,,,0.0,,,,-9.0,-9.0,-9.0,,,,
2006,7,3,,,178.0,129.0,119.0,194.0,26.0,759.0,900.0,0.0,,72.0,56.0,82.0,,,,78.98,68.0,,,180.0,180.0,,,0.0,,58.0,67.0,,,1.0,,999.0,,,,1.0,,,,999.0,999.0,999.0,,,,
2006,7,4,,,,,,,,,,0.0,,,,,,,,,,,,,,,,0.0,,,,,,,,-999.0,,,,0.0,,,,-999.0,-999.0,-999.0,,,,
2006,7,6,,,167.0,159.0,149.0,189.0,26.0,1506.0,1425.0,0.0,,70.0,56.0,79.0,,,,78.98,69.08,,,220.0,220.0,,,0.0,,58.0,72.0,,,9999.0,,9999.0,,,,1.0,,,,9999.0,9999.0,9999.0,,,,
2006,7,7,,,,,,,,,,0.0,,,,,,,,,,,,,,,,0.0,,,,,,-99.0,,-99.0,,,,0.0,,,,-99.0,-99.0,-99.0,,,,
2006,7,8,,,,,,,,,,,,,,,,,,,,,,,,,,,,,,,,99.0,,99.0,,,,,,,,99.0,99.0,99.0,,,,
2006,7,9,,,161.0,10152.0,10142.0,183.0,30.0,1504.0,1504.0,0.0,,68.0,60.0,76.0,,,,77.0,69.98,,,290.0,290.0,,,0.0,,63.0,72.0,,,-9999.0,,-9999.0,,,,1.0,,,,-9999.0,-9999.0,-9999.0,,,,
2006,7,10,,,,,,,,,,0.0,,,,,,,,32.0,32.0,,,,,,,0.0,,,,,,-9.0,,-9.0,,,,0.0,,,,-9.0,-9.0,-9.0,,,,
2006,7,11,,,167.0,156.0,146.0,189.0,25.0,448.0,439.0,0.0,,68.0,56.0,78.0,,,,78.98,69.08,,,290.0,280.0,,,0.0,,58.0,72.0,,,999.0,,999.0,,,,1.0,,,,999.0,999.0,999.0,,,,
2006,7,12,,,,,,,,,,0.0,,,,,,,,,,,,,,,,0.0,,,,,,-999.0,,-999.0,,,,0.0,,,,-999.0,-999.0,-999.0,,,,
2006,7,13,,,,,,,,,,,,,,,,,,,,,,,,,,,,,,,,9.0,,,,,,,,,,9.0,,,,,,
2006,7,14,,,172.0,112.0,102.0,194.0,29.0,1255.0,1218.0,0.0,,70.0,60.0,81.0,,,,78.98,69.08,,,290.0,310.0,,,0.0,,67.0,89.0,,,1.0,,9999.0,,,,1.0,,,,1.0,9999.0,9999.0,,,,
2006,7,15,,,,,,,,,,0.0,,,,,,,,,,,,,,,,0.0,,,,,,,,-99.0,,,,0.0,,,,,-99.0,-99.0,,,,
2006,7,16,,,,,,,,,,,,,,,,,,,,,,,,,,,,,,,,99.0,,99.0,,,,,,,,99.0,99.0,99.0,,,,
2006,7,17,,,167.0,10125.0,10115.0,189.0,32.0,1445.0,1355.0,0.0,,69.0,56.0,79.0,,,,78.98,68.0,,,280.0,280.0,,,0.0,,63.0,80.0,,,-9999.0,,-9999.0,,,,1.0,,,,-9999.0,-9999.0,-9999.0,,,,
2006,7,18,,,,,,,,,,0.0,,,,,,,,32.0,32.0,,,,,,,0.0,,,,,,-9.0,,-9.0,,,,0.0,,,,-9.0,-9.0,-9.0,,,,
2006,7,19,,,172.0,135.0,125.0,194.0,30.0,603.0,611.0,0.0,,67.0,51.0,81.0,,,,82.04,69.08,,,280.0,290.0,,,0.0,,72.0,80.0,,,999.0,,999.0,,,,1.0,,,,999.0,999.0,999.0,,,,
2006,7,20,,,,,,,,,,0.0,,,,,,,,,,,,,,,,0.0,,,,,,-999.0,,-999.0,,,,0.0,,,,-999.0,-999.0,-999.0,,,,
2006,7,21,,,,,,,,,,,,,,,,,,,,,,,,,,,,,,,,9.0,,,,,,,,,,9.0,,,,,,
2006,7,22,,,178.0,125.0,119.0,200.0,36.0,1152.0,1152.0,0.0,,67.0,52.0,84.0,,,,82.04,69.98,,,290.0,290.0,,,0.0,,80.0,94.0,,,1.0,,9999.0,,,,1.0,,,,1.0,9999.0,9999.0,,,,
2006,7,23,,,,,,,,,,0.0,,,,,,,,,,,,,,,,0.0,,,,,,,,-99.0,,,,0.0,,,,,-99.0,-99.0,,,,
2006,7,24,,,,,,,,,,,,,,,,,,,,,,,,,,,,,,,,99.0,,99.0,,,,,,,,99.0,99.0,99.0,,,,
2006,7,25,,,189.0,10149.0,10139.0,206.0,34.0,912.0,859.0,5.0,,73.0,62.0,81.0,,,,80.06,71.96,,,180.0,180.0,,,0.0,,67.0,80.0,,,1.0,,1.0,,,,1.0,,,,-9999.0,-9999.0,1.0,,,,
2006,7,26,,,,,,,,,,0.0,,,,,,,,32.0,32.0,,,,,,,0.0,,,,,,,,,,,,0.0,,,,-9.0,-9.0,,,,,
2006,7,27,,,183.0,142.0,129.0,200.0,27.0,421.0,401.0,0.0,,72.0,66.0,82.0,,,,78.08,71.96,,,190.0,210.0,,,0.0,,63.0,76.0,,,999.0,,999.0,,,,1.0,,,,999.0,999.0,999.0,,,,
2006,7,28,,,,,,,,,,0.0,,,,,,,,,,,,,,,,0.0,,,,,,-999.0,,-999.0,,,,0.0,,,,-999.0,-999.0,-999.0,,,,
2006,7,30,,,178.0,132.0,122.0,194.0,28.0,1258.0,1249.0,0.0,,70.0,60.0,76.0,,,,78.98,71.96,,,260.0,290.0,,,0.0,,54.0,67.0,,,9999.0,,9999.0,,,,1.0,,,,9999.0,9999.0,9999.0,,,,
2006,7,31,,,,,,,,,,0.0,,,,,,,,,,,,,,,,0.0,,,,,,-99.0,,-99.0,,,,,,,,-99.0,-99.0,-99.0,,,,
2006,8,1,,,161.0,10135.0,10129.0,189.0,31.0,1417.0,1240.0,0.0,,65.0,52.0,76.0,,,,78.08,69.98,,,210.0,240.0,,,0.0,,58.0,72.0,,,-9999.0,,,,,,-9999.0,,,,-9999.0,-9999.0,-9999.0,,,,
2006,8,2,,,,,,,,,,0.0,,,,,,,,32.0,32.0,,,,,,,0.0,,,,,,-9.0,,,,,,-9.0,,,,-9.0,-9.0,-9.0,,,,
2006,8,3,,,161.0,146.0,135.0,189.0,36.0,209.0,506.0,0.0,,63.0,56.0,71.0,,,,78.08,71.96,,,280.0,290.0,,,0.0,,67.0,89.0,,,999.0,,,,,,999.0,,,,999.0,999.0,999.0,,,,
2006,8,4,,,,,,,,,,0.0,,,,,,,,,,,,,,,,0.0,,,,,,-999.0,,,,,,,,,,-999.0,,,,,,
2006,8,6,,,139.0,146.0,135.0,172.0,33.0,1348.0,1511.0,0.0,,59.0,48.0,71.0,,,,75.92,69.98,,,220.0,220.0,,,0.0,,63.0,72.0,,,9999.0,,,,,,9999.0,,,,9999.0,9999.0,9999.0,,,,
2006,8,7,,,,,,,,,,0.0,,,,,,,,,,,,,,,,0.0,,,,,,-99.0,,,,,,-99.0,,,,-99.0,-99.0,-99.0,,,,
2006,8,8,,,,,,,,,,,,,,,,,,,,,,,,,,,,,,,,99.0,,,,,,99.0,,,,99.0,99.0,99.0,,,,
2006,8,9,,,156.0,10142.0,10129.0,183.0,42.0,1341.0,1407.0,0.0,,63.0,56.0,68.0,,,,78.08,71.06,,,280.0,320.0,,,0.0,,89.0,103.0,,,-9999.0,,,,,,-9999.0,,,,-9999.0,-9999.0,-9999.0,,,,
2006,8,10,,,,,,,,,,0.0,,,,,,,,32.0,32.0,,,,,,,0.0,,,,,,-9.0,,,,,,-9.0,,,,-9.0,-9.0,-9.0,,,,
2006,8,11,,,150.0,152.0,142.0,183.0,41.0,449.0,504.0,0.0,,61.0,50.0,73.0,,,,78.08,69.98,,,280.0,290.0,,,0.0,,76.0,94.0,,,999.0,,,,,,999.0,,,,999.0,999.0,999.0,,,,
2006,8,12,,,,,,,,,,0.0,,,,,,,,,,,,,,,,0.0,,,,,,-999.0,,,,,,-999.0,,,,-999.0,-999.0,-999.0,,,,
2006,8,14,,,172.0,129.0,119.0,194.0,32.0,1020.0,1048.0,0.0,,66.0,56.0,76.0,,,,80.06,69.98,,,290.0,290.0,,,0.0,,76.0,89.0,,,9999.0,,,,,,9999.0,,,,9999.0,9999.0,9999.0,,,,
2006,8,15,,,,,,,,,,0.0,,,,,,,,,,,,,,,,0.0,,,,,,-99.0,,,,,,,,,,-99.0,-99.0,-99.0,,,,
2006,8,16,,,,,,,,,,,,,,,,,,,,,,,,,,,,,,,,99.0,,,,,,,,,,99.0,99.0,99.0,,,,
2006,8,17,,,172.0,10132.0,10119.0,194.0,29.0,1606.0,1325.0,0.0,,69.0,60.0,79.0,,,,80.06,71.06,,,210.0,260.0,,,0.0,,54.0,67.0,,,-9999.0,,,,,,1.0,,,,-9999.0,-9999.0,-9999.0,,,,
2006,8,18,,,,,,,,,,0.0,,,,,,,,32.0,32.0,,,,,,,0.0,,,,,,-9.0,,,,,,,,,,-9.0,-9.0,-9.0,,,,
2006,8,19,,,156.0,115.0,102.0,183.0,29.0,258.0,304.0,0.0,,65.0,54.0,71.0,,,,78.08,69.98,,,260.0,270.0,,,0.0,,63.0,94.0,,,999.0,,,,,,1.0,,,,999.0,999.0,999.0,,,,
2006,8,20,,,,,,,,,,0.0,,,,,,,,,,,,,,,,0.0,,,,,,-999.0,,,,,,,,,,-999.0,-999.0,-999.0,,,,
2006,8,22,,,144.0,149.0,135.0,178.0,34.0,1514.0,1542.0,0.0,,62.0,54.0,68.0,,,,75.92,69.08,,,270.0,310.0,,,0.0,,76.0,89.0,,,9999.0,,,,,,9999.0,,,,9999.0,9999.0,9999.0,,,,
2006,8,23,,,,,,,,,,0.0,,,,,,,,,,,,,,,,0.0,,,,,,-99.0,,,,,,-99.0,,,,-99.0,-99.0,-99.0,,,,
2006,8,24,,,,,,,,,,,,,,,,,,,,,,,,,,,,,,,,99.0,,,,,,99.0,,,,99.0,99.0,99.0,,,,
2006,8,25,,,144.0,10159.0,10146.0,172.0,34.0,1638.0,1638.0,0.0,,64.0,56.0,73.0,,,,75.02,68.0,,,280.0,280.0,,,0.0,,67.0,76.0,,,-9999.0,,,,,,-9999.0,,,,-9999.0,-9999.0,-9999.0,,,,
2006,8,26,,,,,,,,,,0.0,,,,,,,,32.0,32.0,,,,,,,0.0,,,,,,-9.0,,,,,,-9.0,,,,-9.0,-9.0,-9.0,,,,
2006,8,27,,,144.0,163.0,152.0,172.0,30.0,419.0,210.0,0.0,,64.0,56.0,73.0,,,,75.92,66.92,,,290.0,260.0,,,0.0,,63.0,80.0,,,999.0,,,,,,999.0,,,,999.0,999.0,999.0,,,,
2006,8,28,,,,,,,,,,0.0,,,,,,,,,,,,,,,,0.0,,,,,,-999.0,,,,,,,,,,-999.0,-999.0,-999.0,,,,
2006,8,30,,,150.0,146.0,135.0,178.0,34.0,1439.0,1433.0,0.0,,67.0,60.0,71.0,,,,75.02,68.0,,,290.0,280.0,,,0.0,,72.0,89.0,,,9999.0,,,,,,9999.0,,,,9999.0,9999.0,9999.0,,,,
2006,8,31,,,,,,,,,,0.0,,,,,,,,,,,,,,,,0.0,,,,,,-99.0,,,,,,-99.0,,,,-99.0,-99.0,-99.0,,,,
2006,9,1,,,172.0,10105.0,10095.0,189.0,33.0,1102.0,1103.0,0.0,,76.0,64.0,87.0,,,,75.92,64.94,,,280.0,280.0,,,0.0,,76.0,89.0,,,1.0,,,,,,1.0,,,,1.0,,,,,,
2006,9,2,,,,,,,,,,0.0,,,,,,,,32.0,32.0,,,,,,,0.0,,,,,,0.0,,,,,,0.0,,,,,,,,,,
2006,9,3,,,172.0,95.0,81.0,194.0,34.0,203.0,206.0,0.0,,74.0,54.0,90.0,,,,80.06,64.94,,,290.0,280.0,,,0.0,,76.0,80.0,,,1.0,,,,,,1.0,,,,1.0,,,,,,
2006,9,4,,,,,,,,,,0.0,,,,,,,,,,,,,,,,0.0,,,,,,,,,,,,0.0,,,,,,,,,,
2006,9,6,,,167.0,105.0,98.0,194.0,35.0,1420.0,1256.0,0.0,,64.0,49.0,82.0,,,,84.02,69.98,,,330.0,300.0,,,0.0,,76.0,94.0,,,9999.0,,,,,,1.0,,,,9999.0,,,,,,
2006,9,7,,,,,,,,,,0.0,,,,,,,,,,,,,,,,0.0,,,,,,-99.0,,,,,,0.0,,,,-99.0,,,,,,
2006,9,8,,,,,,,,,,,,,,,,,,,,,,,,,,,,,,,,99.0,,,,,,,,,,99.0,,,,,,
2006,9,9,,,172.0,10142.0,10129.0,194.0,23.0,1523.0,1445.0,0.0,,72.0,56.0,84.0,,,,80.06,66.92,,,210.0,220.0,,,0.0,,54.0,67.0,,,-9999.0,,,,,,1.0,,,,-9999.0,,,,,,
2006,9,10,,,,,,,,,,0.0,,,,,,,,32.0,32.0,,,,,,,0.0,,,,,,-9.0,,,,,,0.0,,,,-9.0,,,,,,
2006,9,11,,,156.0,115.0,105.0,172.0,30.0,510.0,436.0,0.0,,75.0,66.0,84.0,,,,71.06,66.02,,,200.0,200.0,,,0.0,,58.0,72.0,,,999.0,,,,,,1.0,,,,999.0,,,,,,
2006,9,12,,,,,,,,,,0.0,,,,,,,,,,,,,,,,0.0,,,,,,-999.0,,,,,,0.0,,,,-999.0,,,,,,
2006,9,14,,,128.0,146.0,135.0,156.0,26.0,1306.0,1421.0,0.0,,65.0,55.0,70.0,,,,71.96,62.959999999999994,,,290.0,270.0,,,0.0,,63.0,72.0,,,9999.0,,,,,,9999.0,,,,9999.0,,,,,,
2006,9,15,,,,,,,,,,0.0,,,,,,,,,,,,,,,,0.0,,,,,,-99.0,,,,,,-99.0,,,,-99.0,,,,,,
2006,9,16,,,,,,,,,,,,,,,,,,,,,,,,,,,,,,,,99.0,,,,,,99.0,,,,99.0,,,,,,
2006,9,17,,,161.0,10139.0,10129.0,183.0,36.0,1259.0,1258.0,0.0,,74.0,64.0,81.0,,,,75.02,66.92,,,290.0,290.0,,,0.0,,76.0,98.0,,,-9999.0,,,,,,1.0,,,,-9999.0,,,,,,
2006,9,18,,,,,,,,,,0.0,,,,,,,,32.0,32.0,,,,,,,0.0,,,,,,,,,,,,0.0,,,,,,,,,,
2006,9,19,,,172.0,132.0,119.0,189.0,34.0,209.0,209.0,0.0,,76.0,60.0,87.0,,,,78.08,66.92,,,290.0,290.0,,,0.0,,72.0,80.0,,,1.0,,,,,,1.0,,,,1.0,,,,,,
2006,9,20,,,,,,,,,,0.0,,,,,,,,,,,,,,,,0.0,,,,,,,,,,,,,,,,,,,,,,
2006,9,22,,,133.0,102.0,88.0,156.0,31.0,1503.0,1420.0,0.0,,68.0,59.0,76.0,,,,71.06,64.94,,,210.0,240.0,,,0.0,,58.0,67.0,,,9999.0,,,,,,9999.0,,,,9999.0,,,,,,
2006,9,23,,,,,,,,,,0.0,,,,,,,,,,,,,,,,0.0,,,,,,-99.0,,,,,,-99.0,,,,-99.0,,,,,,
2006,9,24,,,,,,,,,,,,,,,,,,,,,,,,,,,,,,,,99.0,,,,,,99.0,,,,99.0,,,,,,
2006,9,25,,,122.0,10125.0,10112.0,156.0,30.0,1317.0,1445.0,0.0,,63.0,47.0,76.0,,,,73.94,60.980000000000004,,,290.0,290.0,,,0.0,,89.0,98.0,,,-9999.0,,,,,,1.0,,,,-9999.0,,,,,,
2006,9,26,,,,,,,,,,0.0,,,,,,,,32.0,32.0,,,,,,,0.0,,,,,,-9.0,,,,,,,,,,-9.0,,,,,,
2006,9,27,,,144.0,132.0,119.0,167.0,16.0,248.0,402.0,0.0,,68.0,39.0,81.0,,,,78.98,60.980000000000004,,,290.0,280.0,,,0.0,,54.0,58.0,,,999.0,,,,,,1.0,,,,999.0,,,,,,
2006,9,28,,,,,,,,,,0.0,,,,,,,,,,,,,,,,0.0,,,,,,-999.0,,,,,,0.0,,,,-999.0,,,,,,
2006,9,30,,,133.0,135.0,125.0,167.0,22.0,1621.0,1424.0,0.0,,61.0,35.0,78.0,,,,80.06,62.959999999999994,,,290.0,290.0,,,0.0,,72.0,80.0,,,9999.0,,,,,,1.0,,,,9999.0,,,,,,
2006,9,31,,,,,,,,,,0.0,,,,,,,,,,,,,,,,0.0,,,,,,-99.0,,,,,,0.0,,,,-99.0,,,,,,
2006,10,1,,,150.0,10142.0,10129.0,172.0,26.0,1153.0,1153.0,0.0,,75.0,60.0,84.0,,,,73.94,62.959999999999994,,,270.0,280.0,,,0.0,,67.0,76.0,,,1.0,-9999.0,,,,,1.0,,,,1.0,,-9999.0,,,,
2006,10,2,,,,,,,,,,0.0,,,,,,,,32.0,32.0,,,,,,,0.0,,,,,,,-9.0,,,,,0.0,,,,,,-9.0,,,,
2006,10,3,,,150.0,152.0,142.0,172.0,29.0,425.0,425.0,0.0,,73.0,59.0,84.0,,,,73.94,64.94,,,290.0,290.0,,,0.0,,72.0,89.0,,,999.0,999.0,,,,,1.0,,,,999.0,,999.0,,,,
2006,10,4,,,,,,,,,,0.0,,,,,,,,,,,,,,,,0.0,,,,,,-999.0,-999.0,,,,,,,,,-999.0,,-999.0,,,,
2006,10,6,,,122.0,149.0,139.0,150.0,24.0,1310.0,1306.0,0.0,,68.0,59.0,78.0,,,,69.98,62.059999999999995,,,280.0,280.0,,,0.0,,63.0,72.0,,,9999.0,9999.0,,,,,9999.0,,,,9999.0,,9999.0,,,,
2006,10,7,,,,,,,,,,0.0,,,,,,,,,,,,,,,,0.0,,,,,,-99.0,-99.0,,,,,-99.0,,,,-99.0,,-99.0,,,,
2006,10,8,,,,,,,,,,,,,,,,,,,,,,,,,,,,,,,,99.0,99.0,,,,,99.0,,,,99.0,,99.0,,,,
2006,10,9,,,106.0,10159.0,10149.0,139.0,29.0,1314.0,1313.0,0.0,,61.0,47.0,70.0,,,,69.08,62.059999999999995,,,250.0,250.0,,,0.0,,72.0,80.0,,,-9999.0,-9999.0,,,,,-9999.0,,,,-9999.0,,-9999.0,,,,
2006,10,10,,,,,,,,,,0.0,,,,,,,,32.0,32.0,,,,,,,0.0,,,,,,-9.0,-9.0,,,,,-9.0,,,,-9.0,,-9.0,,,,
2006,10,11,,,111.0,159.0,146.0,139.0,24.0,431.0,335.0,0.0,,67.0,57.0,78.0,,,,69.08,57.92,,,270.0,270.0,,,0.0,,67.0,94.0,,,999.0,999.0,,,,,999.0,,,,999.0,,999.0,,,,
2006,10,12,,,,,,,,,,0.0,,,,,,,,,,,,,,,,0.0,,,,,,,-999.0,,,,,,,,,-999.0,,-999.0,,,,
2006,10,14,,,122.0,146.0,132.0,150.0,22.0,1436.0,1434.0,0.0,,68.0,59.0,75.0,,,,68.0,62.959999999999994,,,220.0,220.0,,,0.0,,45.0,58.0,,,9999.0,9999.0,,,,,1.0,,,,9999.0,,9999.0,,,,
2006,10,15,,,,,,,,,,0.0,,,,,,,,,,,,,,,,0.0,,,,,,-99.0,-99.0,,,,,,,,,-99.0,,-99.0,,,,
2006,10,16,,,,,,,,,,,,,,,,,,,,,,,,,,,,,,,,99.0,99.0,,,,,,,,,99.0,,99.0,,,,
2006,10,17,,,117.0,10146.0,10135.0,144.0,21.0,1438.0,415.0,0.0,,66.0,59.0,76.0,,,,69.08,60.980000000000004,,,280.0,20.0,,,0.0,,63.0,80.0,,,-9999.0,-9999.0,,,,,1.0,,,,-9999.0,,-9999.0,,,,
2006,10,18,,,,,,,,,,0.0,,,,,,,,32.0,32.0,,,,,,,0.0,,,,,,-9.0,-9.0,,,,,,,,,-9.0,,-9.0,,,,
2006,10,19,,,111.0,125.0,112.0,139.0,18.0,424.0,308.0,0.0,,63.0,41.0,72.0,,,,71.06,59.0,,,270.0,270.0,,,0.0,,58.0,72.0,,,999.0,999.0,,,,,999.0,,,,999.0,,999.0,,,,
2006,10,20,,,,,,,,,,0.0,,,,,,,,,,,,,,,,0.0,,,,,,-999.0,-999.0,,,,,,,,,-999.0,,,,,,
2006,10,21,,,,,,,,,,,,,,,,,,,,,,,,,,,,,,,,9.0,,,,,,,,,,9.0,,,,,,
2006,10,22,,,128.0,119.0,108.0,150.0,27.0,1435.0,1417.0,188.0,,75.0,61.0,86.0,,,,68.0,59.0,,,280.0,300.0,,,0.0,,63.0,76.0,,,1.0,9999.0,,,,,1.0,,,,1.0,,1.0,,,,
2006,10,23,,,,,,,,,,0.0,,,,,,,,,,,,,,,,0.0,,,,,,,-99.0,,,,,,,,,,,0.0,,,,
2006,10,24,,,,,,,,,,,,,,,,,,,,,,,,,,,,,,,,99.0,99.0,,,,,99.0,,,,99.0,,,,,,
2006,10,25,,,122.0,10102.0,10091.0,144.0,27.0,1300.0,1305.0,0.0,,69.0,59.0,73.0,,,,66.02,62.959999999999994,,,270.0,260.0,,,0.0,,58.0,67.0,,,-9999.0,-9999.0,,,,,-9999.0,,,,-9999.0,,-9999.0,,,,
2006,10,26,,,,,,,,,,0.0,,,,,,,,32.0,32.0,,,,,,,0.0,,,,,,-9.0,-9.0,,,,,-9.0,,,,-9.0,,-9.0,,,,
2006,10,27,,,100.0,119.0,108.0,133.0,28.0,213.0,214.0,0.0,,61.0,49.0,76.0,,,,66.92,60.08,,,230.0,230.0,,,0.0,,63.0,72.0,,,999.0,999.0,,,,,999.0,,,,999.0,,999.0,,,,
2006,10,28,,,,,,,,,,0.0,,,,,,,,,,,,,,,,0.0,,,,,,-999.0,-999.0,,,,,-999.0,,,,-999.0,,-999.0,,,,
2006,10,30,,,33.0,159.0,146.0,117.0,16.0,1441.0,1418.0,0.0,,34.0,19.0,49.0,,,,78.98,57.02,,,300.0,320.0,,,0.0,,72.0,89.0,,,9999.0,9999.0,,,,,9999.0,,,,9999.0,,9999.0,,,,
2006,10,31,,,,,,,,,,0.0,,,,,,,,,,,,,,,,0.0,,,,,,-99.0,-99.0,,,,,-99.0,,,,-99.0,,-99.0,,,,
2006,11,1,,,111.0,10176.0,10163.0,139.0,30.0,1308.0,1308.0,0.0,,68.0,56.0,81.0,,,,68.0,60.08,,,290.0,290.0,,,0.0,,76.0,89.0,,,-9999.0,-9999.0,,,,,1.0,,,,-9999.0,,-9999.0,,,,
2006,11,2,,,,,,,,,,0.0,,,,,,,,32.0,32.0,,,,,,,0.0,,,,,,,-9.0,,,,,0.0,,,,,,-9.0,,,,
2006,11,3,,,133.0,176.0,169.0,150.0,26.0,246.0,322.0,0.0,,75.0,61.0,90.0,,,,71.06,55.94,,,290.0,300.0,,,0.0,,72.0,89.0,,,1.0,999.0,,,,,1.0,,,,1.0,,999.0,,,,
2006,11,4,,,,,,,,,,0.0,,,,,,,,,,,,,,,,0.0,,,,,,0.0,-999.0,,,,,0.0,,,,,,-999.0,,,,
2006,11,6,,,133.0,166.0,156.0,150.0,26.0,1241.0,1427.0,0.0,,75.0,65.0,81.0,,,,69.08,60.980000000000004,,,290.0,290.0,,,0.0,,72.0,76.0,,,9999.0,9999.0,,,,,1.0,,,,9999.0,,9999.0,,,,
2006,11,7,,,,,,,,,,0.0,,,,,,,,,,,,,,,,0.0,,,,,,,-99.0,,,,,0.0,,,,,,-99.0,,,,
2006,11,8,,,,,,,,,,,,,,,,,,,,,,,,,,,,,,,,,99.0,,,,,,,,,,,99.0,,,,
2006,11,9,,,33.0,10163.0,10152.0,128.0,15.0,1422.0,1359.0,0.0,,30.0,15.0,46.0,,,,84.91999999999999,59.0,,,300.0,310.0,,,0.0,,63.0,80.0,,,-9999.0,-9999.0,,,,,1.0,,,,-9999.0,,-9999.0,,,,
2006,11,10,,,,,,,,,,0.0,,,,,,,,32.0,32.0,,,,,,,0.0,,,,,,-9.0,-9.0,,,,,,,,,-9.0,,-9.0,,,,
2006,11,11,,,56.0,132.0,119.0,133.0,14.0,232.0,239.0,0.0,,37.0,14.0,55.0,,,,87.98,60.980000000000004,,,170.0,170.0,,,0.0,,58.0,63.0,,,999.0,999.0,,,,,1.0,,,,999.0,,999.0,,,,
2006,11,12,,,,,,,,,,0.0,,,,,,,,,,,,,,,,0.0,,,,,,,-999.0,,,,,0.0,,,,-999.0,,-999.0,,,,
2006,11,14,,,128.0,129.0,119.0,150.0,31.0,1537.0,247.0,0.0,,72.0,63.0,78.0,,,,69.08,62.959999999999994,,,270.0,160.0,,,0.0,,58.0,67.0,,,9999.0,9999.0,,,,,1.0,,,,9999.0,,9999.0,,,,
2006,11,15,,,,,,,,,,0.0,,,,,,,,,,,,,,,,0.0,,,,,,-99.0,-99.0,,,,,,,,,-99.0,,-99.0,,,,
2006,11,16,,,,,,,,,,,,,,,,,,,,,,,,,,,,,,,,99.0,99.0,,,,,,,,,99.0,,99.0,,,,
2006,11,17,,,128.0,10152.0,10142.0,144.0,24.0,1545.0,1543.0,10.0,,75.0,60.0,87.0,,,,68.0,60.08,,,290.0,290.0,,,0.0,,72.0,80.0,,,1.0,-9999.0,,,,,1.0,,,,1.0,,1.0,,,,
2006,11,18,,,,,,,,,,0.0,,,,,,,,32.0,32.0,,,,,,,0.0,,,,,,,-9.0,,,,,,,,,,,0.0,,,,
2006,11,19,,,117.0,169.0,159.0,139.0,18.0,425.0,425.0,,,73.0,55.0,87.0,,,,68.0,57.02,,,290.0,290.0,,,0.0,,76.0,89.0,,,999.0,999.0,,,,,999.0,,,,999.0,,1.0,,,,
2006,11,20,,,,,,,,,,0.0,,,,,,,,,,,,,,,,0.0,,,,,,-999.0,-999.0,,,,,,,,,-999.0,,,,,,
2006,11,21,,,,,,,,,,,,,,,,,,,,,,,,,,,,,,,,9.0,,,,,,,,,,9.0,,9.0,,,,
2006,11,22,,,139.0,169.0,159.0,150.0,16.0,949.0,949.0,5.0,,84.0,78.0,90.0,,,,64.94,59.0,,,330.0,340.0,,,0.0,,31.0,67.0,,,1.0,9999.0,,,,,1.0,,,,1.0,,1.0,,,,
2006,11,23,,,,,,,,,,0.0,,,,,,,,,,,,,,,,0.0,,,,,,0.0,-99.0,,,,,0.0,,,,,,,,,,
2006,11,24,,,,,,,,,,,,,,,,,,,,,,,,,,,,,,,,,99.0,,,,,,,,,,,99.0,,,,
2006,11,25,,,89.0,10135.0,10125.0,133.0,13.0,1328.0,1328.0,0.0,,61.0,22.0,90.0,,,,75.92,53.96,,,320.0,310.0,,,0.0,,54.0,58.0,,,1.0,1.0,,,,,1.0,,,,1.0,,-9999.0,,,,
2006,11,26,,,,,,,,,,0.0,,,,,,,,32.0,32.0,,,,,,,0.0,,,,,,0.0,,,,,,,,,,,,-9.0,,,,
2006,11,27,,,128.0,149.0,135.0,144.0,12.0,401.0,401.0,0.0,,75.0,53.0,93.0,,,,69.98,55.04,,,310.0,310.0,,,0.0,,40.0,45.0,,,1.0,1.0,,,,,1.0,,,,1.0,,999.0,,,,
2006,11,28,,,,,,,,,,0.0,,,,,,,,,,,,,,,,0.0,,,,,,0.0,,,,,,0.0,,,,,,-999.0,,,,
2006,11,30,,,122.0,163.0,152.0,144.0,15.0,1235.0,1235.0,0.0,,72.0,39.0,97.0,,,,77.0,55.94,,,310.0,310.0,,,0.0,,63.0,67.0,,,1.0,1.0,,,,,1.0,,,,1.0,,9999.0,,,,
2006,11,31,,,,,,,,,,0.0,,,,,,,,,,,,,,,,0.0,,,,,,0.0,,,,,,0.0,,,,,,-99.0,,,,
2006,12,1,,,-6.0,10193.0,10179.0,72.0,19.0,1254.0,1513.0,0.0,,40.0,16.0,62.0,,,,66.92,44.06,,,290.0,300.0,,,0.0,,63.0,67.0,,,-9999.0,-9999.0,,,,,1.0,,,,-9999.0,,-9999.0,,,,
2006,12,2,,,,,,,,,,0.0,,,,,,,,32.0,32.0,,,,,,,0.0,,,,,,-9.0,-9.0,,,,,0.0,,,,-9.0,,-9.0,,,,
2006,12,3,,,-28.0,196.0,186.0,78.0,21.0,245.0,632.0,0.0,,32.0,9.0,61.0,,,,75.92,46.04,,,320.0,80.0,,,0.0,,54.0,67.0,,,999.0,999.0,,,,,1.0,,,,999.0,,999.0,,,,
2006,12,4,,,,,,,,,,0.0,,,,,,,,,,,,,,,,0.0,,,,,,-999.0,-999.0,,,,,0.0,,,,-999.0,,-999.0,,,,
2006,12,6,,,-78.0,203.0,190.0,56.0,14.0,1213.0,1203.0,0.0,,23.0,6.0,41.0,,,,71.96,42.980000000000004,,,290.0,290.0,,,0.0,,58.0,67.0,,,9999.0,9999.0,,,,,1.0,,,,9999.0,,9999.0,,,,
2006,12,7,,,,,,,,,,0.0,,,,,,,,,32.0,,,,,,,0.0,,,,,,-99.0,-99.0,,,,,,,,,-99.0,,-99.0,,,,
2006,12,8,,,,,,,,,,,,,,,,,,,,,,,,,,,,,,,,99.0,99.0,,,,,,,,,99.0,,99.0,,,,
2006,12,9,,,39.0,10210.0,10200.0,89.0,17.0,1248.0,1255.0,0.0,,55.0,26.0,77.0,,,,66.92,44.06,,,290.0,290.0,,,0.0,,58.0,63.0,,,-9999.0,-9999.0,,,,,1.0,,,,-9999.0,,-9999.0,,,,
2006,12,10,,,,,,,,,,0.0,,,,,,,,32.0,32.0,,,,,,,0.0,,,,,,,-9.0,,,,,0.0,,,,,,-9.0,,,,
2006,12,11,,,44.0,193.0,179.0,94.0,14.0,233.0,427.0,0.0,,53.0,20.0,78.0,,,,73.94,44.96,,,320.0,300.0,,,0.0,,58.0,63.0,,,1.0,999.0,,,,,1.0,,,,1.0,,999.0,,,,
2006,12,12,,,,,,,,,,0.0,,,,,,,,,,,,,,,,0.0,,,,,,0.0,-999.0,,,,,0.0,,,,,,-999.0,,,,
2006,12,13,,,,,,,,,,,,,,,,,,,,,,,,,,,,,,,,,,,,,,,,,,,,9.0,,,,
2006,12,14,,,94.0,213.0,200.0,117.0,21.0,2359.0,2358.0,8.0,,72.0,43.0,86.0,,,,66.02,51.08,,,220.0,210.0,,,0.0,,112.0,134.0,,,1.0,9999.0,,,,,1.0,,,,1.0,,1.0,,,,
2006,12,15,,,,,,,,,,0.0,,,,,,,,,,,,,,,,0.0,,,,,,0.0,-99.0,,,,,,,,,,,0.0,,,,
2006,12,16,,,,,,,,,,,,,,,,,,,,,,,,,,,,,,,,,99.0,,,,,99.0,,,,,,,,,,
2006,12,17,,,94.0,10230.0,10257.0,117.0,23.0,1559.0,1610.0,0.0,,71.0,60.0,83.0,,,,64.04,55.04,,,290.0,290.0,,,0.0,,63.0,67.0,,,-9999.0,-9999.0,,,,,-9999.0,,,,-9999.0,,-9999.0,,,,
2006,12,18,,,,,,,,,,0.0,,,,,,,,32.0,32.0,,,,,,,0.0,,,,,,,-9.0,,,,,,,,,,,-9.0,,,,
2006,12,19,,,94.0,261.0,251.0,117.0,16.0,453.0,458.0,0.0,,74.0,50.0,87.0,,,,64.94,50.0,,,290.0,300.0,,,0.0,,72.0,80.0,,,1.0,999.0,,,,,1.0,,,,1.0,,999.0,,,,
2006,12,20,,,,,,,,,,0.0,,,,,,,,,,,,,,,,0.0,,,,,,0.0,-999.0,,,,,0.0,,,,,,-999.0,,,,
2006,12,21,,,,,,,,,,,,,,,,,,,,,,,,,,,,,,,,,9.0,,,,,,,,,9.0,,,,,,
2006,12,22,,,94.0,190.0,179.0,122.0,10.0,1332.0,1324.0,0.0,,69.0,39.0,93.0,,,,69.98,51.08,,,280.0,300.0,,,0.0,,45.0,58.0,,,1.0,1.0,,,,,1.0,,,,1.0,,9999.0,,,,
2006,12,23,,,,,,,,,,0.0,,,,,,,,,,,,,,,,0.0,,,,,,0.0,,,,,,,,,,,,-99.0,,,,
2006,12,24,,,,,,,,,,,,,,,,,,,,,,,,,,,,,,,,,,,,,,,,,,,,99.0,,,,
2006,12,25,,,72.0,10129.0,10119.0,106.0,45.0,2304.0,2303.0,41.0,,63.0,48.0,80.0,,,,60.08,53.06,,,280.0,290.0,,,0.0,,76.0,103.0,,,-9999.0,-9999.0,,,,,1.0,,,,-9999.0,,1.0,,,,
2006,12,26,,,,,,,,,,0.0,,,,,,,,32.0,32.0,,,,,,,0.0,,,,,,-9.0,-9.0,,,,,,,,,-9.0,,0.0,,,,
2006,12,27,,,50.0,196.0,190.0,83.0,26.0,712.0,711.0,58.0,,66.0,47.0,80.0,,,,57.92,48.02,,,300.0,300.0,,,0.0,,89.0,116.0,,,999.0,999.0,,,,,1.0,,,,999.0,,1.0,,,,
2006,12,28,,,,,,,,,,0.0,,,,,,,,,,,,,,,,0.0,,,,,,-999.0,-999.0,,,,,,,,,-999.0,,,,,,
2006,12,30,,,-11.0,244.0,234.0,56.0,20.0,1343.0,1342.0,0.0,,47.0,26.0,63.0,,,,59.0,42.08,,,290.0,280.0,,,0.0,,76.0,89.0,,,9999.0,9999.0,,,,,9999.0,,,,9999.0,,9999.0,,,,
2006,12,31,,,,,,,,,,0.0,,,,,,,,,32.0,,,,,,,0.0,,,,,,-99.0,-99.0,,,,,-99.0,,,,-99.0,,-99.0,,,,
2007,1,1,,,78.0,10183.0,10173.0,106.0,17.0,1511.0,1344.0,0.0,,70.0,56.0,80.0,,,,60.980000000000004,50.0,,,290.0,280.0,,,0.0,,67.0,80.0,,,-9999.0,,,,,,1.0,,,,-9999.0,,-9999.0,,,,
2007,1,2,,,,,,,,,,0.0,,,,,,,,32.0,32.0,,,,,,,0.0,,,,,,-9.0,,,,,,0.0,,,,-9.0,,-9.0,,,,
2007,1,3,,,28.0,186.0,176.0,89.0,18.0,453.0,454.0,0.0,,49.0,22.0,80.0,,,,69.98,46.94,,,320.0,320.0,,,0.0,,72.0,80.0,,,999.0,,,,,,1.0,,,,999.0,,999.0,,,,
2007,1,4,,,,,,,,,,0.0,,,,,,,,,,,,,,,,0.0,,,,,,-999.0,,,,,,,,,,-999.0,,-999.0,,,,
2007,1,5,,,,,,,,,,,,,,,,,,,,,,,,,,,,,,,,9.0,,,,,,9.0,,,,9.0,,9.0,,,,
2007,1,6,,,89.0,190.0,179.0,111.0,36.0,2354.0,2356.0,10.0,,71.0,64.0,84.0,,,,59.0,55.04,,,280.0,280.0,,,0.0,,107.0,130.0,,,1.0,,,,,,1.0,,,,1.0,,1.0,,,,
2007,1,7,,,,,,,,,,0.0,,,,,,,,,32.0,,,,,,,0.0,,,,,,,,,,,,0.0,,,,,,,,,,
2007,1,8,,,,,,,,,,,,,,,,,,,,,,,,,,,,,,,,99.0,,,,,,,,,,99.0,,99.0,,,,
2007,1,9,,,-78.0,10251.0,10240.0,50.0,21.0,1313.0,435.0,0.0,,29.0,12.0,57.0,,,,62.059999999999995,46.94,,,280.0,20.0,,,0.0,,58.0,67.0,,,-9999.0,,,,,,1.0,,,,-9999.0,,-9999.0,,,,
2007,1,10,,,,,,,,,,0.0,,,,,,,,32.0,32.0,,,,,,,0.0,,,,,,-9.0,,,,,,,,,,-9.0,,-9.0,,,,
2007,1,11,,,-11.0,247.0,237.0,78.0,20.0,339.0,310.0,0.0,,38.0,11.0,61.0,,,,77.0,44.06,,,30.0,40.0,,,0.0,,80.0,107.0,,,999.0,,,,,,999.0,,,,999.0,,999.0,,,,
2007,1,12,,,,,,,,,,0.0,,,,,,,,,,,,,,,,0.0,,,,,,-999.0,,,,,,,,,,-999.0,,-999.0,,,,
2007,1,14,,,0.0,179.0,169.0,83.0,10.0,1115.0,1115.0,0.0,,37.0,17.0,59.0,,,,75.02,50.0,,,170.0,170.0,,,0.0,,72.0,76.0,,,9999.0,,,,,,1.0,,,,9999.0,,9999.0,,,,
2007,1,15,,,,,,,,,,0.0,,,,,,,,,,,,,,,,0.0,,,,,,,,,,,,,,,,-99.0,,-99.0,,,,
2007,1,16,,,,,,,,,,,,,,,,,,,,,,,,,,,,,,,,,,,,,,,,,,99.0,,99.0,,,,
2007,1,17,,,61.0,10142.0,10135.0,94.0,40.0,1608.0,2141.0,0.0,,65.0,51.0,75.0,,,,59.0,51.98,,,250.0,250.0,,,0.0,,89.0,98.0,,,-9999.0,,,,,,-9999.0,,,,-9999.0,,1.0,,,,
2007,1,18,,,,,,,,,,,,,,,,,,32.0,32.0,,,,,,,0.0,,,,,,-9.0,,,,,,-9.0,,,,-9.0,,0.0,,,,
2007,1,19,,,-33.0,166.0,156.0,50.0,47.0,218.0,108.0,,,37.0,26.0,52.0,,,,55.94,46.04,,,280.0,260.0,,,0.0,,98.0,116.0,,,999.0,,,,,,999.0,,,,999.0,,1.0,,,,
2007,1,20,,,,,,,,,,0.0,,,,,,,,,,,,,,,,0.0,,,,,,-999.0,,,,,,,,,,-999.0,,0.0,,,,
2007,1,22,,,-72.0,247.0,237.0,22.0,16.0,1302.0,720.0,0.0,,35.0,19.0,50.0,,,,53.96,35.96,,,260.0,190.0,,,0.0,,58.0,76.0,,,9999.0,,,,,,9999.0,,,,9999.0,,9999.0,,,,
2007,1,23,,,,,,,,,,0.0,,,,,,,,,32.0,,,,,,,0.0,,,,,,-99.0,,,,,,,,,,-99.0,,-99.0,,,,
2007,1,24,,,,,,,,,,,,,,,,,,,,,,,,,,,,,,,,99.0,,,,,,,,,,99.0,,99.0,,,,
2007,1,25,,,-78.0,10227.0,10217.0,28.0,19.0,1549.0,1617.0,0.0,,31.0,18.0,46.0,,,,57.92,37.04,,,310.0,310.0,,,0.0,,67.0,76.0,,,-9999.0,,,,,,1.0,,,,-9999.0,,-9999.0,,,,
2007,1,26,,,,,,,,,,0.0,,,,,,,,32.0,32.0,,,,,,,0.0,,,,,,-9.0,,,,,,,,,,-9.0,,,,,,
2007,1,27,,,-17.0,207.0,193.0,50.0,18.0,439.0,443.0,,,49.0,30.0,71.0,,,,57.02,37.94,,,280.0,290.0,,,0.0,,72.0,89.0,,,999.0,,,,,,999.0,,,,999.0,,1.0,,,,
2007,1,28,,,,,,,,,,0.0,,,,,,,,,,,,,,,,0.0,,,,,,-999.0,,,,,,-999.0,,,,-999.0,,,,,,
2007,1,29,,,,,,,,,,,,,,,,,,,,,,,,,,,,,,,,,,,,,,9.0,,,,,,9.0,,,,
2007,1,30,,,17.0,179.0,169.0,72.0,16.0,1143.0,1200.0,,,50.0,36.0,63.0,,,,60.980000000000004,44.96,,,290.0,290.0,,,0.0,,58.0,63.0,,,9999.0,,,,,,1.0,,,,9999.0,,1.0,,,,
2007,1,31,,,,,,,,,,0.0,,,,,,,,,32.0,,,,,,,0.0,,,,,,-99.0,,,,,,,,,,-99.0,,,,,,
2007,2,1,,,50.0,10173.0,10163.0,94.0,26.0,1252.0,1251.0,0.0,,58.0,50.0,64.0,,,,59.0,53.06,,,250.0,260.0,,,0.0,,63.0,76.0,,,-9999.0,-9999.0,,,,,-9999.0,,,,-9999.0,,-9999.0,,,,
2007,2,2,,,,,,,,,,0.0,,,,,,,,32.0,32.0,,,,,,,0.0,,,,,,-9.0,-9.0,,,,,,,,,-9.0,,-9.0,,,,
2007,2,3,,,61.0,210.0,200.0,94.0,18.0,446.0,514.0,0.0,,65.0,47.0,77.0,,,,60.980000000000004,48.02,,,290.0,290.0,,,0.0,,67.0,76.0,,,999.0,999.0,,,,,1.0,,,,999.0,,999.0,,,,
2007,2,4,,,,,,,,,,0.0,,,,,,,,,,,,,,,,0.0,,,,,,-999.0,-999.0,,,,,,,,,-999.0,,-999.0,,,,
2007,2,6,,,39.0,210.0,200.0,100.0,16.0,1126.0,1531.0,0.0,,51.0,7.0,80.0,,,,80.06,46.04,,,310.0,290.0,,,0.0,,54.0,58.0,,,9999.0,9999.0,,,,,1.0,,,,9999.0,,9999.0,,,,
2007,2,7,,,,,,,,,,0.0,,,,,,,,,,,,,,,,0.0,,,,,,-99.0,-99.0,,,,,0.0,,,,-99.0,,-99.0,,,,
2007,2,8,,,,,,,,,,,,,,,,,,,,,,,,,,,,,,,,99.0,99.0,,,,,,,,,99.0,,99.0,,,,
2007,2,9,,,89.0,10193.0,10186.0,111.0,13.0,1635.0,1643.0,0.0,,73.0,51.0,89.0,,,,69.08,50.0,,,320.0,320.0,,,0.0,,54.0,58.0,,,1.0,1.0,,,,,1.0,,,,1.0,,-9999.0,,,,
2007,2,10,,,,,,,,,,0.0,,,,,,,,32.0,32.0,,,,,,,0.0,,,,,,0.0,,,,,,0.0,,,,,,-9.0,,,,
2007,2,11,,,89.0,190.0,179.0,106.0,22.0,405.0,404.0,0.0,,78.0,56.0,96.0,,,,60.980000000000004,48.02,,,270.0,280.0,,,0.0,,54.0,63.0,,,1.0,1.0,,,,,1.0,,,,1.0,,999.0,,,,
2007,2,12,,,,,,,,,,0.0,,,,,,,,,,,,,,,,0.0,,,,,,0.0,,,,,,0.0,,,,,,-999.0,,,,
2007,2,14,,,94.0,207.0,190.0,117.0,22.0,1320.0,1329.0,0.0,,75.0,56.0,87.0,,,,64.04,51.08,,,290.0,300.0,,,0.0,,72.0,80.0,,,1.0,9999.0,,,,,1.0,,,,1.0,,9999.0,,,,
2007,2,15,,,,,,,,,,0.0,,,,,,,,,,,,,,,,0.0,,,,,,0.0,-99.0,,,,,0.0,,,,,,,,,,
2007,2,16,,,,,,,,,,,,,,,,,,,,,,,,,,,,,,,,,99.0,,,,,,,,,,,,,,,
2007,2,17,,,111.0,10173.0,10163.0,122.0,25.0,1152.0,1143.0,5.0,,83.0,75.0,90.0,,,,60.980000000000004,53.96,,,180.0,180.0,,,0.0,,67.0,80.0,,,1.0,-9999.0,,,,,1.0,,,,1.0,,1.0,,,,
2007,2,18,,,,,,,,,,0.0,,,,,,,,32.0,32.0,,,,,,,0.0,,,,,,,-9.0,,,,,,,,,,,,,,,
2007,2,19,,,78.0,196.0,186.0,106.0,26.0,337.0,326.0,0.0,,69.0,53.0,86.0,,,,60.980000000000004,51.98,,,270.0,270.0,,,0.0,,67.0,76.0,,,999.0,999.0,,,,,999.0,,,,999.0,,999.0,,,,
2007,2,20,,,,,,,,,,0.0,,,,,,,,,,,,,,,,0.0,,,,,,-999.0,-999.0,,,,,-999.0,,,,-999.0,,,,,,
2007,2,21,,,,,,,,,,,,,,,,,,,,,,,,,,,,,,,,,,,,,,9.0,,,,,,,,,,
2007,2,22,,,78.0,234.0,224.0,106.0,20.0,1715.0,1302.0,0.0,,67.0,52.0,83.0,,,,64.04,51.08,,,310.0,250.0,,,0.0,,58.0,72.0,,,9999.0,9999.0,,,,,1.0,,,,9999.0,,9999.0,,,,
2007,2,23,,,,,,,,,,0.0,,,,,,,,,,,,,,,,0.0,,,,,,-99.0,-99.0,,,,,,,,,-99.0,,-99.0,,,,
2007,2,24,,,,,,,,,,,,,,,,,,,,,,,,,,,,,,,,99.0,99.0,,,,,99.0,,,,99.0,,99.0,,,,
2007,2,25,,,67.0,-9999.0,-9999.0,117.0,18.0,1220.0,1217.0,0.0,,55.0,38.0,72.0,,,,71.06,51.08,,,290.0,290.0,,,0.0,,58.0,72.0,,,-9999.0,-9999.0,,,,,-9999.0,,,,-9999.0,,-9999.0,,,,
2007,2,26,,,,10.0,10.0,,,,,0.0,,,,,,,,32.0,32.0,,,,,,,0.0,,,,,,-9.0,-9.0,,,,,,,,,-9.0,,-9.0,,,,
2007,2,27,,,33.0,176.0,163.0,111.0,13.0,322.0,429.0,0.0,,38.0,17.0,59.0,,,,80.96,53.06,,,190.0,210.0,,,0.0,,54.0,58.0,,,999.0,999.0,,,,,1.0,,,,999.0,,999.0,,,,
2007,2,28,,,,,,,,,,,,,,,,,,,,,,,,,,0.0,,,,,,-999.0,-999.0,,,,,,,,,-999.0,,,,,,
2007,2,29,,,,,,,,,,,,,,,,,,,,,,,,,,,,,,,,9.0,,,,,,,,,,9.0,,,,,,
2007,2,30,,,94.0,142.0,135.0,111.0,58.0,1137.0,1135.0,178.0,,80.0,72.0,90.0,,,,57.92,51.98,,,210.0,210.0,,,0.0,,112.0,139.0,,,1.0,9999.0,,,,,1.0,,,,1.0,,1.0,,,,
2007,2,31,,,,,,,,,,0.0,,,,,,,,,,,,,,,,0.0,,,,,,,-99.0,,,,,,,,,,,,,,,
2007,3,1,,,28.0,10203.0,10190.0,72.0,26.0,1626.0,1626.0,0.0,,57.0,38.0,77.0,,,,59.0,46.04,,,290.0,290.0,,,0.0,,72.0,80.0,,,-9999.0,,-9999.0,,,,1.0,,,,-9999.0,,-9999.0,,,,
2007,3,2,,,,,,,,,,0.0,,,,,,,,32.0,32.0,,,,,,,0.0,,,,,,-9.0,,-9.0,,,,0.0,,,,-9.0,,-9.0,,,,
2007,3,3,,,28.0,207.0,196.0,78.0,24.0,402.0,733.0,0.0,,51.0,34.0,68.0,,,,64.04,44.96,,,290.0,340.0,,,0.0,,67.0,76.0,,,999.0,,999.0,,,,1.0,,,,999.0,,999.0,,,,
2007,3,4,,,,,,,,,,0.0,,,,,,,,,,,,,,,,0.0,,,,,,-999.0,,-999.0,,,,,,,,-999.0,,-999.0,,,,
2007,3,6,,,-33.0,210.0,200.0,83.0,22.0,1531.0,1528.0,0.0,,27.0,12.0,54.0,,,,71.96,48.92,,,300.0,290.0,,,0.0,,67.0,89.0,,,9999.0,,9999.0,,,,9999.0,,,,9999.0,,9999.0,,,,
2007,3,7,,,,,,,,,,0.0,,,,,,,,,,,,,,,,0.0,,,,,,-99.0,,-99.0,,,,,,,,-99.0,,-99.0,,,,
2007,3,8,,,,,,,,,,,,,,,,,,,,,,,,,,,,,,,,99.0,,99.0,,,,,,,,99.0,,99.0,,,,
2007,3,9,,,33.0,10186.0,10176.0,111.0,15.0,1500.0,1500.0,0.0,,42.0,16.0,70.0,,,,78.08,55.94,,,260.0,260.0,,,0.0,,58.0,63.0,,,-9999.0,,-9999.0,,,,-9999.0,,,,-9999.0,,1.0,,,,
2007,3,10,,,,,,,,,,,,,,,,,,32.0,32.0,,,,,,,0.0,,,,,,,,-9.0,,,,,,,,,,,,,,
2007,3,11,,,106.0,183.0,169.0,133.0,28.0,226.0,224.0,0.0,,67.0,40.0,84.0,,,,73.04,57.02,,,300.0,290.0,,,0.0,,76.0,98.0,,,1.0,,999.0,,,,1.0,,,,1.0,,999.0,,,,
2007,3,12,,,,,,,,,,0.0,,,,,,,,,,,,,,,,0.0,,,,,,0.0,,-999.0,,,,,,,,,,-999.0,,,,
2007,3,14,,,89.0,186.0,173.0,111.0,28.0,1225.0,1233.0,0.0,,69.0,60.0,75.0,,,,62.059999999999995,55.04,,,290.0,290.0,,,0.0,,89.0,98.0,,,9999.0,,9999.0,,,,1.0,,,,9999.0,,9999.0,,,,
2007,3,15,,,,,,,,,,0.0,,,,,,,,,,,,,,,,0.0,,,,,,-99.0,,-99.0,,,,0.0,,,,-99.0,,-99.0,,,,
2007,3,16,,,,,,,,,,,,,,,,,,,,,,,,,,,,,,,,99.0,,99.0,,,,,,,,99.0,,99.0,,,,
2007,3,17,,,83.0,10169.0,10159.0,128.0,17.0,1635.0,1411.0,0.0,,57.0,15.0,84.0,,,,80.06,53.06,,,310.0,310.0,,,0.0,,54.0,63.0,,,1.0,,-9999.0,,,,1.0,,,,1.0,,-9999.0,,,,
2007,3,18,,,,,,,,,,0.0,,,,,,,,32.0,32.0,,,,,,,0.0,,,,,,0.0,,-9.0,,,,0.0,,,,,,-9.0,,,,
2007,3,19,,,28.0,156.0,146.0,117.0,17.0,516.0,643.0,0.0,,35.0,14.0,87.0,,,,86.0,53.96,,,300.0,320.0,,,0.0,,63.0,67.0,,,1.0,,999.0,,,,1.0,,,,1.0,,999.0,,,,
2007,3,20,,,,,,,,,,0.0,,,,,,,,,,,,,,,,0.0,,,,,,0.0,,-999.0,,,,,,,,,,-999.0,,,,
2007,3,21,,,,,,,,,,,,,,,,,,,,,,,,,,,,,,,,,,,,,,,,,,9.0,,,,,,
2007,3,22,,,94.0,190.0,179.0,117.0,21.0,1702.0,1429.0,0.0,,73.0,60.0,81.0,,,,62.959999999999994,53.96,,,270.0,250.0,,,0.0,,45.0,58.0,,,1.0,,9999.0,,,,1.0,,,,1.0,,9999.0,,,,
2007,3,23,,,,,,,,,,0.0,,,,,,,,,,,,,,,,0.0,,,,,,0.0,,-99.0,,,,0.0,,,,,,-99.0,,,,
2007,3,24,,,,,,,,,,,,,,,,,,,,,,,,,,,,,,,,,,99.0,,,,,,,,,,99.0,,,,
2007,3,25,,,111.0,10169.0,10156.0,122.0,34.0,1337.0,1247.0,0.0,,81.0,70.0,90.0,,,,62.959999999999994,53.96,,,290.0,280.0,,,0.0,,72.0,89.0,,,1.0,,-9999.0,,,,1.0,,,,1.0,,-9999.0,,,,
2007,3,26,,,,,,,,,,0.0,,,,,,,,32.0,32.0,,,,,,,0.0,,,,,,0.0,,-9.0,,,,0.0,,,,,,-9.0,,,,
2007,3,27,,,106.0,169.0,156.0,122.0,28.0,326.0,326.0,0.0,,81.0,70.0,90.0,,,,62.059999999999995,53.96,,,270.0,270.0,,,0.0,,72.0,80.0,,,1.0,,999.0,,,,1.0,,,,1.0,,999.0,,,,
2007,3,28,,,,,,,,,,0.0,,,,,,,,,,,,,,,,0.0,,,,,,0.0,,-999.0,,,,0.0,,,,,,,,,,
2007,3,30,,,89.0,176.0,163.0,117.0,33.0,1442.0,1414.0,0.0,,68.0,60.0,81.0,,,,62.959999999999994,57.02,,,220.0,230.0,,,0.0,,54.0,63.0,,,9999.0,,9999.0,,,,9999.0,,,,9999.0,,9999.0,,,,
2007,3,31,,,,,,,,,,0.0,,,,,,,,,,,,,,,,0.0,,,,,,-99.0,,-99.0,,,,-99.0,,,,-99.0,,,,,,
2007,4,1,,,100.0,10135.0,10125.0,117.0,23.0,1438.0,1422.0,0.0,,76.0,58.0,92.0,,,,64.94,51.08,,,290.0,280.0,,,0.0,,54.0,63.0,,,1.0,,,,,,1.0,,,,1.0,-9999.0,-9999.0,,,,
2007,4,2,,,,,,,,,,0.0,,,,,,,,32.0,32.0,,,,,,,0.0,,,,,,,,,,,,0.0,,,,,-9.0,-9.0,,,,
2007,4,3,,,100.0,159.0,149.0,122.0,29.0,554.0,505.0,0.0,,76.0,67.0,84.0,,,,62.959999999999994,55.04,,,210.0,220.0,,,0.0,,54.0,63.0,,,999.0,,,,,,1.0,,,,999.0,999.0,999.0,,,,
2007,4,4,,,,,,,,,,0.0,,,,,,,,,,,,,,,,0.0,,,,,,-999.0,,,,,,0.0,,,,-999.0,-999.0,-999.0,,,,
2007,4,5,,,,,,,,,,,,,,,,,,,,,,,,,,,,,,,,9.0,,,,,,,,,,9.0,,,,,,
2007,4,6,,,106.0,173.0,159.0,128.0,23.0,1535.0,1328.0,0.0,,74.0,63.0,81.0,,,,64.94,55.94,,,220.0,280.0,,,0.0,,63.0,76.0,,,1.0,,,,,,1.0,,,,1.0,9999.0,9999.0,,,,
2007,4,7,,,,,,,,,,0.0,,,,,,,,,,,,,,,,0.0,,,,,,0.0,,,,,,0.0,,,,,-99.0,-99.0,,,,
2007,4,8,,,,,,,,,,,,,,,,,,,,,,,,,,,,,,,,,,,,,,,,,,,99.0,99.0,,,,
2007,4,9,,,100.0,10142.0,10129.0,128.0,30.0,1524.0,1550.0,0.0,,71.0,67.0,78.0,,,,62.959999999999994,57.92,,,240.0,220.0,,,0.0,,58.0,67.0,,,-9999.0,,,,,,-9999.0,,,,-9999.0,-9999.0,-9999.0,,,,
2007,4,10,,,,,,,,,,0.0,,,,,,,,32.0,32.0,,,,,,,0.0,,,,,,-9.0,,,,,,-9.0,,,,-9.0,-9.0,-9.0,,,,
2007,4,11,,,106.0,139.0,129.0,128.0,25.0,229.0,440.0,0.0,,75.0,67.0,83.0,,,,60.980000000000004,57.02,,,220.0,270.0,,,0.0,,54.0,63.0,,,999.0,,,,,,999.0,,,,999.0,999.0,999.0,,,,
2007,4,12,,,,,,,,,,0.0,,,,,,,,,,,,,,,,0.0,,,,,,,,,,,,,,,,,,,,,,
2007,4,14,,,106.0,163.0,152.0,128.0,35.0,1330.0,1527.0,,,72.0,63.0,84.0,,,,64.04,57.92,,,230.0,210.0,,,0.0,,63.0,67.0,,,9999.0,,,,,,9999.0,,,,9999.0,9999.0,1.0,,,,
2007,4,15,,,,,,,,,,0.0,,,,,,,,,,,,,,,,0.0,,,,,,-99.0,,,,,,-99.0,,,,-99.0,-99.0,,,,,
2007,4,16,,,,,,,,,,,,,,,,,,,,,,,,,,,,,,,,99.0,,,,,,99.0,,,,99.0,99.0,99.0,,,,
2007,4,17,,,100.0,10146.0,10135.0,128.0,43.0,2121.0,2120.0,0.0,,71.0,65.0,84.0,,,,64.04,57.92,,,260.0,260.0,,,0.0,,72.0,80.0,,,1.0,,,,,,1.0,,,,1.0,-9999.0,-9999.0,,,,
2007,4,18,,,,,,,,,,0.0,,,,,,,,32.0,32.0,,,,,,,0.0,,,,,,,,,,,,0.0,,,,,-9.0,,,,,
2007,4,19,,,78.0,132.0,119.0,117.0,48.0,229.0,249.0,,,62.0,48.0,72.0,,,,62.959999999999994,57.02,,,270.0,250.0,,,0.0,,116.0,139.0,,,999.0,,,,,,1.0,,,,999.0,999.0,1.0,,,,
2007,4,20,,,,,,,,,,0.0,,,,,,,,,,,,,,,,0.0,,,,,,-999.0,,,,,,,,,,-999.0,-999.0,,,,,
2007,4,21,,,,,,,,,,,,,,,,,,,,,,,,,,,,,,,,,,,,,,,,,,,,9.0,,,,
2007,4,22,,,78.0,186.0,176.0,111.0,27.0,1342.0,1708.0,,,62.0,36.0,74.0,,,,64.94,53.06,,,230.0,270.0,,,0.0,,72.0,80.0,,,9999.0,,,,,,9999.0,,,,9999.0,9999.0,1.0,,,,
2007,4,23,,,,,,,,,,0.0,,,,,,,,,,,,,,,,0.0,,,,,,-99.0,,,,,,-99.0,,,,-99.0,-99.0,0.0,,,,
2007,4,24,,,,,,,,,,,,,,,,,,,,,,,,,,,,,,,,99.0,,,,,,99.0,,,,99.0,99.0,,,,,
2007,4,25,,,83.0,10186.0,10179.0,111.0,34.0,1427.0,1426.0,0.0,,67.0,56.0,74.0,,,,62.959999999999994,53.96,,,230.0,230.0,,,0.0,,63.0,72.0,,,-9999.0,,,,,,-9999.0,,,,-9999.0,-9999.0,-9999.0,,,,
2007,4,26,,,,,,,,,,0.0,,,,,,,,32.0,32.0,,,,,,,0.0,,,,,,-9.0,,,,,,,,,,-9.0,-9.0,-9.0,,,,
2007,4,27,,,89.0,220.0,210.0,117.0,24.0,434.0,419.0,0.0,,70.0,60.0,77.0,,,,62.059999999999995,55.04,,,280.0,240.0,,,0.0,,63.0,76.0,,,999.0,,,,,,1.0,,,,999.0,999.0,999.0,,,,
2007,4,28,,,,,,,,,,0.0,,,,,,,,,,,,,,,,0.0,,,,,,-999.0,,,,,,,,,,-999.0,-999.0,-999.0,,,,
2007,4,30,,,56.0,139.0,129.0,100.0,27.0,1504.0,1504.0,0.0,,57.0,41.0,69.0,,,,64.94,50.0,,,260.0,270.0,,,0.0,,67.0,76.0,,,9999.0,,,,,,9999.0,,,,9999.0,9999.0,9999.0,,,,
2007,4,31,,,,,,,,,,0.0,,,,,,,,,,,,,,,,0.0,,,,,,-99.0,,,,,,-99.0,,,,-99.0,-99.0,,,,,
2007,5,1,,,117.0,10139.0,10129.0,139.0,27.0,1428.0,1112.0,0.0,,76.0,70.0,84.0,,,,64.04,60.08,,,240.0,220.0,,,0.0,,67.0,80.0,,,-9999.0,,,,,,-9999.0,,,,-9999.0,-9999.0,1.0,,,,
2007,5,2,,,,,,,,,,,,,,,,,,32.0,32.0,,,,,,,0.0,,,,,,-9.0,,,,,,-9.0,,,,-9.0,-9.0,0.0,,,,
2007,5,3,,,111.0,159.0,146.0,133.0,32.0,309.0,730.0,,,70.0,61.0,78.0,,,,66.02,59.0,,,270.0,280.0,,,0.0,,72.0,80.0,,,999.0,,,,,,999.0,,,,999.0,999.0,1.0,,,,
2007,5,4,,,,,,,,,,0.0,,,,,,,,,,,,,,,,0.0,,,,,,-999.0,,,,,,-999.0,,,,-999.0,-999.0,,,,,
2007,5,6,,,89.0,142.0,129.0,122.0,45.0,1726.0,1730.0,0.0,,64.0,54.0,70.0,,,,64.94,57.92,,,290.0,290.0,,,0.0,,89.0,98.0,,,9999.0,,,,,,9999.0,,,,9999.0,9999.0,9999.0,,,,
2007,5,7,,,,,,,,,,0.0,,,,,,,,,,,,,,,,0.0,,,,,,-99.0,,,,,,-99.0,,,,-99.0,-99.0,-99.0,,,,
2007,5,8,,,,,,,,,,,,,,,,,,,,,,,,,,,,,,,,99.0,,,,,,99.0,,,,99.0,99.0,99.0,,,,
2007,5,9,,,11.0,10132.0,10122.0,111.0,31.0,1721.0,1720.0,0.0,,29.0,12.0,65.0,,,,80.06,55.04,,,320.0,310.0,,,0.0,,89.0,103.0,,,-9999.0,,,,,,-9999.0,,,,-9999.0,-9999.0,-9999.0,,,,
2007,5,10,,,,,,,,,,0.0,,,,,,,,32.0,32.0,,,,,,,0.0,,,,,,-9.0,,,,,,-9.0,,,,-9.0,-9.0,-9.0,,,,
2007,5,11,,,17.0,129.0,119.0,122.0,27.0,355.0,355.0,0.0,,27.0,17.0,43.0,,,,82.04,59.0,,,310.0,310.0,,,0.0,,80.0,98.0,,,999.0,,,,,,999.0,,,,999.0,999.0,999.0,,,,
2007,5,12,,,,,,,,,,0.0,,,,,,,,,,,,,,,,0.0,,,,,,-999.0,,,,,,-999.0,,,,-999.0,-999.0,-999.0,,,,
2007,5,14,,,133.0,139.0,129.0,161.0,28.0,1659.0,1723.0,0.0,,72.0,55.0,87.0,,,,75.92,60.08,,,280.0,290.0,,,0.0,,67.0,72.0,,,9999.0,,,,,,9999.0,,,,9999.0,9999.0,9999.0,,,,
2007,5,15,,,,,,,,,,0.0,,,,,,,,,,,,,,,,0.0,,,,,,,,,,,,,,,,,-99.0,-99.0,,,,
2007,5,16,,,,,,,,,,,,,,,,,,,,,,,,,,,,,,,,,,,,,,,,,,,99.0,99.0,,,,
2007,5,17,,,111.0,10173.0,10163.0,133.0,41.0,1311.0,1536.0,0.0,,70.0,61.0,81.0,,,,68.0,57.92,,,290.0,270.0,,,0.0,,80.0,98.0,,,-9999.0,,,,,,-9999.0,,,,-9999.0,-9999.0,-9999.0,,,,
2007,5,18,,,,,,,,,,0.0,,,,,,,,32.0,32.0,,,,,,,0.0,,,,,,-9.0,,,,,,-9.0,,,,-9.0,-9.0,-9.0,,,,
2007,5,19,,,83.0,173.0,163.0,117.0,30.0,252.0,241.0,0.0,,63.0,54.0,72.0,,,,64.04,57.92,,,270.0,300.0,,,0.0,,72.0,94.0,,,999.0,,,,,,999.0,,,,999.0,999.0,999.0,,,,
2007,5,20,,,,,,,,,,0.0,,,,,,,,,,,,,,,,0.0,,,,,,-999.0,,,,,,-999.0,,,,-999.0,-999.0,-999.0,,,,
2007,5,22,,,94.0,156.0,146.0,122.0,28.0,1544.0,1205.0,0.0,,67.0,58.0,72.0,,,,64.04,57.92,,,220.0,240.0,,,0.0,,58.0,80.0,,,9999.0,,,,,,9999.0,,,,9999.0,9999.0,9999.0,,,,
2007,5,23,,,,,,,,,,0.0,,,,,,,,,,,,,,,,0.0,,,,,,-99.0,,,,,,-99.0,,,,-99.0,-99.0,-99.0,,,,
2007,5,24,,,,,,,,,,,,,,,,,,,,,,,,,,,,,,,,99.0,,,,,,99.0,,,,99.0,99.0,99.0,,,,
2007,5,25,,,100.0,10159.0,10146.0,122.0,26.0,1458.0,1448.0,0.0,,70.0,65.0,75.0,,,,62.059999999999995,57.92,,,290.0,300.0,,,0.0,,54.0,63.0,,,-9999.0,,,,,,-9999.0,,,,-9999.0,-9999.0,-9999.0,,,,
2007,5,26,,,,,,,,,,0.0,,,,,,,,32.0,32.0,,,,,,,0.0,,,,,,-9.0,,,,,,,,,,-9.0,-9.0,-9.0,,,,
2007,5,27,,,106.0,156.0,146.0,128.0,28.0,503.0,302.0,0.0,,71.0,65.0,75.0,,,,64.04,57.02,,,260.0,250.0,,,0.0,,54.0,67.0,,,999.0,,,,,,1.0,,,,999.0,999.0,999.0,,,,
2007,5,28,,,,,,,,,,0.0,,,,,,,,,,,,,,,,0.0,,,,,,,,,,,,0.0,,,,,-999.0,-999.0,,,,
2007,5,30,,,117.0,142.0,132.0,133.0,32.0,1240.0,1208.0,0.0,,76.0,68.0,83.0,,,,64.04,59.0,,,220.0,240.0,,,0.0,,58.0,72.0,,,9999.0,,,,,,1.0,,,,9999.0,9999.0,9999.0,,,,
2007,5,31,,,,,,,,,,0.0,,,,,,,,,,,,,,,,0.0,,,,,,-99.0,,,,,,0.0,,,,-99.0,-99.0,-99.0,,,,
2007,6,1,,,111.0,10135.0,10122.0,133.0,23.0,1115.0,1158.0,0.0,,69.0,61.0,75.0,,,,66.02,60.08,,,250.0,300.0,,,0.0,,63.0,76.0,,,-9999.0,,,,,,-9999.0,,,,-9999.0,,,,,,
2007,6,2,,,,,,,,,,0.0,,,,,,,,32.0,32.0,,,,,,,0.0,,,,,,,,,,,,,,,,,,,,,,
2007,6,3,,,117.0,146.0,135.0,139.0,24.0,454.0,429.0,0.0,,73.0,68.0,80.0,,,,64.94,60.08,,,240.0,240.0,,,0.0,,58.0,72.0,,,1.0,,,,,,1.0,,,,1.0,,,,,,
2007,6,4,,,,,,,,,,0.0,,,,,,,,,,,,,,,,0.0,,,,,,,,,,,,,,,,,,,,,,
2007,6,5,,,,,,,,,,,,,,,,,,,,,,,,,,,,,,,,9.0,,,,,,9.0,,,,9.0,,,,,,
2007,6,6,,,128.0,149.0,142.0,150.0,32.0,1308.0,1606.0,0.0,,76.0,68.0,84.0,,,,68.0,60.08,,,290.0,290.0,,,0.0,,67.0,80.0,,,1.0,,,,,,1.0,,,,1.0,,,,,,
2007,6,7,,,,,,,,,,0.0,,,,,,,,,,,,,,,,0.0,,,,,,0.0,,,,,,0.0,,,,,,,,,,
2007,6,9,,,94.0,10135.0,10125.0,128.0,42.0,1441.0,1225.0,0.0,,63.0,54.0,67.0,,,,66.92,59.0,,,270.0,250.0,,,0.0,,76.0,94.0,,,-9999.0,,,,,,-9999.0,,,,-9999.0,,,,,,
2007,6,10,,,,,,,,,,0.0,,,,,,,,32.0,32.0,,,,,,,0.0,,,,,,-9.0,,,,,,-9.0,,,,-9.0,,,,,,
2007,6,11,,,100.0,132.0,119.0,133.0,36.0,127.0,454.0,0.0,,64.0,51.0,75.0,,,,68.0,57.92,,,210.0,210.0,,,0.0,,63.0,76.0,,,999.0,,,,,,999.0,,,,999.0,,,,,,
2007,6,12,,,,,,,,,,0.0,,,,,,,,,,,,,,,,0.0,,,,,,-999.0,,,,,,-999.0,,,,-999.0,,,,,,
2007,6,14,,,100.0,135.0,125.0,128.0,33.0,1246.0,1501.0,0.0,,67.0,60.0,75.0,,,,64.94,57.92,,,220.0,230.0,,,0.0,,58.0,67.0,,,9999.0,,,,,,9999.0,,,,9999.0,,,,,,
2007,6,15,,,,,,,,,,0.0,,,,,,,,,,,,,,,,0.0,,,,,,-99.0,,,,,,,,,,-99.0,,,,,,
2007,6,16,,,,,,,,,,,,,,,,,,,,,,,,,,,,,,,,99.0,,,,,,,,,,99.0,,,,,,
2007,6,17,,,117.0,10122.0,10112.0,139.0,30.0,1342.0,1010.0,0.0,,72.0,65.0,78.0,,,,64.94,60.08,,,190.0,220.0,,,0.0,,58.0,72.0,,,-9999.0,,,,,,1.0,,,,-9999.0,,,,,,
2007,6,18,,,,,,,,,,0.0,,,,,,,,32.0,32.0,,,,,,,0.0,,,,,,-9.0,,,,,,,,,,-9.0,,,,,,
2007,6,19,,,122.0,152.0,142.0,144.0,27.0,22.0,256.0,0.0,,69.0,59.0,78.0,,,,69.08,62.059999999999995,,,280.0,300.0,,,0.0,,58.0,72.0,,,999.0,,,,,,999.0,,,,999.0,,,,,,
2007,6,20,,,,,,,,,,0.0,,,,,,,,,,,,,,,,0.0,,,,,,,,,,,,,,,,,,,,,,
2007,6,22,,,133.0,115.0,105.0,156.0,22.0,1329.0,1214.0,0.0,,72.0,55.0,84.0,,,,73.04,60.980000000000004,,,280.0,320.0,,,0.0,,45.0,58.0,,,1.0,,,,,,1.0,,,,1.0,,,,,,
2007,6,23,,,,,,,,,,0.0,,,,,,,,,,,,,,,,0.0,,,,,,,,,,,,0.0,,,,,,,,,,
2007,6,24,,,,,,,,,,,,,,,,,,,,,,,,,,,,,,,,99.0,,,,,,,,,,99.0,,,,,,
2007,6,25,,,128.0,10146.0,10135.0,150.0,30.0,1552.0,1115.0,0.0,,70.0,61.0,80.0,,,,69.98,62.059999999999995,,,280.0,290.0,,,0.0,,58.0,67.0,,,-9999.0,,,,,,1.0,,,,-9999.0,,,,,,
2007,6,26,,,,,,,,,,0.0,,,,,,,,32.0,32.0,,,,,,,0.0,,,,,,-9.0,,,,,,,,,,-9.0,,,,,,
2007,6,27,,,122.0,129.0,119.0,150.0,29.0,517.0,20.0,0.0,,69.0,57.0,76.0,,,,71.06,62.059999999999995,,,290.0,280.0,,,0.0,,58.0,76.0,,,999.0,,,,,,1.0,,,,999.0,,,,,,
2007,6,28,,,,,,,,,,0.0,,,,,,,,,,,,,,,,0.0,,,,,,-999.0,,,,,,,,,,-999.0,,,,,,
2007,6,29,,,,,,,,,,,,,,,,,,,,,,,,,,,,,,,,,,,,,,9.0,,,,,,,,,,
2007,6,30,,,122.0,163.0,152.0,150.0,31.0,1747.0,1746.0,0.0,,68.0,59.0,76.0,,,,69.98,60.980000000000004,,,290.0,290.0,,,0.0,,63.0,72.0,,,9999.0,,,,,,1.0,,,,9999.0,,,,,,
2007,6,31,,,,,,,,,,0.0,,,,,,,,,,,,,,,,0.0,,,,,,-99.0,,,,,,,,,,-99.0,,,,,,
2007,7,1,,,156.0,10132.0,10119.0,178.0,28.0,1108.0,1036.0,0.0,,70.0,50.0,81.0,,,,78.08,66.02,,,160.0,190.0,,,0.0,,54.0,63.0,,,-9999.0,,,,,,1.0,,,,-9999.0,,,,,,
2007,7,2,,,,,,,,,,0.0,,,,,,,,32.0,32.0,,,,,,,0.0,,,,,,-9.0,,,,,,0.0,,,,-9.0,,,,,,
2007,7,3,,,167.0,139.0,129.0,183.0,25.0,357.0,147.0,0.0,,74.0,62.0,86.0,,,,75.02,66.02,,,210.0,210.0,,,0.0,,58.0,67.0,,,999.0,,,,,,1.0,,,,999.0,,,,,,
2007,7,4,,,,,,,,,,0.0,,,,,,,,,,,,,,,,0.0,,,,,,,,,,,,0.0,,,,,,,,,,
2007,7,6,,,156.0,112.0,102.0,172.0,22.0,1300.0,1316.0,0.0,,77.0,64.0,87.0,,,,73.04,64.04,,,220.0,200.0,,,0.0,,54.0,67.0,,,1.0,,,,,,1.0,,,,1.0,,,,,,
2007,7,7,,,,,,,,,,0.0,,,,,,,,,,,,,,,,0.0,,,,,,0.0,,,,,,0.0,,,,,,,,,,
2007,7,8,,,,,,,,,,,,,,,,,,,,,,,,,,,,,,,,,,,,,,,,,,99.0,,,,,,
2007,7,9,,,156.0,10132.0,10119.0,172.0,22.0,1341.0,1237.0,0.0,,74.0,66.0,84.0,,,,73.04,66.02,,,210.0,210.0,,,0.0,,58.0,67.0,,,-9999.0,,,,,,1.0,,,,-9999.0,,,,,,
2007,7,10,,,,,,,,,,0.0,,,,,,,,32.0,32.0,,,,,,,0.0,,,,,,-9.0,,,,,,0.0,,,,-9.0,,,,,,
2007,7,11,,,156.0,135.0,122.0,172.0,26.0,233.0,337.0,0.0,,75.0,64.0,81.0,,,,75.02,66.02,,,270.0,290.0,,,0.0,,58.0,80.0,,,999.0,,,,,,1.0,,,,999.0,,,,,,
2007,7,12,,,,,,,,,,0.0,,,,,,,,,,,,,,,,0.0,,,,,,-999.0,,,,,,0.0,,,,-999.0,,,,,,
2007,7,14,,,139.0,142.0,132.0,156.0,27.0,1514.0,1401.0,0.0,,71.0,61.0,78.0,,,,71.06,62.959999999999994,,,280.0,250.0,,,0.0,,54.0,67.0,,,9999.0,,,,,,1.0,,,,9999.0,,,,,,
2007,7,15,,,,,,,,,,0.0,,,,,,,,,,,,,,,,0.0,,,,,,-99.0,,,,,,,,,,-99.0,,,,,,
2007,7,16,,,,,,,,,,,,,,,,,,,,,,,,,,,,,,,,99.0,,,,,,99.0,,,,99.0,,,,,,
2007,7,17,,,139.0,10166.0,10152.0,167.0,38.0,1634.0,1634.0,0.0,,66.0,57.0,75.0,,,,73.04,64.94,,,280.0,290.0,,,0.0,,76.0,94.0,,,-9999.0,,,,,,-9999.0,,,,-9999.0,,,,,,
2007,7,18,,,,,,,,,,0.0,,,,,,,,32.0,32.0,,,,,,,0.0,,,,,,-9.0,,,,,,-9.0,,,,-9.0,,,,,,
2007,7,19,,,150.0,163.0,152.0,172.0,40.0,236.0,235.0,0.0,,69.0,59.0,78.0,,,,73.04,64.94,,,280.0,280.0,,,0.0,,76.0,94.0,,,999.0,,,,,,999.0,,,,999.0,,,,,,
2007,7,20,,,,,,,,,,0.0,,,,,,,,,,,,,,,,0.0,,,,,,-999.0,,,,,,-999.0,,,,-999.0,,,,,,
2007,7,21,,,,,,,,,,,,,,,,,,,,,,,,,,,,,,,,9.0,,,,,,9.0,,,,9.0,,,,,,
2007,7,22,,,161.0,152.0,146.0,178.0,26.0,1409.0,1251.0,0.0,,74.0,62.0,87.0,,,,75.02,66.92,,,260.0,290.0,,,0.0,,58.0,67.0,,,1.0,,,,,,1.0,,,,1.0,,,,,,
2007,7,23,,,,,,,,,,0.0,,,,,,,,,,,,,,,,0.0,,,,,,,,,,,,,,,,,,,,,,
2007,7,24,,,,,,,,,,,,,,,,,,,,,,,,,,,,,,,,99.0,,,,,,,,,,99.0,,,,,,
2007,7,25,,,144.0,10132.0,10119.0,161.0,28.0,1244.0,1538.0,0.0,,75.0,66.0,81.0,,,,71.06,64.04,,,230.0,220.0,,,0.0,,58.0,67.0,,,-9999.0,,,,,,1.0,,,,-9999.0,,,,,,
2007,7,26,,,,,,,,,,0.0,,,,,,,,32.0,32.0,,,,,,,0.0,,,,,,-9.0,,,,,,,,,,-9.0,,,,,,
2007,7,27,,,144.0,122.0,108.0,167.0,26.0,348.0,404.0,0.0,,72.0,59.0,81.0,,,,73.04,64.04,,,290.0,270.0,,,0.0,,58.0,72.0,,,999.0,,,,,,1.0,,,,999.0,,,,,,
2007,7,28,,,,,,,,,,0.0,,,,,,,,,,,,,,,,0.0,,,,,,-999.0,,,,,,,,,,-999.0,,,,,,
2007,7,30,,,156.0,112.0,98.0,172.0,27.0,1311.0,1325.0,0.0,,74.0,66.0,81.0,,,,73.94,64.94,,,230.0,260.0,,,0.0,,54.0,67.0,,,9999.0,,,,,,9999.0,,,,9999.0,,,,,,
2007,7,31,,,,,,,,,,0.0,,,,,,,,,,,,,,,,0.0,,,,,,-99.0,,,,,,,,,,-99.0,,,,,,
2007,8,1,,,156.0,10129.0,10119.0,178.0,24.0,1337.0,1256.0,0.0,,71.0,60.0,76.0,,,,75.02,66.92,,,210.0,230.0,,,0.0,,58.0,80.0,,,-9999.0,,-9999.0,,,,-9999.0,,,,,,,,,,
2007,8,2,,,,,,,,,,0.0,,,,,,,,32.0,32.0,,,,,,,0.0,,,,,,-9.0,,-9.0,,,,-9.0,,,,,,,,,,
2007,8,3,,,167.0,135.0,125.0,189.0,31.0,713.0,555.0,0.0,,71.0,62.0,79.0,,,,78.08,69.98,,,280.0,290.0,,,0.0,,63.0,72.0,,,999.0,,999.0,,,,999.0,,,,,,,,,,
2007,8,4,,,,,,,,,,0.0,,,,,,,,,,,,,,,,0.0,,,,,,-999.0,,-999.0,,,,-999.0,,,,,,,,,,
2007,8,6,,,156.0,142.0,132.0,178.0,28.0,1306.0,1306.0,0.0,,70.0,64.0,76.0,,,,73.04,68.0,,,230.0,220.0,,,0.0,,58.0,67.0,,,9999.0,,9999.0,,,,9999.0,,,,,,,,,,
2007,8,7,,,,,,,,,,0.0,,,,,,,,,,,,,,,,0.0,,,,,,-99.0,,-99.0,,,,-99.0,,,,,,,,,,
2007,8,8,,,,,,,,,,,,,,,,,,,,,,,,,,,,,,,,99.0,,99.0,,,,99.0,,,,,,,,,,
2007,8,9,,,144.0,10152.0,10139.0,172.0,31.0,1119.0,1157.0,0.0,,66.0,57.0,73.0,,,,73.94,69.08,,,270.0,280.0,,,0.0,,67.0,80.0,,,-9999.0,,-9999.0,,,,-9999.0,,,,,,,,,,
2007,8,10,,,,,,,,,,0.0,,,,,,,,32.0,32.0,,,,,,,0.0,,,,,,-9.0,,-9.0,,,,-9.0,,,,,,,,,,
2007,8,11,,,139.0,152.0,139.0,167.0,26.0,511.0,322.0,0.0,,64.0,57.0,70.0,,,,73.04,68.0,,,270.0,270.0,,,0.0,,58.0,72.0,,,999.0,,999.0,,,,999.0,,,,,,,,,,
2007,8,12,,,,,,,,,,0.0,,,,,,,,,,,,,,,,0.0,,,,,,-999.0,,-999.0,,,,-999.0,,,,,,,,,,
2007,8,14,,,150.0,146.0,135.0,172.0,26.0,1257.0,1222.0,0.0,,69.0,62.0,76.0,,,,73.94,66.92,,,270.0,280.0,,,0.0,,63.0,80.0,,,9999.0,,9999.0,,,,9999.0,,,,,,,,,,
2007,8,15,,,,,,,,,,0.0,,,,,,,,,,,,,,,,0.0,,,,,,-99.0,,-99.0,,,,,,,,,,,,,,
2007,8,16,,,,,,,,,,,,,,,,,,,,,,,,,,,,,,,,99.0,,99.0,,,,,,,,,,,,,,
2007,8,17,,,156.0,10139.0,10129.0,178.0,28.0,1338.0,1338.0,0.0,,71.0,62.0,78.0,,,,73.94,66.92,,,280.0,280.0,,,0.0,,58.0,72.0,,,-9999.0,,-9999.0,,,,1.0,,,,,,,,,,
2007,8,18,,,,,,,,,,0.0,,,,,,,,32.0,32.0,,,,,,,0.0,,,,,,-9.0,,-9.0,,,,,,,,,,,,,,
2007,8,19,,,167.0,146.0,135.0,189.0,31.0,208.0,311.0,0.0,,73.0,62.0,79.0,,,,75.92,68.0,,,290.0,290.0,,,0.0,,67.0,76.0,,,999.0,,999.0,,,,1.0,,,,,,,,,,
2007,8,20,,,,,,,,,,0.0,,,,,,,,,,,,,,,,0.0,,,,,,-999.0,,-999.0,,,,0.0,,,,,,,,,,
2007,8,22,,,178.0,112.0,102.0,200.0,26.0,1125.0,1612.0,0.0,,70.0,45.0,79.0,,,,82.94,69.08,,,290.0,270.0,,,0.0,,58.0,63.0,,,9999.0,,9999.0,,,,9999.0,,,,,,,,,,
2007,8,23,,,,,,,,,,0.0,,,,,,,,,,,,,,,,0.0,,,,,,-99.0,,-99.0,,,,,,,,,,,,,,
2007,8,24,,,,,,,,,,,,,,,,,,,,,,,,,,,,,,,,99.0,,99.0,,,,,,,,,,,,,,
2007,8,25,,,178.0,10095.0,10081.0,200.0,25.0,1822.0,1410.0,0.0,,71.0,52.0,84.0,,,,78.98,71.06,,,160.0,210.0,,,0.0,,45.0,63.0,,,-9999.0,,-9999.0,,,,1.0,,,,,,,,,,
2007,8,26,,,,,,,,,,0.0,,,,,,,,32.0,32.0,,,,,,,0.0,,,,,,-9.0,,-9.0,,,,0.0,,,,,,,,,,
2007,8,27,,,178.0,91.0,81.0,194.0,27.0,118.0,254.0,0.0,,74.0,62.0,84.0,,,,78.08,69.98,,,190.0,200.0,,,0.0,,58.0,72.0,,,999.0,,999.0,,,,1.0,,,,,,,,,,
2007,8,28,,,,,,,,,,0.0,,,,,,,,,,,,,,,,0.0,,,,,,,,-999.0,,,,0.0,,,,,,,,,,
2007,8,30,,,178.0,115.0,102.0,200.0,23.0,1047.0,1047.0,0.0,,71.0,54.0,84.0,,,,80.96,69.08,,,290.0,280.0,,,0.0,,58.0,67.0,,,9999.0,,9999.0,,,,1.0,,,,,,,,,,
2007,8,31,,,,,,,,,,0.0,,,,,,,,,,,,,,,,0.0,,,,,,-99.0,,-99.0,,,,0.0,,,,,,,,,,
2007,9,1,,,189.0,10088.0,10075.0,211.0,18.0,1625.0,1357.0,0.0,,68.0,51.0,84.0,,,,84.91999999999999,71.96,,,320.0,310.0,,,0.0,,45.0,67.0,,,-9999.0,-9999.0,,,,,1.0,,,,-9999.0,-9999.0,-9999.0,,,,
2007,9,2,,,,,,,,,,0.0,,,,,,,,32.0,32.0,,,,,,,0.0,,,,,,-9.0,-9.0,,,,,0.0,,,,-9.0,-9.0,-9.0,,,,
2007,9,3,,,189.0,85.0,71.0,217.0,17.0,357.0,403.0,0.0,,65.0,42.0,81.0,,,,89.06,73.04,,,190.0,180.0,,,0.0,,67.0,76.0,,,999.0,999.0,,,,,1.0,,,,999.0,999.0,999.0,,,,
2007,9,4,,,,,,,,,,0.0,,,,,,,,,,,,,,,,0.0,,,,,,-999.0,-999.0,,,,,0.0,,,,-999.0,-999.0,-999.0,,,,
2007,9,6,,,189.0,78.0,68.0,211.0,23.0,1648.0,1337.0,0.0,,75.0,49.0,88.0,,,,80.06,71.06,,,180.0,230.0,,,0.0,,40.0,58.0,,,9999.0,9999.0,,,,,1.0,,,,9999.0,9999.0,9999.0,,,,
2007,9,7,,,,,,,,,,0.0,,,,,,,,,,,,,,,,0.0,,,,,,-99.0,-99.0,,,,,0.0,,,,-99.0,-99.0,-99.0,,,,
2007,9,8,,,,,,,,,,,,,,,,,,,,,,,,,,,,,,,,99.0,99.0,,,,,,,,,99.0,99.0,99.0,,,,
2007,9,9,,,139.0,10139.0,10129.0,167.0,29.0,1338.0,1220.0,0.0,,64.0,57.0,71.0,,,,73.04,66.92,,,250.0,220.0,,,0.0,,58.0,80.0,,,-9999.0,-9999.0,,,,,-9999.0,,,,-9999.0,-9999.0,-9999.0,,,,
2007,9,10,,,,,,,,,,0.0,,,,,,,,32.0,32.0,,,,,,,0.0,,,,,,-9.0,-9.0,,,,,-9.0,,,,-9.0,-9.0,-9.0,,,,
2007,9,11,,,144.0,156.0,146.0,167.0,31.0,519.0,245.0,0.0,,66.0,60.0,73.0,,,,73.94,64.94,,,290.0,290.0,,,0.0,,76.0,103.0,,,999.0,999.0,,,,,999.0,,,,999.0,999.0,999.0,,,,
2007,9,12,,,,,,,,,,0.0,,,,,,,,,,,,,,,,0.0,,,,,,-999.0,-999.0,,,,,-999.0,,,,-999.0,-999.0,-999.0,,,,
2007,9,14,,,144.0,139.0,129.0,172.0,33.0,1220.0,1334.0,0.0,,68.0,59.0,76.0,,,,73.94,64.94,,,290.0,290.0,,,0.0,,72.0,89.0,,,9999.0,9999.0,,,,,9999.0,,,,9999.0,9999.0,9999.0,,,,
2007,9,15,,,,,,,,,,0.0,,,,,,,,,,,,,,,,0.0,,,,,,,-99.0,,,,,-99.0,,,,-99.0,-99.0,-99.0,,,,
2007,9,16,,,,,,,,,,,,,,,,,,,,,,,,,,,,,,,,,99.0,,,,,99.0,,,,99.0,99.0,99.0,,,,
2007,9,17,,,144.0,10139.0,10129.0,172.0,30.0,1231.0,1320.0,0.0,,62.0,46.0,78.0,,,,78.98,64.04,,,290.0,300.0,,,0.0,,76.0,94.0,,,-9999.0,-9999.0,,,,,-9999.0,,,,-9999.0,-9999.0,-9999.0,,,,
2007,9,18,,,,,,,,,,0.0,,,,,,,,32.0,32.0,,,,,,,0.0,,,,,,-9.0,-9.0,,,,,-9.0,,,,-9.0,-9.0,-9.0,,,,
2007,9,19,,,139.0,132.0,122.0,172.0,35.0,446.0,447.0,0.0,,61.0,50.0,73.0,,,,78.08,66.02,,,290.0,290.0,,,0.0,,76.0,89.0,,,999.0,999.0,,,,,999.0,,,,999.0,999.0,999.0,,,,
2007,9,20,,,,,,,,,,0.0,,,,,,,,,,,,,,,,0.0,,,,,,-999.0,-999.0,,,,,-999.0,,,,-999.0,-999.0,-999.0,,,,
2007,9,22,,,156.0,142.0,129.0,178.0,21.0,1645.0,1644.0,0.0,,73.0,60.0,84.0,,,,73.94,66.02,,,290.0,290.0,,,0.0,,54.0,63.0,,,9999.0,9999.0,,,,,9999.0,,,,9999.0,9999.0,9999.0,,,,
2007,9,23,,,,,,,,,,0.0,,,,,,,,,,,,,,,,0.0,,,,,,-99.0,-99.0,,,,,,,,,-99.0,-99.0,-99.0,,,,
2007,9,24,,,,,,,,,,,,,,,,,,,,,,,,,,,,,,,,99.0,99.0,,,,,,,,,99.0,99.0,99.0,,,,
2007,9,25,,,139.0,10149.0,10139.0,161.0,22.0,1748.0,1747.0,0.0,,70.0,59.0,90.0,,,,73.04,59.0,,,290.0,290.0,,,0.0,,58.0,67.0,,,1.0,1.0,,,,,1.0,,,,1.0,-9999.0,-9999.0,,,,
2007,9,26,,,,,,,,,,0.0,,,,,,,,32.0,32.0,,,,,,,0.0,,,,,,,,,,,,,,,,,-9.0,-9.0,,,,
2007,9,27,,,117.0,149.0,139.0,150.0,32.0,502.0,458.0,0.0,,64.0,59.0,68.0,,,,69.98,64.94,,,210.0,220.0,,,0.0,,58.0,76.0,,,999.0,999.0,,,,,999.0,,,,999.0,999.0,999.0,,,,
2007,9,28,,,,,,,,,,0.0,,,,,,,,,,,,,,,,0.0,,,,,,-999.0,-999.0,,,,,,,,,-999.0,-999.0,-999.0,,,,
2007,9,30,,,111.0,142.0,129.0,144.0,35.0,2339.0,1035.0,0.0,,64.0,58.0,73.0,,,,68.0,64.04,,,160.0,250.0,,,0.0,,63.0,76.0,,,9999.0,9999.0,,,,,9999.0,,,,9999.0,9999.0,9999.0,,,,
2007,9,31,,,,,,,,,,0.0,,,,,,,,,,,,,,,,0.0,,,,,,-99.0,-99.0,,,,,-99.0,,,,-99.0,-99.0,,,,,
2007,10,1,,,150.0,10169.0,10156.0,172.0,18.0,1431.0,1418.0,0.0,,71.0,48.0,84.0,,,,75.92,64.04,,,290.0,300.0,,,0.0,,67.0,80.0,,,-9999.0,-9999.0,,,,,1.0,,,,-9999.0,-9999.0,-9999.0,,,,
2007,10,2,,,,,,,,,,0.0,,,,,,,,32.0,32.0,,,,,,,0.0,,,,,,-9.0,-9.0,,,,,0.0,,,,-9.0,-9.0,-9.0,,,,
2007,10,3,,,144.0,159.0,146.0,167.0,20.0,407.0,403.0,0.0,,69.0,52.0,84.0,,,,75.92,62.059999999999995,,,290.0,300.0,,,0.0,,72.0,89.0,,,999.0,999.0,,,,,1.0,,,,999.0,999.0,999.0,,,,
2007,10,4,,,,,,,,,,0.0,,,,,,,,,,,,,,,,0.0,,,,,,-999.0,-999.0,,,,,0.0,,,,-999.0,-999.0,-999.0,,,,
2007,10,6,,,133.0,112.0,102.0,156.0,40.0,1454.0,1353.0,0.0,,70.0,65.0,81.0,,,,69.08,64.04,,,200.0,190.0,,,0.0,,67.0,89.0,,,9999.0,9999.0,,,,,9999.0,,,,9999.0,9999.0,9999.0,,,,
2007,10,7,,,,,,,,,,0.0,,,,,,,,,,,,,,,,0.0,,,,,,-99.0,-99.0,,,,,,,,,-99.0,-99.0,,,,,
2007,10,8,,,,,,,,,,,,,,,,,,,,,,,,,,,,,,,,99.0,99.0,,,,,,,,,99.0,99.0,,,,,
2007,10,9,,,83.0,10169.0,10156.0,128.0,34.0,1704.0,1918.0,0.0,,55.0,44.0,64.0,,,,69.08,57.02,,,340.0,10.0,,,0.0,,76.0,98.0,,,-9999.0,-9999.0,,,,,-9999.0,,,,-9999.0,-9999.0,-9999.0,,,,
2007,10,10,,,,,,,,,,0.0,,,,,,,,32.0,32.0,,,,,,,0.0,,,,,,-9.0,-9.0,,,,,-9.0,,,,-9.0,-9.0,-9.0,,,,
2007,10,11,,,11.0,152.0,142.0,111.0,16.0,334.0,309.0,0.0,,31.0,6.0,60.0,,,,87.08000000000001,55.04,,,270.0,270.0,,,0.0,,72.0,89.0,,,999.0,999.0,,,,,999.0,,,,999.0,999.0,999.0,,,,
2007,10,12,,,,,,,,,,0.0,,,,,,,,,,,,,,,,0.0,,,,,,-999.0,-999.0,,,,,-999.0,,,,-999.0,-999.0,-999.0,,,,
2007,10,13,,,,,,,,,,,,,,,,,,,,,,,,,,,,,,,,,,,,,,9.0,,,,,,,,,,
2007,10,14,,,78.0,149.0,135.0,128.0,18.0,1352.0,1233.0,0.0,,55.0,24.0,84.0,,,,73.94,57.02,,,290.0,300.0,,,0.0,,63.0,76.0,,,9999.0,9999.0,,,,,1.0,,,,9999.0,9999.0,9999.0,,,,
2007,10,15,,,,,,,,,,0.0,,,,,,,,,,,,,,,,0.0,,,,,,-99.0,-99.0,,,,,,,,,-99.0,-99.0,-99.0,,,,
2007,10,16,,,,,,,,,,,,,,,,,,,,,,,,,,,,,,,,99.0,99.0,,,,,,,,,99.0,99.0,99.0,,,,
2007,10,17,,,122.0,10135.0,10125.0,144.0,22.0,1112.0,1206.0,0.0,,70.0,61.0,78.0,,,,69.08,60.980000000000004,,,210.0,270.0,,,0.0,,54.0,72.0,,,-9999.0,-9999.0,,,,,-9999.0,,,,-9999.0,-9999.0,-9999.0,,,,
2007,10,18,,,,,,,,,,0.0,,,,,,,,32.0,32.0,,,,,,,0.0,,,,,,-9.0,-9.0,,,,,,,,,-9.0,-9.0,,,,,
2007,10,19,,,111.0,125.0,112.0,139.0,22.0,318.0,316.0,8.0,,67.0,50.0,84.0,,,,66.92,60.08,,,280.0,300.0,,,0.0,,63.0,89.0,,,999.0,999.0,,,,,1.0,,,,999.0,999.0,1.0,,,,
2007,10,20,,,,,,,,,,,,,,,,,,,,,,,,,,0.0,,,,,,,-999.0,,,,,,,,,,-999.0,0.0,,,,
2007,10,22,,,128.0,139.0,129.0,150.0,25.0,1337.0,1425.0,0.0,,74.0,66.0,80.0,,,,68.0,60.08,,,290.0,290.0,,,0.0,,72.0,89.0,,,9999.0,9999.0,,,,,1.0,,,,9999.0,9999.0,9999.0,,,,
2007,10,23,,,,,,,,,,0.0,,,,,,,,,,,,,,,,0.0,,,,,,,-99.0,,,,,0.0,,,,-99.0,-99.0,-99.0,,,,
2007,10,24,,,,,,,,,,,,,,,,,,,,,,,,,,,,,,,,,99.0,,,,,,,,,99.0,99.0,99.0,,,,
2007,10,25,,,111.0,10125.0,10115.0,139.0,29.0,1359.0,1351.0,0.0,,67.0,63.0,73.0,,,,66.92,60.980000000000004,,,250.0,260.0,,,0.0,,67.0,80.0,,,-9999.0,-9999.0,,,,,1.0,,,,-9999.0,-9999.0,-9999.0,,,,
2007,10,26,,,,,,,,,,0.0,,,,,,,,32.0,32.0,,,,,,,0.0,,,,,,,-9.0,,,,,,,,,,,,,,,
2007,10,27,,,122.0,152.0,142.0,144.0,19.0,439.0,439.0,33.0,,75.0,63.0,93.0,,,,66.92,59.0,,,260.0,270.0,,,0.0,,58.0,72.0,,,1.0,999.0,,,,,1.0,,,,1.0,1.0,1.0,,,,
2007,10,28,,,,,,,,,,0.0,,,,,,,,,,,,,,,,0.0,,,,,,,-999.0,,,,,,,,,,,,,,,
2007,10,29,,,,,,,,,,,,,,,,,,,,,,,,,,,,,,,,,,,,,,9.0,,,,,,,,,,
2007,10,30,,,122.0,125.0,112.0,156.0,13.0,1445.0,1448.0,0.0,,64.0,40.0,84.0,,,,77.0,59.0,,,300.0,300.0,,,0.0,,54.0,67.0,,,9999.0,9999.0,,,,,1.0,,,,9999.0,9999.0,9999.0,,,,
2007,10,31,,,,,,,,,,0.0,,,,,,,,,,,,,,,,0.0,,,,,,,,,,,,,,,,,-99.0,-99.0,,,,
2007,11,1,,,122.0,10173.0,10163.0,139.0,11.0,1420.0,1434.0,0.0,,79.0,75.0,84.0,,,,62.959999999999994,57.92,,,230.0,260.0,,,0.0,,45.0,54.0,,,1.0,-9999.0,,,,,1.0,,,,1.0,,-9999.0,,,,
2007,11,2,,,,,,,,,,0.0,,,,,,,,32.0,32.0,,,,,,,0.0,,,,,,0.0,-9.0,,,,,0.0,,,,,,-9.0,,,,
2007,11,3,,,122.0,166.0,156.0,139.0,20.0,401.0,443.0,0.0,,77.0,68.0,83.0,,,,64.94,59.0,,,280.0,270.0,,,0.0,,45.0,63.0,,,1.0,999.0,,,,,1.0,,,,1.0,,999.0,,,,
2007,11,4,,,,,,,,,,0.0,,,,,,,,,,,,,,,,0.0,,,,,,0.0,-999.0,,,,,0.0,,,,,,-999.0,,,,
2007,11,5,,,,,,,,,,,,,,,,,,,,,,,,,,,,,,,,,9.0,,,,,,,,,,,,,,,
2007,11,6,,,122.0,179.0,169.0,139.0,21.0,1357.0,1324.0,0.0,,80.0,70.0,93.0,,,,64.94,55.94,,,280.0,290.0,,,0.0,,63.0,76.0,,,1.0,1.0,,,,,1.0,,,,1.0,,9999.0,,,,
2007,11,7,,,,,,,,,,0.0,,,,,,,,,,,,,,,,0.0,,,,,,0.0,,,,,,0.0,,,,,,-99.0,,,,
2007,11,8,,,,,,,,,,,,,,,,,,,,,,,,,,,,,,,,,99.0,,,,,,,,,,,99.0,,,,
2007,11,9,,,117.0,10159.0,10149.0,133.0,28.0,1405.0,1049.0,0.0,,75.0,72.0,81.0,,,,62.059999999999995,59.0,,,350.0,290.0,,,0.0,,54.0,72.0,,,1.0,-9999.0,,,,,1.0,,,,1.0,,-9999.0,,,,
2007,11,10,,,,,,,,,,0.0,,,,,,,,32.0,32.0,,,,,,,0.0,,,,,,0.0,-9.0,,,,,0.0,,,,,,-9.0,,,,
2007,11,11,,,117.0,179.0,169.0,133.0,22.0,912.0,910.0,0.0,,75.0,70.0,80.0,,,,62.959999999999994,59.0,,,290.0,280.0,,,0.0,,45.0,63.0,,,1.0,999.0,,,,,1.0,,,,1.0,,999.0,,,,
2007,11,12,,,,,,,,,,0.0,,,,,,,,,,,,,,,,0.0,,,,,,0.0,-999.0,,,,,0.0,,,,,,-999.0,,,,
2007,11,14,,,106.0,176.0,169.0,133.0,21.0,1348.0,1348.0,0.0,,71.0,60.0,81.0,,,,62.959999999999994,59.0,,,290.0,290.0,,,0.0,,63.0,76.0,,,9999.0,9999.0,,,,,1.0,,,,9999.0,,9999.0,,,,
2007,11,15,,,,,,,,,,0.0,,,,,,,,,,,,,,,,0.0,,,,,,-99.0,-99.0,,,,,,,,,-99.0,,-99.0,,,,
2007,11,16,,,,,,,,,,,,,,,,,,,,,,,,,,,,,,,,99.0,99.0,,,,,99.0,,,,99.0,,99.0,,,,
2007,11,17,,,117.0,10149.0,10135.0,133.0,17.0,1234.0,1235.0,10.0,,78.0,63.0,90.0,,,,64.04,53.96,,,190.0,190.0,,,0.0,,54.0,63.0,,,1.0,-9999.0,,,,,1.0,,,,1.0,,1.0,,,,
2007,11,18,,,,,,,,,,0.0,,,,,,,,32.0,32.0,,,,,,,0.0,,,,,,0.0,-9.0,,,,,0.0,,,,,,,,,,
2007,11,19,,,117.0,163.0,152.0,144.0,21.0,721.0,714.0,0.0,,67.0,44.0,87.0,,,,71.06,59.0,,,350.0,350.0,,,0.0,,63.0,80.0,,,1.0,999.0,,,,,1.0,,,,999.0,,999.0,,,,
2007,11,20,,,,,,,,,,0.0,,,,,,,,,,,,,,,,0.0,,,,,,,-999.0,,,,,,,,,-999.0,,-999.0,,,,
2007,11,22,,,50.0,135.0,125.0,128.0,11.0,1514.0,1513.0,0.0,,38.0,19.0,58.0,,,,84.02,57.92,,,300.0,300.0,,,0.0,,54.0,67.0,,,9999.0,9999.0,,,,,9999.0,,,,9999.0,,9999.0,,,,
2007,11,23,,,,,,,,,,0.0,,,,,,,,,,,,,,,,0.0,,,,,,,-99.0,,,,,,,,,,,-99.0,,,,
2007,11,24,,,,,,,,,,,,,,,,,,,,,,,,,,,,,,,,,99.0,,,,,,,,,,,99.0,,,,
2007,11,25,,,122.0,10169.0,10159.0,139.0,16.0,1514.0,1504.0,0.0,,81.0,75.0,90.0,,,,62.959999999999994,57.02,,,190.0,190.0,,,0.0,,40.0,54.0,,,1.0,-9999.0,,,,,1.0,,,,1.0,,-9999.0,,,,
2007,11,26,,,,,,,,,,0.0,,,,,,,,32.0,32.0,,,,,,,0.0,,,,,,,-9.0,,,,,,,,,,,-9.0,,,,
2007,11,27,,,111.0,173.0,163.0,133.0,15.0,506.0,452.0,0.0,,75.0,65.0,81.0,,,,62.959999999999994,59.0,,,290.0,280.0,,,0.0,,40.0,58.0,,,999.0,999.0,,,,,999.0,,,,999.0,,999.0,,,,
2007,11,28,,,,,,,,,,0.0,,,,,,,,,,,,,,,,0.0,,,,,,,-999.0,,,,,,,,,,,-999.0,,,,
2007,11,30,,,111.0,159.0,149.0,122.0,17.0,1328.0,1328.0,0.0,,81.0,67.0,90.0,,,,62.059999999999995,53.96,,,290.0,290.0,,,0.0,,63.0,72.0,,,1.0,9999.0,,,,,1.0,,,,1.0,,9999.0,,,,
2007,11,31,,,,,,,,,,0.0,,,,,,,,,,,,,,,,0.0,,,,,,0.0,-99.0,,,,,0.0,,,,,,-99.0,,,,
2007,12,1,,,61.0,10159.0,10152.0,100.0,36.0,958.0,958.0,3.0,,63.0,48.0,81.0,,,,60.08,55.04,,,240.0,240.0,,,0.0,,89.0,107.0,,,-9999.0,-9999.0,,,,,-9999.0,,,,-9999.0,-9999.0,1.0,,,,
2007,12,2,,,,,,,,,,0.0,,,,,,,,32.0,32.0,,,,,,,0.0,,,,,,-9.0,-9.0,,,,,-9.0,,,,-9.0,-9.0,,,,,
2007,12,3,,,56.0,278.0,268.0,89.0,14.0,447.0,431.0,0.0,,64.0,44.0,77.0,,,,60.08,46.94,,,290.0,300.0,,,0.0,,67.0,89.0,,,999.0,999.0,,,,,999.0,,,,999.0,999.0,999.0,,,,
2007,12,4,,,,,,,,,,0.0,,,,,,,,,,,,,,,,0.0,,,,,,-999.0,-999.0,,,,,-999.0,,,,-999.0,-999.0,-999.0,,,,
2007,12,6,,,78.0,193.0,179.0,106.0,11.0,1255.0,1247.0,0.0,,67.0,48.0,86.0,,,,66.92,46.94,,,300.0,300.0,,,0.0,,54.0,67.0,,,9999.0,9999.0,,,,,9999.0,,,,9999.0,9999.0,9999.0,,,,
2007,12,7,,,,,,,,,,0.0,,,,,,,,,,,,,,,,0.0,,,,,,,,,,,,,,,,,-99.0,-99.0,,,,
2007,12,8,,,,,,,,,,,,,,,,,,,,,,,,,,,,,,,,,,,,,,,,,,,99.0,99.0,,,,
2007,12,9,,,111.0,10152.0,10146.0,128.0,47.0,2359.0,2358.0,0.0,,77.0,65.0,84.0,,,,64.04,55.04,,,160.0,160.0,,,0.0,,94.0,112.0,,,1.0,-9999.0,,,,,1.0,,,,1.0,-9999.0,-9999.0,,,,
2007,12,10,,,,,,,,,,0.0,,,,,,,,32.0,32.0,,,,,,,0.0,,,,,,0.0,-9.0,,,,,0.0,,,,,-9.0,,,,,
2007,12,11,,,89.0,166.0,156.0,117.0,59.0,136.0,134.0,46.0,,70.0,51.0,93.0,,,,60.08,53.96,,,160.0,160.0,,,0.0,,107.0,134.0,,,1.0,999.0,,,,,1.0,,,,1.0,999.0,1.0,,,,
2007,12,12,,,,,,,,,,,,,,,,,,,,,,,,,,0.0,,,,,,,-999.0,,,,,,,,,,-999.0,0.0,,,,
2007,12,14,,,44.0,156.0,146.0,72.0,15.0,2355.0,2354.0,18.0,,66.0,49.0,80.0,,,,57.02,46.04,,,70.0,70.0,,,0.0,,54.0,63.0,,,9999.0,9999.0,,,,,9999.0,,,,9999.0,9999.0,1.0,,,,
2007,12,15,,,,,,,,,,0.0,,,,,,,,,32.0,,,,,,,0.0,,,,,,-99.0,-99.0,,,,,-99.0,,,,-99.0,-99.0,,,,,
2007,12,16,,,,,,,,,,,,,,,,,,,,,,,,,,,,,,,,99.0,99.0,,,,,99.0,,,,99.0,99.0,99.0,,,,
2007,12,17,,,44.0,10183.0,10173.0,83.0,26.0,535.0,539.0,23.0,,61.0,34.0,83.0,,,,62.059999999999995,48.02,,,80.0,80.0,,,0.0,,67.0,89.0,,,-9999.0,-9999.0,,,,,-9999.0,,,,-9999.0,-9999.0,1.0,,,,
2007,12,18,,,,,,,,,,0.0,,,,,,,,32.0,32.0,,,,,,,0.0,,,,,,-9.0,-9.0,,,,,-9.0,,,,-9.0,-9.0,,,,,
2007,12,19,,,17.0,244.0,234.0,67.0,13.0,549.0,547.0,0.0,,53.0,35.0,69.0,,,,60.980000000000004,44.06,,,340.0,340.0,,,0.0,,63.0,76.0,,,999.0,999.0,,,,,999.0,,,,999.0,999.0,999.0,,,,
2007,12,20,,,,,,,,,,0.0,,,,,,,,,,,,,,,,0.0,,,,,,-999.0,-999.0,,,,,-999.0,,,,-999.0,-999.0,-999.0,,,,
2007,12,21,,,,,,,,,,,,,,,,,,,,,,,,,,,,,,,,,,,,,,9.0,,,,,,,,,,
2007,12,22,,,39.0,230.0,224.0,78.0,16.0,1555.0,1557.0,0.0,,64.0,36.0,77.0,,,,60.980000000000004,42.980000000000004,,,300.0,300.0,,,0.0,,54.0,63.0,,,9999.0,9999.0,,,,,1.0,,,,9999.0,9999.0,9999.0,,,,
2007,12,23,,,,,,,,,,0.0,,,,,,,,,32.0,,,,,,,0.0,,,,,,-99.0,-99.0,,,,,0.0,,,,-99.0,-99.0,-99.0,,,,
2007,12,24,,,,,,,,,,,,,,,,,,,,,,,,,,,,,,,,99.0,99.0,,,,,,,,,99.0,99.0,99.0,,,,
2007,12,25,,,44.0,10183.0,10173.0,83.0,12.0,1307.0,1307.0,0.0,,63.0,30.0,86.0,,,,62.059999999999995,44.06,,,310.0,300.0,,,0.0,,58.0,72.0,,,1.0,-9999.0,,,,,1.0,,,,1.0,-9999.0,-9999.0,,,,
2007,12,26,,,,,,,,,,0.0,,,,,,,,32.0,32.0,,,,,,,0.0,,,,,,0.0,-9.0,,,,,,,,,,-9.0,-9.0,,,,
2007,12,27,,,72.0,203.0,196.0,94.0,11.0,504.0,440.0,0.0,,73.0,58.0,86.0,,,,60.08,46.04,,,290.0,300.0,,,0.0,,58.0,72.0,,,1.0,999.0,,,,,1.0,,,,1.0,999.0,999.0,,,,
2007,12,28,,,,,,,,,,0.0,,,,,,,,,,,,,,,,0.0,,,,,,,-999.0,,,,,0.0,,,,,-999.0,,,,,
2007,12,29,,,,,,,,,,,,,,,,,,,,,,,,,,,,,,,,9.0,,,,,,,,,,9.0,,,,,,
2007,12,30,,,111.0,234.0,224.0,128.0,21.0,441.0,826.0,28.0,,84.0,75.0,93.0,,,,60.08,55.04,,,150.0,160.0,,,0.0,,45.0,63.0,,,1.0,9999.0,,,,,1.0,,,,1.0,9999.0,1.0,,,,
2007,12,31,,,,,,,,,,0.0,,,,,,,,,,,,,,,,0.0,,,,,,0.0,-99.0,,,,,,,,,,-99.0,0.0,,,,
2008,1,1,,,-28.0,10207.0,10196.0,61.0,9.0,1324.0,1435.0,0.0,,37.0,13.0,59.0,,,,69.98,44.06,,,320.0,340.0,,,0.0,,36.0,40.0,,,-9999.0,-9999.0,,,,,1.0,,,,-9999.0,,-9999.0,,,,
2008,1,2,,,,,,,,,,0.0,,,,,,,,32.0,32.0,,,,,,,0.0,,,,,,-9.0,-9.0,,,,,,,,,-9.0,,-9.0,,,,
2008,1,3,,,-33.0,196.0,186.0,67.0,10.0,833.0,245.0,0.0,,31.0,14.0,53.0,,,,68.0,48.02,,,180.0,210.0,,,0.0,,31.0,40.0,,,999.0,999.0,,,,,1.0,,,,999.0,,999.0,,,,
2008,1,4,,,,,,,,,,0.0,,,,,,,,,,,,,,,,0.0,,,,,,-999.0,-999.0,,,,,,,,,-999.0,,-999.0,,,,
2008,1,5,,,,,,,,,,,,,,,,,,,,,,,,,,,,,,,,,,,,,,,,,,,,9.0,,,,
2008,1,6,,,100.0,196.0,186.0,117.0,39.0,2349.0,2348.0,3.0,,77.0,64.0,87.0,,,,60.08,55.04,,,160.0,160.0,,,0.0,,94.0,116.0,,,9999.0,9999.0,,,,,1.0,,,,9999.0,,1.0,,,,
2008,1,7,,,,,,,,,,,,,,,,,,,,,,,,,,0.0,,,,,,,-99.0,,,,,,,,,,,0.0,,,,
2008,1,8,,,,,,,,,,,,,,,,,,,,,,,,,,,,,,,,,99.0,,,,,99.0,,,,,,,,,,
2008,1,9,,,106.0,10156.0,10142.0,111.0,41.0,2356.0,2311.0,94.0,,88.0,80.0,97.0,,,,57.02,50.0,,,190.0,170.0,,,0.0,,116.0,170.0,,,1.0,-9999.0,,,,,-9999.0,,,,1.0,,1.0,,,,
2008,1,10,,,,,,,,,,0.0,,,,,,,,32.0,32.0,,,,,,,0.0,,,,,,0.0,-9.0,,,,,-9.0,,,,,,0.0,,,,
2008,1,11,,,94.0,159.0,149.0,106.0,38.0,35.0,355.0,89.0,,83.0,69.0,93.0,,,,55.94,48.92,,,220.0,190.0,,,0.0,,116.0,161.0,,,1.0,999.0,,,,,999.0,,,,1.0,,1.0,,,,
2008,1,12,,,,,,,,,,0.0,,,,,,,,,,,,,,,,0.0,,,,,,,-999.0,,,,,-999.0,,,,,,,,,,
2008,1,13,,,,,,,,,,,,,,,,,,,,,,,,,,,,,,,,9.0,,,,,,9.0,,,,9.0,,,,,,
2008,1,14,,,78.0,213.0,207.0,94.0,12.0,1342.0,1344.0,0.0,,78.0,60.0,93.0,,,,57.92,46.94,,,290.0,290.0,,,0.0,,67.0,80.0,,,1.0,9999.0,,,,,1.0,,,,1.0,,9999.0,,,,
2008,1,15,,,,,,,,,,0.0,,,,,,,,,32.0,,,,,,,0.0,,,,,,0.0,-99.0,,,,,,,,,,,-99.0,,,,
2008,1,16,,,,,,,,,,,,,,,,,,,,,,,,,,,,,,,,,99.0,,,,,,,,,,,99.0,,,,
2008,1,17,,,89.0,10179.0,10169.0,100.0,10.0,1526.0,406.0,0.0,,84.0,62.0,93.0,,,,59.0,46.94,,,300.0,10.0,,,0.0,,45.0,58.0,,,1.0,-9999.0,,,,,1.0,,,,1.0,,-9999.0,,,,
2008,1,18,,,,,,,,,,0.0,,,,,,,,32.0,32.0,,,,,,,0.0,,,,,,0.0,,,,,,0.0,,,,,,-9.0,,,,
2008,1,19,,,89.0,186.0,173.0,100.0,9.0,335.0,334.0,0.0,,89.0,58.0,100.0,,,,62.959999999999994,44.96,,,170.0,160.0,,,0.0,,45.0,54.0,,,1.0,1.0,,,,,1.0,,,,1.0,,999.0,,,,
2008,1,20,,,,,,,,,,0.0,,,,,,,,,,,,,,,,0.0,,,,,,0.0,,,,,,,,,,,,-999.0,,,,
2008,1,22,,,-6.0,224.0,217.0,83.0,23.0,1504.0,1504.0,0.0,,35.0,11.0,63.0,,,,75.92,46.04,,,300.0,290.0,,,0.0,,72.0,94.0,,,9999.0,9999.0,,,,,9999.0,,,,9999.0,,9999.0,,,,
2008,1,23,,,,,,,,,,0.0,,,,,,,,,32.0,,,,,,,0.0,,,,,,-99.0,-99.0,,,,,-99.0,,,,-99.0,,-99.0,,,,
2008,1,24,,,,,,,,,,,,,,,,,,,,,,,,,,,,,,,,99.0,99.0,,,,,99.0,,,,99.0,,99.0,,,,
2008,1,25,,,78.0,10149.0,10142.0,94.0,16.0,1130.0,1414.0,0.0,,78.0,67.0,90.0,,,,57.02,46.94,,,180.0,210.0,,,0.0,,40.0,54.0,,,1.0,-9999.0,,,,,1.0,,,,1.0,,-9999.0,,,,
2008,1,26,,,,,,,,,,0.0,,,,,,,,32.0,32.0,,,,,,,0.0,,,,,,,-9.0,,,,,,,,,,,-9.0,,,,
2008,1,27,,,-33.0,186.0,179.0,56.0,21.0,456.0,458.0,0.0,,38.0,13.0,61.0,,,,66.92,44.06,,,290.0,290.0,,,0.0,,80.0,98.0,,,999.0,999.0,,,,,999.0,,,,999.0,,999.0,,,,
2008,1,28,,,,,,,,,,0.0,,,,,,,,,,,,,,,,0.0,,,,,,-999.0,-999.0,,,,,-999.0,,,,-999.0,,-999.0,,,,
2008,1,30,,,11.0,220.0,210.0,67.0,13.0,1502.0,1501.0,0.0,,53.0,21.0,83.0,,,,64.94,42.980000000000004,,,290.0,290.0,,,0.0,,58.0,72.0,,,9999.0,9999.0,,,,,9999.0,,,,9999.0,,9999.0,,,,
2008,1,31,,,,,,,,,,0.0,,,,,,,,,32.0,,,,,,,0.0,,,,,,-99.0,-99.0,,,,,-99.0,,,,-99.0,,-99.0,,,,
2008,2,1,,,50.0,10220.0,10207.0,83.0,18.0,1526.0,1516.0,0.0,,65.0,56.0,74.0,,,,59.0,44.96,,,230.0,220.0,,,0.0,,58.0,67.0,,,-9999.0,-9999.0,,,,,-9999.0,,,,-9999.0,,1.0,,,,
2008,2,2,,,,,,,,,,,,,,,,,,32.0,32.0,,,,,,,0.0,,,,,,-9.0,-9.0,,,,,-9.0,,,,-9.0,,,,,,
2008,2,3,,,61.0,203.0,190.0,89.0,24.0,857.0,850.0,0.0,,66.0,55.0,74.0,,,,57.92,50.0,,,140.0,150.0,,,0.0,,54.0,63.0,,,999.0,999.0,,,,,999.0,,,,999.0,,999.0,,,,
2008,2,4,,,,,,,,,,,,,,,,,,,,,,,,,,0.0,,,,,,,-999.0,,,,,,,,,,,,,,,
2008,2,6,,,39.0,163.0,152.0,78.0,33.0,303.0,134.0,10.0,,60.0,47.0,72.0,,,,57.02,48.02,,,290.0,290.0,,,0.0,,98.0,139.0,,,9999.0,9999.0,,,,,9999.0,,,,9999.0,,1.0,,,,
2008,2,7,,,,,,,,,,0.0,,,,,,,,,32.0,,,,,,,0.0,,,,,,-99.0,-99.0,,,,,-99.0,,,,-99.0,,,,,,
2008,2,8,,,,,,,,,,,,,,,,,,,,,,,,,,,,,,,,99.0,99.0,,,,,99.0,,,,99.0,,99.0,,,,
2008,2,9,,,33.0,10244.0,10234.0,72.0,13.0,1232.0,1324.0,0.0,,61.0,39.0,77.0,,,,59.0,42.980000000000004,,,300.0,280.0,,,0.0,,54.0,58.0,,,-9999.0,-9999.0,,,,,-9999.0,,,,-9999.0,,-9999.0,,,,
2008,2,10,,,,,,,,,,0.0,,,,,,,,32.0,32.0,,,,,,,0.0,,,,,,-9.0,-9.0,,,,,,,,,-9.0,,-9.0,,,,
2008,2,11,,,50.0,213.0,200.0,89.0,13.0,513.0,510.0,0.0,,63.0,34.0,77.0,,,,66.92,44.96,,,290.0,290.0,,,0.0,,54.0,67.0,,,999.0,999.0,,,,,1.0,,,,999.0,,999.0,,,,
2008,2,12,,,,,,,,,,0.0,,,,,,,,,,,,,,,,0.0,,,,,,-999.0,-999.0,,,,,0.0,,,,-999.0,,-999.0,,,,
2008,2,14,,,33.0,179.0,169.0,100.0,13.0,1237.0,1338.0,0.0,,47.0,12.0,74.0,,,,77.0,48.02,,,320.0,300.0,,,0.0,,54.0,58.0,,,9999.0,9999.0,,,,,9999.0,,,,9999.0,,9999.0,,,,
2008,2,15,,,,,,,,,,0.0,,,,,,,,,32.0,,,,,,,0.0,,,,,,-99.0,-99.0,,,,,-99.0,,,,-99.0,,-99.0,,,,
2008,2,16,,,,,,,,,,,,,,,,,,,,,,,,,,,,,,,,99.0,99.0,,,,,99.0,,,,99.0,,99.0,,,,
2008,2,17,,,67.0,10176.0,10163.0,106.0,14.0,1515.0,1515.0,0.0,,61.0,33.0,83.0,,,,71.06,50.0,,,290.0,300.0,,,0.0,,63.0,72.0,,,-9999.0,-9999.0,,,,,-9999.0,,,,-9999.0,,-9999.0,,,,
2008,2,18,,,,,,,,,,0.0,,,,,,,,32.0,32.0,,,,,,,0.0,,,,,,,,,,,,,,,,,,-9.0,,,,
2008,2,19,,,89.0,169.0,156.0,117.0,17.0,626.0,625.0,0.0,,69.0,29.0,100.0,,,,71.96,50.0,,,290.0,300.0,,,0.0,,63.0,72.0,,,1.0,1.0,,,,,1.0,,,,1.0,,999.0,,,,
2008,2,20,,,,,,,,,,0.0,,,,,,,,,,,,,,,,0.0,,,,,,0.0,,,,,,,,,,,,,,,,
2008,2,22,,,56.0,112.0,105.0,78.0,51.0,1714.0,1713.0,53.0,,72.0,62.0,79.0,,,,57.02,42.980000000000004,,,60.0,60.0,,,0.0,,107.0,139.0,,,9999.0,9999.0,,,,,9999.0,,,,9999.0,,1.0,,,,
2008,2,23,,,,,,,,,,0.0,,,,,,,,,32.0,,,,,,,0.0,,,,,,-99.0,-99.0,,,,,-99.0,,,,-99.0,,,,,,
2008,2,24,,,,,,,,,,,,,,,,,,,,,,,,,,,,,,,,99.0,99.0,,,,,99.0,,,,99.0,,99.0,,,,
2008,2,25,,,44.0,10227.0,10213.0,83.0,15.0,1528.0,1528.0,0.0,,62.0,38.0,77.0,,,,64.04,44.06,,,240.0,250.0,,,0.0,,63.0,72.0,,,-9999.0,-9999.0,,,,,-9999.0,,,,-9999.0,,-9999.0,,,,
2008,2,26,,,,,,,,,,0.0,,,,,,,,32.0,32.0,,,,,,,0.0,,,,,,-9.0,-9.0,,,,,,,,,-9.0,,-9.0,,,,
2008,2,27,,,67.0,200.0,190.0,94.0,15.0,505.0,344.0,0.0,,73.0,60.0,83.0,,,,59.0,46.94,,,290.0,290.0,,,0.0,,63.0,76.0,,,999.0,999.0,,,,,1.0,,,,999.0,,999.0,,,,
2008,2,28,,,,,,,,,,0.0,,,,,,,,,,,,,,,,0.0,,,,,,,-999.0,,,,,,,,,,,-999.0,,,,
2008,2,30,,,78.0,207.0,196.0,100.0,21.0,1452.0,1420.0,0.0,,70.0,62.0,77.0,,,,59.0,53.96,,,270.0,300.0,,,0.0,,58.0,72.0,,,9999.0,9999.0,,,,,9999.0,,,,9999.0,,9999.0,,,,
2008,2,31,,,,,,,,,,0.0,,,,,,,,,,,,,,,,0.0,,,,,,,-99.0,,,,,,,,,,,,,,,
2008,3,1,,,83.0,10203.0,10190.0,106.0,24.0,1159.0,1158.0,0.0,,71.0,60.0,77.0,,,,60.08,53.96,,,300.0,290.0,,,0.0,,63.0,94.0,,,-9999.0,-9999.0,-9999.0,-9999.0,-9999.0,-9999.0,1.0,-9999.0,,,-9999.0,-9999.0,1.0,,,,
2008,3,2,,,,,,,,,,,,,,,,,,32.0,32.0,,,,,,,0.0,,,,,,-9.0,-9.0,-9.0,-9.0,-9.0,-9.0,,-9.0,,,-9.0,-9.0,,,,,
2008,3,3,,,78.0,176.0,163.0,111.0,21.0,440.0,520.0,0.0,,66.0,53.0,80.0,,,,64.04,53.06,,,290.0,290.0,,,0.0,,72.0,89.0,,,999.0,999.0,999.0,999.0,999.0,999.0,999.0,999.0,,,999.0,999.0,999.0,,,,
2008,3,4,,,,,,,,,,0.0,,,,,,,,,,,,,,,,0.0,,,,,,-999.0,-999.0,-999.0,-999.0,-999.0,,,-999.0,,,-999.0,-999.0,-999.0,,,,
2008,3,6,,,39.0,173.0,163.0,89.0,21.0,1121.0,1338.0,0.0,,57.0,28.0,78.0,,,,62.059999999999995,46.94,,,180.0,210.0,,,0.0,,54.0,63.0,,,9999.0,9999.0,9999.0,9999.0,9999.0,9999.0,9999.0,9999.0,,,9999.0,9999.0,9999.0,,,,
2008,3,7,,,,,,,,,,0.0,,,,,,,,,,,,,,,,0.0,,,,,,,-99.0,-99.0,-99.0,-99.0,,,-99.0,,,,-99.0,-99.0,,,,
2008,3,8,,,,,,,,,,,,,,,,,,,,,,,,,,,,,,,,,99.0,99.0,99.0,99.0,,,99.0,,,,99.0,99.0,,,,
2008,3,9,,,33.0,10227.0,10213.0,94.0,16.0,1609.0,1630.0,0.0,,49.0,21.0,83.0,,,,69.98,48.92,,,300.0,300.0,,,0.0,,76.0,98.0,,,1.0,-9999.0,-9999.0,-9999.0,-9999.0,1.0,1.0,-9999.0,,,1.0,-9999.0,-9999.0,,,,
2008,3,10,,,,,,,,,,0.0,,,,,,,,32.0,32.0,,,,,,,0.0,,,,,,,-9.0,-9.0,-9.0,-9.0,,,-9.0,,,,-9.0,-9.0,,,,
2008,3,11,,,39.0,224.0,213.0,100.0,22.0,530.0,445.0,0.0,,47.0,30.0,60.0,,,,69.08,51.98,,,320.0,300.0,,,0.0,,76.0,103.0,,,999.0,999.0,999.0,999.0,999.0,999.0,999.0,999.0,,,999.0,999.0,999.0,,,,
2008,3,12,,,,,,,,,,0.0,,,,,,,,,,,,,,,,0.0,,,,,,-999.0,-999.0,-999.0,-999.0,-999.0,,,-999.0,,,-999.0,-999.0,-999.0,,,,
2008,3,13,,,,,,,,,,,,,,,,,,,,,,,,,,,,,,,,9.0,,,,,,,,,,9.0,,,,,,
2008,3,14,,,78.0,179.0,169.0,117.0,21.0,1533.0,1535.0,0.0,,59.0,36.0,83.0,,,,66.92,51.08,,,320.0,310.0,,,0.0,,67.0,72.0,,,1.0,9999.0,9999.0,9999.0,9999.0,1.0,1.0,9999.0,,,1.0,9999.0,9999.0,,,,
2008,3,15,,,,,,,,,,0.0,,,,,,,,,,,,,,,,0.0,,,,,,,-99.0,-99.0,-99.0,-99.0,,,-99.0,,,,-99.0,-99.0,,,,
2008,3,16,,,,,,,,,,,,,,,,,,,,,,,,,,,,,,,,99.0,99.0,99.0,99.0,99.0,99.0,,99.0,,,99.0,99.0,99.0,,,,
2008,3,17,,,44.0,10207.0,10190.0,111.0,16.0,1408.0,1407.0,0.0,,44.0,19.0,70.0,,,,75.92,53.06,,,290.0,290.0,,,0.0,,63.0,72.0,,,-9999.0,-9999.0,-9999.0,-9999.0,-9999.0,-9999.0,-9999.0,-9999.0,,,-9999.0,-9999.0,-9999.0,,,,
2008,3,18,,,,,,,,,,0.0,,,,,,,,32.0,32.0,,,,,,,0.0,,,,,,-9.0,-9.0,-9.0,-9.0,-9.0,-9.0,,-9.0,,,-9.0,-9.0,-9.0,,,,
2008,3,19,,,89.0,166.0,152.0,122.0,14.0,332.0,332.0,0.0,,65.0,37.0,81.0,,,,69.98,53.96,,,290.0,290.0,,,0.0,,63.0,72.0,,,999.0,999.0,999.0,999.0,999.0,999.0,1.0,999.0,,,999.0,999.0,999.0,,,,
2008,3,20,,,,,,,,,,0.0,,,,,,,,,,,,,,,,0.0,,,,,,,-999.0,-999.0,-999.0,-999.0,,,-999.0,,,,-999.0,-999.0,,,,
2008,3,22,,,94.0,176.0,166.0,122.0,30.0,1304.0,1303.0,0.0,,71.0,65.0,78.0,,,,60.980000000000004,57.02,,,260.0,260.0,,,0.0,,67.0,80.0,,,9999.0,9999.0,9999.0,9999.0,9999.0,9999.0,9999.0,9999.0,,,9999.0,9999.0,9999.0,,,,
2008,3,23,,,,,,,,,,0.0,,,,,,,,,,,,,,,,0.0,,,,,,-99.0,-99.0,-99.0,-99.0,-99.0,-99.0,,-99.0,,,-99.0,-99.0,,,,,
2008,3,24,,,,,,,,,,,,,,,,,,,,,,,,,,,,,,,,99.0,99.0,99.0,99.0,99.0,99.0,,99.0,,,99.0,99.0,,,,,
2008,3,25,,,39.0,10132.0,10119.0,78.0,22.0,217.0,216.0,56.0,,59.0,44.0,74.0,,,,59.0,46.04,,,290.0,300.0,,,0.0,,98.0,130.0,,,-9999.0,-9999.0,1.0,1.0,1.0,-9999.0,-9999.0,-9999.0,,,-9999.0,-9999.0,1.0,,,,
2008,3,26,,,,,,,,,,0.0,,,,,,,,32.0,32.0,,,,,,,0.0,,,,,,-9.0,-9.0,,,,-9.0,-9.0,-9.0,,,-9.0,-9.0,,,,,
2008,3,27,,,33.0,203.0,193.0,83.0,20.0,630.0,629.0,0.0,,54.0,30.0,69.0,,,,62.959999999999994,48.02,,,300.0,300.0,,,0.0,,72.0,94.0,,,999.0,999.0,999.0,999.0,999.0,999.0,999.0,999.0,,,999.0,999.0,999.0,,,,
2008,3,28,,,,,,,,,,0.0,,,,,,,,,,,,,,,,0.0,,,,,,-999.0,-999.0,-999.0,-999.0,-999.0,-999.0,-999.0,-999.0,,,-999.0,-999.0,-999.0,,,,
2008,3,29,,,,,,,,,,,,,,,,,,,,,,,,,,,,,,,,9.0,,,,,9.0,9.0,,,,9.0,,,,,,
2008,3,30,,,83.0,210.0,196.0,106.0,21.0,1248.0,1202.0,0.0,,71.0,62.0,80.0,,,,60.08,53.96,,,280.0,270.0,,,0.0,,54.0,67.0,,,1.0,9999.0,9999.0,9999.0,9999.0,1.0,1.0,9999.0,,,1.0,9999.0,9999.0,,,,
2008,3,31,,,,,,,,,,0.0,,,,,,,,,,,,,,,,0.0,,,,,,,-99.0,-99.0,-99.0,-99.0,0.0,,-99.0,,,,-99.0,-99.0,,,,
2008,4,1,,,61.0,10186.0,10173.0,94.0,22.0,1431.0,1207.0,0.0,,67.0,58.0,74.0,,,,59.0,50.0,,,290.0,270.0,,,0.0,,67.0,98.0,,,-9999.0,,,,-9999.0,-9999.0,-9999.0,,,,-9999.0,,-9999.0,,,,
2008,4,2,,,,,,,,,,0.0,,,,,,,,32.0,32.0,,,,,,,0.0,,,,,,-9.0,,,,-9.0,-9.0,-9.0,,,,-9.0,,,,,,
2008,4,3,,,67.0,190.0,179.0,94.0,22.0,253.0,618.0,,,66.0,56.0,77.0,,,,59.0,50.0,,,270.0,290.0,,,0.0,,58.0,76.0,,,999.0,,,,999.0,999.0,999.0,,,,999.0,,1.0,,,,
2008,4,4,,,,,,,,,,0.0,,,,,,,,,,,,,,,,0.0,,,,,,-999.0,,,,-999.0,-999.0,,,,,-999.0,,,,,,
2008,4,5,,,,,,,,,,,,,,,,,,,,,,,,,,,,,,,,9.0,,,,,9.0,,,,,,,,,,,
2008,4,6,,,106.0,193.0,183.0,122.0,33.0,1306.0,1306.0,0.0,,79.0,72.0,87.0,,,,62.059999999999995,53.96,,,280.0,290.0,,,0.0,,76.0,98.0,,,1.0,,,,9999.0,1.0,1.0,,,,9999.0,,9999.0,,,,
2008,4,7,,,,,,,,,,0.0,,,,,,,,,,,,,,,,0.0,,,,,,,,,,-99.0,,,,,,-99.0,,-99.0,,,,
2008,4,8,,,,,,,,,,,,,,,,,,,,,,,,,,,,,,,,99.0,,,,99.0,99.0,99.0,,,,99.0,,99.0,,,,
2008,4,9,,,78.0,10173.0,10163.0,106.0,28.0,1246.0,1615.0,0.0,,70.0,62.0,77.0,,,,60.08,53.06,,,240.0,300.0,,,0.0,,63.0,72.0,,,-9999.0,,,,-9999.0,-9999.0,-9999.0,,,,-9999.0,,-9999.0,,,,
2008,4,10,,,,,,,,,,0.0,,,,,,,,32.0,32.0,,,,,,,0.0,,,,,,-9.0,,,,-9.0,-9.0,-9.0,,,,-9.0,,-9.0,,,,
2008,4,11,,,83.0,176.0,166.0,111.0,30.0,548.0,619.0,0.0,,69.0,62.0,77.0,,,,60.980000000000004,55.04,,,280.0,300.0,,,0.0,,58.0,72.0,,,999.0,,,,999.0,999.0,999.0,,,,999.0,,999.0,,,,
2008,4,12,,,,,,,,,,0.0,,,,,,,,,,,,,,,,0.0,,,,,,-999.0,,,,-999.0,-999.0,-999.0,,,,-999.0,,-999.0,,,,
2008,4,13,,,,,,,,,,,,,,,,,,,,,,,,,,,,,,,,,,,,9.0,,,,,,,,9.0,,,,
2008,4,14,,,61.0,152.0,142.0,94.0,34.0,244.0,1534.0,,,63.0,50.0,75.0,,,,60.08,53.06,,,260.0,270.0,,,0.0,,72.0,89.0,,,9999.0,,,,1.0,9999.0,9999.0,,,,9999.0,,1.0,,,,
2008,4,15,,,,,,,,,,0.0,,,,,,,,,32.0,,,,,,,0.0,,,,,,-99.0,,,,,-99.0,-99.0,,,,-99.0,,,,,,
2008,4,16,,,,,,,,,,,,,,,,,,,,,,,,,,,,,,,,99.0,,,,99.0,99.0,99.0,,,,99.0,,99.0,,,,
2008,4,17,,,61.0,10179.0,10169.0,117.0,22.0,1440.0,1438.0,0.0,,47.0,25.0,80.0,,,,75.02,53.06,,,290.0,290.0,,,0.0,,76.0,94.0,,,-9999.0,,,,-9999.0,-9999.0,-9999.0,,,,-9999.0,,-9999.0,,,,
2008,4,18,,,,,,,,,,0.0,,,,,,,,32.0,32.0,,,,,,,0.0,,,,,,-9.0,,,,-9.0,-9.0,,,,,-9.0,,-9.0,,,,
2008,4,19,,,0.0,166.0,156.0,117.0,20.0,528.0,500.0,0.0,,27.0,9.0,51.0,,,,87.08000000000001,55.04,,,290.0,310.0,,,0.0,,67.0,89.0,,,999.0,,,,999.0,999.0,1.0,,,,999.0,,999.0,,,,
2008,4,20,,,,,,,,,,0.0,,,,,,,,,,,,,,,,0.0,,,,,,-999.0,,,,-999.0,-999.0,,,,,-999.0,,-999.0,,,,
2008,4,22,,,83.0,146.0,135.0,128.0,19.0,1302.0,1302.0,0.0,,56.0,29.0,78.0,,,,75.92,57.92,,,320.0,320.0,,,0.0,,63.0,72.0,,,9999.0,,,,9999.0,9999.0,9999.0,,,,9999.0,,9999.0,,,,
2008,4,23,,,,,,,,,,0.0,,,,,,,,,,,,,,,,0.0,,,,,,-99.0,,,,-99.0,-99.0,-99.0,,,,-99.0,,-99.0,,,,
2008,4,24,,,,,,,,,,,,,,,,,,,,,,,,,,,,,,,,99.0,,,,99.0,99.0,99.0,,,,99.0,,99.0,,,,
2008,4,25,,,72.0,10163.0,10152.0,111.0,35.0,1553.0,1441.0,0.0,,60.0,52.0,67.0,,,,62.959999999999994,55.04,,,290.0,290.0,,,0.0,,67.0,89.0,,,-9999.0,,,,-9999.0,-9999.0,-9999.0,,,,-9999.0,,-9999.0,,,,
2008,4,26,,,,,,,,,,0.0,,,,,,,,32.0,32.0,,,,,,,0.0,,,,,,-9.0,,,,-9.0,-9.0,,,,,-9.0,,-9.0,,,,
2008,4,27,,,50.0,176.0,166.0,117.0,23.0,655.0,654.0,0.0,,43.0,17.0,72.0,,,,78.08,53.96,,,320.0,320.0,,,0.0,,72.0,89.0,,,999.0,,,,999.0,999.0,1.0,,,,999.0,,999.0,,,,
2008,4,28,,,,,,,,,,0.0,,,,,,,,,,,,,,,,0.0,,,,,,-999.0,,,,-999.0,,,,,,-999.0,,-999.0,,,,
2008,4,30,,,72.0,149.0,139.0,106.0,36.0,1244.0,1233.0,0.0,,65.0,58.0,77.0,,,,59.0,55.04,,,250.0,270.0,,,0.0,,63.0,80.0,,,9999.0,,,,9999.0,9999.0,9999.0,,,,9999.0,,9999.0,,,,
2008,4,31,,,,,,,,,,0.0,,,,,,,,,,,,,,,,0.0,,,,,,-99.0,,,,-99.0,-99.0,-99.0,,,,-99.0,,-99.0,,,,
2008,5,1,,,94.0,10146.0,10135.0,128.0,29.0,1312.0,1204.0,0.0,,63.0,54.0,72.0,,,,66.02,57.02,,,290.0,280.0,,,0.0,,63.0,80.0,,,-9999.0,,-9999.0,,-9999.0,-9999.0,-9999.0,,,,-9999.0,,-9999.0,,,,
2008,5,2,,,,,,,,,,0.0,,,,,,,,32.0,32.0,,,,,,,0.0,,,,,,-9.0,,-9.0,,-9.0,-9.0,,,,,-9.0,,-9.0,,,,
2008,5,3,,,106.0,149.0,142.0,139.0,22.0,240.0,219.0,0.0,,62.0,41.0,78.0,,,,73.94,57.02,,,300.0,290.0,,,0.0,,72.0,98.0,,,999.0,,999.0,,999.0,999.0,1.0,,,,999.0,,999.0,,,,
2008,5,4,,,,,,,,,,0.0,,,,,,,,,,,,,,,,0.0,,,,,,-999.0,,-999.0,,-999.0,,,,,,-999.0,,-999.0,,,,
2008,5,6,,,89.0,129.0,115.0,117.0,32.0,1337.0,1223.0,0.0,,64.0,58.0,75.0,,,,64.94,57.92,,,220.0,240.0,,,0.0,,63.0,80.0,,,9999.0,,9999.0,,9999.0,9999.0,9999.0,,,,9999.0,,9999.0,,,,
2008,5,7,,,,,,,,,,0.0,,,,,,,,,,,,,,,,0.0,,,,,,-99.0,,-99.0,,-99.0,-99.0,-99.0,,,,-99.0,,-99.0,,,,
2008,5,8,,,,,,,,,,,,,,,,,,,,,,,,,,,,,,,,99.0,,99.0,,99.0,99.0,99.0,,,,99.0,,99.0,,,,
2008,5,9,,,94.0,10163.0,10152.0,122.0,29.0,2330.0,2304.0,0.0,,70.0,64.0,81.0,,,,60.08,57.02,,,190.0,200.0,,,0.0,,54.0,63.0,,,-9999.0,,-9999.0,,1.0,1.0,1.0,,,,-9999.0,,1.0,,,,
2008,5,10,,,,,,,,,,,,,,,,,,32.0,32.0,,,,,,,0.0,,,,,,,,-9.0,,0.0,,,,,,-9.0,,,,,,
2008,5,11,,,100.0,166.0,152.0,128.0,23.0,301.0,306.0,5.0,,70.0,62.0,84.0,,,,62.959999999999994,55.94,,,280.0,270.0,,,0.0,,63.0,76.0,,,1.0,,999.0,,1.0,999.0,1.0,,,,999.0,,1.0,,,,
2008,5,12,,,,,,,,,,0.0,,,,,,,,,,,,,,,,0.0,,,,,,,,-999.0,,,-999.0,,,,,-999.0,,,,,,
2008,5,14,,,94.0,149.0,142.0,122.0,31.0,2127.0,2315.0,0.0,,69.0,65.0,74.0,,,,62.059999999999995,57.02,,,170.0,160.0,,,0.0,,58.0,72.0,,,9999.0,,9999.0,,9999.0,9999.0,9999.0,,,,9999.0,,9999.0,,,,
2008,5,15,,,,,,,,,,0.0,,,,,,,,,,,,,,,,0.0,,,,,,-99.0,,-99.0,,-99.0,-99.0,-99.0,,,,-99.0,,-99.0,,,,
2008,5,16,,,,,,,,,,,,,,,,,,,,,,,,,,,,,,,,99.0,,99.0,,99.0,99.0,99.0,,,,99.0,,99.0,,,,
2008,5,17,,,100.0,10152.0,10142.0,128.0,30.0,1403.0,1329.0,0.0,,66.0,61.0,72.0,,,,64.94,59.0,,,220.0,210.0,,,0.0,,58.0,76.0,,,-9999.0,,-9999.0,,-9999.0,-9999.0,-9999.0,,,,-9999.0,,-9999.0,,,,
2008,5,18,,,,,,,,,,0.0,,,,,,,,32.0,32.0,,,,,,,0.0,,,,,,-9.0,,-9.0,,-9.0,-9.0,,,,,-9.0,,-9.0,,,,
2008,5,19,,,83.0,142.0,129.0,117.0,41.0,227.0,320.0,0.0,,66.0,60.0,74.0,,,,62.059999999999995,57.02,,,230.0,230.0,,,0.0,,67.0,94.0,,,999.0,,999.0,,999.0,999.0,1.0,,,,999.0,,999.0,,,,
2008,5,20,,,,,,,,,,0.0,,,,,,,,,,,,,,,,0.0,,,,,,-999.0,,-999.0,,-999.0,-999.0,,,,,-999.0,,-999.0,,,,
2008,5,21,,,,,,,,,,,,,,,,,,,,,,,,,,,,,,,,,,,,,9.0,9.0,,,,,,,,,,
2008,5,22,,,117.0,156.0,146.0,144.0,21.0,1637.0,1054.0,0.0,,68.0,41.0,84.0,,,,73.04,57.02,,,310.0,280.0,,,0.0,,54.0,67.0,,,9999.0,,9999.0,,9999.0,1.0,1.0,,,,9999.0,,9999.0,,,,
2008,5,23,,,,,,,,,,0.0,,,,,,,,,,,,,,,,0.0,,,,,,,,-99.0,,-99.0,0.0,,,,,,,-99.0,,,,
2008,5,24,,,,,,,,,,,,,,,,,,,,,,,,,,,,,,,,,,99.0,,99.0,,,,,,,,99.0,,,,
2008,5,25,,,122.0,10149.0,10142.0,167.0,29.0,1557.0,1249.0,0.0,,54.0,24.0,81.0,,,,87.08000000000001,60.980000000000004,,,340.0,300.0,,,0.0,,72.0,98.0,,,-9999.0,,-9999.0,,-9999.0,1.0,1.0,,,,-9999.0,,-9999.0,,,,
2008,5,26,,,,,,,,,,0.0,,,,,,,,32.0,32.0,,,,,,,0.0,,,,,,,,-9.0,,-9.0,,,,,,-9.0,,-9.0,,,,
2008,5,27,,,139.0,152.0,146.0,172.0,18.0,605.0,604.0,0.0,,60.0,33.0,84.0,,,,82.04,62.059999999999995,,,300.0,300.0,,,0.0,,58.0,72.0,,,1.0,,999.0,,999.0,999.0,1.0,,,,999.0,,999.0,,,,
2008,5,28,,,,,,,,,,0.0,,,,,,,,,,,,,,,,0.0,,,,,,,,-999.0,,-999.0,-999.0,,,,,-999.0,,-999.0,,,,
2008,5,29,,,,,,,,,,,,,,,,,,,,,,,,,,,,,,,,9.0,,,,,9.0,9.0,,,,9.0,,,,,,
2008,5,30,,,156.0,122.0,112.0,178.0,22.0,1549.0,1604.0,0.0,,69.0,51.0,84.0,,,,80.06,64.94,,,290.0,300.0,,,0.0,,45.0,67.0,,,1.0,,9999.0,,9999.0,1.0,1.0,,,,1.0,,9999.0,,,,
2008,5,31,,,,,,,,,,0.0,,,,,,,,,,,,,,,,0.0,,,,,,,,-99.0,,-99.0,,,,,,,,-99.0,,,,
2008,6,1,,,111.0,10163.0,10152.0,139.0,24.0,1436.0,1435.0,0.0,,68.0,61.0,78.0,,,,68.0,60.08,,,290.0,290.0,,,0.0,,58.0,76.0,,,-9999.0,-9999.0,,,-9999.0,-9999.0,-9999.0,,,,-9999.0,-9999.0,-9999.0,,,,
2008,6,2,,,,,,,,,,0.0,,,,,,,,32.0,32.0,,,,,,,0.0,,,,,,-9.0,-9.0,,,-9.0,-9.0,-9.0,,,,-9.0,-9.0,-9.0,,,,
2008,6,3,,,117.0,159.0,146.0,139.0,24.0,711.0,615.0,0.0,,70.0,59.0,78.0,,,,68.0,59.0,,,280.0,280.0,,,0.0,,58.0,76.0,,,999.0,999.0,,,999.0,999.0,999.0,,,,999.0,999.0,999.0,,,,
2008,6,4,,,,,,,,,,0.0,,,,,,,,,,,,,,,,0.0,,,,,,-999.0,-999.0,,,-999.0,-999.0,-999.0,,,,-999.0,-999.0,-999.0,,,,
2008,6,5,,,,,,,,,,,,,,,,,,,,,,,,,,,,,,,,9.0,,,,9.0,9.0,9.0,,,,9.0,9.0,9.0,,,,
2008,6,6,,,111.0,91.0,78.0,133.0,37.0,1014.0,1014.0,5.0,,75.0,67.0,84.0,,,,62.059999999999995,59.0,,,160.0,160.0,,,0.0,,67.0,80.0,,,1.0,9999.0,,,1.0,1.0,1.0,,,,1.0,1.0,1.0,,,,
2008,6,7,,,,,,,,,,0.0,,,,,,,,,,,,,,,,0.0,,,,,,,-99.0,,,,,,,,,,,,,,,
2008,6,8,,,,,,,,,,,,,,,,,,,,,,,,,,,,,,,,99.0,99.0,,,99.0,99.0,99.0,,,,99.0,99.0,99.0,,,,
2008,6,9,,,128.0,10098.0,10088.0,156.0,22.0,2246.0,2245.0,0.0,,67.0,42.0,81.0,,,,78.98,60.08,,,160.0,160.0,,,0.0,,63.0,76.0,,,-9999.0,-9999.0,,,-9999.0,1.0,1.0,,,,-9999.0,-9999.0,-9999.0,,,,
2008,6,10,,,,,,,,,,0.0,,,,,,,,32.0,32.0,,,,,,,0.0,,,,,,-9.0,-9.0,,,-9.0,,,,,,-9.0,-9.0,-9.0,,,,
2008,6,11,,,111.0,98.0,91.0,139.0,45.0,142.0,127.0,0.0,,70.0,63.0,78.0,,,,64.94,60.08,,,190.0,180.0,,,0.0,,80.0,107.0,,,999.0,999.0,,,999.0,999.0,999.0,,,,999.0,999.0,999.0,,,,
2008,6,12,,,,,,,,,,0.0,,,,,,,,,,,,,,,,0.0,,,,,,-999.0,-999.0,,,-999.0,,,,,,-999.0,-999.0,-999.0,,,,
2008,6,14,,,128.0,115.0,105.0,150.0,20.0,1502.0,1441.0,0.0,,74.0,65.0,80.0,,,,68.0,60.08,,,220.0,240.0,,,0.0,,45.0,67.0,,,9999.0,9999.0,,,9999.0,1.0,1.0,,,,9999.0,9999.0,9999.0,,,,
2008,6,15,,,,,,,,,,0.0,,,,,,,,,,,,,,,,0.0,,,,,,,-99.0,,,-99.0,0.0,,,,,,-99.0,-99.0,,,,
2008,6,16,,,,,,,,,,,,,,,,,,,,,,,,,,,,,,,,,99.0,,,99.0,,,,,,,99.0,99.0,,,,
2008,6,17,,,111.0,10122.0,10112.0,133.0,27.0,1333.0,1333.0,0.0,,68.0,61.0,73.0,,,,66.02,60.08,,,200.0,190.0,,,0.0,,67.0,76.0,,,-9999.0,-9999.0,,,-9999.0,-9999.0,-9999.0,,,,-9999.0,-9999.0,-9999.0,,,,
2008,6,18,,,,,,,,,,0.0,,,,,,,,32.0,32.0,,,,,,,0.0,,,,,,-9.0,-9.0,,,-9.0,-9.0,-9.0,,,,-9.0,-9.0,-9.0,,,,
2008,6,19,,,117.0,135.0,125.0,144.0,27.0,117.0,136.0,0.0,,67.0,61.0,73.0,,,,68.0,62.059999999999995,,,220.0,230.0,,,0.0,,63.0,76.0,,,999.0,999.0,,,999.0,999.0,999.0,,,,999.0,999.0,999.0,,,,
2008,6,20,,,,,,,,,,0.0,,,,,,,,,,,,,,,,0.0,,,,,,-999.0,-999.0,,,-999.0,-999.0,-999.0,,,,-999.0,-999.0,-999.0,,,,
2008,6,21,,,,,,,,,,,,,,,,,,,,,,,,,,,,,,,,9.0,,,,,9.0,9.0,,,,9.0,,,,,,
2008,6,22,,,139.0,146.0,135.0,161.0,39.0,1212.0,1212.0,0.0,,74.0,64.0,81.0,,,,69.98,62.959999999999994,,,290.0,290.0,,,0.0,,80.0,98.0,,,1.0,9999.0,,,9999.0,1.0,1.0,,,,1.0,9999.0,9999.0,,,,
2008,6,23,,,,,,,,,,0.0,,,,,,,,,,,,,,,,0.0,,,,,,,-99.0,,,-99.0,0.0,,,,,,-99.0,-99.0,,,,
2008,6,24,,,,,,,,,,,,,,,,,,,,,,,,,,,,,,,,,99.0,,,99.0,,,,,,,99.0,99.0,,,,
2008,6,25,,,139.0,10129.0,10119.0,161.0,20.0,1033.0,1032.0,0.0,,74.0,61.0,86.0,,,,71.96,60.980000000000004,,,290.0,290.0,,,0.0,,58.0,72.0,,,1.0,-9999.0,,,-9999.0,1.0,1.0,,,,1.0,-9999.0,-9999.0,,,,
2008,6,26,,,,,,,,,,0.0,,,,,,,,32.0,32.0,,,,,,,0.0,,,,,,,-9.0,,,-9.0,0.0,,,,,,-9.0,-9.0,,,,
2008,6,27,,,144.0,149.0,139.0,167.0,26.0,400.0,313.0,0.0,,74.0,64.0,84.0,,,,71.96,62.059999999999995,,,290.0,320.0,,,0.0,,63.0,76.0,,,1.0,999.0,,,999.0,1.0,1.0,,,,1.0,999.0,999.0,,,,
2008,6,28,,,,,,,,,,0.0,,,,,,,,,,,,,,,,0.0,,,,,,,,,,-999.0,0.0,,,,,,-999.0,-999.0,,,,
2008,6,30,,,150.0,115.0,105.0,167.0,21.0,1131.0,1138.0,0.0,,73.0,46.0,90.0,,,,84.91999999999999,60.08,,,160.0,180.0,,,0.0,,72.0,80.0,,,1.0,9999.0,,,9999.0,1.0,1.0,,,,1.0,9999.0,9999.0,,,,
2008,6,31,,,,,,,,,,0.0,,,,,,,,,,,,,,,,0.0,,,,,,,-99.0,,,-99.0,,,,,,,-99.0,-99.0,,,,
2008,7,1,,,156.0,10122.0,10112.0,172.0,35.0,1426.0,1332.0,0.0,,74.0,63.0,81.0,,,,73.04,64.94,,,290.0,290.0,,,0.0,,72.0,98.0,,,-9999.0,,,,,-9999.0,-9999.0,,,,-9999.0,,,,,,
2008,7,2,,,,,,,,,,0.0,,,,,,,,32.0,32.0,,,,,,,0.0,,,,,,,,,,,,,,,,,,,,,,
2008,7,3,,,150.0,102.0,91.0,167.0,26.0,132.0,426.0,0.0,,75.0,66.0,81.0,,,,71.96,64.04,,,300.0,280.0,,,0.0,,67.0,94.0,,,1.0,,,,,1.0,1.0,,,,1.0,,,,,,
2008,7,4,,,,,,,,,,0.0,,,,,,,,,,,,,,,,0.0,,,,,,,,,,,0.0,,,,,,,,,,,
2008,7,6,,,161.0,108.0,98.0,183.0,16.0,1011.0,1008.0,0.0,,72.0,49.0,87.0,,,,80.96,64.04,,,180.0,180.0,,,0.0,,54.0,63.0,,,1.0,,,,,1.0,1.0,,,,1.0,,,,,,
2008,7,7,,,,,,,,,,0.0,,,,,,,,,,,,,,,,0.0,,,,,,,,,,,0.0,,,,,,,,,,,
2008,7,9,,,150.0,10088.0,10075.0,167.0,19.0,1452.0,1451.0,0.0,,75.0,61.0,84.0,,,,73.04,64.04,,,240.0,260.0,,,0.0,,45.0,63.0,,,1.0,,,,,1.0,1.0,,,,1.0,,,,,,
2008,7,10,,,,,,,,,,0.0,,,,,,,,32.0,32.0,,,,,,,0.0,,,,,,,,,,,0.0,,,,,,,,,,,
2008,7,11,,,144.0,85.0,75.0,161.0,23.0,208.0,704.0,0.0,,74.0,61.0,81.0,,,,71.96,62.959999999999994,,,270.0,210.0,,,0.0,,58.0,72.0,,,999.0,,,,,1.0,1.0,,,,999.0,,,,,,
2008,7,12,,,,,,,,,,0.0,,,,,,,,,,,,,,,,0.0,,,,,,-999.0,,,,,0.0,,,,,-999.0,,,,,,
2008,7,14,,,139.0,95.0,85.0,161.0,27.0,1438.0,1447.0,0.0,,75.0,65.0,84.0,,,,69.08,62.959999999999994,,,210.0,220.0,,,0.0,,58.0,72.0,,,9999.0,,,,,1.0,1.0,,,,9999.0,,,,,,
2008,7,15,,,,,,,,,,0.0,,,,,,,,,,,,,,,,0.0,,,,,,-99.0,,,,,,,,,,-99.0,,,,,,
2008,7,16,,,,,,,,,,,,,,,,,,,,,,,,,,,,,,,,99.0,,,,,99.0,99.0,,,,99.0,,,,,,
2008,7,17,,,156.0,10139.0,10129.0,178.0,19.0,159.0,202.0,0.0,,73.0,64.0,81.0,,,,73.04,66.92,,,200.0,220.0,,,0.0,,45.0,58.0,,,-9999.0,,,,,-9999.0,-9999.0,,,,-9999.0,,,,,,
2008,7,18,,,,,,,,,,0.0,,,,,,,,32.0,32.0,,,,,,,0.0,,,,,,-9.0,,,,,,,,,,-9.0,,,,,,
2008,7,19,,,161.0,163.0,152.0,183.0,22.0,421.0,357.0,0.0,,72.0,60.0,81.0,,,,77.0,66.92,,,220.0,230.0,,,0.0,,45.0,72.0,,,999.0,,,,,1.0,1.0,,,,999.0,,,,,,
2008,7,20,,,,,,,,,,0.0,,,,,,,,,,,,,,,,0.0,,,,,,-999.0,,,,,0.0,,,,,-999.0,,,,,,
2008,7,22,,,161.0,139.0,129.0,183.0,34.0,1509.0,1505.0,0.0,,70.0,62.0,78.0,,,,75.92,69.08,,,290.0,290.0,,,0.0,,72.0,94.0,,,9999.0,,,,,9999.0,9999.0,,,,9999.0,,,,,,
2008,7,23,,,,,,,,,,0.0,,,,,,,,,,,,,,,,0.0,,,,,,-99.0,,,,,-99.0,-99.0,,,,-99.0,,,,,,
2008,7,24,,,,,,,,,,,,,,,,,,,,,,,,,,,,,,,,99.0,,,,,99.0,99.0,,,,99.0,,,,,,
2008,7,25,,,167.0,10159.0,10146.0,183.0,28.0,1749.0,1422.0,0.0,,73.0,62.0,81.0,,,,75.92,68.0,,,290.0,290.0,,,0.0,,54.0,76.0,,,-9999.0,,,,,1.0,1.0,,,,-9999.0,,,,,,
2008,7,26,,,,,,,,,,0.0,,,,,,,,32.0,32.0,,,,,,,0.0,,,,,,-9.0,,,,,0.0,,,,,-9.0,,,,,,
2008,7,27,,,156.0,139.0,129.0,178.0,23.0,256.0,224.0,0.0,,74.0,66.0,81.0,,,,73.94,66.02,,,210.0,210.0,,,0.0,,54.0,67.0,,,999.0,,,,,1.0,1.0,,,,999.0,,,,,,
2008,7,28,,,,,,,,,,0.0,,,,,,,,,,,,,,,,0.0,,,,,,-999.0,,,,,0.0,,,,,-999.0,,,,,,
2008,7,30,,,139.0,108.0,98.0,161.0,30.0,1328.0,1543.0,0.0,,73.0,65.0,81.0,,,,69.98,64.94,,,220.0,220.0,,,0.0,,58.0,67.0,,,9999.0,,,,,1.0,1.0,,,,9999.0,,,,,,
2008,7,31,,,,,,,,,,0.0,,,,,,,,,,,,,,,,0.0,,,,,,-99.0,,,,,,,,,,-99.0,,,,,,
2008,8,1,,,156.0,10112.0,10102.0,178.0,22.0,1417.0,1429.0,0.0,,71.0,58.0,79.0,,,,75.02,66.92,,,290.0,260.0,,,0.0,,54.0,67.0,,,,,,,,1.0,1.0,,,,,,-9999.0,,,,
2008,8,2,,,,,,,,,,0.0,,,,,,,,32.0,32.0,,,,,,,0.0,,,,,,,,,,,0.0,,,,,,,-9.0,,,,
2008,8,3,,,156.0,105.0,95.0,172.0,18.0,318.0,220.0,0.0,,74.0,66.0,81.0,,,,71.96,66.02,,,210.0,230.0,,,0.0,,54.0,72.0,,,,,,,,1.0,1.0,,,,,,999.0,,,,
2008,8,4,,,,,,,,,,0.0,,,,,,,,,,,,,,,,0.0,,,,,,,,,,,,,,,,,,-999.0,,,,
2008,8,5,,,,,,,,,,,,,,,,,,,,,,,,,,,,,,,,,,,,,,9.0,,,,,,,,,,
2008,8,6,,,172.0,129.0,119.0,194.0,22.0,1329.0,1330.0,0.0,,71.0,62.0,82.0,,,,78.98,69.08,,,210.0,220.0,,,0.0,,54.0,67.0,,,,,,,,9999.0,1.0,,,,,,9999.0,,,,
2008,8,7,,,,,,,,,,0.0,,,,,,,,,,,,,,,,0.0,,,,,,,,,,,,,,,,,,-99.0,,,,
2008,8,8,,,,,,,,,,,,,,,,,,,,,,,,,,,,,,,,,,,,,,,,,,,,99.0,,,,
2008,8,9,,,172.0,10135.0,10125.0,194.0,28.0,1327.0,1327.0,0.0,,72.0,58.0,81.0,,,,78.08,68.0,,,290.0,290.0,,,0.0,,67.0,80.0,,,,,,,,1.0,1.0,,,,,,-9999.0,,,,
2008,8,10,,,,,,,,,,0.0,,,,,,,,32.0,32.0,,,,,,,0.0,,,,,,,,,,,,,,,,,,-9.0,,,,
2008,8,11,,,172.0,122.0,112.0,194.0,32.0,213.0,202.0,0.0,,70.0,54.0,84.0,,,,80.06,69.98,,,280.0,280.0,,,0.0,,67.0,80.0,,,,,,,,999.0,999.0,,,,,,999.0,,,,
2008,8,12,,,,,,,,,,0.0,,,,,,,,,,,,,,,,0.0,,,,,,,,,,,,,,,,,,-999.0,,,,
2008,8,14,,,167.0,146.0,135.0,189.0,26.0,1705.0,1332.0,0.0,,70.0,60.0,81.0,,,,77.0,69.08,,,290.0,300.0,,,0.0,,58.0,94.0,,,,,,,,9999.0,9999.0,,,,,,9999.0,,,,
2008,8,15,,,,,,,,,,0.0,,,,,,,,,,,,,,,,0.0,,,,,,,,,,,-99.0,-99.0,,,,,,-99.0,,,,
2008,8,16,,,,,,,,,,,,,,,,,,,,,,,,,,,,,,,,,,,,,99.0,99.0,,,,,,99.0,,,,
2008,8,17,,,150.0,10129.0,10119.0,172.0,28.0,1349.0,1255.0,0.0,,69.0,59.0,79.0,,,,73.04,66.92,,,270.0,290.0,,,0.0,,63.0,89.0,,,,,,,,-9999.0,1.0,,,,,,-9999.0,,,,
2008,8,18,,,,,,,,,,0.0,,,,,,,,32.0,32.0,,,,,,,0.0,,,,,,,,,,,-9.0,,,,,,,-9.0,,,,
2008,8,19,,,150.0,108.0,102.0,172.0,26.0,339.0,338.0,0.0,,70.0,62.0,76.0,,,,75.02,66.02,,,290.0,290.0,,,0.0,,76.0,98.0,,,,,,,,999.0,999.0,,,,,,999.0,,,,
2008,8,20,,,,,,,,,,0.0,,,,,,,,,,,,,,,,0.0,,,,,,,,,,,,,,,,,,,,,,
2008,8,22,,,167.0,122.0,112.0,189.0,20.0,1408.0,1403.0,0.0,,72.0,62.0,79.0,,,,78.08,66.92,,,280.0,280.0,,,0.0,,54.0,67.0,,,,,,,,1.0,1.0,,,,,,9999.0,,,,
2008,8,23,,,,,,,,,,0.0,,,,,,,,,,,,,,,,0.0,,,,,,,,,,,0.0,,,,,,,-99.0,,,,
2008,8,24,,,,,,,,,,,,,,,,,,,,,,,,,,,,,,,,,,,,,,,,,,,,99.0,,,,
2008,8,25,,,161.0,10129.0,10119.0,189.0,24.0,1455.0,1553.0,0.0,,69.0,58.0,78.0,,,,78.08,69.08,,,290.0,290.0,,,0.0,,58.0,80.0,,,,,,,,-9999.0,-9999.0,,,,,,-9999.0,,,,
2008,8,26,,,,,,,,,,0.0,,,,,,,,32.0,32.0,,,,,,,0.0,,,,,,,,,,,-9.0,-9.0,,,,,,-9.0,,,,
2008,8,27,,,161.0,125.0,112.0,183.0,30.0,316.0,311.0,0.0,,68.0,60.0,76.0,,,,75.92,69.08,,,290.0,290.0,,,0.0,,76.0,98.0,,,,,,,,999.0,999.0,,,,,,999.0,,,,
2008,8,28,,,,,,,,,,0.0,,,,,,,,,,,,,,,,0.0,,,,,,,,,,,-999.0,,,,,,,-999.0,,,,
2008,8,30,,,150.0,132.0,122.0,172.0,30.0,1641.0,1354.0,0.0,,69.0,59.0,76.0,,,,75.02,66.02,,,280.0,290.0,,,0.0,,63.0,94.0,,,,,,,,9999.0,9999.0,,,,,,9999.0,,,,
2008,8,31,,,,,,,,,,0.0,,,,,,,,,,,,,,,,0.0,,,,,,,,,,,-99.0,-99.0,,,,,,-99.0,,,,
2008,9,1,,,161.0,10098.0,10088.0,183.0,29.0,1346.0,1217.0,0.0,,71.0,62.0,78.0,,,,75.02,69.08,,,220.0,220.0,,,0.0,,54.0,67.0,,,-9999.0,-9999.0,-9999.0,,,-9999.0,-9999.0,-9999.0,,,-9999.0,,-9999.0,,,,
2008,9,2,,,,,,,,,,0.0,,,,,,,,32.0,32.0,,,,,,,0.0,,,,,,-9.0,-9.0,-9.0,,,-9.0,-9.0,-9.0,,,-9.0,,-9.0,,,,
2008,9,3,,,167.0,115.0,102.0,189.0,25.0,212.0,254.0,0.0,,72.0,64.0,79.0,,,,77.0,66.92,,,300.0,290.0,,,0.0,,58.0,72.0,,,999.0,999.0,999.0,,,999.0,999.0,999.0,,,999.0,,999.0,,,,
2008,9,4,,,,,,,,,,0.0,,,,,,,,,,,,,,,,0.0,,,,,,,-999.0,-999.0,,,,,-999.0,,,-999.0,,-999.0,,,,
2008,9,5,,,,,,,,,,,,,,,,,,,,,,,,,,,,,,,,,,,,,,,,,,9.0,,,,,,
2008,9,6,,,172.0,98.0,85.0,194.0,28.0,1218.0,1353.0,0.0,,72.0,58.0,84.0,,,,80.06,68.0,,,290.0,290.0,,,0.0,,67.0,76.0,,,1.0,9999.0,9999.0,,,1.0,1.0,9999.0,,,1.0,,9999.0,,,,
2008,9,7,,,,,,,,,,0.0,,,,,,,,,,,,,,,,0.0,,,,,,,-99.0,-99.0,,,0.0,,-99.0,,,,,-99.0,,,,
2008,9,8,,,,,,,,,,,,,,,,,,,,,,,,,,,,,,,,,99.0,99.0,,,,,99.0,,,,,99.0,,,,
2008,9,9,,,172.0,10088.0,10075.0,189.0,31.0,1304.0,1302.0,0.0,,74.0,54.0,84.0,,,,80.96,68.0,,,300.0,290.0,,,0.0,,76.0,98.0,,,-9999.0,-9999.0,-9999.0,,,1.0,1.0,-9999.0,,,-9999.0,,-9999.0,,,,
2008,9,10,,,,,,,,,,0.0,,,,,,,,32.0,32.0,,,,,,,0.0,,,,,,-9.0,-9.0,-9.0,,,0.0,,-9.0,,,-9.0,,-9.0,,,,
2008,9,11,,,167.0,85.0,75.0,183.0,24.0,400.0,418.0,0.0,,73.0,62.0,84.0,,,,75.92,68.0,,,300.0,290.0,,,0.0,,58.0,72.0,,,999.0,999.0,999.0,,,1.0,1.0,999.0,,,999.0,,999.0,,,,
2008,9,12,,,,,,,,,,0.0,,,,,,,,,,,,,,,,0.0,,,,,,-999.0,-999.0,-999.0,,,0.0,,-999.0,,,-999.0,,-999.0,,,,
2008,9,14,,,150.0,91.0,81.0,172.0,22.0,1603.0,1443.0,0.0,,68.0,58.0,78.0,,,,75.92,64.94,,,280.0,290.0,,,0.0,,58.0,72.0,,,9999.0,9999.0,9999.0,,,9999.0,9999.0,9999.0,,,9999.0,,9999.0,,,,
2008,9,15,,,,,,,,,,0.0,,,,,,,,,,,,,,,,0.0,,,,,,-99.0,-99.0,-99.0,,,-99.0,-99.0,-99.0,,,-99.0,,-99.0,,,,
2008,9,16,,,,,,,,,,,,,,,,,,,,,,,,,,,,,,,,99.0,99.0,99.0,,,99.0,99.0,99.0,,,99.0,,99.0,,,,
2008,9,17,,,139.0,10108.0,10098.0,167.0,28.0,1420.0,1313.0,0.0,,65.0,57.0,71.0,,,,73.04,66.92,,,290.0,280.0,,,0.0,,67.0,89.0,,,-9999.0,-9999.0,-9999.0,,,-9999.0,-9999.0,-9999.0,,,-9999.0,,-9999.0,,,,
2008,9,18,,,,,,,,,,0.0,,,,,,,,32.0,32.0,,,,,,,0.0,,,,,,-9.0,-9.0,-9.0,,,-9.0,-9.0,-9.0,,,-9.0,,-9.0,,,,
2008,9,19,,,144.0,125.0,115.0,167.0,22.0,414.0,414.0,0.0,,69.0,64.0,76.0,,,,69.98,66.92,,,290.0,290.0,,,0.0,,45.0,63.0,,,999.0,999.0,999.0,,,999.0,999.0,999.0,,,999.0,,999.0,,,,
2008,9,20,,,,,,,,,,0.0,,,,,,,,,,,,,,,,0.0,,,,,,-999.0,-999.0,-999.0,,,-999.0,-999.0,-999.0,,,-999.0,,-999.0,,,,
2008,9,21,,,,,,,,,,,,,,,,,,,,,,,,,,,,,,,,,,,,,9.0,9.0,,,,,,,,,,
2008,9,22,,,156.0,135.0,125.0,178.0,35.0,1449.0,1506.0,0.0,,73.0,64.0,81.0,,,,73.94,66.92,,,300.0,290.0,,,0.0,,76.0,94.0,,,9999.0,9999.0,9999.0,,,1.0,1.0,9999.0,,,9999.0,,9999.0,,,,
2008,9,23,,,,,,,,,,0.0,,,,,,,,,,,,,,,,0.0,,,,,,,,-99.0,,,0.0,,,,,,,-99.0,,,,
2008,9,24,,,,,,,,,,,,,,,,,,,,,,,,,,,,,,,,,,99.0,,,,,,,,,,99.0,,,,
2008,9,25,,,167.0,10142.0,10135.0,183.0,34.0,852.0,852.0,0.0,,81.0,68.0,100.0,,,,73.04,66.02,,,160.0,160.0,,,0.0,,80.0,98.0,,,1.0,-9999.0,-9999.0,,,1.0,1.0,-9999.0,,,1.0,,-9999.0,,,,
2008,9,26,,,,,,,,,,0.0,,,,,,,,32.0,32.0,,,,,,,0.0,,,,,,,-9.0,-9.0,,,0.0,,-9.0,,,,,-9.0,,,,
2008,9,27,,,161.0,152.0,139.0,183.0,22.0,243.0,243.0,0.0,,74.0,66.0,81.0,,,,75.02,66.02,,,320.0,320.0,,,0.0,,63.0,72.0,,,999.0,999.0,999.0,,,1.0,1.0,999.0,,,999.0,,999.0,,,,
2008,9,28,,,,,,,,,,0.0,,,,,,,,,,,,,,,,0.0,,,,,,-999.0,-999.0,-999.0,,,0.0,,-999.0,,,-999.0,,-999.0,,,,
2008,9,30,,,161.0,146.0,135.0,183.0,30.0,1406.0,1406.0,0.0,,72.0,54.0,84.0,,,,77.0,66.92,,,300.0,300.0,,,0.0,,76.0,94.0,,,9999.0,9999.0,9999.0,,,1.0,1.0,9999.0,,,9999.0,,9999.0,,,,
2008,9,31,,,,,,,,,,0.0,,,,,,,,,,,,,,,,0.0,,,,,,-99.0,-99.0,-99.0,,,,,-99.0,,,-99.0,,-99.0,,,,
2008,10,1,,,156.0,10132.0,10125.0,194.0,13.0,1258.0,1540.0,0.0,,60.0,32.0,92.0,,,,89.06,69.08,,,170.0,180.0,,,0.0,,45.0,54.0,,,-9999.0,-9999.0,,,-9999.0,-9999.0,-9999.0,-9999.0,,,-9999.0,,-9999.0,,,,
2008,10,2,,,,,,,,,,0.0,,,,,,,,32.0,32.0,,,,,,,0.0,,,,,,-9.0,-9.0,,,-9.0,-9.0,,-9.0,,,-9.0,,-9.0,,,,
2008,10,3,,,161.0,122.0,112.0,189.0,14.0,410.0,410.0,0.0,,67.0,44.0,84.0,,,,80.06,68.0,,,220.0,220.0,,,0.0,,40.0,54.0,,,999.0,999.0,,,999.0,999.0,1.0,999.0,,,999.0,,999.0,,,,
2008,10,4,,,,,,,,,,0.0,,,,,,,,,,,,,,,,0.0,,,,,,,-999.0,,,-999.0,-999.0,,-999.0,,,,,-999.0,,,,
2008,10,5,,,,,,,,,,,,,,,,,,,,,,,,,,,,,,,,,,,,9.0,,,,,,,,9.0,,,,
2008,10,6,,,128.0,129.0,119.0,156.0,28.0,1348.0,1246.0,46.0,,66.0,49.0,84.0,,,,69.98,62.959999999999994,,,240.0,260.0,,,0.0,,63.0,89.0,,,1.0,9999.0,,,1.0,9999.0,9999.0,9999.0,,,9999.0,,1.0,,,,
2008,10,7,,,,,,,,,,0.0,,,,,,,,,,,,,,,,0.0,,,,,,,-99.0,,,,-99.0,-99.0,-99.0,,,-99.0,,,,,,
2008,10,8,,,,,,,,,,,,,,,,,,,,,,,,,,,,,,,,99.0,99.0,,,99.0,99.0,99.0,99.0,,,99.0,,99.0,,,,
2008,10,9,,,144.0,10146.0,10135.0,172.0,18.0,1218.0,1212.0,0.0,,68.0,49.0,81.0,,,,80.06,62.059999999999995,,,290.0,290.0,,,0.0,,63.0,76.0,,,-9999.0,-9999.0,,,-9999.0,-9999.0,-9999.0,-9999.0,,,-9999.0,,-9999.0,,,,
2008,10,10,,,,,,,,,,0.0,,,,,,,,32.0,32.0,,,,,,,0.0,,,,,,-9.0,-9.0,,,-9.0,-9.0,,-9.0,,,-9.0,,-9.0,,,,
2008,10,11,,,100.0,142.0,129.0,167.0,20.0,416.0,415.0,0.0,,43.0,20.0,81.0,,,,89.06,64.94,,,300.0,290.0,,,0.0,,72.0,89.0,,,999.0,999.0,,,999.0,999.0,1.0,999.0,,,999.0,,999.0,,,,
2008,10,12,,,,,,,,,,0.0,,,,,,,,,,,,,,,,0.0,,,,,,-999.0,-999.0,,,-999.0,-999.0,,-999.0,,,-999.0,,-999.0,,,,
2008,10,13,,,,,,,,,,,,,,,,,,,,,,,,,,,,,,,,9.0,,,,,9.0,9.0,,,,9.0,,,,,,
2008,10,14,,,156.0,95.0,85.0,172.0,38.0,1758.0,1409.0,0.0,,76.0,68.0,87.0,,,,69.98,64.94,,,170.0,190.0,,,0.0,,63.0,89.0,,,1.0,9999.0,,,9999.0,1.0,1.0,9999.0,,,1.0,,9999.0,,,,
2008,10,15,,,,,,,,,,0.0,,,,,,,,,,,,,,,,0.0,,,,,,,-99.0,,,-99.0,,,-99.0,,,,,-99.0,,,,
2008,10,16,,,,,,,,,,,,,,,,,,,,,,,,,,,,,,,,99.0,99.0,,,99.0,99.0,99.0,99.0,,,99.0,,99.0,,,,
2008,10,17,,,33.0,10119.0,10108.0,106.0,32.0,1140.0,936.0,0.0,,41.0,25.0,64.0,,,,66.92,59.0,,,290.0,300.0,,,0.0,,80.0,112.0,,,-9999.0,-9999.0,,,-9999.0,-9999.0,1.0,-9999.0,,,-9999.0,,-9999.0,,,,
2008,10,18,,,,,,,,,,0.0,,,,,,,,32.0,32.0,,,,,,,0.0,,,,,,-9.0,-9.0,,,-9.0,-9.0,,-9.0,,,-9.0,,-9.0,,,,
2008,10,19,,,17.0,166.0,156.0,94.0,27.0,538.0,538.0,0.0,,37.0,21.0,55.0,,,,69.98,51.98,,,320.0,330.0,,,0.0,,76.0,107.0,,,999.0,999.0,,,999.0,999.0,999.0,999.0,,,999.0,,999.0,,,,
2008,10,20,,,,,,,,,,0.0,,,,,,,,,,,,,,,,0.0,,,,,,-999.0,-999.0,,,-999.0,-999.0,,-999.0,,,-999.0,,-999.0,,,,
2008,10,22,,,11.0,166.0,152.0,117.0,22.0,1503.0,1502.0,0.0,,29.0,10.0,55.0,,,,80.96,60.08,,,320.0,320.0,,,0.0,,67.0,89.0,,,9999.0,9999.0,,,9999.0,9999.0,9999.0,9999.0,,,9999.0,,9999.0,,,,
2008,10,23,,,,,,,,,,0.0,,,,,,,,,,,,,,,,0.0,,,,,,-99.0,-99.0,,,-99.0,-99.0,,-99.0,,,-99.0,,-99.0,,,,
2008,10,24,,,,,,,,,,,,,,,,,,,,,,,,,,,,,,,,99.0,99.0,,,99.0,99.0,,99.0,,,99.0,,99.0,,,,
2008,10,25,,,61.0,10166.0,10156.0,128.0,9.0,1050.0,255.0,0.0,,41.0,21.0,81.0,,,,80.96,59.0,,,170.0,350.0,,,0.0,,40.0,58.0,,,-9999.0,-9999.0,,,-9999.0,-9999.0,-9999.0,-9999.0,,,-9999.0,,-9999.0,,,,
2008,10,26,,,,,,,,,,0.0,,,,,,,,32.0,32.0,,,,,,,0.0,,,,,,-9.0,-9.0,,,-9.0,-9.0,-9.0,-9.0,,,-9.0,,-9.0,,,,
2008,10,27,,,94.0,173.0,163.0,144.0,13.0,128.0,307.0,0.0,,52.0,33.0,81.0,,,,78.08,59.0,,,330.0,10.0,,,0.0,,45.0,58.0,,,999.0,999.0,,,999.0,999.0,999.0,999.0,,,999.0,,999.0,,,,
2008,10,28,,,,,,,,,,0.0,,,,,,,,,,,,,,,,0.0,,,,,,-999.0,-999.0,,,-999.0,-999.0,-999.0,-999.0,,,-999.0,,-999.0,,,,
2008,10,29,,,,,,,,,,,,,,,,,,,,,,,,,,,,,,,,,,,,,9.0,9.0,,,,,,,,,,
2008,10,30,,,139.0,169.0,159.0,156.0,27.0,1148.0,1136.0,0.0,,77.0,65.0,84.0,,,,68.0,62.059999999999995,,,290.0,300.0,,,0.0,,67.0,89.0,,,9999.0,9999.0,,,9999.0,1.0,1.0,9999.0,,,9999.0,,9999.0,,,,
2008,10,31,,,,,,,,,,0.0,,,,,,,,,,,,,,,,0.0,,,,,,-99.0,-99.0,,,-99.0,0.0,,-99.0,,,-99.0,,-99.0,,,,
2008,11,1,,,139.0,10200.0,10190.0,167.0,18.0,1740.0,1239.0,0.0,,63.0,42.0,81.0,,,,80.06,64.04,,,290.0,300.0,,,0.0,,63.0,76.0,,,-9999.0,-9999.0,,,-9999.0,-9999.0,1.0,-9999.0,,,-9999.0,,-9999.0,,,,
2008,11,2,,,,,,,,,,0.0,,,,,,,,32.0,32.0,,,,,,,0.0,,,,,,,-9.0,,,,-9.0,,-9.0,,,,,,,,,
2008,11,3,,,150.0,190.0,176.0,167.0,21.0,410.0,409.0,,,80.0,68.0,87.0,,,,69.98,60.980000000000004,,,290.0,290.0,,,0.0,,63.0,72.0,,,1.0,999.0,,,1.0,999.0,1.0,999.0,,,1.0,,1.0,,,,
2008,11,4,,,,,,,,,,0.0,,,,,,,,,,,,,,,,0.0,,,,,,,-999.0,,,0.0,-999.0,,-999.0,,,,,,,,,
2008,11,5,,,,,,,,,,,,,,,,,,,,,,,,,,,,,,,,9.0,,,,,,,,,,9.0,,,,,,
2008,11,6,,,117.0,166.0,156.0,139.0,26.0,1339.0,1338.0,36.0,,72.0,55.0,96.0,,,,66.92,57.02,,,260.0,260.0,,,0.0,,72.0,94.0,,,1.0,9999.0,,,1.0,9999.0,9999.0,9999.0,,,1.0,,1.0,,,,
2008,11,7,,,,,,,,,,0.0,,,,,,,,,,,,,,,,0.0,,,,,,,-99.0,,,,-99.0,-99.0,-99.0,,,,,,,,,
2008,11,8,,,,,,,,,,,,,,,,,,,,,,,,,,,,,,,,99.0,99.0,,,99.0,99.0,99.0,99.0,,,99.0,,99.0,,,,
2008,11,9,,,17.0,10203.0,10193.0,106.0,18.0,1604.0,1627.0,0.0,,35.0,15.0,72.0,,,,75.02,53.06,,,330.0,330.0,,,0.0,,63.0,80.0,,,-9999.0,-9999.0,,,-9999.0,-9999.0,-9999.0,-9999.0,,,-9999.0,,-9999.0,,,,
2008,11,10,,,,,,,,,,0.0,,,,,,,,32.0,32.0,,,,,,,0.0,,,,,,-9.0,-9.0,,,-9.0,-9.0,-9.0,-9.0,,,-9.0,,-9.0,,,,
2008,11,11,,,39.0,179.0,166.0,117.0,10.0,432.0,432.0,0.0,,36.0,17.0,48.0,,,,80.96,55.04,,,320.0,310.0,,,0.0,,54.0,63.0,,,999.0,999.0,,,999.0,999.0,999.0,999.0,,,999.0,,999.0,,,,
2008,11,12,,,,,,,,,,0.0,,,,,,,,,,,,,,,,0.0,,,,,,-999.0,-999.0,,,-999.0,-999.0,-999.0,-999.0,,,-999.0,,-999.0,,,,
2008,11,13,,,,,,,,,,,,,,,,,,,,,,,,,,,,,,,,9.0,,,,,9.0,9.0,,,,,,9.0,,,,
2008,11,14,,,106.0,112.0,102.0,133.0,61.0,1252.0,1304.0,,,68.0,56.0,84.0,,,,66.92,59.0,,,280.0,270.0,,,0.0,,125.0,148.0,,,1.0,9999.0,,,9999.0,1.0,1.0,9999.0,,,9999.0,,1.0,,,,
2008,11,15,,,,,,,,,,0.0,,,,,,,,,,,,,,,,0.0,,,,,,,-99.0,,,-99.0,,,-99.0,,,-99.0,,,,,,
2008,11,16,,,,,,,,,,,,,,,,,,,,,,,,,,,,,,,,99.0,99.0,,,99.0,99.0,99.0,99.0,,,99.0,,99.0,,,,
2008,11,17,,,111.0,10203.0,10193.0,133.0,17.0,1415.0,1429.0,0.0,,74.0,56.0,87.0,,,,66.92,53.96,,,290.0,290.0,,,0.0,,67.0,89.0,,,-9999.0,-9999.0,,,-9999.0,-9999.0,-9999.0,-9999.0,,,-9999.0,,-9999.0,,,,
2008,11,18,,,,,,,,,,0.0,,,,,,,,32.0,32.0,,,,,,,0.0,,,,,,,-9.0,,,-9.0,-9.0,,-9.0,,,-9.0,,-9.0,,,,
2008,11,19,,,100.0,186.0,176.0,133.0,14.0,446.0,431.0,0.0,,65.0,46.0,84.0,,,,73.94,53.96,,,290.0,300.0,,,0.0,,67.0,80.0,,,1.0,999.0,,,999.0,999.0,1.0,999.0,,,999.0,,999.0,,,,
2008,11,20,,,,,,,,,,0.0,,,,,,,,,,,,,,,,0.0,,,,,,,-999.0,,,-999.0,-999.0,,-999.0,,,-999.0,,-999.0,,,,
2008,11,22,,,100.0,142.0,135.0,144.0,12.0,1150.0,1203.0,0.0,,53.0,30.0,78.0,,,,80.96,57.02,,,310.0,310.0,,,0.0,,45.0,58.0,,,9999.0,9999.0,,,9999.0,9999.0,9999.0,9999.0,,,9999.0,,9999.0,,,,
2008,11,23,,,,,,,,,,0.0,,,,,,,,,,,,,,,,0.0,,,,,,-99.0,-99.0,,,-99.0,-99.0,,-99.0,,,-99.0,,-99.0,,,,
2008,11,24,,,,,,,,,,,,,,,,,,,,,,,,,,,,,,,,99.0,99.0,,,99.0,99.0,,99.0,,,99.0,,99.0,,,,
2008,11,25,,,-22.0,10169.0,10156.0,106.0,11.0,1445.0,1517.0,0.0,,22.0,8.0,42.0,,,,86.0,55.94,,,320.0,300.0,,,0.0,,54.0,58.0,,,-9999.0,-9999.0,,,-9999.0,-9999.0,-9999.0,-9999.0,,,-9999.0,,-9999.0,,,,
2008,11,26,,,,,,,,,,0.0,,,,,,,,32.0,32.0,,,,,,,0.0,,,,,,-9.0,-9.0,,,-9.0,-9.0,-9.0,-9.0,,,-9.0,,-9.0,,,,
2008,11,27,,,11.0,193.0,186.0,111.0,12.0,431.0,356.0,0.0,,31.0,9.0,55.0,,,,87.08000000000001,55.94,,,290.0,280.0,,,0.0,,63.0,76.0,,,999.0,999.0,,,999.0,999.0,999.0,999.0,,,999.0,,999.0,,,,
2008,11,28,,,,,,,,,,0.0,,,,,,,,,,,,,,,,0.0,,,,,,-999.0,-999.0,,,-999.0,,,-999.0,,,-999.0,,-999.0,,,,
2008,11,29,,,,,,,,,,,,,,,,,,,,,,,,,,,,,,,,9.0,9.0,,,,,,9.0,,,9.0,,,,,,
2008,11,30,,,117.0,176.0,169.0,139.0,16.0,1623.0,1622.0,0.0,,76.0,42.0,100.0,,,,73.04,55.04,,,290.0,290.0,,,0.0,,58.0,67.0,,,1.0,1.0,,,9999.0,9999.0,1.0,1.0,,,1.0,,9999.0,,,,
2008,11,31,,,,,,,,,,0.0,,,,,,,,,,,,,,,,0.0,,,,,,,,,,-99.0,,,0.0,,,,,-99.0,,,,
2008,12,1,,,128.0,10193.0,10183.0,139.0,15.0,1208.0,1206.0,0.0,,89.0,73.0,100.0,,,,64.94,53.06,,,290.0,280.0,,,0.0,,58.0,72.0,,,1.0,1.0,,,-9999.0,1.0,1.0,1.0,,,1.0,,-9999.0,,,,
2008,12,2,,,,,,,,,,0.0,,,,,,,,32.0,32.0,,,,,,,0.0,,,,,,,,,,-9.0,0.0,,,,,,,-9.0,,,,
2008,12,3,,,117.0,200.0,190.0,133.0,18.0,948.0,422.0,0.0,,80.0,70.0,90.0,,,,62.059999999999995,57.02,,,180.0,280.0,,,0.0,,45.0,58.0,,,1.0,999.0,,,999.0,1.0,1.0,999.0,,,1.0,,999.0,,,,
2008,12,4,,,,,,,,,,0.0,,,,,,,,,,,,,,,,0.0,,,,,,,-999.0,,,-999.0,0.0,,-999.0,,,,,-999.0,,,,
2008,12,6,,,106.0,169.0,159.0,128.0,21.0,1247.0,1246.0,0.0,,71.0,63.0,78.0,,,,64.04,57.02,,,200.0,200.0,,,0.0,,45.0,63.0,,,9999.0,9999.0,,,9999.0,1.0,1.0,9999.0,,,9999.0,,9999.0,,,,
2008,12,7,,,,,,,,,,0.0,,,,,,,,,,,,,,,,0.0,,,,,,,-99.0,,,-99.0,0.0,,-99.0,,,,,-99.0,,,,
2008,12,8,,,,,,,,,,,,,,,,,,,,,,,,,,,,,,,,,99.0,,,99.0,,,99.0,,,,,99.0,,,,
2008,12,9,,,67.0,10217.0,10207.0,122.0,12.0,1403.0,1412.0,0.0,,54.0,20.0,87.0,,,,75.92,51.98,,,290.0,280.0,,,0.0,,45.0,54.0,,,1.0,-9999.0,,,-9999.0,-9999.0,1.0,-9999.0,,,-9999.0,,-9999.0,,,,
2008,12,10,,,,,,,,,,0.0,,,,,,,,32.0,32.0,,,,,,,0.0,,,,,,,-9.0,,,-9.0,,,-9.0,,,,,-9.0,,,,
2008,12,11,,,128.0,190.0,179.0,144.0,27.0,415.0,415.0,0.0,,79.0,75.0,90.0,,,,64.04,60.08,,,280.0,280.0,,,0.0,,67.0,89.0,,,1.0,999.0,,,999.0,1.0,1.0,999.0,,,1.0,,999.0,,,,
2008,12,12,,,,,,,,,,0.0,,,,,,,,,,,,,,,,0.0,,,,,,,-999.0,,,-999.0,,,-999.0,,,,,-999.0,,,,
2008,12,14,,,-17.0,213.0,207.0,89.0,22.0,1432.0,1416.0,0.0,,36.0,7.0,72.0,,,,75.02,51.08,,,70.0,70.0,,,0.0,,76.0,98.0,,,9999.0,9999.0,,,9999.0,9999.0,9999.0,9999.0,,,9999.0,,9999.0,,,,
2008,12,15,,,,,,,,,,0.0,,,,,,,,,,,,,,,,0.0,,,,,,-99.0,-99.0,,,-99.0,-99.0,-99.0,-99.0,,,-99.0,,-99.0,,,,
2008,12,16,,,,,,,,,,,,,,,,,,,,,,,,,,,,,,,,99.0,99.0,,,99.0,99.0,99.0,99.0,,,99.0,,99.0,,,,
2008,12,17,,,61.0,10179.0,10169.0,106.0,10.0,1534.0,1546.0,0.0,,59.0,26.0,90.0,,,,69.98,48.92,,,300.0,310.0,,,0.0,,54.0,63.0,,,1.0,-9999.0,,,-9999.0,-9999.0,-9999.0,-9999.0,,,1.0,,-9999.0,,,,
2008,12,18,,,,,,,,,,0.0,,,,,,,,32.0,32.0,,,,,,,0.0,,,,,,,-9.0,,,-9.0,,,-9.0,,,,,-9.0,,,,
2008,12,19,,,106.0,132.0,122.0,128.0,26.0,529.0,525.0,0.0,,74.0,64.0,90.0,,,,64.04,55.04,,,230.0,220.0,,,0.0,,67.0,80.0,,,1.0,999.0,,,999.0,1.0,1.0,999.0,,,1.0,,999.0,,,,
2008,12,20,,,,,,,,,,0.0,,,,,,,,,,,,,,,,0.0,,,,,,,-999.0,,,,,,-999.0,,,,,,,,,
2008,12,22,,,39.0,169.0,163.0,89.0,38.0,42.0,1217.0,10.0,,56.0,42.0,77.0,,,,57.92,50.0,,,290.0,290.0,,,0.0,,80.0,112.0,,,9999.0,9999.0,,,1.0,9999.0,9999.0,9999.0,,,9999.0,,1.0,,,,
2008,12,23,,,,,,,,,,,,,,,,,,,,,,,,,,0.0,,,,,,,-99.0,,,0.0,-99.0,-99.0,-99.0,,,,,,,,,
2008,12,24,,,,,,,,,,,,,,,,,,,,,,,,,,,,,,,,,99.0,,,,99.0,99.0,99.0,,,,,,,,,
2008,12,25,,,83.0,10152.0,10142.0,106.0,15.0,1344.0,1342.0,43.0,,74.0,56.0,93.0,,,,60.08,51.98,,,220.0,220.0,,,0.0,,45.0,58.0,,,1.0,-9999.0,,,1.0,-9999.0,-9999.0,-9999.0,,,1.0,,1.0,,,,
2008,12,26,,,,,,,,,,0.0,,,,,,,,32.0,32.0,,,,,,,0.0,,,,,,,-9.0,,,0.0,-9.0,-9.0,-9.0,,,,,,,,,
2008,12,27,,,94.0,78.0,68.0,100.0,42.0,726.0,726.0,406.0,,86.0,72.0,93.0,,,,55.94,50.0,,,260.0,260.0,,,0.0,,116.0,139.0,,,1.0,999.0,,,1.0,999.0,999.0,999.0,,,1.0,,1.0,,,,
2008,12,28,,,,,,,,,,0.0,,,,,,,,,,,,,,,,0.0,,,,,,,-999.0,,,,-999.0,-999.0,-999.0,,,,,,,,,
2008,12,30,,,44.0,251.0,240.0,78.0,15.0,1409.0,1316.0,0.0,,66.0,44.0,80.0,,,,57.92,44.96,,,290.0,290.0,,,0.0,,63.0,80.0,,,9999.0,9999.0,,,9999.0,9999.0,9999.0,9999.0,,,9999.0,,9999.0,,,,
2008,12,31,,,,,,,,,,0.0,,,,,,,,,32.0,,,,,,,0.0,,,,,,-99.0,-99.0,,,-99.0,-99.0,-99.0,-99.0,,,-99.0,,-99.0,,,,
2009,1,1,,,89.0,10173.0,10163.0,100.0,17.0,1627.0,1624.0,0.0,,90.0,70.0,100.0,,,,60.08,44.06,,,300.0,300.0,,,0.0,,45.0,58.0,,,1.0,1.0,,,-9999.0,1.0,1.0,1.0,,,1.0,,-9999.0,,,,
2009,1,2,,,,,,,,,,0.0,,,,,,,,32.0,32.0,,,,,,,0.0,,,,,,,,,,-9.0,0.0,,,,,,,-9.0,,,,
2009,1,3,,,83.0,152.0,146.0,94.0,14.0,321.0,320.0,0.0,,84.0,72.0,100.0,,,,55.04,48.92,,,120.0,130.0,,,0.0,,54.0,67.0,,,1.0,999.0,,,999.0,1.0,1.0,999.0,,,1.0,,999.0,,,,
2009,1,4,,,,,,,,,,0.0,,,,,,,,,,,,,,,,0.0,,,,,,,-999.0,,,,,,-999.0,,,,,,,,,
2009,1,6,,,78.0,176.0,163.0,100.0,17.0,1401.0,1401.0,0.0,,72.0,43.0,86.0,,,,62.059999999999995,48.92,,,320.0,320.0,,,0.0,,72.0,94.0,,,9999.0,9999.0,,,9999.0,9999.0,9999.0,9999.0,,,9999.0,,9999.0,,,,
2009,1,7,,,,,,,,,,0.0,,,,,,,,,32.0,,,,,,,0.0,,,,,,-99.0,-99.0,,,-99.0,-99.0,-99.0,-99.0,,,-99.0,,-99.0,,,,
2009,1,8,,,,,,,,,,,,,,,,,,,,,,,,,,,,,,,,99.0,99.0,,,99.0,99.0,99.0,99.0,,,99.0,,99.0,,,,
2009,1,9,,,72.0,10210.0,10200.0,100.0,15.0,1400.0,1345.0,0.0,,71.0,53.0,83.0,,,,60.980000000000004,48.92,,,280.0,290.0,,,0.0,,45.0,58.0,,,-9999.0,-9999.0,,,-9999.0,-9999.0,-9999.0,-9999.0,,,-9999.0,,-9999.0,,,,
2009,1,10,,,,,,,,,,0.0,,,,,,,,32.0,32.0,,,,,,,0.0,,,,,,,-9.0,,,-9.0,,,-9.0,,,,,-9.0,,,,
2009,1,11,,,78.0,207.0,196.0,106.0,19.0,457.0,451.0,0.0,,70.0,47.0,86.0,,,,69.08,46.94,,,320.0,320.0,,,0.0,,63.0,80.0,,,1.0,999.0,,,999.0,1.0,1.0,999.0,,,1.0,,999.0,,,,
2009,1,12,,,,,,,,,,0.0,,,,,,,,,,,,,,,,0.0,,,,,,,-999.0,,,-999.0,0.0,,-999.0,,,,,-999.0,,,,
2009,1,14,,,100.0,200.0,190.0,117.0,17.0,1531.0,1531.0,0.0,,80.0,70.0,87.0,,,,62.059999999999995,51.08,,,320.0,320.0,,,0.0,,54.0,63.0,,,1.0,9999.0,,,9999.0,1.0,1.0,9999.0,,,1.0,,9999.0,,,,
2009,1,15,,,,,,,,,,0.0,,,,,,,,,32.0,,,,,,,0.0,,,,,,,-99.0,,,-99.0,,,-99.0,,,,,,,,,
2009,1,16,,,,,,,,,,,,,,,,,,,,,,,,,,,,,,,,,99.0,,,99.0,99.0,,99.0,,,99.0,,,,,,
2009,1,17,,,22.0,10240.0,10230.0,94.0,9.0,1708.0,1715.0,0.0,,44.0,12.0,66.0,,,,75.02,46.94,,,330.0,350.0,,,0.0,,45.0,58.0,,,-9999.0,-9999.0,,,-9999.0,-9999.0,-9999.0,-9999.0,,,-9999.0,,-9999.0,,,,
2009,1,18,,,,,,,,,,0.0,,,,,,,,32.0,32.0,,,,,,,0.0,,,,,,-9.0,-9.0,,,-9.0,-9.0,-9.0,-9.0,,,-9.0,,-9.0,,,,
2009,1,19,,,-6.0,207.0,200.0,100.0,13.0,208.0,207.0,0.0,,30.0,11.0,53.0,,,,80.96,51.98,,,180.0,180.0,,,0.0,,54.0,72.0,,,999.0,999.0,,,999.0,999.0,999.0,999.0,,,999.0,,999.0,,,,
2009,1,20,,,,,,,,,,0.0,,,,,,,,,,,,,,,,0.0,,,,,,-999.0,-999.0,,,-999.0,-999.0,-999.0,-999.0,,,-999.0,,-999.0,,,,
2009,1,22,,,-6.0,193.0,179.0,89.0,9.0,1225.0,1224.0,0.0,,32.0,13.0,53.0,,,,78.98,50.0,,,310.0,320.0,,,0.0,,54.0,63.0,,,9999.0,9999.0,,,9999.0,9999.0,9999.0,9999.0,,,9999.0,,9999.0,,,,
2009,1,23,,,,,,,,,,0.0,,,,,,,,,,,,,,,,0.0,,,,,,-99.0,-99.0,,,-99.0,-99.0,-99.0,-99.0,,,-99.0,,-99.0,,,,
2009,1,24,,,,,,,,,,,,,,,,,,,,,,,,,,,,,,,,99.0,99.0,,,99.0,99.0,99.0,99.0,,,99.0,,99.0,,,,
2009,1,25,,,-17.0,10217.0,10207.0,89.0,15.0,1342.0,1345.0,0.0,,32.0,10.0,57.0,,,,77.0,48.92,,,320.0,320.0,,,0.0,,58.0,67.0,,,-9999.0,-9999.0,,,-9999.0,-9999.0,1.0,-9999.0,,,-9999.0,,-9999.0,,,,
2009,1,26,,,,,,,,,,0.0,,,,,,,,32.0,32.0,,,,,,,0.0,,,,,,-9.0,-9.0,,,-9.0,-9.0,,-9.0,,,-9.0,,-9.0,,,,
2009,1,27,,,6.0,210.0,200.0,89.0,11.0,631.0,448.0,0.0,,36.0,17.0,54.0,,,,75.02,50.0,,,330.0,290.0,,,0.0,,45.0,58.0,,,999.0,999.0,,,999.0,999.0,999.0,999.0,,,999.0,,999.0,,,,
2009,1,28,,,,,,,,,,0.0,,,,,,,,,,,,,,,,0.0,,,,,,-999.0,-999.0,,,-999.0,-999.0,-999.0,-999.0,,,-999.0,,-999.0,,,,
2009,1,30,,,33.0,207.0,196.0,111.0,8.0,1118.0,1118.0,0.0,,37.0,12.0,63.0,,,,80.06,57.02,,,180.0,180.0,,,0.0,,45.0,58.0,,,9999.0,9999.0,,,9999.0,9999.0,9999.0,9999.0,,,9999.0,,9999.0,,,,
2009,1,31,,,,,,,,,,0.0,,,,,,,,,,,,,,,,0.0,,,,,,-99.0,-99.0,,,,-99.0,-99.0,-99.0,,,-99.0,,,,,,
2009,2,1,,,83.0,10200.0,10190.0,106.0,13.0,1505.0,1504.0,0.0,,71.0,50.0,93.0,,,,64.04,48.02,,,320.0,320.0,,,0.0,,40.0,54.0,,,1.0,-9999.0,,,-9999.0,1.0,1.0,-9999.0,,,1.0,,-9999.0,,,,
2009,2,2,,,,,,,,,,0.0,,,,,,,,32.0,32.0,,,,,,,0.0,,,,,,,-9.0,,,-9.0,,,-9.0,,,,,-9.0,,,,
2009,2,3,,,0.0,210.0,200.0,94.0,13.0,435.0,435.0,0.0,,36.0,11.0,74.0,,,,78.08,48.02,,,320.0,330.0,,,0.0,,58.0,63.0,,,999.0,999.0,,,999.0,999.0,999.0,999.0,,,999.0,,999.0,,,,
2009,2,4,,,,,,,,,,0.0,,,,,,,,,,,,,,,,0.0,,,,,,-999.0,-999.0,,,-999.0,-999.0,-999.0,-999.0,,,-999.0,,-999.0,,,,
2009,2,5,,,,,,,,,,,,,,,,,,,,,,,,,,,,,,,,,,,,,,9.0,,,,,,,,,,
2009,2,6,,,0.0,173.0,163.0,94.0,13.0,1612.0,1611.0,0.0,,34.0,17.0,56.0,,,,73.04,50.0,,,210.0,210.0,,,0.0,,54.0,72.0,,,9999.0,9999.0,,,9999.0,9999.0,1.0,9999.0,,,9999.0,,9999.0,,,,
2009,2,7,,,,,,,,,,0.0,,,,,,,,,,,,,,,,0.0,,,,,,,-99.0,,,,-99.0,,-99.0,,,-99.0,,,,,,
2009,2,8,,,,,,,,,,,,,,,,,,,,,,,,,,,,,,,,,99.0,,,,99.0,99.0,99.0,,,99.0,,,,,,
2009,2,9,,,117.0,10159.0,10146.0,133.0,51.0,1244.0,411.0,58.0,,82.0,72.0,93.0,,,,62.059999999999995,57.02,,,220.0,170.0,,,0.0,,80.0,112.0,,,1.0,-9999.0,,,1.0,-9999.0,-9999.0,-9999.0,,,1.0,,1.0,,,,
2009,2,10,,,,,,,,,,0.0,,,,,,,,32.0,32.0,,,,,,,0.0,,,,,,,-9.0,,,0.0,-9.0,,-9.0,,,,,,,,,
2009,2,11,,,94.0,122.0,108.0,111.0,31.0,16.0,16.0,358.0,,84.0,65.0,100.0,,,,60.08,51.98,,,160.0,170.0,,,0.0,,98.0,134.0,,,1.0,999.0,,,1.0,999.0,1.0,999.0,,,1.0,,1.0,,,,
2009,2,12,,,,,,,,,,0.0,,,,,,,,,,,,,,,,0.0,,,,,,,-999.0,,,0.0,-999.0,,-999.0,,,,,,,,,
2009,2,14,,,67.0,156.0,146.0,94.0,68.0,1315.0,1314.0,94.0,,69.0,55.0,89.0,,,,57.92,51.98,,,270.0,270.0,,,0.0,,143.0,192.0,,,1.0,9999.0,,,1.0,9999.0,9999.0,9999.0,,,1.0,,1.0,,,,
2009,2,15,,,,,,,,,,0.0,,,,,,,,,32.0,,,,,,,0.0,,,,,,,-99.0,,,,-99.0,-99.0,-99.0,,,,,,,,,
2009,2,16,,,,,,,,,,,,,,,,,,,,,,,,,,,,,,,,99.0,99.0,,,99.0,99.0,99.0,99.0,,,99.0,,99.0,,,,
2009,2,17,,,44.0,10217.0,10207.0,78.0,14.0,1601.0,1540.0,0.0,,63.0,48.0,77.0,,,,66.92,44.96,,,300.0,300.0,,,0.0,,58.0,76.0,,,-9999.0,-9999.0,,,-9999.0,-9999.0,-9999.0,-9999.0,,,-9999.0,,-9999.0,,,,
2009,2,18,,,,,,,,,,0.0,,,,,,,,32.0,32.0,,,,,,,0.0,,,,,,-9.0,-9.0,,,-9.0,-9.0,-9.0,-9.0,,,-9.0,,,,,,
2009,2,19,,,56.0,213.0,207.0,89.0,26.0,231.0,127.0,,,63.0,50.0,72.0,,,,59.0,51.08,,,280.0,300.0,,,0.0,,76.0,103.0,,,999.0,999.0,,,999.0,999.0,999.0,999.0,,,999.0,,1.0,,,,
2009,2,20,,,,,,,,,,,,,,,,,,,,,,,,,,0.0,,,,,,,-999.0,,,,-999.0,-999.0,-999.0,,,,,,,,,
2009,2,22,,,50.0,200.0,190.0,83.0,22.0,1443.0,1442.0,,,64.0,49.0,80.0,,,,59.0,48.02,,,270.0,270.0,,,0.0,,67.0,80.0,,,9999.0,9999.0,,,9999.0,9999.0,9999.0,9999.0,,,9999.0,,1.0,,,,
2009,2,23,,,,,,,,,,0.0,,,,,,,,,32.0,,,,,,,0.0,,,,,,,-99.0,,,-99.0,-99.0,-99.0,-99.0,,,-99.0,,,,,,
2009,2,24,,,,,,,,,,,,,,,,,,,,,,,,,,,,,,,,,99.0,,,99.0,99.0,99.0,99.0,,,99.0,,99.0,,,,
2009,2,25,,,89.0,10135.0,10125.0,111.0,50.0,1133.0,1132.0,91.0,,77.0,58.0,93.0,,,,59.0,51.08,,,190.0,190.0,,,0.0,,139.0,170.0,,,1.0,-9999.0,,,1.0,-9999.0,-9999.0,-9999.0,,,1.0,,1.0,,,,
2009,2,26,,,,,,,,,,0.0,,,,,,,,32.0,32.0,,,,,,,0.0,,,,,,,-9.0,,,0.0,-9.0,-9.0,-9.0,,,,,,,,,
2009,2,27,,,72.0,207.0,196.0,100.0,13.0,304.0,356.0,3.0,,74.0,51.0,90.0,,,,59.0,48.02,,,240.0,250.0,,,0.0,,58.0,67.0,,,999.0,999.0,,,1.0,999.0,999.0,999.0,,,999.0,,1.0,,,,
2009,2,28,,,,,,,,,,0.0,,,,,,,,,,,,,,,,0.0,,,,,,-999.0,-999.0,,,,-999.0,-999.0,-999.0,,,-999.0,,,,,,
2009,2,30,,,22.0,210.0,196.0,89.0,14.0,1510.0,1500.0,0.0,,47.0,19.0,74.0,,,,71.96,46.04,,,290.0,290.0,,,0.0,,58.0,72.0,,,9999.0,9999.0,,,9999.0,9999.0,9999.0,9999.0,,,9999.0,,9999.0,,,,
2009,2,31,,,,,,,,,,0.0,,,,,,,,,32.0,,,,,,,0.0,,,,,,-99.0,-99.0,,,-99.0,-99.0,-99.0,-99.0,,,-99.0,,-99.0,,,,
2009,3,1,,,56.0,10169.0,10163.0,122.0,20.0,1443.0,1440.0,0.0,,44.0,25.0,67.0,,,,78.98,55.04,,,300.0,290.0,,,0.0,,67.0,94.0,,,-9999.0,-9999.0,,,-9999.0,-9999.0,-9999.0,-9999.0,,,-9999.0,,-9999.0,,,,
2009,3,2,,,,,,,,,,0.0,,,,,,,,32.0,32.0,,,,,,,0.0,,,,,,-9.0,-9.0,,,-9.0,-9.0,-9.0,-9.0,,,-9.0,,-9.0,,,,
2009,3,3,,,78.0,179.0,169.0,128.0,18.0,349.0,315.0,0.0,,50.0,17.0,73.0,,,,84.91999999999999,55.04,,,300.0,320.0,,,0.0,,80.0,112.0,,,999.0,999.0,,,999.0,999.0,999.0,999.0,,,999.0,,999.0,,,,
2009,3,4,,,,,,,,,,0.0,,,,,,,,,,,,,,,,0.0,,,,,,-999.0,-999.0,,,-999.0,-999.0,-999.0,-999.0,,,-999.0,,-999.0,,,,
2009,3,6,,,89.0,196.0,186.0,117.0,22.0,1405.0,1241.0,0.0,,70.0,52.0,84.0,,,,64.04,51.98,,,240.0,230.0,,,0.0,,58.0,72.0,,,9999.0,9999.0,,,9999.0,9999.0,9999.0,9999.0,,,9999.0,,9999.0,,,,
2009,3,7,,,,,,,,,,0.0,,,,,,,,,,,,,,,,0.0,,,,,,,-99.0,,,,-99.0,-99.0,-99.0,,,-99.0,,,,,,
2009,3,8,,,,,,,,,,,,,,,,,,,,,,,,,,,,,,,,,99.0,,,,99.0,99.0,99.0,,,99.0,,,,,,
2009,3,9,,,67.0,10193.0,10179.0,100.0,26.0,1321.0,1244.0,0.0,,65.0,52.0,74.0,,,,60.980000000000004,50.0,,,280.0,270.0,,,0.0,,72.0,98.0,,,-9999.0,-9999.0,,,-9999.0,-9999.0,-9999.0,-9999.0,,,-9999.0,,-9999.0,,,,
2009,3,10,,,,,,,,,,0.0,,,,,,,,32.0,32.0,,,,,,,0.0,,,,,,-9.0,-9.0,,,-9.0,-9.0,-9.0,-9.0,,,-9.0,,-9.0,,,,
2009,3,11,,,72.0,183.0,173.0,106.0,24.0,313.0,311.0,0.0,,66.0,52.0,75.0,,,,62.059999999999995,53.06,,,210.0,220.0,,,0.0,,58.0,72.0,,,999.0,999.0,,,999.0,999.0,999.0,999.0,,,999.0,,999.0,,,,
2009,3,12,,,,,,,,,,0.0,,,,,,,,,,,,,,,,0.0,,,,,,-999.0,-999.0,,,-999.0,-999.0,-999.0,-999.0,,,-999.0,,-999.0,,,,
2009,3,13,,,,,,,,,,,,,,,,,,,,,,,,,,,,,,,,,,,,9.0,,,,,,,,9.0,,,,
2009,3,14,,,72.0,176.0,169.0,106.0,31.0,1415.0,1414.0,,,63.0,53.0,75.0,,,,60.980000000000004,53.96,,,250.0,250.0,,,0.0,,67.0,89.0,,,9999.0,9999.0,,,1.0,9999.0,9999.0,9999.0,,,9999.0,,1.0,,,,
2009,3,15,,,,,,,,,,0.0,,,,,,,,,,,,,,,,0.0,,,,,,-99.0,-99.0,,,,-99.0,-99.0,-99.0,,,-99.0,,,,,,
2009,3,16,,,,,,,,,,,,,,,,,,,,,,,,,,,,,,,,99.0,99.0,,,99.0,99.0,99.0,99.0,,,99.0,,99.0,,,,
2009,3,17,,,56.0,10183.0,10169.0,94.0,19.0,1337.0,1336.0,0.0,,61.0,47.0,74.0,,,,60.980000000000004,50.0,,,240.0,250.0,,,0.0,,63.0,80.0,,,-9999.0,-9999.0,,,-9999.0,-9999.0,-9999.0,-9999.0,,,-9999.0,,-9999.0,,,,
2009,3,18,,,,,,,,,,0.0,,,,,,,,32.0,32.0,,,,,,,0.0,,,,,,-9.0,-9.0,,,-9.0,-9.0,-9.0,-9.0,,,-9.0,,,,,,
2009,3,19,,,61.0,183.0,173.0,100.0,26.0,309.0,26.0,,,61.0,52.0,72.0,,,,60.08,53.06,,,290.0,320.0,,,0.0,,63.0,80.0,,,999.0,999.0,,,999.0,999.0,999.0,999.0,,,999.0,,1.0,,,,
2009,3,20,,,,,,,,,,0.0,,,,,,,,,,,,,,,,0.0,,,,,,-999.0,-999.0,,,-999.0,-999.0,-999.0,-999.0,,,-999.0,,,,,,
2009,3,22,,,83.0,169.0,156.0,111.0,21.0,1658.0,1657.0,0.0,,68.0,62.0,77.0,,,,60.08,55.94,,,240.0,250.0,,,0.0,,58.0,72.0,,,9999.0,9999.0,,,9999.0,9999.0,9999.0,9999.0,,,9999.0,,9999.0,,,,
2009,3,23,,,,,,,,,,0.0,,,,,,,,,,,,,,,,0.0,,,,,,-99.0,-99.0,,,-99.0,-99.0,-99.0,-99.0,,,-99.0,,-99.0,,,,
2009,3,24,,,,,,,,,,,,,,,,,,,,,,,,,,,,,,,,99.0,99.0,,,99.0,99.0,99.0,99.0,,,99.0,,99.0,,,,
2009,3,25,,,89.0,10220.0,10207.0,117.0,23.0,1210.0,1409.0,0.0,,70.0,52.0,81.0,,,,64.94,50.0,,,290.0,290.0,,,0.0,,76.0,94.0,,,-9999.0,-9999.0,,,-9999.0,-9999.0,-9999.0,-9999.0,,,-9999.0,,-9999.0,,,,
2009,3,26,,,,,,,,,,0.0,,,,,,,,32.0,32.0,,,,,,,0.0,,,,,,,,,,-9.0,,,,,,,,-9.0,,,,
2009,3,27,,,111.0,193.0,179.0,133.0,18.0,427.0,427.0,0.0,,71.0,53.0,100.0,,,,69.98,53.06,,,290.0,290.0,,,0.0,,67.0,76.0,,,1.0,1.0,,,999.0,1.0,1.0,1.0,,,1.0,,999.0,,,,
2009,3,28,,,,,,,,,,0.0,,,,,,,,,,,,,,,,0.0,,,,,,,,,,-999.0,0.0,,0.0,,,,,-999.0,,,,
2009,3,30,,,111.0,146.0,135.0,122.0,18.0,1552.0,1534.0,0.0,,83.0,70.0,93.0,,,,62.059999999999995,53.96,,,180.0,180.0,,,0.0,,45.0,63.0,,,1.0,9999.0,,,9999.0,1.0,1.0,9999.0,,,1.0,,9999.0,,,,
2009,3,31,,,,,,,,,,0.0,,,,,,,,,,,,,,,,0.0,,,,,,,-99.0,,,-99.0,0.0,,-99.0,,,,,-99.0,,,,
2009,4,1,,,94.0,10132.0,10119.0,122.0,38.0,1118.0,1108.0,0.0,,68.0,56.0,75.0,,,,64.04,55.94,,,180.0,190.0,,,0.0,,76.0,98.0,,,-9999.0,,,,-9999.0,-9999.0,1.0,,,,-9999.0,,-9999.0,,,,
2009,4,2,,,,,,,,,,0.0,,,,,,,,32.0,32.0,,,,,,,0.0,,,,,,-9.0,,,,-9.0,,,,,,-9.0,,-9.0,,,,
2009,4,3,,,100.0,139.0,129.0,128.0,29.0,256.0,240.0,0.0,,68.0,65.0,72.0,,,,62.959999999999994,59.0,,,240.0,220.0,,,0.0,,58.0,67.0,,,999.0,,,,999.0,1.0,1.0,,,,999.0,,999.0,,,,
2009,4,4,,,,,,,,,,0.0,,,,,,,,,,,,,,,,0.0,,,,,,-999.0,,,,-999.0,,,,,,-999.0,,-999.0,,,,
2009,4,6,,,72.0,166.0,156.0,111.0,26.0,12.0,12.0,0.0,,58.0,50.0,67.0,,,,66.02,53.96,,,130.0,130.0,,,0.0,,67.0,89.0,,,9999.0,,,,9999.0,9999.0,9999.0,,,,9999.0,,9999.0,,,,
2009,4,7,,,,,,,,,,0.0,,,,,,,,,,,,,,,,0.0,,,,,,-99.0,,,,-99.0,-99.0,-99.0,,,,-99.0,,-99.0,,,,
2009,4,8,,,,,,,,,,,,,,,,,,,,,,,,,,,,,,,,99.0,,,,99.0,99.0,99.0,,,,99.0,,99.0,,,,
2009,4,9,,,28.0,10166.0,10152.0,117.0,20.0,1328.0,1326.0,0.0,,39.0,11.0,84.0,,,,78.98,55.04,,,320.0,320.0,,,0.0,,58.0,67.0,,,-9999.0,,,,-9999.0,-9999.0,-9999.0,,,,-9999.0,,-9999.0,,,,
2009,4,10,,,,,,,,,,0.0,,,,,,,,32.0,32.0,,,,,,,0.0,,,,,,,,,,,,,,,,,,,,,,
2009,4,11,,,111.0,186.0,173.0,133.0,23.0,156.0,150.0,13.0,,71.0,52.0,90.0,,,,66.92,55.94,,,280.0,290.0,,,0.0,,72.0,94.0,,,1.0,,,,1.0,1.0,1.0,,,,1.0,,1.0,,,,
2009,4,12,,,,,,,,,,0.0,,,,,,,,,,,,,,,,0.0,,,,,,,,,,,,,,,,,,,,,,
2009,4,14,,,89.0,163.0,152.0,122.0,26.0,1739.0,1610.0,,,64.0,54.0,72.0,,,,64.94,55.94,,,270.0,250.0,,,0.0,,67.0,89.0,,,9999.0,,,,9999.0,9999.0,9999.0,,,,9999.0,,1.0,,,,
2009,4,15,,,,,,,,,,0.0,,,,,,,,,,,,,,,,0.0,,,,,,-99.0,,,,,-99.0,,,,,-99.0,,,,,,
2009,4,16,,,,,,,,,,,,,,,,,,,,,,,,,,,,,,,,99.0,,,,,99.0,,,,,99.0,,,,,,
2009,4,17,,,83.0,10183.0,10176.0,111.0,42.0,247.0,246.0,0.0,,65.0,58.0,74.0,,,,60.980000000000004,55.94,,,290.0,290.0,,,0.0,,76.0,89.0,,,-9999.0,,,,-9999.0,-9999.0,-9999.0,,,,-9999.0,,1.0,,,,
2009,4,18,,,,,,,,,,,,,,,,,,32.0,32.0,,,,,,,0.0,,,,,,-9.0,,,,-9.0,-9.0,-9.0,,,,-9.0,,,,,,
2009,4,19,,,94.0,210.0,200.0,122.0,23.0,346.0,155.0,0.0,,66.0,52.0,78.0,,,,66.92,53.06,,,280.0,280.0,,,0.0,,72.0,89.0,,,999.0,,,,999.0,999.0,999.0,,,,999.0,,999.0,,,,
2009,4,20,,,,,,,,,,0.0,,,,,,,,,,,,,,,,0.0,,,,,,-999.0,,,,-999.0,-999.0,-999.0,,,,-999.0,,-999.0,,,,
2009,4,21,,,,,,,,,,,,,,,,,,,,,,,,,,,,,,,,,,,,,9.0,9.0,,,,,,9.0,,,,
2009,4,22,,,94.0,112.0,102.0,122.0,51.0,1913.0,1833.0,,,70.0,49.0,84.0,,,,62.059999999999995,55.94,,,260.0,250.0,,,0.0,,89.0,116.0,,,9999.0,,,,9999.0,1.0,1.0,,,,9999.0,,1.0,,,,
2009,4,23,,,,,,,,,,0.0,,,,,,,,,,,,,,,,0.0,,,,,,-99.0,,,,-99.0,,,,,,-99.0,,,,,,
2009,4,24,,,,,,,,,,,,,,,,,,,,,,,,,,,,,,,,99.0,,,,99.0,99.0,99.0,,,,99.0,,99.0,,,,
2009,4,25,,,67.0,10217.0,10207.0,106.0,28.0,1541.0,1238.0,0.0,,60.0,47.0,72.0,,,,64.04,51.98,,,270.0,310.0,,,0.0,,67.0,98.0,,,-9999.0,,,,-9999.0,-9999.0,-9999.0,,,,-9999.0,,-9999.0,,,,
2009,4,26,,,,,,,,,,0.0,,,,,,,,32.0,32.0,,,,,,,0.0,,,,,,-9.0,,,,-9.0,-9.0,-9.0,,,,-9.0,,-9.0,,,,
2009,4,27,,,67.0,203.0,190.0,117.0,22.0,419.0,418.0,0.0,,54.0,37.0,69.0,,,,69.08,51.98,,,310.0,310.0,,,0.0,,76.0,98.0,,,999.0,,,,999.0,999.0,999.0,,,,999.0,,999.0,,,,
2009,4,28,,,,,,,,,,0.0,,,,,,,,,,,,,,,,0.0,,,,,,-999.0,,,,-999.0,-999.0,-999.0,,,,-999.0,,-999.0,,,,
2009,4,30,,,61.0,159.0,146.0,139.0,26.0,1610.0,1610.0,0.0,,38.0,13.0,78.0,,,,91.03999999999999,60.08,,,330.0,330.0,,,0.0,,67.0,89.0,,,9999.0,,,,9999.0,9999.0,9999.0,,,,9999.0,,9999.0,,,,
2009,4,31,,,,,,,,,,0.0,,,,,,,,,,,,,,,,0.0,,,,,,-99.0,,,,-99.0,-99.0,-99.0,,,,-99.0,,-99.0,,,,
2009,5,1,,,128.0,10166.0,10156.0,150.0,20.0,1322.0,1259.0,0.0,,71.0,53.0,81.0,,,,73.04,59.0,,,270.0,270.0,,,0.0,,67.0,94.0,,,-9999.0,,,,-9999.0,1.0,1.0,,,,-9999.0,,-9999.0,,,,
2009,5,2,,,,,,,,,,0.0,,,,,,,,32.0,32.0,,,,,,,0.0,,,,,,-9.0,,,,-9.0,,,,,,-9.0,,-9.0,,,,
2009,5,3,,,133.0,196.0,186.0,156.0,28.0,500.0,438.0,0.0,,73.0,59.0,81.0,,,,71.06,62.059999999999995,,,300.0,270.0,,,0.0,,67.0,80.0,,,999.0,,,,999.0,999.0,999.0,,,,999.0,,999.0,,,,
2009,5,4,,,,,,,,,,0.0,,,,,,,,,,,,,,,,0.0,,,,,,-999.0,,,,-999.0,-999.0,-999.0,,,,-999.0,,-999.0,,,,
2009,5,6,,,139.0,166.0,152.0,156.0,27.0,1155.0,1316.0,0.0,,75.0,61.0,84.0,,,,73.04,60.08,,,280.0,290.0,,,0.0,,67.0,80.0,,,9999.0,,,,9999.0,9999.0,9999.0,,,,9999.0,,9999.0,,,,
2009,5,7,,,,,,,,,,0.0,,,,,,,,,,,,,,,,0.0,,,,,,,,,,-99.0,-99.0,,,,,,,-99.0,,,,
2009,5,8,,,,,,,,,,,,,,,,,,,,,,,,,,,,,,,,,,,,99.0,99.0,,,,,,,99.0,,,,
2009,5,9,,,144.0,10139.0,10125.0,161.0,20.0,1516.0,1114.0,0.0,,75.0,59.0,84.0,,,,73.04,62.959999999999994,,,320.0,320.0,,,0.0,,54.0,76.0,,,-9999.0,,,,-9999.0,1.0,1.0,,,,-9999.0,,-9999.0,,,,
2009,5,10,,,,,,,,,,0.0,,,,,,,,32.0,32.0,,,,,,,0.0,,,,,,,,,,-9.0,,,,,,,,-9.0,,,,
2009,5,11,,,150.0,112.0,102.0,167.0,24.0,342.0,330.0,0.0,,75.0,52.0,90.0,,,,75.02,62.059999999999995,,,300.0,310.0,,,0.0,,54.0,67.0,,,1.0,,,,999.0,999.0,999.0,,,,1.0,,999.0,,,,
2009,5,12,,,,,,,,,,0.0,,,,,,,,,,,,,,,,0.0,,,,,,,,,,-999.0,,,,,,,,-999.0,,,,
2009,5,14,,,133.0,125.0,119.0,144.0,22.0,1455.0,1431.0,0.0,,83.0,73.0,93.0,,,,66.02,57.02,,,210.0,240.0,,,0.0,,54.0,72.0,,,1.0,,,,9999.0,1.0,1.0,,,,1.0,,9999.0,,,,
2009,5,15,,,,,,,,,,0.0,,,,,,,,,,,,,,,,0.0,,,,,,,,,,-99.0,0.0,,,,,,,-99.0,,,,
2009,5,16,,,,,,,,,,,,,,,,,,,,,,,,,,,,,,,,,,,,99.0,,,,,,,,99.0,,,,
2009,5,17,,,128.0,10132.0,10125.0,144.0,28.0,1414.0,1519.0,0.0,,76.0,65.0,87.0,,,,68.0,59.0,,,300.0,270.0,,,0.0,,58.0,80.0,,,-9999.0,,,,-9999.0,1.0,1.0,,,,-9999.0,,-9999.0,,,,
2009,5,18,,,,,,,,,,0.0,,,,,,,,32.0,32.0,,,,,,,0.0,,,,,,-9.0,,,,-9.0,,,,,,-9.0,,-9.0,,,,
2009,5,19,,,122.0,129.0,119.0,139.0,30.0,211.0,341.0,0.0,,75.0,68.0,80.0,,,,66.02,60.08,,,210.0,240.0,,,0.0,,58.0,76.0,,,999.0,,,,999.0,999.0,999.0,,,,999.0,,999.0,,,,
2009,5,20,,,,,,,,,,0.0,,,,,,,,,,,,,,,,0.0,,,,,,-999.0,,,,-999.0,-999.0,,,,,-999.0,,-999.0,,,,
2009,5,21,,,,,,,,,,,,,,,,,,,,,,,,,,,,,,,,,,,,,9.0,,,,,,,,,,,
2009,5,22,,,128.0,122.0,112.0,144.0,28.0,1533.0,1339.0,0.0,,77.0,68.0,84.0,,,,66.92,60.08,,,160.0,210.0,,,0.0,,54.0,72.0,,,9999.0,,,,9999.0,1.0,1.0,,,,9999.0,,9999.0,,,,
2009,5,23,,,,,,,,,,0.0,,,,,,,,,,,,,,,,0.0,,,,,,-99.0,,,,-99.0,0.0,,,,,-99.0,,-99.0,,,,
2009,5,24,,,,,,,,,,,,,,,,,,,,,,,,,,,,,,,,99.0,,,,99.0,,,,,,99.0,,99.0,,,,
2009,5,25,,,139.0,-9999.0,-9999.0,156.0,18.0,1120.0,1113.0,0.0,,80.0,73.0,86.0,,,,66.92,60.08,,,220.0,210.0,,,0.0,,54.0,67.0,,,1.0,,,,-9999.0,1.0,1.0,,,,-9999.0,,-9999.0,,,,
2009,5,26,,,,10.0,10.0,,,,,0.0,,,,,,,,32.0,32.0,,,,,,,0.0,,,,,,,,,,-9.0,,,,,,,,-9.0,,,,
2009,5,27,,,144.0,142.0,132.0,156.0,22.0,345.0,345.0,0.0,,84.0,71.0,93.0,,,,68.0,60.08,,,270.0,280.0,,,0.0,,58.0,72.0,,,1.0,,,,999.0,999.0,1.0,,,,1.0,,999.0,,,,
2009,5,28,,,,,,,,,,0.0,,,,,,,,,,,,,,,,0.0,,,,,,,,,,-999.0,,,,,,,,-999.0,,,,
2009,5,30,,,150.0,135.0,125.0,161.0,39.0,1347.0,1112.0,0.0,,80.0,68.0,90.0,,,,71.06,62.059999999999995,,,290.0,290.0,,,0.0,,72.0,94.0,,,1.0,,,,9999.0,1.0,1.0,,,,1.0,,9999.0,,,,
2009,5,31,,,,,,,,,,0.0,,,,,,,,,,,,,,,,0.0,,,,,,,,,,-99.0,,,,,,,,-99.0,,,,
2009,6,1,,,133.0,10146.0,10132.0,150.0,25.0,1159.0,1237.0,0.0,,79.0,71.0,84.0,,,,68.0,60.08,,,290.0,280.0,,,0.0,,67.0,80.0,,,-9999.0,,-9999.0,,-9999.0,-9999.0,-9999.0,,,,-9999.0,-9999.0,-9999.0,,,,
2009,6,2,,,,,,,,,,0.0,,,,,,,,32.0,32.0,,,,,,,0.0,,,,,,-9.0,,-9.0,,-9.0,-9.0,-9.0,,,,-9.0,-9.0,-9.0,,,,
2009,6,3,,,133.0,142.0,129.0,150.0,23.0,450.0,306.0,0.0,,75.0,61.0,84.0,,,,69.98,60.08,,,300.0,300.0,,,0.0,,54.0,89.0,,,999.0,,999.0,,999.0,999.0,999.0,,,,999.0,999.0,999.0,,,,
2009,6,4,,,,,,,,,,0.0,,,,,,,,,,,,,,,,0.0,,,,,,,,,,-999.0,,,,,,-999.0,-999.0,,,,,
2009,6,6,,,122.0,152.0,142.0,150.0,34.0,1423.0,1403.0,0.0,,70.0,59.0,81.0,,,,69.98,62.059999999999995,,,290.0,290.0,,,0.0,,67.0,89.0,,,9999.0,,9999.0,,9999.0,9999.0,9999.0,,,,9999.0,9999.0,9999.0,,,,
2009,6,7,,,,,,,,,,0.0,,,,,,,,,,,,,,,,0.0,,,,,,-99.0,,-99.0,,,-99.0,-99.0,,,,-99.0,-99.0,,,,,
2009,6,8,,,,,,,,,,,,,,,,,,,,,,,,,,,,,,,,99.0,,99.0,,,99.0,99.0,,,,99.0,99.0,,,,,
2009,6,9,,,128.0,10152.0,10142.0,150.0,31.0,1729.0,1612.0,0.0,,71.0,59.0,81.0,,,,69.98,60.08,,,290.0,290.0,,,0.0,,67.0,89.0,,,-9999.0,,-9999.0,,-9999.0,-9999.0,-9999.0,,,,-9999.0,-9999.0,-9999.0,,,,
2009,6,10,,,,,,,,,,0.0,,,,,,,,32.0,32.0,,,,,,,0.0,,,,,,-9.0,,-9.0,,-9.0,-9.0,-9.0,,,,-9.0,-9.0,,,,,
2009,6,11,,,128.0,146.0,135.0,156.0,37.0,534.0,502.0,,,70.0,55.0,84.0,,,,71.06,60.980000000000004,,,290.0,300.0,,,0.0,,80.0,112.0,,,999.0,,999.0,,999.0,999.0,999.0,,,,999.0,999.0,1.0,,,,
2009,6,12,,,,,,,,,,0.0,,,,,,,,,,,,,,,,0.0,,,,,,-999.0,,-999.0,,-999.0,-999.0,-999.0,,,,-999.0,-999.0,,,,,
2009,6,14,,,128.0,142.0,135.0,150.0,35.0,1544.0,1406.0,0.0,,70.0,63.0,78.0,,,,69.98,62.059999999999995,,,290.0,260.0,,,0.0,,67.0,89.0,,,9999.0,,9999.0,,9999.0,9999.0,9999.0,,,,9999.0,9999.0,9999.0,,,,
2009,6,15,,,,,,,,,,0.0,,,,,,,,,,,,,,,,0.0,,,,,,-99.0,,-99.0,,-99.0,-99.0,-99.0,,,,-99.0,-99.0,-99.0,,,,
2009,6,16,,,,,,,,,,,,,,,,,,,,,,,,,,,,,,,,99.0,,99.0,,99.0,99.0,99.0,,,,99.0,99.0,99.0,,,,
2009,6,17,,,122.0,10152.0,10142.0,150.0,30.0,1410.0,1409.0,0.0,,69.0,63.0,78.0,,,,69.08,62.959999999999994,,,280.0,280.0,,,0.0,,67.0,107.0,,,-9999.0,,-9999.0,,-9999.0,-9999.0,-9999.0,,,,-9999.0,-9999.0,-9999.0,,,,
2009,6,18,,,,,,,,,,0.0,,,,,,,,32.0,32.0,,,,,,,0.0,,,,,,-9.0,,-9.0,,-9.0,-9.0,-9.0,,,,-9.0,-9.0,-9.0,,,,
2009,6,19,,,128.0,152.0,142.0,150.0,29.0,209.0,147.0,0.0,,72.0,65.0,76.0,,,,66.92,62.959999999999994,,,220.0,240.0,,,0.0,,58.0,76.0,,,999.0,,999.0,,999.0,999.0,999.0,,,,999.0,999.0,999.0,,,,
2009,6,20,,,,,,,,,,0.0,,,,,,,,,,,,,,,,0.0,,,,,,-999.0,,-999.0,,-999.0,-999.0,-999.0,,,,-999.0,-999.0,-999.0,,,,
2009,6,22,,,128.0,159.0,146.0,156.0,25.0,1306.0,1346.0,0.0,,70.0,57.0,81.0,,,,69.98,62.059999999999995,,,260.0,260.0,,,0.0,,63.0,76.0,,,9999.0,,9999.0,,9999.0,9999.0,9999.0,,,,9999.0,9999.0,9999.0,,,,
2009,6,23,,,,,,,,,,0.0,,,,,,,,,,,,,,,,0.0,,,,,,,,-99.0,,-99.0,-99.0,-99.0,,,,-99.0,,-99.0,,,,
2009,6,24,,,,,,,,,,,,,,,,,,,,,,,,,,,,,,,,,,99.0,,99.0,99.0,99.0,,,,99.0,,99.0,,,,
2009,6,25,,,156.0,10135.0,10125.0,172.0,26.0,1546.0,1535.0,8.0,,77.0,66.0,93.0,,,,73.04,64.04,,,270.0,260.0,,,0.0,,67.0,89.0,,,1.0,,-9999.0,,1.0,-9999.0,-9999.0,,,,-9999.0,-9999.0,1.0,,,,
2009,6,26,,,,,,,,,,0.0,,,,,,,,32.0,32.0,,,,,,,0.0,,,,,,,,-9.0,,,-9.0,-9.0,,,,-9.0,-9.0,,,,,
2009,6,27,,,139.0,132.0,119.0,161.0,27.0,330.0,235.0,0.0,,73.0,66.0,78.0,,,,69.98,64.04,,,270.0,280.0,,,0.0,,58.0,76.0,,,999.0,,999.0,,999.0,999.0,999.0,,,,999.0,999.0,999.0,,,,
2009,6,28,,,,,,,,,,0.0,,,,,,,,,,,,,,,,0.0,,,,,,-999.0,,-999.0,,-999.0,-999.0,-999.0,,,,-999.0,-999.0,-999.0,,,,
2009,6,29,,,,,,,,,,,,,,,,,,,,,,,,,,,,,,,,,,,,,9.0,9.0,,,,,,,,,,
2009,6,30,,,139.0,85.0,75.0,156.0,28.0,2335.0,2328.0,0.0,,76.0,52.0,84.0,,,,66.92,62.959999999999994,,,160.0,160.0,,,0.0,,58.0,72.0,,,9999.0,,9999.0,,9999.0,1.0,1.0,,,,9999.0,9999.0,9999.0,,,,
2009,6,31,,,,,,,,,,0.0,,,,,,,,,,,,,,,,0.0,,,,,,,,-99.0,,-99.0,,,,,,,-99.0,,,,,
2009,7,1,,,156.0,10112.0,10102.0,172.0,40.0,1625.0,1614.0,0.0,,77.0,66.0,84.0,,,,73.04,64.04,,,290.0,300.0,,,0.0,,80.0,103.0,,,-9999.0,,,,,-9999.0,-9999.0,,,,-9999.0,,,,,,
2009,7,2,,,,,,,,,,0.0,,,,,,,,32.0,32.0,,,,,,,0.0,,,,,,-9.0,,,,,-9.0,,,,,-9.0,,,,,,
2009,7,3,,,150.0,129.0,119.0,167.0,31.0,501.0,659.0,0.0,,77.0,68.0,84.0,,,,71.96,64.04,,,290.0,290.0,,,0.0,,63.0,80.0,,,999.0,,,,,999.0,1.0,,,,999.0,,,,,,
2009,7,4,,,,,,,,,,0.0,,,,,,,,,,,,,,,,0.0,,,,,,,,,,,-999.0,,,,,,,,,,,
2009,7,5,,,,,,,,,,,,,,,,,,,,,,,,,,,,,,,,,,,,,9.0,9.0,,,,,,,,,,
2009,7,6,,,150.0,159.0,149.0,172.0,37.0,1154.0,1153.0,0.0,,76.0,66.0,84.0,,,,73.04,64.04,,,280.0,280.0,,,0.0,,80.0,98.0,,,9999.0,,,,,1.0,1.0,,,,9999.0,,,,,,
2009,7,7,,,,,,,,,,0.0,,,,,,,,,,,,,,,,0.0,,,,,,-99.0,,,,,,,,,,-99.0,,,,,,
2009,7,8,,,,,,,,,,,,,,,,,,,,,,,,,,,,,,,,99.0,,,,,99.0,,,,,99.0,,,,,,
2009,7,9,,,139.0,10139.0,10129.0,161.0,27.0,1623.0,1327.0,0.0,,74.0,61.0,84.0,,,,71.96,62.959999999999994,,,290.0,280.0,,,0.0,,54.0,89.0,,,-9999.0,,,,,-9999.0,-9999.0,,,,-9999.0,,,,,,
2009,7,10,,,,,,,,,,0.0,,,,,,,,32.0,32.0,,,,,,,0.0,,,,,,,,,,,,,,,,,,,,,,
2009,7,11,,,139.0,139.0,129.0,156.0,30.0,423.0,315.0,0.0,,77.0,66.0,87.0,,,,69.08,60.980000000000004,,,200.0,200.0,,,0.0,,58.0,76.0,,,1.0,,,,,1.0,1.0,,,,1.0,,,,,,
2009,7,12,,,,,,,,,,0.0,,,,,,,,,,,,,,,,0.0,,,,,,,,,,,,,,,,,,,,,,
2009,7,14,,,144.0,142.0,129.0,167.0,23.0,1453.0,1337.0,0.0,,72.0,59.0,81.0,,,,73.04,62.059999999999995,,,310.0,260.0,,,0.0,,45.0,67.0,,,9999.0,,,,,9999.0,9999.0,,,,9999.0,,,,,,
2009,7,15,,,,,,,,,,0.0,,,,,,,,,,,,,,,,0.0,,,,,,,,,,,,,,,,,,,,,,
2009,7,17,,,161.0,10146.0,10135.0,183.0,26.0,1422.0,1431.0,0.0,,71.0,45.0,91.0,,,,78.08,66.02,,,300.0,290.0,,,0.0,,72.0,80.0,,,1.0,,,,,-9999.0,-9999.0,,,,1.0,,,,,,
2009,7,18,,,,,,,,,,0.0,,,,,,,,32.0,32.0,,,,,,,0.0,,,,,,,,,,,-9.0,,,,,,,,,,,
2009,7,19,,,167.0,152.0,142.0,189.0,24.0,504.0,556.0,0.0,,70.0,42.0,90.0,,,,82.04,66.02,,,290.0,270.0,,,0.0,,67.0,76.0,,,1.0,,,,,999.0,1.0,,,,1.0,,,,,,
2009,7,20,,,,,,,,,,0.0,,,,,,,,,,,,,,,,0.0,,,,,,,,,,,,,,,,,,,,,,
2009,7,22,,,161.0,132.0,119.0,183.0,26.0,1704.0,1229.0,0.0,,74.0,64.0,87.0,,,,75.02,66.92,,,280.0,310.0,,,0.0,,54.0,72.0,,,9999.0,,,,,9999.0,1.0,,,,9999.0,,,,,,
2009,7,23,,,,,,,,,,0.0,,,,,,,,,,,,,,,,0.0,,,,,,-99.0,,,,,,,,,,-99.0,,,,,,
2009,7,24,,,,,,,,,,,,,,,,,,,,,,,,,,,,,,,,99.0,,,,,,,,,,99.0,,,,,,
2009,7,25,,,172.0,10169.0,10159.0,189.0,33.0,1217.0,1136.0,0.0,,74.0,58.0,84.0,,,,77.0,66.02,,,280.0,290.0,,,0.0,,67.0,89.0,,,1.0,,,,,1.0,1.0,,,,-9999.0,,,,,,
2009,7,26,,,,,,,,,,0.0,,,,,,,,32.0,32.0,,,,,,,0.0,,,,,,,,,,,,,,,,-9.0,,,,,,
2009,7,27,,,172.0,156.0,146.0,189.0,34.0,415.0,414.0,0.0,,74.0,49.0,87.0,,,,80.06,68.0,,,280.0,280.0,,,0.0,,72.0,89.0,,,999.0,,,,,999.0,999.0,,,,999.0,,,,,,
2009,7,28,,,,,,,,,,0.0,,,,,,,,,,,,,,,,0.0,,,,,,,,,,,-999.0,,,,,,,,,,,
2009,7,30,,,178.0,132.0,125.0,200.0,19.0,1544.0,1530.0,0.0,,75.0,62.0,87.0,,,,80.06,66.92,,,230.0,200.0,,,0.0,,45.0,63.0,,,9999.0,,,,,9999.0,9999.0,,,,9999.0,,,,,,
2009,7,31,,,,,,,,,,0.0,,,,,,,,,,,,,,,,0.0,,,,,,,,,,,,,,,,-99.0,,,,,,
2009,8,1,,,161.0,10152.0,10142.0,183.0,28.0,1216.0,1425.0,0.0,,74.0,66.0,78.0,,,,73.94,66.92,,,220.0,250.0,,,0.0,,63.0,89.0,,,-9999.0,-9999.0,,,,-9999.0,-9999.0,-9999.0,,,-9999.0,,-9999.0,,,,
2009,8,2,,,,,,,,,,0.0,,,,,,,,32.0,32.0,,,,,,,0.0,,,,,,-9.0,-9.0,,,,-9.0,-9.0,-9.0,,,-9.0,,-9.0,,,,
2009,8,3,,,172.0,142.0,132.0,189.0,34.0,257.0,126.0,0.0,,76.0,69.0,82.0,,,,75.92,69.08,,,280.0,280.0,,,0.0,,76.0,98.0,,,999.0,999.0,,,,999.0,999.0,999.0,,,999.0,,999.0,,,,
2009,8,4,,,,,,,,,,0.0,,,,,,,,,,,,,,,,0.0,,,,,,,-999.0,,,,-999.0,,-999.0,,,-999.0,,,,,,
2009,8,6,,,183.0,139.0,129.0,200.0,30.0,1153.0,1142.0,,,72.0,58.0,84.0,,,,82.04,69.98,,,280.0,290.0,,,0.0,,72.0,89.0,,,9999.0,9999.0,,,,9999.0,9999.0,9999.0,,,9999.0,,1.0,,,,
2009,8,7,,,,,,,,,,0.0,,,,,,,,,,,,,,,,0.0,,,,,,,-99.0,,,,-99.0,-99.0,-99.0,,,-99.0,,,,,,
2009,8,8,,,,,,,,,,,,,,,,,,,,,,,,,,,,,,,,,99.0,,,,99.0,99.0,99.0,,,99.0,,99.0,,,,
2009,8,9,,,167.0,10152.0,10142.0,189.0,26.0,1727.0,1244.0,0.0,,74.0,64.0,84.0,,,,75.92,68.0,,,320.0,290.0,,,0.0,,63.0,98.0,,,-9999.0,-9999.0,,,,-9999.0,-9999.0,-9999.0,,,-9999.0,,-9999.0,,,,
2009,8,10,,,,,,,,,,0.0,,,,,,,,32.0,32.0,,,,,,,0.0,,,,,,-9.0,-9.0,,,,-9.0,-9.0,-9.0,,,-9.0,,-9.0,,,,
2009,8,11,,,156.0,159.0,146.0,172.0,31.0,650.0,451.0,0.0,,71.0,60.0,84.0,,,,73.94,66.92,,,290.0,250.0,,,0.0,,54.0,80.0,,,999.0,999.0,,,,999.0,999.0,999.0,,,999.0,,999.0,,,,
2009,8,12,,,,,,,,,,0.0,,,,,,,,,,,,,,,,0.0,,,,,,-999.0,-999.0,,,,-999.0,-999.0,-999.0,,,-999.0,,-999.0,,,,
2009,8,14,,,156.0,142.0,132.0,172.0,21.0,1354.0,1405.0,0.0,,72.0,60.0,84.0,,,,73.94,66.02,,,280.0,300.0,,,0.0,,58.0,76.0,,,9999.0,9999.0,,,,9999.0,9999.0,9999.0,,,9999.0,,9999.0,,,,
2009,8,15,,,,,,,,,,0.0,,,,,,,,,,,,,,,,0.0,,,,,,-99.0,-99.0,,,,,,-99.0,,,-99.0,,-99.0,,,,
2009,8,16,,,,,,,,,,,,,,,,,,,,,,,,,,,,,,,,99.0,99.0,,,,,,99.0,,,99.0,,99.0,,,,
2009,8,17,,,167.0,10169.0,10156.0,183.0,34.0,1518.0,1415.0,0.0,,75.0,67.0,81.0,,,,75.02,66.92,,,280.0,280.0,,,0.0,,72.0,89.0,,,-9999.0,-9999.0,,,,-9999.0,-9999.0,-9999.0,,,-9999.0,,-9999.0,,,,
2009,8,18,,,,,,,,,,0.0,,,,,,,,32.0,32.0,,,,,,,0.0,,,,,,-9.0,-9.0,,,,,,-9.0,,,-9.0,,-9.0,,,,
2009,8,19,,,161.0,156.0,142.0,178.0,28.0,515.0,404.0,0.0,,79.0,68.0,84.0,,,,73.94,64.94,,,280.0,290.0,,,0.0,,67.0,89.0,,,999.0,999.0,,,,1.0,1.0,999.0,,,999.0,,999.0,,,,
2009,8,20,,,,,,,,,,0.0,,,,,,,,,,,,,,,,0.0,,,,,,-999.0,-999.0,,,,0.0,,-999.0,,,-999.0,,-999.0,,,,
2009,8,22,,,150.0,149.0,135.0,167.0,24.0,1257.0,1302.0,0.0,,74.0,66.0,81.0,,,,73.04,64.94,,,210.0,220.0,,,0.0,,58.0,72.0,,,9999.0,9999.0,,,,1.0,1.0,9999.0,,,9999.0,,9999.0,,,,
2009,8,23,,,,,,,,,,0.0,,,,,,,,,,,,,,,,0.0,,,,,,-99.0,-99.0,,,,,,-99.0,,,-99.0,,-99.0,,,,
2009,8,24,,,,,,,,,,,,,,,,,,,,,,,,,,,,,,,,99.0,99.0,,,,99.0,,99.0,,,99.0,,99.0,,,,
2009,8,25,,,144.0,10135.0,10125.0,167.0,25.0,1356.0,1244.0,0.0,,70.0,63.0,78.0,,,,73.04,64.04,,,270.0,250.0,,,0.0,,58.0,80.0,,,-9999.0,-9999.0,,,,1.0,1.0,-9999.0,,,-9999.0,,-9999.0,,,,
2009,8,26,,,,,,,,,,0.0,,,,,,,,32.0,32.0,,,,,,,0.0,,,,,,-9.0,-9.0,,,,0.0,,-9.0,,,-9.0,,-9.0,,,,
2009,8,27,,,150.0,129.0,119.0,167.0,22.0,348.0,347.0,0.0,,73.0,63.0,78.0,,,,73.04,64.94,,,270.0,270.0,,,0.0,,63.0,89.0,,,999.0,999.0,,,,1.0,1.0,999.0,,,999.0,,999.0,,,,
2009,8,28,,,,,,,,,,0.0,,,,,,,,,,,,,,,,0.0,,,,,,-999.0,-999.0,,,,0.0,,-999.0,,,-999.0,,-999.0,,,,
2009,8,30,,,150.0,122.0,112.0,172.0,28.0,1408.0,1509.0,0.0,,72.0,62.0,79.0,,,,73.94,66.92,,,300.0,300.0,,,0.0,,63.0,89.0,,,9999.0,9999.0,,,,1.0,1.0,9999.0,,,9999.0,,9999.0,,,,
2009,8,31,,,,,,,,,,0.0,,,,,,,,,,,,,,,,0.0,,,,,,-99.0,-99.0,,,,0.0,,-99.0,,,-99.0,,-99.0,,,,
2009,9,1,,,183.0,10119.0,10108.0,206.0,17.0,1414.0,1409.0,0.0,,74.0,38.0,90.0,,,,84.02,71.06,,,170.0,190.0,,,0.0,,45.0,58.0,,,1.0,-9999.0,,,-9999.0,-9999.0,1.0,-9999.0,,,1.0,,-9999.0,,,,
2009,9,2,,,,,,,,,,0.0,,,,,,,,32.0,32.0,,,,,,,0.0,,,,,,,-9.0,,,-9.0,,,-9.0,,,,,-9.0,,,,
2009,9,3,,,194.0,122.0,112.0,211.0,19.0,511.0,413.0,0.0,,73.0,51.0,90.0,,,,84.91999999999999,71.06,,,300.0,280.0,,,0.0,,54.0,76.0,,,1.0,999.0,,,999.0,1.0,1.0,999.0,,,1.0,,999.0,,,,
2009,9,4,,,,,,,,,,0.0,,,,,,,,,,,,,,,,0.0,,,,,,,-999.0,,,-999.0,,,-999.0,,,,,-999.0,,,,
2009,9,6,,,194.0,105.0,91.0,211.0,22.0,1131.0,1144.0,0.0,,76.0,56.0,91.0,,,,82.04,71.06,,,160.0,180.0,,,0.0,,54.0,63.0,,,9999.0,9999.0,,,9999.0,9999.0,9999.0,9999.0,,,9999.0,,9999.0,,,,
2009,9,7,,,,,,,,,,0.0,,,,,,,,,,,,,,,,0.0,,,,,,,-99.0,,,-99.0,,,-99.0,,,,,-99.0,,,,
2009,9,8,,,,,,,,,,,,,,,,,,,,,,,,,,,,,,,,,99.0,,,99.0,,,99.0,,,,,99.0,,,,
2009,9,9,,,172.0,10142.0,10132.0,189.0,19.0,1447.0,1446.0,0.0,,76.0,58.0,84.0,,,,77.0,66.92,,,240.0,250.0,,,0.0,,45.0,63.0,,,-9999.0,-9999.0,,,-9999.0,-9999.0,-9999.0,-9999.0,,,-9999.0,,-9999.0,,,,
2009,9,10,,,,,,,,,,0.0,,,,,,,,32.0,32.0,,,,,,,0.0,,,,,,-9.0,-9.0,,,-9.0,-9.0,-9.0,-9.0,,,-9.0,,-9.0,,,,
2009,9,11,,,161.0,125.0,112.0,178.0,30.0,357.0,352.0,0.0,,75.0,66.0,81.0,,,,73.04,66.92,,,190.0,170.0,,,0.0,,45.0,63.0,,,999.0,999.0,,,999.0,999.0,999.0,999.0,,,999.0,,999.0,,,,
2009,9,12,,,,,,,,,,0.0,,,,,,,,,,,,,,,,0.0,,,,,,-999.0,-999.0,,,-999.0,-999.0,-999.0,-999.0,,,-999.0,,-999.0,,,,
2009,9,14,,,167.0,139.0,129.0,183.0,30.0,1506.0,1506.0,0.0,,73.0,62.0,82.0,,,,75.92,66.92,,,290.0,300.0,,,0.0,,63.0,76.0,,,9999.0,9999.0,,,9999.0,9999.0,9999.0,9999.0,,,9999.0,,9999.0,,,,
2009,9,15,,,,,,,,,,0.0,,,,,,,,,,,,,,,,0.0,,,,,,-99.0,-99.0,,,-99.0,,,-99.0,,,-99.0,,-99.0,,,,
2009,9,16,,,,,,,,,,,,,,,,,,,,,,,,,,,,,,,,99.0,99.0,,,99.0,,,99.0,,,99.0,,99.0,,,,
2009,9,17,,,183.0,10129.0,10119.0,200.0,24.0,1711.0,1636.0,0.0,,79.0,64.0,87.0,,,,78.98,69.08,,,290.0,300.0,,,0.0,,63.0,76.0,,,1.0,-9999.0,,,-9999.0,-9999.0,-9999.0,-9999.0,,,1.0,,-9999.0,,,,
2009,9,18,,,,,,,,,,0.0,,,,,,,,32.0,32.0,,,,,,,0.0,,,,,,,-9.0,,,-9.0,-9.0,-9.0,-9.0,,,,,-9.0,,,,
2009,9,19,,,167.0,108.0,98.0,183.0,26.0,337.0,229.0,0.0,,76.0,68.0,87.0,,,,75.02,66.02,,,290.0,280.0,,,0.0,,67.0,80.0,,,999.0,999.0,,,999.0,999.0,999.0,999.0,,,999.0,,999.0,,,,
2009,9,20,,,,,,,,,,0.0,,,,,,,,,,,,,,,,0.0,,,,,,-999.0,-999.0,,,-999.0,-999.0,-999.0,-999.0,,,-999.0,,-999.0,,,,
2009,9,22,,,144.0,152.0,142.0,172.0,34.0,1304.0,1303.0,0.0,,68.0,57.0,78.0,,,,73.94,66.02,,,280.0,270.0,,,0.0,,76.0,98.0,,,9999.0,9999.0,,,9999.0,9999.0,9999.0,9999.0,,,9999.0,,9999.0,,,,
2009,9,23,,,,,,,,,,0.0,,,,,,,,,,,,,,,,0.0,,,,,,-99.0,-99.0,,,-99.0,-99.0,-99.0,-99.0,,,-99.0,,-99.0,,,,
2009,9,24,,,,,,,,,,,,,,,,,,,,,,,,,,,,,,,,99.0,99.0,,,99.0,99.0,99.0,99.0,,,99.0,,99.0,,,,
2009,9,25,,,161.0,10142.0,10129.0,178.0,20.0,1139.0,1251.0,0.0,,76.0,62.0,84.0,,,,75.02,64.94,,,280.0,270.0,,,0.0,,63.0,76.0,,,-9999.0,-9999.0,,,-9999.0,-9999.0,-9999.0,-9999.0,,,-9999.0,,-9999.0,,,,
2009,9,26,,,,,,,,,,0.0,,,,,,,,32.0,32.0,,,,,,,0.0,,,,,,-9.0,-9.0,,,-9.0,,,-9.0,,,-9.0,,-9.0,,,,
2009,9,27,,,172.0,112.0,102.0,189.0,15.0,609.0,411.0,0.0,,79.0,69.0,84.0,,,,75.92,66.02,,,290.0,310.0,,,0.0,,45.0,72.0,,,999.0,999.0,,,999.0,1.0,1.0,999.0,,,999.0,,999.0,,,,
2009,9,28,,,,,,,,,,0.0,,,,,,,,,,,,,,,,0.0,,,,,,,-999.0,,,-999.0,0.0,,-999.0,,,,,-999.0,,,,
2009,9,30,,,178.0,139.0,129.0,194.0,21.0,1128.0,1303.0,0.0,,80.0,67.0,91.0,,,,77.0,66.92,,,280.0,290.0,,,0.0,,58.0,67.0,,,1.0,9999.0,,,9999.0,1.0,1.0,9999.0,,,1.0,,9999.0,,,,
2009,9,31,,,,,,,,,,0.0,,,,,,,,,,,,,,,,0.0,,,,,,,-99.0,,,-99.0,0.0,,-99.0,,,,,-99.0,,,,
2009,10,1,,,139.0,10139.0,10129.0,172.0,16.0,1327.0,1329.0,0.0,,67.0,27.0,97.0,,,,84.02,60.08,,,280.0,290.0,,,0.0,,63.0,72.0,,,1.0,1.0,,,-9999.0,-9999.0,1.0,1.0,,,1.0,,-9999.0,,,,
2009,10,2,,,,,,,,,,0.0,,,,,,,,32.0,32.0,,,,,,,0.0,,,,,,,,,,-9.0,,,,,,,,,,,,
2009,10,3,,,156.0,122.0,108.0,172.0,14.0,945.0,942.0,,,76.0,45.0,96.0,,,,77.0,60.08,,,330.0,330.0,,,0.0,,45.0,58.0,,,1.0,1.0,,,999.0,1.0,1.0,999.0,,,999.0,,1.0,,,,
2009,10,4,,,,,,,,,,0.0,,,,,,,,,,,,,,,,0.0,,,,,,,,,,-999.0,0.0,,,,,,,,,,,
2009,10,6,,,89.0,98.0,88.0,128.0,45.0,1231.0,1416.0,0.0,,57.0,49.0,73.0,,,,66.92,60.980000000000004,,,260.0,290.0,,,0.0,,80.0,107.0,,,9999.0,9999.0,,,9999.0,9999.0,9999.0,9999.0,,,9999.0,,9999.0,,,,
2009,10,7,,,,,,,,,,0.0,,,,,,,,,,,,,,,,0.0,,,,,,-99.0,-99.0,,,-99.0,-99.0,-99.0,-99.0,,,-99.0,,-99.0,,,,
2009,10,8,,,,,,,,,,,,,,,,,,,,,,,,,,,,,,,,99.0,99.0,,,99.0,99.0,99.0,99.0,,,99.0,,99.0,,,,
2009,10,9,,,94.0,10129.0,10119.0,128.0,21.0,1201.0,1200.0,0.0,,62.0,52.0,72.0,,,,68.0,55.94,,,240.0,240.0,,,0.0,,63.0,80.0,,,-9999.0,-9999.0,,,-9999.0,-9999.0,-9999.0,-9999.0,,,-9999.0,,-9999.0,,,,
2009,10,10,,,,,,,,,,0.0,,,,,,,,32.0,32.0,,,,,,,0.0,,,,,,-9.0,-9.0,,,-9.0,-9.0,-9.0,-9.0,,,-9.0,,-9.0,,,,
2009,10,11,,,106.0,146.0,135.0,139.0,23.0,434.0,459.0,0.0,,63.0,53.0,70.0,,,,68.0,60.08,,,260.0,300.0,,,0.0,,63.0,89.0,,,999.0,999.0,,,999.0,999.0,999.0,999.0,,,999.0,,999.0,,,,
2009,10,12,,,,,,,,,,0.0,,,,,,,,,,,,,,,,0.0,,,,,,-999.0,-999.0,,,-999.0,-999.0,,-999.0,,,-999.0,,-999.0,,,,
2009,10,14,,,133.0,169.0,159.0,150.0,21.0,1523.0,1151.0,0.0,,73.0,63.0,81.0,,,,69.98,60.08,,,280.0,300.0,,,0.0,,63.0,94.0,,,9999.0,9999.0,,,9999.0,9999.0,1.0,9999.0,,,9999.0,,9999.0,,,,
2009,10,15,,,,,,,,,,0.0,,,,,,,,,,,,,,,,0.0,,,,,,-99.0,-99.0,,,-99.0,-99.0,,-99.0,,,-99.0,,-99.0,,,,
2009,10,16,,,,,,,,,,,,,,,,,,,,,,,,,,,,,,,,99.0,99.0,,,99.0,99.0,99.0,99.0,,,99.0,,99.0,,,,
2009,10,17,,,89.0,10115.0,10108.0,128.0,21.0,1344.0,1350.0,0.0,,56.0,47.0,63.0,,,,69.08,60.980000000000004,,,270.0,260.0,,,0.0,,67.0,80.0,,,-9999.0,-9999.0,,,-9999.0,-9999.0,-9999.0,-9999.0,,,-9999.0,,-9999.0,,,,
2009,10,18,,,,,,,,,,0.0,,,,,,,,32.0,32.0,,,,,,,0.0,,,,,,-9.0,-9.0,,,-9.0,-9.0,-9.0,-9.0,,,-9.0,,-9.0,,,,
2009,10,19,,,106.0,115.0,105.0,139.0,30.0,310.0,309.0,0.0,,62.0,51.0,78.0,,,,68.0,60.08,,,190.0,190.0,,,0.0,,63.0,76.0,,,999.0,999.0,,,999.0,999.0,999.0,999.0,,,999.0,,999.0,,,,
2009,10,20,,,,,,,,,,0.0,,,,,,,,,,,,,,,,0.0,,,,,,-999.0,-999.0,,,,-999.0,-999.0,-999.0,,,-999.0,,,,,,
2009,10,22,,,156.0,179.0,169.0,178.0,30.0,1750.0,1453.0,0.0,,72.0,59.0,87.0,,,,75.02,66.02,,,340.0,290.0,,,0.0,,63.0,76.0,,,9999.0,9999.0,,,9999.0,9999.0,9999.0,9999.0,,,9999.0,,9999.0,,,,
2009,10,23,,,,,,,,,,0.0,,,,,,,,,,,,,,,,0.0,,,,,,,-99.0,,,-99.0,,,-99.0,,,,,-99.0,,,,
2009,10,24,,,,,,,,,,,,,,,,,,,,,,,,,,,,,,,,,99.0,,,99.0,,,99.0,,,,,99.0,,,,
2009,10,25,,,167.0,10119.0,10108.0,183.0,13.0,1313.0,1315.0,0.0,,78.0,58.0,97.0,,,,80.96,62.059999999999995,,,170.0,180.0,,,0.0,,45.0,54.0,,,1.0,1.0,,,-9999.0,1.0,1.0,1.0,,,1.0,,-9999.0,,,,
2009,10,26,,,,,,,,,,0.0,,,,,,,,32.0,32.0,,,,,,,0.0,,,,,,,,,,-9.0,0.0,,0.0,,,,,-9.0,,,,
2009,10,27,,,167.0,125.0,115.0,172.0,14.0,636.0,635.0,0.0,,90.0,68.0,100.0,,,,71.96,60.08,,,180.0,180.0,,,0.0,,40.0,45.0,,,1.0,1.0,,,999.0,1.0,1.0,1.0,,,1.0,,999.0,,,,
2009,10,28,,,,,,,,,,0.0,,,,,,,,,,,,,,,,0.0,,,,,,,,,,-999.0,0.0,,,,,,,-999.0,,,,
2009,10,30,,,139.0,146.0,135.0,161.0,27.0,1336.0,1350.0,0.0,,72.0,66.0,78.0,,,,69.98,64.04,,,270.0,280.0,,,0.0,,72.0,89.0,,,9999.0,9999.0,,,9999.0,9999.0,9999.0,9999.0,,,9999.0,,9999.0,,,,
2009,10,31,,,,,,,,,,0.0,,,,,,,,,,,,,,,,0.0,,,,,,-99.0,-99.0,,,-99.0,-99.0,-99.0,-99.0,,,-99.0,,-99.0,,,,
2009,11,1,,,89.0,10156.0,10146.0,133.0,8.0,1306.0,1028.0,0.0,,58.0,29.0,81.0,,,,73.94,53.96,,,170.0,190.0,,,0.0,,36.0,45.0,,,1.0,-9999.0,,,-9999.0,-9999.0,1.0,-9999.0,,,-9999.0,,-9999.0,,,,
2009,11,2,,,,,,,,,,0.0,,,,,,,,32.0,32.0,,,,,,,0.0,,,,,,,,,,-9.0,-9.0,,,,,,,-9.0,,,,
2009,11,3,,,89.0,169.0,156.0,128.0,18.0,343.0,342.0,0.0,,63.0,28.0,100.0,,,,73.94,53.96,,,310.0,320.0,,,0.0,,54.0,67.0,,,1.0,1.0,,,999.0,999.0,1.0,1.0,,,1.0,,999.0,,,,
2009,11,4,,,,,,,,,,0.0,,,,,,,,,,,,,,,,0.0,,,,,,,,,,-999.0,-999.0,,0.0,,,,,-999.0,,,,
2009,11,5,,,,,,,,,,,,,,,,,,,,,,,,,,,,,,,,,,,,,9.0,,,,,,,,,,,
2009,11,6,,,122.0,166.0,156.0,139.0,17.0,1449.0,659.0,0.0,,84.0,73.0,100.0,,,,66.02,51.08,,,270.0,330.0,,,0.0,,40.0,76.0,,,1.0,1.0,,,9999.0,1.0,1.0,1.0,,,1.0,,9999.0,,,,
2009,11,7,,,,,,,,,,0.0,,,,,,,,,,,,,,,,0.0,,,,,,,,,,-99.0,0.0,,,,,,,-99.0,,,,
2009,11,8,,,,,,,,,,,,,,,,,,,,,,,,,,,,,,,,99.0,99.0,,,99.0,,,99.0,,,99.0,,99.0,,,,
2009,11,9,,,122.0,10169.0,10159.0,144.0,23.0,1135.0,1120.0,0.0,,73.0,59.0,80.0,,,,69.08,60.08,,,300.0,280.0,,,0.0,,54.0,72.0,,,-9999.0,-9999.0,,,-9999.0,-9999.0,-9999.0,-9999.0,,,-9999.0,,-9999.0,,,,
2009,11,10,,,,,,,,,,0.0,,,,,,,,32.0,32.0,,,,,,,0.0,,,,,,-9.0,-9.0,,,-9.0,,,-9.0,,,-9.0,,-9.0,,,,
2009,11,11,,,122.0,135.0,125.0,139.0,13.0,206.0,216.0,0.0,,76.0,68.0,84.0,,,,64.94,57.02,,,300.0,290.0,,,0.0,,54.0,67.0,,,999.0,999.0,,,999.0,1.0,1.0,999.0,,,999.0,,999.0,,,,
2009,11,12,,,,,,,,,,0.0,,,,,,,,,,,,,,,,0.0,,,,,,-999.0,-999.0,,,-999.0,0.0,,-999.0,,,-999.0,,-999.0,,,,
2009,11,13,,,,,,,,,,,,,,,,,,,,,,,,,,,,,,,,9.0,,,,,,,,,,9.0,,,,,,
2009,11,14,,,117.0,163.0,152.0,139.0,15.0,1347.0,1345.0,0.0,,73.0,53.0,87.0,,,,71.06,53.96,,,290.0,290.0,,,0.0,,80.0,98.0,,,1.0,9999.0,,,9999.0,1.0,1.0,9999.0,,,1.0,,9999.0,,,,
2009,11,15,,,,,,,,,,0.0,,,,,,,,,,,,,,,,0.0,,,,,,,-99.0,,,-99.0,,,-99.0,,,,,-99.0,,,,
2009,11,16,,,,,,,,,,,,,,,,,,,,,,,,,,,,,,,,,99.0,,,99.0,99.0,,99.0,,,,,99.0,,,,
2009,11,17,,,89.0,10142.0,10135.0,133.0,9.0,1430.0,1606.0,0.0,,54.0,36.0,78.0,,,,77.0,59.0,,,290.0,320.0,,,0.0,,45.0,63.0,,,-9999.0,-9999.0,,,-9999.0,-9999.0,1.0,-9999.0,,,-9999.0,,-9999.0,,,,
2009,11,18,,,,,,,,,,0.0,,,,,,,,32.0,32.0,,,,,,,0.0,,,,,,-9.0,-9.0,,,-9.0,-9.0,,-9.0,,,-9.0,,-9.0,,,,
2009,11,19,,,117.0,105.0,91.0,139.0,22.0,302.0,254.0,0.0,,74.0,53.0,84.0,,,,66.02,57.92,,,210.0,210.0,,,0.0,,54.0,67.0,,,999.0,999.0,,,999.0,999.0,1.0,999.0,,,999.0,,999.0,,,,
2009,11,20,,,,,,,,,,0.0,,,,,,,,,,,,,,,,0.0,,,,,,-999.0,-999.0,,,-999.0,-999.0,,-999.0,,,-999.0,,-999.0,,,,
2009,11,22,,,89.0,163.0,152.0,122.0,22.0,1625.0,1402.0,0.0,,64.0,54.0,72.0,,,,66.02,55.94,,,290.0,280.0,,,0.0,,54.0,72.0,,,9999.0,9999.0,,,9999.0,9999.0,9999.0,9999.0,,,9999.0,,9999.0,,,,
2009,11,23,,,,,,,,,,0.0,,,,,,,,,,,,,,,,0.0,,,,,,-99.0,-99.0,,,-99.0,-99.0,-99.0,-99.0,,,-99.0,,-99.0,,,,
2009,11,24,,,,,,,,,,,,,,,,,,,,,,,,,,,,,,,,99.0,99.0,,,99.0,99.0,99.0,99.0,,,99.0,,99.0,,,,
2009,11,25,,,6.0,10196.0,10186.0,89.0,13.0,1508.0,1508.0,0.0,,38.0,10.0,65.0,,,,71.96,48.02,,,320.0,320.0,,,0.0,,58.0,76.0,,,-9999.0,-9999.0,,,-9999.0,-9999.0,-9999.0,-9999.0,,,-9999.0,,-9999.0,,,,
2009,11,26,,,,,,,,,,0.0,,,,,,,,32.0,32.0,,,,,,,0.0,,,,,,,-9.0,,,-9.0,-9.0,,-9.0,,,,,-9.0,,,,
2009,11,27,,,67.0,159.0,146.0,111.0,13.0,413.0,340.0,0.0,,59.0,29.0,90.0,,,,71.06,50.0,,,180.0,180.0,,,0.0,,45.0,58.0,,,1.0,999.0,,,999.0,999.0,1.0,999.0,,,1.0,,999.0,,,,
2009,11,28,,,,,,,,,,0.0,,,,,,,,,,,,,,,,0.0,,,,,,,-999.0,,,-999.0,,,-999.0,,,,,-999.0,,,,
2009,11,30,,,100.0,159.0,149.0,122.0,13.0,1235.0,1235.0,0.0,,74.0,56.0,87.0,,,,68.0,50.0,,,290.0,290.0,,,0.0,,67.0,76.0,,,1.0,9999.0,,,9999.0,1.0,1.0,9999.0,,,1.0,,9999.0,,,,
2009,11,31,,,,,,,,,,0.0,,,,,,,,,32.0,,,,,,,0.0,,,,,,,,,,-99.0,0.0,,,,,,,-99.0,,,,
2009,12,1,,,72.0,10156.0,10146.0,106.0,16.0,1413.0,734.0,0.0,,64.0,45.0,72.0,,,,62.959999999999994,48.92,,,230.0,70.0,,,0.0,,54.0,76.0,,,-9999.0,,,,-9999.0,-9999.0,-9999.0,,,,-9999.0,,-9999.0,,,,
2009,12,2,,,,,,,,,,0.0,,,,,,,,32.0,32.0,,,,,,,0.0,,,,,,-9.0,,,,-9.0,-9.0,-9.0,,,,-9.0,,-9.0,,,,
2009,12,3,,,78.0,146.0,135.0,111.0,18.0,512.0,458.0,0.0,,63.0,54.0,72.0,,,,62.059999999999995,57.02,,,260.0,260.0,,,0.0,,58.0,76.0,,,999.0,,,,999.0,999.0,999.0,,,,999.0,,999.0,,,,
2009,12,4,,,,,,,,,,0.0,,,,,,,,,,,,,,,,0.0,,,,,,,,,,-999.0,,,,,,-999.0,,-999.0,,,,
2009,12,5,,,,,,,,,,,,,,,,,,,,,,,,,,,,,,,,,,,,,,,,,,9.0,,,,,,
2009,12,6,,,72.0,200.0,190.0,106.0,15.0,1401.0,1404.0,0.0,,65.0,41.0,86.0,,,,66.02,46.94,,,320.0,310.0,,,0.0,,67.0,80.0,,,1.0,,,,9999.0,1.0,1.0,,,,1.0,,9999.0,,,,
2009,12,7,,,,,,,,,,0.0,,,,,,,,,,,,,,,,0.0,,,,,,,,,,-99.0,,,,,,,,-99.0,,,,
2009,12,8,,,,,,,,,,,,,,,,,,,,,,,,,,,,,,,,99.0,,,,99.0,99.0,99.0,,,,99.0,,99.0,,,,
2009,12,9,,,50.0,10135.0,10125.0,100.0,32.0,1156.0,1156.0,0.0,,56.0,49.0,62.0,,,,59.0,55.04,,,230.0,230.0,,,0.0,,67.0,76.0,,,-9999.0,,,,-9999.0,-9999.0,-9999.0,,,,-9999.0,,1.0,,,,
2009,12,10,,,,,,,,,,,,,,,,,,32.0,32.0,,,,,,,0.0,,,,,,,,,,,-9.0,-9.0,,,,,,,,,,
2009,12,11,,,83.0,78.0,61.0,106.0,66.0,809.0,846.0,396.0,,76.0,52.0,97.0,,,,60.08,50.0,,,290.0,290.0,,,0.0,,139.0,192.0,,,1.0,,,,1.0,999.0,999.0,,,,1.0,,1.0,,,,
2009,12,12,,,,,,,,,,0.0,,,,,,,,,,,,,,,,0.0,,,,,,,,,,,-999.0,-999.0,,,,,,,,,,
2009,12,13,,,,,,,,,,,,,,,,,,,,,,,,,,,,,,,,,,,,,,9.0,,,,,,,,,,
2009,12,14,,,33.0,190.0,179.0,78.0,12.0,1542.0,1543.0,0.0,,59.0,51.0,74.0,,,,57.02,48.02,,,260.0,260.0,,,0.0,,54.0,63.0,,,9999.0,,,,9999.0,9999.0,1.0,,,,9999.0,,9999.0,,,,
2009,12,15,,,,,,,,,,0.0,,,,,,,,,32.0,,,,,,,0.0,,,,,,-99.0,,,,-99.0,-99.0,,,,,-99.0,,-99.0,,,,
2009,12,16,,,,,,,,,,,,,,,,,,,,,,,,,,,,,,,,99.0,,,,99.0,99.0,99.0,,,,99.0,,99.0,,,,
2009,12,17,,,100.0,10179.0,10169.0,117.0,20.0,2352.0,2355.0,23.0,,80.0,60.0,93.0,,,,59.0,51.98,,,160.0,160.0,,,0.0,,58.0,67.0,,,1.0,,,,1.0,-9999.0,1.0,,,,1.0,,1.0,,,,
2009,12,18,,,,,,,,,,0.0,,,,,,,,32.0,32.0,,,,,,,0.0,,,,,,,,,,0.0,-9.0,,,,,,,,,,,
2009,12,19,,,144.0,176.0,166.0,150.0,45.0,200.0,359.0,38.0,,91.0,86.0,93.0,,,,62.059999999999995,59.0,,,180.0,190.0,,,0.0,,80.0,116.0,,,1.0,,,,1.0,999.0,999.0,,,,1.0,,1.0,,,,
2009,12,20,,,,,,,,,,,,,,,,,,,,,,,,,,0.0,,,,,,,,,,0.0,-999.0,-999.0,,,,,,,,,,
2009,12,22,,,89.0,207.0,196.0,111.0,12.0,1458.0,1341.0,,,76.0,58.0,89.0,,,,62.059999999999995,51.08,,,290.0,290.0,,,0.0,,58.0,72.0,,,9999.0,,,,9999.0,9999.0,9999.0,,,,9999.0,,1.0,,,,
2009,12,23,,,,,,,,,,0.0,,,,,,,,,32.0,,,,,,,0.0,,,,,,-99.0,,,,-99.0,-99.0,-99.0,,,,-99.0,,,,,,
2009,12,24,,,,,,,,,,,,,,,,,,,,,,,,,,,,,,,,99.0,,,,99.0,99.0,99.0,,,,99.0,,99.0,,,,
2009,12,25,,,61.0,10203.0,10193.0,100.0,12.0,1335.0,1326.0,0.0,,61.0,32.0,77.0,,,,66.92,46.94,,,290.0,320.0,,,0.0,,54.0,72.0,,,-9999.0,,,,-9999.0,-9999.0,-9999.0,,,,-9999.0,,-9999.0,,,,
2009,12,26,,,,,,,,,,0.0,,,,,,,,32.0,32.0,,,,,,,0.0,,,,,,,,,,-9.0,-9.0,,,,,,,-9.0,,,,
2009,12,27,,,67.0,173.0,163.0,106.0,11.0,449.0,550.0,0.0,,63.0,30.0,93.0,,,,69.98,46.94,,,300.0,300.0,,,0.0,,40.0,45.0,,,1.0,,,,999.0,999.0,1.0,,,,1.0,,999.0,,,,
2009,12,28,,,,,,,,,,0.0,,,,,,,,,,,,,,,,0.0,,,,,,,,,,-999.0,-999.0,,,,,,,-999.0,,,,
2009,12,30,,,44.0,163.0,152.0,106.0,10.0,1520.0,1519.0,0.0,,46.0,20.0,69.0,,,,77.0,51.08,,,320.0,320.0,,,0.0,,63.0,76.0,,,9999.0,,,,9999.0,9999.0,9999.0,,,,9999.0,,9999.0,,,,
2009,12,31,,,,,,,,,,0.0,,,,,,,,,,,,,,,,0.0,,,,,,-99.0,,,,-99.0,-99.0,-99.0,,,,-99.0,,-99.0,,,,
2010,1,1,,,44.0,10217.0,10207.0,94.0,17.0,1423.0,1455.0,0.0,,54.0,27.0,74.0,,,,69.08,46.94,,,300.0,320.0,,,0.0,,63.0,76.0,,,-9999.0,-9999.0,-9999.0,,-9999.0,-9999.0,-9999.0,-9999.0,,,-9999.0,,-9999.0,,,,
2010,1,2,,,,,,,,,,0.0,,,,,,,,32.0,32.0,,,,,,,0.0,,,,,,-9.0,-9.0,-9.0,,-9.0,-9.0,,-9.0,,,-9.0,,-9.0,,,,
2010,1,3,,,56.0,176.0,166.0,106.0,11.0,509.0,132.0,0.0,,53.0,23.0,77.0,,,,75.92,48.92,,,290.0,310.0,,,0.0,,58.0,72.0,,,999.0,999.0,999.0,,999.0,999.0,1.0,999.0,,,999.0,,999.0,,,,
2010,1,4,,,,,,,,,,0.0,,,,,,,,,,,,,,,,0.0,,,,,,-999.0,-999.0,-999.0,,-999.0,,,-999.0,,,-999.0,,-999.0,,,,
2010,1,6,,,-6.0,176.0,169.0,83.0,9.0,1257.0,1257.0,0.0,,35.0,14.0,52.0,,,,75.02,48.02,,,290.0,300.0,,,0.0,,72.0,89.0,,,9999.0,9999.0,9999.0,,9999.0,9999.0,1.0,9999.0,,,9999.0,,9999.0,,,,
2010,1,7,,,,,,,,,,0.0,,,,,,,,,32.0,,,,,,,0.0,,,,,,-99.0,-99.0,-99.0,,-99.0,-99.0,,-99.0,,,-99.0,,-99.0,,,,
2010,1,8,,,,,,,,,,,,,,,,,,,,,,,,,,,,,,,,99.0,99.0,99.0,,99.0,99.0,,99.0,,,99.0,,99.0,,,,
2010,1,9,,,44.0,10173.0,10163.0,94.0,7.0,1434.0,1429.0,0.0,,53.0,28.0,75.0,,,,69.08,48.92,,,290.0,290.0,,,0.0,,36.0,45.0,,,-9999.0,-9999.0,-9999.0,,-9999.0,1.0,1.0,-9999.0,,,-9999.0,,-9999.0,,,,
2010,1,10,,,,,,,,,,0.0,,,,,,,,32.0,32.0,,,,,,,0.0,,,,,,,-9.0,-9.0,,-9.0,0.0,,-9.0,,,,,-9.0,,,,
2010,1,11,,,67.0,163.0,152.0,100.0,9.0,453.0,835.0,0.0,,65.0,32.0,90.0,,,,68.0,46.94,,,290.0,360.0,,,0.0,,40.0,54.0,,,1.0,999.0,999.0,,999.0,1.0,1.0,999.0,,,1.0,,999.0,,,,
2010,1,12,,,,,,,,,,0.0,,,,,,,,,,,,,,,,0.0,,,,,,,-999.0,-999.0,,-999.0,0.0,,-999.0,,,,,-999.0,,,,
2010,1,14,,,44.0,200.0,190.0,106.0,10.0,1736.0,1736.0,0.0,,46.0,25.0,59.0,,,,75.02,51.98,,,330.0,330.0,,,0.0,,45.0,58.0,,,9999.0,9999.0,9999.0,,9999.0,9999.0,9999.0,9999.0,,,9999.0,,9999.0,,,,
2010,1,15,,,,,,,,,,0.0,,,,,,,,,,,,,,,,0.0,,,,,,-99.0,-99.0,-99.0,,-99.0,-99.0,-99.0,-99.0,,,-99.0,,-99.0,,,,
2010,1,16,,,,,,,,,,,,,,,,,,,,,,,,,,,,,,,,99.0,99.0,99.0,,99.0,99.0,99.0,99.0,,,99.0,,99.0,,,,
2010,1,17,,,67.0,10200.0,10190.0,117.0,13.0,1254.0,1223.0,0.0,,56.0,30.0,83.0,,,,73.94,51.08,,,320.0,300.0,,,0.0,,54.0,63.0,,,-9999.0,-9999.0,-9999.0,,-9999.0,-9999.0,-9999.0,-9999.0,,,-9999.0,,-9999.0,,,,
2010,1,18,,,,,,,,,,0.0,,,,,,,,32.0,32.0,,,,,,,0.0,,,,,,,,-9.0,,-9.0,-9.0,,,,,,,-9.0,,,,
2010,1,19,,,100.0,210.0,200.0,117.0,9.0,348.0,338.0,0.0,,77.0,51.0,96.0,,,,66.92,50.0,,,320.0,320.0,,,0.0,,40.0,54.0,,,1.0,1.0,999.0,,999.0,999.0,1.0,1.0,,,1.0,,999.0,,,,
2010,1,20,,,,,,,,,,0.0,,,,,,,,,,,,,,,,0.0,,,,,,,,-999.0,,-999.0,,,,,,,,,,,,
2010,1,22,,,78.0,207.0,200.0,111.0,15.0,1627.0,1626.0,0.0,,66.0,41.0,83.0,,,,66.92,51.08,,,320.0,310.0,,,0.0,,67.0,89.0,,,1.0,9999.0,9999.0,,9999.0,9999.0,1.0,9999.0,,,9999.0,,9999.0,,,,
2010,1,23,,,,,,,,,,0.0,,,,,,,,,32.0,,,,,,,0.0,,,,,,,-99.0,-99.0,,-99.0,-99.0,,-99.0,,,-99.0,,-99.0,,,,
2010,1,24,,,,,,,,,,,,,,,,,,,,,,,,,,,,,,,,99.0,99.0,99.0,,99.0,99.0,,99.0,,,99.0,,99.0,,,,
2010,1,25,,,83.0,10163.0,10152.0,117.0,17.0,1058.0,1058.0,0.0,,66.0,38.0,87.0,,,,66.02,53.96,,,190.0,190.0,,,0.0,,58.0,72.0,,,-9999.0,-9999.0,-9999.0,,-9999.0,-9999.0,1.0,-9999.0,,,-9999.0,,-9999.0,,,,
2010,1,26,,,,,,,,,,0.0,,,,,,,,32.0,32.0,,,,,,,0.0,,,,,,-9.0,-9.0,-9.0,,,-9.0,,-9.0,,,-9.0,,,,,,
2010,1,27,,,89.0,156.0,146.0,117.0,15.0,256.0,304.0,3.0,,69.0,55.0,84.0,,,,62.059999999999995,53.06,,,240.0,270.0,,,0.0,,45.0,58.0,,,999.0,999.0,999.0,,1.0,999.0,999.0,999.0,,,999.0,,1.0,,,,
2010,1,28,,,,,,,,,,,,,,,,,,,,,,,,,,0.0,,,,,,,-999.0,-999.0,,0.0,-999.0,,-999.0,,,,,,,,,
2010,1,30,,,94.0,78.0,75.0,111.0,39.0,1349.0,1428.0,135.0,,77.0,67.0,90.0,,,,62.059999999999995,48.92,,,170.0,230.0,,,0.0,,156.0,201.0,,,1.0,9999.0,9999.0,,1.0,9999.0,9999.0,9999.0,,,1.0,,1.0,,,,
2010,1,31,,,,,,,,,,,,,,,,,,,,,,,,,,0.0,,,,,,,-99.0,-99.0,,0.0,-99.0,-99.0,-99.0,,,,,,,,,
2010,2,1,,,94.0,10139.0,10129.0,117.0,9.0,1602.0,1615.0,0.0,,77.0,65.0,86.0,,,,62.959999999999994,51.08,,,300.0,300.0,,,0.0,,45.0,54.0,,,1.0,-9999.0,,,-9999.0,1.0,1.0,,,,1.0,,-9999.0,,,,
2010,2,2,,,,,,,,,,0.0,,,,,,,,32.0,32.0,,,,,,,0.0,,,,,,,-9.0,,,-9.0,0.0,,,,,,,-9.0,,,,
2010,2,3,,,100.0,105.0,91.0,117.0,19.0,620.0,609.0,0.0,,75.0,65.0,83.0,,,,62.059999999999995,53.06,,,290.0,300.0,,,0.0,,45.0,58.0,,,999.0,999.0,,,999.0,1.0,1.0,,,,999.0,,999.0,,,,
2010,2,4,,,,,,,,,,0.0,,,,,,,,,,,,,,,,0.0,,,,,,,-999.0,,,-999.0,0.0,,,,,,,-999.0,,,,
2010,2,6,,,94.0,152.0,142.0,117.0,21.0,1410.0,1407.0,0.0,,72.0,62.0,80.0,,,,62.959999999999994,53.96,,,230.0,230.0,,,0.0,,67.0,76.0,,,9999.0,9999.0,,,9999.0,1.0,1.0,,,,9999.0,,9999.0,,,,
2010,2,7,,,,,,,,,,0.0,,,,,,,,,,,,,,,,0.0,,,,,,-99.0,-99.0,,,,,,,,,-99.0,,,,,,
2010,2,8,,,,,,,,,,,,,,,,,,,,,,,,,,,,,,,,99.0,99.0,,,,99.0,,,,,99.0,,,,,,
2010,2,9,,,117.0,10149.0,10139.0,128.0,47.0,1211.0,1117.0,140.0,,81.0,75.0,90.0,,,,62.059999999999995,55.94,,,170.0,160.0,,,0.0,,98.0,130.0,,,1.0,-9999.0,,,1.0,-9999.0,-9999.0,,,,1.0,,1.0,,,,
2010,2,10,,,,,,,,,,0.0,,,,,,,,32.0,32.0,,,,,,,0.0,,,,,,,-9.0,,,,-9.0,-9.0,,,,,,,,,,
2010,2,11,,,67.0,142.0,132.0,100.0,41.0,105.0,104.0,,,63.0,52.0,74.0,,,,60.980000000000004,51.98,,,290.0,290.0,,,0.0,,89.0,112.0,,,999.0,999.0,,,999.0,999.0,999.0,,,,999.0,,1.0,,,,
2010,2,12,,,,,,,,,,0.0,,,,,,,,,,,,,,,,0.0,,,,,,-999.0,-999.0,,,-999.0,-999.0,-999.0,,,,-999.0,,,,,,
2010,2,13,,,,,,,,,,,,,,,,,,,,,,,,,,,,,,,,9.0,,,,9.0,,,,,,,,9.0,,,,
2010,2,14,,,78.0,149.0,139.0,100.0,27.0,1909.0,1908.0,84.0,,74.0,62.0,86.0,,,,60.08,48.92,,,320.0,320.0,,,0.0,,94.0,125.0,,,1.0,9999.0,,,1.0,9999.0,9999.0,,,,9999.0,,1.0,,,,
2010,2,15,,,,,,,,,,0.0,,,,,,,,,32.0,,,,,,,0.0,,,,,,,-99.0,,,,-99.0,-99.0,,,,-99.0,,,,,,
2010,2,16,,,,,,,,,,,,,,,,,,,,,,,,,,,,,,,,99.0,99.0,,,99.0,99.0,99.0,,,,99.0,,99.0,,,,
2010,2,17,,,72.0,10217.0,10203.0,100.0,14.0,1414.0,1241.0,0.0,,69.0,60.0,80.0,,,,60.980000000000004,48.02,,,190.0,180.0,,,0.0,,45.0,63.0,,,-9999.0,-9999.0,,,-9999.0,-9999.0,-9999.0,,,,-9999.0,,-9999.0,,,,
2010,2,18,,,,,,,,,,0.0,,,,,,,,32.0,32.0,,,,,,,0.0,,,,,,,-9.0,,,-9.0,-9.0,,,,,,,-9.0,,,,
2010,2,19,,,89.0,207.0,196.0,111.0,21.0,354.0,452.0,0.0,,74.0,58.0,87.0,,,,62.959999999999994,50.0,,,290.0,280.0,,,0.0,,72.0,80.0,,,1.0,999.0,,,999.0,999.0,1.0,,,,1.0,,999.0,,,,
2010,2,20,,,,,,,,,,0.0,,,,,,,,,,,,,,,,0.0,,,,,,,-999.0,,,-999.0,,,,,,,,-999.0,,,,
2010,2,22,,,67.0,163.0,152.0,111.0,12.0,1501.0,1504.0,0.0,,53.0,30.0,80.0,,,,73.94,50.0,,,310.0,300.0,,,0.0,,72.0,89.0,,,9999.0,9999.0,,,9999.0,9999.0,1.0,,,,9999.0,,9999.0,,,,
2010,2,23,,,,,,,,,,0.0,,,,,,,,,,,,,,,,0.0,,,,,,-99.0,-99.0,,,-99.0,-99.0,,,,,-99.0,,-99.0,,,,
2010,2,24,,,,,,,,,,,,,,,,,,,,,,,,,,,,,,,,99.0,99.0,,,99.0,99.0,,,,,99.0,,99.0,,,,
2010,2,25,,,72.0,10149.0,10135.0,122.0,9.0,1334.0,1531.0,0.0,,54.0,25.0,90.0,,,,77.0,53.06,,,280.0,300.0,,,0.0,,45.0,54.0,,,1.0,-9999.0,,,-9999.0,-9999.0,1.0,,,,1.0,,-9999.0,,,,
2010,2,26,,,,,,,,,,0.0,,,,,,,,32.0,32.0,,,,,,,0.0,,,,,,,,,,-9.0,,,,,,,,-9.0,,,,
2010,2,27,,,94.0,149.0,135.0,122.0,9.0,503.0,516.0,0.0,,70.0,28.0,93.0,,,,73.04,51.08,,,300.0,290.0,,,0.0,,36.0,45.0,,,1.0,1.0,,,999.0,1.0,1.0,,,,1.0,,999.0,,,,
2010,2,28,,,,,,,,,,0.0,,,,,,,,,,,,,,,,0.0,,,,,,,,,,-999.0,0.0,,,,,,,-999.0,,,,
2010,2,29,,,,,,,,,,,,,,,,,,,,,,,,,,,,,,,,,,,,9.0,,,,,,,,9.0,,,,
2010,2,30,,,83.0,142.0,135.0,111.0,34.0,1517.0,1516.0,13.0,,65.0,56.0,77.0,,,,62.059999999999995,55.94,,,190.0,190.0,,,0.0,,67.0,89.0,,,9999.0,9999.0,,,1.0,9999.0,1.0,,,,9999.0,,1.0,,,,
2010,2,31,,,,,,,,,,0.0,,,,,,,,,,,,,,,,0.0,,,,,,,-99.0,,,0.0,-99.0,,,,,,,,,,,
2010,3,1,,,100.0,10190.0,10179.0,117.0,20.0,1128.0,1704.0,0.0,,75.0,65.0,83.0,,,,64.04,51.08,,,270.0,270.0,,,0.0,,63.0,72.0,,,-9999.0,-9999.0,,,-9999.0,-9999.0,-9999.0,-9999.0,,,-9999.0,,-9999.0,,,,
2010,3,2,,,,,,,,,,0.0,,,,,,,,32.0,32.0,,,,,,,0.0,,,,,,-9.0,-9.0,,,-9.0,,,-9.0,,,-9.0,,-9.0,,,,
2010,3,3,,,94.0,176.0,166.0,117.0,18.0,250.0,411.0,0.0,,74.0,60.0,87.0,,,,62.959999999999994,53.96,,,300.0,290.0,,,0.0,,63.0,80.0,,,999.0,999.0,,,999.0,1.0,1.0,999.0,,,999.0,,999.0,,,,
2010,3,4,,,,,,,,,,0.0,,,,,,,,,,,,,,,,0.0,,,,,,-999.0,-999.0,,,-999.0,,,-999.0,,,-999.0,,-999.0,,,,
2010,3,5,,,,,,,,,,,,,,,,,,,,,,,,,,,,,,,,9.0,,,,9.0,,,,,,,,9.0,,,,
2010,3,6,,,61.0,173.0,163.0,100.0,28.0,1232.0,931.0,,,62.0,48.0,89.0,,,,62.059999999999995,51.08,,,280.0,300.0,,,0.0,,72.0,98.0,,,1.0,9999.0,,,1.0,9999.0,9999.0,9999.0,,,9999.0,,1.0,,,,
2010,3,7,,,,,,,,,,0.0,,,,,,,,,32.0,,,,,,,0.0,,,,,,,-99.0,,,,-99.0,,-99.0,,,-99.0,,,,,,
2010,3,8,,,,,,,,,,,,,,,,,,,,,,,,,,,,,,,,99.0,99.0,,,99.0,99.0,,99.0,,,99.0,,99.0,,,,
2010,3,9,,,83.0,10108.0,10098.0,106.0,38.0,1634.0,1631.0,66.0,,74.0,60.0,92.0,,,,60.980000000000004,51.08,,,190.0,190.0,,,0.0,,116.0,143.0,,,1.0,-9999.0,,,1.0,-9999.0,-9999.0,-9999.0,,,1.0,,1.0,,,,
2010,3,10,,,,,,,,,,0.0,,,,,,,,32.0,32.0,,,,,,,0.0,,,,,,,-9.0,,,0.0,-9.0,-9.0,-9.0,,,,,,,,,
2010,3,11,,,89.0,115.0,108.0,106.0,30.0,213.0,212.0,107.0,,84.0,72.0,92.0,,,,57.92,48.92,,,270.0,260.0,,,0.0,,72.0,94.0,,,1.0,999.0,,,1.0,999.0,999.0,999.0,,,1.0,,1.0,,,,
2010,3,12,,,,,,,,,,0.0,,,,,,,,,,,,,,,,0.0,,,,,,,-999.0,,,,-999.0,,-999.0,,,,,,,,,
2010,3,14,,,33.0,183.0,173.0,83.0,58.0,1136.0,939.0,0.0,,52.0,44.0,62.0,,,,59.0,51.98,,,280.0,280.0,,,0.0,,116.0,156.0,,,9999.0,9999.0,,,9999.0,9999.0,9999.0,9999.0,,,9999.0,,9999.0,,,,
2010,3,15,,,,,,,,,,0.0,,,,,,,,,32.0,,,,,,,0.0,,,,,,-99.0,-99.0,,,-99.0,-99.0,-99.0,-99.0,,,-99.0,,,,,,
2010,3,16,,,,,,,,,,,,,,,,,,,,,,,,,,,,,,,,99.0,99.0,,,99.0,99.0,99.0,99.0,,,99.0,,,,,,
2010,3,17,,,56.0,10203.0,10196.0,94.0,20.0,1628.0,1305.0,0.0,,61.0,47.0,74.0,,,,64.04,48.02,,,290.0,290.0,,,0.0,,58.0,76.0,,,-9999.0,-9999.0,,,-9999.0,-9999.0,1.0,-9999.0,,,-9999.0,,-9999.0,,,,
2010,3,18,,,,,,,,,,0.0,,,,,,,,32.0,32.0,,,,,,,0.0,,,,,,-9.0,-9.0,,,-9.0,-9.0,,-9.0,,,-9.0,,-9.0,,,,
2010,3,19,,,67.0,193.0,183.0,106.0,19.0,324.0,323.0,0.0,,61.0,43.0,74.0,,,,64.94,50.0,,,290.0,300.0,,,0.0,,72.0,89.0,,,999.0,999.0,,,999.0,999.0,999.0,999.0,,,999.0,,999.0,,,,
2010,3,20,,,,,,,,,,0.0,,,,,,,,,,,,,,,,0.0,,,,,,-999.0,-999.0,,,-999.0,-999.0,-999.0,-999.0,,,-999.0,,-999.0,,,,
2010,3,22,,,67.0,176.0,166.0,100.0,24.0,1443.0,1448.0,0.0,,61.0,47.0,77.0,,,,64.04,48.92,,,290.0,290.0,,,0.0,,76.0,89.0,,,9999.0,9999.0,,,9999.0,9999.0,9999.0,9999.0,,,9999.0,,9999.0,,,,
2010,3,23,,,,,,,,,,0.0,,,,,,,,,,,,,,,,0.0,,,,,,-99.0,-99.0,,,-99.0,-99.0,-99.0,-99.0,,,-99.0,,-99.0,,,,
2010,3,24,,,,,,,,,,,,,,,,,,,,,,,,,,,,,,,,99.0,99.0,,,99.0,99.0,99.0,99.0,,,99.0,,99.0,,,,
2010,3,25,,,28.0,10207.0,10196.0,117.0,21.0,1358.0,1358.0,0.0,,33.0,16.0,50.0,,,,80.96,55.94,,,290.0,290.0,,,0.0,,89.0,98.0,,,-9999.0,-9999.0,,,-9999.0,-9999.0,1.0,-9999.0,,,-9999.0,,-9999.0,,,,
2010,3,26,,,,,,,,,,0.0,,,,,,,,32.0,32.0,,,,,,,0.0,,,,,,-9.0,-9.0,,,-9.0,-9.0,,-9.0,,,-9.0,,-9.0,,,,
2010,3,27,,,56.0,159.0,146.0,128.0,20.0,506.0,506.0,0.0,,42.0,19.0,73.0,,,,82.04,55.94,,,300.0,300.0,,,0.0,,72.0,89.0,,,999.0,999.0,,,999.0,999.0,999.0,999.0,,,999.0,,999.0,,,,
2010,3,28,,,,,,,,,,0.0,,,,,,,,,,,,,,,,0.0,,,,,,-999.0,-999.0,,,-999.0,,,-999.0,,,-999.0,,-999.0,,,,
2010,3,29,,,,,,,,,,,,,,,,,,,,,,,,,,,,,,,,9.0,,,,,,,,,,9.0,,,,,,
2010,3,30,,,106.0,163.0,152.0,133.0,25.0,1448.0,1353.0,0.0,,69.0,59.0,90.0,,,,66.92,57.02,,,280.0,290.0,,,0.0,,76.0,94.0,,,1.0,9999.0,,,9999.0,1.0,1.0,9999.0,,,1.0,,9999.0,,,,
2010,3,31,,,,,,,,,,0.0,,,,,,,,,,,,,,,,0.0,,,,,,,-99.0,,,-99.0,0.0,,,,,,,-99.0,,,,
2010,4,1,,,50.0,10163.0,10152.0,89.0,32.0,301.0,300.0,142.0,,63.0,53.0,83.0,,,,59.0,48.02,,,260.0,250.0,,,0.0,,76.0,107.0,,,1.0,,,,1.0,-9999.0,-9999.0,,,,-9999.0,-9999.0,1.0,,,,
2010,4,2,,,,,,,,,,0.0,,,,,,,,32.0,32.0,,,,,,,0.0,,,,,,,,,,,-9.0,,,,,-9.0,-9.0,,,,,
2010,4,3,,,67.0,190.0,179.0,106.0,18.0,704.0,117.0,0.0,,63.0,46.0,75.0,,,,64.04,48.92,,,290.0,270.0,,,0.0,,58.0,80.0,,,999.0,,,,999.0,999.0,1.0,,,,999.0,999.0,999.0,,,,
2010,4,4,,,,,,,,,,0.0,,,,,,,,,,,,,,,,0.0,,,,,,-999.0,,,,-999.0,-999.0,,,,,-999.0,-999.0,-999.0,,,,
2010,4,6,,,61.0,163.0,152.0,106.0,29.0,1432.0,1306.0,0.0,,57.0,50.0,65.0,,,,62.959999999999994,55.04,,,290.0,290.0,,,0.0,,67.0,94.0,,,9999.0,,,,9999.0,9999.0,9999.0,,,,9999.0,9999.0,9999.0,,,,
2010,4,7,,,,,,,,,,0.0,,,,,,,,,,,,,,,,0.0,,,,,,,,,,,-99.0,-99.0,,,,,-99.0,,,,,
2010,4,8,,,,,,,,,,,,,,,,,,,,,,,,,,,,,,,,,,,,,99.0,99.0,,,,,99.0,,,,,
2010,4,9,,,78.0,10200.0,10190.0,111.0,28.0,1428.0,1539.0,0.0,,61.0,39.0,80.0,,,,66.02,51.08,,,290.0,290.0,,,0.0,,76.0,94.0,,,-9999.0,,,,-9999.0,-9999.0,-9999.0,,,,-9999.0,-9999.0,-9999.0,,,,
2010,4,10,,,,,,,,,,0.0,,,,,,,,32.0,32.0,,,,,,,0.0,,,,,,-9.0,,,,-9.0,-9.0,-9.0,,,,-9.0,-9.0,-9.0,,,,
2010,4,11,,,33.0,176.0,166.0,111.0,18.0,614.0,612.0,0.0,,39.0,17.0,72.0,,,,78.98,51.98,,,320.0,320.0,,,0.0,,58.0,72.0,,,999.0,,,,999.0,999.0,999.0,,,,999.0,999.0,999.0,,,,
2010,4,12,,,,,,,,,,0.0,,,,,,,,,,,,,,,,0.0,,,,,,-999.0,,,,-999.0,-999.0,,,,,-999.0,-999.0,-999.0,,,,
2010,4,13,,,,,,,,,,,,,,,,,,,,,,,,,,,,,,,,9.0,,,,,9.0,,,,,9.0,,,,,,
2010,4,14,,,106.0,132.0,122.0,128.0,30.0,1323.0,1455.0,0.0,,73.0,65.0,90.0,,,,64.94,57.02,,,220.0,220.0,,,0.0,,58.0,67.0,,,1.0,,,,9999.0,1.0,1.0,,,,1.0,9999.0,9999.0,,,,
2010,4,15,,,,,,,,,,0.0,,,,,,,,,,,,,,,,0.0,,,,,,,,,,-99.0,,,,,,,-99.0,-99.0,,,,
2010,4,16,,,,,,,,,,,,,,,,,,,,,,,,,,,,,,,,99.0,,,,99.0,99.0,99.0,,,,99.0,99.0,99.0,,,,
2010,4,17,,,78.0,10179.0,10169.0,117.0,39.0,2312.0,2302.0,0.0,,59.0,50.0,70.0,,,,64.04,57.92,,,160.0,160.0,,,0.0,,76.0,103.0,,,-9999.0,,,,-9999.0,-9999.0,-9999.0,,,,-9999.0,-9999.0,-9999.0,,,,
2010,4,18,,,,,,,,,,0.0,,,,,,,,32.0,32.0,,,,,,,0.0,,,,,,,,,,,-9.0,-9.0,,,,,-9.0,,,,,
2010,4,19,,,89.0,156.0,146.0,117.0,48.0,329.0,328.0,173.0,,66.0,54.0,93.0,,,,62.959999999999994,53.96,,,160.0,150.0,,,0.0,,112.0,139.0,,,1.0,,,,1.0,999.0,999.0,,,,1.0,999.0,1.0,,,,
2010,4,20,,,,,,,,,,0.0,,,,,,,,,,,,,,,,0.0,,,,,,,,,,,-999.0,-999.0,,,,,-999.0,,,,,
2010,4,22,,,89.0,166.0,152.0,117.0,22.0,1505.0,1504.0,0.0,,68.0,54.0,78.0,,,,69.08,53.06,,,290.0,290.0,,,0.0,,67.0,80.0,,,9999.0,,,,9999.0,9999.0,9999.0,,,,9999.0,9999.0,9999.0,,,,
2010,4,23,,,,,,,,,,0.0,,,,,,,,,,,,,,,,0.0,,,,,,-99.0,,,,-99.0,-99.0,-99.0,,,,-99.0,-99.0,-99.0,,,,
2010,4,24,,,,,,,,,,,,,,,,,,,,,,,,,,,,,,,,99.0,,,,99.0,99.0,99.0,,,,99.0,99.0,99.0,,,,
2010,4,25,,,106.0,10173.0,10163.0,133.0,32.0,1242.0,1221.0,0.0,,70.0,63.0,78.0,,,,66.02,57.92,,,290.0,300.0,,,0.0,,76.0,98.0,,,-9999.0,,,,-9999.0,-9999.0,-9999.0,,,,-9999.0,-9999.0,-9999.0,,,,
2010,4,26,,,,,,,,,,0.0,,,,,,,,32.0,32.0,,,,,,,0.0,,,,,,-9.0,,,,-9.0,-9.0,-9.0,,,,-9.0,-9.0,-9.0,,,,
2010,4,27,,,111.0,142.0,129.0,133.0,14.0,318.0,224.0,0.0,,73.0,59.0,87.0,,,,68.0,53.96,,,300.0,280.0,,,0.0,,58.0,72.0,,,999.0,,,,999.0,999.0,999.0,,,,999.0,999.0,999.0,,,,
2010,4,28,,,,,,,,,,0.0,,,,,,,,,,,,,,,,0.0,,,,,,,,,,-999.0,,,,,,,-999.0,,,,,
2010,4,30,,,122.0,146.0,135.0,144.0,29.0,1414.0,1732.0,0.0,,72.0,53.0,84.0,,,,69.98,59.0,,,290.0,310.0,,,0.0,,72.0,89.0,,,9999.0,,,,9999.0,9999.0,1.0,,,,9999.0,9999.0,9999.0,,,,
2010,4,31,,,,,,,,,,0.0,,,,,,,,,,,,,,,,0.0,,,,,,,,,,-99.0,-99.0,,,,,-99.0,-99.0,,,,,
2010,5,1,,,100.0,10139.0,10129.0,128.0,35.0,2125.0,2109.0,0.0,,71.0,62.0,81.0,,,,64.04,53.96,,,170.0,190.0,,,0.0,,63.0,80.0,,,-9999.0,,,,,-9999.0,1.0,,,,-9999.0,-9999.0,-9999.0,,,,
2010,5,2,,,,,,,,,,0.0,,,,,,,,32.0,32.0,,,,,,,0.0,,,,,,-9.0,,,,,-9.0,,,,,-9.0,-9.0,-9.0,,,,
2010,5,3,,,94.0,159.0,146.0,128.0,32.0,711.0,745.0,0.0,,65.0,56.0,75.0,,,,64.94,57.92,,,160.0,170.0,,,0.0,,63.0,76.0,,,999.0,,,,,999.0,999.0,,,,999.0,999.0,999.0,,,,
2010,5,4,,,,,,,,,,0.0,,,,,,,,,,,,,,,,0.0,,,,,,-999.0,,,,,-999.0,-999.0,,,,-999.0,-999.0,-999.0,,,,
2010,5,5,,,,,,,,,,,,,,,,,,,,,,,,,,,,,,,,9.0,,,,,9.0,9.0,,,,9.0,,,,,,
2010,5,6,,,128.0,169.0,156.0,144.0,20.0,1358.0,1358.0,0.0,,75.0,59.0,90.0,,,,69.08,57.92,,,320.0,310.0,,,0.0,,58.0,72.0,,,1.0,,,,,1.0,1.0,,,,1.0,9999.0,9999.0,,,,
2010,5,7,,,,,,,,,,0.0,,,,,,,,,,,,,,,,0.0,,,,,,,,,,,,,,,,,-99.0,-99.0,,,,
2010,5,8,,,,,,,,,,,,,,,,,,,,,,,,,,,,,,,,99.0,,,,,99.0,,,,,99.0,99.0,99.0,,,,
2010,5,9,,,111.0,10146.0,10135.0,139.0,26.0,1420.0,1445.0,0.0,,69.0,59.0,75.0,,,,66.92,59.0,,,200.0,210.0,,,0.0,,54.0,67.0,,,-9999.0,,,,,-9999.0,1.0,,,,-9999.0,-9999.0,-9999.0,,,,
2010,5,10,,,,,,,,,,0.0,,,,,,,,32.0,32.0,,,,,,,0.0,,,,,,-9.0,,,,,,,,,,-9.0,-9.0,-9.0,,,,
2010,5,11,,,128.0,146.0,132.0,150.0,21.0,507.0,148.0,0.0,,72.0,59.0,84.0,,,,69.98,57.92,,,220.0,210.0,,,0.0,,58.0,72.0,,,999.0,,,,,1.0,1.0,,,,999.0,999.0,999.0,,,,
2010,5,12,,,,,,,,,,0.0,,,,,,,,,,,,,,,,0.0,,,,,,-999.0,,,,,0.0,,,,,-999.0,-999.0,-999.0,,,,
2010,5,14,,,94.0,176.0,169.0,128.0,38.0,1743.0,1742.0,0.0,,67.0,58.0,75.0,,,,64.04,57.92,,,270.0,270.0,,,0.0,,72.0,103.0,,,9999.0,,,,,9999.0,9999.0,,,,9999.0,9999.0,9999.0,,,,
2010,5,15,,,,,,,,,,0.0,,,,,,,,,,,,,,,,0.0,,,,,,-99.0,,,,,-99.0,-99.0,,,,-99.0,-99.0,-99.0,,,,
2010,5,16,,,,,,,,,,,,,,,,,,,,,,,,,,,,,,,,99.0,,,,,99.0,99.0,,,,99.0,99.0,99.0,,,,
2010,5,17,,,72.0,10176.0,10163.0,111.0,35.0,1006.0,1237.0,0.0,,60.0,50.0,70.0,,,,64.04,55.94,,,260.0,250.0,,,0.0,,67.0,98.0,,,-9999.0,,,,,-9999.0,-9999.0,,,,-9999.0,-9999.0,-9999.0,,,,
2010,5,18,,,,,,,,,,0.0,,,,,,,,32.0,32.0,,,,,,,0.0,,,,,,-9.0,,,,,-9.0,-9.0,,,,-9.0,-9.0,-9.0,,,,
2010,5,19,,,83.0,156.0,146.0,117.0,21.0,257.0,443.0,0.0,,60.0,42.0,72.0,,,,69.08,51.98,,,290.0,270.0,,,0.0,,63.0,80.0,,,999.0,,,,,999.0,999.0,,,,999.0,999.0,999.0,,,,
2010,5,20,,,,,,,,,,0.0,,,,,,,,,,,,,,,,0.0,,,,,,-999.0,,,,,-999.0,-999.0,,,,-999.0,-999.0,-999.0,,,,
2010,5,22,,,100.0,156.0,146.0,128.0,22.0,1450.0,1441.0,0.0,,69.0,60.0,78.0,,,,64.94,57.92,,,240.0,230.0,,,0.0,,58.0,76.0,,,9999.0,,,,,9999.0,9999.0,,,,9999.0,9999.0,9999.0,,,,
2010,5,23,,,,,,,,,,0.0,,,,,,,,,,,,,,,,0.0,,,,,,-99.0,,,,,-99.0,-99.0,,,,-99.0,-99.0,-99.0,,,,
2010,5,24,,,,,,,,,,,,,,,,,,,,,,,,,,,,,,,,99.0,,,,,99.0,99.0,,,,99.0,99.0,99.0,,,,
2010,5,25,,,117.0,10146.0,10135.0,133.0,24.0,2007.0,2105.0,0.0,,78.0,75.0,84.0,,,,62.059999999999995,57.92,,,230.0,200.0,,,0.0,,45.0,63.0,,,1.0,,,,,1.0,1.0,,,,-9999.0,-9999.0,-9999.0,,,,
2010,5,26,,,,,,,,,,0.0,,,,,,,,32.0,32.0,,,,,,,0.0,,,,,,,,,,,,,,,,-9.0,-9.0,-9.0,,,,
2010,5,27,,,100.0,166.0,156.0,128.0,27.0,421.0,450.0,0.0,,69.0,62.0,75.0,,,,64.04,57.02,,,280.0,260.0,,,0.0,,58.0,72.0,,,999.0,,,,,999.0,999.0,,,,999.0,999.0,999.0,,,,
2010,5,28,,,,,,,,,,0.0,,,,,,,,,,,,,,,,0.0,,,,,,-999.0,,,,,-999.0,-999.0,,,,-999.0,-999.0,,,,,
2010,5,29,,,,,,,,,,,,,,,,,,,,,,,,,,,,,,,,9.0,,,,,,9.0,,,,9.0,9.0,,,,,
2010,5,30,,,128.0,166.0,152.0,144.0,30.0,1328.0,1008.0,,,77.0,63.0,90.0,,,,66.92,59.0,,,270.0,300.0,,,0.0,,63.0,80.0,,,1.0,,,,,9999.0,1.0,,,,1.0,1.0,9999.0,,,,
2010,5,31,,,,,,,,,,0.0,,,,,,,,,,,,,,,,0.0,,,,,,,,,,,,,,,,,,-99.0,,,,
2010,6,1,,,111.0,10163.0,10152.0,139.0,27.0,1632.0,2001.0,0.0,,70.0,61.0,78.0,,,,64.94,60.980000000000004,,,220.0,240.0,,,0.0,,54.0,80.0,,,-9999.0,,,,-9999.0,-9999.0,-9999.0,,,,-9999.0,-9999.0,-9999.0,,,,
2010,6,2,,,,,,,,,,0.0,,,,,,,,32.0,32.0,,,,,,,0.0,,,,,,-9.0,,,,-9.0,-9.0,-9.0,,,,-9.0,-9.0,-9.0,,,,
2010,6,3,,,117.0,149.0,135.0,144.0,26.0,536.0,146.0,0.0,,69.0,63.0,78.0,,,,69.08,60.08,,,220.0,260.0,,,0.0,,54.0,80.0,,,999.0,,,,999.0,999.0,999.0,,,,999.0,999.0,999.0,,,,
2010,6,4,,,,,,,,,,0.0,,,,,,,,,,,,,,,,0.0,,,,,,-999.0,,,,-999.0,-999.0,-999.0,,,,-999.0,-999.0,-999.0,,,,
2010,6,5,,,,,,,,,,,,,,,,,,,,,,,,,,,,,,,,,,,,,9.0,9.0,,,,,,,,,,
2010,6,6,,,133.0,132.0,122.0,150.0,26.0,1648.0,1647.0,0.0,,78.0,71.0,87.0,,,,68.0,60.980000000000004,,,250.0,230.0,,,0.0,,58.0,94.0,,,9999.0,,,,9999.0,1.0,1.0,,,,9999.0,9999.0,9999.0,,,,
2010,6,7,,,,,,,,,,0.0,,,,,,,,,,,,,,,,0.0,,,,,,,,,,-99.0,0.0,,,,,,-99.0,-99.0,,,,
2010,6,8,,,,,,,,,,,,,,,,,,,,,,,,,,,,,,,,,,,,99.0,,,,,,,99.0,99.0,,,,
2010,6,9,,,144.0,10152.0,10142.0,161.0,21.0,1335.0,922.0,0.0,,80.0,68.0,87.0,,,,69.98,62.059999999999995,,,210.0,310.0,,,0.0,,54.0,80.0,,,-9999.0,,,,-9999.0,1.0,1.0,,,,-9999.0,-9999.0,-9999.0,,,,
2010,6,10,,,,,,,,,,0.0,,,,,,,,32.0,32.0,,,,,,,0.0,,,,,,-9.0,,,,-9.0,0.0,,,,,-9.0,-9.0,-9.0,,,,
2010,6,11,,,144.0,149.0,139.0,161.0,21.0,440.0,430.0,0.0,,79.0,73.0,86.0,,,,69.08,62.059999999999995,,,220.0,230.0,,,0.0,,45.0,67.0,,,999.0,,,,999.0,1.0,1.0,,,,999.0,999.0,999.0,,,,
2010,6,12,,,,,,,,,,0.0,,,,,,,,,,,,,,,,0.0,,,,,,-999.0,,,,-999.0,0.0,,,,,-999.0,-999.0,-999.0,,,,
2010,6,13,,,,,,,,,,,,,,,,,,,,,,,,,,,,,,,,9.0,,,,,,,,,,,,,,,,
2010,6,14,,,128.0,159.0,146.0,144.0,27.0,1352.0,1351.0,0.0,,79.0,68.0,87.0,,,,66.02,59.0,,,220.0,230.0,,,0.0,,54.0,67.0,,,1.0,,,,9999.0,9999.0,9999.0,,,,9999.0,9999.0,9999.0,,,,
2010,6,15,,,,,,,,,,0.0,,,,,,,,,,,,,,,,0.0,,,,,,,,,,,-99.0,,,,,,,,,,,
2010,6,16,,,,,,,,,,,,,,,,,,,,,,,,,,,,,,,,,,,,,99.0,,,,,,,,,,,
2010,6,17,,,111.0,10125.0,10115.0,133.0,45.0,132.0,1332.0,0.0,,71.0,63.0,78.0,,,,64.94,59.0,,,180.0,210.0,,,0.0,,76.0,94.0,,,-9999.0,,,,-9999.0,1.0,1.0,,,,-9999.0,-9999.0,-9999.0,,,,
2010,6,18,,,,,,,,,,0.0,,,,,,,,32.0,32.0,,,,,,,0.0,,,,,,-9.0,,,,-9.0,,,,,,-9.0,-9.0,-9.0,,,,
2010,6,19,,,117.0,152.0,142.0,139.0,34.0,335.0,350.0,0.0,,72.0,65.0,78.0,,,,64.94,60.08,,,210.0,210.0,,,0.0,,67.0,89.0,,,999.0,,,,999.0,999.0,999.0,,,,999.0,999.0,999.0,,,,
2010,6,20,,,,,,,,,,0.0,,,,,,,,,,,,,,,,0.0,,,,,,-999.0,,,,-999.0,,,,,,-999.0,-999.0,-999.0,,,,
2010,6,22,,,144.0,142.0,132.0,161.0,31.0,1447.0,1446.0,0.0,,78.0,68.0,86.0,,,,69.98,62.059999999999995,,,290.0,290.0,,,0.0,,72.0,89.0,,,9999.0,,,,9999.0,1.0,1.0,,,,9999.0,9999.0,9999.0,,,,
2010,6,23,,,,,,,,,,0.0,,,,,,,,,,,,,,,,0.0,,,,,,,,,,-99.0,0.0,,,,,,-99.0,-99.0,,,,
2010,6,24,,,,,,,,,,,,,,,,,,,,,,,,,,,,,,,,,,,,99.0,,,,,,,99.0,99.0,,,,
2010,6,25,,,106.0,10139.0,10129.0,133.0,24.0,1424.0,1318.0,0.0,,71.0,63.0,78.0,,,,64.94,57.92,,,250.0,200.0,,,0.0,,54.0,72.0,,,-9999.0,,,,-9999.0,-9999.0,-9999.0,,,,-9999.0,-9999.0,-9999.0,,,,
2010,6,26,,,,,,,,,,0.0,,,,,,,,32.0,32.0,,,,,,,0.0,,,,,,-9.0,,,,-9.0,-9.0,,,,,-9.0,-9.0,-9.0,,,,
2010,6,27,,,117.0,139.0,125.0,139.0,23.0,237.0,353.0,0.0,,72.0,63.0,81.0,,,,66.92,59.0,,,220.0,250.0,,,0.0,,54.0,67.0,,,999.0,,,,999.0,999.0,1.0,,,,999.0,999.0,999.0,,,,
2010,6,28,,,,,,,,,,0.0,,,,,,,,,,,,,,,,0.0,,,,,,-999.0,,,,-999.0,-999.0,,,,,-999.0,-999.0,-999.0,,,,
2010,6,30,,,122.0,169.0,159.0,144.0,23.0,1629.0,1514.0,0.0,,71.0,61.0,76.0,,,,68.0,60.980000000000004,,,270.0,300.0,,,0.0,,58.0,72.0,,,9999.0,,,,9999.0,9999.0,9999.0,,,,9999.0,9999.0,9999.0,,,,
2010,6,31,,,,,,,,,,0.0,,,,,,,,,,,,,,,,0.0,,,,,,-99.0,,,,-99.0,-99.0,-99.0,,,,-99.0,-99.0,-99.0,,,,
2010,7,1,,,144.0,10108.0,10098.0,161.0,27.0,1340.0,1321.0,0.0,,81.0,68.0,90.0,,,,69.08,60.980000000000004,,,280.0,300.0,,,0.0,,67.0,98.0,,,1.0,,,,-9999.0,-9999.0,1.0,,,,1.0,,-9999.0,,,,
2010,7,2,,,,,,,,,,0.0,,,,,,,,32.0,32.0,,,,,,,0.0,,,,,,,,,,-9.0,-9.0,,,,,,,-9.0,,,,
2010,7,3,,,128.0,95.0,81.0,150.0,25.0,359.0,354.0,0.0,,76.0,53.0,87.0,,,,66.92,60.08,,,160.0,220.0,,,0.0,,45.0,72.0,,,1.0,,,,999.0,999.0,1.0,,,,1.0,,999.0,,,,
2010,7,4,,,,,,,,,,0.0,,,,,,,,,,,,,,,,0.0,,,,,,,,,,-999.0,-999.0,,,,,,,-999.0,,,,
2010,7,5,,,,,,,,,,,,,,,,,,,,,,,,,,,,,,,,,,,,,9.0,9.0,,,,,,,,,,
2010,7,6,,,122.0,149.0,135.0,144.0,29.0,1344.0,1343.0,0.0,,76.0,72.0,78.0,,,,66.02,60.08,,,240.0,240.0,,,0.0,,58.0,72.0,,,9999.0,,,,9999.0,1.0,1.0,,,,9999.0,,9999.0,,,,
2010,7,7,,,,,,,,,,0.0,,,,,,,,,,,,,,,,0.0,,,,,,-99.0,,,,-99.0,,,,,,-99.0,,-99.0,,,,
2010,7,8,,,,,,,,,,,,,,,,,,,,,,,,,,,,,,,,99.0,,,,99.0,99.0,99.0,,,,99.0,,99.0,,,,
2010,7,9,,,128.0,10132.0,10122.0,144.0,26.0,1420.0,1550.0,0.0,,76.0,68.0,84.0,,,,64.94,60.980000000000004,,,310.0,290.0,,,0.0,,58.0,89.0,,,-9999.0,,,,-9999.0,-9999.0,-9999.0,,,,-9999.0,,-9999.0,,,,
2010,7,10,,,,,,,,,,0.0,,,,,,,,32.0,32.0,,,,,,,0.0,,,,,,,,,,-9.0,-9.0,,,,,,,-9.0,,,,
2010,7,11,,,128.0,129.0,119.0,144.0,27.0,534.0,317.0,0.0,,78.0,70.0,86.0,,,,66.02,59.0,,,290.0,300.0,,,0.0,,58.0,80.0,,,1.0,,,,999.0,999.0,1.0,,,,1.0,,999.0,,,,
2010,7,12,,,,,,,,,,0.0,,,,,,,,,,,,,,,,0.0,,,,,,,,,,-999.0,,,,,,,,,,,,
2010,7,14,,,139.0,135.0,125.0,150.0,26.0,1216.0,1349.0,0.0,,81.0,76.0,86.0,,,,64.94,60.980000000000004,,,290.0,290.0,,,0.0,,54.0,67.0,,,1.0,,,,9999.0,1.0,1.0,,,,1.0,,9999.0,,,,
2010,7,15,,,,,,,,,,0.0,,,,,,,,,,,,,,,,0.0,,,,,,,,,,-99.0,,,,,,,,-99.0,,,,
2010,7,16,,,,,,,,,,,,,,,,,,,,,,,,,,,,,,,,,,,,99.0,99.0,99.0,,,,,,99.0,,,,
2010,7,17,,,139.0,10142.0,10129.0,156.0,23.0,1518.0,1241.0,0.0,,77.0,68.0,84.0,,,,69.08,62.059999999999995,,,280.0,290.0,,,0.0,,45.0,67.0,,,-9999.0,,,,-9999.0,-9999.0,-9999.0,,,,-9999.0,,-9999.0,,,,
2010,7,18,,,,,,,,,,0.0,,,,,,,,32.0,32.0,,,,,,,0.0,,,,,,-9.0,,,,-9.0,-9.0,-9.0,,,,-9.0,,-9.0,,,,
2010,7,19,,,144.0,142.0,129.0,161.0,42.0,203.0,400.0,0.0,,76.0,68.0,84.0,,,,71.06,62.959999999999994,,,290.0,290.0,,,0.0,,89.0,103.0,,,999.0,,,,999.0,999.0,999.0,,,,999.0,,999.0,,,,
2010,7,20,,,,,,,,,,0.0,,,,,,,,,,,,,,,,0.0,,,,,,,,,,-999.0,-999.0,,,,,,,-999.0,,,,
2010,7,22,,,156.0,119.0,108.0,178.0,22.0,1255.0,1319.0,0.0,,70.0,50.0,87.0,,,,78.08,64.04,,,290.0,290.0,,,0.0,,58.0,76.0,,,9999.0,,,,9999.0,9999.0,9999.0,,,,9999.0,,9999.0,,,,
2010,7,23,,,,,,,,,,0.0,,,,,,,,,,,,,,,,0.0,,,,,,-99.0,,,,,-99.0,-99.0,,,,-99.0,,,,,,
2010,7,24,,,,,,,,,,,,,,,,,,,,,,,,,,,,,,,,99.0,,,,,99.0,99.0,,,,99.0,,,,,,
2010,7,25,,,167.0,10132.0,10119.0,189.0,26.0,1714.0,1713.0,0.0,,70.0,55.0,87.0,,,,80.96,66.92,,,310.0,300.0,,,0.0,,58.0,72.0,,,1.0,,,,-9999.0,-9999.0,1.0,,,,-9999.0,,-9999.0,,,,
2010,7,26,,,,,,,,,,0.0,,,,,,,,32.0,32.0,,,,,,,0.0,,,,,,,,,,-9.0,,,,,,,,-9.0,,,,
2010,7,27,,,161.0,139.0,129.0,183.0,26.0,356.0,233.0,0.0,,75.0,62.0,87.0,,,,75.92,64.94,,,320.0,300.0,,,0.0,,58.0,76.0,,,1.0,,,,999.0,1.0,1.0,,,,1.0,,999.0,,,,
2010,7,28,,,,,,,,,,0.0,,,,,,,,,,,,,,,,0.0,,,,,,,,,,-999.0,0.0,,,,,,,-999.0,,,,
2010,7,30,,,156.0,132.0,122.0,167.0,28.0,1358.0,1404.0,0.0,,82.0,73.0,87.0,,,,69.08,64.04,,,210.0,200.0,,,0.0,,58.0,72.0,,,1.0,,,,9999.0,1.0,1.0,,,,9999.0,,9999.0,,,,
2010,7,31,,,,,,,,,,0.0,,,,,,,,,,,,,,,,0.0,,,,,,,,,,-99.0,,,,,,-99.0,,-99.0,,,,
2010,8,1,,,139.0,10142.0,10129.0,161.0,18.0,1304.0,1303.0,0.0,,76.0,64.0,84.0,,,,71.06,60.980000000000004,,,280.0,280.0,,,0.0,,54.0,76.0,,,-9999.0,,,,,-9999.0,-9999.0,,,,-9999.0,,,,,,
2010,8,2,,,,,,,,,,0.0,,,,,,,,32.0,32.0,,,,,,,0.0,,,,,,-9.0,,,,,,,,,,-9.0,,,,,,
2010,8,3,,,150.0,142.0,132.0,167.0,31.0,425.0,132.0,0.0,,77.0,66.0,87.0,,,,71.06,62.959999999999994,,,290.0,300.0,,,0.0,,63.0,94.0,,,999.0,,,,,1.0,1.0,,,,999.0,,,,,,
2010,8,4,,,,,,,,,,0.0,,,,,,,,,,,,,,,,0.0,,,,,,,,,,,0.0,,,,,,,,,,,
2010,8,6,,,144.0,142.0,129.0,161.0,22.0,1156.0,1627.0,0.0,,76.0,66.0,84.0,,,,69.98,62.959999999999994,,,260.0,280.0,,,0.0,,54.0,67.0,,,9999.0,,,,,9999.0,9999.0,,,,9999.0,,,,,,
2010,8,7,,,,,,,,,,0.0,,,,,,,,,,,,,,,,0.0,,,,,,-99.0,,,,,,,,,,-99.0,,,,,,
2010,8,8,,,,,,,,,,,,,,,,,,,,,,,,,,,,,,,,99.0,,,,,,,,,,99.0,,,,,,
2010,8,9,,,139.0,10119.0,10108.0,156.0,21.0,1325.0,1442.0,0.0,,75.0,63.0,84.0,,,,69.98,62.059999999999995,,,270.0,270.0,,,0.0,,58.0,76.0,,,-9999.0,,,,,-9999.0,-9999.0,,,,-9999.0,,,,,,
2010,8,10,,,,,,,,,,0.0,,,,,,,,32.0,32.0,,,,,,,0.0,,,,,,-9.0,,,,,-9.0,-9.0,,,,-9.0,,,,,,
2010,8,11,,,128.0,125.0,112.0,150.0,25.0,322.0,447.0,0.0,,73.0,61.0,80.0,,,,69.08,62.059999999999995,,,250.0,270.0,,,0.0,,58.0,72.0,,,999.0,,,,,999.0,999.0,,,,999.0,,,,,,
2010,8,12,,,,,,,,,,0.0,,,,,,,,,,,,,,,,0.0,,,,,,-999.0,,,,,-999.0,-999.0,,,,-999.0,,,,,,
2010,8,14,,,133.0,129.0,119.0,156.0,23.0,1647.0,1518.0,0.0,,72.0,61.0,81.0,,,,71.96,60.08,,,280.0,290.0,,,0.0,,58.0,72.0,,,9999.0,,,,,9999.0,9999.0,,,,9999.0,,,,,,
2010,8,15,,,,,,,,,,0.0,,,,,,,,,,,,,,,,0.0,,,,,,-99.0,,,,,-99.0,-99.0,,,,-99.0,,,,,,
2010,8,16,,,,,,,,,,,,,,,,,,,,,,,,,,,,,,,,99.0,,,,,99.0,99.0,,,,99.0,,,,,,
2010,8,17,,,133.0,10142.0,10129.0,156.0,32.0,1314.0,1442.0,0.0,,70.0,59.0,78.0,,,,71.06,62.959999999999994,,,280.0,290.0,,,0.0,,76.0,94.0,,,-9999.0,,,,,-9999.0,1.0,,,,-9999.0,,,,,,
2010,8,18,,,,,,,,,,0.0,,,,,,,,32.0,32.0,,,,,,,0.0,,,,,,-9.0,,,,,-9.0,,,,,-9.0,,,,,,
2010,8,19,,,139.0,122.0,108.0,156.0,31.0,517.0,201.0,0.0,,73.0,61.0,81.0,,,,71.06,60.980000000000004,,,290.0,290.0,,,0.0,,67.0,98.0,,,999.0,,,,,999.0,1.0,,,,999.0,,,,,,
2010,8,20,,,,,,,,,,0.0,,,,,,,,,,,,,,,,0.0,,,,,,-999.0,,,,,-999.0,,,,,-999.0,,,,,,
2010,8,21,,,,,,,,,,,,,,,,,,,,,,,,,,,,,,,,9.0,,,,,9.0,9.0,,,,9.0,,,,,,
2010,8,22,,,144.0,119.0,108.0,156.0,38.0,1455.0,1151.0,0.0,,81.0,70.0,90.0,,,,69.08,60.980000000000004,,,280.0,300.0,,,0.0,,72.0,98.0,,,1.0,,,,,1.0,1.0,,,,1.0,,,,,,
2010,8,23,,,,,,,,,,0.0,,,,,,,,,,,,,,,,0.0,,,,,,,,,,,,,,,,,,,,,,
2010,8,24,,,,,,,,,,,,,,,,,,,,,,,,,,,,,,,,,,,,,99.0,,,,,,,,,,,
2010,8,25,,,150.0,10119.0,10108.0,167.0,22.0,1320.0,1224.0,0.0,,79.0,68.0,90.0,,,,71.06,60.980000000000004,,,220.0,240.0,,,0.0,,45.0,67.0,,,1.0,,,,,-9999.0,1.0,,,,-9999.0,,,,,,
2010,8,26,,,,,,,,,,0.0,,,,,,,,32.0,32.0,,,,,,,0.0,,,,,,,,,,,-9.0,,,,,-9.0,,,,,,
2010,8,27,,,167.0,125.0,115.0,183.0,18.0,258.0,258.0,0.0,,73.0,58.0,84.0,,,,78.08,64.94,,,330.0,330.0,,,0.0,,54.0,63.0,,,999.0,,,,,999.0,999.0,,,,999.0,,,,,,
2010,8,28,,,,,,,,,,0.0,,,,,,,,,,,,,,,,0.0,,,,,,-999.0,,,,,-999.0,-999.0,,,,-999.0,,,,,,
2010,8,30,,,167.0,105.0,95.0,189.0,31.0,1507.0,1506.0,0.0,,70.0,50.0,87.0,,,,78.98,66.92,,,300.0,290.0,,,0.0,,80.0,103.0,,,9999.0,,,,,9999.0,9999.0,,,,9999.0,,,,,,
2010,8,31,,,,,,,,,,0.0,,,,,,,,,,,,,,,,0.0,,,,,,-99.0,,,,,-99.0,-99.0,,,,-99.0,,,,,,
2010,9,1,,,150.0,10119.0,10108.0,167.0,26.0,1504.0,1500.0,0.0,,78.0,66.0,90.0,,,,71.96,62.059999999999995,,,290.0,290.0,,,0.0,,67.0,80.0,,,1.0,,-9999.0,,-9999.0,-9999.0,1.0,,,,1.0,,-9999.0,,,,
2010,9,2,,,,,,,,,,0.0,,,,,,,,32.0,32.0,,,,,,,0.0,,,,,,,,-9.0,,-9.0,,,,,,,,-9.0,,,,
2010,9,3,,,156.0,119.0,108.0,167.0,31.0,335.0,234.0,0.0,,81.0,71.0,90.0,,,,71.06,60.980000000000004,,,280.0,300.0,,,0.0,,72.0,98.0,,,1.0,,999.0,,999.0,1.0,1.0,,,,1.0,,999.0,,,,
2010,9,4,,,,,,,,,,0.0,,,,,,,,,,,,,,,,0.0,,,,,,,,-999.0,,-999.0,0.0,,,,,,,-999.0,,,,
2010,9,6,,,161.0,108.0,98.0,178.0,26.0,1304.0,1302.0,0.0,,81.0,68.0,93.0,,,,73.94,62.059999999999995,,,290.0,290.0,,,0.0,,72.0,89.0,,,1.0,,9999.0,,9999.0,9999.0,1.0,,,,1.0,,9999.0,,,,
2010,9,7,,,,,,,,,,0.0,,,,,,,,,,,,,,,,0.0,,,,,,,,-99.0,,-99.0,-99.0,,,,,,,-99.0,,,,
2010,9,8,,,,,,,,,,,,,,,,,,,,,,,,,,,,,,,,,,99.0,,99.0,99.0,,,,,,,99.0,,,,
2010,9,9,,,133.0,10098.0,10088.0,150.0,40.0,1145.0,1025.0,0.0,,78.0,70.0,86.0,,,,66.02,60.08,,,190.0,190.0,,,0.0,,63.0,80.0,,,-9999.0,,-9999.0,,-9999.0,-9999.0,-9999.0,,,,-9999.0,,-9999.0,,,,
2010,9,10,,,,,,,,,,0.0,,,,,,,,32.0,32.0,,,,,,,0.0,,,,,,-9.0,,-9.0,,-9.0,-9.0,-9.0,,,,-9.0,,-9.0,,,,
2010,9,11,,,128.0,119.0,108.0,150.0,30.0,527.0,136.0,0.0,,71.0,61.0,80.0,,,,69.08,62.059999999999995,,,230.0,230.0,,,0.0,,54.0,72.0,,,999.0,,999.0,,999.0,999.0,999.0,,,,999.0,,999.0,,,,
2010,9,12,,,,,,,,,,0.0,,,,,,,,,,,,,,,,0.0,,,,,,-999.0,,-999.0,,-999.0,-999.0,-999.0,,,,-999.0,,-999.0,,,,
2010,9,13,,,,,,,,,,,,,,,,,,,,,,,,,,,,,,,,,,,,,,,,,,,,9.0,,,,
2010,9,14,,,128.0,139.0,129.0,150.0,25.0,1316.0,1228.0,,,69.0,59.0,78.0,,,,69.98,62.059999999999995,,,280.0,290.0,,,0.0,,63.0,94.0,,,9999.0,,9999.0,,9999.0,9999.0,9999.0,,,,9999.0,,1.0,,,,
2010,9,15,,,,,,,,,,0.0,,,,,,,,,,,,,,,,0.0,,,,,,-99.0,,-99.0,,-99.0,-99.0,-99.0,,,,-99.0,,,,,,
2010,9,16,,,,,,,,,,,,,,,,,,,,,,,,,,,,,,,,99.0,,99.0,,99.0,99.0,99.0,,,,99.0,,99.0,,,,
2010,9,17,,,144.0,10152.0,10142.0,161.0,28.0,1347.0,1626.0,0.0,,78.0,66.0,87.0,,,,71.06,60.980000000000004,,,290.0,290.0,,,0.0,,72.0,89.0,,,1.0,,-9999.0,,-9999.0,1.0,1.0,,,,1.0,,-9999.0,,,,
2010,9,18,,,,,,,,,,0.0,,,,,,,,32.0,32.0,,,,,,,0.0,,,,,,,,-9.0,,-9.0,0.0,,,,,,,-9.0,,,,
2010,9,19,,,144.0,149.0,135.0,161.0,36.0,512.0,511.0,0.0,,79.0,68.0,94.0,,,,69.98,60.08,,,290.0,290.0,,,0.0,,72.0,89.0,,,1.0,,999.0,,999.0,1.0,1.0,,,,1.0,,999.0,,,,
2010,9,20,,,,,,,,,,0.0,,,,,,,,,,,,,,,,0.0,,,,,,,,-999.0,,-999.0,0.0,,,,,,,-999.0,,,,
2010,9,22,,,150.0,146.0,135.0,172.0,28.0,1358.0,1357.0,0.0,,72.0,59.0,81.0,,,,75.02,64.04,,,290.0,300.0,,,0.0,,67.0,80.0,,,9999.0,,9999.0,,9999.0,9999.0,9999.0,,,,9999.0,,9999.0,,,,
2010,9,23,,,,,,,,,,0.0,,,,,,,,,,,,,,,,0.0,,,,,,-99.0,,-99.0,,-99.0,,,,,,-99.0,,-99.0,,,,
2010,9,24,,,,,,,,,,,,,,,,,,,,,,,,,,,,,,,,99.0,,99.0,,99.0,,,,,,99.0,,99.0,,,,
2010,9,25,,,144.0,10132.0,10119.0,161.0,17.0,1457.0,1439.0,0.0,,77.0,66.0,84.0,,,,71.96,62.059999999999995,,,280.0,290.0,,,0.0,,54.0,67.0,,,1.0,,-9999.0,,-9999.0,1.0,1.0,,,,1.0,,-9999.0,,,,
2010,9,26,,,,,,,,,,0.0,,,,,,,,32.0,32.0,,,,,,,0.0,,,,,,,,-9.0,,-9.0,0.0,,,,,,,-9.0,,,,
2010,9,27,,,139.0,125.0,115.0,156.0,21.0,341.0,250.0,0.0,,74.0,61.0,87.0,,,,71.96,60.980000000000004,,,310.0,280.0,,,0.0,,54.0,72.0,,,1.0,,999.0,,999.0,1.0,1.0,,,,1.0,,999.0,,,,
2010,9,28,,,,,,,,,,0.0,,,,,,,,,,,,,,,,0.0,,,,,,,,-999.0,,-999.0,0.0,,,,,,,-999.0,,,,
2010,9,30,,,144.0,112.0,98.0,161.0,30.0,1334.0,1332.0,0.0,,74.0,63.0,84.0,,,,71.96,62.959999999999994,,,290.0,300.0,,,0.0,,72.0,89.0,,,9999.0,,9999.0,,9999.0,1.0,1.0,,,,9999.0,,9999.0,,,,
2010,9,31,,,,,,,,,,0.0,,,,,,,,,,,,,,,,0.0,,,,,,-99.0,,-99.0,,-99.0,,,,,,-99.0,,-99.0,,,,
2010,10,1,,,178.0,10139.0,10129.0,200.0,15.0,1254.0,1245.0,0.0,,75.0,60.0,84.0,,,,80.06,69.98,,,220.0,220.0,,,0.0,,45.0,58.0,,,1.0,-9999.0,,,-9999.0,1.0,1.0,-9999.0,,,1.0,-9999.0,-9999.0,,,,
2010,10,2,,,,,,,,,,0.0,,,,,,,,32.0,32.0,,,,,,,0.0,,,,,,,-9.0,,,-9.0,0.0,,-9.0,,,,-9.0,-9.0,,,,
2010,10,3,,,172.0,146.0,135.0,194.0,17.0,431.0,221.0,0.0,,72.0,60.0,79.0,,,,78.98,69.98,,,220.0,250.0,,,0.0,,45.0,67.0,,,999.0,999.0,,,999.0,1.0,1.0,999.0,,,999.0,999.0,999.0,,,,
2010,10,4,,,,,,,,,,0.0,,,,,,,,,,,,,,,,0.0,,,,,,-999.0,-999.0,,,-999.0,0.0,,-999.0,,,-999.0,-999.0,-999.0,,,,
2010,10,5,,,,,,,,,,,,,,,,,,,,,,,,,,,,,,,,9.0,,,,9.0,,,,,,,,9.0,,,,
2010,10,6,,,144.0,159.0,149.0,167.0,32.0,1001.0,1548.0,3.0,,72.0,61.0,84.0,,,,69.08,64.04,,,280.0,290.0,,,0.0,,63.0,76.0,,,1.0,9999.0,,,1.0,1.0,1.0,9999.0,,,9999.0,9999.0,1.0,,,,
2010,10,7,,,,,,,,,,0.0,,,,,,,,,,,,,,,,0.0,,,,,,,-99.0,,,0.0,,,-99.0,,,-99.0,-99.0,,,,,
2010,10,8,,,,,,,,,,,,,,,,,,,,,,,,,,,,,,,,99.0,99.0,,,,99.0,99.0,99.0,,,99.0,99.0,,,,,
2010,10,9,,,117.0,10186.0,10173.0,144.0,28.0,1229.0,1235.0,188.0,,67.0,53.0,84.0,,,,68.0,60.08,,,240.0,230.0,,,0.0,,80.0,94.0,,,1.0,-9999.0,,,1.0,-9999.0,-9999.0,-9999.0,,,-9999.0,-9999.0,1.0,,,,
2010,10,10,,,,,,,,,,0.0,,,,,,,,32.0,32.0,,,,,,,0.0,,,,,,,-9.0,,,,-9.0,-9.0,-9.0,,,-9.0,-9.0,,,,,
2010,10,11,,,111.0,200.0,190.0,150.0,20.0,532.0,709.0,0.0,,62.0,48.0,73.0,,,,73.04,62.059999999999995,,,290.0,50.0,,,0.0,,72.0,94.0,,,999.0,999.0,,,999.0,999.0,999.0,999.0,,,999.0,999.0,999.0,,,,
2010,10,12,,,,,,,,,,0.0,,,,,,,,,,,,,,,,0.0,,,,,,-999.0,-999.0,,,-999.0,-999.0,-999.0,-999.0,,,-999.0,-999.0,-999.0,,,,
2010,10,13,,,,,,,,,,,,,,,,,,,,,,,,,,,,,,,,,,,,,,9.0,,,,,,,,,,
2010,10,14,,,144.0,183.0,169.0,167.0,17.0,1200.0,1200.0,0.0,,69.0,52.0,84.0,,,,77.0,59.0,,,290.0,290.0,,,0.0,,67.0,80.0,,,9999.0,9999.0,,,9999.0,9999.0,1.0,9999.0,,,9999.0,9999.0,9999.0,,,,
2010,10,15,,,,,,,,,,0.0,,,,,,,,,,,,,,,,0.0,,,,,,,,,,-99.0,,,,,,,-99.0,-99.0,,,,
2010,10,16,,,,,,,,,,,,,,,,,,,,,,,,,,,,,,,,,,,,99.0,,,,,,,99.0,99.0,,,,
2010,10,17,,,156.0,10139.0,10129.0,172.0,26.0,1644.0,1033.0,0.0,,77.0,68.0,84.0,,,,71.96,62.959999999999994,,,190.0,210.0,,,0.0,,54.0,76.0,,,1.0,1.0,,,-9999.0,1.0,1.0,-9999.0,,,1.0,-9999.0,-9999.0,,,,
2010,10,18,,,,,,,,,,0.0,,,,,,,,32.0,32.0,,,,,,,0.0,,,,,,,,,,-9.0,0.0,,-9.0,,,,-9.0,-9.0,,,,
2010,10,19,,,150.0,163.0,152.0,172.0,20.0,532.0,151.0,0.0,,70.0,64.0,76.0,,,,73.04,66.92,,,220.0,290.0,,,0.0,,45.0,63.0,,,999.0,999.0,,,999.0,1.0,1.0,999.0,,,999.0,999.0,999.0,,,,
2010,10,20,,,,,,,,,,0.0,,,,,,,,,,,,,,,,0.0,,,,,,,-999.0,,,-999.0,0.0,,-999.0,,,,-999.0,-999.0,,,,
2010,10,21,,,,,,,,,,,,,,,,,,,,,,,,,,,,,,,,,,,,,,,,,,,,9.0,,,,
2010,10,22,,,150.0,183.0,173.0,172.0,16.0,1248.0,654.0,,,75.0,70.0,81.0,,,,69.98,66.02,,,210.0,50.0,,,0.0,,40.0,58.0,,,9999.0,9999.0,,,9999.0,1.0,1.0,9999.0,,,9999.0,9999.0,1.0,,,,
2010,10,23,,,,,,,,,,0.0,,,,,,,,,,,,,,,,0.0,,,,,,,-99.0,,,,,,-99.0,,,,-99.0,,,,,
2010,10,24,,,,,,,,,,,,,,,,,,,,,,,,,,,,,,,,,99.0,,,,99.0,,99.0,,,,99.0,,,,,
2010,10,25,,,144.0,10179.0,10169.0,167.0,17.0,1427.0,1426.0,0.0,,73.0,68.0,78.0,,,,69.08,66.02,,,260.0,260.0,,,0.0,,54.0,67.0,,,-9999.0,-9999.0,,,-9999.0,-9999.0,1.0,-9999.0,,,-9999.0,-9999.0,1.0,,,,
2010,10,26,,,,,,,,,,,,,,,,,,32.0,32.0,,,,,,,0.0,,,,,,-9.0,-9.0,,,-9.0,,,-9.0,,,-9.0,-9.0,,,,,
2010,10,27,,,144.0,179.0,166.0,161.0,16.0,124.0,52.0,0.0,,73.0,63.0,78.0,,,,69.08,64.94,,,230.0,210.0,,,0.0,,45.0,63.0,,,999.0,999.0,,,999.0,1.0,1.0,999.0,,,999.0,999.0,999.0,,,,
2010,10,28,,,,,,,,,,,,,,,,,,,,,,,,,,0.0,,,,,,,-999.0,,,-999.0,,,-999.0,,,,,,,,,
2010,10,29,,,,,,,,,,,,,,,,,,,,,,,,,,,,,,,,,,,,9.0,,,,,,,,,,,,
2010,10,30,,,139.0,129.0,119.0,161.0,19.0,1442.0,1442.0,231.0,,75.0,61.0,84.0,,,,69.08,62.059999999999995,,,320.0,320.0,,,0.0,,63.0,72.0,,,1.0,9999.0,,,1.0,9999.0,9999.0,9999.0,,,9999.0,9999.0,1.0,,,,
2010,10,31,,,,,,,,,,0.0,,,,,,,,,,,,,,,,0.0,,,,,,,-99.0,,,0.0,,,-99.0,,,-99.0,-99.0,,,,,
2010,11,1,,,122.0,10207.0,10196.0,150.0,15.0,1324.0,1323.0,0.0,,67.0,45.0,84.0,,,,75.02,57.02,,,290.0,290.0,,,0.0,,63.0,80.0,,,-9999.0,-9999.0,,,-9999.0,-9999.0,-9999.0,-9999.0,,,-9999.0,,-9999.0,,,,
2010,11,2,,,,,,,,,,0.0,,,,,,,,32.0,32.0,,,,,,,0.0,,,,,,-9.0,-9.0,,,-9.0,-9.0,-9.0,-9.0,,,-9.0,,-9.0,,,,
2010,11,3,,,72.0,186.0,173.0,144.0,12.0,506.0,522.0,0.0,,40.0,16.0,75.0,,,,87.98,60.08,,,310.0,320.0,,,0.0,,63.0,76.0,,,999.0,999.0,,,999.0,999.0,999.0,999.0,,,999.0,,999.0,,,,
2010,11,4,,,,,,,,,,0.0,,,,,,,,,,,,,,,,0.0,,,,,,-999.0,-999.0,,,-999.0,-999.0,-999.0,-999.0,,,-999.0,,-999.0,,,,
2010,11,6,,,78.0,146.0,135.0,161.0,13.0,1544.0,1241.0,0.0,,34.0,10.0,64.0,,,,100.03999999999999,66.92,,,120.0,140.0,,,0.0,,63.0,89.0,,,9999.0,9999.0,,,9999.0,9999.0,9999.0,9999.0,,,9999.0,,9999.0,,,,
2010,11,7,,,,,,,,,,0.0,,,,,,,,,,,,,,,,0.0,,,,,,-99.0,-99.0,,,-99.0,-99.0,-99.0,-99.0,,,-99.0,,-99.0,,,,
2010,11,8,,,,,,,,,,,,,,,,,,,,,,,,,,,,,,,,99.0,99.0,,,99.0,99.0,99.0,99.0,,,99.0,,99.0,,,,
2010,11,9,,,117.0,10179.0,10169.0,150.0,22.0,1353.0,1352.0,0.0,,63.0,36.0,78.0,,,,69.98,62.959999999999994,,,250.0,260.0,,,0.0,,63.0,76.0,,,-9999.0,-9999.0,,,-9999.0,-9999.0,-9999.0,-9999.0,,,-9999.0,,-9999.0,,,,
2010,11,10,,,,,,,,,,0.0,,,,,,,,32.0,32.0,,,,,,,0.0,,,,,,-9.0,-9.0,,,-9.0,-9.0,-9.0,-9.0,,,-9.0,,-9.0,,,,
2010,11,11,,,122.0,200.0,190.0,144.0,25.0,548.0,551.0,0.0,,70.0,55.0,81.0,,,,69.98,57.92,,,330.0,330.0,,,0.0,,67.0,76.0,,,999.0,999.0,,,999.0,999.0,999.0,999.0,,,999.0,,999.0,,,,
2010,11,12,,,,,,,,,,,,,,,,,,,,,,,,,,0.0,,,,,,,-999.0,,,,-999.0,,-999.0,,,,,,,,,
2010,11,14,,,89.0,166.0,156.0,122.0,14.0,1503.0,1333.0,0.0,,63.0,47.0,74.0,,,,68.0,55.94,,,290.0,300.0,,,0.0,,58.0,76.0,,,9999.0,9999.0,,,9999.0,9999.0,9999.0,9999.0,,,9999.0,,9999.0,,,,
2010,11,15,,,,,,,,,,0.0,,,,,,,,,,,,,,,,0.0,,,,,,-99.0,-99.0,,,-99.0,-99.0,-99.0,-99.0,,,-99.0,,-99.0,,,,
2010,11,16,,,,,,,,,,,,,,,,,,,,,,,,,,,,,,,,99.0,99.0,,,99.0,99.0,99.0,99.0,,,99.0,,99.0,,,,
2010,11,17,,,56.0,10207.0,10200.0,117.0,22.0,1356.0,1307.0,0.0,,49.0,20.0,83.0,,,,73.94,53.96,,,300.0,330.0,,,0.0,,76.0,103.0,,,-9999.0,-9999.0,,,-9999.0,-9999.0,-9999.0,-9999.0,,,-9999.0,,-9999.0,,,,
2010,11,18,,,,,,,,,,0.0,,,,,,,,32.0,32.0,,,,,,,0.0,,,,,,-9.0,-9.0,,,-9.0,-9.0,-9.0,-9.0,,,-9.0,,-9.0,,,,
2010,11,19,,,-6.0,244.0,234.0,94.0,20.0,448.0,447.0,0.0,,30.0,13.0,43.0,,,,77.0,53.06,,,310.0,300.0,,,0.0,,63.0,76.0,,,999.0,999.0,,,999.0,999.0,999.0,999.0,,,999.0,,999.0,,,,
2010,11,20,,,,,,,,,,0.0,,,,,,,,,,,,,,,,0.0,,,,,,-999.0,-999.0,,,-999.0,-999.0,-999.0,-999.0,,,-999.0,,-999.0,,,,
2010,11,22,,,28.0,163.0,152.0,106.0,10.0,1440.0,1439.0,0.0,,40.0,12.0,70.0,,,,78.08,53.06,,,290.0,290.0,,,0.0,,45.0,54.0,,,9999.0,9999.0,,,9999.0,9999.0,9999.0,9999.0,,,9999.0,,9999.0,,,,
2010,11,23,,,,,,,,,,0.0,,,,,,,,,,,,,,,,0.0,,,,,,,,,,-99.0,-99.0,-99.0,,,,,,-99.0,,,,
2010,11,24,,,,,,,,,,,,,,,,,,,,,,,,,,,,,,,,,,,,99.0,99.0,99.0,,,,,,99.0,,,,
2010,11,25,,,117.0,10169.0,10163.0,133.0,16.0,1559.0,1134.0,0.0,,79.0,65.0,97.0,,,,64.94,53.06,,,260.0,200.0,,,0.0,,36.0,54.0,,,1.0,1.0,,,-9999.0,-9999.0,1.0,1.0,,,1.0,,-9999.0,,,,
2010,11,26,,,,,,,,,,0.0,,,,,,,,32.0,32.0,,,,,,,0.0,,,,,,,,,,-9.0,,,,,,,,-9.0,,,,
2010,11,27,,,117.0,183.0,173.0,139.0,20.0,239.0,226.0,0.0,,74.0,61.0,87.0,,,,68.0,57.92,,,280.0,290.0,,,0.0,,58.0,72.0,,,1.0,999.0,,,999.0,1.0,1.0,999.0,,,1.0,,999.0,,,,
2010,11,28,,,,,,,,,,0.0,,,,,,,,,,,,,,,,0.0,,,,,,,,,,-999.0,0.0,,,,,,,-999.0,,,,
2010,11,30,,,100.0,166.0,152.0,133.0,21.0,1345.0,1347.0,0.0,,65.0,60.0,78.0,,,,64.04,60.08,,,260.0,260.0,,,0.0,,54.0,63.0,,,9999.0,9999.0,,,9999.0,9999.0,1.0,9999.0,,,9999.0,,9999.0,,,,
2010,11,31,,,,,,,,,,,,,,,,,,,,,,,,,,0.0,,,,,,,-99.0,,,,-99.0,,-99.0,,,,,,,,,
2010,12,1,,,6.0,10190.0,10179.0,78.0,14.0,1422.0,1357.0,0.0,,44.0,18.0,64.0,,,,66.02,44.96,,,300.0,300.0,,,0.0,,54.0,67.0,,,-9999.0,-9999.0,,,-9999.0,-9999.0,-9999.0,-9999.0,,,-9999.0,,-9999.0,,,,
2010,12,2,,,,,,,,,,0.0,,,,,,,,32.0,32.0,,,,,,,0.0,,,,,,,-9.0,,,-9.0,,,-9.0,,,,,-9.0,,,,
2010,12,3,,,56.0,176.0,169.0,100.0,4.0,348.0,420.0,0.0,,59.0,23.0,81.0,,,,68.0,48.02,,,160.0,10.0,,,0.0,,31.0,45.0,,,1.0,999.0,,,999.0,1.0,1.0,999.0,,,1.0,,999.0,,,,
2010,12,4,,,,,,,,,,0.0,,,,,,,,,,,,,,,,0.0,,,,,,,-999.0,,,-999.0,0.0,,-999.0,,,,,-999.0,,,,
2010,12,5,,,,,,,,,,,,,,,,,,,,,,,,,,,,,,,,,9.0,,,,,,,,,,,,,,,
2010,12,6,,,89.0,183.0,173.0,111.0,10.0,1324.0,819.0,0.0,,70.0,43.0,86.0,,,,64.94,48.02,,,270.0,80.0,,,0.0,,40.0,54.0,,,1.0,1.0,,,9999.0,1.0,1.0,9999.0,,,1.0,,9999.0,,,,
2010,12,7,,,,,,,,,,0.0,,,,,,,,,,,,,,,,0.0,,,,,,,,,,-99.0,,,-99.0,,,,,-99.0,,,,
2010,12,8,,,,,,,,,,,,,,,,,,,,,,,,,,,,,,,,,99.0,,,99.0,99.0,99.0,99.0,,,,,99.0,,,,
2010,12,9,,,100.0,10224.0,10213.0,122.0,23.0,1330.0,1311.0,0.0,,71.0,58.0,90.0,,,,66.02,55.04,,,330.0,330.0,,,0.0,,67.0,89.0,,,1.0,-9999.0,,,-9999.0,-9999.0,1.0,-9999.0,,,1.0,,-9999.0,,,,
2010,12,10,,,,,,,,,,0.0,,,,,,,,32.0,32.0,,,,,,,0.0,,,,,,,,,,-9.0,-9.0,,,,,,,-9.0,,,,
2010,12,11,,,89.0,213.0,200.0,117.0,16.0,505.0,417.0,0.0,,68.0,37.0,93.0,,,,73.04,50.0,,,330.0,320.0,,,0.0,,54.0,63.0,,,1.0,1.0,,,999.0,999.0,999.0,1.0,,,1.0,,999.0,,,,
2010,12,12,,,,,,,,,,0.0,,,,,,,,,,,,,,,,0.0,,,,,,,,,,-999.0,-999.0,,,,,,,-999.0,,,,
2010,12,13,,,,,,,,,,,,,,,,,,,,,,,,,,,,,,,,,,,,,,,9.0,,,,,,,,,
2010,12,14,,,89.0,203.0,190.0,111.0,14.0,1420.0,1432.0,0.0,,76.0,45.0,97.0,,,,66.02,46.94,,,310.0,290.0,,,0.0,,45.0,58.0,,,1.0,1.0,,,9999.0,9999.0,1.0,1.0,,,1.0,,9999.0,,,,
2010,12,15,,,,,,,,,,0.0,,,,,,,,,,,,,,,,0.0,,,,,,,,,,-99.0,,,0.0,,,,,-99.0,,,,
2010,12,16,,,,,,,,,,,,,,,,,,,,,,,,,,,,,,,,,,,,99.0,,,,,,,,99.0,,,,
2010,12,17,,,111.0,10186.0,10176.0,133.0,18.0,1344.0,1347.0,0.0,,77.0,48.0,97.0,,,,73.04,51.08,,,320.0,310.0,,,0.0,,58.0,67.0,,,1.0,1.0,,,-9999.0,1.0,1.0,1.0,,,1.0,,-9999.0,,,,
2010,12,18,,,,,,,,,,0.0,,,,,,,,32.0,32.0,,,,,,,0.0,,,,,,,,,,-9.0,,,,,,,,-9.0,,,,
2010,12,19,,,83.0,186.0,176.0,139.0,10.0,612.0,611.0,0.0,,49.0,26.0,83.0,,,,82.94,55.04,,,330.0,320.0,,,0.0,,54.0,63.0,,,999.0,999.0,,,999.0,999.0,999.0,999.0,,,999.0,,999.0,,,,
2010,12,20,,,,,,,,,,0.0,,,,,,,,,,,,,,,,0.0,,,,,,,,,,-999.0,-999.0,-999.0,-999.0,,,,,-999.0,,,,
2010,12,21,,,,,,,,,,,,,,,,,,,,,,,,,,,,,,,,,,,,,9.0,9.0,,,,,,,,,,
2010,12,22,,,106.0,156.0,146.0,122.0,22.0,2022.0,2013.0,0.0,,79.0,70.0,97.0,,,,60.08,53.96,,,170.0,150.0,,,0.0,,54.0,63.0,,,1.0,1.0,,,9999.0,1.0,1.0,9999.0,,,1.0,,9999.0,,,,
2010,12,23,,,,,,,,,,0.0,,,,,,,,,,,,,,,,0.0,,,,,,,,,,-99.0,0.0,,-99.0,,,,,-99.0,,,,
2010,12,24,,,,,,,,,,,,,,,,,,,,,,,,,,,,,,,,,99.0,,,99.0,,,99.0,,,,,99.0,,,,
2010,12,25,,,94.0,10149.0,10142.0,122.0,16.0,1429.0,1423.0,3.0,,69.0,58.0,83.0,,,,62.959999999999994,55.94,,,290.0,280.0,,,0.0,,54.0,67.0,,,-9999.0,-9999.0,,,1.0,-9999.0,-9999.0,-9999.0,,,-9999.0,,1.0,,,,
2010,12,26,,,,,,,,,,0.0,,,,,,,,32.0,32.0,,,,,,,0.0,,,,,,,-9.0,,,0.0,-9.0,,-9.0,,,,,,,,,
2010,12,27,,,106.0,166.0,159.0,128.0,39.0,26.0,138.0,8.0,,77.0,67.0,90.0,,,,62.959999999999994,53.06,,,160.0,160.0,,,0.0,,80.0,98.0,,,1.0,999.0,,,1.0,999.0,1.0,999.0,,,1.0,,1.0,,,,
2010,12,28,,,,,,,,,,0.0,,,,,,,,,,,,,,,,0.0,,,,,,,-999.0,,,0.0,-999.0,,-999.0,,,,,,,,,
2010,12,29,,,,,,,,,,,,,,,,,,,,,,,,,,,,,,,,,,,,,9.0,9.0,,,,,,,,,,
2010,12,30,,,122.0,146.0,129.0,139.0,62.0,2322.0,2327.0,33.0,,79.0,65.0,93.0,,,,62.959999999999994,59.0,,,160.0,170.0,,,0.0,,94.0,125.0,,,1.0,9999.0,,,1.0,1.0,1.0,9999.0,,,1.0,,1.0,,,,
2010,12,31,,,,,,,,,,0.0,,,,,,,,,,,,,,,,0.0,,,,,,,-99.0,,,0.0,,,-99.0,,,,,,,,,
2011,1,1,,,0.0,10237.0,10227.0,67.0,14.0,109.0,22.0,0.0,,46.0,30.0,66.0,,,,60.08,46.94,,,80.0,80.0,,,,,45.0,67.0,,,-9999.0,-9999.0,,,,,-9999.0,,,,-9999.0,,-9999.0,,,,
2011,1,2,,,,,,,,,,,,,,,,,,,,,,,,,,,,,,,,,-9.0,,,,,,,,,,,,,,,
2011,1,3,,,50.0,196.0,186.0,89.0,33.0,212.0,204.0,61.0,,65.0,33.0,87.0,,,,59.0,44.96,,,160.0,170.0,,,,,76.0,98.0,,,1.0,999.0,,,,,1.0,,,,1.0,,1.0,,,,
2011,1,4,,,,,,,,,,,,,,,,,,,,,,,,,,,,,,,,,-999.0,,,,,,,,,,,,,,,
2011,1,6,,,67.0,213.0,207.0,100.0,12.0,1354.0,858.0,0.0,,62.0,45.0,83.0,,,,64.94,50.0,,,310.0,50.0,,,,,54.0,72.0,,,9999.0,9999.0,,,,,9999.0,,,,9999.0,,9999.0,,,,
2011,1,7,,,,,,,,,,,,,,,,,,,,,,,,,,,,,,,,-99.0,-99.0,,,,,-99.0,,,,-99.0,,-99.0,,,,
2011,1,8,,,,,,,,,,,,,,,,,,,,,,,,,,,,,,,,99.0,99.0,,,,,99.0,,,,99.0,,99.0,,,,
2011,1,9,,,50.0,10200.0,10190.0,100.0,13.0,1319.0,1318.0,0.0,,55.0,23.0,84.0,,,,69.08,48.02,,,230.0,230.0,,,,,45.0,58.0,,,-9999.0,-9999.0,,,,,1.0,,,,-9999.0,,1.0,,,,
2011,1,10,,,,,,,,,,,,,,,,,,,,,,,,,,,,,,,,,-9.0,,,,,,,,,,,,,,,
2011,1,11,,,89.0,176.0,169.0,111.0,15.0,453.0,845.0,,,73.0,60.0,87.0,,,,60.980000000000004,51.98,,,300.0,80.0,,,,,40.0,63.0,,,1.0,999.0,,,,,1.0,,,,1.0,,1.0,,,,
2011,1,12,,,,,,,,,,,,,,,,,,,,,,,,,,,,,,,,,-999.0,,,,,,,,,,,,,,,
2011,1,14,,,67.0,166.0,156.0,106.0,16.0,1215.0,1513.0,0.0,,63.0,52.0,72.0,,,,60.980000000000004,53.96,,,230.0,210.0,,,,,45.0,58.0,,,9999.0,9999.0,,,,,9999.0,,,,9999.0,,9999.0,,,,
2011,1,15,,,,,,,,,,,,,,,,,,,,,,,,,,,,,,,,-99.0,-99.0,,,,,-99.0,,,,-99.0,,-99.0,,,,
2011,1,16,,,,,,,,,,,,,,,,,,,,,,,,,,,,,,,,99.0,99.0,,,,,99.0,,,,99.0,,99.0,,,,
2011,1,17,,,22.0,10213.0,10207.0,89.0,9.0,1513.0,1512.0,0.0,,44.0,21.0,74.0,,,,69.08,48.02,,,300.0,300.0,,,,,63.0,80.0,,,-9999.0,-9999.0,,,,,-9999.0,,,,-9999.0,,-9999.0,,,,
2011,1,18,,,,,,,,,,,,,,,,,,,,,,,,,,,,,,,,-9.0,-9.0,,,,,-9.0,,,,-9.0,,-9.0,,,,
2011,1,19,,,44.0,237.0,230.0,100.0,13.0,537.0,537.0,0.0,,49.0,26.0,66.0,,,,71.96,51.08,,,310.0,310.0,,,,,54.0,67.0,,,999.0,999.0,,,,,999.0,,,,999.0,,999.0,,,,
2011,1,20,,,,,,,,,,,,,,,,,,,,,,,,,,,,,,,,-999.0,-999.0,,,,,-999.0,,,,-999.0,,-999.0,,,,
2011,1,22,,,72.0,193.0,186.0,117.0,14.0,1536.0,609.0,0.0,,54.0,28.0,72.0,,,,75.02,51.08,,,290.0,10.0,,,,,54.0,67.0,,,9999.0,9999.0,,,,,9999.0,,,,9999.0,,9999.0,,,,
2011,1,23,,,,,,,,,,,,,,,,,,,,,,,,,,,,,,,,-99.0,-99.0,,,,,-99.0,,,,-99.0,,-99.0,,,,
2011,1,24,,,,,,,,,,,,,,,,,,,,,,,,,,,,,,,,99.0,99.0,,,,,99.0,,,,99.0,,99.0,,,,
2011,1,25,,,56.0,10169.0,10159.0,117.0,10.0,1506.0,1440.0,0.0,,46.0,23.0,64.0,,,,78.08,53.96,,,330.0,310.0,,,,,40.0,54.0,,,-9999.0,-9999.0,,,,,-9999.0,,,,-9999.0,,-9999.0,,,,
2011,1,26,,,,,,,,,,,,,,,,,,,,,,,,,,,,,,,,-9.0,-9.0,,,,,-9.0,,,,-9.0,,-9.0,,,,
2011,1,27,,,89.0,146.0,135.0,133.0,9.0,408.0,817.0,0.0,,52.0,33.0,72.0,,,,82.04,55.94,,,330.0,50.0,,,,,58.0,67.0,,,999.0,999.0,,,,,999.0,,,,999.0,,999.0,,,,
2011,1,28,,,,,,,,,,,,,,,,,,,,,,,,,,,,,,,,-999.0,-999.0,,,,,-999.0,,,,-999.0,,-999.0,,,,
2011,1,29,,,,,,,,,,,,,,,,,,,,,,,,,,,,,,,,9.0,9.0,,,,,9.0,,,,9.0,,,,,,
2011,1,30,,,122.0,139.0,129.0,133.0,21.0,1513.0,1442.0,0.0,,81.0,75.0,96.0,,,,60.980000000000004,55.94,,,170.0,180.0,,,,,58.0,76.0,,,1.0,1.0,,,,,1.0,,,,1.0,,9999.0,,,,
2011,1,31,,,,,,,,,,,,,,,,,,,,,,,,,,,,,,,,,,,,,,,,,,,,-99.0,,,,
2011,2,1,,,83.0,10186.0,10173.0,106.0,19.0,1421.0,1421.0,0.0,,70.0,56.0,80.0,,,,62.059999999999995,51.08,,,210.0,220.0,,,,,54.0,63.0,,,-9999.0,-9999.0,,,,,-9999.0,,,,-9999.0,,-9999.0,,,,
2011,2,2,,,,,,,,,,,,,,,,,,,,,,,,,,,,,,,,-9.0,-9.0,,,,,,,,,-9.0,,-9.0,,,,
2011,2,3,,,139.0,254.0,247.0,44.0,38.0,123.0,122.0,0.0,,18.0,6.0,77.0,,,,64.04,46.94,,,30.0,30.0,,,,,125.0,170.0,,,999.0,999.0,,,,,1.0,,,,999.0,,999.0,,,,
2011,2,4,,,,,,,,,,,,,,,,,,,,,,,,,,,,,,,,-999.0,-999.0,,,,,,,,,-999.0,,-999.0,,,,
2011,2,6,,,56.0,254.0,244.0,89.0,13.0,1559.0,1555.0,0.0,,64.0,40.0,80.0,,,,62.059999999999995,46.04,,,280.0,280.0,,,,,54.0,67.0,,,9999.0,9999.0,,,,,9999.0,,,,9999.0,,9999.0,,,,
2011,2,7,,,,,,,,,,,,,,,,,,,,,,,,,,,,,,,,,-99.0,,,,,,,,,,,-99.0,,,,
2011,2,8,,,,,,,,,,,,,,,,,,,,,,,,,,,,,,,,,99.0,,,,,,,,,,,99.0,,,,
2011,2,9,,,78.0,10200.0,10190.0,122.0,16.0,1502.0,1501.0,0.0,,61.0,23.0,93.0,,,,78.08,51.08,,,320.0,330.0,,,,,58.0,72.0,,,1.0,1.0,,,,,1.0,,,,1.0,,-9999.0,,,,
2011,2,10,,,,,,,,,,,,,,,,,,,,,,,,,,,,,,,,,,,,,,,,,,,,-9.0,,,,
2011,2,11,,,67.0,190.0,179.0,122.0,20.0,621.0,320.0,0.0,,51.0,20.0,87.0,,,,78.08,55.04,,,320.0,170.0,,,,,58.0,63.0,,,1.0,999.0,,,,,999.0,,,,999.0,,999.0,,,,
2011,2,12,,,,,,,,,,,,,,,,,,,,,,,,,,,,,,,,,-999.0,,,,,-999.0,,,,-999.0,,-999.0,,,,
2011,2,13,,,,,,,,,,,,,,,,,,,,,,,,,,,,,,,,,,,,,,9.0,,,,,,,,,,
2011,2,14,,,6.0,176.0,169.0,89.0,19.0,1453.0,1452.0,0.0,,42.0,16.0,83.0,,,,69.08,50.0,,,300.0,290.0,,,,,63.0,76.0,,,9999.0,9999.0,,,,,1.0,,,,9999.0,,9999.0,,,,
2011,2,15,,,,,,,,,,,,,,,,,,,,,,,,,,,,,,,,-99.0,-99.0,,,,,,,,,-99.0,,-99.0,,,,
2011,2,16,,,,,,,,,,,,,,,,,,,,,,,,,,,,,,,,99.0,99.0,,,,,99.0,,,,99.0,,99.0,,,,
2011,2,17,,,-22.0,10207.0,10196.0,78.0,15.0,1545.0,1417.0,0.0,,32.0,13.0,53.0,,,,73.94,48.02,,,350.0,320.0,,,,,63.0,72.0,,,-9999.0,-9999.0,,,,,1.0,,,,-9999.0,,-9999.0,,,,
2011,2,18,,,,,,,,,,,,,,,,,,,,,,,,,,,,,,,,-9.0,-9.0,,,,,,,,,-9.0,,-9.0,,,,
2011,2,19,,,-33.0,227.0,217.0,83.0,14.0,405.0,402.0,0.0,,28.0,9.0,65.0,,,,75.92,48.92,,,290.0,290.0,,,,,54.0,67.0,,,999.0,999.0,,,,,999.0,,,,999.0,,999.0,,,,
2011,2,20,,,,,,,,,,,,,,,,,,,,,,,,,,,,,,,,,-999.0,,,,,,,,,,,-999.0,,,,
2011,2,22,,,89.0,237.0,230.0,117.0,21.0,1521.0,1523.0,0.0,,67.0,47.0,84.0,,,,66.02,51.98,,,290.0,290.0,,,,,72.0,89.0,,,1.0,9999.0,,,,,1.0,,,,9999.0,,9999.0,,,,
2011,2,23,,,,,,,,,,,,,,,,,,,,,,,,,,,,,,,,,-99.0,,,,,,,,,-99.0,,-99.0,,,,
2011,2,24,,,,,,,,,,,,,,,,,,,,,,,,,,,,,,,,99.0,99.0,,,,,99.0,,,,99.0,,99.0,,,,
2011,2,25,,,122.0,10179.0,10166.0,133.0,32.0,738.0,723.0,71.0,,82.0,68.0,90.0,,,,64.04,55.04,,,170.0,180.0,,,,,76.0,107.0,,,1.0,-9999.0,,,,,1.0,,,,1.0,,1.0,,,,
2011,2,26,,,,,,,,,,,,,,,,,,,,,,,,,,,,,,,,,-9.0,,,,,,,,,,,,,,,
2011,2,27,,,61.0,190.0,179.0,100.0,16.0,539.0,302.0,0.0,,60.0,36.0,83.0,,,,62.059999999999995,51.98,,,330.0,270.0,,,,,58.0,80.0,,,999.0,999.0,,,,,999.0,,,,999.0,,999.0,,,,
2011,2,28,,,,,,,,,,,,,,,,,,,,,,,,,,,,,,,,,-999.0,,,,,-999.0,,,,,,,,,,
2011,2,30,,,78.0,135.0,125.0,106.0,47.0,1957.0,1957.0,89.0,,66.0,49.0,84.0,,,,59.0,51.98,,,230.0,230.0,,,,,134.0,165.0,,,1.0,9999.0,,,,,9999.0,,,,1.0,,1.0,,,,
2011,2,31,,,,,,,,,,,,,,,,,,,,,,,,,,,,,,,,,-99.0,,,,,-99.0,,,,,,,,,,
2011,3,1,,,67.0,10213.0,10200.0,100.0,17.0,1542.0,1540.0,0.0,,66.0,45.0,80.0,,,,64.04,48.02,,,300.0,310.0,,,,,67.0,94.0,,,-9999.0,-9999.0,,,,,-9999.0,,,,-9999.0,,-9999.0,,,,
2011,3,2,,,,,,,,,,,,,,,,,,,,,,,,,,,,,,,,-9.0,-9.0,,,,,-9.0,,,,-9.0,,-9.0,,,,
2011,3,3,,,72.0,224.0,213.0,111.0,22.0,501.0,313.0,0.0,,64.0,45.0,77.0,,,,64.04,50.0,,,290.0,290.0,,,,,63.0,76.0,,,999.0,999.0,,,,,999.0,,,,999.0,,999.0,,,,
2011,3,4,,,,,,,,,,,,,,,,,,,,,,,,,,,,,,,,-999.0,-999.0,,,,,-999.0,,,,-999.0,,-999.0,,,,
2011,3,5,,,,,,,,,,,,,,,,,,,,,,,,,,,,,,,,,,,,,,9.0,,,,,,,,,,
2011,3,6,,,106.0,210.0,200.0,133.0,25.0,1405.0,1350.0,0.0,,70.0,59.0,83.0,,,,68.0,57.02,,,300.0,290.0,,,,,63.0,76.0,,,9999.0,9999.0,,,,,1.0,,,,9999.0,,9999.0,,,,
2011,3,7,,,,,,,,,,,,,,,,,,,,,,,,,,,,,,,,-99.0,-99.0,,,,,,,,,-99.0,,-99.0,,,,
2011,3,8,,,,,,,,,,,,,,,,,,,,,,,,,,,,,,,,99.0,99.0,,,,,99.0,,,,99.0,,99.0,,,,
2011,3,9,,,100.0,10163.0,10149.0,122.0,20.0,1255.0,1254.0,18.0,,75.0,58.0,90.0,,,,62.959999999999994,55.04,,,270.0,280.0,,,,,63.0,76.0,,,1.0,-9999.0,,,,,1.0,,,,1.0,,1.0,,,,
2011,3,10,,,,,,,,,,,,,,,,,,,,,,,,,,,,,,,,,-9.0,,,,,,,,,,,,,,,
2011,3,11,,,100.0,156.0,146.0,122.0,44.0,242.0,320.0,18.0,,74.0,60.0,90.0,,,,62.059999999999995,55.04,,,270.0,260.0,,,,,94.0,116.0,,,1.0,999.0,,,,,1.0,,,,1.0,,1.0,,,,
2011,3,12,,,,,,,,,,,,,,,,,,,,,,,,,,,,,,,,,-999.0,,,,,,,,,,,,,,,
2011,3,14,,,78.0,210.0,200.0,122.0,17.0,1429.0,1349.0,0.0,,56.0,20.0,78.0,,,,77.0,53.06,,,290.0,300.0,,,,,54.0,67.0,,,9999.0,9999.0,,,,,9999.0,,,,9999.0,,9999.0,,,,
2011,3,15,,,,,,,,,,,,,,,,,,,,,,,,,,,,,,,,,-99.0,,,,,,,,,-99.0,,-99.0,,,,
2011,3,16,,,,,,,,,,,,,,,,,,,,,,,,,,,,,,,,,99.0,,,,,,,,,99.0,,99.0,,,,
2011,3,17,,,111.0,10183.0,10169.0,128.0,19.0,1434.0,1530.0,0.0,,76.0,59.0,93.0,,,,69.08,51.98,,,280.0,290.0,,,,,58.0,67.0,,,1.0,1.0,,,,,1.0,,,,1.0,,-9999.0,,,,
2011,3,18,,,,,,,,,,,,,,,,,,,,,,,,,,,,,,,,,,,,,,,,,,,,-9.0,,,,
2011,3,19,,,94.0,196.0,186.0,122.0,26.0,208.0,204.0,0.0,,68.0,60.0,78.0,,,,64.04,57.92,,,210.0,230.0,,,,,54.0,67.0,,,999.0,999.0,,,,,999.0,,,,999.0,,999.0,,,,
2011,3,20,,,,,,,,,,,,,,,,,,,,,,,,,,,,,,,,-999.0,-999.0,,,,,,,,,-999.0,,-999.0,,,,
2011,3,21,,,,,,,,,,,,,,,,,,,,,,,,,,,,,,,,9.0,,,,,,,,,,9.0,,,,,,
2011,3,22,,,111.0,210.0,200.0,139.0,22.0,1345.0,1350.0,0.0,,71.0,56.0,87.0,,,,71.06,53.96,,,290.0,290.0,,,,,72.0,80.0,,,1.0,9999.0,,,,,1.0,,,,1.0,,9999.0,,,,
2011,3,23,,,,,,,,,,,,,,,,,,,,,,,,,,,,,,,,,-99.0,,,,,,,,,,,-99.0,,,,
2011,3,24,,,,,,,,,,,,,,,,,,,,,,,,,,,,,,,,99.0,99.0,,,,,99.0,,,,99.0,,99.0,,,,
2011,3,25,,,122.0,10186.0,10173.0,139.0,21.0,1449.0,1452.0,0.0,,79.0,65.0,93.0,,,,68.0,57.02,,,290.0,290.0,,,,,67.0,80.0,,,1.0,1.0,,,,,1.0,,,,1.0,,-9999.0,,,,
2011,3,26,,,,,,,,,,,,,,,,,,,,,,,,,,,,,,,,,,,,,,,,,,,,-9.0,,,,
2011,3,27,,,111.0,186.0,176.0,133.0,20.0,402.0,400.0,0.0,,74.0,60.0,90.0,,,,66.92,55.94,,,290.0,290.0,,,,,67.0,89.0,,,1.0,999.0,,,,,1.0,,,,1.0,,999.0,,,,
2011,3,28,,,,,,,,,,,,,,,,,,,,,,,,,,,,,,,,,-999.0,,,,,,,,,,,-999.0,,,,
2011,3,29,,,,,,,,,,,,,,,,,,,,,,,,,,,,,,,,,,,,,,,,,,,,9.0,,,,
2011,3,30,,,67.0,190.0,176.0,111.0,22.0,1440.0,1440.0,,,59.0,43.0,69.0,,,,64.04,53.96,,,240.0,240.0,,,,,54.0,67.0,,,9999.0,9999.0,,,,,1.0,,,,9999.0,,1.0,,,,
2011,3,31,,,,,,,,,,,,,,,,,,,,,,,,,,,,,,,,,-99.0,,,,,,,,,,,,,,,
2011,4,1,,,139.0,10112.0,10102.0,161.0,24.0,1401.0,1358.0,0.0,,69.0,54.0,84.0,,,,75.02,62.959999999999994,,,170.0,170.0,,,,,54.0,63.0,,,-9999.0,-9999.0,,,,,1.0,,,,-9999.0,-9999.0,-9999.0,,,,
2011,4,2,,,,,,,,,,,,,,,,,,,,,,,,,,,,,,,,-9.0,-9.0,,,,,,,,,-9.0,-9.0,-9.0,,,,
2011,4,3,,,122.0,139.0,129.0,144.0,37.0,326.0,325.0,0.0,,72.0,63.0,84.0,,,,66.92,60.980000000000004,,,220.0,220.0,,,,,76.0,94.0,,,999.0,999.0,,,,,1.0,,,,999.0,999.0,999.0,,,,
2011,4,4,,,,,,,,,,,,,,,,,,,,,,,,,,,,,,,,-999.0,-999.0,,,,,,,,,-999.0,-999.0,-999.0,,,,
2011,4,6,,,122.0,179.0,166.0,144.0,28.0,1417.0,1414.0,0.0,,68.0,50.0,80.0,,,,75.02,57.92,,,300.0,290.0,,,,,76.0,94.0,,,9999.0,9999.0,,,,,9999.0,,,,9999.0,9999.0,9999.0,,,,
2011,4,7,,,,,,,,,,,,,,,,,,,,,,,,,,,,,,,,,-99.0,,,,,,,,,,-99.0,-99.0,,,,
2011,4,8,,,,,,,,,,,,,,,,,,,,,,,,,,,,,,,,,99.0,,,,,,,,,,99.0,99.0,,,,
2011,4,9,,,111.0,10152.0,10142.0,139.0,32.0,1157.0,1153.0,0.0,,69.0,62.0,75.0,,,,66.02,60.980000000000004,,,240.0,240.0,,,,,67.0,80.0,,,-9999.0,-9999.0,,,,,1.0,,,,-9999.0,-9999.0,1.0,,,,
2011,4,10,,,,,,,,,,,,,,,,,,,,,,,,,,,,,,,,-9.0,-9.0,,,,,,,,,-9.0,-9.0,,,,,
2011,4,11,,,89.0,142.0,129.0,122.0,55.0,407.0,406.0,15.0,,64.0,54.0,81.0,,,,64.04,55.04,,,270.0,270.0,,,,,98.0,112.0,,,999.0,999.0,,,,,999.0,,,,999.0,999.0,1.0,,,,
2011,4,12,,,,,,,,,,,,,,,,,,,,,,,,,,,,,,,,-999.0,-999.0,,,,,-999.0,,,,-999.0,-999.0,,,,,
2011,4,14,,,39.0,173.0,166.0,83.0,30.0,1440.0,1439.0,36.0,,56.0,38.0,80.0,,,,60.980000000000004,46.94,,,250.0,250.0,,,,,72.0,94.0,,,9999.0,9999.0,,,,,9999.0,,,,9999.0,9999.0,1.0,,,,
2011,4,15,,,,,,,,,,,,,,,,,,,,,,,,,,,,,,,,-99.0,-99.0,,,,,-99.0,,,,-99.0,-99.0,,,,,
2011,4,16,,,,,,,,,,,,,,,,,,,,,,,,,,,,,,,,99.0,99.0,,,,,99.0,,,,99.0,99.0,99.0,,,,
2011,4,17,,,94.0,10207.0,10193.0,128.0,23.0,1345.0,1344.0,0.0,,65.0,50.0,75.0,,,,68.0,53.96,,,300.0,290.0,,,,,89.0,112.0,,,-9999.0,-9999.0,,,,,-9999.0,,,,-9999.0,-9999.0,-9999.0,,,,
2011,4,18,,,,,,,,,,,,,,,,,,,,,,,,,,,,,,,,-9.0,-9.0,,,,,,,,,-9.0,-9.0,-9.0,,,,
2011,4,19,,,100.0,179.0,166.0,128.0,32.0,246.0,324.0,0.0,,67.0,60.0,75.0,,,,64.94,57.02,,,190.0,220.0,,,,,67.0,76.0,,,999.0,999.0,,,,,1.0,,,,999.0,999.0,999.0,,,,
2011,4,20,,,,,,,,,,,,,,,,,,,,,,,,,,,,,,,,-999.0,-999.0,,,,,,,,,-999.0,-999.0,-999.0,,,,
2011,4,22,,,72.0,220.0,210.0,122.0,28.0,1345.0,1345.0,0.0,,53.0,34.0,75.0,,,,69.98,53.96,,,290.0,290.0,,,,,89.0,107.0,,,9999.0,9999.0,,,,,9999.0,,,,9999.0,9999.0,9999.0,,,,
2011,4,23,,,,,,,,,,,,,,,,,,,,,,,,,,,,,,,,-99.0,-99.0,,,,,-99.0,,,,-99.0,-99.0,-99.0,,,,
2011,4,24,,,,,,,,,,,,,,,,,,,,,,,,,,,,,,,,99.0,99.0,,,,,99.0,,,,99.0,99.0,99.0,,,,
2011,4,25,,,100.0,10112.0,10102.0,150.0,22.0,1152.0,1152.0,0.0,,53.0,26.0,87.0,,,,80.06,60.980000000000004,,,300.0,300.0,,,,,63.0,72.0,,,1.0,-9999.0,,,,,-9999.0,,,,-9999.0,-9999.0,-9999.0,,,,
2011,4,26,,,,,,,,,,,,,,,,,,,,,,,,,,,,,,,,,,,,,,,,,,,-9.0,-9.0,,,,
2011,4,27,,,133.0,122.0,112.0,144.0,44.0,316.0,315.0,0.0,,80.0,70.0,93.0,,,,66.02,57.92,,,170.0,170.0,,,,,72.0,89.0,,,1.0,1.0,,,,,1.0,,,,1.0,999.0,999.0,,,,
2011,4,30,,,117.0,159.0,149.0,144.0,25.0,1647.0,1654.0,0.0,,70.0,63.0,81.0,,,,68.0,60.980000000000004,,,280.0,270.0,,,,,58.0,72.0,,,9999.0,9999.0,,,,,9999.0,,,,9999.0,9999.0,9999.0,,,,
2011,4,31,,,,,,,,,,,,,,,,,,,,,,,,,,,,,,,,-99.0,-99.0,,,,,,,,,-99.0,-99.0,,,,,
2011,5,1,,,-11.0,10183.0,10173.0,106.0,31.0,1424.0,1315.0,0.0,,24.0,7.0,43.0,,,,80.96,57.02,,,290.0,290.0,,,,,89.0,116.0,,,-9999.0,,,,,,-9999.0,,,,-9999.0,-9999.0,-9999.0,,,,
2011,5,2,,,,,,,,,,,,,,,,,,,,,,,,,,,,,,,,-9.0,,,,,,-9.0,,,,-9.0,-9.0,-9.0,,,,
2011,5,3,,,-11.0,200.0,190.0,117.0,30.0,720.0,714.0,0.0,,21.0,9.0,38.0,,,,87.08000000000001,60.08,,,340.0,340.0,,,,,98.0,125.0,,,999.0,,,,,,999.0,,,,999.0,999.0,999.0,,,,
2011,5,4,,,,,,,,,,,,,,,,,,,,,,,,,,,,,,,,-999.0,,,,,,-999.0,,,,-999.0,-999.0,-999.0,,,,
2011,5,5,,,,,,,,,,,,,,,,,,,,,,,,,,,,,,,,9.0,,,,,,9.0,,,,9.0,,,,,,
2011,5,6,,,122.0,149.0,142.0,156.0,19.0,1414.0,1157.0,0.0,,62.0,26.0,84.0,,,,78.08,60.08,,,180.0,320.0,,,,,54.0,67.0,,,1.0,,,,,,1.0,,,,1.0,9999.0,9999.0,,,,
2011,5,7,,,,,,,,,,,,,,,,,,,,,,,,,,,,,,,,,,,,,,,,,,,-99.0,-99.0,,,,
2011,5,8,,,,,,,,,,,,,,,,,,,,,,,,,,,,,,,,,,,,,,,,,,,99.0,99.0,,,,
2011,5,9,,,128.0,10146.0,10135.0,144.0,21.0,1024.0,1152.0,0.0,,74.0,61.0,87.0,,,,69.08,59.0,,,210.0,200.0,,,,,58.0,76.0,,,1.0,,,,,,1.0,,,,1.0,-9999.0,-9999.0,,,,
2011,5,10,,,,,,,,,,,,,,,,,,,,,,,,,,,,,,,,,,,,,,,,,,,-9.0,-9.0,,,,
2011,5,11,,,111.0,146.0,135.0,133.0,28.0,338.0,249.0,0.0,,68.0,62.0,80.0,,,,66.02,60.08,,,200.0,190.0,,,,,58.0,72.0,,,999.0,,,,,,1.0,,,,999.0,999.0,999.0,,,,
2011,5,12,,,,,,,,,,,,,,,,,,,,,,,,,,,,,,,,-999.0,,,,,,,,,,-999.0,,,,,,
2011,5,14,,,67.0,142.0,129.0,111.0,47.0,1148.0,1520.0,,,55.0,47.0,64.0,,,,62.959999999999994,57.92,,,250.0,240.0,,,,,80.0,98.0,,,9999.0,,,,,,9999.0,,,,9999.0,1.0,9999.0,,,,
2011,5,15,,,,,,,,,,,,,,,,,,,,,,,,,,,,,,,,-99.0,,,,,,-99.0,,,,-99.0,,-99.0,,,,
2011,5,16,,,,,,,,,,,,,,,,,,,,,,,,,,,,,,,,99.0,,,,,,99.0,,,,99.0,99.0,99.0,,,,
2011,5,17,,,106.0,10166.0,10152.0,139.0,26.0,1701.0,1353.0,0.0,,66.0,54.0,75.0,,,,68.0,60.08,,,290.0,270.0,,,,,58.0,80.0,,,-9999.0,,,,,,-9999.0,,,,-9999.0,-9999.0,-9999.0,,,,
2011,5,18,,,,,,,,,,,,,,,,,,,,,,,,,,,,,,,,-9.0,,,,,,-9.0,,,,-9.0,-9.0,-9.0,,,,
2011,5,19,,,128.0,179.0,166.0,150.0,26.0,47.0,999.0,0.0,,70.0,61.0,78.0,,,,69.08,60.980000000000004,,,300.0,999.0,,,,,58.0,999.0,,,999.0,,,,,,999.0,,,,999.0,999.0,999.0,,,,
2011,5,20,,,,,,,,,151.0,,,,,,,,,,,,,,24.0,,,,,,8.0,,,-999.0,,,,,,,,,,-999.0,-999.0,-999.0,,,,
2011,5,22,,,106.0,149.0,139.0,133.0,34.0,1435.0,9999.0,0.0,,66.0,59.0,81.0,,,,66.02,59.0,,,240.0,9999.0,,,,,45.0,9999.0,,,9999.0,,,,,,1.0,,,,9999.0,9999.0,9999.0,,,,
2011,5,23,,,,,,,,,12.0,,,,,,,,,,,,,,2.0,,,,,,1.0,,,-99.0,,,,,,,,,,-99.0,-99.0,-99.0,,,,
2011,5,24,,,,,,,,,,,,,,,,,,,,,,,,,,,,,,,,99.0,,,,,,99.0,,,,99.0,99.0,99.0,,,,
2011,5,25,,,67.0,10183.0,10173.0,111.0,35.0,1634.0,1322.0,0.0,,54.0,43.0,62.0,,,,66.02,57.02,,,290.0,290.0,,,,,72.0,103.0,,,-9999.0,,,,,,-9999.0,,,,-9999.0,-9999.0,-9999.0,,,,
2011,5,26,,,,,,,,,,,,,,,,,,,,,,,,,,,,,,,,,,,,,,-9.0,,,,,-9.0,,,,,
2011,5,27,,,106.0,163.0,152.0,133.0,41.0,141.0,100.0,15.0,,71.0,56.0,90.0,,,,64.94,57.02,,,170.0,170.0,,,,,103.0,139.0,,,1.0,,,,,,999.0,,,,1.0,999.0,1.0,,,,
2011,5,28,,,,,,,,,,,,,,,,,,,,,,,,,,,,,,,,,,,,,,-999.0,,,,,-999.0,,,,,
2011,5,30,,,106.0,149.0,139.0,133.0,27.0,1334.0,715.0,0.0,,65.0,55.0,78.0,,,,66.92,57.02,,,220.0,60.0,,,,,58.0,80.0,,,9999.0,,,,,,9999.0,,,,9999.0,9999.0,9999.0,,,,
2011,5,31,,,,,,,,,,,,,,,,,,,,,,,,,,,,,,,,-99.0,,,,,,-99.0,,,,-99.0,-99.0,-99.0,,,,
2011,6,1,,,106.0,10183.0,10169.0,133.0,26.0,1258.0,1212.0,0.0,,66.0,56.0,78.0,,,,68.0,57.92,,,300.0,290.0,,,,,76.0,103.0,,,-9999.0,,,,,,-9999.0,,,,-9999.0,-9999.0,-9999.0,,,,
2011,6,2,,,,,,,,,,,,,,,,,,,,,,,,,,,,,,,,-9.0,,,,,,-9.0,,,,-9.0,-9.0,-9.0,,,,
2011,6,3,,,106.0,166.0,156.0,139.0,29.0,317.0,316.0,0.0,,63.0,47.0,75.0,,,,69.98,57.02,,,320.0,330.0,,,,,80.0,103.0,,,999.0,,,,,,999.0,,,,999.0,999.0,999.0,,,,
2011,6,4,,,,,,,,,,,,,,,,,,,,,,,,,,,,,,,,-999.0,,,,,,-999.0,,,,-999.0,-999.0,-999.0,,,,
2011,6,6,,,100.0,169.0,156.0,133.0,27.0,1214.0,1332.0,0.0,,62.0,53.0,70.0,,,,68.0,60.08,,,210.0,270.0,,,,,63.0,89.0,,,9999.0,,,,,,9999.0,,,,9999.0,9999.0,9999.0,,,,
2011,6,7,,,,,,,,,,,,,,,,,,,,,,,,,,,,,,,,,,,,,,,,,,,-99.0,,,,,
2011,6,8,,,,,,,,,,,,,,,,,,,,,,,,,,,,,,,,,,,,,,,,,,,99.0,,,,,
2011,6,9,,,111.0,10173.0,10159.0,144.0,36.0,1615.0,1651.0,0.0,,61.0,41.0,84.0,,,,71.96,60.980000000000004,,,320.0,290.0,,,,,80.0,98.0,,,1.0,,,,,,-9999.0,,,,-9999.0,-9999.0,-9999.0,,,,
2011,6,10,,,,,,,,,,,,,,,,,,,,,,,,,,,,,,,,,,,,,,-9.0,,,,-9.0,-9.0,-9.0,,,,
2011,6,11,,,122.0,152.0,142.0,144.0,29.0,318.0,331.0,0.0,,69.0,61.0,75.0,,,,69.08,60.980000000000004,,,240.0,260.0,,,,,63.0,76.0,,,999.0,,,,,,999.0,,,,999.0,999.0,999.0,,,,
2011,6,12,,,,,,,,,,,,,,,,,,,,,,,,,,,,,,,,-999.0,,,,,,-999.0,,,,-999.0,-999.0,-999.0,,,,
2011,6,13,,,,,,,,,,,,,,,,,,,,,,,,,,,,,,,,9.0,,,,,,9.0,,,,,,9.0,,,,
2011,6,14,,,128.0,166.0,152.0,150.0,22.0,1358.0,1357.0,,,74.0,68.0,87.0,,,,66.92,60.980000000000004,,,290.0,280.0,,,,,63.0,76.0,,,1.0,,,,,,1.0,,,,9999.0,9999.0,1.0,,,,
2011,6,15,,,,,,,,,,,,,,,,,,,,,,,,,,,,,,,,,,,,,,,,,,-99.0,-99.0,,,,,
2011,6,16,,,,,,,,,,,,,,,,,,,,,,,,,,,,,,,,99.0,,,,,,99.0,,,,99.0,99.0,99.0,,,,
2011,6,17,,,122.0,10125.0,10112.0,144.0,27.0,1141.0,1245.0,0.0,,70.0,63.0,78.0,,,,66.92,60.980000000000004,,,220.0,240.0,,,,,58.0,76.0,,,-9999.0,,,,,,-9999.0,,,,-9999.0,-9999.0,-9999.0,,,,
2011,6,18,,,,,,,,,,,,,,,,,,,,,,,,,,,,,,,,-9.0,,,,,,-9.0,,,,-9.0,-9.0,-9.0,,,,
2011,6,19,,,122.0,129.0,119.0,144.0,30.0,245.0,355.0,0.0,,71.0,61.0,78.0,,,,66.92,60.980000000000004,,,190.0,210.0,,,,,63.0,89.0,,,999.0,,,,,,999.0,,,,999.0,999.0,999.0,,,,
2011,6,20,,,,,,,,,,,,,,,,,,,,,,,,,,,,,,,,-999.0,,,,,,-999.0,,,,-999.0,-999.0,-999.0,,,,
2011,6,22,,,139.0,152.0,142.0,156.0,23.0,1323.0,1310.0,0.0,,77.0,68.0,84.0,,,,69.98,60.980000000000004,,,270.0,280.0,,,,,58.0,72.0,,,9999.0,,,,,,9999.0,,,,9999.0,9999.0,9999.0,,,,
2011,6,23,,,,,,,,,,,,,,,,,,,,,,,,,,,,,,,,,,,,,,,,,,,-99.0,-99.0,,,,
2011,6,24,,,,,,,,,,,,,,,,,,,,,,,,,,,,,,,,,,,,,,,,,,,99.0,99.0,,,,
2011,6,25,,,133.0,10115.0,10105.0,150.0,33.0,1509.0,1355.0,0.0,,79.0,68.0,90.0,,,,66.92,60.08,,,220.0,230.0,,,,,54.0,67.0,,,1.0,,,,,,-9999.0,,,,1.0,1.0,1.0,,,,
2011,6,26,,,,,,,,,,,,,,,,,,,,,,,,,,,,,,,,,,,,,,-9.0,,,,,,,,,,
2011,6,27,,,122.0,129.0,119.0,144.0,30.0,437.0,408.0,0.0,,70.0,59.0,78.0,,,,69.08,60.980000000000004,,,290.0,290.0,,,,,54.0,72.0,,,999.0,,,,,,999.0,,,,999.0,999.0,999.0,,,,
2011,6,28,,,,,,,,,,,,,,,,,,,,,,,,,,,,,,,,-999.0,,,,,,-999.0,,,,-999.0,-999.0,-999.0,,,,
2011,6,30,,,122.0,108.0,98.0,150.0,26.0,1341.0,1454.0,0.0,,71.0,63.0,75.0,,,,68.0,62.059999999999995,,,260.0,280.0,,,,,58.0,80.0,,,9999.0,,,,,,9999.0,,,,9999.0,9999.0,9999.0,,,,
2011,6,31,,,,,,,,,,,,,,,,,,,,,,,,,,,,,,,,-99.0,,,,,,-99.0,,,,-99.0,-99.0,-99.0,,,,
2011,7,1,,,156.0,10085.0,10075.0,178.0,21.0,1524.0,1128.0,0.0,,74.0,52.0,87.0,,,,77.0,62.059999999999995,,,210.0,280.0,,,,,58.0,72.0,,,-9999.0,,,,,,-9999.0,,,,,,,,,,
2011,7,3,,,161.0,75.0,64.0,183.0,23.0,600.0,324.0,0.0,,76.0,62.0,93.0,,,,77.0,64.94,,,310.0,280.0,,,,,45.0,80.0,,,1.0,,,,,,1.0,,,,,,,,,,
2011,7,6,,,167.0,112.0,102.0,189.0,21.0,1431.0,1701.0,0.0,,74.0,62.0,87.0,,,,77.0,66.02,,,220.0,330.0,,,,,45.0,63.0,,,9999.0,,,,,,1.0,,,,,,,,,,
2011,7,7,,,,,,,,,,,,,,,,,,,,,,,,,,,,,,,,-99.0,,,,,,,,,,,,,,,,
2011,7,8,,,,,,,,,,,,,,,,,,,,,,,,,,,,,,,,99.0,,,,,,,,,,,,,,,,
2011,7,9,,,172.0,10132.0,10122.0,200.0,30.0,1328.0,1327.0,0.0,,67.0,43.0,87.0,,,,80.06,69.98,,,280.0,280.0,,,,,63.0,72.0,,,-9999.0,,,,,,-9999.0,,,,,,,,,,
2011,7,10,,,,,,,,,,,,,,,,,,,,,,,,,,,,,,,,-9.0,,,,,,-9.0,,,,,,,,,,
2011,7,11,,,178.0,125.0,112.0,200.0,35.0,301.0,305.0,0.0,,71.0,47.0,84.0,,,,82.94,69.98,,,290.0,290.0,,,,,80.0,98.0,,,999.0,,,,,,999.0,,,,,,,,,,
2011,7,14,,,167.0,105.0,91.0,183.0,28.0,1346.0,1248.0,0.0,,74.0,64.0,81.0,,,,75.02,66.92,,,290.0,280.0,,,,,63.0,89.0,,,9999.0,,,,,,9999.0,,,,,,,,,,
2011,7,15,,,,,,,,,,,,,,,,,,,,,,,,,,,,,,,,-99.0,,,,,,-99.0,,,,,,,,,,
2011,7,16,,,,,,,,,,,,,,,,,,,,,,,,,,,,,,,,99.0,,,,,,99.0,,,,,,,,,,
2011,7,17,,,139.0,10146.0,10135.0,161.0,29.0,1514.0,1041.0,0.0,,72.0,63.0,78.0,,,,71.06,64.04,,,210.0,220.0,,,,,54.0,80.0,,,-9999.0,,,,,,-9999.0,,,,,,,,,,
2011,7,18,,,,,,,,,,,,,,,,,,,,,,,,,,,,,,,,-9.0,,,,,,,,,,,,,,,,
2011,7,19,,,133.0,146.0,135.0,156.0,26.0,941.0,349.0,0.0,,69.0,61.0,73.0,,,,75.02,64.04,,,220.0,220.0,,,,,63.0,76.0,,,999.0,,,,,,1.0,,,,,,,,,,
2011,7,20,,,,,,,,,,,,,,,,,,,,,,,,,,,,,,,,-999.0,,,,,,,,,,,,,,,,
2011,7,22,,,139.0,135.0,125.0,161.0,30.0,1332.0,1256.0,0.0,,71.0,63.0,76.0,,,,69.98,64.94,,,260.0,280.0,,,,,58.0,76.0,,,9999.0,,,,,,9999.0,,,,,,,,,,
2011,7,23,,,,,,,,,,,,,,,,,,,,,,,,,,,,,,,,-99.0,,,,,,-99.0,,,,,,,,,,
2011,7,24,,,,,,,,,,,,,,,,,,,,,,,,,,,,,,,,99.0,,,,,,99.0,,,,,,,,,,
2011,7,25,,,139.0,10115.0,10108.0,161.0,32.0,1452.0,1247.0,0.0,,69.0,57.0,79.0,,,,73.04,64.94,,,290.0,300.0,,,,,67.0,98.0,,,-9999.0,,,,,,-9999.0,,,,,,,,,,
2011,7,26,,,,,,,,,,,,,,,,,,,,,,,,,,,,,,,,-9.0,,,,,,-9.0,,,,,,,,,,
2011,7,27,,,150.0,115.0,105.0,172.0,32.0,242.0,124.0,0.0,,73.0,64.0,84.0,,,,73.04,64.94,,,280.0,280.0,,,,,63.0,98.0,,,999.0,,,,,,999.0,,,,,,,,,,
2011,7,28,,,,,,,,,,,,,,,,,,,,,,,,,,,,,,,,-999.0,,,,,,-999.0,,,,,,,,,,
2011,7,30,,,167.0,132.0,122.0,183.0,26.0,1350.0,1317.0,0.0,,77.0,64.0,87.0,,,,75.02,66.02,,,290.0,290.0,,,,,58.0,72.0,,,9999.0,,,,,,9999.0,,,,,,,,,,
2011,8,1,,,161.0,10139.0,10129.0,183.0,39.0,1148.0,1255.0,0.0,,69.0,59.0,84.0,,,,77.0,66.92,,,280.0,290.0,,,,,72.0,89.0,,,-9999.0,,,,,,-9999.0,,,,,,,,,,
2011,8,2,,,,,,,,,,,,,,,,,,,,,,,,,,,,,,,,-9.0,,,,,,-9.0,,,,,,,,,,
2011,8,3,,,161.0,119.0,108.0,189.0,38.0,216.0,216.0,0.0,,66.0,56.0,79.0,,,,78.98,69.08,,,290.0,290.0,,,,,80.0,94.0,,,999.0,,,,,,999.0,,,,,,,,,,
2011,8,4,,,,,,,,,,,,,,,,,,,,,,,,,,,,,,,,-999.0,,,,,,-999.0,,,,,,,,,,
2011,8,5,,,,,,,,,,,,,,,,,,,,,,,,,,,,,,,,9.0,,,,,,9.0,,,,,,,,,,
2011,8,6,,,156.0,125.0,119.0,172.0,24.0,1425.0,9999.0,0.0,,76.0,64.0,87.0,,,,73.94,62.959999999999994,,,290.0,9999.0,,,,,45.0,9999.0,,,1.0,,,,,,1.0,,,,,,,,,,
2011,8,7,,,,,,,,,16.0,,,,,,,,,,,,,,3.0,,,,,,,,,,,,,,,,,,,,,,,,,
2011,8,8,,,,,,,,,,,,,,,,,,,,,,,,,,,,,,,,99.0,,,,,,99.0,,,,,,,,,,
2011,8,9,,,144.0,10146.0,10135.0,167.0,29.0,1649.0,1401.0,0.0,,72.0,61.0,81.0,,,,73.04,64.04,,,300.0,320.0,,,,,67.0,76.0,,,-9999.0,,,,,,-9999.0,,,,,,,,,,
2011,8,10,,,,,,,,,,,,,,,,,,,,,,,,,,,,,,,,-9.0,,,,,,-9.0,,,,,,,,,,
2011,8,11,,,150.0,139.0,129.0,167.0,24.0,331.0,999.0,0.0,,75.0,64.0,84.0,,,,73.04,62.959999999999994,,,270.0,999.0,,,,,54.0,999.0,,,999.0,,,,,,999.0,,,,,,,,,,
2011,8,12,,,,,,,,,-999.0,,,,,,,,,,,,,,-999.0,,,,,,-999.0,,,,,,,,,,,,,,,,,,,
2011,8,13,,,,,,,,,9.0,,,,,,,,,,,,,,9.0,,,,,,9.0,,,,,,,,,,,,,,,,,,,
2011,8,14,,,139.0,135.0,125.0,156.0,26.0,1432.0,1255.0,0.0,,78.0,66.0,86.0,,,,69.08,62.059999999999995,,,220.0,190.0,,,,,58.0,89.0,,,1.0,,,,,,9999.0,,,,,,,,,,
2011,8,15,,,,,,,,,,,,,,,,,,,,,,,,,,,,,,,,,,,,,,-99.0,,,,,,,,,,
2011,8,16,,,,,,,,,,,,,,,,,,,,,,,,,,,,,,,,99.0,,,,,,99.0,,,,,,,,,,
2011,8,17,,,133.0,10152.0,10142.0,156.0,26.0,1506.0,1656.0,0.0,,73.0,63.0,78.0,,,,71.06,62.959999999999994,,,250.0,260.0,,,,,54.0,67.0,,,-9999.0,,,,,,-9999.0,,,,,,,,,,
2011,8,18,,,,,,,,,,,,,,,,,,,,,,,,,,,,,,,,-9.0,,,,,,-9.0,,,,,,,,,,
2011,8,19,,,144.0,142.0,129.0,161.0,24.0,356.0,346.0,0.0,,74.0,68.0,78.0,,,,71.06,64.04,,,280.0,290.0,,,,,58.0,80.0,,,999.0,,,,,,999.0,,,,,,,,,,
2011,8,20,,,,,,,,,,,,,,,,,,,,,,,,,,,,,,,,-999.0,,,,,,-999.0,,,,,,,,,,
2011,8,21,,,,,,,,,,,,,,,,,,,,,,,,,,,,,,,,9.0,,,,,,9.0,,,,,,,,,,
2011,8,22,,,161.0,125.0,112.0,178.0,23.0,1249.0,1209.0,0.0,,80.0,71.0,90.0,,,,73.04,64.94,,,310.0,280.0,,,,,63.0,80.0,,,1.0,,,,,,1.0,,,,,,,,,,
2011,8,25,,,156.0,10129.0,10119.0,172.0,21.0,1148.0,1147.0,0.0,,80.0,66.0,90.0,,,,71.06,60.980000000000004,,,300.0,300.0,,,,,63.0,76.0,,,1.0,,,,,,1.0,,,,,,,,,,
2011,8,27,,,161.0,135.0,125.0,178.0,29.0,300.0,201.0,0.0,,79.0,66.0,90.0,,,,73.04,64.04,,,290.0,310.0,,,,,63.0,80.0,,,1.0,,,,,,1.0,,,,,,,,,,
2011,8,30,,,144.0,125.0,115.0,161.0,28.0,1417.0,1416.0,0.0,,76.0,68.0,84.0,,,,69.98,62.959999999999994,,,210.0,210.0,,,,,54.0,63.0,,,9999.0,,,,,,1.0,,,,,,,,,,
2011,8,31,,,,,,,,,,,,,,,,,,,,,,,,,,,,,,,,-99.0,,,,,,,,,,,,,,,,
2011,9,1,,,156.0,10108.0,10102.0,172.0,31.0,1548.0,1356.0,0.0,,76.0,64.0,84.0,,,,73.94,64.94,,,290.0,290.0,,,,,67.0,80.0,,,-9999.0,-9999.0,,,,,-9999.0,,,,-9999.0,,-9999.0,,,,
2011,9,2,,,,,,,,,,,,,,,,,,,,,,,,,,,,,,,,-9.0,-9.0,,,,,-9.0,,,,-9.0,,-9.0,,,,
2011,9,3,,,156.0,119.0,108.0,172.0,36.0,435.0,140.0,0.0,,76.0,64.0,84.0,,,,73.04,64.94,,,290.0,290.0,,,,,76.0,94.0,,,999.0,999.0,,,,,999.0,,,,999.0,,999.0,,,,
2011,9,4,,,,,,,,,,,,,,,,,,,,,,,,,,,,,,,,,-999.0,,,,,,,,,,,-999.0,,,,
2011,9,6,,,156.0,112.0,102.0,172.0,32.0,1344.0,1352.0,0.0,,77.0,66.0,87.0,,,,73.94,64.04,,,290.0,300.0,,,,,76.0,94.0,,,9999.0,9999.0,,,,,9999.0,,,,9999.0,,9999.0,,,,
2011,9,7,,,,,,,,,,,,,,,,,,,,,,,,,,,,,,,,,-99.0,,,,,-99.0,,,,-99.0,,,,,,
2011,9,8,,,,,,,,,,,,,,,,,,,,,,,,,,,,,,,,,99.0,,,,,99.0,,,,99.0,,,,,,
2011,9,9,,,178.0,10108.0,10102.0,206.0,26.0,1145.0,1452.0,15.0,,64.0,43.0,90.0,,,,96.98,68.0,,,40.0,320.0,,,,,67.0,80.0,,,1.0,-9999.0,,,,,-9999.0,,,,1.0,,1.0,,,,
2011,9,10,,,,,,,,,,,,,,,,,,,,,,,,,,,,,,,,,-9.0,,,,,-9.0,,,,,,,,,,
2011,9,11,,,161.0,132.0,119.0,194.0,28.0,337.0,342.0,0.0,,59.0,32.0,84.0,,,,87.08000000000001,69.08,,,290.0,300.0,,,,,80.0,94.0,,,999.0,999.0,,,,,999.0,,,,999.0,,999.0,,,,
2011,9,12,,,,,,,,,,,,,,,,,,,,,,,,,,,,,,,,-999.0,-999.0,,,,,-999.0,,,,-999.0,,-999.0,,,,
2011,9,13,,,,,,,,,,,,,,,,,,,,,,,,,,,,,,,,9.0,9.0,,,,,,,,,9.0,,,,,,
2011,9,14,,,150.0,108.0,98.0,161.0,35.0,2212.0,9999.0,0.0,,78.0,70.0,93.0,,,,68.0,62.959999999999994,,,180.0,9999.0,,,,,49.0,9999.0,,,1.0,1.0,,,,,9999.0,,,,1.0,,9999.0,,,,
2011,9,15,,,,,,,,,13.0,,,,,,,,,,,,,,2.0,,,,,,,,,,,,,,,-99.0,,,,,,-99.0,,,,
2011,9,16,,,,,,,,,,,,,,,,,,,,,,,,,,,,,,,,99.0,99.0,,,,,99.0,,,,99.0,,99.0,,,,
2011,9,17,,,133.0,10152.0,10142.0,161.0,22.0,1457.0,1439.0,0.0,,65.0,55.0,78.0,,,,73.94,64.94,,,290.0,300.0,,,,,58.0,76.0,,,-9999.0,-9999.0,,,,,-9999.0,,,,-9999.0,,-9999.0,,,,
2011,9,18,,,,,,,,,,,,,,,,,,,,,,,,,,,,,,,,-9.0,-9.0,,,,,-9.0,,,,-9.0,,-9.0,,,,
2011,9,19,,,150.0,169.0,156.0,172.0,31.0,312.0,313.0,0.0,,74.0,63.0,87.0,,,,73.94,62.959999999999994,,,290.0,290.0,,,,,80.0,98.0,,,999.0,999.0,,,,,999.0,,,,999.0,,999.0,,,,
2011,9,20,,,,,,,,,,,,,,,,,,,,,,,,,,,,,,,,-999.0,-999.0,,,,,-999.0,,,,-999.0,,-999.0,,,,
2011,9,22,,,156.0,139.0,129.0,167.0,20.0,1549.0,1643.0,0.0,,78.0,68.0,84.0,,,,71.06,64.94,,,280.0,290.0,,,,,54.0,63.0,,,9999.0,9999.0,,,,,9999.0,,,,9999.0,,9999.0,,,,
2011,9,23,,,,,,,,,,,,,,,,,,,,,,,,,,,,,,,,-99.0,-99.0,,,,,-99.0,,,,-99.0,,-99.0,,,,
2011,9,24,,,,,,,,,,,,,,,,,,,,,,,,,,,,,,,,99.0,99.0,,,,,99.0,,,,99.0,,99.0,,,,
2011,9,25,,,139.0,10149.0,10135.0,156.0,26.0,2243.0,1130.0,0.0,,77.0,73.0,87.0,,,,66.02,62.959999999999994,,,200.0,260.0,,,,,54.0,67.0,,,1.0,-9999.0,,,,,-9999.0,,,,-9999.0,,-9999.0,,,,
2011,9,26,,,,,,,,,,,,,,,,,,,,,,,,,,,,,,,,,-9.0,,,,,-9.0,,,,-9.0,,-9.0,,,,
2011,9,27,,,128.0,166.0,152.0,150.0,21.0,516.0,248.0,0.0,,71.0,61.0,78.0,,,,69.98,62.059999999999995,,,260.0,300.0,,,,,54.0,67.0,,,999.0,999.0,,,,,999.0,,,,999.0,,999.0,,,,
2011,9,28,,,,,,,,,,,,,,,,,,,,,,,,,,,,,,,,,-999.0,,,,,,,,,,,-999.0,,,,
2011,9,30,,,161.0,149.0,135.0,172.0,26.0,1449.0,1413.0,0.0,,85.0,71.0,93.0,,,,71.06,62.959999999999994,,,300.0,300.0,,,,,54.0,76.0,,,1.0,9999.0,,,,,1.0,,,,1.0,,9999.0,,,,
2011,9,31,,,,,,,,,,,,,,,,,,,,,,,,,,,,,,,,,-99.0,,,,,,,,,,,-99.0,,,,
2011,10,1,,,156.0,10135.0,10129.0,178.0,22.0,,,0.0,,74.0,54.0,87.0,,,,75.92,64.04,,,290.0,280.0,,,,,72.0,80.0,,,-9999.0,-9999.0,,,,,1.0,,,,1.0,-9999.0,-9999.0,,,,
2011,10,2,,,,,,,,,,,,,,,,,,,,,,,,,,,,,,,,-9.0,-9.0,,,,,,,,,,-9.0,-9.0,,,,
2011,10,3,,,161.0,146.0,135.0,178.0,19.0,,,0.0,,73.0,50.0,90.0,,,,78.98,64.04,,,290.0,290.0,,,,,63.0,72.0,,,999.0,999.0,,,,,999.0,,,,999.0,999.0,999.0,,,,
2011,10,4,,,,,,,,,,,,,,,,,,,,,,,,,,,,,,,,-999.0,-999.0,,,,,-999.0,,,,-999.0,-999.0,-999.0,,,,
2011,10,5,,,,,,,,,,,,,,,,,,,,,,,,,,,,,,,,,,,,,,,,,,9.0,,9.0,,,,
2011,10,6,,,144.0,152.0,142.0,156.0,26.0,,,5.0,,78.0,70.0,90.0,,,,66.92,60.980000000000004,,,270.0,260.0,,,,,63.0,76.0,,,9999.0,9999.0,,,,,9999.0,,,,1.0,9999.0,1.0,,,,
2011,10,7,,,,,,,,,,,,,,,,,,,,,,,,,,,,,,,,-99.0,-99.0,,,,,-99.0,,,,,-99.0,,,,,
2011,10,8,,,,,,,,,,,,,,,,,,,,,,,,,,,,,,,,99.0,99.0,,,,,99.0,,,,,99.0,,,,,
2011,10,9,,,100.0,10142.0,10132.0,133.0,37.0,,,0.0,,64.0,54.0,75.0,,,,66.02,59.0,,,260.0,270.0,,,,,72.0,103.0,,,-9999.0,-9999.0,,,,,-9999.0,,,,-9999.0,-9999.0,-9999.0,,,,
2011,10,10,,,,,,,,,,,,,,,,,,,,,,,,,,,,,,,,-9.0,-9.0,,,,,-9.0,,,,-9.0,-9.0,-9.0,,,,
2011,10,11,,,111.0,176.0,163.0,133.0,19.0,,,0.0,,69.0,51.0,81.0,,,,69.08,55.94,,,300.0,300.0,,,,,72.0,89.0,,,999.0,999.0,,,,,999.0,,,,999.0,999.0,999.0,,,,
2011,10,12,,,,,,,,,,,,,,,,,,,,,,,,,,,,,,,,-999.0,-999.0,,,,,-999.0,,,,-999.0,-999.0,-999.0,,,,
2011,10,14,,,106.0,135.0,125.0,144.0,17.0,,,0.0,,59.0,33.0,84.0,,,,78.98,59.0,,,310.0,310.0,,,,,72.0,94.0,,,9999.0,9999.0,,,,,9999.0,,,,9999.0,9999.0,9999.0,,,,
2011,10,15,,,,,,,,,,,,,,,,,,,,,,,,,,,,,,,,,,,,,,-99.0,,,,,-99.0,-99.0,,,,
2011,10,16,,,,,,,,,,,,,,,,,,,,,,,,,,,,,,,,,,,,,,99.0,,,,,99.0,99.0,,,,
2011,10,17,,,139.0,10119.0,10105.0,156.0,18.0,,,0.0,,76.0,52.0,100.0,,,,73.94,57.02,,,290.0,320.0,,,,,58.0,72.0,,,1.0,1.0,,,,,1.0,,,,1.0,-9999.0,-9999.0,,,,
2011,10,18,,,,,,,,,,,,,,,,,,,,,,,,,,,,,,,,,,,,,,,,,,,-9.0,-9.0,,,,
2011,10,19,,,133.0,98.0,91.0,172.0,17.0,,,0.0,,55.0,29.0,79.0,,,,89.06,62.059999999999995,,,330.0,310.0,,,,,54.0,63.0,,,999.0,999.0,,,,,999.0,,,,999.0,999.0,999.0,,,,
2011,10,20,,,,,,,,,,,,,,,,,,,,,,,,,,,,,,,,-999.0,-999.0,,,,,-999.0,,,,-999.0,-999.0,-999.0,,,,
2011,10,21,,,,,,,,,,,,,,,,,,,,,,,,,,,,,,,,,,,,,,9.0,,,,9.0,,,,,,
2011,10,22,,,161.0,119.0,108.0,172.0,19.0,,,0.0,,84.0,71.0,90.0,,,,73.04,62.959999999999994,,,180.0,200.0,,,,,54.0,72.0,,,9999.0,9999.0,,,,,1.0,,,,1.0,9999.0,9999.0,,,,
2011,10,23,,,,,,,,,,,,,,,,,,,,,,,,,,,,,,,,-99.0,-99.0,,,,,,,,,,-99.0,-99.0,,,,
2011,10,24,,,,,,,,,,,,,,,,,,,,,,,,,,,,,,,,99.0,99.0,,,,,,,,,,99.0,99.0,,,,
2011,10,25,,,150.0,10163.0,10152.0,167.0,32.0,,,0.0,,80.0,68.0,87.0,,,,69.98,62.059999999999995,,,300.0,300.0,,,,,72.0,94.0,,,-9999.0,-9999.0,,,,,1.0,,,,1.0,-9999.0,-9999.0,,,,
2011,10,26,,,,,,,,,,,,,,,,,,,,,,,,,,,,,,,,,,,,,,,,,,,-9.0,-9.0,,,,
2011,10,27,,,150.0,169.0,159.0,161.0,27.0,,,0.0,,87.0,73.0,100.0,,,,69.98,57.92,,,300.0,290.0,,,,,58.0,72.0,,,1.0,1.0,,,,,1.0,,,,1.0,999.0,999.0,,,,
2011,10,28,,,,,,,,,,,,,,,,,,,,,,,,,,,,,,,,,,,,,,,,,,,-999.0,-999.0,,,,
2011,10,29,,,,,,,,,,,,,,,,,,,,,,,,,,,,,,,,,,,,,,,,,,,9.0,9.0,,,,
2011,10,30,,,139.0,139.0,129.0,150.0,16.0,,,,,83.0,73.0,93.0,,,,64.94,60.980000000000004,,,290.0,290.0,,,,,40.0,54.0,,,9999.0,9999.0,,,,,9999.0,,,,1.0,1.0,1.0,,,,
2011,10,31,,,,,,,,,,,,,,,,,,,,,,,,,,,,,,,,-99.0,-99.0,,,,,,,,,,,,,,,
2011,11,1,,,122.0,10146.0,10135.0,139.0,16.0,9999.0,-9999.0,0.0,,80.0,70.0,97.0,,,,64.94,55.94,,,210.0,250.0,,,,,45.0,58.0,,,-9999.0,-9999.0,,,,,1.0,,,,1.0,,-9999.0,,,,
2011,11,2,,,,,,,,,-9.0,,,,,,,,,,,,,,,,,,,,,,,-9.0,-9.0,,,,,,,,,,,-9.0,,,,
2011,11,3,,,89.0,173.0,163.0,133.0,16.0,,999.0,0.0,,65.0,12.0,93.0,,,,80.96,55.04,,,180.0,180.0,,,,,67.0,76.0,,,999.0,999.0,,,,,999.0,,,,1.0,,999.0,,,,
2011,11,4,,,,,,,,,-999.0,,,,,,,,,,,,,,,,,,,,,,,-999.0,-999.0,,,,,-999.0,,,,,,-999.0,,,,
2011,11,5,,,,,,,,,,,,,,,,,,,,,,,,,,,,,,,,,,,,,,,,,,9.0,,9.0,,,,
2011,11,6,,,111.0,102.0,91.0,122.0,41.0,9999.0,9999.0,150.0,,80.0,67.0,89.0,,,,62.959999999999994,51.98,,,300.0,300.0,,,,,130.0,161.0,,,9999.0,9999.0,,,,,9999.0,,,,1.0,,1.0,,,,
2011,11,7,,,,,,,,,-99.0,,,,,,,,,,,,,,,,,,,,,,,,-99.0,,,,,-99.0,,,,,,,,,,
2011,11,8,,,,,,,,,99.0,,,,,,,,,,,,,,,,,,,,,,,,99.0,,,,,99.0,,,,99.0,,,,,,
2011,11,9,,,83.0,10173.0,10163.0,111.0,30.0,9999.0,-9999.0,13.0,,72.0,62.0,87.0,,,,60.980000000000004,53.06,,,180.0,170.0,,,,,89.0,103.0,,,1.0,-9999.0,,,,,-9999.0,,,,-9999.0,,1.0,,,,
2011,11,10,,,,,,,,,-9.0,,,,,,,,,,,,,,,,,,,,,,,,-9.0,,,,,-9.0,,,,-9.0,,,,,,
2011,11,11,,,83.0,203.0,193.0,111.0,13.0,,999.0,0.0,,68.0,43.0,83.0,,,,64.04,51.98,,,290.0,300.0,,,,,54.0,72.0,,,999.0,999.0,,,,,999.0,,,,999.0,,999.0,,,,
2011,11,12,,,,,,,,,-999.0,,,,,,,,,,,,,,,,,,,,,,,-999.0,-999.0,,,,,-999.0,,,,-999.0,,-999.0,,,,
2011,11,14,,,11.0,217.0,207.0,89.0,10.0,9999.0,9999.0,0.0,,40.0,15.0,72.0,,,,73.94,48.92,,,340.0,310.0,,,,,54.0,67.0,,,9999.0,9999.0,,,,,9999.0,,,,9999.0,,9999.0,,,,
2011,11,15,,,,,,,,,-99.0,,,,,,,,,,,,,,,,,,,,,,,-99.0,-99.0,,,,,-99.0,,,,-99.0,,-99.0,,,,
2011,11,16,,,,,,,,,99.0,,,,,,,,,,,,,,,,,,,,,,,99.0,99.0,,,,,99.0,,,,99.0,,99.0,,,,
2011,11,17,,,56.0,10132.0,10119.0,117.0,17.0,9999.0,-9999.0,0.0,,47.0,23.0,73.0,,,,71.06,57.92,,,120.0,120.0,,,,,67.0,94.0,,,-9999.0,-9999.0,,,,,1.0,,,,-9999.0,,1.0,,,,
2011,11,18,,,,,,,,,-9.0,,,,,,,,,,,,,,,,,,,,,,,,-9.0,,,,,,,,,,,,,,,
2011,11,19,,,83.0,95.0,85.0,117.0,35.0,,999.0,356.0,,69.0,25.0,93.0,,,,64.04,53.06,,,60.0,90.0,,,,,94.0,116.0,,,1.0,999.0,,,,,999.0,,,,1.0,,1.0,,,,
2011,11,20,,,,,,,,,-999.0,,,,,,,,,,,,,,,,,,,,,,,,-999.0,,,,,-999.0,,,,,,,,,,
2011,11,22,,,111.0,156.0,146.0,133.0,16.0,9999.0,9999.0,0.0,,76.0,68.0,90.0,,,,64.94,53.96,,,270.0,240.0,,,,,54.0,72.0,,,9999.0,9999.0,,,,,9999.0,,,,9999.0,,9999.0,,,,
2011,11,23,,,,,,,,,-99.0,,,,,,,,,,,,,,,,,,,,,,,-99.0,-99.0,,,,,-99.0,,,,-99.0,,-99.0,,,,
2011,11,24,,,,,,,,,99.0,,,,,,,,,,,,,,,,,,,,,,,99.0,99.0,,,,,99.0,,,,99.0,,99.0,,,,
2011,11,25,,,117.0,10196.0,10186.0,133.0,19.0,9999.0,-9999.0,0.0,,77.0,59.0,97.0,,,,66.02,55.04,,,290.0,290.0,,,,,67.0,80.0,,,1.0,-9999.0,,,,,-9999.0,,,,1.0,,-9999.0,,,,
2011,11,26,,,,,,,,,-9.0,,,,,,,,,,,,,,,,,,,,,,,,,,,,,,,,,,,-9.0,,,,
2011,11,27,,,122.0,179.0,169.0,133.0,16.0,,999.0,0.0,,88.0,78.0,100.0,,,,62.059999999999995,53.06,,,290.0,270.0,,,,,54.0,63.0,,,1.0,1.0,,,,,1.0,,,,1.0,,999.0,,,,
2011,11,28,,,,,,,,,-999.0,,,,,,,,,,,,,,,,,,,,,,,,,,,,,,,,,,,-999.0,,,,
2011,11,30,,,89.0,149.0,139.0,117.0,28.0,9999.0,9999.0,0.0,,64.0,56.0,72.0,,,,64.04,55.94,,,250.0,240.0,,,,,58.0,80.0,,,9999.0,9999.0,,,,,9999.0,,,,9999.0,,9999.0,,,,
2011,11,31,,,,,,,,,-99.0,,,,,,,,,,,,,,,,,,,,,,,,-99.0,,,,,-99.0,,,,,,,,,,
2011,12,1,,,28.0,10095.0,10085.0,94.0,25.0,,,0.0,,45.0,25.0,87.0,,,,66.92,55.04,,,300.0,50.0,,,,,72.0,94.0,,,-9999.0,-9999.0,-9999.0,,,,-9999.0,,,,-9999.0,,-9999.0,,,,
2011,12,2,,,,,,,,,,,,,,,,,,,,,,,,,,,,,,,,-9.0,-9.0,-9.0,,,,-9.0,,,,-9.0,,-9.0,,,,
2011,12,3,,,50.0,156.0,149.0,100.0,20.0,,,0.0,,55.0,33.0,75.0,,,,64.04,53.06,,,260.0,280.0,,,,,63.0,89.0,,,999.0,999.0,999.0,,,,999.0,,,,999.0,,999.0,,,,
2011,12,4,,,,,,,,,,,,,,,,,,,,,,,,,,,,,,,,-999.0,-999.0,-999.0,,,,-999.0,,,,-999.0,,-999.0,,,,
2011,12,6,,,-6.0,224.0,213.0,67.0,15.0,,,0.0,,43.0,27.0,57.0,,,,62.059999999999995,44.06,,,320.0,330.0,,,,,67.0,80.0,,,9999.0,9999.0,9999.0,,,,9999.0,,,,9999.0,,9999.0,,,,
2011,12,7,,,,,,,,,,,,,,,,,,,,,,,,,,,,,,,,-99.0,-99.0,-99.0,,,,-99.0,,,,-99.0,,-99.0,,,,
2011,12,8,,,,,,,,,,,,,,,,,,,,,,,,,,,,,,,,99.0,99.0,99.0,,,,99.0,,,,99.0,,99.0,,,,
2011,12,9,,,-39.0,10254.0,10244.0,50.0,13.0,,,0.0,,37.0,13.0,56.0,,,,62.059999999999995,41.0,,,300.0,290.0,,,,,54.0,67.0,,,-9999.0,-9999.0,-9999.0,,,,-9999.0,,,,-9999.0,,-9999.0,,,,
2011,12,10,,,,,,,,,,,,,,,,,,,,,,,,,,,,,,,,-9.0,-9.0,-9.0,,,,-9.0,,,,-9.0,,-9.0,,,,
2011,12,11,,,-11.0,210.0,196.0,61.0,13.0,,,0.0,,44.0,12.0,61.0,,,,64.94,42.08,,,300.0,310.0,,,,,58.0,72.0,,,999.0,999.0,999.0,,,,999.0,,,,999.0,,999.0,,,,
2011,12,12,,,,,,,,,,,,,,,,,,,,,,,,,,,,,,,,-999.0,-999.0,-999.0,,,,,,,,-999.0,,-999.0,,,,
2011,12,14,,,39.0,200.0,190.0,89.0,9.0,,,0.0,,56.0,32.0,72.0,,,,66.92,44.06,,,320.0,320.0,,,,,45.0,58.0,,,9999.0,9999.0,9999.0,,,,1.0,,,,9999.0,,9999.0,,,,
2011,12,15,,,,,,,,,,,,,,,,,,,,,,,,,,,,,,,,-99.0,-99.0,-99.0,,,,,,,,,,-99.0,,,,
2011,12,16,,,,,,,,,,,,,,,,,,,,,,,,,,,,,,,,99.0,99.0,99.0,,,,,,,,,,99.0,,,,
2011,12,17,,,67.0,10149.0,10135.0,94.0,15.0,,,0.0,,67.0,56.0,96.0,,,,60.08,48.02,,,260.0,270.0,,,,,36.0,45.0,,,-9999.0,-9999.0,-9999.0,,,,1.0,,,,1.0,,-9999.0,,,,
2011,12,18,,,,,,,,,,,,,,,,,,,,,,,,,,,,,,,,-9.0,-9.0,,,,,,,,,,,,,,,
2011,12,19,,,89.0,98.0,88.0,106.0,31.0,,,130.0,,79.0,67.0,87.0,,,,57.92,51.08,,,140.0,130.0,,,,,80.0,107.0,,,999.0,999.0,1.0,,,,999.0,,,,1.0,,1.0,,,,
2011,12,20,,,,,,,,,,,,,,,,,,,,,,,,,,,,,,,,,-999.0,,,,,-999.0,,,,,,,,,,
2011,12,21,,,,,,,,,,,,,,,,,,,,,,,,,,,,,,,,,,,,,,,,,,9.0,,,,,,
2011,12,22,,,83.0,237.0,230.0,100.0,13.0,,,,,77.0,60.0,90.0,,,,60.980000000000004,46.94,,,290.0,290.0,,,,,45.0,58.0,,,1.0,9999.0,9999.0,,,,9999.0,,,,1.0,,1.0,,,,
2011,12,23,,,,,,,,,,,,,,,,,,,,,,,,,,,,,,,,,-99.0,-99.0,,,,,,,,,,,,,,
2011,12,24,,,,,,,,,,,,,,,,,,,,,,,,,,,,,,,,99.0,99.0,99.0,,,,,,,,99.0,,,,,,
2011,12,25,,,33.0,10176.0,10163.0,89.0,24.0,,,0.0,,52.0,31.0,83.0,,,,62.959999999999994,46.04,,,70.0,70.0,,,,,103.0,139.0,,,-9999.0,-9999.0,-9999.0,,,,-9999.0,,,,-9999.0,,1.0,,,,
2011,12,26,,,,,,,,,,,,,,,,,,,,,,,,,,,,,,,,-9.0,-9.0,-9.0,,,,-9.0,,,,-9.0,,,,,,
2011,12,27,,,72.0,186.0,179.0,106.0,13.0,,,,,68.0,47.0,81.0,,,,62.059999999999995,48.02,,,220.0,200.0,,,,,45.0,58.0,,,999.0,999.0,999.0,,,,999.0,,,,999.0,,1.0,,,,
2011,12,28,,,,,,,,,,,,,,,,,,,,,,,,,,,,,,,,-999.0,-999.0,-999.0,,,,-999.0,,,,-999.0,,,,,,
2011,12,29,,,,,,,,,,,,,,,,,,,,,,,,,,,,,,,,,,,,,,,,,,,,9.0,,,,
2011,12,30,,,89.0,183.0,169.0,111.0,17.0,,,5.0,,75.0,65.0,83.0,,,,59.0,51.08,,,170.0,170.0,,,,,54.0,67.0,,,9999.0,9999.0,9999.0,,,,9999.0,,,,9999.0,,1.0,,,,
2011,12,31,,,,,,,,,,,,,,,,,,,,,,,,,,,,,,,,-99.0,-99.0,-99.0,,,,,,,,-99.0,,,,,,
2012,1,1,,,100.0,10207.0,10196.0,117.0,13.0,,,0.0,,86.0,61.0,100.0,,,,66.92,46.94,,,330.0,100.0,,,,,45.0,63.0,,,1.0,1.0,,,,,1.0,,,,1.0,,-9999.0,,,,
2012,1,2,,,,,,,,,,,,,,,,,,,,,,,,,,,,,,,,,,,,,,,,,,,,-9.0,,,,
2012,1,3,,,106.0,220.0,213.0,117.0,20.0,,,0.0,,84.0,54.0,100.0,,,,69.08,46.94,,,320.0,320.0,,,,,67.0,80.0,,,1.0,1.0,,,,,1.0,,,,1.0,,999.0,,,,
2012,1,4,,,,,,,,,,,,,,,,,,,,,,,,,,,,,,,,,,,,,,,,,,,,-999.0,,,,
2012,1,6,,,44.0,224.0,213.0,111.0,13.0,,,0.0,,46.0,22.0,69.0,,,,78.98,50.0,,,320.0,300.0,,,,,45.0,54.0,,,9999.0,9999.0,,,,,9999.0,,,,9999.0,,9999.0,,,,
2012,1,7,,,,,,,,,,,,,,,,,,,,,,,,,,,,,,,,-99.0,-99.0,,,,,-99.0,,,,-99.0,,-99.0,,,,
2012,1,8,,,,,,,,,,,,,,,,,,,,,,,,,,,,,,,,99.0,99.0,,,,,99.0,,,,99.0,,99.0,,,,
2012,1,9,,,72.0,10159.0,10149.0,111.0,10.0,,,0.0,,64.0,30.0,93.0,,,,68.0,50.0,,,160.0,300.0,,,,,36.0,45.0,,,-9999.0,-9999.0,,,,,-9999.0,,,,1.0,,-9999.0,,,,
2012,1,10,,,,,,,,,,,,,,,,,,,,,,,,,,,,,,,,-9.0,-9.0,,,,,,,,,,,-9.0,,,,
2012,1,11,,,94.0,166.0,156.0,111.0,19.0,,,0.0,,77.0,72.0,83.0,,,,59.0,51.98,,,210.0,230.0,,,,,40.0,58.0,,,999.0,999.0,,,,,1.0,,,,1.0,,999.0,,,,
2012,1,12,,,,,,,,,,,,,,,,,,,,,,,,,,,,,,,,-999.0,-999.0,,,,,,,,,,,-999.0,,,,
2012,1,14,,,6.0,220.0,213.0,89.0,10.0,,,0.0,,43.0,12.0,72.0,,,,73.94,46.94,,,330.0,330.0,,,,,40.0,54.0,,,9999.0,9999.0,,,,,1.0,,,,9999.0,,9999.0,,,,
2012,1,15,,,,,,,,,,,,,,,,,,,,,,,,,,,,,,,,-99.0,-99.0,,,,,,,,,-99.0,,-99.0,,,,
2012,1,16,,,,,,,,,,,,,,,,,,,,,,,,,,,,,,,,99.0,99.0,,,,,,,,,99.0,,99.0,,,,
2012,1,17,,,56.0,10169.0,10159.0,100.0,15.0,,,0.0,,56.0,35.0,87.0,,,,66.92,51.08,,,300.0,300.0,,,,,58.0,67.0,,,-9999.0,-9999.0,,,,,-9999.0,,,,1.0,,-9999.0,,,,
2012,1,18,,,,,,,,,,,,,,,,,,,,,,,,,,,,,,,,-9.0,-9.0,,,,,,,,,,,-9.0,,,,
2012,1,19,,,100.0,166.0,152.0,122.0,9.0,,,0.0,,70.0,44.0,90.0,,,,69.98,51.98,,,320.0,10.0,,,,,40.0,58.0,,,999.0,999.0,,,,,1.0,,,,1.0,,999.0,,,,
2012,1,20,,,,,,,,,,,,,,,,,,,,,,,,,,,,,,,,-999.0,-999.0,,,,,,,,,,,-999.0,,,,
2012,1,21,,,,,,,,,,,,,,,,,,,,,,,,,,,,,,,,,,,,,,9.0,,,,,,,,,,
2012,1,22,,,-39.0,207.0,196.0,61.0,5.0,,,0.0,,33.0,16.0,61.0,,,,66.92,46.04,,,230.0,230.0,,,,,40.0,45.0,,,9999.0,9999.0,,,,,1.0,,,,9999.0,,9999.0,,,,
2012,1,23,,,,,,,,,,,,,,,,,,,,,,,,,,,,,,,,,-99.0,,,,,,,,,,,,,,,
2012,1,24,,,,,,,,,,,,,,,,,,,,,,,,,,,,,,,,,99.0,,,,,99.0,,,,,,,,,,
2012,1,25,,,78.0,10224.0,10213.0,100.0,20.0,,,5.0,,72.0,55.0,93.0,,,,57.92,51.08,,,270.0,260.0,,,,,67.0,76.0,,,1.0,-9999.0,,,,,-9999.0,,,,1.0,,1.0,,,,
2012,1,26,,,,,,,,,,,,,,,,,,,,,,,,,,,,,,,,,-9.0,,,,,-9.0,,,,,,,,,,
2012,1,27,,,44.0,254.0,244.0,83.0,20.0,,,0.0,,61.0,49.0,74.0,,,,57.92,48.92,,,300.0,290.0,,,,,58.0,72.0,,,999.0,999.0,,,,,999.0,,,,999.0,,999.0,,,,
2012,1,28,,,,,,,,,,,,,,,,,,,,,,,,,,,,,,,,-999.0,-999.0,,,,,,,,,,,-999.0,,,,
2012,1,30,,,83.0,200.0,190.0,100.0,13.0,,,0.0,,78.0,63.0,89.0,,,,60.980000000000004,44.96,,,320.0,10.0,,,,,45.0,63.0,,,9999.0,9999.0,,,,,1.0,,,,1.0,,9999.0,,,,
2012,1,31,,,,,,,,,,,,,,,,,,,,,,,,,,,,,,,,-99.0,-99.0,,,,,,,,,,,-99.0,,,,
2012,2,1,,,94.0,10207.0,10190.0,117.0,18.0,,,0.0,,74.0,52.0,83.0,,,,66.92,50.0,,,300.0,330.0,,,,,76.0,98.0,,,-9999.0,-9999.0,,,,,1.0,,,,1.0,,-9999.0,,,,
2012,2,2,,,,,,,,,,,,,,,,,,,,,,,,,,,,,,,,-9.0,-9.0,,,,,,,,,,,-9.0,,,,
2012,2,3,,,89.0,159.0,146.0,111.0,9.0,,,0.0,,76.0,62.0,86.0,,,,62.059999999999995,50.0,,,230.0,280.0,,,,,40.0,63.0,,,999.0,999.0,,,,,1.0,,,,1.0,,999.0,,,,
2012,2,4,,,,,,,,,,,,,,,,,,,,,,,,,,,,,,,,,,,,,,,,,,,,-999.0,,,,
2012,2,6,,,-11.0,166.0,156.0,89.0,12.0,,,0.0,,35.0,13.0,75.0,,,,73.04,48.92,,,310.0,300.0,,,,,54.0,67.0,,,9999.0,9999.0,,,,,9999.0,,,,9999.0,,9999.0,,,,
2012,2,7,,,,,,,,,,,,,,,,,,,,,,,,,,,,,,,,-99.0,-99.0,,,,,,,,,-99.0,,-99.0,,,,
2012,2,8,,,,,,,,,,,,,,,,,,,,,,,,,,,,,,,,99.0,99.0,,,,,,,,,99.0,,99.0,,,,
2012,2,9,,,22.0,10152.0,10142.0,94.0,6.0,,,0.0,,42.0,21.0,67.0,,,,69.98,48.92,,,250.0,260.0,,,,,36.0,45.0,,,-9999.0,-9999.0,,,,,-9999.0,,,,-9999.0,,-9999.0,,,,
2012,2,10,,,,,,,,,,,,,,,,,,,,,,,,,,,,,,,,-9.0,-9.0,,,,,-9.0,,,,,,,,,,
2012,2,11,,,106.0,142.0,135.0,128.0,28.0,,,74.0,,77.0,56.0,87.0,,,,62.059999999999995,55.94,,,170.0,160.0,,,,,116.0,139.0,,,999.0,999.0,,,,,999.0,,,,1.0,,1.0,,,,
2012,2,12,,,,,,,,,,,,,,,,,,,,,,,,,,,,,,,,-999.0,-999.0,,,,,-999.0,,,,,,,,,,
2012,2,14,,,44.0,210.0,200.0,111.0,16.0,,,0.0,,43.0,26.0,72.0,,,,75.02,53.96,,,300.0,310.0,,,,,67.0,80.0,,,9999.0,9999.0,,,,,9999.0,,,,9999.0,,9999.0,,,,
2012,2,15,,,,,,,,,,,,,,,,,,,,,,,,,,,,,,,,-99.0,-99.0,,,,,-99.0,,,,-99.0,,-99.0,,,,
2012,2,16,,,,,,,,,,,,,,,,,,,,,,,,,,,,,,,,99.0,99.0,,,,,99.0,,,,99.0,,99.0,,,,
2012,2,17,,,83.0,10176.0,10166.0,117.0,36.0,,,0.0,,67.0,56.0,78.0,,,,62.059999999999995,57.02,,,270.0,290.0,,,,,72.0,98.0,,,-9999.0,-9999.0,,,,,-9999.0,,,,-9999.0,,1.0,,,,
2012,2,18,,,,,,,,,,,,,,,,,,,,,,,,,,,,,,,,-9.0,-9.0,,,,,-9.0,,,,-9.0,,,,,,
2012,2,19,,,89.0,169.0,159.0,117.0,33.0,,,,,69.0,58.0,78.0,,,,62.059999999999995,55.04,,,280.0,260.0,,,,,67.0,80.0,,,999.0,999.0,,,,,999.0,,,,999.0,,1.0,,,,
2012,2,20,,,,,,,,,,,,,,,,,,,,,,,,,,,,,,,,,-999.0,,,,,-999.0,,,,,,,,,,
2012,2,22,,,56.0,169.0,159.0,94.0,40.0,,,56.0,,63.0,49.0,80.0,,,,59.0,48.02,,,300.0,300.0,,,,,98.0,143.0,,,9999.0,9999.0,,,,,9999.0,,,,9999.0,,1.0,,,,
2012,2,23,,,,,,,,,,,,,,,,,,,,,,,,,,,,,,,,,-99.0,,,,,-99.0,,,,-99.0,,,,,,
2012,2,24,,,,,,,,,,,,,,,,,,,,,,,,,,,,,,,,,99.0,,,,,99.0,,,,99.0,,,,,,
2012,2,25,,,56.0,10176.0,10163.0,94.0,21.0,,,0.0,,62.0,41.0,83.0,,,,64.04,46.04,,,320.0,320.0,,,,,72.0,103.0,,,-9999.0,-9999.0,,,,,-9999.0,,,,-9999.0,,-9999.0,,,,
2012,2,26,,,,,,,,,,,,,,,,,,,,,,,,,,,,,,,,-9.0,-9.0,,,,,-9.0,,,,-9.0,,-9.0,,,,
2012,2,27,,,50.0,210.0,196.0,94.0,13.0,,,0.0,,57.0,25.0,87.0,,,,68.0,46.94,,,270.0,260.0,,,,,45.0,58.0,,,999.0,999.0,,,,,999.0,,,,999.0,,999.0,,,,
2012,2,28,,,,,,,,,,,,,,,,,,,,,,,,,,,,,,,,-999.0,-999.0,,,,,-999.0,,,,-999.0,,-999.0,,,,
2012,2,30,,,89.0,179.0,169.0,111.0,23.0,,,0.0,,72.0,56.0,84.0,,,,62.059999999999995,53.96,,,260.0,280.0,,,,,67.0,94.0,,,9999.0,9999.0,,,,,9999.0,,,,9999.0,,9999.0,,,,
2012,2,31,,,,,,,,,,,,,,,,,,,,,,,,,,,,,,,,-99.0,-99.0,,,,,-99.0,,,,-99.0,,-99.0,,,,
2012,3,1,,,67.0,10217.0,10207.0,100.0,30.0,,,0.0,,64.0,53.0,81.0,,,,60.08,51.98,,,230.0,240.0,,,,,63.0,80.0,,,-9999.0,-9999.0,,,,,-9999.0,,,,-9999.0,-9999.0,-9999.0,,,,
2012,3,2,,,,,,,,,,,,,,,,,,,,,,,,,,,,,,,,-9.0,-9.0,,,,,-9.0,,,,-9.0,-9.0,-9.0,,,,
2012,3,3,,,67.0,213.0,207.0,106.0,16.0,,,0.0,,63.0,49.0,77.0,,,,66.02,48.92,,,300.0,300.0,,,,,63.0,72.0,,,999.0,999.0,,,,,999.0,,,,999.0,999.0,999.0,,,,
2012,3,4,,,,,,,,,,,,,,,,,,,,,,,,,,,,,,,,-999.0,-999.0,,,,,-999.0,,,,-999.0,-999.0,-999.0,,,,
2012,3,6,,,-22.0,176.0,163.0,94.0,15.0,,,0.0,,26.0,11.0,45.0,,,,80.96,51.08,,,330.0,330.0,,,,,58.0,63.0,,,9999.0,9999.0,,,,,9999.0,,,,9999.0,9999.0,9999.0,,,,
2012,3,7,,,,,,,,,,,,,,,,,,,,,,,,,,,,,,,,,,,,,,-99.0,,,,,-99.0,-99.0,,,,
2012,3,8,,,,,,,,,,,,,,,,,,,,,,,,,,,,,,,,,,,,,,99.0,,,,,99.0,99.0,,,,
2012,3,9,,,83.0,10139.0,10125.0,106.0,43.0,,,0.0,,71.0,55.0,84.0,,,,60.08,53.06,,,240.0,230.0,,,,,72.0,103.0,,,-9999.0,-9999.0,,,,,-9999.0,,,,-9999.0,-9999.0,1.0,,,,
2012,3,10,,,,,,,,,,,,,,,,,,,,,,,,,,,,,,,,-9.0,-9.0,,,,,-9.0,,,,-9.0,-9.0,,,,,
2012,3,11,,,-22.0,169.0,163.0,67.0,34.0,,,,,39.0,12.0,66.0,,,,62.959999999999994,51.08,,,320.0,320.0,,,,,89.0,112.0,,,999.0,999.0,,,,,999.0,,,,999.0,999.0,1.0,,,,
2012,3,12,,,,,,,,,,,,,,,,,,,,,,,,,,,,,,,,-999.0,-999.0,,,,,-999.0,,,,-999.0,-999.0,,,,,
2012,3,13,,,,,,,,,,,,,,,,,,,,,,,,,,,,,,,,,,,,,,9.0,,,,,,,,,,
2012,3,14,,,-6.0,203.0,193.0,94.0,21.0,,,0.0,,29.0,13.0,56.0,,,,80.96,50.0,,,300.0,310.0,,,,,80.0,98.0,,,9999.0,9999.0,,,,,1.0,,,,9999.0,9999.0,9999.0,,,,
2012,3,15,,,,,,,,,,,,,,,,,,,,,,,,,,,,,,,,-99.0,-99.0,,,,,,,,,-99.0,-99.0,-99.0,,,,
2012,3,16,,,,,,,,,,,,,,,,,,,,,,,,,,,,,,,,99.0,99.0,,,,,,,,,99.0,99.0,99.0,,,,
2012,3,17,,,78.0,10179.0,10169.0,106.0,27.0,,,0.0,,70.0,62.0,77.0,,,,59.0,53.96,,,220.0,240.0,,,,,63.0,72.0,,,-9999.0,-9999.0,,,,,-9999.0,,,,-9999.0,-9999.0,-9999.0,,,,
2012,3,18,,,,,,,,,,,,,,,,,,,,,,,,,,,,,,,,-9.0,-9.0,,,,,-9.0,,,,-9.0,-9.0,-9.0,,,,
2012,3,19,,,78.0,179.0,169.0,106.0,21.0,,,0.0,,67.0,58.0,75.0,,,,62.059999999999995,53.96,,,290.0,300.0,,,,,54.0,80.0,,,999.0,999.0,,,,,999.0,,,,999.0,999.0,999.0,,,,
2012,3,20,,,,,,,,,,,,,,,,,,,,,,,,,,,,,,,,-999.0,-999.0,,,,,-999.0,,,,-999.0,-999.0,-999.0,,,,
2012,3,22,,,94.0,207.0,196.0,117.0,35.0,,,0.0,,71.0,62.0,84.0,,,,62.059999999999995,55.94,,,300.0,290.0,,,,,80.0,103.0,,,9999.0,9999.0,,,,,9999.0,,,,9999.0,9999.0,9999.0,,,,
2012,3,23,,,,,,,,,,,,,,,,,,,,,,,,,,,,,,,,-99.0,-99.0,,,,,-99.0,,,,-99.0,-99.0,-99.0,,,,
2012,3,24,,,,,,,,,,,,,,,,,,,,,,,,,,,,,,,,99.0,99.0,,,,,99.0,,,,99.0,99.0,99.0,,,,
2012,3,25,,,106.0,10173.0,10163.0,122.0,23.0,,,8.0,,79.0,72.0,93.0,,,,60.980000000000004,55.04,,,220.0,220.0,,,,,54.0,67.0,,,-9999.0,-9999.0,,,,,-9999.0,,,,1.0,-9999.0,1.0,,,,
2012,3,26,,,,,,,,,,,,,,,,,,,,,,,,,,,,,,,,-9.0,-9.0,,,,,-9.0,,,,,-9.0,,,,,
2012,3,27,,,94.0,105.0,98.0,111.0,59.0,,,89.0,,81.0,57.0,93.0,,,,57.92,51.98,,,230.0,220.0,,,,,139.0,174.0,,,999.0,999.0,,,,,999.0,,,,1.0,999.0,1.0,,,,
2012,3,28,,,,,,,,,,,,,,,,,,,,,,,,,,,,,,,,-999.0,-999.0,,,,,-999.0,,,,,-999.0,,,,,
2012,3,29,,,,,,,,,,,,,,,,,,,,,,,,,,,,,,,,,,,,,,9.0,,,,9.0,,,,,,
2012,3,30,,,67.0,159.0,149.0,89.0,28.0,,,33.0,,74.0,59.0,93.0,,,,57.92,48.92,,,270.0,280.0,,,,,94.0,112.0,,,9999.0,9999.0,,,,,1.0,,,,1.0,9999.0,1.0,,,,
2012,3,31,,,,,,,,,,,,,,,,,,,,,,,,,,,,,,,,-99.0,-99.0,,,,,,,,,,-99.0,,,,,
2012,4,1,,,72.0,10176.0,10166.0,106.0,38.0,,,0.0,,62.0,52.0,70.0,,,,62.059999999999995,55.04,,,300.0,320.0,,,,,80.0,112.0,,,-9999.0,-9999.0,,,,,-9999.0,,,,-9999.0,,1.0,,,,
2012,4,2,,,,,,,,,,,,,,,,,,,,,,,,,,,,,,,,-9.0,-9.0,,,,,-9.0,,,,-9.0,,,,,,
2012,4,3,,,44.0,156.0,146.0,100.0,20.0,,,0.0,,48.0,26.0,69.0,,,,69.08,51.08,,,300.0,320.0,,,,,76.0,98.0,,,999.0,999.0,,,,,999.0,,,,999.0,,999.0,,,,
2012,4,4,,,,,,,,,,,,,,,,,,,,,,,,,,,,,,,,-999.0,-999.0,,,,,-999.0,,,,-999.0,,-999.0,,,,
2012,4,5,,,,,,,,,,,,,,,,,,,,,,,,,,,,,,,,,,,,,,,,,,9.0,,,,,,
2012,4,6,,,94.0,149.0,135.0,122.0,16.0,,,0.0,,68.0,34.0,87.0,,,,71.06,53.06,,,270.0,270.0,,,,,63.0,80.0,,,9999.0,9999.0,,,,,9999.0,,,,1.0,,9999.0,,,,
2012,4,7,,,,,,,,,,,,,,,,,,,,,,,,,,,,,,,,-99.0,-99.0,,,,,-99.0,,,,,,-99.0,,,,
2012,4,8,,,,,,,,,,,,,,,,,,,,,,,,,,,,,,,,99.0,99.0,,,,,99.0,,,,99.0,,99.0,,,,
2012,4,9,,,61.0,10176.0,10163.0,106.0,27.0,,,0.0,,57.0,34.0,80.0,,,,66.02,51.08,,,300.0,300.0,,,,,80.0,103.0,,,-9999.0,-9999.0,,,,,-9999.0,,,,-9999.0,,-9999.0,,,,
2012,4,10,,,,,,,,,,,,,,,,,,,,,,,,,,,,,,,,-9.0,-9.0,,,,,,,,,-9.0,,-9.0,,,,
2012,4,11,,,33.0,166.0,156.0,111.0,17.0,,,0.0,,44.0,14.0,81.0,,,,75.92,53.06,,,330.0,290.0,,,,,58.0,63.0,,,999.0,999.0,,,,,1.0,,,,999.0,,999.0,,,,
2012,4,12,,,,,,,,,,,,,,,,,,,,,,,,,,,,,,,,-999.0,-999.0,,,,,,,,,-999.0,,-999.0,,,,
2012,4,14,,,83.0,156.0,146.0,117.0,19.0,,,0.0,,62.0,44.0,78.0,,,,71.06,53.06,,,290.0,250.0,,,,,54.0,67.0,,,9999.0,9999.0,,,,,9999.0,,,,9999.0,,9999.0,,,,
2012,4,15,,,,,,,,,,,,,,,,,,,,,,,,,,,,,,,,-99.0,-99.0,,,,,-99.0,,,,,,-99.0,,,,
2012,4,16,,,,,,,,,,,,,,,,,,,,,,,,,,,,,,,,99.0,99.0,,,,,99.0,,,,,,99.0,,,,
2012,4,17,,,100.0,10179.0,10169.0,122.0,47.0,,,30.0,,70.0,58.0,87.0,,,,62.959999999999994,55.94,,,170.0,180.0,,,,,103.0,125.0,,,1.0,-9999.0,,,,,-9999.0,,,,-9999.0,,1.0,,,,
2012,4,18,,,,,,,,,,,,,,,,,,,,,,,,,,,,,,,,,-9.0,,,,,-9.0,,,,-9.0,,,,,,
2012,4,19,,,83.0,213.0,203.0,117.0,30.0,,,,,63.0,44.0,81.0,,,,64.94,55.04,,,260.0,290.0,,,,,72.0,89.0,,,999.0,999.0,,,,,999.0,,,,999.0,,1.0,,,,
2012,4,20,,,,,,,,,,,,,,,,,,,,,,,,,,,,,,,,-999.0,-999.0,,,,,-999.0,,,,,,,,,,
2012,4,22,,,56.0,166.0,156.0,94.0,67.0,,,5.0,,60.0,49.0,72.0,,,,60.980000000000004,51.98,,,290.0,300.0,,,,,125.0,170.0,,,9999.0,9999.0,,,,,9999.0,,,,9999.0,,1.0,,,,
2012,4,23,,,,,,,,,,,,,,,,,,,,,,,,,,,,,,,,-99.0,-99.0,,,,,-99.0,,,,-99.0,,,,,,
2012,4,24,,,,,,,,,,,,,,,,,,,,,,,,,,,,,,,,99.0,99.0,,,,,99.0,,,,99.0,,99.0,,,,
2012,4,25,,,100.0,10200.0,10190.0,128.0,24.0,,,0.0,,69.0,53.0,87.0,,,,69.08,51.98,,,290.0,300.0,,,,,72.0,94.0,,,1.0,-9999.0,,,,,-9999.0,,,,1.0,,-9999.0,,,,
2012,4,26,,,,,,,,,,,,,,,,,,,,,,,,,,,,,,,,,,,,,,-9.0,,,,,,-9.0,,,,
2012,4,27,,,106.0,169.0,159.0,139.0,26.0,,,0.0,,67.0,42.0,93.0,,,,71.96,53.96,,,300.0,300.0,,,,,67.0,89.0,,,999.0,1.0,,,,,999.0,,,,1.0,,999.0,,,,
2012,4,28,,,,,,,,,,,,,,,,,,,,,,,,,,,,,,,,,,,,,,,,,,,,-999.0,,,,
2012,4,30,,,117.0,152.0,142.0,133.0,29.0,,,0.0,,79.0,66.0,90.0,,,,66.02,55.04,,,180.0,220.0,,,,,54.0,72.0,,,9999.0,9999.0,,,,,1.0,,,,1.0,,9999.0,,,,
2012,4,31,,,,,,,,,,,,,,,,,,,,,,,,,,,,,,,,-99.0,-99.0,,,,,,,,,,,-99.0,,,,
2012,5,1,,,111.0,10139.0,10129.0,139.0,30.0,,,0.0,,70.0,61.0,80.0,,,,66.02,60.08,,,240.0,230.0,,,,,58.0,72.0,,,,,,,,,-9999.0,,,,-9999.0,,-9999.0,,,,
2012,5,2,,,,,,,,,,,,,,,,,,,,,,,,,,,,,,,,,,,,,,-9.0,,,,-9.0,,-9.0,,,,
2012,5,3,,,111.0,149.0,139.0,133.0,30.0,,,0.0,,70.0,59.0,78.0,,,,66.02,59.0,,,230.0,240.0,,,,,58.0,76.0,,,,,,,,,999.0,,,,999.0,,999.0,,,,
2012,5,4,,,,,,,,,,,,,,,,,,,,,,,,,,,,,,,,,,,,,,-999.0,,,,-999.0,,-999.0,,,,
2012,5,6,,,117.0,179.0,169.0,144.0,24.0,,,0.0,,71.0,61.0,78.0,,,,68.0,59.0,,,300.0,290.0,,,,,67.0,94.0,,,,,,,,,9999.0,,,,9999.0,,9999.0,,,,
2012,5,7,,,,,,,,,,,,,,,,,,,,,,,,,,,,,,,,,,,,,,-99.0,,,,-99.0,,-99.0,,,,
2012,5,8,,,,,,,,,,,,,,,,,,,,,,,,,,,,,,,,,,,,,,99.0,,,,99.0,,99.0,,,,
2012,5,9,,,117.0,10156.0,10146.0,133.0,25.0,,,0.0,,74.0,65.0,83.0,,,,64.04,57.92,,,200.0,210.0,,,,,58.0,80.0,,,,,,,,,1.0,,,,1.0,,-9999.0,,,,
2012,5,10,,,,,,,,,,,,,,,,,,,,,,,,,,,,,,,,,,,,,,,,,,,,-9.0,,,,
2012,5,11,,,117.0,146.0,135.0,144.0,22.0,,,0.0,,72.0,63.0,81.0,,,,68.0,59.0,,,300.0,300.0,,,,,58.0,72.0,,,,,,,,,1.0,,,,999.0,,999.0,,,,
2012,5,12,,,,,,,,,,,,,,,,,,,,,,,,,,,,,,,,,,,,,,,,,,,,-999.0,,,,
2012,5,14,,,133.0,125.0,112.0,150.0,24.0,,,0.0,,81.0,68.0,93.0,,,,69.08,59.0,,,220.0,240.0,,,,,54.0,72.0,,,,,,,,,1.0,,,,1.0,,9999.0,,,,
2012,5,15,,,,,,,,,,,,,,,,,,,,,,,,,,,,,,,,,,,,,,,,,,,,-99.0,,,,
2012,5,16,,,,,,,,,,,,,,,,,,,,,,,,,,,,,,,,,,,,,,,,,,99.0,,99.0,,,,
2012,5,17,,,106.0,10152.0,10146.0,133.0,24.0,,,0.0,,67.0,55.0,75.0,,,,68.0,57.92,,,230.0,270.0,,,,,58.0,76.0,,,,,,,,,-9999.0,,,,-9999.0,,-9999.0,,,,
2012,5,18,,,,,,,,,,,,,,,,,,,,,,,,,,,,,,,,,,,,,,-9.0,,,,-9.0,,-9.0,,,,
2012,5,19,,,122.0,179.0,169.0,144.0,31.0,,,0.0,,70.0,59.0,78.0,,,,69.08,60.08,,,290.0,300.0,,,,,63.0,94.0,,,,,,,,,999.0,,,,999.0,,999.0,,,,
2012,5,20,,,,,,,,,,,,,,,,,,,,,,,,,,,,,,,,,,,,,,-999.0,,,,-999.0,,-999.0,,,,
2012,5,22,,,133.0,166.0,152.0,156.0,40.0,,,0.0,,72.0,57.0,81.0,,,,71.06,60.980000000000004,,,320.0,320.0,,,,,89.0,112.0,,,,,,,,,9999.0,,,,9999.0,,9999.0,,,,
2012,5,23,,,,,,,,,,,,,,,,,,,,,,,,,,,,,,,,,,,,,,-99.0,,,,-99.0,,-99.0,,,,
2012,5,24,,,,,,,,,,,,,,,,,,,,,,,,,,,,,,,,,,,,,,99.0,,,,99.0,,99.0,,,,
2012,5,25,,,139.0,10119.0,10108.0,156.0,25.0,,,0.0,,74.0,59.0,84.0,,,,71.96,60.08,,,290.0,290.0,,,,,63.0,80.0,,,,,,,,,1.0,,,,-9999.0,,-9999.0,,,,
2012,5,26,,,,,,,,,,,,,,,,,,,,,,,,,,,,,,,,,,,,,,,,,,,,-9.0,,,,
2012,5,27,,,133.0,119.0,108.0,150.0,34.0,,,0.0,,81.0,75.0,90.0,,,,64.94,60.08,,,170.0,150.0,,,,,58.0,67.0,,,,,,,,,1.0,,,,1.0,,999.0,,,,
2012,5,28,,,,,,,,,,,,,,,,,,,,,,,,,,,,,,,,,,,,,,,,,,,,-999.0,,,,
2012,5,30,,,122.0,135.0,125.0,144.0,24.0,,,0.0,,71.0,59.0,78.0,,,,69.08,60.980000000000004,,,210.0,230.0,,,,,58.0,72.0,,,,,,,,,1.0,,,,9999.0,,9999.0,,,,
2012,5,31,,,,,,,,,,,,,,,,,,,,,,,,,,,,,,,,,,,,,,,,,,,,-99.0,,,,
2012,6,1,,,133.0,10115.0,10108.0,144.0,26.0,,,0.0,,80.0,73.0,86.0,,,,66.02,59.0,,,180.0,220.0,,,,,54.0,72.0,,,-9999.0,,,,,,1.0,,,,1.0,-9999.0,,,,,
2012,6,2,,,,,,,,,,,,,,,,,,,,,,,,,,,,,,,,-9.0,,,,,,,,,,,-9.0,,,,,
2012,6,3,,,128.0,125.0,115.0,144.0,30.0,,,0.0,,80.0,73.0,87.0,,,,64.94,59.0,,,180.0,190.0,,,,,63.0,80.0,,,999.0,,,,,,999.0,,,,999.0,999.0,,,,,
2012,6,4,,,,,,,,,,,,,,,,,,,,,,,,,,,,,,,,-999.0,,,,,,,,,,-999.0,-999.0,,,,,
2012,6,5,,,,,,,,,,,,,,,,,,,,,,,,,,,,,,,,9.0,,,,,,,,,,9.0,,,,,,
2012,6,6,,,139.0,152.0,142.0,156.0,28.0,,,0.0,,79.0,70.0,90.0,,,,66.02,60.980000000000004,,,300.0,300.0,,,,,63.0,72.0,,,1.0,,,,,,9999.0,,,,1.0,9999.0,,,,,
2012,6,7,,,,,,,,,,,,,,,,,,,,,,,,,,,,,,,,,,,,,,-99.0,,,,,-99.0,,,,,
2012,6,8,,,,,,,,,,,,,,,,,,,,,,,,,,,,,,,,99.0,,,,,,99.0,,,,99.0,99.0,,,,,
2012,6,9,,,117.0,10112.0,10102.0,144.0,29.0,,,0.0,,66.0,49.0,78.0,,,,71.96,60.08,,,290.0,290.0,,,,,63.0,89.0,,,-9999.0,,,,,,-9999.0,,,,-9999.0,-9999.0,,,,,
2012,6,10,,,,,,,,,,,,,,,,,,,,,,,,,,,,,,,,-9.0,,,,,,,,,,-9.0,-9.0,,,,,
2012,6,11,,,133.0,115.0,108.0,150.0,33.0,,,0.0,,76.0,66.0,84.0,,,,68.0,60.980000000000004,,,190.0,190.0,,,,,58.0,72.0,,,999.0,,,,,,1.0,,,,999.0,999.0,,,,,
2012,6,12,,,,,,,,,,,,,,,,,,,,,,,,,,,,,,,,-999.0,,,,,,,,,,-999.0,-999.0,,,,,
2012,6,14,,,122.0,112.0,102.0,144.0,39.0,,,0.0,,74.0,66.0,81.0,,,,64.94,60.08,,,190.0,210.0,,,,,72.0,98.0,,,9999.0,,,,,,9999.0,,,,9999.0,9999.0,,,,,
2012,6,15,,,,,,,,,,,,,,,,,,,,,,,,,,,,,,,,-99.0,,,,,,-99.0,,,,-99.0,-99.0,,,,,
2012,6,16,,,,,,,,,,,,,,,,,,,,,,,,,,,,,,,,99.0,,,,,,99.0,,,,99.0,99.0,,,,,
2012,6,17,,,122.0,10149.0,10142.0,144.0,23.0,,,0.0,,74.0,68.0,78.0,,,,66.92,60.980000000000004,,,290.0,280.0,,,,,54.0,76.0,,,-9999.0,,,,,,-9999.0,,,,-9999.0,-9999.0,,,,,
2012,6,18,,,,,,,,,,,,,,,,,,,,,,,,,,,,,,,,-9.0,,,,,,,,,,-9.0,-9.0,,,,,
2012,6,19,,,133.0,146.0,135.0,150.0,26.0,,,0.0,,80.0,73.0,84.0,,,,66.92,60.08,,,270.0,280.0,,,,,63.0,72.0,,,999.0,,,,,,1.0,,,,999.0,999.0,,,,,
2012,6,20,,,,,,,,,,,,,,,,,,,,,,,,,,,,,,,,,,,,,,,,,,,-999.0,,,,,
2012,6,22,,,122.0,112.0,102.0,144.0,34.0,,,0.0,,73.0,65.0,84.0,,,,66.02,60.980000000000004,,,200.0,220.0,,,,,63.0,76.0,,,9999.0,,,,,,9999.0,,,,9999.0,9999.0,,,,,
2012,6,23,,,,,,,,,,,,,,,,,,,,,,,,,,,,,,,,-99.0,,,,,,-99.0,,,,-99.0,-99.0,,,,,
2012,6,24,,,,,,,,,,,,,,,,,,,,,,,,,,,,,,,,99.0,,,,,,99.0,,,,99.0,99.0,,,,,
2012,6,25,,,128.0,10115.0,10105.0,150.0,27.0,,,0.0,,73.0,65.0,81.0,,,,68.0,62.959999999999994,,,240.0,240.0,,,,,54.0,72.0,,,-9999.0,,,,,,-9999.0,,,,-9999.0,-9999.0,,,,,
2012,6,26,,,,,,,,,,,,,,,,,,,,,,,,,,,,,,,,-9.0,,,,,,,,,,,-9.0,,,,,
2012,6,27,,,150.0,129.0,115.0,167.0,32.0,,,0.0,,78.0,66.0,87.0,,,,71.96,60.980000000000004,,,290.0,280.0,,,,,72.0,98.0,,,999.0,,,,,,1.0,,,,1.0,999.0,,,,,
2012,6,28,,,,,,,,,,,,,,,,,,,,,,,,,,,,,,,,-999.0,,,,,,,,,,,,,,,,
2012,6,30,,,133.0,122.0,112.0,156.0,35.0,,,0.0,,72.0,61.0,84.0,,,,69.98,60.980000000000004,,,290.0,290.0,,,,,72.0,89.0,,,9999.0,,,,,,9999.0,,,,9999.0,9999.0,,,,,
2012,6,31,,,,,,,,,,,,,,,,,,,,,,,,,,,,,,,,-99.0,,,,,,-99.0,,,,-99.0,-99.0,,,,,
2012,7,1,,,139.0,10122.0,10112.0,161.0,23.0,9999.0,-9999.0,0.0,,74.0,63.0,84.0,,,,71.96,62.959999999999994,,,280.0,280.0,,,,,54.0,76.0,,,,,,,,,-9999.0,,,,-9999.0,,-9999.0,,,,
2012,7,2,,,,,,,,,-9.0,,,,,,,,,,,,,,,,,,,,,,,,,,,,,-9.0,,,,-9.0,,-9.0,,,,
2012,7,3,,,139.0,125.0,112.0,156.0,29.0,,999.0,0.0,,76.0,68.0,87.0,,,,68.0,62.959999999999994,,,180.0,200.0,,,,,58.0,76.0,,,,,,,,,999.0,,,,999.0,,999.0,,,,
2012,7,4,,,,,,,,,-999.0,,,,,,,,,,,,,,,,,,,,,,,,,,,,,-999.0,,,,-999.0,,-999.0,,,,
2012,7,5,,,,,,,,,,,,,,,,,,,,,,,,,,,,,,,,,,,,,,9.0,,,,,,9.0,,,,
2012,7,6,,,133.0,139.0,129.0,150.0,29.0,9999.0,9999.0,,,77.0,70.0,84.0,,,,66.92,62.059999999999995,,,210.0,220.0,,,,,45.0,63.0,,,,,,,,,1.0,,,,9999.0,,1.0,,,,
2012,7,7,,,,,,,,,-99.0,,,,,,,,,,,,,,,,,,,,,,,,,,,,,,,,,-99.0,,,,,,
2012,7,8,,,,,,,,,99.0,,,,,,,,,,,,,,,,,,,,,,,,,,,,,,,,,99.0,,99.0,,,,
2012,7,9,,,139.0,10159.0,10146.0,161.0,29.0,9999.0,-9999.0,0.0,,71.0,59.0,81.0,,,,73.04,64.04,,,290.0,290.0,,,,,76.0,94.0,,,,,,,,,-9999.0,,,,-9999.0,,-9999.0,,,,
2012,7,10,,,,,,,,,-9.0,,,,,,,,,,,,,,,,,,,,,,,,,,,,,-9.0,,,,-9.0,,-9.0,,,,
2012,7,11,,,150.0,156.0,146.0,167.0,32.0,,999.0,0.0,,76.0,63.0,84.0,,,,71.96,64.04,,,290.0,290.0,,,,,72.0,89.0,,,,,,,,,999.0,,,,999.0,,999.0,,,,
2012,7,12,,,,,,,,,-999.0,,,,,,,,,,,,,,,,,,,,,,,,,,,,,-999.0,,,,-999.0,,-999.0,,,,
2012,7,13,,,,,,,,,,,,,,,,,,,,,,,,,,,,,,,,,,,,,,9.0,,,,9.0,,,,,,
2012,7,14,,,150.0,135.0,125.0,172.0,32.0,9999.0,9999.0,0.0,,75.0,59.0,87.0,,,,73.04,62.959999999999994,,,290.0,300.0,,,,,63.0,89.0,,,,,,,,,1.0,,,,1.0,,9999.0,,,,
2012,7,15,,,,,,,,,-99.0,,,,,,,,,,,,,,,,,,,,,,,,,,,,,,,,,,,-99.0,,,,
2012,7,16,,,,,,,,,99.0,,,,,,,,,,,,,,,,,,,,,,,,,,,,,,,,,99.0,,99.0,,,,
2012,7,17,,,161.0,10108.0,10102.0,178.0,25.0,9999.0,-9999.0,0.0,,77.0,62.0,87.0,,,,73.94,64.94,,,220.0,270.0,,,,,58.0,72.0,,,,,,,,,1.0,,,,1.0,,-9999.0,,,,
2012,7,18,,,,,,,,,-9.0,,,,,,,,,,,,,,,,,,,,,,,,,,,,,,,,,,,,,,,
2012,7,19,,,167.0,108.0,95.0,183.0,22.0,,999.0,,,80.0,67.0,87.0,,,,75.02,64.04,,,300.0,300.0,,,,,63.0,76.0,,,,,,,,,999.0,,,,999.0,,1.0,,,,
2012,7,20,,,,,,,,,-999.0,,,,,,,,,,,,,,,,,,,,,,,,,,,,,-999.0,,,,-999.0,,,,,,
2012,7,21,,,,,,,,,,,,,,,,,,,,,,,,,,,,,,,,,,,,,,9.0,,,,,,,,,,
2012,7,22,,,167.0,139.0,129.0,178.0,24.0,9999.0,9999.0,0.0,,80.0,68.0,91.0,,,,73.04,64.94,,,260.0,190.0,,,,,54.0,67.0,,,,,,,,,1.0,,,,9999.0,,9999.0,,,,
2012,7,23,,,,,,,,,-99.0,,,,,,,,,,,,,,,,,,,,,,,,,,,,,,,,,-99.0,,-99.0,,,,
2012,7,24,,,,,,,,,99.0,,,,,,,,,,,,,,,,,,,,,,,,,,,,,99.0,,,,99.0,,99.0,,,,
2012,7,25,,,122.0,10149.0,10135.0,150.0,29.0,9999.0,-9999.0,0.0,,66.0,59.0,76.0,,,,69.08,62.959999999999994,,,210.0,230.0,,,,,58.0,72.0,,,,,,,,,-9999.0,,,,-9999.0,,-9999.0,,,,
2012,7,26,,,,,,,,,-9.0,,,,,,,,,,,,,,,,,,,,,,,,,,,,,-9.0,,,,-9.0,,-9.0,,,,
2012,7,27,,,128.0,156.0,146.0,156.0,28.0,,999.0,0.0,,65.0,55.0,78.0,,,,71.96,64.04,,,220.0,300.0,,,,,58.0,76.0,,,,,,,,,999.0,,,,999.0,,999.0,,,,
2012,7,28,,,,,,,,,-999.0,,,,,,,,,,,,,,,,,,,,,,,,,,,,,-999.0,,,,-999.0,,-999.0,,,,
2012,7,29,,,,,,,,,,,,,,,,,,,,,,,,,,,,,,,,,,,,,,9.0,,,,,,,,,,
2012,7,30,,,167.0,142.0,132.0,189.0,25.0,9999.0,9999.0,0.0,,75.0,64.0,87.0,,,,75.02,68.0,,,180.0,180.0,,,,,58.0,72.0,,,,,,,,,1.0,,,,9999.0,,9999.0,,,,
2012,7,31,,,,,,,,,-99.0,,,,,,,,,,,,,,,,,,,,,,,,,,,,,,,,,,,-99.0,,,,
2012,8,1,,,161.0,10166.0,10156.0,178.0,28.0,,,0.0,,74.0,62.0,84.0,,,,75.02,66.02,,,300.0,290.0,,,,,58.0,76.0,,,-9999.0,,,,,,1.0,,,,-9999.0,-9999.0,,,,,
2012,8,2,,,,,,,,,,,,,,,,,,,,,,,,,,,,,,,,-9.0,,,,,,,,,,-9.0,-9.0,,,,,
2012,8,3,,,156.0,149.0,135.0,178.0,24.0,,,0.0,,74.0,62.0,84.0,,,,73.94,64.94,,,210.0,210.0,,,,,54.0,72.0,,,999.0,,,,,,999.0,,,,999.0,999.0,,,,,
2012,8,4,,,,,,,,,,,,,,,,,,,,,,,,,,,,,,,,-999.0,,,,,,-999.0,,,,-999.0,-999.0,,,,,
2012,8,6,,,144.0,135.0,125.0,167.0,27.0,,,0.0,,71.0,61.0,78.0,,,,73.04,64.94,,,290.0,260.0,,,,,54.0,80.0,,,9999.0,,,,,,9999.0,,,,9999.0,9999.0,,,,,
2012,8,7,,,,,,,,,,,,,,,,,,,,,,,,,,,,,,,,-99.0,,,,,,-99.0,,,,-99.0,-99.0,,,,,
2012,8,8,,,,,,,,,,,,,,,,,,,,,,,,,,,,,,,,99.0,,,,,,99.0,,,,99.0,99.0,,,,,
2012,8,9,,,172.0,10146.0,10135.0,189.0,17.0,,,0.0,,75.0,64.0,84.0,,,,77.0,66.02,,,300.0,290.0,,,,,45.0,58.0,,,-9999.0,,,,,,1.0,,,,-9999.0,-9999.0,,,,,
2012,8,10,,,,,,,,,,,,,,,,,,,,,,,,,,,,,,,,-9.0,,,,,,,,,,,-9.0,,,,,
2012,8,11,,,178.0,132.0,119.0,194.0,22.0,,,0.0,,75.0,60.0,87.0,,,,78.98,69.08,,,220.0,200.0,,,,,54.0,67.0,,,999.0,,,,,,1.0,,,,1.0,999.0,,,,,
2012,8,12,,,,,,,,,,,,,,,,,,,,,,,,,,,,,,,,-999.0,,,,,,,,,,,-999.0,,,,,
2012,8,13,,,,,,,,,,,,,,,,,,,,,,,,,,,,,,,,,,,,,,,,,,9.0,,,,,,
2012,8,14,,,183.0,112.0,98.0,200.0,23.0,,,0.0,,75.0,60.0,90.0,,,,78.98,69.08,,,180.0,210.0,,,,,54.0,63.0,,,9999.0,,,,,,9999.0,,,,1.0,9999.0,,,,,
2012,8,15,,,,,,,,,,,,,,,,,,,,,,,,,,,,,,,,-99.0,,,,,,,,,,,-99.0,,,,,
2012,8,16,,,,,,,,,,,,,,,,,,,,,,,,,,,,,,,,99.0,,,,,,,,,,,99.0,,,,,
2012,8,17,,,189.0,10088.0,10075.0,206.0,27.0,,,0.0,,75.0,60.0,87.0,,,,80.96,69.08,,,330.0,330.0,,,,,58.0,72.0,,,-9999.0,,,,,,1.0,,,,1.0,-9999.0,,,,,
2012,8,18,,,,,,,,,,,,,,,,,,,,,,,,,,,,,,,,-9.0,,,,,,,,,,,-9.0,,,,,
2012,8,19,,,194.0,91.0,81.0,211.0,27.0,,,0.0,,71.0,49.0,87.0,,,,84.91999999999999,71.96,,,300.0,300.0,,,,,63.0,76.0,,,999.0,,,,,,999.0,,,,1.0,999.0,,,,,
2012,8,20,,,,,,,,,,,,,,,,,,,,,,,,,,,,,,,,-999.0,,,,,,-999.0,,,,,-999.0,,,,,
2012,8,22,,,189.0,95.0,85.0,206.0,26.0,,,0.0,,76.0,65.0,87.0,,,,80.06,71.06,,,290.0,300.0,,,,,58.0,76.0,,,9999.0,,,,,,9999.0,,,,9999.0,9999.0,,,,,
2012,8,23,,,,,,,,,,,,,,,,,,,,,,,,,,,,,,,,-99.0,,,,,,-99.0,,,,-99.0,-99.0,,,,,
2012,8,24,,,,,,,,,,,,,,,,,,,,,,,,,,,,,,,,99.0,,,,,,99.0,,,,99.0,99.0,,,,,
2012,8,25,,,189.0,10112.0,10102.0,206.0,26.0,,,0.0,,72.0,56.0,84.0,,,,80.96,71.96,,,330.0,300.0,,,,,67.0,89.0,,,-9999.0,,,,,,-9999.0,,,,-9999.0,-9999.0,,,,,
2012,8,26,,,,,,,,,,,,,,,,,,,,,,,,,,,,,,,,-9.0,,,,,,-9.0,,,,-9.0,-9.0,,,,,
2012,8,27,,,189.0,119.0,108.0,211.0,18.0,,,0.0,,67.0,44.0,84.0,,,,84.91999999999999,71.96,,,330.0,310.0,,,,,45.0,58.0,,,999.0,,,,,,999.0,,,,999.0,999.0,,,,,
2012,8,28,,,,,,,,,,,,,,,,,,,,,,,,,,,,,,,,-999.0,,,,,,,,,,-999.0,-999.0,,,,,
2012,8,30,,,183.0,112.0,102.0,206.0,24.0,,,0.0,,68.0,45.0,84.0,,,,82.04,73.04,,,230.0,220.0,,,,,58.0,67.0,,,9999.0,,,,,,9999.0,,,,9999.0,9999.0,,,,,
2012,8,31,,,,,,,,,,,,,,,,,,,,,,,,,,,,,,,,-99.0,,,,,,-99.0,,,,-99.0,-99.0,,,,,
2012,9,1,,,167.0,10129.0,10119.0,194.0,32.0,,,0.0,,66.0,47.0,87.0,,,,82.94,68.0,,,300.0,300.0,,,,,67.0,89.0,,,-9999.0,-9999.0,,,,,-9999.0,,,,-9999.0,,-9999.0,,,,
2012,9,2,,,,,,,,,,,,,,,,,,,,,,,,,,,,,,,,-9.0,-9.0,,,,,-9.0,,,,-9.0,,-9.0,,,,
2012,9,3,,,167.0,129.0,119.0,189.0,31.0,,,0.0,,70.0,52.0,84.0,,,,78.98,68.0,,,290.0,290.0,,,,,67.0,76.0,,,999.0,999.0,,,,,999.0,,,,999.0,,999.0,,,,
2012,9,4,,,,,,,,,,,,,,,,,,,,,,,,,,,,,,,,-999.0,-999.0,,,,,-999.0,,,,,,-999.0,,,,
2012,9,6,,,178.0,149.0,135.0,200.0,21.0,,,0.0,,70.0,39.0,87.0,,,,84.02,69.08,,,300.0,300.0,,,,,63.0,76.0,,,9999.0,9999.0,,,,,9999.0,,,,9999.0,,9999.0,,,,
2012,9,7,,,,,,,,,,,,,,,,,,,,,,,,,,,,,,,,-99.0,-99.0,,,,,-99.0,,,,-99.0,,-99.0,,,,
2012,9,8,,,,,,,,,,,,,,,,,,,,,,,,,,,,,,,,99.0,99.0,,,,,99.0,,,,99.0,,99.0,,,,
2012,9,9,,,178.0,10146.0,10135.0,200.0,23.0,,,0.0,,67.0,48.0,87.0,,,,82.04,71.96,,,290.0,290.0,,,,,54.0,72.0,,,-9999.0,-9999.0,,,,,-9999.0,,,,-9999.0,,-9999.0,,,,
2012,9,10,,,,,,,,,,,,,,,,,,,,,,,,,,,,,,,,-9.0,-9.0,,,,,-9.0,,,,-9.0,,-9.0,,,,
2012,9,11,,,167.0,156.0,146.0,194.0,23.0,,,0.0,,63.0,52.0,79.0,,,,80.96,71.96,,,290.0,290.0,,,,,63.0,76.0,,,999.0,999.0,,,,,999.0,,,,999.0,,999.0,,,,
2012,9,12,,,,,,,,,,,,,,,,,,,,,,,,,,,,,,,,-999.0,-999.0,,,,,-999.0,,,,-999.0,,-999.0,,,,
2012,9,13,,,,,,,,,,,,,,,,,,,,,,,,,,,,,,,,,,,,,,9.0,,,,,,9.0,,,,
2012,9,14,,,189.0,119.0,108.0,200.0,21.0,,,,,76.0,60.0,84.0,,,,80.06,69.98,,,210.0,210.0,,,,,58.0,72.0,,,9999.0,9999.0,,,,,1.0,,,,9999.0,,1.0,,,,
2012,9,15,,,,,,,,,,,,,,,,,,,,,,,,,,,,,,,,-99.0,-99.0,,,,,,,,,,,,,,,
2012,9,16,,,,,,,,,,,,,,,,,,,,,,,,,,,,,,,,99.0,99.0,,,,,99.0,,,,,,99.0,,,,
2012,9,17,,,194.0,10139.0,10129.0,206.0,26.0,,,0.0,,81.0,76.0,87.0,,,,75.92,71.06,,,290.0,180.0,,,,,40.0,58.0,,,-9999.0,-9999.0,,,,,-9999.0,,,,-9999.0,,-9999.0,,,,
2012,9,18,,,,,,,,,,,,,,,,,,,,,,,,,,,,,,,,-9.0,-9.0,,,,,-9.0,,,,-9.0,,-9.0,,,,
2012,9,19,,,189.0,152.0,146.0,206.0,38.0,,,0.0,,77.0,65.0,84.0,,,,78.98,71.06,,,300.0,300.0,,,,,67.0,80.0,,,999.0,999.0,,,,,999.0,,,,999.0,,999.0,,,,
2012,9,20,,,,,,,,,,,,,,,,,,,,,,,,,,,,,,,,-999.0,-999.0,,,,,,,,,,,-999.0,,,,
2012,9,21,,,,,,,,,,,,,,,,,,,,,,,,,,,,,,,,9.0,,,,,,,,,,,,,,,,
2012,9,22,,,172.0,139.0,125.0,200.0,20.0,,,0.0,,62.0,37.0,87.0,,,,89.06,68.0,,,320.0,310.0,,,,,67.0,89.0,,,1.0,9999.0,,,,,9999.0,,,,9999.0,,9999.0,,,,
2012,9,23,,,,,,,,,,,,,,,,,,,,,,,,,,,,,,,,,-99.0,,,,,-99.0,,,,-99.0,,-99.0,,,,
2012,9,24,,,,,,,,,,,,,,,,,,,,,,,,,,,,,,,,99.0,99.0,,,,,99.0,,,,99.0,,99.0,,,,
2012,9,25,,,178.0,10163.0,10152.0,194.0,28.0,,,0.0,,80.0,60.0,93.0,,,,78.08,66.02,,,190.0,180.0,,,,,63.0,76.0,,,1.0,1.0,,,,,1.0,,,,1.0,,-9999.0,,,,
2012,9,26,,,,,,,,,,,,,,,,,,,,,,,,,,,,,,,,,,,,,,,,,,,,-9.0,,,,
2012,9,27,,,172.0,159.0,146.0,189.0,25.0,,,0.0,,73.0,62.0,82.0,,,,77.0,69.08,,,290.0,300.0,,,,,45.0,63.0,,,999.0,999.0,,,,,1.0,,,,999.0,,999.0,,,,
2012,9,28,,,,,,,,,,,,,,,,,,,,,,,,,,,,,,,,-999.0,-999.0,,,,,,,,,-999.0,,-999.0,,,,
2012,9,30,,,178.0,142.0,129.0,194.0,24.0,,,0.0,,76.0,54.0,90.0,,,,78.98,68.0,,,280.0,280.0,,,,,67.0,89.0,,,9999.0,9999.0,,,,,9999.0,,,,9999.0,,9999.0,,,,
2012,9,31,,,,,,,,,,,,,,,,,,,,,,,,,,,,,,,,-99.0,-99.0,,,,,,,,,,,-99.0,,,,
2012,10,1,,,172.0,10115.0,10105.0,194.0,20.0,,,0.0,,69.0,54.0,87.0,,,,80.06,66.02,,,330.0,330.0,,,,,67.0,80.0,,,-9999.0,-9999.0,,,,,-9999.0,,,,1.0,-9999.0,-9999.0,,,,
2012,10,2,,,,,,,,,,,,,,,,,,,,,,,,,,,,,,,,-9.0,-9.0,,,,,-9.0,,,,,-9.0,-9.0,,,,
2012,10,3,,,172.0,108.0,98.0,194.0,10.0,,,0.0,,64.0,45.0,87.0,,,,86.0,68.0,,,330.0,300.0,,,,,45.0,63.0,,,999.0,999.0,,,,,999.0,,,,999.0,999.0,999.0,,,,
2012,10,4,,,,,,,,,,,,,,,,,,,,,,,,,,,,,,,,,,,,,,,,,,,-999.0,-999.0,,,,
2012,10,6,,,156.0,183.0,173.0,178.0,20.0,,,0.0,,71.0,60.0,81.0,,,,75.02,66.92,,,290.0,300.0,,,,,54.0,67.0,,,9999.0,9999.0,,,,,9999.0,,,,9999.0,9999.0,9999.0,,,,
2012,10,7,,,,,,,,,,,,,,,,,,,,,,,,,,,,,,,,-99.0,-99.0,,,,,-99.0,,,,-99.0,-99.0,-99.0,,,,
2012,10,8,,,,,,,,,,,,,,,,,,,,,,,,,,,,,,,,99.0,99.0,,,,,99.0,,,,99.0,99.0,99.0,,,,
2012,10,9,,,161.0,10139.0,10129.0,183.0,11.0,,,0.0,,74.0,56.0,84.0,,,,77.0,64.04,,,320.0,320.0,,,,,40.0,58.0,,,-9999.0,-9999.0,,,,,1.0,,,,-9999.0,-9999.0,-9999.0,,,,
2012,10,10,,,,,,,,,,,,,,,,,,,,,,,,,,,,,,,,-9.0,-9.0,,,,,,,,,-9.0,-9.0,-9.0,,,,
2012,10,11,,,167.0,132.0,122.0,183.0,17.0,,,0.0,,73.0,62.0,84.0,,,,75.02,68.0,,,210.0,230.0,,,,,54.0,76.0,,,999.0,999.0,,,,,999.0,,,,999.0,999.0,999.0,,,,
2012,10,12,,,,,,,,,,,,,,,,,,,,,,,,,,,,,,,,-999.0,-999.0,,,,,,,,,-999.0,-999.0,-999.0,,,,
2012,10,14,,,139.0,152.0,142.0,167.0,24.0,,,0.0,,63.0,55.0,70.0,,,,73.94,68.0,,,260.0,270.0,,,,,63.0,72.0,,,9999.0,9999.0,,,,,9999.0,,,,9999.0,9999.0,9999.0,,,,
2012,10,15,,,,,,,,,,,,,,,,,,,,,,,,,,,,,,,,-99.0,-99.0,,,,,-99.0,,,,-99.0,-99.0,,,,,
2012,10,16,,,,,,,,,,,,,,,,,,,,,,,,,,,,,,,,99.0,99.0,,,,,99.0,,,,99.0,99.0,,,,,
2012,10,17,,,122.0,10142.0,10129.0,150.0,28.0,,,23.0,,67.0,59.0,75.0,,,,69.08,62.059999999999995,,,240.0,250.0,,,,,72.0,89.0,,,-9999.0,-9999.0,,,,,-9999.0,,,,-9999.0,-9999.0,1.0,,,,
2012,10,18,,,,,,,,,,,,,,,,,,,,,,,,,,,,,,,,,-9.0,,,,,-9.0,,,,-9.0,-9.0,,,,,
2012,10,19,,,128.0,196.0,186.0,150.0,25.0,,,114.0,,69.0,53.0,86.0,,,,71.06,60.08,,,270.0,280.0,,,,,63.0,80.0,,,1.0,999.0,,,,,999.0,,,,999.0,999.0,1.0,,,,
2012,10,20,,,,,,,,,,,,,,,,,,,,,,,,,,,,,,,,,-999.0,,,,,-999.0,,,,-999.0,-999.0,,,,,
2012,10,22,,,139.0,156.0,146.0,172.0,17.0,,,0.0,,60.0,41.0,81.0,,,,80.96,60.980000000000004,,,300.0,320.0,,,,,67.0,89.0,,,9999.0,9999.0,,,,,9999.0,,,,9999.0,9999.0,9999.0,,,,
2012,10,23,,,,,,,,,,,,,,,,,,,,,,,,,,,,,,,,,,,,,,-99.0,,,,,-99.0,-99.0,,,,
2012,10,24,,,,,,,,,,,,,,,,,,,,,,,,,,,,,,,,,,,,,,99.0,,,,,99.0,99.0,,,,
2012,10,25,,,150.0,10091.0,10081.0,172.0,18.0,,,0.0,,68.0,33.0,97.0,,,,84.02,62.959999999999994,,,330.0,320.0,,,,,58.0,72.0,,,1.0,1.0,,,,,-9999.0,,,,1.0,-9999.0,-9999.0,,,,
2012,10,26,,,,,,,,,,,,,,,,,,,,,,,,,,,,,,,,,,,,,,-9.0,,,,,-9.0,-9.0,,,,
2012,10,27,,,94.0,81.0,68.0,167.0,21.0,,,0.0,,40.0,15.0,87.0,,,,91.94,64.04,,,190.0,190.0,,,,,112.0,156.0,,,1.0,999.0,,,,,999.0,,,,1.0,999.0,999.0,,,,
2012,10,28,,,,,,,,,,,,,,,,,,,,,,,,,,,,,,,,,-999.0,,,,,-999.0,,,,,-999.0,-999.0,,,,
2012,10,30,,,167.0,142.0,132.0,183.0,25.0,,,0.0,,76.0,69.0,84.0,,,,75.02,66.02,,,290.0,300.0,,,,,67.0,89.0,,,9999.0,9999.0,,,,,9999.0,,,,9999.0,9999.0,9999.0,,,,
2012,10,31,,,,,,,,,,,,,,,,,,,,,,,,,,,,,,,,,-99.0,,,,,-99.0,,,,,,,,,,
2012,11,1,,,117.0,10159.0,10152.0,144.0,20.0,,,0.0,,69.0,59.0,75.0,,,,68.0,60.980000000000004,,,300.0,290.0,,,,,54.0,72.0,,,-9999.0,-9999.0,,,,,-9999.0,,,,-9999.0,,-9999.0,,,,
2012,11,2,,,,,,,,,,,,,,,,,,,,,,,,,,,,,,,,-9.0,-9.0,,,,,-9.0,,,,-9.0,,-9.0,,,,
2012,11,3,,,106.0,156.0,146.0,139.0,19.0,,,0.0,,65.0,55.0,81.0,,,,68.0,59.0,,,320.0,300.0,,,,,63.0,80.0,,,999.0,999.0,,,,,999.0,,,,999.0,,999.0,,,,
2012,11,4,,,,,,,,,,,,,,,,,,,,,,,,,,,,,,,,-999.0,-999.0,,,,,,,,,,,-999.0,,,,
2012,11,6,,,61.0,169.0,156.0,133.0,15.0,,,0.0,,42.0,14.0,90.0,,,,87.08000000000001,55.94,,,350.0,340.0,,,,,67.0,80.0,,,9999.0,9999.0,,,,,9999.0,,,,1.0,,9999.0,,,,
2012,11,7,,,,,,,,,,,,,,,,,,,,,,,,,,,,,,,,-99.0,-99.0,,,,,,,,,,,-99.0,,,,
2012,11,8,,,,,,,,,,,,,,,,,,,,,,,,,,,,,,,,99.0,99.0,,,,,,,,,99.0,,99.0,,,,
2012,11,9,,,150.0,10179.0,10169.0,156.0,15.0,,,0.0,,88.0,62.0,100.0,,,,69.08,57.02,,,180.0,140.0,,,,,40.0,58.0,,,1.0,1.0,,,,,1.0,,,,1.0,,-9999.0,,,,
2012,11,10,,,,,,,,,,,,,,,,,,,,,,,,,,,,,,,,,,,,,,,,,,,,-9.0,,,,
2012,11,11,,,133.0,169.0,156.0,150.0,22.0,,,0.0,,79.0,68.0,90.0,,,,69.08,57.92,,,300.0,300.0,,,,,58.0,72.0,,,999.0,999.0,,,,,999.0,,,,1.0,,999.0,,,,
2012,11,12,,,,,,,,,,,,,,,,,,,,,,,,,,,,,,,,-999.0,-999.0,,,,,-999.0,,,,,,,,,,
2012,11,14,,,78.0,142.0,132.0,117.0,43.0,,,10.0,,59.0,50.0,67.0,,,,66.02,55.94,,,300.0,300.0,,,,,76.0,103.0,,,9999.0,9999.0,,,,,9999.0,,,,9999.0,,1.0,,,,
2012,11,15,,,,,,,,,,,,,,,,,,,,,,,,,,,,,,,,-99.0,-99.0,,,,,-99.0,,,,-99.0,,,,,,
2012,11,16,,,,,,,,,,,,,,,,,,,,,,,,,,,,,,,,99.0,99.0,,,,,99.0,,,,99.0,,,,,,
2012,11,17,,,39.0,10240.0,10234.0,89.0,17.0,,,0.0,,53.0,33.0,71.0,,,,62.959999999999994,48.92,,,310.0,330.0,,,,,67.0,80.0,,,-9999.0,-9999.0,,,,,-9999.0,,,,-9999.0,,-9999.0,,,,
2012,11,18,,,,,,,,,,,,,,,,,,,,,,,,,,,,,,,,-9.0,-9.0,,,,,-9.0,,,,-9.0,,-9.0,,,,
2012,11,19,,,6.0,220.0,207.0,78.0,18.0,,,0.0,,41.0,14.0,63.0,,,,68.0,46.94,,,310.0,330.0,,,,,63.0,76.0,,,999.0,999.0,,,,,999.0,,,,999.0,,999.0,,,,
2012,11,20,,,,,,,,,,,,,,,,,,,,,,,,,,,,,,,,-999.0,-999.0,,,,,-999.0,,,,-999.0,,-999.0,,,,
2012,11,21,,,,,,,,,,,,,,,,,,,,,,,,,,,,,,,,,,,,,,,,,,9.0,,,,,,
2012,11,22,,,83.0,173.0,163.0,122.0,8.0,,,0.0,,64.0,21.0,90.0,,,,71.06,51.08,,,340.0,340.0,,,,,40.0,45.0,,,9999.0,9999.0,,,,,9999.0,,,,1.0,,9999.0,,,,
2012,11,23,,,,,,,,,,,,,,,,,,,,,,,,,,,,,,,,,-99.0,,,,,,,,,,,,,,,
2012,11,24,,,,,,,,,,,,,,,,,,,,,,,,,,,,,,,,,99.0,,,,,,,,,,,,,,,
2012,11,25,,,78.0,10186.0,10179.0,122.0,11.0,,,0.0,,55.0,29.0,78.0,,,,71.06,55.04,,,290.0,270.0,,,,,45.0,63.0,,,-9999.0,-9999.0,,,,,-9999.0,,,,-9999.0,,-9999.0,,,,
2012,11,26,,,,,,,,,,,,,,,,,,,,,,,,,,,,,,,,-9.0,-9.0,,,,,-9.0,,,,-9.0,,-9.0,,,,
2012,11,27,,,128.0,190.0,179.0,150.0,11.0,,,0.0,,73.0,59.0,84.0,,,,71.06,60.08,,,240.0,230.0,,,,,54.0,58.0,,,999.0,999.0,,,,,999.0,,,,999.0,,999.0,,,,
2012,11,28,,,,,,,,,,,,,,,,,,,,,,,,,,,,,,,,,-999.0,,,,,-999.0,,,,-999.0,,,,,,
2012,11,30,,,117.0,227.0,213.0,139.0,23.0,,,0.0,,76.0,53.0,87.0,,,,69.98,55.04,,,300.0,320.0,,,,,67.0,89.0,,,9999.0,9999.0,,,,,9999.0,,,,9999.0,,9999.0,,,,
2012,11,31,,,,,,,,,,,,,,,,,,,,,,,,,,,,,,,,-99.0,-99.0,,,,,-99.0,,,,-99.0,,-99.0,,,,
2012,12,1,,,144.0,10207.0,10196.0,156.0,28.0,,,0.0,,84.0,65.0,97.0,,,,68.0,60.980000000000004,,,320.0,320.0,,,,,67.0,89.0,,,1.0,,-9999.0,,,,-9999.0,,,,1.0,-9999.0,-9999.0,,,,
2012,12,2,,,,,,,,,,,,,,,,,,,,,,,,,,,,,,,,,,-9.0,,,,-9.0,,,,,-9.0,,,,,
2012,12,3,,,139.0,203.0,190.0,156.0,21.0,,,,,79.0,63.0,90.0,,,,68.0,60.980000000000004,,,300.0,290.0,,,,,58.0,76.0,,,999.0,,999.0,,,,999.0,,,,999.0,999.0,1.0,,,,
2012,12,4,,,,,,,,,,,,,,,,,,,,,,,,,,,,,,,,,,-999.0,,,,-999.0,,,,-999.0,-999.0,,,,,
2012,12,5,,,,,,,,,,,,,,,,,,,,,,,,,,,,,,,,,,,,,,9.0,,,,9.0,,,,,,
2012,12,6,,,139.0,220.0,213.0,150.0,33.0,,,0.0,,82.0,70.0,93.0,,,,66.92,60.08,,,290.0,290.0,,,,,67.0,89.0,,,9999.0,,9999.0,,,,1.0,,,,1.0,9999.0,9999.0,,,,
2012,12,7,,,,,,,,,,,,,,,,,,,,,,,,,,,,,,,,-99.0,,-99.0,,,,,,,,,-99.0,-99.0,,,,
2012,12,8,,,,,,,,,,,,,,,,,,,,,,,,,,,,,,,,99.0,,99.0,,,,,,,,,99.0,99.0,,,,
2012,12,9,,,128.0,10146.0,10135.0,144.0,16.0,,,0.0,,78.0,68.0,90.0,,,,66.02,57.92,,,310.0,290.0,,,,,58.0,67.0,,,-9999.0,,-9999.0,,,,-9999.0,,,,1.0,-9999.0,-9999.0,,,,
2012,12,10,,,,,,,,,,,,,,,,,,,,,,,,,,,,,,,,-9.0,,-9.0,,,,,,,,,-9.0,-9.0,,,,
2012,12,11,,,128.0,142.0,132.0,139.0,16.0,,,0.0,,85.0,75.0,93.0,,,,62.059999999999995,57.02,,,320.0,320.0,,,,,54.0,63.0,,,999.0,,999.0,,,,1.0,,,,1.0,999.0,999.0,,,,
2012,12,12,,,,,,,,,,,,,,,,,,,,,,,,,,,,,,,,-999.0,,-999.0,,,,,,,,,-999.0,-999.0,,,,
2012,12,14,,,106.0,176.0,166.0,122.0,13.0,,,0.0,,76.0,65.0,83.0,,,,62.959999999999994,53.96,,,290.0,320.0,,,,,40.0,54.0,,,9999.0,,9999.0,,,,1.0,,,,1.0,9999.0,9999.0,,,,
2012,12,15,,,,,,,,,,,,,,,,,,,,,,,,,,,,,,,,-99.0,,-99.0,,,,,,,,,-99.0,-99.0,,,,
2012,12,16,,,,,,,,,,,,,,,,,,,,,,,,,,,,,,,,99.0,,99.0,,,,,,,,,99.0,99.0,,,,
2012,12,17,,,83.0,10166.0,10156.0,117.0,14.0,,,0.0,,66.0,26.0,90.0,,,,71.06,50.0,,,300.0,300.0,,,,,54.0,63.0,,,-9999.0,,-9999.0,,,,-9999.0,,,,1.0,-9999.0,-9999.0,,,,
2012,12,18,,,,,,,,,,,,,,,,,,,,,,,,,,,,,,,,-9.0,,-9.0,,,,,,,,,-9.0,,,,,
2012,12,19,,,106.0,139.0,129.0,128.0,33.0,,,,,72.0,60.0,87.0,,,,64.04,55.04,,,160.0,160.0,,,,,76.0,98.0,,,999.0,,999.0,,,,1.0,,,,1.0,999.0,1.0,,,,
2012,12,20,,,,,,,,,,,,,,,,,,,,,,,,,,,,,,,,,,-999.0,,,,,,,,,-999.0,,,,,
2012,12,21,,,,,,,,,,,,,,,,,,,,,,,,,,,,,,,,,,,,,,9.0,,,,,,,,,,
2012,12,22,,,50.0,139.0,129.0,89.0,37.0,,,23.0,,62.0,42.0,83.0,,,,60.08,51.08,,,300.0,300.0,,,,,80.0,98.0,,,9999.0,,9999.0,,,,1.0,,,,9999.0,9999.0,1.0,,,,
2012,12,23,,,,,,,,,,,,,,,,,,,,,,,,,,,,,,,,,,-99.0,,,,,,,,,-99.0,,,,,
2012,12,24,,,,,,,,,,,,,,,,,,,,,,,,,,,,,,,,,,99.0,,,,99.0,,,,,99.0,,,,,
2012,12,25,,,89.0,10210.0,10200.0,111.0,21.0,,,3.0,,74.0,58.0,90.0,,,,60.08,53.06,,,160.0,160.0,,,,,45.0,58.0,,,-9999.0,,-9999.0,,,,-9999.0,,,,1.0,-9999.0,1.0,,,,
2012,12,26,,,,,,,,,,,,,,,,,,,,,,,,,,,,,,,,,,-9.0,,,,-9.0,,,,,,,,,,
2012,12,27,,,117.0,196.0,186.0,133.0,15.0,,,8.0,,78.0,65.0,93.0,,,,62.959999999999994,55.94,,,230.0,230.0,,,,,45.0,54.0,,,1.0,,999.0,,,,999.0,,,,1.0,1.0,1.0,,,,
2012,12,28,,,,,,,,,,,,,,,,,,,,,,,,,,,,,,,,,,-999.0,,,,-999.0,,,,,,,,,,
2012,12,30,,,-33.0,220.0,213.0,50.0,21.0,,,0.0,,38.0,26.0,51.0,,,,57.92,44.06,,,330.0,330.0,,,,,103.0,143.0,,,9999.0,,9999.0,,,,9999.0,,,,9999.0,9999.0,9999.0,,,,
2012,12,31,,,,,,,,,,,,,,,,,,,,,,,,,,,,,,,,-99.0,,-99.0,,,,-99.0,,,,-99.0,-99.0,-99.0,,,,
2013,1,1,,,11.0,10217.0,10207.0,67.0,12.0,,,0.0,,49.0,35.0,66.0,,,,60.08,46.04,,,350.0,290.0,,,,,54.0,63.0,,,-9999.0,-9999.0,,,,,-9999.0,,,,-9999.0,,-9999.0,,,,
2013,1,2,,,,,,,,,,,,,,,,,,,,,,,,,,,,,,,,-9.0,-9.0,,,,,-9.0,,,,-9.0,,-9.0,,,,
2013,1,3,,,-6.0,186.0,173.0,61.0,13.0,,,0.0,,46.0,17.0,61.0,,,,62.959999999999994,42.08,,,340.0,340.0,,,,,58.0,72.0,,,999.0,999.0,,,,,999.0,,,,999.0,,999.0,,,,
2013,1,4,,,,,,,,,,,,,,,,,,,,,,,,,,,,,,,,-999.0,-999.0,,,,,-999.0,,,,-999.0,,-999.0,,,,
2013,1,6,,,-61.0,234.0,224.0,50.0,15.0,,,0.0,,31.0,9.0,55.0,,,,64.94,42.980000000000004,,,300.0,300.0,,,,,54.0,63.0,,,9999.0,9999.0,,,,,9999.0,,,,9999.0,,9999.0,,,,
2013,1,7,,,,,,,,,,,,,,,,,,,,,,,,,,,,,,,,-99.0,-99.0,,,,,-99.0,,,,-99.0,,-99.0,,,,
2013,1,8,,,,,,,,,,,,,,,,,,,,,,,,,,,,,,,,99.0,99.0,,,,,99.0,,,,99.0,,99.0,,,,
2013,1,9,,,67.0,10213.0,10200.0,89.0,15.0,,,41.0,,72.0,54.0,83.0,,,,57.92,48.02,,,330.0,340.0,,,,,98.0,125.0,,,-9999.0,-9999.0,,,,,1.0,,,,1.0,,1.0,,,,
2013,1,10,,,,,,,,,,,,,,,,,,,,,,,,,,,,,,,,-9.0,-9.0,,,,,,,,,,,,,,,
2013,1,11,,,50.0,169.0,163.0,89.0,22.0,,,3.0,,63.0,30.0,90.0,,,,64.04,46.94,,,300.0,310.0,,,,,72.0,94.0,,,999.0,999.0,,,,,999.0,,,,999.0,,1.0,,,,
2013,1,12,,,,,,,,,,,,,,,,,,,,,,,,,,,,,,,,-999.0,-999.0,,,,,-999.0,,,,-999.0,,,,,,
2013,1,13,,,,,,,,,,,,,,,,,,,,,,,,,,,,,,,,,,,,,,9.0,,,,9.0,,,,,,
2013,1,14,,,89.0,193.0,183.0,106.0,18.0,,,0.0,,78.0,62.0,87.0,,,,60.08,48.02,,,200.0,200.0,,,,,58.0,72.0,,,9999.0,9999.0,,,,,1.0,,,,1.0,,9999.0,,,,
2013,1,15,,,,,,,,,,,,,,,,,,,,,,,,,,,,,,,,-99.0,-99.0,,,,,,,,,,,,,,,
2013,1,16,,,,,,,,,,,,,,,,,,,,,,,,,,,,,,,,99.0,99.0,,,,,99.0,,,,,,,,,,
2013,1,17,,,-17.0,10207.0,10196.0,50.0,27.0,,,0.0,,44.0,30.0,59.0,,,,53.96,44.06,,,300.0,290.0,,,,,76.0,103.0,,,-9999.0,-9999.0,,,,,-9999.0,,,,-9999.0,,-9999.0,,,,
2013,1,18,,,,,,,,,,,,,,,,,,,,,,,,,,,,,,,,-9.0,-9.0,,,,,-9.0,,,,-9.0,,-9.0,,,,
2013,1,19,,,-22.0,203.0,190.0,44.0,17.0,,,0.0,,47.0,22.0,71.0,,,,55.94,42.08,,,300.0,290.0,,,,,45.0,58.0,,,999.0,999.0,,,,,999.0,,,,999.0,,999.0,,,,
2013,1,20,,,,,,,,,,,,,,,,,,,,,,,,,,,,,,,,-999.0,-999.0,,,,,-999.0,,,,-999.0,,-999.0,,,,
2013,1,22,,,-67.0,247.0,240.0,28.0,19.0,,,0.0,,35.0,21.0,58.0,,,,55.04,39.02,,,300.0,20.0,,,,,63.0,80.0,,,9999.0,9999.0,,,,,9999.0,,,,9999.0,,9999.0,,,,
2013,1,23,,,,,,,,,,,,,,,,,,,,,,,,,,,,,,,,-99.0,-99.0,,,,,-99.0,,,,-99.0,,-99.0,,,,
2013,1,24,,,,,,,,,,,,,,,,,,,,,,,,,,,,,,,,99.0,99.0,,,,,99.0,,,,99.0,,99.0,,,,
2013,1,25,,,-6.0,10244.0,10234.0,61.0,11.0,,,0.0,,45.0,21.0,63.0,,,,64.04,41.0,,,360.0,360.0,,,,,58.0,72.0,,,-9999.0,-9999.0,,,,,-9999.0,,,,-9999.0,,-9999.0,,,,
2013,1,26,,,,,,,,,,,,,,,,,,,,,,,,,,,,,,,,-9.0,-9.0,,,,,-9.0,,,,-9.0,,-9.0,,,,
2013,1,27,,,6.0,200.0,190.0,83.0,8.0,,,0.0,,44.0,13.0,75.0,,,,73.04,44.06,,,330.0,300.0,,,,,54.0,63.0,,,999.0,999.0,,,,,999.0,,,,999.0,,999.0,,,,
2013,1,28,,,,,,,,,,,,,,,,,,,,,,,,,,,,,,,,-999.0,-999.0,,,,,-999.0,,,,-999.0,,-999.0,,,,
2013,1,30,,,-22.0,200.0,190.0,78.0,10.0,,,0.0,,34.0,10.0,55.0,,,,75.92,46.94,,,330.0,320.0,,,,,45.0,58.0,,,9999.0,9999.0,,,,,9999.0,,,,9999.0,,9999.0,,,,
2013,1,31,,,,,,,,,,,,,,,,,,,,,,,,,,,,,,,,-99.0,-99.0,,,,,-99.0,,,,-99.0,,-99.0,,,,
2013,2,1,,,56.0,10210.0,10196.0,106.0,10.0,,,0.0,,53.0,25.0,78.0,,,,73.04,50.0,,,330.0,230.0,,,,,40.0,72.0,,,-9999.0,-9999.0,,,,,-9999.0,,,,-9999.0,,-9999.0,,,,
2013,2,2,,,,,,,,,,,,,,,,,,,,,,,,,,,,,,,,-9.0,-9.0,,,,,-9.0,,,,-9.0,,,,,,
2013,2,3,,,67.0,210.0,200.0,117.0,13.0,,,,,53.0,28.0,69.0,,,,73.94,51.98,,,320.0,320.0,,,,,54.0,63.0,,,999.0,999.0,,,,,999.0,,,,999.0,,1.0,,,,
2013,2,4,,,,,,,,,,,,,,,,,,,,,,,,,,,,,,,,,-999.0,,,,,-999.0,,,,,,,,,,
2013,2,5,,,,,,,,,,,,,,,,,,,,,,,,,,,,,,,,,9.0,,,,,9.0,,,,,,,,,,
2013,2,6,,,100.0,183.0,173.0,117.0,16.0,,,0.0,,83.0,67.0,97.0,,,,62.059999999999995,50.0,,,320.0,290.0,,,,,58.0,67.0,,,1.0,1.0,,,,,1.0,,,,1.0,,9999.0,,,,
2013,2,7,,,,,,,,,,,,,,,,,,,,,,,,,,,,,,,,,,,,,,,,,,,,-99.0,,,,
2013,2,8,,,,,,,,,,,,,,,,,,,,,,,,,,,,,,,,99.0,99.0,,,,,99.0,,,,,,99.0,,,,
2013,2,9,,,72.0,10183.0,10173.0,106.0,18.0,,,0.0,,66.0,58.0,77.0,,,,60.980000000000004,53.06,,,320.0,300.0,,,,,45.0,58.0,,,-9999.0,-9999.0,,,,,-9999.0,,,,-9999.0,,-9999.0,,,,
2013,2,10,,,,,,,,,,,,,,,,,,,,,,,,,,,,,,,,-9.0,-9.0,,,,,,,,,-9.0,,-9.0,,,,
2013,2,11,,,72.0,193.0,179.0,100.0,25.0,,,0.0,,68.0,55.0,80.0,,,,60.08,50.0,,,230.0,230.0,,,,,67.0,80.0,,,999.0,999.0,,,,,1.0,,,,999.0,,999.0,,,,
2013,2,12,,,,,,,,,,,,,,,,,,,,,,,,,,,,,,,,-999.0,-999.0,,,,,,,,,-999.0,,,,,,
2013,2,14,,,39.0,179.0,169.0,78.0,21.0,,,,,63.0,44.0,86.0,,,,57.92,44.06,,,270.0,270.0,,,,,72.0,94.0,,,9999.0,9999.0,,,,,9999.0,,,,9999.0,,1.0,,,,
2013,2,15,,,,,,,,,,,,,,,,,,,,,,,,,,,,,,,,-99.0,-99.0,,,,,-99.0,,,,-99.0,,,,,,
2013,2,16,,,,,,,,,,,,,,,,,,,,,,,,,,,,,,,,99.0,99.0,,,,,99.0,,,,99.0,,,,,,
2013,2,17,,,44.0,10210.0,10200.0,83.0,16.0,,,0.0,,63.0,48.0,74.0,,,,59.0,46.04,,,300.0,290.0,,,,,67.0,89.0,,,-9999.0,-9999.0,,,,,-9999.0,,,,-9999.0,,-9999.0,,,,
2013,2,18,,,,,,,,,,,,,,,,,,,,,,,,,,,,,,,,-9.0,-9.0,,,,,-9.0,,,,-9.0,,-9.0,,,,
2013,2,19,,,22.0,257.0,247.0,72.0,16.0,,,0.0,,54.0,28.0,77.0,,,,62.059999999999995,44.96,,,300.0,310.0,,,,,63.0,80.0,,,999.0,999.0,,,,,999.0,,,,999.0,,999.0,,,,
2013,2,20,,,,,,,,,,,,,,,,,,,,,,,,,,,,,,,,-999.0,-999.0,,,,,,,,,-999.0,,-999.0,,,,
2013,2,21,,,,,,,,,,,,,,,,,,,,,,,,,,,,,,,,,,,,,,,,,,9.0,,,,,,
2013,2,22,,,72.0,207.0,196.0,106.0,17.0,,,0.0,,66.0,47.0,86.0,,,,66.02,46.94,,,300.0,300.0,,,,,63.0,76.0,,,9999.0,9999.0,,,,,1.0,,,,1.0,,9999.0,,,,
2013,2,23,,,,,,,,,,,,,,,,,,,,,,,,,,,,,,,,-99.0,-99.0,,,,,,,,,,,-99.0,,,,
2013,2,24,,,,,,,,,,,,,,,,,,,,,,,,,,,,,,,,99.0,99.0,,,,,99.0,,,,99.0,,99.0,,,,
2013,2,25,,,-39.0,10183.0,10169.0,83.0,15.0,,,0.0,,23.0,13.0,37.0,,,,78.08,53.06,,,330.0,320.0,,,,,63.0,76.0,,,-9999.0,-9999.0,,,,,-9999.0,,,,-9999.0,,-9999.0,,,,
2013,2,26,,,,,,,,,,,,,,,,,,,,,,,,,,,,,,,,-9.0,-9.0,,,,,-9.0,,,,-9.0,,-9.0,,,,
2013,2,27,,,67.0,159.0,152.0,100.0,24.0,,,0.0,,66.0,45.0,75.0,,,,60.08,50.0,,,210.0,210.0,,,,,67.0,76.0,,,999.0,999.0,,,,,999.0,,,,999.0,,999.0,,,,
2013,2,28,,,,,,,,,,,,,,,,,,,,,,,,,,,,,,,,-999.0,-999.0,,,,,-999.0,,,,-999.0,,-999.0,,,,
2013,2,29,,,,,,,,,,,,,,,,,,,,,,,,,,,,,,,,9.0,,,,,,,,,,,,9.0,,,,
2013,2,30,,,44.0,132.0,119.0,83.0,41.0,,,66.0,,60.0,47.0,83.0,,,,57.02,50.0,,,260.0,270.0,,,,,98.0,116.0,,,1.0,9999.0,,,,,9999.0,,,,9999.0,,1.0,,,,
2013,2,31,,,,,,,,,,,,,,,,,,,,,,,,,,,,,,,,,-99.0,,,,,-99.0,,,,-99.0,,,,,,
2013,3,1,,,-50.0,10230.0,10220.0,89.0,17.0,,,0.0,,21.0,9.0,37.0,,,,80.06,51.98,,,340.0,340.0,,,,,72.0,89.0,,,-9999.0,-9999.0,,,,,-9999.0,,,,-9999.0,,-9999.0,,,,
2013,3,2,,,,,,,,,,,,,,,,,,,,,,,,,,,,,,,,-9.0,-9.0,,,,,-9.0,,,,-9.0,,-9.0,,,,
2013,3,3,,,-6.0,210.0,200.0,100.0,10.0,,,0.0,,29.0,10.0,58.0,,,,80.06,53.96,,,300.0,300.0,,,,,54.0,67.0,,,999.0,999.0,,,,,999.0,,,,999.0,,999.0,,,,
2013,3,4,,,,,,,,,,,,,,,,,,,,,,,,,,,,,,,,-999.0,-999.0,,,,,-999.0,,,,-999.0,,-999.0,,,,
2013,3,6,,,94.0,190.0,179.0,122.0,21.0,,,0.0,,71.0,65.0,78.0,,,,62.959999999999994,57.02,,,270.0,250.0,,,,,54.0,72.0,,,9999.0,9999.0,,,,,9999.0,,,,9999.0,,9999.0,,,,
2013,3,7,,,,,,,,,,,,,,,,,,,,,,,,,,,,,,,,-99.0,-99.0,,,,,-99.0,,,,-99.0,,-99.0,,,,
2013,3,8,,,,,,,,,,,,,,,,,,,,,,,,,,,,,,,,99.0,99.0,,,,,99.0,,,,99.0,,99.0,,,,
2013,3,9,,,56.0,10196.0,10186.0,100.0,26.0,,,0.0,,58.0,46.0,69.0,,,,62.059999999999995,55.04,,,300.0,290.0,,,,,67.0,94.0,,,-9999.0,-9999.0,,,,,-9999.0,,,,-9999.0,,-9999.0,,,,
2013,3,10,,,,,,,,,,,,,,,,,,,,,,,,,,,,,,,,,-9.0,,,,,-9.0,,,,,,,,,,
2013,3,11,,,83.0,156.0,146.0,111.0,23.0,,,46.0,,68.0,52.0,87.0,,,,62.059999999999995,53.96,,,190.0,190.0,,,,,72.0,103.0,,,1.0,999.0,,,,,999.0,,,,1.0,,1.0,,,,
2013,3,12,,,,,,,,,,,,,,,,,,,,,,,,,,,,,,,,,-999.0,,,,,-999.0,,,,,,,,,,
2013,3,14,,,56.0,213.0,203.0,94.0,39.0,,,,,61.0,49.0,72.0,,,,59.0,51.98,,,270.0,270.0,,,,,98.0,116.0,,,9999.0,9999.0,,,,,9999.0,,,,9999.0,,1.0,,,,
2013,3,15,,,,,,,,,,,,,,,,,,,,,,,,,,,,,,,,-99.0,-99.0,,,,,-99.0,,,,-99.0,,,,,,
2013,3,16,,,,,,,,,,,,,,,,,,,,,,,,,,,,,,,,99.0,99.0,,,,,99.0,,,,99.0,,99.0,,,,
2013,3,17,,,72.0,10203.0,10193.0,106.0,18.0,,,0.0,,63.0,40.0,87.0,,,,68.0,51.08,,,310.0,290.0,,,,,63.0,76.0,,,-9999.0,-9999.0,,,,,-9999.0,,,,-9999.0,,-9999.0,,,,
2013,3,18,,,,,,,,,,,,,,,,,,,,,,,,,,,,,,,,,,,,,,-9.0,,,,,,-9.0,,,,
2013,3,19,,,94.0,179.0,173.0,117.0,25.0,,,0.0,,76.0,44.0,93.0,,,,71.06,50.0,,,300.0,310.0,,,,,58.0,67.0,,,1.0,1.0,,,,,999.0,,,,1.0,,999.0,,,,
2013,3,20,,,,,,,,,,,,,,,,,,,,,,,,,,,,,,,,,,,,,,,,,,,,-999.0,,,,
2013,3,22,,,106.0,186.0,173.0,122.0,22.0,,,0.0,,80.0,61.0,93.0,,,,66.02,50.0,,,300.0,300.0,,,,,67.0,80.0,,,1.0,9999.0,,,,,1.0,,,,1.0,,9999.0,,,,
2013,3,23,,,,,,,,,,,,,,,,,,,,,,,,,,,,,,,,,,,,,,,,,,,,-99.0,,,,
2013,3,24,,,,,,,,,,,,,,,,,,,,,,,,,,,,,,,,99.0,,,,,,,,,,,,99.0,,,,
2013,3,25,,,94.0,10149.0,10139.0,117.0,26.0,,,0.0,,77.0,65.0,89.0,,,,60.980000000000004,53.06,,,230.0,220.0,,,,,54.0,67.0,,,-9999.0,-9999.0,,,,,-9999.0,,,,1.0,,-9999.0,,,,
2013,3,26,,,,,,,,,,,,,,,,,,,,,,,,,,,,,,,,-9.0,-9.0,,,,,,,,,,,-9.0,,,,
2013,3,27,,,94.0,159.0,149.0,117.0,28.0,,,0.0,,72.0,63.0,80.0,,,,62.059999999999995,55.04,,,230.0,220.0,,,,,54.0,67.0,,,999.0,999.0,,,,,1.0,,,,999.0,,999.0,,,,
2013,3,28,,,,,,,,,,,,,,,,,,,,,,,,,,,,,,,,-999.0,-999.0,,,,,,,,,-999.0,,-999.0,,,,
2013,3,30,,,100.0,193.0,183.0,128.0,24.0,,,0.0,,67.0,56.0,81.0,,,,64.94,57.92,,,310.0,320.0,,,,,58.0,72.0,,,9999.0,9999.0,,,,,9999.0,,,,9999.0,,9999.0,,,,
2013,3,31,,,,,,,,,,,,,,,,,,,,,,,,,,,,,,,,-99.0,-99.0,,,,,,,,,-99.0,,-99.0,,,,
2013,4,1,,,100.0,10207.0,10193.0,128.0,42.0,,,0.0,,69.0,47.0,83.0,,,61.34,66.02,55.94,,,290.0,300.0,,,,,89.0,107.0,,,-9999.0,,,,,,-9999.0,,,,,,,,,,
2013,4,2,,,,,,,,,,,,,,,,,,,,,,,,,,,,,,,,,,,,,,-9.0,,,,,,,,,,
2013,4,3,,,106.0,186.0,173.0,133.0,29.0,,,,,70.0,56.0,87.0,,,,66.02,57.92,,,290.0,290.0,,,,,63.0,76.0,,,1.0,,,,,,999.0,,,,,,,,,,
2013,4,4,,,,,,,,,,,,,,,,,,,,,,,,,,,,,,,,,,,,,,-999.0,,,,,,,,,,
2013,4,6,,,117.0,186.0,179.0,139.0,33.0,,,0.0,,75.0,63.0,84.0,,,,66.92,57.02,,,290.0,290.0,,,,,76.0,103.0,,,9999.0,,,,,,9999.0,,,,,,,,,,
2013,4,7,,,,,,,,,,,,,,,,,,,,,,,,,,,,,,,,-99.0,,,,,,-99.0,,,,,,,,,,
2013,4,8,,,,,,,,,,,,,,,,,,,,,,,,,,,,,,,,99.0,,,,,,99.0,,,,,,,,,,
2013,4,9,,,111.0,10173.0,10163.0,133.0,33.0,,,0.0,,70.0,59.0,78.0,,,61.16,66.92,59.0,,,270.0,270.0,,,,,58.0,76.0,,,-9999.0,,,,,,-9999.0,,,,,,,,,,
2013,4,10,,,,,,,,,,,,,,,,,,,,,,,,,,,,,,,,-9.0,,,,,,-9.0,,,,,,,,,,
2013,4,11,,,111.0,132.0,122.0,133.0,31.0,,,0.0,,71.0,63.0,78.0,,,,64.94,59.0,,,180.0,150.0,,,,,54.0,72.0,,,999.0,,,,,,999.0,,,,,,,,,,
2013,4,12,,,,,,,,,,,,,,,,,,,,,,,,,,,,,,,,-999.0,,,,,,-999.0,,,,,,,,,,
2013,4,13,,,,,,,,,,,,,,,,,,,,,,,,,,,,,,,,,,,,,,9.0,,,,,,,,,,
2013,4,14,,,78.0,139.0,129.0,117.0,28.0,,,0.0,,59.0,32.0,75.0,,,,68.0,55.04,,,300.0,260.0,,,,,63.0,81.0,,,9999.0,,,,,,1.0,,,,,,,,,,
2013,4,15,,,,,,,,,,,,,,,,,,,,,,,,,,,,,,,,-99.0,,,,,,,,,,,,,,,,
2013,4,16,,,,,,,,,,,,,,,,,,,,,,,,,,,,,,,,99.0,,,,,,99.0,,,,,,,,,,
2013,4,17,,,89.0,10129.0,10119.0,122.0,32.0,,,0.0,,65.0,32.0,75.0,,,62.78,64.04,55.94,,,180.0,190.0,,,,,76.0,98.0,,,-9999.0,,,,,,-9999.0,,,,,,,,,,
2013,4,18,,,,,,,,,,,,,,,,,,,,,,,,,,,,,,,,-9.0,,,,,,-9.0,,,,,,,,,,
2013,4,19,,,100.0,112.0,102.0,128.0,29.0,,,0.0,,68.0,56.0,81.0,,,,66.02,57.02,,,270.0,290.0,,,,,58.0,81.0,,,999.0,,,,,,999.0,,,,,,,,,,
2013,4,20,,,,,,,,,,,,,,,,,,,,,,,,,,,,,,,,-999.0,,,,,,-999.0,,,,,,,,,,
2013,4,22,,,94.0,122.0,108.0,117.0,40.0,,,,,75.0,67.0,87.0,,,,59.0,55.94,,,170.0,170.0,,,,,63.0,76.0,,,9999.0,,,,,,9999.0,,,,,,,,,,
2013,4,23,,,,,,,,,,,,,,,,,,,,,,,,,,,,,,,,-99.0,,,,,,-99.0,,,,,,,,,,
2013,4,24,,,,,,,,,,,,,,,,,,,,,,,,,,,,,,,,99.0,,,,,,99.0,,,,,,,,,,
2013,4,25,,,50.0,10152.0,10142.0,94.0,35.0,,,0.0,,55.0,48.0,67.0,,,56.66,60.08,53.96,,,210.0,210.0,,,,,72.0,89.0,,,-9999.0,,,,,,-9999.0,,,,,,,,,,
2013,4,26,,,,,,,,,,,,,,,,,,,,,,,,,,,,,,,,-9.0,,,,,,-9.0,,,,,,,,,,
2013,4,27,,,33.0,186.0,173.0,100.0,28.0,,,0.0,,46.0,29.0,75.0,,,,68.0,51.98,,,310.0,300.0,,,,,94.0,125.0,,,999.0,,,,,,999.0,,,,,,,,,,
2013,4,28,,,,,,,,,,,,,,,,,,,,,,,,,,,,,,,,-999.0,,,,,,-999.0,,,,,,,,,,
2013,4,30,,,22.0,186.0,173.0,106.0,24.0,,,0.0,,37.0,15.0,78.0,,,,77.0,53.96,,,300.0,310.0,,,,,76.0,94.0,,,9999.0,,,,,,9999.0,,,,,,,,,,
2013,4,31,,,,,,,,,,,,,,,,,,,,,,,,,,,,,,,,-99.0,,,,,,-99.0,,,,,,,,,,
2013,5,1,,,111.0,10163.0,10152.0,139.0,29.0,,,0.0,,65.0,57.0,70.0,,,63.5,69.08,62.059999999999995,,,280.0,260.0,,,,,63.0,81.0,,,-9999.0,,,,,,-9999.0,,,,,,,,,,
2013,5,2,,,,,,,,,,,,,,,,,,,,,,,,,,,,,,,,-9.0,,,,,,-9.0,,,,,,,,,,
2013,5,3,,,111.0,179.0,166.0,150.0,29.0,,,0.0,,58.0,36.0,78.0,,,,80.06,60.08,,,310.0,310.0,,,,,72.0,94.0,,,999.0,,,,,,999.0,,,,,,,,,,
2013,5,4,,,,,,,,,,,,,,,,,,,,,,,,,,,,,,,,-999.0,,,,,,-999.0,,,,,,,,,,
2013,5,6,,,117.0,105.0,91.0,139.0,58.0,,,0.0,,71.0,63.0,84.0,,,,66.02,60.08,,,190.0,180.0,,,,,81.0,107.0,,,9999.0,,,,,,9999.0,,,,,,,,,,
2013,5,7,,,,,,,,,,,,,,,,,,,,,,,,,,,,,,,,-99.0,,,,,,-99.0,,,,,,,,,,
2013,5,8,,,,,,,,,,,,,,,,,,,,,,,,,,,,,,,,99.0,,,,,,99.0,,,,,,,,,,
2013,5,9,,,139.0,10159.0,10152.0,150.0,51.0,,,46.0,,80.0,73.0,87.0,,,62.24,66.02,60.08,,,170.0,170.0,,,,,103.0,130.0,,,-9999.0,,,,,,-9999.0,,,,,,,,,,
2013,5,10,,,,,,,,,,,,,,,,,,,,,,,,,,,,,,,,-9.0,,,,,,-9.0,,,,,,,,,,
2013,5,11,,,117.0,176.0,166.0,139.0,30.0,,,10.0,,67.0,52.0,81.0,,,,68.0,60.980000000000004,,,220.0,210.0,,,,,67.0,81.0,,,999.0,,,,,,999.0,,,,,,,,,,
2013,5,12,,,,,,,,,,,,,,,,,,,,,,,,,,,,,,,,-999.0,,,,,,,,,,,,,,,,
2013,5,14,,,111.0,193.0,179.0,139.0,28.0,,,0.0,,67.0,57.0,78.0,,,,66.92,60.980000000000004,,,260.0,310.0,,,,,67.0,94.0,,,9999.0,,,,,,9999.0,,,,,,,,,,
2013,5,15,,,,,,,,,,,,,,,,,,,,,,,,,,,,,,,,-99.0,,,,,,-99.0,,,,,,,,,,
2013,5,16,,,,,,,,,,,,,,,,,,,,,,,,,,,,,,,,99.0,,,,,,99.0,,,,,,,,,,
2013,5,17,,,144.0,10176.0,10163.0,167.0,26.0,,,0.0,,73.0,59.0,84.0,,,66.38,73.04,62.959999999999994,,,290.0,300.0,,,,,58.0,72.0,,,-9999.0,,,,,,-9999.0,,,,,,,,,,
2013,5,18,,,,,,,,,,,,,,,,,,,,,,,,,,,,,,,,,,,,,,-9.0,,,,,,,,,,
2013,5,19,,,150.0,156.0,146.0,172.0,23.0,,,0.0,,70.0,52.0,93.0,,,,78.08,57.92,,,320.0,320.0,,,,,58.0,72.0,,,1.0,,,,,,999.0,,,,,,,,,,
2013,5,20,,,,,,,,,,,,,,,,,,,,,,,,,,,,,,,,,,,,,,-999.0,,,,,,,,,,
2013,5,21,,,,,,,,,,,,,,,,,,,,,,,,,,,,,,,,9.0,,,,,,,,,,,,,,,,
2013,5,22,,,139.0,156.0,146.0,161.0,25.0,,,0.0,,73.0,61.0,87.0,,,,71.06,62.059999999999995,,,280.0,270.0,,,,,63.0,76.0,,,1.0,,,,,,9999.0,,,,,,,,,,
2013,5,23,,,,,,,,,,,,,,,,,,,,,,,,,,,,,,,,,,,,,,-99.0,,,,,,,,,,
2013,5,24,,,,,,,,,,,,,,,,,,,,,,,,,,,,,,,,99.0,,,,,,99.0,,,,,,,,,,
2013,5,25,,,106.0,10149.0,10135.0,139.0,30.0,,,0.0,,66.0,59.0,70.0,,,63.14,66.02,60.980000000000004,,,210.0,190.0,,,,,63.0,81.0,,,-9999.0,,,,,,-9999.0,,,,,,,,,,
2013,5,26,,,,,,,,,,,,,,,,,,,,,,,,,,,,,,,,-9.0,,,,,,-9.0,,,,,,,,,,
2013,5,27,,,122.0,156.0,146.0,144.0,37.0,,,0.0,,69.0,61.0,73.0,,,,69.08,62.059999999999995,,,200.0,210.0,,,,,67.0,94.0,,,999.0,,,,,,999.0,,,,,,,,,,
2013,5,28,,,,,,,,,,,,,,,,,,,,,,,,,,,,,,,,-999.0,,,,,,-999.0,,,,,,,,,,
2013,5,30,,,122.0,149.0,135.0,150.0,30.0,,,0.0,,69.0,61.0,81.0,,,,69.08,62.059999999999995,,,230.0,220.0,,,,,58.0,67.0,,,9999.0,,,,,,9999.0,,,,,,,,,,
2013,5,31,,,,,,,,,,,,,,,,,,,,,,,,,,,,,,,,-99.0,,,,,,-99.0,,,,,,,,,,
2013,6,1,,,139.0,10102.0,10091.0,156.0,22.0,,,0.0,,75.0,66.0,81.0,,,65.12,69.08,62.959999999999994,,,200.0,220.0,,,,,54.0,76.0,,,-9999.0,,,,,,1.0,,,,,,,,,,
2013,6,2,,,,,,,,,,,,,,,,,,,,,,,,,,,,,,,,-9.0,,,,,,,,,,,,,,,,
2013,6,3,,,133.0,102.0,91.0,156.0,36.0,,,0.0,,76.0,68.0,84.0,,,,66.02,62.059999999999995,,,190.0,190.0,,,,,63.0,76.0,,,999.0,,,,,,999.0,,,,,,,,,,
2013,6,4,,,,,,,,,,,,,,,,,,,,,,,,,,,,,,,,-999.0,,,,,,-999.0,,,,,,,,,,
2013,6,6,,,122.0,142.0,132.0,150.0,32.0,,,0.0,,65.0,53.0,73.0,,,,69.98,62.959999999999994,,,280.0,250.0,,,,,58.0,94.0,,,9999.0,,,,,,9999.0,,,,,,,,,,
2013,6,7,,,,,,,,,,,,,,,,,,,,,,,,,,,,,,,,-99.0,,,,,,-99.0,,,,,,,,,,
2013,6,8,,,,,,,,,,,,,,,,,,,,,,,,,,,,,,,,99.0,,,,,,99.0,,,,,,,,,,
2013,6,9,,,133.0,10139.0,10129.0,156.0,31.0,,,0.0,,72.0,63.0,78.0,,,65.66,69.08,62.959999999999994,,,280.0,300.0,,,,,67.0,89.0,,,-9999.0,,,,,,-9999.0,,,,,,,,,,
2013,6,10,,,,,,,,,,,,,,,,,,,,,,,,,,,,,,,,-9.0,,,,,,-9.0,,,,,,,,,,
2013,6,11,,,133.0,115.0,102.0,150.0,27.0,,,0.0,,76.0,68.0,81.0,,,,66.92,60.980000000000004,,,280.0,280.0,,,,,45.0,67.0,,,999.0,,,,,,999.0,,,,,,,,,,
2013,6,12,,,,,,,,,,,,,,,,,,,,,,,,,,,,,,,,-999.0,,,,,,-999.0,,,,,,,,,,
2013,6,14,,,122.0,132.0,125.0,139.0,22.0,,,0.0,,78.0,70.0,87.0,,,,64.94,59.0,,,220.0,230.0,,,,,45.0,63.0,,,9999.0,,,,,,9999.0,,,,,,,,,,
2013,6,15,,,,,,,,,,,,,,,,,,,,,,,,,,,,,,,,-99.0,,,,,,-99.0,,,,,,,,,,
2013,6,16,,,,,,,,,,,,,,,,,,,,,,,,,,,,,,,,99.0,,,,,,99.0,,,,,,,,,,
2013,6,17,,,139.0,10135.0,10125.0,156.0,30.0,,,0.0,,82.0,70.0,90.0,,,63.68,69.08,60.08,,,280.0,290.0,,,,,72.0,81.0,,,-9999.0,,,,,,1.0,,,,,,,,,,
2013,6,19,,,133.0,159.0,149.0,144.0,26.0,,,0.0,,83.0,68.0,96.0,,,,64.94,57.92,,,220.0,280.0,,,,,54.0,67.0,,,1.0,,,,,,999.0,,,,,,,,,,
2013,6,20,,,,,,,,,,,,,,,,,,,,,,,,,,,,,,,,,,,,,,-999.0,,,,,,,,,,
2013,6,22,,,122.0,132.0,125.0,144.0,36.0,,,0.0,,73.0,51.0,93.0,,,,73.04,57.02,,,220.0,190.0,,,,,58.0,72.0,,,9999.0,,,,,,9999.0,,,,,,,,,,
2013,6,23,,,,,,,,,,,,,,,,,,,,,,,,,,,,,,,,-99.0,,,,,,-99.0,,,,,,,,,,
2013,6,24,,,,,,,,,,,,,,,,,,,,,,,,,,,,,,,,99.0,,,,,,99.0,,,,,,,,,,
2013,6,25,,,122.0,10159.0,10149.0,156.0,27.0,,,0.0,,65.0,53.0,75.0,,,68.54,71.96,62.959999999999994,,,270.0,280.0,,,,,63.0,89.0,,,-9999.0,,,,,,-9999.0,,,,,,,,,,
2013,6,26,,,,,,,,,,,,,,,,,,,,,,,,,,,,,,,,-9.0,,,,,,-9.0,,,,,,,,,,
2013,6,27,,,133.0,146.0,132.0,156.0,19.0,,,0.0,,69.0,57.0,78.0,,,,71.96,62.959999999999994,,,290.0,270.0,,,,,45.0,76.0,,,999.0,,,,,,999.0,,,,,,,,,,
2013,6,28,,,,,,,,,,,,,,,,,,,,,,,,,,,,,,,,-999.0,,,,,,,,,,,,,,,,
2013,6,30,,,128.0,112.0,102.0,156.0,26.0,,,0.0,,67.0,55.0,81.0,,,,73.04,62.059999999999995,,,250.0,330.0,,,,,54.0,67.0,,,9999.0,,,,,,9999.0,,,,,,,,,,
2013,6,31,,,,,,,,,,,,,,,,,,,,,,,,,,,,,,,,-99.0,,,,,,,,,,,,,,,,
2013,7,1,,,167.0,10115.0,10105.0,189.0,18.0,,,0.0,,75.0,60.0,87.0,,,69.8,80.06,64.94,,,180.0,300.0,,,,,45.0,63.0,,,-9999.0,,-9999.0,,,,-9999.0,,,,,,,,,,
2013,7,2,,,,,,,,,,,,,,,,,,,,,,,,,,,,,,,,-9.0,,-9.0,,,,-9.0,,,,,,,,,,
2013,7,3,,,172.0,142.0,132.0,183.0,21.0,,,0.0,,79.0,71.0,84.0,,,,73.04,66.92,,,330.0,210.0,,,,,54.0,81.0,,,999.0,,999.0,,,,999.0,,,,,,,,,,
2013,7,4,,,,,,,,,,,,,,,,,,,,,,,,,,,,,,,,-999.0,,-999.0,,,,,,,,,,,,,,
2013,7,6,,,156.0,102.0,91.0,172.0,20.0,,,0.0,,73.0,60.0,81.0,,,,75.92,66.02,,,220.0,280.0,,,,,58.0,72.0,,,9999.0,,9999.0,,,,9999.0,,,,,,,,,,
2013,7,7,,,,,,,,,,,,,,,,,,,,,,,,,,,,,,,,-99.0,,-99.0,,,,-99.0,,,,,,,,,,
2013,7,8,,,,,,,,,,,,,,,,,,,,,,,,,,,,,,,,99.0,,99.0,,,,99.0,,,,,,,,,,
2013,7,9,,,156.0,10098.0,10085.0,178.0,25.0,,,0.0,,74.0,68.0,79.0,,,69.08,73.04,66.92,,,240.0,240.0,,,,,54.0,72.0,,,-9999.0,,-9999.0,,,,-9999.0,,,,,,,,,,
2013,7,10,,,,,,,,,,,,,,,,,,,,,,,,,,,,,,,,-9.0,,-9.0,,,,,,,,,,,,,,
2013,7,11,,,161.0,102.0,91.0,178.0,30.0,,,0.0,,74.0,62.0,81.0,,,,75.02,66.92,,,280.0,290.0,,,,,63.0,89.0,,,999.0,,999.0,,,,1.0,,,,,,,,,,
2013,7,12,,,,,,,,,,,,,,,,,,,,,,,,,,,,,,,,,,-999.0,,,,,,,,,,,,,,
2013,7,14,,,172.0,149.0,142.0,189.0,24.0,,,0.0,,75.0,62.0,84.0,,,,77.0,69.08,,,180.0,180.0,,,,,54.0,63.0,,,9999.0,,9999.0,,,,9999.0,,,,,,,,,,
2013,7,15,,,,,,,,,,,,,,,,,,,,,,,,,,,,,,,,-99.0,,-99.0,,,,-99.0,,,,,,,,,,
2013,7,16,,,,,,,,,,,,,,,,,,,,,,,,,,,,,,,,99.0,,99.0,,,,99.0,,,,,,,,,,
2013,7,17,,,167.0,10142.0,10129.0,183.0,22.0,,,10.0,,77.0,68.0,87.0,,,69.25999999999999,73.04,66.92,,,210.0,210.0,,,,,45.0,58.0,,,-9999.0,,-9999.0,,,,-9999.0,,,,,,,,,,
2013,7,18,,,,,,,,,,,,,,,,,,,,,,,,,,,,,,,,-9.0,,-9.0,,,,-9.0,,,,,,,,,,
2013,7,19,,,167.0,132.0,122.0,189.0,21.0,,,0.0,,73.0,64.0,81.0,,,,75.92,66.92,,,300.0,240.0,,,,,54.0,67.0,,,999.0,,999.0,,,,999.0,,,,,,,,,,
2013,7,20,,,,,,,,,,,,,,,,,,,,,,,,,,,,,,,,-999.0,,-999.0,,,,,,,,,,,,,,
2013,7,22,,,161.0,125.0,115.0,183.0,26.0,,,0.0,,72.0,60.0,78.0,,,,77.0,68.0,,,220.0,220.0,,,,,54.0,67.0,,,9999.0,,9999.0,,,,9999.0,,,,,,,,,,
2013,7,23,,,,,,,,,,,,,,,,,,,,,,,,,,,,,,,,-99.0,,-99.0,,,,-99.0,,,,,,,,,,
2013,7,24,,,,,,,,,,,,,,,,,,,,,,,,,,,,,,,,99.0,,99.0,,,,99.0,,,,,,,,,,
2013,7,25,,,161.0,10135.0,10125.0,183.0,33.0,,,0.0,,69.0,58.0,79.0,,,71.78,77.0,66.92,,,290.0,280.0,,,,,63.0,81.0,,,-9999.0,,-9999.0,,,,-9999.0,,,,,,,,,,
2013,7,26,,,,,,,,,,,,,,,,,,,,,,,,,,,,,,,,,,-9.0,,,,-9.0,,,,,,,,,,
2013,7,27,,,161.0,159.0,146.0,183.0,34.0,,,0.0,,72.0,56.0,84.0,,,,77.0,64.94,,,290.0,290.0,,,,,72.0,89.0,,,1.0,,999.0,,,,999.0,,,,,,,,,,
2013,7,28,,,,,,,,,,,,,,,,,,,,,,,,,,,,,,,,,,-999.0,,,,-999.0,,,,,,,,,,
2013,7,30,,,144.0,125.0,115.0,167.0,22.0,,,0.0,,75.0,66.0,81.0,,,,71.06,64.04,,,210.0,220.0,,,,,58.0,67.0,,,9999.0,,9999.0,,,,9999.0,,,,,,,,,,
2013,7,31,,,,,,,,,,,,,,,,,,,,,,,,,,,,,,,,-99.0,,-99.0,,,,-99.0,,,,,,,,,,
2013,8,1,,,128.0,10156.0,10146.0,161.0,30.0,,,0.0,,64.0,50.0,73.0,0.0,,67.82,73.94,64.94,,,270.0,280.0,,,,,58.0,94.0,,,,,,,,,-9999.0,,,,,,,,,,
2013,8,2,,,,,,,,,,,,,,,,,,,,,,,,,,,,,,,,,,,,,,-9.0,,,,,,,,,,
2013,8,3,,,133.0,146.0,135.0,161.0,28.0,,,0.0,,69.0,63.0,76.0,0.0,,,69.98,64.94,,,240.0,220.0,,,,,58.0,112.0,,,,,,,,,999.0,,,,,,,,,,
2013,8,4,,,,,,,,,,,,,,,,,,,,,,,,,,,,,,,,,,,,,,-999.0,,,,,,,,,,
2013,8,5,,,,,,,,,,,,,,,,,,,,,,,,,,,,,,,,,,,,,,9.0,,,,,,,,,,
2013,8,6,,,144.0,156.0,146.0,167.0,26.0,,,0.0,,71.0,57.0,78.0,0.0,,,75.02,64.04,,,280.0,280.0,,,,,63.0,81.0,,,,,,,,,1.0,,,,,,,,,,
2013,8,8,,,,,,,,,,,,,,,,,,,,,,,,,,,,,,,,,,,,,,99.0,,,,,,,,,,
2013,8,9,,,139.0,10166.0,10156.0,161.0,26.0,,,0.0,,69.0,57.0,78.0,0.0,,67.46,71.96,64.04,,,290.0,290.0,,,,,58.0,89.0,,,,,,,,,-9999.0,,,,,,,,,,
2013,8,10,,,,,,,,,,,,,,,,,,,,,,,,,,,,,,,,,,,,,,-9.0,,,,,,,,,,
2013,8,11,,,139.0,173.0,163.0,167.0,30.0,,,0.0,,69.0,57.0,81.0,0.0,,,73.94,64.94,,,290.0,290.0,,,,,67.0,89.0,,,,,,,,,999.0,,,,,,,,,,
2013,8,14,,,133.0,146.0,135.0,161.0,24.0,,,0.0,,68.0,59.0,76.0,0.0,,,71.96,64.04,,,270.0,270.0,,,,,58.0,81.0,,,,,,,,,9999.0,,,,,,,,,,
2013,8,15,,,,,,,,,,,,,,,,,,,,,,,,,,,,,,,,,,,,,,-99.0,,,,,,,,,,
2013,8,16,,,,,,,,,,,,,,,,,,,,,,,,,,,,,,,,,,,,,,99.0,,,,,,,,,,
2013,8,17,,,139.0,10149.0,10139.0,161.0,24.0,,,0.0,,70.0,57.0,78.0,0.0,,66.74000000000001,71.96,64.04,,,270.0,300.0,,,,,54.0,67.0,,,,,,,,,-9999.0,,,,,,,,,,
2013,8,18,,,,,,,,,,,,,,,,,,,,,,,,,,,,,,,,,,,,,,-9.0,,,,,,,,,,
2013,8,19,,,144.0,146.0,135.0,161.0,21.0,,,0.0,,71.0,63.0,78.0,0.0,,,73.04,64.04,,,270.0,280.0,,,,,63.0,89.0,,,,,,,,,999.0,,,,,,,,,,
2013,8,20,,,,,,,,,,,,,,,,,,,,,,,,,,,,,,,,,,,,,,-999.0,,,,,,,,,,
2013,8,21,,,,,,,,,,,,,,,,,,,,,,,,,,,,,,,,,,,,,,9.0,,,,,,,,,,
2013,8,22,,,150.0,129.0,119.0,167.0,22.0,,,0.0,,76.0,66.0,84.0,0.0,,,73.04,64.04,,,300.0,270.0,,,,,45.0,76.0,,,,,,,,,1.0,,,,,,,,,,
2013,8,24,,,,,,,,,,,,,,,,,,,,,,,,,,,,,,,,,,,,,,99.0,,,,,,,,,,
2013,8,25,,,161.0,10142.0,10132.0,183.0,18.0,,,0.0,,73.0,56.0,84.0,0.0,,69.44,77.0,66.02,,,320.0,330.0,,,,,45.0,67.0,,,,,,,,,-9999.0,,,,,,,,,,
2013,8,26,,,,,,,,,,,,,,,,,,,,,,,,,,,,,,,,,,,,,,-9.0,,,,,,,,,,
2013,8,27,,,161.0,129.0,115.0,178.0,33.0,,,0.0,,75.0,64.0,87.0,0.0,,,73.94,64.04,,,300.0,300.0,,,,,67.0,81.0,,,,,,,,,999.0,,,,,,,,,,
2013,8,28,,,,,,,,,,,,,,,,,,,,,,,,,,,,,,,,,,,,,,-999.0,,,,,,,,,,
2013,8,29,,,,,,,,,,,,,,,,,,,,,,,,,,,,,,,,,,,,,,9.0,,,,,,,,,,
2013,8,30,,,150.0,132.0,122.0,167.0,25.0,,,0.0,,77.0,64.0,84.0,0.0,,,73.94,62.959999999999994,,,270.0,280.0,,,,,54.0,67.0,,,,,,,,,1.0,,,,,,,,,,
2013,9,1,,,194.0,10129.0,10115.0,211.0,30.0,,,0.0,,76.0,62.0,93.0,0.0,,76.46,80.06,69.98,,,300.0,290.0,,,,,72.0,94.0,,,1.0,,,,,,-9999.0,,,,,,,,,,
2013,9,2,,,,,,,,,,,,,,,,,,,,,,,,,,,,,,,,,,,,,,-9.0,,,,,,,,,,
2013,9,3,,,189.0,119.0,108.0,206.0,32.0,,,0.0,,80.0,62.0,90.0,0.0,,,80.06,69.08,,,300.0,300.0,,,,,72.0,94.0,,,1.0,,,,,,999.0,,,,,,,,,,
2013,9,4,,,,,,,,,,,,,,,,,,,,,,,,,,,,,,,,,,,,,,-999.0,,,,,,,,,,
2013,9,6,,,189.0,119.0,105.0,211.0,30.0,,,0.0,,69.0,46.0,84.0,0.0,,,87.08000000000001,71.96,,,300.0,300.0,,,,,76.0,98.0,,,9999.0,,,,,,9999.0,,,,,,,,,,
2013,9,7,,,,,,,,,,,,,,,,,,,,,,,,,,,,,,,,-99.0,,,,,,-99.0,,,,,,,,,,
2013,9,8,,,,,,,,,,,,,,,,,,,,,,,,,,,,,,,,99.0,,,,,,99.0,,,,,,,,,,
2013,9,9,,,189.0,10105.0,10091.0,211.0,26.0,,,0.0,,70.0,40.0,84.0,0.0,,76.64,87.98,71.06,,,300.0,300.0,,,,,76.0,94.0,,,-9999.0,,,,,,-9999.0,,,,,,,,,,
2013,9,10,,,,,,,,,,,,,,,,,,,,,,,,,,,,,,,,,,,,,,-9.0,,,,,,,,,,
2013,9,11,,,189.0,105.0,95.0,206.0,21.0,,,0.0,,71.0,49.0,90.0,0.0,,,84.02,69.98,,,300.0,320.0,,,,,54.0,67.0,,,1.0,,,,,,999.0,,,,,,,,,,
2013,9,12,,,,,,,,,,,,,,,,,,,,,,,,,,,,,,,,,,,,,,-999.0,,,,,,,,,,
2013,9,14,,,161.0,95.0,85.0,183.0,29.0,,,0.0,,74.0,64.0,84.0,0.0,,,75.02,66.92,,,290.0,300.0,,,,,58.0,72.0,,,9999.0,,,,,,9999.0,,,,,,,,,,
2013,9,15,,,,,,,,,,,,,,,,,,,,,,,,,,,,,,,,-99.0,,,,,,-99.0,,,,,,,,,,
2013,9,16,,,,,,,,,,,,,,,,,,,,,,,,,,,,,,,,99.0,,,,,,99.0,,,,,,,,,,
2013,9,17,,,150.0,10146.0,10135.0,172.0,29.0,,,0.0,,69.0,59.0,81.0,0.0,,69.62,73.94,66.02,,,300.0,310.0,,,,,67.0,94.0,,,-9999.0,,,,,,-9999.0,,,,,,,,,,
2013,9,18,,,,,,,,,,,,,,,,,,,,,,,,,,,,,,,,-9.0,,,,,,-9.0,,,,,,,,,,
2013,9,19,,,161.0,122.0,108.0,178.0,31.0,,,0.0,,76.0,64.0,84.0,0.0,,,75.02,64.94,,,280.0,290.0,,,,,72.0,89.0,,,999.0,,,,,,999.0,,,,,,,,,,
2013,9,20,,,,,,,,,,,,,,,,,,,,,,,,,,,,,,,,-999.0,,,,,,-999.0,,,,,,,,,,
2013,9,22,,,172.0,58.0,47.0,183.0,17.0,,,0.0,,79.0,64.0,93.0,0.0,,,75.02,64.94,,,280.0,260.0,,,,,45.0,63.0,,,9999.0,,,,,,9999.0,,,,,,,,,,
2013,9,23,,,,,,,,,,,,,,,,,,,,,,,,,,,,,,,,-99.0,,,,,,-99.0,,,,,,,,,,
2013,9,24,,,,,,,,,,,,,,,,,,,,,,,,,,,,,,,,99.0,,,,,,99.0,,,,,,,,,,
2013,9,25,,,178.0,10091.0,10081.0,189.0,29.0,,,0.0,,82.0,67.0,97.0,0.0,,70.16,77.0,64.04,,,300.0,280.0,,,,,58.0,76.0,,,-9999.0,,,,,,-9999.0,,,,,,,,,,
2013,9,26,,,,,,,,,,,,,,,,,,,,,,,,,,,,,,,,-9.0,,,,,,-9.0,,,,,,,,,,
2013,9,27,,,150.0,91.0,81.0,172.0,24.0,,,0.0,,76.0,66.0,84.0,0.0,,,71.96,64.04,,,220.0,220.0,,,,,45.0,63.0,,,999.0,,,,,,999.0,,,,,,,,,,
2013,9,28,,,,,,,,,,,,,,,,,,,,,,,,,,,,,,,,-999.0,,,,,,-999.0,,,,,,,,,,
2013,9,29,,,,,,,,,,,,,,,,,,,,,,,,,,,,,,,,,,,,,,9.0,,,,,,,,,,
2013,9,30,,,144.0,98.0,85.0,167.0,22.0,,,0.0,,73.0,49.0,81.0,0.0,,,69.98,64.04,,,220.0,230.0,,,,,58.0,98.0,,,9999.0,,,,,,1.0,,,,,,,,,,
2013,9,31,,,,,,,,,,,,,,,,,,,,,,,,,,,,,,,,-99.0,,,,,,,,,,,,,,,,
2013,10,1,,,,,,,34.0,,,0.0,,,,,,,68.36,71.06,64.04,,,180.0,180.0,,,,,58.0,72.0,,,-9999.0,,,,,,-9999.0,,,,,,,,,,
2013,10,2,,,,,,,,,,,,,,,,,,,,,,,,,,,,,,,,-9.0,,,,,,-9.0,,,,,,,,,,
2013,10,3,,,,,,,30.0,,,0.0,,,,,,,,69.98,62.959999999999994,,,230.0,230.0,,,,,54.0,72.0,,,999.0,,,,,,999.0,,,,,,,,,,
2013,10,4,,,,,,,,,,,,,,,,,,,,,,,,,,,,,,,,-999.0,,,,,,-999.0,,,,,,,,,,
2013,10,6,,,,,,,18.0,,,0.0,,,,,,,,73.94,64.04,,,290.0,280.0,,,,,45.0,76.0,,,9999.0,,,,,,9999.0,,,,,,,,,,
2013,10,7,,,,,,,,,,,,,,,,,,,,,,,,,,,,,,,,-99.0,,,,,,-99.0,,,,,,,,,,
2013,10,8,,,,,,,,,,,,,,,,,,,,,,,,,,,,,,,,99.0,,,,,,99.0,,,,,,,,,,
2013,10,9,,,,,,,17.0,,,0.0,,,,,,,73.58,87.98,60.08,,,310.0,310.0,,,,,72.0,103.0,,,-9999.0,,,,,,-9999.0,,,,,,,,,,
2013,10,10,,,,,,,,,,,,,,,,,,,,,,,,,,,,,,,,-9.0,,,,,,-9.0,,,,,,,,,,
2013,10,11,,,,,,,16.0,,,0.0,,,,,,,,80.06,64.04,,,280.0,300.0,,,,,54.0,72.0,,,999.0,,,,,,999.0,,,,,,,,,,
2013,10,12,,,,,,,,,,,,,,,,,,,,,,,,,,,,,,,,-999.0,,,,,,,,,,,,,,,,
2013,10,14,,,,,,,58.0,,,18.0,,,,,,,,66.02,57.92,,,240.0,240.0,,,,,112.0,139.0,,,9999.0,,,,,,9999.0,,,,,,,,,,
2013,10,15,,,,,,,,,,,,,,,,,,,,,,,,,,,,,,,,-99.0,,,,,,-99.0,,,,,,,,,,
2013,10,16,,,,,,,,,,,,,,,,,,,,,,,,,,,,,,,,99.0,,,,,,99.0,,,,,,,,,,
2013,10,17,,,,,,,24.0,,,0.0,,,,,,,63.5,71.06,55.94,,,300.0,290.0,,,,,76.0,98.0,,,-9999.0,,,,,,-9999.0,,,,,,,,,,
2013,10,18,,,,,,,,,,,,,,,,,,,,,,,,,,,,,,,,-9.0,,,,,,-9.0,,,,,,,,,,
2013,10,19,,,,,,,20.0,,,0.0,,,,,,,,69.98,62.059999999999995,,,280.0,290.0,,,,,67.0,89.0,,,999.0,,,,,,999.0,,,,,,,,,,
2013,10,20,,,,,,,,,,,,,,,,,,,,,,,,,,,,,,,,-999.0,,,,,,-999.0,,,,,,,,,,
2013,10,22,,,,,,,22.0,,,0.0,,,,,,,,73.94,55.04,,,300.0,290.0,,,,,72.0,94.0,,,9999.0,,,,,,9999.0,,,,,,,,,,
2013,10,23,,,,,,,,,,,,,,,,,,,,,,,,,,,,,,,,-99.0,,,,,,-99.0,,,,,,,,,,
2013,10,24,,,,,,,,,,,,,,,,,,,,,,,99.0,,,,,,99.0,,,99.0,,,,,,99.0,,,,,,,,,,
2013,10,25,,,,,,,13.0,,,0.0,,,,,,,68.72,84.02,57.92,,,300.0,300.0,,,,,63.0,72.0,,,-9999.0,,,,,,-9999.0,,,,,,,,,,
2013,10,26,,,,,,,,,,,,,,,,,,,,,,,,,,,,,,,,-9.0,,,,,,-9.0,,,,,,,,,,
2013,10,27,,,,,,,13.0,,,0.0,,,,,,,,82.04,59.0,,,300.0,330.0,,,,,58.0,72.0,,,999.0,,,,,,999.0,,,,,,,,,,
2013,10,28,,,,,,,,,,,,,,,,,,,,,,,,,,,,,,,,-999.0,,,,,,-999.0,,,,,,,,,,
2013,10,30,,,,,,,18.0,,,0.0,,,,,,,,75.02,57.02,,,300.0,290.0,,,,,63.0,76.0,,,9999.0,,,,,,9999.0,,,,,,,,,,
2013,10,31,,,,,,,,,,,,,,,,,,,,,,,,,,,,,,,,-99.0,,,,,,-99.0,,,,,,,,,,
2013,11,1,,,67.0,10166.0,10152.0,128.0,15.0,,,0.0,,46.0,16.0,78.0,,,66.74000000000001,84.02,55.94,,,320.0,300.0,,,,,54.0,72.0,,,,,,,,,-9999.0,,,,,,,,,,
2013,11,2,,,,,,,,,,,,,,,,,,,,,,,,,,,,,,,,,,,,,,-9.0,,,,,,,,,,
2013,11,3,,,111.0,142.0,129.0,139.0,19.0,,,0.0,,68.0,36.0,86.0,,,,68.0,55.94,,,180.0,190.0,,,,,58.0,72.0,,,,,,,,,999.0,,,,,,,,,,
2013,11,4,,,,,,,,,,,,,,,,,,,,,,,,,,,,,,,,,,,,,,-999.0,,,,,,,,,,
2013,11,6,,,100.0,119.0,108.0,133.0,28.0,,,,,64.0,54.0,75.0,,,,64.94,57.92,,,180.0,180.0,,,,,54.0,67.0,,,,,,,,,9999.0,,,,,,,,,,
2013,11,7,,,,,,,,,,,,,,,,,,,,,,,,,,,,,,,,,,,,,,-99.0,,,,,,,,,,
2013,11,8,,,,,,,,,,,,,,,,,,,,,,,,,,,,,,,,,,,,,,99.0,,,,,,,,,,
2013,11,9,,,-22.0,10207.0,10196.0,89.0,18.0,,,0.0,,26.0,6.0,55.0,,,64.04,77.0,53.06,,,320.0,330.0,,,,,67.0,81.0,,,,,,,,,-9999.0,,,,,,,,,,
2013,11,10,,,,,,,,,,,,,,,,,,,,,,,,,,,,,,,,,,,,,,-9.0,,,,,,,,,,
2013,11,11,,,-22.0,176.0,166.0,100.0,14.0,,,0.0,,28.0,7.0,63.0,,,,82.04,53.96,,,300.0,310.0,,,,,58.0,72.0,,,,,,,,,999.0,,,,,,,,,,
2013,11,12,,,,,,,,,,,,,,,,,,,,,,,,,,,,,,,,,,,,,,-999.0,,,,,,,,,,
2013,11,14,,,72.0,173.0,163.0,122.0,11.0,,,0.0,,56.0,16.0,89.0,,,,73.94,51.98,,,320.0,320.0,,,,,36.0,45.0,,,,,,,,,9999.0,,,,,,,,,,
2013,11,15,,,,,,,,,,,,,,,,,,,,,,,,,,,,,,,,,,,,,,-99.0,,,,,,,,,,
2013,11,16,,,,,,,,,,,,,,,,,,,,,,,,,,,,,,,,,,,,,,99.0,,,,,,,,,,
2013,11,17,,,83.0,10186.0,10173.0,128.0,20.0,,,0.0,,58.0,36.0,87.0,,,63.86,71.96,53.96,,,290.0,290.0,,,,,63.0,76.0,,,,,,,,,-9999.0,,,,,,,,,,
2013,11,18,,,,,,,,,,,,,,,,,,,,,,,,,,,,,,,,,,,,,,-9.0,,,,,,,,,,
2013,11,19,,,111.0,190.0,179.0,144.0,16.0,,,0.0,,61.0,36.0,84.0,,,,77.0,57.92,,,320.0,320.0,,,,,67.0,94.0,,,,,,,,,999.0,,,,,,,,,,
2013,11,20,,,,,,,,,,,,,,,,,,,,,,,,,,,,,,,,,,,,,,-999.0,,,,,,,,,,
2013,11,22,,,106.0,115.0,105.0,144.0,20.0,,,0.0,,61.0,29.0,93.0,,,,78.08,59.0,,,170.0,170.0,,,,,67.0,89.0,,,,,,,,,9999.0,,,,,,,,,,
2013,11,23,,,,,,,,,,,,,,,,,,,,,,,,,,,,,,,,,,,,,,-99.0,,,,,,,,,,
2013,11,24,,,,,,,,,,,,,,,,,,,,,,,,,,,,,,,,,,,,,,99.0,,,,,,,,,,
2013,11,25,,,94.0,10119.0,10108.0,128.0,28.0,,,3.0,,60.0,49.0,73.0,,,63.32,66.02,60.980000000000004,,,240.0,240.0,,,,,67.0,89.0,,,,,,,,,1.0,,,,,,,,,,
2013,11,27,,,100.0,169.0,163.0,133.0,13.0,,,0.0,,65.0,54.0,75.0,,,,66.92,57.92,,,250.0,240.0,,,,,54.0,72.0,,,,,,,,,1.0,,,,,,,,,,
2013,11,30,,,111.0,169.0,159.0,139.0,25.0,,,0.0,,68.0,59.0,78.0,,,,66.92,60.980000000000004,,,330.0,320.0,,,,,58.0,72.0,,,,,,,,,9999.0,,,,,,,,,,
2013,11,31,,,,,,,,,,,,,,,,,,,,,,,,,,,,,,,,,,,,,,-99.0,,,,,,,,,,
2013,12,1,,,78.0,10210.0,10196.0,122.0,12.0,,,0.0,,54.0,31.0,72.0,,,63.14,73.94,55.04,,,310.0,310.0,,,,,54.0,67.0,,,,,,,,,1.0,,,,,,,,,,
2013,12,3,,,22.0,166.0,152.0,100.0,6.0,,,0.0,,37.0,18.0,56.0,,,,75.92,53.06,,,340.0,320.0,,,,,40.0,63.0,,,,,,,,,999.0,,,,,,,,,,
2013,12,4,,,,,,,,,,,,,,,,,,,,,,,,,,,,,,,,,,,,,,-999.0,,,,,,,,,,
2013,12,6,,,33.0,139.0,129.0,94.0,35.0,,,0.0,,46.0,35.0,67.0,,,,62.059999999999995,57.02,,,280.0,280.0,,,,,81.0,98.0,,,,,,,,,9999.0,,,,,,,,,,
2013,12,7,,,,,,,,,,,,,,,,,,,,,,,,,,,,,,,,,,,,,,-99.0,,,,,,,,,,
2013,12,8,,,,,,,,,,,,,,,,,,,,,,,,,,,,,,,,,,,,,,99.0,,,,,,,,,,
2013,12,9,,,17.0,10210.0,10200.0,78.0,30.0,,,0.0,,47.0,38.0,56.0,,,54.86,59.0,50.0,,,190.0,240.0,,,,,67.0,76.0,,,,,,,,,-9999.0,,,,,,,,,,
2013,12,11,,,50.0,200.0,190.0,94.0,38.0,,,25.0,,60.0,49.0,83.0,,,,60.980000000000004,51.08,,,230.0,230.0,,,,,94.0,112.0,,,,,,,,,1.0,,,,,,,,,,
2013,12,14,,,-39.0,240.0,234.0,56.0,17.0,,,0.0,,39.0,14.0,63.0,,,,60.08,44.06,,,280.0,280.0,,,,,63.0,76.0,,,,,,,,,9999.0,,,,,,,,,,
2013,12,15,,,,,,,,,,,,,,,,,,,,,,,,,,,,,,,,,,,,,,-99.0,,,,,,,,,,
2013,12,16,,,,,,,,,,,,,,,,,,,,,,,,,,,,,,,,,,,,,,99.0,,,,,,,,,,
2013,12,17,,,11.0,10207.0,10196.0,89.0,11.0,,,0.0,,43.0,13.0,75.0,,,58.64,69.98,50.0,,,320.0,340.0,,,,,45.0,63.0,,,,,,,,,-9999.0,,,,,,,,,,
2013,12,18,,,,,,,,,,,,,,,,,,,,,,,,,,,,,,,,,,,,,,-9.0,,,,,,,,,,
2013,12,19,,,61.0,227.0,213.0,100.0,17.0,,,0.0,,62.0,23.0,83.0,,,,66.92,46.94,,,210.0,220.0,,,,,45.0,54.0,,,,,,,,,999.0,,,,,,,,,,
2013,12,20,,,,,,,,,,,,,,,,,,,,,,,,,,,,,,,,,,,,,,-999.0,,,,,,,,,,
2013,12,22,,,17.0,237.0,227.0,89.0,14.0,,,0.0,,45.0,15.0,77.0,,,,71.96,46.94,,,340.0,320.0,,,,,58.0,72.0,,,,,,,,,9999.0,,,,,,,,,,
2013,12,23,,,,,,,,,,,,,,,,,,,,,,,,,,,,,,,,,,,,,,-99.0,,,,,,,,,,
2013,12,24,,,,,,,,,,,,,,,,,,,,,,,,,,,,,,,,,,,,,,99.0,,,,,,,,,,
2013,12,25,,,28.0,10190.0,10179.0,111.0,10.0,,,0.0,,43.0,10.0,73.0,,,64.04,82.04,53.96,,,170.0,320.0,,,,,45.0,58.0,,,,,,,,,-9999.0,,,,,,,,,,
2013,12,27,,,78.0,183.0,173.0,122.0,8.0,,,0.0,,54.0,24.0,75.0,,,,75.02,55.94,,,310.0,60.0,,,,,40.0,112.0,,,,,,,,,1.0,,,,,,,,,,
2013,12,30,,,83.0,98.0,88.0,111.0,30.0,,,86.0,,73.0,60.0,86.0,,,,59.0,51.08,,,230.0,240.0,,,,,67.0,89.0,,,,,,,,,1.0,,,,,,,,,,
2014,1,1,,,78.0,10190.0,10179.0,106.0,15.0,,,0.0,,72.0,41.0,93.0,,,55.58,68.0,46.94,,,300.0,300.0,,,,,58.0,67.0,,,,,,,,,-9999.0,,,,,,,,,,
2014,1,2,,,,,,,,,,,,,,,,,,,,,,,,,,,,,,,,,,,,,,-9.0,,,,,,,,,,
2014,1,3,,,89.0,176.0,169.0,117.0,12.0,,,0.0,,71.0,41.0,97.0,,,,71.06,46.94,,,320.0,330.0,,,,,36.0,40.0,,,,,,,,,999.0,,,,,,,,,,
2014,1,4,,,,,,,,,,,,,,,,,,,,,,,,,,,,,,,,,,,,,,-999.0,,,,,,,,,,
2014,1,6,,,106.0,156.0,146.0,128.0,8.0,,,0.0,,72.0,52.0,83.0,,,,66.02,55.94,,,310.0,310.0,,,,,36.0,45.0,,,,,,,,,9999.0,,,,,,,,,,
2014,1,7,,,,,,,,,,,,,,,,,,,,,,,,,,,,,,,,,,,,,,-99.0,,,,,,,,,,
2014,1,8,,,,,,,,,,,,,,,,,,,,,,,,,,,,,,,,,,,,,,99.0,,,,,,,,,,
2014,1,9,,,-44.0,10207.0,10196.0,72.0,13.0,,,0.0,,27.0,7.0,45.0,,,60.980000000000004,75.02,46.94,,,310.0,320.0,,,,,58.0,72.0,,,,,,,,,1.0,,,,,,,,,,
2014,1,11,,,44.0,196.0,186.0,100.0,13.0,,,0.0,,57.0,25.0,87.0,,,,64.94,50.0,,,170.0,180.0,,,,,40.0,45.0,,,,,,,,,1.0,,,,,,,,,,
2014,1,14,,,94.0,179.0,169.0,122.0,20.0,,,0.0,,68.0,58.0,77.0,,,,62.959999999999994,53.96,,,290.0,280.0,,,,,54.0,63.0,,,,,,,,,9999.0,,,,,,,,,,
2014,1,15,,,,,,,,,,,,,,,,,,,,,,,,,,,,,,,,,,,,,,-99.0,,,,,,,,,,
2014,1,16,,,,,,,,,,,,,,,,,,,,,,,,,,,,,,,,,,,,,,99.0,,,,,,,,,,
2014,1,17,,,89.0,10196.0,10190.0,117.0,11.0,,,0.0,,68.0,44.0,90.0,,,59.18,69.98,50.0,,,320.0,320.0,,,,,45.0,63.0,,,,,,,,,-9999.0,,,,,,,,,,
2014,1,18,,,,,,,,,,,,,,,,,,,,,,,,,,,,,,,,,,,,,,-9.0,,,,,,,,,,
2014,1,19,,,106.0,193.0,183.0,122.0,20.0,,,0.0,,79.0,67.0,90.0,,,,64.04,50.0,,,290.0,300.0,,,,,58.0,81.0,,,,,,,,,999.0,,,,,,,,,,
2014,1,20,,,,,,,,,,,,,,,,,,,,,,,,,,,,,,,,,,,,,,-999.0,,,,,,,,,,
2014,1,21,,,,,,,,,,,,,,,,,,,,,,,,,,,,,,,,,,,,,,9.0,,,,,,,,,,
2014,1,22,,,-17.0,237.0,227.0,89.0,11.0,,,0.0,,31.0,11.0,60.0,,,,78.08,51.08,,,320.0,300.0,,,,,67.0,81.0,,,,,,,,,1.0,,,,,,,,,,
2014,1,24,,,,,,,,,,,,,,,,,,,,,,,,,,,,,,,,,,,,,,99.0,,,,,,,,,,
2014,1,25,,,-67.0,10186.0,10176.0,83.0,10.0,,,0.0,,19.0,8.0,32.0,,,66.38,82.04,51.98,,,320.0,330.0,,,,,58.0,72.0,,,,,,,,,-9999.0,,,,,,,,,,
2014,1,27,,,-50.0,183.0,173.0,89.0,11.0,,,0.0,,23.0,4.0,58.0,,,,82.04,51.98,,,330.0,310.0,,,,,63.0,76.0,,,,,,,,,1.0,,,,,,,,,,
2014,1,30,,,6.0,186.0,179.0,89.0,5.0,,,0.0,,36.0,16.0,56.0,,,,73.04,51.98,,,300.0,300.0,,,,,36.0,40.0,,,,,,,,,9999.0,,,,,,,,,,
2014,1,31,,,,,,,,,,,,,,,,,,,,,,,,,,,,,,,,,,,,,,-99.0,,,,,,,,,,
2014,2,1,,,50.0,10169.0,10159.0,94.0,21.0,,,0.0,,56.0,37.0,74.0,,,57.379999999999995,64.04,51.08,,,300.0,310.0,,,,,67.0,94.0,,,-9999.0,,,,,,-9999.0,,,,,,,,,,
2014,2,2,,,,,,,,,,,,,,,,,,,,,,,,,,,,,,,,-9.0,,,,,,-9.0,,,,,,,,,,
2014,2,3,,,44.0,179.0,169.0,89.0,22.0,,,0.0,,55.0,34.0,65.0,,,,62.959999999999994,48.02,,,210.0,220.0,,,,,58.0,76.0,,,999.0,,,,,,999.0,,,,,,,,,,
2014,2,4,,,,,,,,,,,,,,,,,,,,,,,,,,,,,,,,-999.0,,,,,,-999.0,,,,,,,,,,
2014,2,6,,,67.0,183.0,173.0,100.0,29.0,,,,,61.0,50.0,74.0,,,,62.059999999999995,51.98,,,240.0,260.0,,,,,58.0,76.0,,,9999.0,,,,,,9999.0,,,,,,,,,,
2014,2,7,,,,,,,,,,,,,,,,,,,,,,,,,,,,,,,,-99.0,,,,,,,,,,,,,,,,
2014,2,8,,,,,,,,,,,,,,,,,,,,,,,,,,,,,,,,99.0,,,,,,,,,,,,,,,,
2014,2,9,,,89.0,10183.0,10169.0,117.0,30.0,,,51.0,,70.0,58.0,90.0,,,58.28,62.959999999999994,55.04,,,260.0,270.0,,,,,72.0,94.0,,,-9999.0,,,,,,-9999.0,,,,,,,,,,
2014,2,10,,,,,,,,,,,,,,,,,,,,,,,,,,,,,,,,,,,,,,-9.0,,,,,,,,,,
2014,2,11,,,106.0,213.0,207.0,128.0,26.0,,,15.0,,72.0,56.0,90.0,,,,64.04,55.94,,,160.0,280.0,,,,,58.0,76.0,,,1.0,,,,,,999.0,,,,,,,,,,
2014,2,12,,,,,,,,,,,,,,,,,,,,,,,,,,,,,,,,,,,,,,-999.0,,,,,,,,,,
2014,2,13,,,,,,,,,,,,,,,,,,,,,,,,,,,,,,,,,,,,,,9.0,,,,,,,,,,
2014,2,14,,,106.0,220.0,213.0,133.0,28.0,,,0.0,,70.0,56.0,78.0,,,,66.02,57.92,,,300.0,330.0,,,,,72.0,89.0,,,9999.0,,,,,,1.0,,,,,,,,,,
2014,2,15,,,,,,,,,,,,,,,,,,,,,,,,,,,,,,,,-99.0,,,,,,,,,,,,,,,,
2014,2,16,,,,,,,,,,,,,,,,,,,,,,,,,,,,,,,,99.0,,,,,,99.0,,,,,,,,,,
2014,2,17,,,111.0,10183.0,10169.0,128.0,21.0,,,0.0,,77.0,55.0,93.0,,,59.18,71.06,51.98,,,300.0,290.0,,,,,67.0,81.0,,,-9999.0,,,,,,-9999.0,,,,,,,,,,
2014,2,18,,,,,,,,,,,,,,,,,,,,,,,,,,,,,,,,-9.0,,,,,,-9.0,,,,,,,,,,
2014,2,19,,,83.0,190.0,179.0,128.0,18.0,,,0.0,,58.0,31.0,93.0,,,,75.92,51.98,,,300.0,300.0,,,,,67.0,72.0,,,999.0,,,,,,999.0,,,,,,,,,,
2014,2,20,,,,,,,,,,,,,,,,,,,,,,,,,,,,,,,,-999.0,,,,,,-999.0,,,,,,,,,,
2014,2,22,,,89.0,166.0,152.0,122.0,16.0,,,0.0,,62.0,38.0,90.0,,,,73.94,53.06,,,320.0,320.0,,,,,58.0,67.0,,,9999.0,,,,,,9999.0,,,,,,,,,,
2014,2,23,,,,,,,,,,,,,,,,,,,,,,,,,,,,,,,,,,,,,,-99.0,,,,,,,,,,
2014,2,24,,,,,,,,,,,,,,,,,,,,,,,,,,,,,,,,,,,,,,99.0,,,,,,,,,,
2014,2,25,,,122.0,10169.0,10159.0,139.0,19.0,,,0.0,,76.0,47.0,90.0,,,62.24,71.06,53.96,,,300.0,290.0,,,,,58.0,76.0,,,-9999.0,,,,,,-9999.0,,,,,,,,,,
2014,2,26,,,,,,,,,,,,,,,,,,,,,,,,,,,,,,,,-9.0,,,,,,-9.0,,,,,,,,,,
2014,2,27,,,106.0,183.0,173.0,128.0,22.0,,,0.0,,74.0,46.0,93.0,,,,66.02,53.96,,,280.0,280.0,,,,,67.0,81.0,,,999.0,,,,,,999.0,,,,,,,,,,
2014,2,28,,,,,,,,,,,,,,,,,,,,,,,,,,,,,,,,-999.0,,,,,,-999.0,,,,,,,,,,
2014,2,29,,,,,,,,,,,,,,,,,,,,,,,,,,,,,,,,,,,,,,9.0,,,,,,,,,,
2014,2,30,,,100.0,152.0,142.0,128.0,15.0,,,0.0,,69.0,60.0,75.0,,,,64.94,55.94,,,270.0,270.0,,,,,63.0,81.0,,,9999.0,,,,,,1.0,,,,,,,,,,
2014,2,31,,,,,,,,,,,,,,,,,,,,,,,,,,,,,,,,-99.0,,,,,,,,,,,,,,,,
2014,3,1,,,117.0,10122.0,10108.0,133.0,40.0,,,257.0,,75.0,60.0,81.0,,,62.059999999999995,64.94,57.02,,,240.0,250.0,,,,,103.0,134.0,,,-9999.0,,,,,,-9999.0,,,,,,,,,,
2014,3,2,,,,,,,,,,,,,,,,,,,,,,,,,,,,,,,,,,,,,,-9.0,,,,,,,,,,
2014,3,3,,,111.0,200.0,190.0,133.0,13.0,,,61.0,,77.0,54.0,90.0,,,,66.02,57.02,,,230.0,230.0,,,,,54.0,63.0,,,1.0,,,,,,999.0,,,,,,,,,,
2014,3,4,,,,,,,,,,,,,,,,,,,,,,,,,,,,,,,,,,,,,,-999.0,,,,,,,,,,
2014,3,6,,,106.0,173.0,163.0,133.0,20.0,,,0.0,,70.0,56.0,81.0,,,,66.92,57.92,,,280.0,280.0,,,,,63.0,94.0,,,9999.0,,,,,,9999.0,,,,,,,,,,
2014,3,7,,,,,,,,,,,,,,,,,,,,,,,,,,,,,,,,-99.0,,,,,,-99.0,,,,,,,,,,
2014,3,8,,,,,,,,,,,,,,,,,,,,,,,,,,,,,,,,99.0,,,,,,99.0,,,,,,,,,,
2014,3,9,,,128.0,10176.0,10166.0,144.0,24.0,,,0.0,,77.0,59.0,90.0,,,62.42,69.98,60.08,,,280.0,260.0,,,,,58.0,67.0,,,-9999.0,,,,,,-9999.0,,,,,,,,,,
2014,3,10,,,,,,,,,,,,,,,,,,,,,,,,,,,,,,,,-9.0,,,,,,-9.0,,,,,,,,,,
2014,3,11,,,117.0,149.0,139.0,144.0,22.0,,,,,72.0,63.0,84.0,,,,68.0,60.08,,,290.0,310.0,,,,,67.0,81.0,,,999.0,,,,,,999.0,,,,,,,,,,
2014,3,12,,,,,,,,,,,,,,,,,,,,,,,,,,,,,,,,-999.0,,,,,,-999.0,,,,,,,,,,
2014,3,14,,,6.0,190.0,179.0,111.0,26.0,,,0.0,,27.0,11.0,48.0,,,,82.94,57.02,,,320.0,330.0,,,,,72.0,89.0,,,9999.0,,,,,,9999.0,,,,,,,,,,
2014,3,15,,,,,,,,,,,,,,,,,,,,,,,,,,,,,,,,-99.0,,,,,,-99.0,,,,,,,,,,
2014,3,16,,,,,,,,,,,,,,,,,,,,,,,,,,,,,,,,99.0,,,,,,99.0,,,,,,,,,,
2014,3,17,,,117.0,10156.0,10142.0,139.0,22.0,,,0.0,,73.0,51.0,87.0,,,63.14,66.92,57.02,,,180.0,190.0,,,,,45.0,67.0,,,-9999.0,,,,,,-9999.0,,,,,,,,,,
2014,3,18,,,,,,,,,,,,,,,,,,,,,,,,,,,,,,,,-9.0,,,,,,,,,,,,,,,,
2014,3,19,,,111.0,159.0,146.0,139.0,26.0,,,0.0,,70.0,56.0,78.0,,,,66.92,59.0,,,180.0,190.0,,,,,63.0,81.0,,,999.0,,,,,,1.0,,,,,,,,,,
2014,3,20,,,,,,,,,,,,,,,,,,,,,,,,,,,,,,,,-999.0,,,,,,,,,,,,,,,,
2014,3,22,,,106.0,190.0,179.0,139.0,17.0,,,0.0,,66.0,51.0,76.0,,,,69.08,55.94,,,280.0,310.0,,,,,58.0,67.0,,,9999.0,,,,,,9999.0,,,,,,,,,,
2014,3,23,,,,,,,,,,,,,,,,,,,,,,,,,,,,,,,,-99.0,,,,,,-99.0,,,,,,,,,,
2014,3,24,,,,,,,,,,,,,,,,,,,,,,,,,,,,,,,,99.0,,,,,,99.0,,,,,,,,,,
2014,3,25,,,61.0,10213.0,10200.0,133.0,17.0,,,0.0,,37.0,18.0,58.0,,,69.25999999999999,87.08000000000001,59.0,,,330.0,320.0,,,,,89.0,98.0,,,-9999.0,,,,,,-9999.0,,,,,,,,,,
2014,3,26,,,,,,,,,,,,,,,,,,,,,,,,,,,,,,,,-9.0,,,,,,-9.0,,,,,,,,,,
2014,3,27,,,111.0,139.0,129.0,139.0,23.0,,,0.0,,65.0,40.0,81.0,,,,69.98,59.0,,,250.0,240.0,,,,,63.0,76.0,,,999.0,,,,,,999.0,,,,,,,,,,
2014,3,28,,,,,,,,,,,,,,,,,,,,,,,,,,,,,,,,-999.0,,,,,,-999.0,,,,,,,,,,
2014,3,30,,,117.0,169.0,159.0,139.0,16.0,,,0.0,,67.0,53.0,78.0,,,,69.08,57.92,,,220.0,220.0,,,,,58.0,67.0,,,9999.0,,,,,,9999.0,,,,,,,,,,
2014,3,31,,,,,,,,,,,,,,,,,,,,,,,,,,,,,,,,-99.0,,,,,,,,,,,,,,,,
2014,4,1,,,67.0,10166.0,10152.0,117.0,43.0,,,13.0,,55.0,40.0,81.0,,,60.980000000000004,64.94,57.92,,,260.0,250.0,,,,,81.0,112.0,,,-9999.0,,,,,,-9999.0,,,,,,,,,,
2014,4,2,,,,,,,,,,,,,,,,,,,,,,,,,,,,,,,,-9.0,,,,,,-9.0,,,,,,,,,,
2014,4,3,,,61.0,173.0,163.0,106.0,43.0,,,56.0,,56.0,41.0,75.0,,,,64.94,55.04,,,300.0,300.0,,,,,103.0,143.0,,,999.0,,,,,,999.0,,,,,,,,,,
2014,4,4,,,,,,,,,,,,,,,,,,,,,,,,,,,,,,,,-999.0,,,,,,-999.0,,,,,,,,,,
2014,4,6,,,78.0,166.0,156.0,111.0,22.0,,,,,62.0,54.0,75.0,,,,64.04,53.06,,,280.0,280.0,,,,,63.0,81.0,,,9999.0,,,,,,9999.0,,,,,,,,,,
2014,4,7,,,,,,,,,,,,,,,,,,,,,,,,,,,,,,,,-99.0,,,,,,-99.0,,,,,,,,,,
2014,4,8,,,,,,,,,,,,,,,,,,,,,,,,,,,,,,,,99.0,,,,,,99.0,,,,,,,,,,
2014,4,9,,,78.0,10179.0,10169.0,128.0,22.0,,,0.0,,52.0,36.0,72.0,,,62.24,73.04,53.96,,,290.0,290.0,,,,,76.0,94.0,,,-9999.0,,,,,,-9999.0,,,,,,,,,,
2014,4,10,,,,,,,,,,,,,,,,,,,,,,,,,,,,,,,,-9.0,,,,,,-9.0,,,,,,,,,,
2014,4,11,,,61.0,183.0,173.0,133.0,20.0,,,0.0,,40.0,21.0,57.0,,,,80.06,57.92,,,330.0,320.0,,,,,67.0,81.0,,,999.0,,,,,,999.0,,,,,,,,,,
2014,4,12,,,,,,,,,,,,,,,,,,,,,,,,,,,,,,,,-999.0,,,,,,-999.0,,,,,,,,,,
2014,4,14,,,89.0,156.0,146.0,139.0,21.0,,,0.0,,48.0,30.0,75.0,,,,82.04,60.980000000000004,,,310.0,300.0,,,,,63.0,81.0,,,9999.0,,,,,,9999.0,,,,,,,,,,
2014,4,15,,,,,,,,,,,,,,,,,,,,,,,,,,,,,,,,-99.0,,,,,,-99.0,,,,,,,,,,
2014,4,16,,,,,,,,,,,,,,,,,,,,,,,,,,,,,,,,99.0,,,,,,99.0,,,,,,,,,,
2014,4,17,,,117.0,10135.0,10122.0,144.0,25.0,,,0.0,,66.0,39.0,81.0,,,65.12,77.0,60.08,,,340.0,270.0,,,,,58.0,67.0,,,-9999.0,,,,,,-9999.0,,,,,,,,,,
2014,4,18,,,,,,,,,,,,,,,,,,,,,,,,,,,,,,,,-9.0,,,,,,-9.0,,,,,,,,,,
2014,4,19,,,89.0,146.0,135.0,128.0,30.0,,,0.0,,57.0,51.0,67.0,,,,68.0,60.980000000000004,,,270.0,250.0,,,,,72.0,98.0,,,999.0,,,,,,999.0,,,,,,,,,,
2014,4,20,,,,,,,,,,,,,,,,,,,,,,,,,,,,,,,,-999.0,,,,,,-999.0,,,,,,,,,,
2014,4,22,,,117.0,166.0,152.0,144.0,34.0,,,0.0,,65.0,48.0,87.0,,,,75.02,59.0,,,310.0,300.0,,,,,81.0,98.0,,,9999.0,,,,,,9999.0,,,,,,,,,,
2014,4,23,,,,,,,,,,,,,,,,,,,,,,,,,,,,,,,,-99.0,,,,,,-99.0,,,,,,,,,,
2014,4,24,,,,,,,,,,,,,,,,,,,,,,,,,,,,,,,,99.0,,,,,,99.0,,,,,,,,,,
2014,4,25,,,111.0,10115.0,10105.0,133.0,30.0,,,0.0,,70.0,61.0,78.0,,,61.34,66.92,57.92,,,190.0,220.0,,,,,63.0,76.0,,,-9999.0,,,,,,-9999.0,,,,,,,,,,
2014,4,26,,,,,,,,,,,,,,,,,,,,,,,,,,,,,,,,-9.0,,,,,,-9.0,,,,,,,,,,
2014,4,27,,,111.0,129.0,119.0,133.0,33.0,,,0.0,,69.0,63.0,75.0,,,,64.94,60.08,,,230.0,210.0,,,,,58.0,72.0,,,999.0,,,,,,999.0,,,,,,,,,,
2014,4,28,,,,,,,,,,,,,,,,,,,,,,,,,,,,,,,,-999.0,,,,,,-999.0,,,,,,,,,,
2014,4,30,,,122.0,163.0,152.0,150.0,27.0,,,0.0,,67.0,55.0,78.0,,,,69.98,62.059999999999995,,,280.0,290.0,,,,,76.0,98.0,,,9999.0,,,,,,9999.0,,,,,,,,,,
2014,4,31,,,,,,,,,,,,,,,,,,,,,,,,,,,,,,,,-99.0,,,,,,-99.0,,,,,,,,,,
2014,5,1,,,-39.0,10152.0,10146.0,128.0,41.0,,,0.0,,15.0,5.0,40.0,,,80.78,95.0,66.02,,,40.0,80.0,,,,,98.0,130.0,,,-9999.0,,,,,,-9999.0,,,,,,,,,,
2014,5,2,,,,,,,,,,,,,,,,,,,,,,,,,,,,,,,,-9.0,,,,,,-9.0,,,,,,,,,,
2014,5,3,,,22.0,146.0,135.0,133.0,16.0,,,0.0,,25.0,10.0,46.0,,,,,64.94,,,310.0,320.0,,,,,63.0,81.0,,,999.0,,,,,,999.0,,,,,,,,,,
2014,5,4,,,,,,,,,,,,,,,,,,,,,,,,,,,,,,,,-999.0,,,,,,-999.0,,,,,,,,,,
2014,5,6,,,139.0,149.0,142.0,161.0,20.0,,,0.0,,71.0,55.0,90.0,,,,73.94,62.959999999999994,,,310.0,310.0,,,,,58.0,81.0,,,9999.0,,,,,,9999.0,,,,,,,,,,
2014,5,7,,,,,,,,,,,,,,,,,,,,,,,,,,,,,,,,-99.0,,,,,,-99.0,,,,,,,,,,
2014,5,8,,,,,,,,,,,,,,,,,,,,,,,,,,,,,,,,99.0,,,,,,99.0,,,,,,,,,,
2014,5,9,,,83.0,10135.0,10125.0,122.0,55.0,,,0.0,,58.0,47.0,70.0,,,62.78,66.92,60.08,,,270.0,270.0,,,,,103.0,130.0,,,-9999.0,,,,,,1.0,,,,,,,,,,
2014,5,10,,,,,,,,,,,,,,,,,,,,,,,,,,,,,,,,-9.0,,,,,,,,,,,,,,,,
2014,5,11,,,94.0,156.0,146.0,128.0,33.0,,,0.0,,64.0,56.0,72.0,,,,64.94,59.0,,,230.0,240.0,,,,,72.0,98.0,,,999.0,,,,,,999.0,,,,,,,,,,
2014,5,12,,,,,,,,,,,,,,,,,,,,,,,,,,,,,,,,-999.0,,,,,,-999.0,,,,,,,,,,
2014,5,14,,,117.0,176.0,163.0,144.0,22.0,,,0.0,,69.0,52.0,91.0,,,,69.98,57.02,,,290.0,280.0,,,,,54.0,72.0,,,9999.0,,,,,,9999.0,,,,,,,,,,
2014,5,15,,,,,,,,,,,,,,,,,,,,,,,,,,,,,,,,-99.0,,,,,,-99.0,,,,,,,,,,
2014,5,16,,,,,,,,,,,,,,,,,,,,,,,,,,,,,,,,99.0,,,,,,99.0,,,,,,,,,,
2014,5,17,,,83.0,10125.0,10115.0,133.0,41.0,,,0.0,,49.0,35.0,67.0,,,64.94,73.94,60.08,,,330.0,320.0,,,,,98.0,130.0,,,-9999.0,,,,,,1.0,,,,,,,,,,
2014,5,18,,,,,,,,,,,,,,,,,,,,,,,,,,,,,,,,-9.0,,,,,,,,,,,,,,,,
2014,5,19,,,17.0,149.0,135.0,128.0,27.0,,,0.0,,24.0,16.0,40.0,,,,87.98,60.980000000000004,,,320.0,320.0,,,,,81.0,107.0,,,999.0,,,,,,999.0,,,,,,,,,,
2014,5,20,,,,,,,,,,,,,,,,,,,,,,,,,,,,,,,,-999.0,,,,,,-999.0,,,,,,,,,,
2014,5,22,,,-17.0,156.0,142.0,133.0,24.0,,,0.0,,16.0,6.0,55.0,,,,93.02,66.92,,,300.0,300.0,,,,,67.0,89.0,,,9999.0,,,,,,9999.0,,,,,,,,,,
2014,5,23,,,,,,,,,,,,,,,,,,,,,,,,,,,,,,,,-99.0,,,,,,-99.0,,,,,,,,,,
2014,5,24,,,,,,,,,,,,,,,,,,,,,,,,,,,,,,,,99.0,,,,,,99.0,,,,,,,,,,
2014,5,25,,,78.0,10142.0,10129.0,156.0,19.0,,,0.0,,41.0,10.0,87.0,,,80.78,91.94,66.92,,,230.0,220.0,,,,,54.0,63.0,,,1.0,,,,,,-9999.0,,,,,,,,,,
2014,5,26,,,,,,,,,,,,,,,,,,,,,,,,,,,,,,,,,,,,,,-9.0,,,,,,,,,,
2014,5,27,,,150.0,129.0,119.0,167.0,33.0,,,0.0,,77.0,66.0,97.0,,,,71.06,62.959999999999994,,,180.0,220.0,,,,,58.0,72.0,,,999.0,,,,,,999.0,,,,,,,,,,
2014,5,28,,,,,,,,,,,,,,,,,,,,,,,,,,,,,,,,-999.0,,,,,,,,,,,,,,,,
2014,5,30,,,117.0,146.0,135.0,144.0,42.0,,,,,67.0,59.0,73.0,,,,66.92,62.959999999999994,,,180.0,180.0,,,,,76.0,98.0,,,9999.0,,,,,,9999.0,,,,,,,,,,
2014,5,31,,,,,,,,,,,,,,,,,,,,,,,,,,,,,,,,-99.0,,,,,,-99.0,,,,,,,,,,
2014,6,1,,,144.0,10115.0,10105.0,167.0,23.0,,,0.0,,70.0,57.0,81.0,,,68.0,73.94,62.959999999999994,,,280.0,310.0,,,,,58.0,76.0,,,,,,,,,1.0,,,,,,,,,,
2014,6,3,,,139.0,122.0,108.0,161.0,27.0,,,0.0,,70.0,59.0,78.0,,,,73.04,64.04,,,290.0,290.0,,,,,72.0,89.0,,,,,,,,,999.0,,,,,,,,,,
2014,6,4,,,,,,,,,,,,,,,,,,,,,,,,,,,,,,,,,,,,,,-999.0,,,,,,,,,,
2014,6,6,,,144.0,108.0,98.0,167.0,30.0,,,0.0,,70.0,57.0,81.0,,,,73.94,62.959999999999994,,,290.0,290.0,,,,,67.0,81.0,,,,,,,,,9999.0,,,,,,,,,,
2014,6,7,,,,,,,,,,,,,,,,,,,,,,,,,,,,,,,,,,,,,,-99.0,,,,,,,,,,
2014,6,8,,,,,,,,,,,,,,,,,,,,,,,,,,,,,,,,,,,,,,99.0,,,,,,,,,,
2014,6,9,,,128.0,10112.0,10102.0,156.0,27.0,,,0.0,,68.0,55.0,76.0,,,66.56,69.98,62.959999999999994,,,260.0,290.0,,,,,54.0,72.0,,,,,,,,,-9999.0,,,,,,,,,,
2014,6,10,,,,,,,,,,,,,,,,,,,,,,,,,,,,,,,,,,,,,,-9.0,,,,,,,,,,
2014,6,11,,,122.0,105.0,91.0,150.0,22.0,,,0.0,,65.0,55.0,75.0,,,,71.06,62.059999999999995,,,280.0,270.0,,,,,58.0,81.0,,,,,,,,,999.0,,,,,,,,,,
2014,6,12,,,,,,,,,,,,,,,,,,,,,,,,,,,,,,,,,,,,,,-999.0,,,,,,,,,,
2014,6,14,,,150.0,95.0,85.0,167.0,25.0,,,0.0,,77.0,70.0,81.0,,,,71.06,64.94,,,240.0,230.0,,,,,58.0,72.0,,,,,,,,,9999.0,,,,,,,,,,
2014,6,15,,,,,,,,,,,,,,,,,,,,,,,,,,,,,,,,,,,,,,-99.0,,,,,,,,,,
2014,6,16,,,,,,,,,,,,,,,,,,,,,,,,,,,,,,,,,,,,,,99.0,,,,,,,,,,
2014,6,17,,,133.0,10129.0,10119.0,161.0,27.0,,,0.0,,65.0,55.0,73.0,,,67.82,73.94,64.94,,,280.0,300.0,,,,,58.0,94.0,,,,,,,,,-9999.0,,,,,,,,,,
2014,6,18,,,,,,,,,,,,,,,,,,,,,,,,,,,,,,,,,,,,,,-9.0,,,,,,,,,,
2014,6,19,,,133.0,142.0,132.0,161.0,32.0,,,0.0,,65.0,57.0,76.0,,,,73.04,64.94,,,300.0,280.0,,,,,63.0,76.0,,,,,,,,,999.0,,,,,,,,,,
2014,6,20,,,,,,,,,,,,,,,,,,,,,,,,,,,,,,,,,,,,,,-999.0,,,,,,,,,,
2014,6,22,,,128.0,122.0,108.0,156.0,26.0,,,0.0,,65.0,53.0,76.0,,,,73.04,62.959999999999994,,,300.0,290.0,,,,,54.0,72.0,,,,,,,,,9999.0,,,,,,,,,,
2014,6,23,,,,,,,,,,,,,,,,,,,,,,,,,,,,,,,,,,,,,,-99.0,,,,,,,,,,
2014,6,24,,,,,,,,,,,,,,,,,,,,,,,,,,,,,,,,,,,,,,99.0,,,,,,,,,,
2014,6,25,,,128.0,10132.0,10119.0,161.0,23.0,,,0.0,,64.0,55.0,73.0,,,66.92,71.96,64.94,,,300.0,230.0,,,,,54.0,72.0,,,,,,,,,-9999.0,,,,,,,,,,
2014,6,26,,,,,,,,,,,,,,,,,,,,,,,,,,,,,,,,,,,,,,-9.0,,,,,,,,,,
2014,6,27,,,128.0,139.0,129.0,161.0,20.0,,,0.0,,64.0,52.0,76.0,,,,73.94,64.04,,,270.0,280.0,,,,,58.0,76.0,,,,,,,,,999.0,,,,,,,,,,
2014,6,28,,,,,,,,,,,,,,,,,,,,,,,,,,,,,,,,,,,,,,-999.0,,,,,,,,,,
2014,6,30,,,133.0,142.0,129.0,161.0,23.0,,,0.0,,67.0,55.0,78.0,,,,73.94,62.059999999999995,,,280.0,290.0,,,,,67.0,81.0,,,,,,,,,9999.0,,,,,,,,,,
2014,6,31,,,,,,,,,,,,,,,,,,,,,,,,,,,,,,,,,,,,,,-99.0,,,,,,,,,,
2014,7,1,,,156.0,10115.0,10102.0,178.0,26.0,,,0.0,,73.0,64.0,81.0,,,69.25999999999999,73.94,66.92,,,290.0,290.0,,,,,54.0,72.0,,,,,,,,,-9999.0,,,,,,,,,,
2014,7,2,,,,,,,,,,,,,,,,,,,,,,,,,,,,,,,,,,,,,,-9.0,,,,,,,,,,
2014,7,3,,,161.0,122.0,112.0,178.0,27.0,,,0.0,,73.0,64.0,79.0,,,,75.02,66.92,,,280.0,280.0,,,,,58.0,94.0,,,,,,,,,999.0,,,,,,,,,,
2014,7,4,,,,,,,,,,,,,,,,,,,,,,,,,,,,,,,,,,,,,,-999.0,,,,,,,,,,
2014,7,5,,,,,,,,,,,,,,,,,,,,,,,,,,,,,,,,,,,,,,9.0,,,,,,,,,,
2014,7,6,,,167.0,156.0,146.0,189.0,20.0,,,0.0,,70.0,56.0,81.0,,,,78.08,68.0,,,340.0,330.0,,,,,45.0,63.0,,,,,,,,,1.0,,,,,,,,,,
2014,7,8,,,,,,,,,,,,,,,,,,,,,,,,,,,,,,,,,,,,,,99.0,,,,,,,,,,
2014,7,9,,,172.0,10152.0,10139.0,200.0,28.0,,,0.0,,65.0,45.0,79.0,,,75.92,82.94,71.06,,,280.0,270.0,,,,,67.0,76.0,,,,,,,,,-9999.0,,,,,,,,,,
2014,7,10,,,,,,,,,,,,,,,,,,,,,,,,,,,,,,,,,,,,,,-9.0,,,,,,,,,,
2014,7,11,,,172.0,132.0,122.0,194.0,19.0,,,0.0,,69.0,51.0,81.0,,,,80.96,69.08,,,240.0,300.0,,,,,54.0,67.0,,,,,,,,,999.0,,,,,,,,,,
2014,7,12,,,,,,,,,,,,,,,,,,,,,,,,,,,,,,,,,,,,,,-999.0,,,,,,,,,,
2014,7,14,,,156.0,146.0,135.0,183.0,18.0,,,0.0,,68.0,58.0,76.0,,,,78.08,68.0,,,270.0,290.0,,,,,58.0,76.0,,,,,,,,,9999.0,,,,,,,,,,
2014,7,15,,,,,,,,,,,,,,,,,,,,,,,,,,,,,,,,,,,,,,-99.0,,,,,,,,,,
2014,7,16,,,,,,,,,,,,,,,,,,,,,,,,,,,,,,,,,,,,,,99.0,,,,,,,,,,
2014,7,17,,,161.0,10156.0,10146.0,183.0,36.0,,,0.0,,66.0,54.0,73.0,,,73.22,78.08,69.98,,,290.0,290.0,,,,,72.0,94.0,,,,,,,,,1.0,,,,,,,,,,
2014,7,19,,,161.0,156.0,142.0,183.0,31.0,,,0.0,,68.0,58.0,78.0,,,,77.0,69.08,,,280.0,290.0,,,,,63.0,98.0,,,,,,,,,1.0,,,,,,,,,,
2014,7,22,,,167.0,152.0,146.0,183.0,22.0,,,,,75.0,64.0,79.0,,,,75.02,69.08,,,170.0,170.0,,,,,67.0,81.0,,,,,,,,,9999.0,,,,,,,,,,
2014,7,23,,,,,,,,,,,,,,,,,,,,,,,,,,,,,,,,,,,,,,-99.0,,,,,,,,,,
2014,7,24,,,,,,,,,,,,,,,,,,,,,,,,,,,,,,,,,,,,,,99.0,,,,,,,,,,
2014,7,25,,,150.0,10169.0,10156.0,178.0,28.0,,,0.0,,64.0,54.0,73.0,,,71.42,77.0,69.08,,,320.0,310.0,,,,,58.0,76.0,,,,,,,,,-9999.0,,,,,,,,,,
2014,7,26,,,,,,,,,,,,,,,,,,,,,,,,,,,,,,,,,,,,,,-9.0,,,,,,,,,,
2014,7,27,,,144.0,166.0,156.0,178.0,34.0,,,0.0,,61.0,53.0,73.0,,,,77.0,69.08,,,300.0,270.0,,,,,67.0,94.0,,,,,,,,,999.0,,,,,,,,,,
2014,7,28,,,,,,,,,,,,,,,,,,,,,,,,,,,,,,,,,,,,,,-999.0,,,,,,,,,,
2014,7,30,,,156.0,152.0,142.0,183.0,26.0,,,0.0,,70.0,62.0,76.0,,,,73.94,69.08,,,270.0,300.0,,,,,63.0,76.0,,,,,,,,,9999.0,,,,,,,,,,
2014,7,31,,,,,,,,,,,,,,,,,,,,,,,,,,,,,,,,,,,,,,-99.0,,,,,,,,,,
2014,8,1,,,172.0,10129.0,10119.0,194.0,24.0,,,0.0,,72.0,62.0,79.0,,,72.86,78.08,69.08,,,300.0,280.0,,,,,54.0,72.0,,,,,-9999.0,,,,-9999.0,,,,,,,,,,
2014,8,2,,,,,,,,,,,,,,,,,,,,,,,,,,,,,,,,,,-9.0,,,,-9.0,,,,,,,,,,
2014,8,3,,,189.0,132.0,119.0,206.0,19.0,,,18.0,,81.0,74.0,85.0,,,,78.08,69.98,,,320.0,320.0,,,,,72.0,98.0,,,,,999.0,,,,999.0,,,,,,,,,,
2014,8,4,,,,,,,,,,,,,,,,,,,,,,,,,,,,,,,,,,-999.0,,,,-999.0,,,,,,,,,,
2014,8,6,,,183.0,152.0,142.0,206.0,27.0,,,0.0,,72.0,60.0,87.0,,,,80.96,69.98,,,300.0,290.0,,,,,63.0,76.0,,,,,9999.0,,,,9999.0,,,,,,,,,,
2014,8,7,,,,,,,,,,,,,,,,,,,,,,,,,,,,,,,,,,-99.0,,,,-99.0,,,,,,,,,,
2014,8,8,,,,,,,,,,,,,,,,,,,,,,,,,,,,,,,,,,99.0,,,,99.0,,,,,,,,,,
2014,8,9,,,150.0,10169.0,10156.0,178.0,34.0,,,0.0,,65.0,57.0,76.0,,,71.6,75.92,68.0,,,290.0,290.0,,,,,72.0,98.0,,,,,-9999.0,,,,-9999.0,,,,,,,,,,
2014,8,10,,,,,,,,,,,,,,,,,,,,,,,,,,,,,,,,,,-9.0,,,,-9.0,,,,,,,,,,
2014,8,11,,,144.0,149.0,135.0,178.0,25.0,,,0.0,,63.0,52.0,71.0,,,,75.92,68.0,,,270.0,290.0,,,,,63.0,94.0,,,,,999.0,,,,999.0,,,,,,,,,,
2014,8,12,,,,,,,,,,,,,,,,,,,,,,,,,,,,,,,,,,-999.0,,,,-999.0,,,,,,,,,,
2014,8,13,,,,,,,,,,,,,,,,,,,,,,,,,,,,,,,,,,,,,,9.0,,,,,,,,,,
2014,8,14,,,161.0,146.0,135.0,189.0,23.0,,,0.0,,69.0,60.0,76.0,,,,77.0,69.08,,,250.0,250.0,,,,,58.0,72.0,,,,,9999.0,,,,1.0,,,,,,,,,,
2014,8,15,,,,,,,,,,,,,,,,,,,,,,,,,,,,,,,,,,-99.0,,,,,,,,,,,,,,
2014,8,16,,,,,,,,,,,,,,,,,,,,,,,,,,,,,,,,,,99.0,,,,99.0,,,,,,,,,,
2014,8,17,,,178.0,10142.0,10129.0,200.0,25.0,,,0.0,,72.0,60.0,79.0,,,73.75999999999999,80.06,69.98,,,280.0,290.0,,,,,63.0,89.0,,,,,-9999.0,,,,-9999.0,,,,,,,,,,
2014,8,18,,,,,,,,,,,,,,,,,,,,,,,,,,,,,,,,,,-9.0,,,,-9.0,,,,,,,,,,
2014,8,19,,,172.0,149.0,135.0,194.0,26.0,,,0.0,,71.0,62.0,79.0,,,,78.08,69.98,,,300.0,300.0,,,,,67.0,89.0,,,,,999.0,,,,999.0,,,,,,,,,,
2014,8,20,,,,,,,,,,,,,,,,,,,,,,,,,,,,,,,,,,-999.0,,,,-999.0,,,,,,,,,,
2014,8,22,,,172.0,142.0,132.0,194.0,30.0,,,0.0,,71.0,60.0,81.0,,,,78.98,69.08,,,290.0,300.0,,,,,63.0,76.0,,,,,9999.0,,,,9999.0,,,,,,,,,,
2014,8,23,,,,,,,,,,,,,,,,,,,,,,,,,,,,,,,,,,-99.0,,,,-99.0,,,,,,,,,,
2014,8,24,,,,,,,,,,,,,,,,,,,,,,,,,,,,,,,,,,99.0,,,,99.0,,,,,,,,,,
2014,8,25,,,172.0,10149.0,10135.0,200.0,34.0,,,0.0,,65.0,48.0,84.0,,,75.02,82.04,69.98,,,300.0,290.0,,,,,72.0,94.0,,,,,-9999.0,,,,-9999.0,,,,,,,,,,
2014,8,26,,,,,,,,,,,,,,,,,,,,,,,,,,,,,,,,,,-9.0,,,,-9.0,,,,,,,,,,
2014,8,27,,,183.0,135.0,125.0,200.0,26.0,,,0.0,,73.0,58.0,84.0,,,,80.06,69.98,,,290.0,290.0,,,,,63.0,76.0,,,,,999.0,,,,999.0,,,,,,,,,,
2014,8,28,,,,,,,,,,,,,,,,,,,,,,,,,,,,,,,,,,-999.0,,,,-999.0,,,,,,,,,,
2014,8,30,,,150.0,125.0,115.0,178.0,34.0,,,0.0,,68.0,62.0,76.0,,,,73.94,69.08,,,210.0,190.0,,,,,63.0,81.0,,,,,9999.0,,,,9999.0,,,,,,,,,,
2014,8,31,,,,,,,,,,,,,,,,,,,,,,,,,,,,,,,,,,,,,,-99.0,,,,,,,,,,
2014,9,1,,,167.0,10102.0,10091.0,189.0,37.0,,,0.0,,74.0,64.0,84.0,,,71.06,75.02,68.0,,,170.0,160.0,,,,,63.0,76.0,,,-9999.0,,-9999.0,,,,-9999.0,,,,,,,,,,
2014,9,2,,,,,,,,,,,,,,,,,,,,,,,,,,,,,,,,-9.0,,-9.0,,,,-9.0,,,,,,,,,,
2014,9,3,,,167.0,102.0,91.0,189.0,26.0,,,0.0,,68.0,58.0,73.0,,,,78.08,69.98,,,220.0,290.0,,,,,58.0,81.0,,,999.0,,999.0,,,,999.0,,,,,,,,,,
2014,9,4,,,,,,,,,,,,,,,,,,,,,,,,,,,,,,,,-999.0,,-999.0,,,,-999.0,,,,,,,,,,
2014,9,6,,,161.0,85.0,75.0,183.0,27.0,,,0.0,,68.0,56.0,78.0,,,,78.08,69.08,,,280.0,270.0,,,,,67.0,94.0,,,9999.0,,9999.0,,,,9999.0,,,,,,,,,,
2014,9,7,,,,,,,,,,,,,,,,,,,,,,,,,,,,,,,,-99.0,,-99.0,,,,-99.0,,,,,,,,,,
2014,9,8,,,,,,,,,,,,,,,,,,,,,,,,,,,,,,,,99.0,,99.0,,,,99.0,,,,,,,,,,
2014,9,9,,,183.0,10112.0,10102.0,206.0,33.0,,,0.0,,72.0,56.0,81.0,,,74.12,80.96,71.06,,,290.0,290.0,,,,,72.0,94.0,,,-9999.0,,-9999.0,,,,-9999.0,,,,,,,,,,
2014,9,10,,,,,,,,,,,,,,,,,,,,,,,,,,,,,,,,-9.0,,-9.0,,,,,,,,,,,,,,
2014,9,11,,,189.0,91.0,81.0,211.0,20.0,,,0.0,,67.0,46.0,81.0,,,,86.0,73.04,,,270.0,280.0,,,,,45.0,58.0,,,999.0,,999.0,,,,1.0,,,,,,,,,,
2014,9,12,,,,,,,,,,,,,,,,,,,,,,,,,,,,,,,,-999.0,,-999.0,,,,,,,,,,,,,,
2014,9,14,,,189.0,125.0,112.0,211.0,22.0,,,0.0,,66.0,42.0,82.0,,,,86.0,73.04,,,290.0,270.0,,,,,54.0,81.0,,,9999.0,,9999.0,,,,9999.0,,,,,,,,,,
2014,9,15,,,,,,,,,,,,,,,,,,,,,,,,,,,,,,,,-99.0,,-99.0,,,,-99.0,,,,,,,,,,
2014,9,16,,,,,,,,,,,,,,,,,,,,,,,99.0,,,,,,99.0,,,99.0,,99.0,,,,99.0,,,,,,,,,,
2014,9,17,,,178.0,10105.0,10095.0,200.0,26.0,,,0.0,,65.0,42.0,79.0,,,76.28,82.04,71.96,,,290.0,290.0,,,,,58.0,72.0,,,-9999.0,,-9999.0,,,,-9999.0,,,,,,,,,,
2014,9,18,,,,,,,,,,,,,,,,,,,,,,,,,,,,,,,,-9.0,,-9.0,,,,-9.0,,,,,,,,,,
2014,9,19,,,194.0,95.0,85.0,211.0,27.0,,,0.0,,74.0,56.0,87.0,,,,82.04,71.96,,,290.0,290.0,,,,,72.0,89.0,,,999.0,,999.0,,,,999.0,,,,,,,,,,
2014,9,20,,,,,,,,,,,,,,,,,,,,,,,,,,,,,,,,,,-999.0,,,,-999.0,,,,,,,,,,
2014,9,22,,,200.0,71.0,61.0,217.0,22.0,,,0.0,,70.0,55.0,88.0,,,,84.91999999999999,73.04,,,320.0,290.0,,,,,63.0,76.0,,,9999.0,,9999.0,,,,9999.0,,,,,,,,,,
2014,9,23,,,,,,,,,,,,,,,,,,,,,,,,,,,,,,,,,,-99.0,,,,,,,,,,,,,,
2014,9,24,,,,,,,,,,,,,,,,,,,,,,,,,,,,,,,,,,99.0,,,,,,,,,,,,,,
2014,9,25,,,194.0,10071.0,10058.0,222.0,28.0,,,0.0,,59.0,41.0,79.0,,,81.32,93.02,75.02,,,360.0,20.0,,,,,139.0,201.0,,,-9999.0,,1.0,,,,-9999.0,,,,,,,,,,
2014,9,26,,,,,,,,,,,,,,,,,,,,,,,,,,,,,,,,-9.0,,,,,,,,,,,,,,,,
2014,9,27,,,200.0,75.0,64.0,222.0,29.0,,,0.0,,69.0,48.0,82.0,,,,87.08000000000001,73.94,,,300.0,300.0,,,,,89.0,98.0,,,999.0,,999.0,,,,1.0,,,,,,,,,,
2014,9,28,,,,,,,,,,,,,,,,,,,,,,,,,,,,,,,,-999.0,,-999.0,,,,,,,,,,,,,,
2014,9,29,,,,,,,,,,,,,,,,,,,,,,,,,,,,,,,,9.0,,,,,,,,,,,,,,,,
2014,9,30,,,172.0,122.0,112.0,189.0,37.0,,,,,70.0,56.0,87.0,,,,78.08,68.0,,,320.0,300.0,,,,,67.0,89.0,,,1.0,,9999.0,,,,9999.0,,,,,,,,,,
2014,9,31,,,,,,,,,,,,,,,,,,,,,,,,,,,,,,,,,,-99.0,,,,-99.0,,,,,,,,,,
2014,10,1,,,161.0,10102.0,10088.0,183.0,26.0,,,0.0,,74.0,64.0,84.0,,,70.88,75.02,66.92,,,220.0,260.0,,,,,54.0,76.0,,,-9999.0,-9999.0,,,,,-9999.0,,,,,,,,,,
2014,10,2,,,,,,,,,,,,,,,,,,,,,,,,,,,,,,,,-9.0,-9.0,,,,,,,,,,,,,,,
2014,10,3,,,117.0,132.0,122.0,172.0,19.0,,,0.0,,47.0,18.0,84.0,,,,89.96000000000001,64.94,,,320.0,320.0,,,,,63.0,76.0,,,999.0,999.0,,,,,1.0,,,,,,,,,,
2014,10,4,,,,,,,,,,,,,,,,,,,,,,,,,,,,,,,,-999.0,-999.0,,,,,,,,,,,,,,,
2014,10,5,,,,,,,,,,,,,,,,,,,,,,,,,,,,,,,,9.0,9.0,,,,,,,,,,,,,,,
2014,10,6,,,100.0,132.0,119.0,167.0,13.0,,,0.0,,48.0,10.0,93.0,,,,89.06,64.94,,,180.0,180.0,,,,,54.0,63.0,,,1.0,1.0,,,,,9999.0,,,,,,,,,,
2014,10,9,,,78.0,10119.0,10108.0,156.0,10.0,,,0.0,,40.0,12.0,87.0,,,75.2,87.98,64.94,,,320.0,320.0,,,,,54.0,67.0,,,1.0,-9999.0,,,,,-9999.0,,,,,,,,,,
2014,10,10,,,,,,,,,,,,,,,,,,,,,,,,,,,,,,,,,-9.0,,,,,,,,,,,,,,,
2014,10,11,,,139.0,115.0,102.0,183.0,15.0,,,,,55.0,20.0,84.0,,,,89.96000000000001,68.0,,,320.0,320.0,,,,,54.0,63.0,,,1.0,999.0,,,,,1.0,,,,,,,,,,
2014,10,14,,,156.0,139.0,129.0,178.0,22.0,,,0.0,,68.0,60.0,76.0,,,,75.02,66.92,,,230.0,210.0,,,,,54.0,81.0,,,9999.0,9999.0,,,,,9999.0,,,,,,,,,,
2014,10,15,,,,,,,,,,,,,,,,,,,,,,,,,,,,,,,,-99.0,-99.0,,,,,-99.0,,,,,,,,,,
2014,10,16,,,,,,,,,,,,,,,,,,,,,,,,,,,,,,,,99.0,99.0,,,,,99.0,,,,,,,,,,
2014,10,17,,,161.0,10142.0,10129.0,183.0,17.0,,,0.0,,70.0,58.0,79.0,,,70.88,77.0,66.92,,,300.0,290.0,,,,,54.0,67.0,,,-9999.0,-9999.0,,,,,-9999.0,,,,,,,,,,
2014,10,18,,,,,,,,,,,,,,,,,,,,,,,,,,,,,,,,,-9.0,,,,,,,,,,,,,,,
2014,10,19,,,161.0,129.0,119.0,183.0,15.0,,,0.0,,74.0,66.0,84.0,,,,75.02,66.92,,,210.0,240.0,,,,,54.0,67.0,,,1.0,999.0,,,,,1.0,,,,,,,,,,
2014,10,20,,,,,,,,,,,,,,,,,,,,,,,,,,,,,,,,,-999.0,,,,,,,,,,,,,,,
2014,10,22,,,156.0,149.0,135.0,178.0,21.0,,,0.0,,71.0,60.0,81.0,,,,75.92,66.02,,,270.0,280.0,,,,,54.0,72.0,,,9999.0,9999.0,,,,,1.0,,,,,,,,,,
2014,10,23,,,,,,,,,,,,,,,,,,,,,,,,,,,,,,,,-99.0,-99.0,,,,,,,,,,,,,,,
2014,10,24,,,,,,,,,,,,,,,,,,,,,,,,,,,,,,,,99.0,99.0,,,,,99.0,,,,,,,,,,
2014,10,25,,,144.0,10152.0,10142.0,172.0,23.0,,,0.0,,64.0,54.0,73.0,,,70.88,75.92,66.92,,,280.0,290.0,,,,,67.0,98.0,,,-9999.0,-9999.0,,,,,-9999.0,,,,,,,,,,
2014,10,26,,,,,,,,,,,,,,,,,,,,,,,,,,,,,,,,-9.0,-9.0,,,,,-9.0,,,,,,,,,,
2014,10,27,,,150.0,146.0,135.0,178.0,22.0,,,0.0,,68.0,59.0,73.0,,,,73.94,66.92,,,290.0,270.0,,,,,67.0,94.0,,,999.0,999.0,,,,,999.0,,,,,,,,,,
2014,10,28,,,,,,,,,,,,,,,,,,,,,,,,,,,,,,,,-999.0,-999.0,,,,,-999.0,,,,,,,,,,
2014,10,30,,,150.0,122.0,108.0,178.0,17.0,,,0.0,,70.0,60.0,79.0,,,,75.02,66.92,,,280.0,280.0,,,,,67.0,81.0,,,9999.0,9999.0,,,,,9999.0,,,,,,,,,,
2014,10,31,,,,,,,,,,,,,,,,,,,,,,,,,,,,,,,,-99.0,-99.0,,,,,-99.0,,,,,,,,,,
2014,11,1,,,106.0,10146.0,10135.0,144.0,46.0,,,64.0,,60.0,47.0,90.0,,,67.64,69.98,59.0,,,190.0,190.0,,,,,107.0,130.0,,,1.0,-9999.0,,,,,-9999.0,,,,,,,,,,
2014,11,2,,,,,,,,,,,,,,,,,,,,,,,,,,,,,,,,,-9.0,,,,,-9.0,,,,,,,,,,
2014,11,3,,,100.0,173.0,163.0,133.0,20.0,,,20.0,,65.0,44.0,87.0,,,,69.08,57.02,,,290.0,300.0,,,,,54.0,72.0,,,1.0,999.0,,,,,999.0,,,,,,,,,,
2014,11,4,,,,,,,,,,,,,,,,,,,,,,,,,,,,,,,,,-999.0,,,,,-999.0,,,,,,,,,,
2014,11,6,,,56.0,203.0,193.0,117.0,17.0,,,0.0,,44.0,21.0,62.0,,,,75.02,53.96,,,280.0,290.0,,,,,72.0,89.0,,,9999.0,9999.0,,,,,9999.0,,,,,,,,,,
2014,11,7,,,,,,,,,,,,,,,,,,,,,,,,,,,,,,,,-99.0,-99.0,,,,,-99.0,,,,,,,,,,
2014,11,8,,,,,,,,,,,,,,,,,,,,,,,,,,,,,,,,99.0,99.0,,,,,99.0,,,,,,,,,,
2014,11,9,,,-6.0,10193.0,10183.0,111.0,15.0,,,0.0,,23.0,9.0,40.0,,,71.96,87.08000000000001,57.92,,,340.0,330.0,,,,,72.0,94.0,,,-9999.0,-9999.0,,,,,-9999.0,,,,,,,,,,
2014,11,10,,,,,,,,,,,,,,,,,,,,,,,,,,,,,,,,-9.0,-9.0,,,,,-9.0,,,,,,,,,,
2014,11,11,,,6.0,173.0,163.0,117.0,11.0,,,0.0,,24.0,11.0,38.0,,,,87.08000000000001,59.0,,,310.0,310.0,,,,,58.0,72.0,,,999.0,999.0,,,,,999.0,,,,,,,,,,
2014,11,12,,,,,,,,,,,,,,,,,,,,,,,,,,,,,,,,,-999.0,,,,,,,,,,,,,,,
2014,11,13,,,,,,,,,,,,,,,,,,,,,,,,,,,,,,,,,9.0,,,,,,,,,,,,,,,
2014,11,14,,,144.0,132.0,119.0,161.0,17.0,,,0.0,,79.0,63.0,93.0,,,,71.06,57.02,,,300.0,270.0,,,,,45.0,63.0,,,1.0,1.0,,,,,1.0,,,,,,,,,,
2014,11,16,,,,,,,,,,,,,,,,,,,,,,,,,,,,,,,,,99.0,,,,,,,,,,,,,,,
2014,11,17,,,106.0,10139.0,10129.0,144.0,19.0,,,0.0,,57.0,49.0,63.0,,,66.02,69.98,64.94,,,250.0,250.0,,,,,58.0,67.0,,,-9999.0,-9999.0,,,,,-9999.0,,,,,,,,,,
2014,11,18,,,,,,,,,,,,,,,,,,,,,,,,,,,,,,,,-9.0,-9.0,,,,,-9.0,,,,,,,,,,
2014,11,19,,,106.0,156.0,146.0,144.0,18.0,,,0.0,,60.0,51.0,70.0,,,,69.98,64.04,,,290.0,280.0,,,,,54.0,67.0,,,999.0,999.0,,,,,999.0,,,,,,,,,,
2014,11,20,,,,,,,,,,,,,,,,,,,,,,,,,,,,,,,,-999.0,-999.0,,,,,-999.0,,,,,,,,,,
2014,11,21,,,,,,,,,,,,,,,,,,,,,,,,,,,,,,,,9.0,,,,,,,,,,,,,,,,
2014,11,22,,,133.0,166.0,156.0,156.0,17.0,,,,,73.0,61.0,84.0,,,,69.98,62.059999999999995,,,220.0,230.0,,,,,45.0,58.0,,,1.0,9999.0,,,,,9999.0,,,,,,,,,,
2014,11,23,,,,,,,,,,,,,,,,,,,,,,,,,,,,,,,,,-99.0,,,,,-99.0,,,,,,,,,,
2014,11,24,,,,,,,,,,,,,,,,,,,,,,,,,,,,,,,,99.0,99.0,,,,,99.0,,,,,,,,,,
2014,11,25,,,83.0,10196.0,10190.0,133.0,19.0,,,0.0,,54.0,20.0,73.0,,,65.66,73.04,59.0,,,320.0,320.0,,,,,72.0,94.0,,,-9999.0,-9999.0,,,,,-9999.0,,,,,,,,,,
2014,11,26,,,,,,,,,,,,,,,,,,,,,,,,,,,,,,,,-9.0,-9.0,,,,,-9.0,,,,,,,,,,
2014,11,27,,,6.0,196.0,190.0,94.0,14.0,,,0.0,,34.0,14.0,51.0,,,,71.96,53.06,,,340.0,310.0,,,,,58.0,76.0,,,999.0,999.0,,,,,999.0,,,,,,,,,,
2014,11,28,,,,,,,,,,,,,,,,,,,,,,,,,,,,,,,,-999.0,-999.0,,,,,-999.0,,,,,,,,,,
2014,11,30,,,61.0,200.0,190.0,111.0,10.0,,,0.0,,52.0,24.0,78.0,,,,71.06,51.98,,,300.0,310.0,,,,,54.0,72.0,,,9999.0,9999.0,,,,,9999.0,,,,,,,,,,
2014,11,31,,,,,,,,,,,,,,,,,,,,,,,,,,,,,,,,-99.0,-99.0,,,,,-99.0,,,,,,,,,,
2014,12,1,,,122.0,10186.0,10176.0,144.0,11.0,,,0.0,,70.0,55.0,78.0,,,63.32,69.98,57.02,,,320.0,350.0,,,,,58.0,67.0,,,-9999.0,-9999.0,-9999.0,,,,-9999.0,,,,,,,,,,
2014,12,2,,,,,,,,,,,,,,,,,,,,,,,,,,,,,,,,,-9.0,-9.0,,,,-9.0,,,,,,,,,,
2014,12,3,,,122.0,146.0,135.0,150.0,20.0,,,107.0,,70.0,49.0,90.0,,,,69.08,60.08,,,160.0,170.0,,,,,76.0,107.0,,,1.0,999.0,999.0,,,,999.0,,,,,,,,,,
2014,12,4,,,,,,,,,,,,,,,,,,,,,,,,,,,,,,,,,-999.0,,,,,-999.0,,,,,,,,,,
2014,12,6,,,150.0,163.0,152.0,161.0,28.0,,,467.0,,80.0,63.0,93.0,,,,69.98,60.08,,,220.0,210.0,,,,,94.0,107.0,,,1.0,9999.0,1.0,,,,9999.0,,,,,,,,,,
2014,12,7,,,,,,,,,,,,,,,,,,,,,,,,,,,,,,,,,-99.0,,,,,,,,,,,,,,,
2014,12,8,,,,,,,,,,,,,,,,,,,,,,,,,,,,,,,,,99.0,99.0,,,,,,,,,,,,,,
2014,12,9,,,139.0,10217.0,10210.0,156.0,22.0,,,0.0,,78.0,61.0,87.0,,,64.22,69.98,59.0,,,300.0,310.0,,,,,63.0,76.0,,,1.0,-9999.0,-9999.0,,,,-9999.0,,,,,,,,,,
2014,12,10,,,,,,,,,,,,,,,,,,,,,,,,,,,,,,,,,,-9.0,,,,-9.0,,,,,,,,,,
2014,12,11,,,133.0,203.0,193.0,156.0,14.0,,,0.0,,74.0,52.0,97.0,,,,77.0,55.94,,,300.0,310.0,,,,,76.0,98.0,,,1.0,1.0,999.0,,,,999.0,,,,,,,,,,
2014,12,12,,,,,,,,,,,,,,,,,,,,,,,,,,,,,,,,,,-999.0,,,,,,,,,,,,,,
2014,12,14,,,122.0,176.0,166.0,144.0,14.0,,,0.0,,72.0,46.0,87.0,,,,75.02,55.04,,,290.0,320.0,,,,,58.0,67.0,,,1.0,9999.0,9999.0,,,,1.0,,,,,,,,,,
2014,12,15,,,,,,,,,,,,,,,,,,,,,,,,,,,,,,,,,,-99.0,,,,,,,,,,,,,,
2014,12,16,,,,,,,,,,,,,,,,,,,,,,,,,,,,,,,,,,99.0,,,,,,,,,,,,,,
2014,12,17,,,128.0,10149.0,10142.0,150.0,35.0,,,0.0,,73.0,66.0,84.0,,,63.68,66.92,62.059999999999995,,,170.0,170.0,,,,,81.0,98.0,,,1.0,-9999.0,-9999.0,,,,1.0,,,,,,,,,,
2014,12,18,,,,,,,,,,,,,,,,,,,,,,,,,,,,,,,,,-9.0,-9.0,,,,,,,,,,,,,,
2014,12,19,,,117.0,163.0,156.0,133.0,43.0,,,267.0,,78.0,59.0,90.0,,,,64.94,55.94,,,170.0,170.0,,,,,130.0,165.0,,,1.0,999.0,999.0,,,,999.0,,,,,,,,,,
2014,12,20,,,,,,,,,,,,,,,,,,,,,,,,,,,,,,,,,-999.0,-999.0,,,,,,,,,,,,,,
2014,12,22,,,78.0,193.0,186.0,106.0,11.0,,,0.0,,66.0,52.0,75.0,,,,64.94,50.0,,,300.0,50.0,,,,,58.0,103.0,,,9999.0,9999.0,9999.0,,,,9999.0,,,,,,,,,,
2014,12,23,,,,,,,,,,,,,,,,,,,,,,,,,,,,,,,,-99.0,-99.0,-99.0,,,,-99.0,,,,,,,,,,
2014,12,24,,,,,,,,,,,,,,,,,,,,,,,,,,,,,,,,99.0,99.0,99.0,,,,99.0,,,,,,,,,,
2014,12,25,,,100.0,10166.0,10156.0,122.0,21.0,,,109.0,,74.0,60.0,87.0,,,59.36,60.980000000000004,55.94,,,160.0,130.0,,,,,72.0,89.0,,,1.0,-9999.0,-9999.0,,,,-9999.0,,,,,,,,,,
2014,12,26,,,,,,,,,,,,,,,,,,,,,,,,,,,,,,,,,-9.0,-9.0,,,,-9.0,,,,,,,,,,
2014,12,27,,,94.0,186.0,179.0,122.0,27.0,,,104.0,,67.0,52.0,87.0,,,,66.02,55.04,,,280.0,270.0,,,,,76.0,98.0,,,1.0,999.0,999.0,,,,999.0,,,,,,,,,,
2014,12,28,,,,,,,,,,,,,,,,,,,,,,,,,,,,,,,,,-999.0,-999.0,,,,-999.0,,,,,,,,,,
2014,12,30,,,89.0,227.0,213.0,117.0,13.0,,,0.0,,67.0,47.0,81.0,,,,68.0,53.06,,,300.0,300.0,,,,,63.0,76.0,,,9999.0,9999.0,9999.0,,,,9999.0,,,,,,,,,,
2014,12,31,,,,,,,,,,,,,,,,,,,,,,,,,,,,,,,,-99.0,-99.0,-99.0,,,,-99.0,,,,,,,,,,
2015,1,1,,,0.0,10207.0,10196.0,56.0,16.0,,,0.0,,52.0,33.0,64.0,,,47.84,59.0,41.0,,,280.0,290.0,,,,,54.0,63.0,,,-9999.0,-9999.0,,,,,-9999.0,,,,,,,,,,
2015,1,2,,,,,,,,,,,,,,,,,,,,,,,,,,,,,,,,-9.0,-9.0,,,,,-9.0,,,,,,,,,,
2015,1,3,,,28.0,207.0,196.0,72.0,12.0,,,0.0,,59.0,41.0,71.0,,,,59.0,42.08,,,290.0,290.0,,,,,58.0,72.0,,,999.0,999.0,,,,,999.0,,,,,,,,,,
2015,1,4,,,,,,,,,,,,,,,,,,,,,,,,,,,,,,,,-999.0,-999.0,,,,,-999.0,,,,,,,,,,
2015,1,5,,,,,,,,,,,,,,,,,,,,,,,,,,,,,,,,9.0,,,,,,9.0,,,,,,,,,,
2015,1,6,,,61.0,254.0,247.0,94.0,17.0,,,0.0,,65.0,40.0,83.0,,,,66.02,44.96,,,300.0,290.0,,,,,58.0,72.0,,,1.0,9999.0,,,,,1.0,,,,,,,,,,
2015,1,7,,,,,,,,,,,,,,,,,,,,,,,,,,,,,,,,,-99.0,,,,,,,,,,,,,,,
2015,1,8,,,,,,,,,,,,,,,,,,,,,,,,,,,,,,,,,99.0,,,,,99.0,,,,,,,,,,
2015,1,9,,,11.0,10207.0,10196.0,100.0,19.0,,,0.0,,36.0,11.0,75.0,,,64.04,80.06,50.0,,,320.0,330.0,,,,,63.0,76.0,,,-9999.0,-9999.0,,,,,-9999.0,,,,,,,,,,
2015,1,10,,,,,,,,,,,,,,,,,,,,,,,,,,,,,,,,-9.0,-9.0,,,,,-9.0,,,,,,,,,,
2015,1,11,,,33.0,193.0,183.0,100.0,8.0,,,0.0,,45.0,16.0,64.0,,,,78.08,50.0,,,170.0,170.0,,,,,40.0,45.0,,,999.0,999.0,,,,,999.0,,,,,,,,,,
2015,1,12,,,,,,,,,,,,,,,,,,,,,,,,,,,,,,,,,-999.0,,,,,,,,,,,,,,,
2015,1,14,,,111.0,166.0,156.0,133.0,8.0,,,0.0,,73.0,43.0,90.0,,,,64.94,55.94,,,60.0,210.0,,,,,31.0,40.0,,,1.0,9999.0,,,,,9999.0,,,,,,,,,,
2015,1,15,,,,,,,,,,,,,,,,,,,,,,,,,,,,,,,,,,,,,,-99.0,,,,,,,,,,
2015,1,16,,,,,,,,,,,,,,,,,,,,,,,,,,,,,,,,,,,,,,99.0,,,,,,,,,,
2015,1,17,,,128.0,10173.0,10163.0,139.0,6.0,,,51.0,,85.0,73.0,90.0,,,60.980000000000004,62.059999999999995,57.02,,,170.0,320.0,,,,,31.0,36.0,,,1.0,-9999.0,,,,,1.0,,,,,,,,,,
2015,1,18,,,,,,,,,,,,,,,,,,,,,,,,,,,,,,,,,-9.0,,,,,,,,,,,,,,,
2015,1,19,,,128.0,207.0,196.0,144.0,15.0,,,43.0,,79.0,66.0,93.0,,,,66.92,59.0,,,300.0,300.0,,,,,67.0,81.0,,,1.0,999.0,,,,,1.0,,,,,,,,,,
2015,1,20,,,,,,,,,,,,,,,,,,,,,,,,,,,,,,,,,-999.0,,,,,,,,,,,,,,,
2015,1,22,,,39.0,210.0,203.0,100.0,15.0,,,0.0,,48.0,22.0,69.0,,,,71.06,50.0,,,300.0,300.0,,,,,63.0,76.0,,,9999.0,9999.0,,,,,9999.0,,,,,,,,,,
2015,1,23,,,,,,,,,,,,,,,,,,,,,,,,,,,,,,,,-99.0,-99.0,,,,,-99.0,,,,,,,,,,
2015,1,24,,,,,,,,,,,,,,,,,,,,,,,,,,,,,,,,99.0,99.0,,,,,99.0,,,,,,,,,,
2015,1,25,,,39.0,10207.0,10196.0,100.0,10.0,,,0.0,,47.0,20.0,61.0,,,60.8,71.96,50.0,,,310.0,90.0,,,,,54.0,63.0,,,-9999.0,-9999.0,,,,,-9999.0,,,,,,,,,,
2015,1,26,,,,,,,,,,,,,,,,,,,,,,,,,,,,,,,,-9.0,-9.0,,,,,-9.0,,,,,,,,,,
2015,1,27,,,61.0,217.0,207.0,111.0,7.0,,,0.0,,55.0,30.0,84.0,,,,69.98,51.08,,,180.0,180.0,,,,,40.0,45.0,,,999.0,999.0,,,,,999.0,,,,,,,,,,
2015,1,28,,,,,,,,,,,,,,,,,,,,,,,,,,,,,,,,-999.0,-999.0,,,,,-999.0,,,,,,,,,,
2015,1,29,,,,,,,,,,,,,,,,,,,,,,,,,,,,,,,,9.0,,,,,,9.0,,,,,,,,,,
2015,1,30,,,94.0,200.0,190.0,122.0,11.0,,,0.0,,70.0,48.0,83.0,,,,68.0,50.0,,,290.0,280.0,,,,,45.0,58.0,,,1.0,9999.0,,,,,1.0,,,,,,,,,,
2015,1,31,,,,,,,,,,,,,,,,,,,,,,,,,,,,,,,,,-99.0,,,,,,,,,,,,,,,
2015,2,1,,,,,,,11.0,,,0.0,,,,,,,60.8,71.06,53.06,,,320.0,300.0,,,,,54.0,67.0,,,-9999.0,-9999.0,,,,,-9999.0,,,,,,,,,,
2015,2,2,,,,,,,,,,,,,,,,,,,,,,,,,,,,,,,,-9.0,-9.0,,,,,-9.0,,,,,,,,,,
2015,2,3,,,,,,,13.0,,,0.0,,,,,,,,73.04,51.98,,,300.0,300.0,,,,,54.0,67.0,,,999.0,999.0,,,,,999.0,,,,,,,,,,
2015,2,6,,,,,,,16.0,,,0.0,,,,,,,,66.02,53.06,,,300.0,300.0,,,,,54.0,63.0,,,1.0,1.0,,,,,1.0,,,,,,,,,,
2015,2,9,,,,,,,18.0,,,0.0,,,,,,,61.16,73.94,53.96,,,290.0,270.0,,,,,54.0,63.0,,,1.0,-9999.0,,,,,1.0,,,,,,,,,,
2015,2,10,,,,,,,,,,,,,,,,,,,,,,,,,,,,,,,,,-9.0,,,,,,,,,,,,,,,
2015,2,11,,,,,,,20.0,,,0.0,,,,,,,,69.98,51.08,,,300.0,300.0,,,,,63.0,76.0,,,1.0,999.0,,,,,1.0,,,,,,,,,,
2015,2,12,,,,,,,,,,,,,,,,,,,,,,,,,,,,,,,,,-999.0,,,,,,,,,,,,,,,
2015,2,14,,,,,,,28.0,,,0.0,,,,,,,,69.08,57.02,,,300.0,300.0,,,,,76.0,103.0,,,1.0,9999.0,,,,,1.0,,,,,,,,,,
2015,2,15,,,,,,,,,,,,,,,,,,,,,,,,,,,,,,,,,-99.0,,,,,,,,,,,,,,,
2015,2,16,,,,,,,,,,,,,,,,,,,,,,,,,,,,,,,,99.0,99.0,,,,,99.0,,,,,,,,,,
2015,2,17,,,,,,,17.0,,,0.0,,,,,,,65.84,82.04,53.96,,,320.0,310.0,,,,,58.0,76.0,,,-9999.0,-9999.0,,,,,-9999.0,,,,,,,,,,
2015,2,18,,,,,,,,,,,,,,,,,,,,,,,,,,,,,,,,-9.0,-9.0,,,,,-9.0,,,,,,,,,,
2015,2,19,,,,,,,21.0,,,0.0,,,,,,,,86.0,55.04,,,80.0,120.0,,,,,72.0,94.0,,,999.0,999.0,,,,,999.0,,,,,,,,,,
2015,2,20,,,,,,,,,,,,,,,,,,,,,,,,,,,,,,,,-999.0,-999.0,,,,,-999.0,,,,,,,,,,
2015,2,22,,,,,,,14.0,,,0.0,,,,,,,,84.02,59.0,,,310.0,300.0,,,,,63.0,72.0,,,9999.0,9999.0,,,,,9999.0,,,,,,,,,,
2015,2,23,,,,,,,,,,,,,,,,,,,,,,,,,,,,,,,,,-99.0,,,,,-99.0,,,,,,,,,,
2015,2,24,,,,,,,,,,,,,,,,,,,,,,,,,,,,,,,,,99.0,,,,,99.0,,,,,,,,,,
2015,2,25,,,,,,,13.0,,,0.0,,,,,,,62.059999999999995,66.92,57.02,,,270.0,280.0,,,,,45.0,63.0,,,1.0,-9999.0,,,,,1.0,,,,,,,,,,
2015,2,26,,,,,,,,,,,,,,,,,,,,,,,,,,,,,,,,,-9.0,,,,,,,,,,,,,,,
2015,2,27,,,,,,,19.0,,,0.0,,,,,,,,66.02,59.0,,,270.0,300.0,,,,,58.0,76.0,,,999.0,999.0,,,,,999.0,,,,,,,,,,
2015,2,28,,,,,,,,,,,,,,,,,,,,,,,,,,,,,,,,,-999.0,,,,,,,,,,,,,,,
2015,2,30,,,,,,,16.0,,,0.0,,,,,,,,66.92,57.92,,,300.0,310.0,,,,,54.0,72.0,,,1.0,9999.0,,,,,1.0,,,,,,,,,,
2015,2,31,,,,,,,,,,,,,,,,,,,,,,,,,,,,,,,,,-99.0,,,,,,,,,,,,,,,
2015,3,1,,,94.0,10139.0,10129.0,111.0,32.0,,,173.0,,76.0,64.0,87.0,,,57.74,60.08,55.04,,,80.0,80.0,,,,,81.0,103.0,,,1.0,-9999.0,-9999.0,,,,-9999.0,,,,,,,,,,
2015,3,2,,,,,,,,,,,,,,,,,,,,,,,,,,,,,,,,,-9.0,,,,,,,,,,,,,,,
2015,3,3,,,78.0,146.0,135.0,106.0,29.0,,,64.0,,69.0,56.0,83.0,,,,60.980000000000004,53.06,,,220.0,160.0,,,,,89.0,112.0,,,999.0,999.0,1.0,,,,1.0,,,,,,,,,,
2015,3,4,,,,,,,,,,,,,,,,,,,,,,,,,,,,,,,,-999.0,-999.0,,,,,,,,,,,,,,,
2015,3,6,,,72.0,183.0,173.0,111.0,15.0,,,0.0,,61.0,39.0,75.0,,,,68.0,51.08,,,320.0,290.0,,,,,63.0,76.0,,,9999.0,9999.0,9999.0,,,,9999.0,,,,,,,,,,
2015,3,7,,,,,,,,,,,,,,,,,,,,,,,,,,,,,,,,-99.0,-99.0,-99.0,,,,,,,,,,,,,,
2015,3,8,,,,,,,,,,,,,,,,,,,,,,,,,,,,,,,,99.0,99.0,99.0,,,,,,,,,,,,,,
2015,3,9,,,11.0,10179.0,10169.0,100.0,20.0,,,0.0,,33.0,12.0,64.0,,,63.86,77.0,51.08,,,320.0,320.0,,,,,67.0,81.0,,,-9999.0,-9999.0,-9999.0,,,,-9999.0,,,,,,,,,,
2015,3,10,,,,,,,,,,,,,,,,,,,,,,,,,,,,,,,,-9.0,-9.0,-9.0,,,,-9.0,,,,,,,,,,
2015,3,11,,,6.0,156.0,146.0,106.0,13.0,,,0.0,,29.0,10.0,50.0,,,,84.02,53.96,,,310.0,320.0,,,,,58.0,72.0,,,999.0,999.0,999.0,,,,999.0,,,,,,,,,,
2015,3,12,,,,,,,,,,,,,,,,,,,,,,,,,,,,,,,,-999.0,-999.0,-999.0,,,,-999.0,,,,,,,,,,
2015,3,14,,,106.0,146.0,135.0,133.0,18.0,,,0.0,,70.0,59.0,78.0,,,,66.02,57.02,,,320.0,290.0,,,,,45.0,63.0,,,9999.0,9999.0,9999.0,,,,9999.0,,,,,,,,,,
2015,3,15,,,,,,,,,,,,,,,,,,,,,,,,,,,,,,,,,,-99.0,,,,,,,,,,,,,,
2015,3,16,,,,,,,,,,,,,,,,,,,,,,,,,,,,,,,,,,99.0,,,,,,,,,,,,,,
2015,3,17,,,122.0,10183.0,10169.0,150.0,22.0,,,0.0,,68.0,46.0,90.0,,,64.75999999999999,71.96,60.08,,,310.0,340.0,,,,,72.0,89.0,,,1.0,-9999.0,-9999.0,,,,1.0,,,,,,,,,,
2015,3,18,,,,,,,,,,,,,,,,,,,,,,,,,,,,,,,,,-9.0,-9.0,,,,,,,,,,,,,,
2015,3,19,,,89.0,163.0,152.0,144.0,22.0,,,0.0,,50.0,31.0,81.0,,,,77.0,60.08,,,300.0,320.0,,,,,72.0,94.0,,,999.0,999.0,999.0,,,,999.0,,,,,,,,,,
2015,3,20,,,,,,,,,,,,,,,,,,,,,,,,,,,,,,,,-999.0,-999.0,-999.0,,,,-999.0,,,,,,,,,,
2015,3,22,,,33.0,163.0,152.0,139.0,17.0,,,0.0,,25.0,16.0,45.0,,,,89.96000000000001,64.04,,,300.0,300.0,,,,,63.0,72.0,,,9999.0,9999.0,9999.0,,,,9999.0,,,,,,,,,,
2015,3,23,,,,,,,,,,,,,,,,,,,,,,,,,,,,,,,,-99.0,-99.0,-99.0,,,,-99.0,,,,,,,,,,
2015,3,24,,,,,,,,,,,,,,,,,,,,,,,,,,,,,,,,99.0,99.0,99.0,,,,99.0,,,,,,,,,,
2015,3,25,,,39.0,10135.0,10125.0,133.0,13.0,,,0.0,,30.0,11.0,49.0,,,76.28,87.08000000000001,66.02,,,230.0,220.0,,,,,45.0,63.0,,,-9999.0,-9999.0,-9999.0,,,,-9999.0,,,,,,,,,,
2015,3,26,,,,,,,,,,,,,,,,,,,,,,,,,,,,,,,,-9.0,-9.0,-9.0,,,,-9.0,,,,,,,,,,
2015,3,27,,,89.0,146.0,135.0,144.0,24.0,,,0.0,,54.0,27.0,87.0,,,,77.0,62.959999999999994,,,180.0,180.0,,,,,58.0,72.0,,,999.0,999.0,999.0,,,,999.0,,,,,,,,,,
2015,3,28,,,,,,,,,,,,,,,,,,,,,,,,,,,,,,,,-999.0,-999.0,-999.0,,,,-999.0,,,,,,,,,,
2015,3,30,,,122.0,163.0,152.0,150.0,21.0,,,0.0,,67.0,57.0,75.0,,,,69.98,62.959999999999994,,,290.0,290.0,,,,,63.0,76.0,,,9999.0,9999.0,9999.0,,,,9999.0,,,,,,,,,,
2015,3,31,,,,,,,,,,,,,,,,,,,,,,,,,,,,,,,,-99.0,-99.0,-99.0,,,,-99.0,,,,,,,,,,
2015,4,1,,,111.0,10152.0,10142.0,144.0,30.0,,,0.0,,63.0,55.0,70.0,,,64.4,71.06,62.059999999999995,,,270.0,290.0,,,,,58.0,72.0,,,-9999.0,,,,,,-9999.0,,,,,,,,,,
2015,4,2,,,,,,,,,,,,,,,,,,,,,,,,,,,,,,,,-9.0,,,,,,-9.0,,,,,,,,,,
2015,4,3,,,106.0,159.0,146.0,139.0,27.0,,,0.0,,62.0,52.0,73.0,,,,69.08,62.059999999999995,,,240.0,280.0,,,,,58.0,67.0,,,999.0,,,,,,999.0,,,,,,,,,,
2015,4,4,,,,,,,,,,,,,,,,,,,,,,,,,,,,,,,,-999.0,,,,,,-999.0,,,,,,,,,,
2015,4,6,,,94.0,139.0,125.0,139.0,25.0,,,0.0,,54.0,29.0,81.0,,,,75.92,59.0,,,220.0,220.0,,,,,63.0,76.0,,,9999.0,,,,,,9999.0,,,,,,,,,,
2015,4,7,,,,,,,,,,,,,,,,,,,,,,,,,,,,,,,,-99.0,,,,,,-99.0,,,,,,,,,,
2015,4,8,,,,,,,,,,,,,,,,,,,,,,,,,,,,,,,,99.0,,,,,,99.0,,,,,,,,,,
2015,4,9,,,61.0,10156.0,10146.0,117.0,32.0,,,0.0,,51.0,40.0,70.0,,,62.78,66.02,59.0,,,290.0,280.0,,,,,67.0,94.0,,,-9999.0,,,,,,-9999.0,,,,,,,,,,
2015,4,10,,,,,,,,,,,,,,,,,,,,,,,,,,,,,,,,-9.0,,,,,,-9.0,,,,,,,,,,
2015,4,11,,,50.0,176.0,163.0,111.0,36.0,,,0.0,,47.0,33.0,67.0,,,,66.92,57.92,,,270.0,270.0,,,,,72.0,94.0,,,999.0,,,,,,999.0,,,,,,,,,,
2015,4,12,,,,,,,,,,,,,,,,,,,,,,,,,,,,,,,,-999.0,,,,,,-999.0,,,,,,,,,,
2015,4,14,,,78.0,152.0,142.0,122.0,16.0,,,0.0,,56.0,41.0,70.0,,,,69.08,55.94,,,210.0,220.0,,,,,63.0,81.0,,,9999.0,,,,,,9999.0,,,,,,,,,,
2015,4,15,,,,,,,,,,,,,,,,,,,,,,,,,,,,,,,,-99.0,,,,,,-99.0,,,,,,,,,,
2015,4,16,,,,,,,,,,,,,,,,,,,,,,,,,,,,,,,,99.0,,,,,,99.0,,,,,,,,,,
2015,4,17,,,94.0,10146.0,10132.0,133.0,20.0,,,0.0,,62.0,45.0,75.0,,,62.42,69.08,57.02,,,210.0,280.0,,,,,58.0,89.0,,,-9999.0,,,,,,-9999.0,,,,,,,,,,
2015,4,18,,,,,,,,,,,,,,,,,,,,,,,,,,,,,,,,-9.0,,,,,,-9.0,,,,,,,,,,
2015,4,19,,,111.0,152.0,146.0,139.0,27.0,,,0.0,,67.0,55.0,78.0,,,,69.08,57.02,,,180.0,240.0,,,,,45.0,67.0,,,999.0,,,,,,999.0,,,,,,,,,,
2015,4,20,,,,,,,,,,,,,,,,,,,,,,,,,,,,,,,,-999.0,,,,,,-999.0,,,,,,,,,,
2015,4,22,,,111.0,176.0,166.0,144.0,28.0,,,0.0,,63.0,51.0,75.0,,,,71.06,62.059999999999995,,,300.0,300.0,,,,,76.0,98.0,,,9999.0,,,,,,9999.0,,,,,,,,,,
2015,4,23,,,,,,,,,,,,,,,,,,,,,,,,,,,,,,,,-99.0,,,,,,-99.0,,,,,,,,,,
2015,4,24,,,,,,,,,,,,,,,,,,,,,,,,,,,,,,,,99.0,,,,,,99.0,,,,,,,,,,
2015,4,25,,,33.0,10156.0,10146.0,122.0,21.0,,,0.0,,37.0,10.0,80.0,,,68.18,80.06,59.0,,,300.0,290.0,,,,,67.0,81.0,,,-9999.0,,,,,,1.0,,,,,,,,,,
2015,4,26,,,,,,,,,,,,,,,,,,,,,,,,,,,,,,,,-9.0,,,,,,,,,,,,,,,,
2015,4,27,,,22.0,166.0,156.0,111.0,29.0,,,0.0,,31.0,14.0,47.0,,,,75.92,57.92,,,330.0,330.0,,,,,81.0,112.0,,,999.0,,,,,,999.0,,,,,,,,,,
2015,4,28,,,,,,,,,,,,,,,,,,,,,,,,,,,,,,,,-999.0,,,,,,-999.0,,,,,,,,,,
2015,4,30,,,122.0,139.0,129.0,144.0,27.0,,,0.0,,70.0,59.0,80.0,,,,69.98,60.08,,,290.0,290.0,,,,,63.0,81.0,,,9999.0,,,,,,9999.0,,,,,,,,,,
2015,4,31,,,,,,,,,,,,,,,,,,,,,,,,,,,,,,,,-99.0,,,,,,-99.0,,,,,,,,,,
2015,5,1,,,133.0,10115.0,10105.0,161.0,30.0,,,0.0,,63.0,38.0,84.0,,,69.98,78.98,62.959999999999994,,,310.0,300.0,,,,,72.0,107.0,,,-9999.0,,-9999.0,,,,1.0,,,,,,,,,,
2015,5,2,,,,,,,,,,,,,,,,,,,,,,,,,,,,,,,,-9.0,,-9.0,,,,,,,,,,,,,,
2015,5,3,,,133.0,122.0,112.0,156.0,30.0,,,0.0,,74.0,61.0,90.0,,,,69.98,60.980000000000004,,,230.0,220.0,,,,,58.0,76.0,,,999.0,,999.0,,,,1.0,,,,,,,,,,
2015,5,4,,,,,,,,,,,,,,,,,,,,,,,,,,,,,,,,-999.0,,-999.0,,,,,,,,,,,,,,
2015,5,5,,,,,,,,,,,,,,,,,,,,,,,,,,,,,,,,,,,,,,9.0,,,,,,,,,,
2015,5,6,,,106.0,149.0,139.0,139.0,37.0,,,0.0,,63.0,55.0,84.0,,,,68.0,60.980000000000004,,,320.0,290.0,,,,,81.0,107.0,,,9999.0,,9999.0,,,,1.0,,,,,,,,,,
2015,5,7,,,,,,,,,,,,,,,,,,,,,,,,,,,,,,,,-99.0,,-99.0,,,,,,,,,,,,,,
2015,5,8,,,,,,,,,,,,,,,,,,,,,,,,,,,,,,,,99.0,,99.0,,,,99.0,,,,,,,,,,
2015,5,9,,,94.0,10129.0,10119.0,128.0,37.0,,,0.0,,61.0,54.0,67.0,,,62.959999999999994,66.92,60.980000000000004,,,270.0,230.0,,,,,67.0,89.0,,,-9999.0,,-9999.0,,,,-9999.0,,,,,,,,,,
2015,5,10,,,,,,,,,,,,,,,,,,,,,,,,,,,,,,,,-9.0,,-9.0,,,,-9.0,,,,,,,,,,
2015,5,11,,,72.0,132.0,122.0,117.0,41.0,,,13.0,,55.0,43.0,72.0,,,,64.04,55.94,,,250.0,250.0,,,,,94.0,112.0,,,999.0,,999.0,,,,999.0,,,,,,,,,,
2015,5,12,,,,,,,,,,,,,,,,,,,,,,,,,,,,,,,,-999.0,,,,,,,,,,,,,,,,
2015,5,13,,,,,,,,,,,,,,,,,,,,,,,,,,,,,,,,9.0,,,,,,,,,,,,,,,,
2015,5,14,,,106.0,183.0,173.0,133.0,30.0,,,,,68.0,54.0,81.0,,,,66.92,57.92,,,300.0,290.0,,,,,72.0,94.0,,,1.0,,9999.0,,,,1.0,,,,,,,,,,
2015,5,15,,,,,,,,,,,,,,,,,,,,,,,,,,,,,,,,,,-99.0,,,,,,,,,,,,,,
2015,5,16,,,,,,,,,,,,,,,,,,,,,,,,,,,,,,,,99.0,,99.0,,,,99.0,,,,,,,,,,
2015,5,17,,,128.0,10125.0,10112.0,150.0,22.0,,,0.0,,72.0,59.0,84.0,,,64.22,71.96,60.08,,,290.0,280.0,,,,,63.0,81.0,,,-9999.0,,-9999.0,,,,-9999.0,,,,,,,,,,
2015,5,18,,,,,,,,,,,,,,,,,,,,,,,,,,,,,,,,-9.0,,-9.0,,,,-9.0,,,,,,,,,,
2015,5,19,,,100.0,135.0,125.0,133.0,39.0,,,0.0,,65.0,56.0,75.0,,,,66.02,59.0,,,200.0,230.0,,,,,67.0,81.0,,,999.0,,999.0,,,,999.0,,,,,,,,,,
2015,5,20,,,,,,,,,,,,,,,,,,,,,,,,,,,,,,,,-999.0,,-999.0,,,,-999.0,,,,,,,,,,
2015,5,21,,,,,,,,,,,,,,,,,,,,,,,,,,,,,,,,9.0,,,,,,9.0,,,,,,,,,,
2015,5,22,,,106.0,139.0,129.0,133.0,43.0,,,414.0,,69.0,49.0,84.0,,,,66.02,57.92,,,250.0,230.0,,,,,89.0,116.0,,,1.0,,9999.0,,,,1.0,,,,,,,,,,
2015,5,23,,,,,,,,,,,,,,,,,,,,,,,,,,,,,,,,,,-99.0,,,,,,,,,,,,,,
2015,5,24,,,,,,,,,,,,,,,,,,,,,,,,,,,,,,,,99.0,,99.0,,,,99.0,,,,,,,,,,
2015,5,25,,,106.0,10166.0,10156.0,133.0,28.0,,,0.0,,68.0,59.0,78.0,,,62.24,66.92,59.0,,,160.0,160.0,,,,,72.0,89.0,,,-9999.0,,-9999.0,,,,-9999.0,,,,,,,,,,
2015,5,26,,,,,,,,,,,,,,,,,,,,,,,,,,,,,,,,-9.0,,-9.0,,,,-9.0,,,,,,,,,,
2015,5,27,,,106.0,173.0,163.0,133.0,28.0,,,0.0,,66.0,59.0,78.0,,,,68.0,57.92,,,250.0,260.0,,,,,67.0,81.0,,,999.0,,999.0,,,,999.0,,,,,,,,,,
2015,5,28,,,,,,,,,,,,,,,,,,,,,,,,,,,,,,,,-999.0,,-999.0,,,,-999.0,,,,,,,,,,
2015,5,30,,,100.0,176.0,166.0,133.0,29.0,,,0.0,,62.0,52.0,72.0,,,,66.92,60.08,,,240.0,230.0,,,,,58.0,89.0,,,9999.0,,9999.0,,,,9999.0,,,,,,,,,,
2015,5,31,,,,,,,,,,,,,,,,,,,,,,,,,,,,,,,,-99.0,,-99.0,,,,-99.0,,,,,,,,,,
2015,6,1,,,122.0,10163.0,10152.0,150.0,30.0,,,0.0,,67.0,57.0,76.0,,,65.48,71.06,62.959999999999994,,,300.0,250.0,,,,,58.0,89.0,,,-9999.0,,-9999.0,,,,-9999.0,,,,,,,,,,
2015,6,2,,,,,,,,,,,,,,,,,,,,,,,,,,,,,,,,-9.0,,-9.0,,,,-9.0,,,,,,,,,,
2015,6,3,,,128.0,156.0,146.0,150.0,21.0,,,0.0,,70.0,59.0,80.0,,,,71.96,62.059999999999995,,,270.0,260.0,,,,,58.0,76.0,,,999.0,,999.0,,,,999.0,,,,,,,,,,
2015,6,4,,,,,,,,,,,,,,,,,,,,,,,,,,,,,,,,-999.0,,-999.0,,,,-999.0,,,,,,,,,,
2015,6,6,,,111.0,125.0,112.0,139.0,33.0,,,0.0,,67.0,59.0,76.0,,,,66.92,60.980000000000004,,,200.0,220.0,,,,,67.0,81.0,,,9999.0,,9999.0,,,,9999.0,,,,,,,,,,
2015,6,7,,,,,,,,,,,,,,,,,,,,,,,,,,,,,,,,-99.0,,-99.0,,,,-99.0,,,,,,,,,,
2015,6,8,,,,,,,,,,,,,,,,,,,,,,,,,,,,,,,,99.0,,99.0,,,,99.0,,,,,,,,,,
2015,6,9,,,111.0,10132.0,10119.0,144.0,30.0,,,0.0,,62.0,51.0,76.0,,,65.12,71.06,62.059999999999995,,,280.0,290.0,,,,,67.0,89.0,,,-9999.0,,-9999.0,,,,-9999.0,,,,,,,,,,
2015,6,10,,,,,,,,,,,,,,,,,,,,,,,,,,,,,,,,-9.0,,-9.0,,,,-9.0,,,,,,,,,,
2015,6,11,,,133.0,119.0,105.0,161.0,30.0,,,0.0,,70.0,61.0,78.0,,,,71.96,62.959999999999994,,,290.0,290.0,,,,,76.0,103.0,,,999.0,,999.0,,,,999.0,,,,,,,,,,
2015,6,12,,,,,,,,,,,,,,,,,,,,,,,,,,,,,,,,,,-999.0,,,,-999.0,,,,,,,,,,
2015,6,14,,,161.0,108.0,98.0,178.0,35.0,,,0.0,,74.0,52.0,84.0,,,,82.04,66.02,,,230.0,300.0,,,,,63.0,81.0,,,9999.0,,9999.0,,,,9999.0,,,,,,,,,,
2015,6,15,,,,,,,,,,,,,,,,,,,,,,,,,,,,,,,,,,-99.0,,,,-99.0,,,,,,,,,,
2015,6,16,,,,,,,,,,,,,,,,,,,,,,,99.0,,,,,,99.0,,,,,99.0,,,,99.0,,,,,,,,,,
2015,6,17,,,150.0,10122.0,10108.0,167.0,21.0,,,0.0,,76.0,68.0,87.0,,,65.84,69.98,64.04,,,210.0,260.0,,,,,54.0,63.0,,,-9999.0,,-9999.0,,,,-9999.0,,,,,,,,,,
2015,6,18,,,,,,,,,,,,,,,,,,,,,,,,,,,,,,,,-9.0,,-9.0,,,,,,,,,,,,,,
2015,6,19,,,144.0,112.0,102.0,161.0,23.0,,,,,78.0,70.0,87.0,,,,68.0,62.959999999999994,,,210.0,250.0,,,,,45.0,67.0,,,999.0,,999.0,,,,1.0,,,,,,,,,,
2015,6,20,,,,,,,,,,,,,,,,,,,,,,,,,,,,,,,,,,-999.0,,,,,,,,,,,,,,
2015,6,21,,,,,,,,,,,,,,,,,,,,,,,,,,,,,,,,,,,,,,9.0,,,,,,,,,,
2015,6,22,,,144.0,98.0,88.0,167.0,23.0,,,0.0,,75.0,68.0,81.0,,,,69.98,64.04,,,280.0,260.0,,,,,45.0,63.0,,,9999.0,,9999.0,,,,1.0,,,,,,,,,,
2015,6,23,,,,,,,,,,,,,,,,,,,,,,,,,,,,,,,,-99.0,,-99.0,,,,,,,,,,,,,,
2015,6,24,,,,,,,,,,,,,,,,,,,,,,,,,,,,,,,,99.0,,99.0,,,,99.0,,,,,,,,,,
2015,6,25,,,144.0,10129.0,10119.0,161.0,27.0,,,0.0,,77.0,64.0,87.0,,,66.38,69.98,62.059999999999995,,,230.0,-9999.0,,,,,40.0,-9999.0,,,1.0,,-9999.0,,,,-9999.0,,,,,,,,,,
2015,6,26,,,,,,,,,,,,,,,,,,,,,,,,,,,,,,,,,,-9.0,,,,,,,,,,,,,,
2015,6,27,,,144.0,132.0,119.0,167.0,21.0,,,0.0,,73.0,59.0,81.0,,,,73.04,62.059999999999995,,,220.0,290.0,,,,,45.0,67.0,,,1.0,,999.0,,,,1.0,,,,,,,,,,
2015,6,28,,,,,,,,,,,,,,,,,,,,,,,,,,,,,,,,,,-999.0,,,,,,,,,,,,,,
2015,6,30,,,156.0,112.0,102.0,172.0,20.0,,,0.0,,73.0,57.0,93.0,,,,77.0,62.059999999999995,,,310.0,290.0,,,,,54.0,72.0,,,1.0,,9999.0,,,,1.0,,,,,,,,,,
2015,6,31,,,,,,,,,,,,,,,,,,,,,,,,,,,,,,,,,,-99.0,,,,,,,,,,,,,,
2015,7,1,,,178.0,10135.0,10125.0,194.0,21.0,,,3.0,,75.0,58.0,87.0,,,73.58,80.96,69.08,,,220.0,-9999.0,,,,,40.0,-9999.0,,,-9999.0,,-9999.0,,,,-9999.0,,,,,,,,,,
2015,7,2,,,,,,,,,,,,,,,,,,,,,,,,,,,,,,,,,,-9.0,,,,,,,,,,,,,,
2015,7,3,,,178.0,149.0,139.0,194.0,26.0,,,0.0,,74.0,64.0,84.0,,,,78.98,66.02,,,300.0,280.0,,,,,58.0,76.0,,,1.0,,999.0,,,,1.0,,,,,,,,,,
2015,7,4,,,,,,,,,,,,,,,,,,,,,,,,,,,,,,,,,,-999.0,,,,,,,,,,,,,,
2015,7,6,,,150.0,132.0,119.0,172.0,30.0,,,0.0,,72.0,62.0,76.0,,,,73.94,66.92,,,290.0,290.0,,,,,67.0,89.0,,,9999.0,,9999.0,,,,1.0,,,,,,,,,,
2015,7,7,,,,,,,,,,,,,,,,,,,,,,,,,,,,,,,,-99.0,,-99.0,,,,,,,,,,,,,,
2015,7,8,,,,,,,,,,,,,,,,,,,,,,,,,,,,,,,,99.0,,99.0,,,,99.0,,,,,,,,,,
2015,7,9,,,150.0,10169.0,10156.0,172.0,29.0,,,0.0,,73.0,68.0,81.0,,,68.18,71.06,66.02,,,270.0,260.0,,,,,63.0,72.0,,,-9999.0,,-9999.0,,,,-9999.0,,,,,,,,,,
2015,7,10,,,,,,,,,,,,,,,,,,,,,,,,,,,,,,,,-9.0,,-9.0,,,,,,,,,,,,,,
2015,7,11,,,150.0,146.0,135.0,167.0,22.0,,,,,73.0,63.0,84.0,,,,71.96,64.04,,,270.0,270.0,,,,,58.0,72.0,,,999.0,,999.0,,,,1.0,,,,,,,,,,
2015,7,12,,,,,,,,,,,,,,,,,,,,,,,,,,,,,,,,-999.0,,-999.0,,,,,,,,,,,,,,
2015,7,13,,,,,,,,,,,,,,,,,,,,,,,9.0,,,,,,9.0,,,,,,,,,,,,,,,,,,,
2015,7,14,,,139.0,132.0,122.0,167.0,30.0,,,0.0,,65.0,55.0,79.0,,,,73.04,66.92,,,280.0,270.0,,,,,76.0,107.0,,,9999.0,,9999.0,,,,9999.0,,,,,,,,,,
2015,7,15,,,,,,,,,,,,,,,,,,,,,,,,,,,,,,,,-99.0,,-99.0,,,,,,,,,,,,,,
2015,7,16,,,,,,,,,,,,,,,,,,,,,,,,,,,,,,,,99.0,,99.0,,,,,,,,,,,,,,
2015,7,17,,,144.0,10152.0,10146.0,172.0,21.0,,,0.0,,66.0,56.0,73.0,,,69.62,75.02,64.94,,,260.0,270.0,,,,,67.0,81.0,,,-9999.0,,-9999.0,,,,-9999.0,,,,,,,,,,
2015,7,18,,,,,,,,,,,,,,,,,,,,,,,,,,,,,,,,,,-9.0,,,,,,,,,,,,,,
2015,7,19,,,156.0,159.0,146.0,178.0,23.0,,,0.0,,71.0,60.0,81.0,,,,75.92,66.02,,,270.0,270.0,,,,,63.0,76.0,,,1.0,,999.0,,,,1.0,,,,,,,,,,
2015,7,20,,,,,,,,,,,,,,,,,,,,,,,,,,,,,,,,,,-999.0,,,,,,,,,,,,,,
2015,7,22,,,144.0,125.0,115.0,172.0,29.0,,,0.0,,70.0,63.0,76.0,,,,73.04,66.02,,,230.0,200.0,,,,,58.0,89.0,,,9999.0,,9999.0,,,,9999.0,,,,,,,,,,
2015,7,23,,,,,,,,,,,,,,,,,,,,,,,,,,,,,,,,-99.0,,-99.0,,,,-99.0,,,,,,,,,,
2015,7,24,,,,,,,,,,,,,,,,,,,,,,,,,,,,,,,,99.0,,99.0,,,,99.0,,,,,,,,,,
2015,7,25,,,144.0,10135.0,10129.0,172.0,24.0,,,0.0,,66.0,54.0,76.0,,,69.44,75.92,66.02,,,280.0,310.0,,,,,63.0,89.0,,,-9999.0,,-9999.0,,,,-9999.0,,,,,,,,,,
2015,7,26,,,,,,,,,,,,,,,,,,,,,,,,,,,,,,,,-9.0,,-9.0,,,,,,,,,,,,,,
2015,7,27,,,161.0,115.0,105.0,183.0,28.0,,,0.0,,69.0,60.0,79.0,,,,77.0,66.92,,,290.0,310.0,,,,,63.0,81.0,,,999.0,,999.0,,,,1.0,,,,,,,,,,
2015,7,30,,,200.0,159.0,149.0,217.0,14.0,,,168.0,,74.0,39.0,88.0,,,,87.98,73.04,,,130.0,120.0,,,,,72.0,98.0,,,1.0,,9999.0,,,,9999.0,,,,,,,,,,
2015,7,31,,,,,,,,,,,,,,,,,,,,,,,,,,,,,,,,,,-99.0,,,,-99.0,,,,,,,,,,
2015,8,1,,,167.0,10146.0,10135.0,189.0,24.0,,,0.0,,72.0,62.0,79.0,,,71.96,77.0,69.98,,,280.0,270.0,,,,,63.0,81.0,,,-9999.0,,,,,,-9999.0,,,,,,,,,,
2015,8,2,,,,,,,,,,,,,,,,,,,,,,,,,,,,,,,,-9.0,,,,,,-9.0,,,,,,,,,,
2015,8,3,,,172.0,125.0,112.0,189.0,22.0,,,0.0,,75.0,62.0,81.0,,,,78.08,69.08,,,290.0,290.0,,,,,58.0,89.0,,,999.0,,,,,,999.0,,,,,,,,,,
2015,8,4,,,,,,,,,,,,,,,,,,,,,,,,,,,,,,,,-999.0,,,,,,-999.0,,,,,,,,,,
2015,8,6,,,178.0,129.0,119.0,200.0,28.0,,,0.0,,70.0,56.0,82.0,,,,82.04,69.08,,,280.0,300.0,,,,,76.0,94.0,,,9999.0,,,,,,9999.0,,,,,,,,,,
2015,8,7,,,,,,,,,,,,,,,,,,,,,,,,,,,,,,,,-99.0,,,,,,-99.0,,,,,,,,,,
2015,8,8,,,,,,,,,,,,,,,,,,,,,,,,,,,,,,,,99.0,,,,,,99.0,,,,,,,,,,
2015,8,9,,,178.0,10122.0,10108.0,194.0,24.0,,,0.0,,75.0,62.0,87.0,,,73.4,80.06,69.08,,,290.0,-9999.0,,,,,45.0,-9999.0,,,-9999.0,,,,,,-9999.0,,,,,,,,,,
2015,8,10,,,,,,,,,,,,,,,,,,,,,,,,,,,,,,,,-9.0,,,,,,-9.0,,,,,,,,,,
2015,8,11,,,156.0,132.0,122.0,178.0,27.0,,,0.0,,67.0,58.0,78.0,,,,78.08,69.08,,,270.0,290.0,,,,,63.0,81.0,,,999.0,,,,,,999.0,,,,,,,,,,
2015,8,12,,,,,,,,,,,,,,,,,,,,,,,,,,,,,,,,-999.0,,,,,,-999.0,,,,,,,,,,
2015,8,14,,,144.0,149.0,139.0,172.0,21.0,,,0.0,,66.0,56.0,73.0,,,,75.02,66.92,,,270.0,270.0,,,,,49.0,81.0,,,9999.0,,,,,,9999.0,,,,,,,,,,
2015,8,15,,,,,,,,,,,,,,,,,,,,,,,,,,,,,,,,-99.0,,,,,,-99.0,,,,,,,,,,
2015,8,16,,,,,,,,,,,,,,,,,,,,,,,,,,,,,,,,99.0,,,,,,99.0,,,,,,,,,,
2015,8,17,,,150.0,10135.0,10125.0,172.0,23.0,,,0.0,,72.0,54.0,90.0,,,70.34,77.0,62.059999999999995,,,270.0,270.0,,,,,67.0,89.0,,,-9999.0,,,,,,-9999.0,,,,,,,,,,
2015,8,18,,,,,,,,,,,,,,,,,,,,,,,,,,,,,,,,-9.0,,,,,,-9.0,,,,,,,,,,
2015,8,19,,,178.0,149.0,135.0,189.0,30.0,,,0.0,,77.0,62.0,96.0,,,,78.98,60.08,,,290.0,290.0,,,,,63.0,76.0,,,999.0,,,,,,999.0,,,,,,,,,,
2015,8,20,,,,,,,,,,,,,,,,,,,,,,,,,,,,,,,,-999.0,,,,,,-999.0,,,,,,,,,,
2015,8,21,,,,,,,,,,,,,,,,,,,,,,,9.0,,,,,,9.0,,,,,,,,,,,,,,,,,,,
2015,8,22,,,183.0,129.0,119.0,206.0,22.0,,,0.0,,67.0,45.0,84.0,,,,86.0,71.06,,,300.0,300.0,,,,,67.0,94.0,,,9999.0,,,,,,9999.0,,,,,,,,,,
2015,8,23,,,,,,,,,,,,,,,,,,,,,,,,,,,,,,,,-99.0,,,,,,-99.0,,,,,,,,,,
2015,8,24,,,,,,,,,,,,,,,,,,,,,,,,,,,,,,,,99.0,,,,,,99.0,,,,,,,,,,
2015,8,25,,,194.0,10112.0,10102.0,211.0,24.0,,,0.0,,72.0,51.0,87.0,,,77.36,86.0,71.06,,,320.0,320.0,,,,,54.0,67.0,,,-9999.0,,,,,,-9999.0,,,,,,,,,,
2015,8,27,,,194.0,132.0,119.0,206.0,32.0,,,0.0,,77.0,67.0,87.0,,,,78.98,71.06,,,190.0,190.0,,,,,76.0,98.0,,,1.0,,,,,,1.0,,,,,,,,,,
2015,8,30,,,161.0,132.0,119.0,183.0,25.0,,,0.0,,66.0,56.0,76.0,,,,78.98,69.98,,,280.0,280.0,,,,,54.0,76.0,,,9999.0,,,,,,9999.0,,,,,,,,,,
2015,8,31,,,,,,,,,,,,,,,,,,,,,,,,,,,,,,,,-99.0,,,,,,-99.0,,,,,,,,,,
2015,9,1,,,156.0,10139.0,10129.0,183.0,29.0,,,0.0,,67.0,60.0,73.0,,,71.96,77.0,69.98,,,220.0,250.0,,,,,58.0,72.0,,,-9999.0,,,,,,-9999.0,,,,,,,,,,
2015,9,2,,,,,,,,,,,,,,,,,,,,,,,,,,,,,,,,-9.0,,,,,,-9.0,,,,,,,,,,
2015,9,3,,,144.0,146.0,135.0,172.0,23.0,,,0.0,,63.0,55.0,73.0,,,,75.92,69.08,,,250.0,270.0,,,,,58.0,76.0,,,999.0,,,,,,999.0,,,,,,,,,,
2015,9,4,,,,,,,,,,,,,,,,,,,,,,,,,,,,,,,,-999.0,,,,,,-999.0,,,,,,,,,,
2015,9,6,,,139.0,119.0,108.0,172.0,21.0,,,0.0,,61.0,47.0,68.0,,,,77.0,69.08,,,270.0,280.0,,,,,63.0,81.0,,,9999.0,,,,,,9999.0,,,,,,,,,,
2015,9,7,,,,,,,,,,,,,,,,,,,,,,,,,,,,,,,,-99.0,,,,,,-99.0,,,,,,,,,,
2015,9,8,,,,,,,,,,,,,,,,,,,,,,,,,,,,,,,,99.0,,,,,,99.0,,,,,,,,,,
2015,9,9,,,172.0,10125.0,10112.0,194.0,25.0,,,0.0,,67.0,53.0,79.0,,,73.04,82.04,66.92,,,300.0,320.0,,,,,58.0,76.0,,,-9999.0,,,,,,-9999.0,,,,,,,,,,
2015,9,10,,,,,,,,,,,,,,,,,,,,,,,,,,,,,,,,-9.0,,,,,,-9.0,,,,,,,,,,
2015,9,11,,,178.0,115.0,102.0,206.0,25.0,,,0.0,,64.0,42.0,79.0,,,,86.0,71.96,,,300.0,300.0,,,,,63.0,81.0,,,999.0,,,,,,999.0,,,,,,,,,,
2015,9,12,,,,,,,,,,,,,,,,,,,,,,,,,,,,,,,,-999.0,,,,,,-999.0,,,,,,,,,,
2015,9,14,,,172.0,95.0,85.0,217.0,21.0,,,0.0,,50.0,29.0,79.0,,,,95.0,77.0,,,200.0,200.0,,,,,76.0,103.0,,,9999.0,,,,,,9999.0,,,,,,,,,,
2015,9,15,,,,,,,,,,,,,,,,,,,,,,,,,,,,,,,,-99.0,,,,,,-99.0,,,,,,,,,,
2015,9,16,,,,,,,,,,,,,,,,,,,,,,,,,,,,,,,,99.0,,,,,,99.0,,,,,,,,,,
2015,9,17,,,194.0,10125.0,10112.0,222.0,19.0,,,0.0,,63.0,43.0,79.0,,,82.04,87.08000000000001,78.08,,,210.0,210.0,,,,,45.0,58.0,,,-9999.0,,,,,,-9999.0,,,,,,,,,,
2015,9,18,,,,,,,,,,,,,,,,,,,,,,,,,,,,,,,,-9.0,,,,,,-9.0,,,,,,,,,,
2015,9,19,,,189.0,129.0,119.0,222.0,18.0,,,0.0,,62.0,35.0,85.0,,,,89.06,75.92,,,300.0,300.0,,,,,58.0,72.0,,,999.0,,,,,,999.0,,,,,,,,,,
2015,9,20,,,,,,,,,,,,,,,,,,,,,,,,,,,,,,,,-999.0,,,,,,-999.0,,,,,,,,,,
2015,9,22,,,189.0,105.0,95.0,211.0,29.0,,,0.0,,69.0,51.0,79.0,,,,82.94,73.94,,,220.0,210.0,,,,,63.0,76.0,,,9999.0,,,,,,9999.0,,,,,,,,,,
2015,9,25,,,161.0,10152.0,10142.0,183.0,23.0,,,8.0,,68.0,56.0,90.0,,,72.14,78.08,68.0,,,260.0,210.0,,,,,54.0,76.0,,,1.0,,,,,,-9999.0,,,,,,,,,,
2015,9,26,,,,,,,,,,,,,,,,,,,,,,,,,,,,,,,,,,,,,,-9.0,,,,,,,,,,
2015,9,27,,,161.0,135.0,125.0,189.0,23.0,,,0.0,,67.0,56.0,73.0,,,,78.08,69.08,,,290.0,280.0,,,,,63.0,81.0,,,999.0,,,,,,999.0,,,,,,,,,,
2015,9,28,,,,,,,,,,,,,,,,,,,,,,,,,,,,,,,,-999.0,,,,,,-999.0,,,,,,,,,,
2015,9,30,,,189.0,91.0,81.0,206.0,18.0,,,0.0,,71.0,62.0,79.0,,,,80.96,69.98,,,220.0,200.0,,,,,45.0,63.0,,,9999.0,,,,,,9999.0,,,,,,,,,,
2015,9,31,,,,,,,,,,,,,,,,,,,,,,,,,,,,,,,,-99.0,,,,,,-99.0,,,,,,,,,,
2015,10,1,,,189.0,10132.0,10119.0,206.0,21.0,,,0.0,,74.0,62.0,84.0,,,74.84,80.06,69.98,,,260.0,270.0,,,,,63.0,76.0,,,-9999.0,,,,,,-9999.0,,,,,,,,,,
2015,10,2,,,,,,,,,,,,,,,,,,,,,,,,,,,,,,,,-9.0,,,,,,-9.0,,,,,,,,,,
2015,10,3,,,178.0,115.0,102.0,194.0,21.0,,,0.0,,71.0,58.0,84.0,,,,78.98,69.08,,,280.0,280.0,,,,,54.0,81.0,,,999.0,,,,,,999.0,,,,,,,,,,
2015,10,4,,,,,,,,,,,,,,,,,,,,,,,,,,,,,,,,-999.0,,,,,,-999.0,,,,,,,,,,
2015,10,6,,,156.0,54.0,44.0,178.0,34.0,,,36.0,,71.0,59.0,82.0,,,,73.04,66.92,,,180.0,200.0,,,,,76.0,98.0,,,9999.0,,,,,,9999.0,,,,,,,,,,
2015,10,9,,,150.0,10176.0,10163.0,172.0,22.0,,,0.0,,67.0,52.0,78.0,,,69.25999999999999,75.92,64.04,,,300.0,290.0,,,,,67.0,89.0,,,-9999.0,,,,,,-9999.0,,,,,,,,,,
2015,10,10,,,,,,,,,,,,,,,,,,,,,,,,,,,,,,,,-9.0,,,,,,-9.0,,,,,,,,,,
2015,10,11,,,172.0,176.0,166.0,189.0,19.0,,,0.0,,72.0,58.0,84.0,,,,78.08,66.92,,,300.0,300.0,,,,,58.0,81.0,,,999.0,,,,,,999.0,,,,,,,,,,
2015,10,12,,,,,,,,,,,,,,,,,,,,,,,,,,,,,,,,,,,,,,-999.0,,,,,,,,,,
2015,10,14,,,150.0,125.0,112.0,200.0,14.0,,,0.0,,47.0,24.0,84.0,,,,98.96000000000001,69.08,,,300.0,300.0,,,,,58.0,76.0,,,9999.0,,,,,,9999.0,,,,,,,,,,
2015,10,15,,,,,,,,,,,,,,,,,,,,,,,,,,,,,,,,-99.0,,,,,,-99.0,,,,,,,,,,
2015,10,16,,,,,,,,,,,,,,,,,,,,,,,,,,,,,,,,99.0,,,,,,99.0,,,,,,,,,,
2015,10,17,,,161.0,10129.0,10119.0,206.0,12.0,,,0.0,,51.0,24.0,79.0,,,81.32,93.91999999999999,73.04,,,180.0,200.0,,,,,54.0,63.0,,,-9999.0,,,,,,-9999.0,,,,,,,,,,
2015,10,18,,,,,,,,,,,,,,,,,,,,,,,,,,,,,,,,-9.0,,,,,,-9.0,,,,,,,,,,
2015,10,19,,,156.0,132.0,119.0,200.0,16.0,,,0.0,,50.0,31.0,69.0,,,,93.91999999999999,75.02,,,270.0,270.0,,,,,67.0,81.0,,,999.0,,,,,,999.0,,,,,,,,,,
2015,10,20,,,,,,,,,,,,,,,,,,,,,,,,,,,,,,,,-999.0,,,,,,-999.0,,,,,,,,,,
2015,10,22,,,211.0,146.0,135.0,222.0,25.0,,,0.0,,79.0,65.0,91.0,,,,82.04,73.94,,,310.0,300.0,,,,,72.0,94.0,,,9999.0,,,,,,9999.0,,,,,,,,,,
2015,10,23,,,,,,,,,,,,,,,,,,,,,,,,,,,,,,,,-99.0,,,,,,-99.0,,,,,,,,,,
2015,10,24,,,,,,,,,,,,,,,,,,,,,,,,,,,,,,,,99.0,,,,,,99.0,,,,,,,,,,
2015,10,25,,,189.0,10129.0,10119.0,200.0,29.0,,,0.0,,82.0,76.0,90.0,,,72.68,73.94,69.98,,,290.0,290.0,,,,,54.0,63.0,,,1.0,,,,,,-9999.0,,,,,,,,,,
2015,10,26,,,,,,,,,,,,,,,,,,,,,,,,,,,,,,,,,,,,,,-9.0,,,,,,,,,,
2015,10,27,,,194.0,125.0,115.0,206.0,34.0,,,,,81.0,71.0,90.0,,,,77.0,69.98,,,330.0,320.0,,,,,67.0,98.0,,,1.0,,,,,,999.0,,,,,,,,,,
2015,10,28,,,,,,,,,,,,,,,,,,,,,,,,,,,,,,,,,,,,,,-999.0,,,,,,,,,,
2015,10,30,,,139.0,139.0,129.0,167.0,30.0,,,0.0,,63.0,53.0,71.0,,,,73.04,66.92,,,200.0,180.0,,,,,58.0,67.0,,,9999.0,,,,,,9999.0,,,,,,,,,,
2015,10,31,,,,,,,,,,,,,,,,,,,,,,,,,,,,,,,,-99.0,,,,,,-99.0,,,,,,,,,,
2015,11,1,,,100.0,10159.0,10149.0,156.0,10.0,,-9999.0,0.0,,50.0,21.0,93.0,,,72.14,84.02,60.980000000000004,,,290.0,300.0,,,,,40.0,54.0,,,1.0,-9999.0,-9999.0,,,,-9999.0,,,,,,,,,,
2015,11,2,,,,,,,,,-9.0,,,,,,,,,,,,,,,,,,,,,,,,-9.0,-9.0,,,,,,,,,,,,,,
2015,11,3,,,144.0,115.0,102.0,167.0,29.0,,999.0,,,70.0,59.0,87.0,,,,73.04,62.959999999999994,,,290.0,290.0,,,,,89.0,116.0,,,1.0,999.0,999.0,,,,1.0,,,,,,,,,,
2015,11,4,,,,,,,,,-999.0,,,,,,,,,,,,,,,,,,,,,,,,-999.0,,,,,,,,,,,,,,,
2015,11,6,,,83.0,156.0,146.0,128.0,41.0,,9999.0,8.0,,58.0,41.0,84.0,,,,69.98,55.94,,,260.0,260.0,,,,,98.0,116.0,,,9999.0,9999.0,9999.0,,,,9999.0,,,,,,,,,,
2015,11,7,,,,,,,,,-99.0,,,,,,,,,,,,,,,,,,,,,,,-99.0,-99.0,-99.0,,,,-99.0,,,,,,,,,,
2015,11,8,,,,,,,,,99.0,,,,,,,,,,,,,,,,,,,,,,,99.0,99.0,99.0,,,,99.0,,,,,,,,,,
2015,11,9,,,39.0,10193.0,10179.0,111.0,16.0,,-9999.0,0.0,,42.0,24.0,57.0,,,63.32,73.04,53.96,,,330.0,350.0,,,,,58.0,72.0,,,-9999.0,-9999.0,-9999.0,,,,-9999.0,,,,,,,,,,
2015,11,10,,,,,,,,,-9.0,,,,,,,,,,,,,,,,,,,,,,,-9.0,-9.0,-9.0,,,,-9.0,,,,,,,,,,
2015,11,11,,,33.0,173.0,159.0,111.0,15.0,,999.0,0.0,,38.0,15.0,55.0,,,,77.0,53.96,,,320.0,330.0,,,,,67.0,94.0,,,999.0,999.0,999.0,,,,999.0,,,,,,,,,,
2015,11,12,,,,,,,,,-999.0,,,,,,,,,,,,,,,,,,,,,,,-999.0,-999.0,-999.0,,,,-999.0,,,,,,,,,,
2015,11,13,,,,,,,,,,,,,,,,,,,,,,,,,,,,,,,,9.0,,,,,,,,,,,,,,,,
2015,11,14,,,111.0,166.0,152.0,139.0,24.0,,9999.0,8.0,,65.0,55.0,90.0,,,,69.08,59.0,,,270.0,270.0,,,,,81.0,98.0,,,1.0,9999.0,9999.0,,,,9999.0,,,,,,,,,,
2015,11,15,,,,,,,,,-99.0,,,,,,,,,,,,,,,,,,,,,,,,-99.0,-99.0,,,,-99.0,,,,,,,,,,
2015,11,16,,,,,,,,,99.0,,,,,,,,,,,,,,,,,,,,,,,99.0,99.0,99.0,,,,99.0,,,,,,,,,,
2015,11,17,,,50.0,10227.0,10213.0,111.0,22.0,,-9999.0,0.0,,47.0,22.0,64.0,,,61.88,75.02,51.98,,,300.0,290.0,,,,,81.0,107.0,,,-9999.0,-9999.0,-9999.0,,,,-9999.0,,,,,,,,,,
2015,11,18,,,,,,,,,-9.0,,,,,,,,,,,,,,,,,,,,,,,-9.0,-9.0,-9.0,,,,-9.0,,,,,,,,,,
2015,11,19,,,11.0,169.0,159.0,94.0,15.0,,999.0,0.0,,37.0,15.0,53.0,,,,71.96,51.08,,,340.0,340.0,,,,,58.0,72.0,,,999.0,999.0,999.0,,,,999.0,,,,,,,,,,
2015,11,20,,,,,,,,,-999.0,,,,,,,,,,,,,,,,,,,,,,,-999.0,-999.0,-999.0,,,,-999.0,,,,,,,,,,
2015,11,21,,,,,,,,,,,,,,,,,,,,,,,,,,,,,,,,,,,,,,9.0,,,,,,,,,,
2015,11,22,,,33.0,139.0,129.0,106.0,7.0,,9999.0,0.0,,43.0,16.0,68.0,,,,75.92,51.08,,,210.0,220.0,,,,,45.0,58.0,,,9999.0,9999.0,9999.0,,,,1.0,,,,,,,,,,
2015,11,23,,,,,,,,,-99.0,,,,,,,,,,,,,,,,,,,,,,,,-99.0,-99.0,,,,,,,,,,,,,,
2015,11,24,,,,,,,,,99.0,,,,,,,,,,,,,,,,,,,,,,,,99.0,99.0,,,,,,,,,,,,,,
2015,11,25,,,17.0,10166.0,10156.0,89.0,60.0,,-9999.0,0.0,,39.0,30.0,53.0,,,61.16,62.959999999999994,53.96,,,290.0,320.0,,,,,125.0,170.0,,,-9999.0,-9999.0,-9999.0,,,,-9999.0,,,,,,,,,,
2015,11,26,,,,,,,,,-9.0,,,,,,,,,,,,,,,,,,,,,,,-9.0,-9.0,-9.0,,,,-9.0,,,,,,,,,,
2015,11,27,,,0.0,207.0,196.0,83.0,13.0,,999.0,0.0,,37.0,20.0,51.0,,,,69.08,48.92,,,310.0,310.0,,,,,58.0,72.0,,,999.0,999.0,999.0,,,,999.0,,,,,,,,,,
2015,11,28,,,,,,,,,-999.0,,,,,,,,,,,,,,,,,,,,,,,-999.0,-999.0,-999.0,,,,-999.0,,,,,,,,,,
2015,11,30,,,33.0,146.0,135.0,111.0,14.0,,9999.0,0.0,,37.0,17.0,62.0,,,,80.06,53.06,,,340.0,340.0,,,,,63.0,72.0,,,9999.0,9999.0,9999.0,,,,9999.0,,,,,,,,,,
2015,11,31,,,,,,,,,-99.0,,,,,,,,,,,,,,,,,,,,,,,,-99.0,-99.0,,,,,,,,,,,,,,
2015,12,1,,,39.0,10196.0,10186.0,94.0,13.0,,,0.0,,50.0,25.0,60.0,,,57.56,66.92,48.02,,,310.0,310.0,,,,,58.0,89.0,,,-9999.0,-9999.0,-9999.0,,,,-9999.0,,,,,,,,,,
2015,12,2,,,,,,,,,,,,,,,,,,,,,,,,,,,,,,,,-9.0,-9.0,-9.0,,,,-9.0,,,,,,,,,,
2015,12,3,,,17.0,193.0,183.0,94.0,12.0,,,0.0,,39.0,15.0,61.0,,,,77.0,48.92,,,300.0,310.0,,,,,45.0,63.0,,,999.0,999.0,999.0,,,,999.0,,,,,,,,,,
2015,12,4,,,,,,,,,,,,,,,,,,,,,,,,,,,,,,,,-999.0,-999.0,-999.0,,,,-999.0,,,,,,,,,,
2015,12,6,,,89.0,196.0,186.0,122.0,8.0,,,0.0,,66.0,50.0,83.0,,,,68.0,51.98,,,260.0,260.0,,,,,45.0,63.0,,,9999.0,9999.0,9999.0,,,,9999.0,,,,,,,,,,
2015,12,7,,,,,,,,,,,,,,,,,,,,,,,,,,,,,,,,-99.0,-99.0,-99.0,,,,-99.0,,,,,,,,,,
2015,12,8,,,,,,,,,,,,,,,,,,,,,,,,,,,,,,,,99.0,99.0,99.0,,,,99.0,,,,,,,,,,
2015,12,9,,,28.0,10224.0,10213.0,106.0,15.0,,,0.0,,40.0,16.0,72.0,,,62.6,75.92,51.98,,,340.0,340.0,,,,,67.0,81.0,,,-9999.0,-9999.0,-9999.0,,,,-9999.0,,,,,,,,,,
2015,12,10,,,,,,,,,,,,,,,,,,,,,,,,,,,,,,,,-9.0,-9.0,-9.0,,,,-9.0,,,,,,,,,,
2015,12,11,,,61.0,193.0,183.0,117.0,11.0,,,0.0,,52.0,22.0,75.0,,,,77.0,51.98,,,290.0,290.0,,,,,45.0,58.0,,,999.0,999.0,999.0,,,,999.0,,,,,,,,,,
2015,12,12,,,,,,,,,,,,,,,,,,,,,,,,,,,,,,,,,-999.0,-999.0,,,,,,,,,,,,,,
2015,12,14,,,106.0,166.0,156.0,139.0,7.0,,,0.0,,67.0,46.0,90.0,,,,71.96,53.96,,,190.0,330.0,,,,,36.0,40.0,,,1.0,9999.0,9999.0,,,,1.0,,,,,,,,,,
2015,12,15,,,,,,,,,,,,,,,,,,,,,,,,,,,,,,,,,,-99.0,,,,,,,,,,,,,,
2015,12,16,,,,,,,,,,,,,,,,,,,,,,,,,,,,,,,,,,99.0,,,,,,,,,,,,,,
2015,12,17,,,89.0,10115.0,10102.0,128.0,51.0,,,48.0,,61.0,50.0,93.0,,,63.14,66.92,55.04,,,270.0,280.0,,,,,112.0,139.0,,,1.0,-9999.0,1.0,,,,1.0,,,,,,,,,,
2015,12,18,,,,,,,,,,,,,,,,,,,,,,,,,,,,,,,,,-9.0,,,,,,,,,,,,,,,
2015,12,19,,,28.0,159.0,152.0,89.0,12.0,,,0.0,,49.0,34.0,69.0,,,,64.94,48.02,,,280.0,280.0,,,,,45.0,63.0,,,999.0,999.0,999.0,,,,999.0,,,,,,,,,,
2015,12,20,,,,,,,,,,,,,,,,,,,,,,,,,,,,,,,,,-999.0,-999.0,,,,-999.0,,,,,,,,,,
2015,12,22,,,17.0,149.0,135.0,83.0,44.0,,,0.0,,43.0,35.0,56.0,,,,60.980000000000004,50.0,,,280.0,290.0,,,,,112.0,143.0,,,9999.0,9999.0,9999.0,,,,9999.0,,,,,,,,,,
2015,12,23,,,,,,,,,,,,,,,,,,,,,,,,,,,,,,,,-99.0,-99.0,-99.0,,,,-99.0,,,,,,,,,,
2015,12,24,,,,,,,,,,,,,,,,,,,,,,,,,,,,,,,,99.0,99.0,99.0,,,,99.0,,,,,,,,,,
2015,12,25,,,-33.0,10213.0,10207.0,56.0,17.0,,,0.0,,35.0,20.0,49.0,,,53.6,62.059999999999995,44.06,,,320.0,300.0,,,,,63.0,94.0,,,-9999.0,-9999.0,-9999.0,,,,-9999.0,,,,,,,,,,
2015,12,26,,,,,,,,,,,,,,,,,,,,,,,,,,,,,,,,-9.0,-9.0,-9.0,,,,-9.0,,,,,,,,,,
2015,12,27,,,17.0,217.0,207.0,78.0,12.0,,,0.0,,49.0,29.0,75.0,,,,64.94,44.96,,,300.0,300.0,,,,,54.0,72.0,,,999.0,999.0,999.0,,,,999.0,,,,,,,,,,
2015,12,28,,,,,,,,,,,,,,,,,,,,,,,,,,,,,,,,-999.0,-999.0,-999.0,,,,-999.0,,,,,,,,,,
2015,12,29,,,,,,,,,,,,,,,,,,,,,,,,,,,,,,,,9.0,,,,,,,,,,,,,,,,
2015,12,30,,,72.0,163.0,152.0,106.0,25.0,,,28.0,,62.0,49.0,90.0,,,,64.04,48.92,,,280.0,270.0,,,,,76.0,98.0,,,1.0,9999.0,9999.0,,,,9999.0,,,,,,,,,,
2015,12,31,,,,,,,,,,,,,,,,,,,,,,,,,,,,,,,,,-99.0,-99.0,,,,-99.0,,,,,,,,,,
2016,1,1,,,-22.0,10193.0,10183.0,61.0,5.0,,,0.0,,39.0,17.0,56.0,,,54.68,64.94,44.06,,,300.0,300.0,,,,,40.0,45.0,,,-9999.0,-9999.0,-9999.0,,,,-9999.0,,,,,,,,,,
2016,1,2,,,,,,,,,,,,,,,,,,,,,,,,,,,,,,,,-9.0,-9.0,-9.0,,,,-9.0,,,,,,,,,,
2016,1,3,,,17.0,186.0,173.0,78.0,9.0,,,0.0,,48.0,25.0,67.0,,,,64.04,44.96,,,240.0,280.0,,,,,31.0,45.0,,,999.0,999.0,999.0,,,,999.0,,,,,,,,,,
2016,1,4,,,,,,,,,,,,,,,,,,,,,,,,,,,,,,,,-999.0,-999.0,-999.0,,,,-999.0,,,,,,,,,,
2016,1,5,,,,,,,,,,,,,,,,,,,,,,,,,,,,,,,,9.0,,,,,,,,,,,,,,,,
2016,1,6,,,111.0,95.0,85.0,133.0,21.0,,,36.0,,77.0,56.0,90.0,,,,64.04,55.94,,,160.0,150.0,,,,,67.0,81.0,,,1.0,9999.0,9999.0,,,,9999.0,,,,,,,,,,
2016,1,7,,,,,,,,,,,,,,,,,,,,,,,,,,,,,,,,,-99.0,-99.0,,,,-99.0,,,,,,,,,,
2016,1,8,,,,,,,,,,,,,,,,,,,,,,,,,,,,,,,,,99.0,99.0,,,,99.0,,,,,,,,,,
2016,1,9,,,94.0,10163.0,10152.0,117.0,36.0,,,155.0,,73.0,62.0,87.0,,,58.64,62.059999999999995,53.96,,,190.0,210.0,,,,,112.0,143.0,,,1.0,-9999.0,1.0,,,,-9999.0,,,,,,,,,,
2016,1,10,,,,,,,,,,,,,,,,,,,,,,,,,,,,,,,,,-9.0,,,,,,,,,,,,,,,
2016,1,11,,,78.0,139.0,129.0,106.0,52.0,,,142.0,,67.0,53.0,80.0,,,,60.980000000000004,53.06,,,230.0,250.0,,,,,112.0,139.0,,,999.0,999.0,999.0,,,,1.0,,,,,,,,,,
2016,1,12,,,,,,,,,,,,,,,,,,,,,,,,,,,,,,,,-999.0,-999.0,-999.0,,,,,,,,,,,,,,
2016,1,14,,,67.0,230.0,217.0,100.0,13.0,,,,,66.0,56.0,77.0,,,,60.980000000000004,48.02,,,260.0,250.0,,,,,40.0,54.0,,,9999.0,9999.0,9999.0,,,,9999.0,,,,,,,,,,
2016,1,15,,,,,,,,,,,,,,,,,,,,,,,,,,,,,,,,-99.0,-99.0,-99.0,,,,,,,,,,,,,,
2016,1,16,,,,,,,,,,,,,,,,,,,,,,,,,,,,,,,,99.0,99.0,99.0,,,,,,,,,,,,,,
2016,1,17,,,67.0,10240.0,10234.0,106.0,14.0,,,0.0,,62.0,38.0,89.0,,,57.379999999999995,64.04,50.0,,,340.0,80.0,,,,,45.0,58.0,,,-9999.0,-9999.0,-9999.0,,,,-9999.0,,,,,,,,,,
2016,1,18,,,,,,,,,,,,,,,,,,,,,,,,,,,,,,,,-9.0,-9.0,-9.0,,,,-9.0,,,,,,,,,,
2016,1,19,,,11.0,224.0,213.0,78.0,13.0,,,0.0,,47.0,21.0,67.0,,,,69.08,44.96,,,330.0,330.0,,,,,89.0,125.0,,,999.0,999.0,999.0,,,,999.0,,,,,,,,,,
2016,1,20,,,,,,,,,,,,,,,,,,,,,,,,,,,,,,,,-999.0,-999.0,-999.0,,,,-999.0,,,,,,,,,,
2016,1,22,,,78.0,196.0,190.0,111.0,11.0,,,0.0,,67.0,56.0,74.0,,,,64.04,50.0,,,280.0,270.0,,,,,58.0,72.0,,,9999.0,9999.0,9999.0,,,,9999.0,,,,,,,,,,
2016,1,23,,,,,,,,,,,,,,,,,,,,,,,,,,,,,,,,,-99.0,-99.0,,,,,,,,,,,,,,
2016,1,24,,,,,,,,,,,,,,,,,,,,,,,,,,,,,,,,,99.0,99.0,,,,,,,,,,,,,,
2016,1,25,,,106.0,10217.0,10207.0,122.0,12.0,,,0.0,,78.0,63.0,93.0,,,57.379999999999995,66.02,51.98,,,310.0,310.0,,,,,63.0,76.0,,,1.0,-9999.0,-9999.0,,,,-9999.0,,,,,,,,,,
2016,1,26,,,,,,,,,,,,,,,,,,,,,,,,,,,,,,,,,-9.0,-9.0,,,,,,,,,,,,,,
2016,1,27,,,117.0,217.0,207.0,133.0,18.0,,,0.0,,78.0,53.0,89.0,,,,69.98,51.98,,,320.0,320.0,,,,,76.0,98.0,,,1.0,999.0,999.0,,,,1.0,,,,,,,,,,
2016,1,28,,,,,,,,,,,,,,,,,,,,,,,,,,,,,,,,,-999.0,-999.0,,,,,,,,,,,,,,
2016,1,30,,,122.0,227.0,220.0,133.0,18.0,,,0.0,,83.0,65.0,93.0,,,,64.04,53.06,,,290.0,290.0,,,,,67.0,89.0,,,1.0,9999.0,9999.0,,,,9999.0,,,,,,,,,,
2016,1,31,,,,,,,,,,,,,,,,,,,,,,,,,,,,,,,,,-99.0,-99.0,,,,,,,,,,,,,,
2016,2,1,,,6.0,10169.0,10159.0,78.0,66.0,,,0.0,,42.0,33.0,56.0,,,56.84,60.08,48.92,,,290.0,290.0,,,,,157.0,210.0,,,-9999.0,-9999.0,,,,,-9999.0,,,,,,,,,,
2016,2,2,,,,,,,,,,,,,,,,,,,,,,,,,,,,,,,,-9.0,-9.0,,,,,-9.0,,,,,,,,,,
2016,2,3,,,11.0,234.0,224.0,67.0,15.0,,,0.0,,50.0,34.0,63.0,,,,60.08,44.06,,,270.0,250.0,,,,,54.0,72.0,,,999.0,999.0,,,,,999.0,,,,,,,,,,
2016,2,4,,,,,,,,,,,,,,,,,,,,,,,,,,,,,,,,-999.0,-999.0,,,,,-999.0,,,,,,,,,,
2016,2,6,,,0.0,254.0,244.0,78.0,17.0,,,0.0,,39.0,17.0,55.0,,,,68.0,46.94,,,310.0,310.0,,,,,63.0,81.0,,,9999.0,9999.0,,,,,9999.0,,,,,,,,,,
2016,2,7,,,,,,,,,,,,,,,,,,,,,,,,,,,,,,,,-99.0,-99.0,,,,,-99.0,,,,,,,,,,
2016,2,8,,,,,,,,,,,,,,,,,,,,,,,,,,,,,,,,99.0,99.0,,,,,99.0,,,,,,,,,,
2016,2,9,,,-17.0,10227.0,10217.0,83.0,16.0,,,0.0,,30.0,13.0,48.0,,,61.88,75.92,50.0,,,340.0,340.0,,,,,58.0,67.0,,,-9999.0,-9999.0,,,,,-9999.0,,,,,,,,,,
2016,2,10,,,,,,,,,,,,,,,,,,,,,,,,,,,,,,,,-9.0,-9.0,,,,,-9.0,,,,,,,,,,
2016,2,11,,,-28.0,196.0,186.0,89.0,16.0,,,0.0,,26.0,7.0,42.0,,,,80.06,50.0,,,320.0,320.0,,,,,58.0,72.0,,,999.0,999.0,,,,,999.0,,,,,,,,,,
2016,2,12,,,,,,,,,,,,,,,,,,,,,,,,,,,,,,,,-999.0,-999.0,,,,,-999.0,,,,,,,,,,
2016,2,14,,,-11.0,193.0,186.0,111.0,15.0,,,0.0,,23.0,10.0,36.0,,,,82.94,57.02,,,320.0,10.0,,,,,54.0,63.0,,,9999.0,9999.0,,,,,9999.0,,,,,,,,,,
2016,2,15,,,,,,,,,,,,,,,,,,,,,,,,,,,,,,,,-99.0,-99.0,,,,,-99.0,,,,,,,,,,
2016,2,16,,,,,,,,,,,,,,,,,,,,,,,,,,,,,,,,99.0,99.0,,,,,99.0,,,,,,,,,,
2016,2,17,,,11.0,10190.0,10179.0,111.0,10.0,,,0.0,,30.0,10.0,50.0,,,68.72,84.02,55.94,,,290.0,320.0,,,,,58.0,67.0,,,-9999.0,-9999.0,,,,,-9999.0,,,,,,,,,,
2016,2,18,,,,,,,,,,,,,,,,,,,,,,,,,,,,,,,,,,,,,,-9.0,,,,,,,,,,
2016,2,19,,,50.0,190.0,179.0,122.0,11.0,,,0.0,,44.0,16.0,97.0,,,,80.06,55.04,,,280.0,320.0,,,,,54.0,63.0,,,1.0,1.0,,,,,999.0,,,,,,,,,,
2016,2,22,,,100.0,166.0,152.0,133.0,18.0,,,0.0,,67.0,40.0,93.0,,,,73.94,51.08,,,290.0,320.0,,,,,54.0,67.0,,,1.0,1.0,,,,,1.0,,,,,,,,,,
2016,2,24,,,,,,,,,,,,,,,,,,,,,,,,,,,,,,,,,99.0,,,,,,,,,,,,,,,
2016,2,25,,,61.0,10122.0,10108.0,133.0,14.0,,,0.0,,39.0,16.0,63.0,,,72.32,89.06,59.0,,,290.0,310.0,,,,,63.0,81.0,,,-9999.0,-9999.0,,,,,-9999.0,,,,,,,,,,
2016,2,26,,,,,,,,,,,,,,,,,,,,,,,,,,,,,,,,-9.0,-9.0,,,,,-9.0,,,,,,,,,,
2016,2,27,,,100.0,122.0,108.0,139.0,23.0,,,,,61.0,32.0,84.0,,,,73.04,57.92,,,200.0,200.0,,,,,63.0,72.0,,,999.0,999.0,,,,,999.0,,,,,,,,,,
2016,2,28,,,,,,,,,,,,,,,,,,,,,,,,,,,,,,,,-999.0,-999.0,,,,,-999.0,,,,,,,,,,
2016,2,30,,,100.0,190.0,179.0,128.0,18.0,,,0.0,,68.0,54.0,78.0,,,,66.92,55.04,,,300.0,300.0,,,,,72.0,89.0,,,9999.0,9999.0,,,,,9999.0,,,,,,,,,,
2016,2,31,,,,,,,,,,,,,,,,,,,,,,,,,,,,,,,,-99.0,-99.0,,,,,-99.0,,,,,,,,,,
2016,3,1,,,133.0,10186.0,10173.0,144.0,17.0,,,0.0,,80.0,59.0,98.0,,,62.42,71.96,57.92,,,310.0,310.0,,,,,45.0,58.0,,,1.0,-9999.0,-9999.0,,,,1.0,,,,,,,,,,
2016,3,2,,,,,,,,,,,,,,,,,,,,,,,,,,,,,,,,,,-9.0,,,,,,,,,,,,,,
2016,3,3,,,122.0,186.0,176.0,139.0,17.0,,,0.0,,78.0,57.0,100.0,,,,69.08,55.04,,,300.0,300.0,,,,,54.0,67.0,,,1.0,1.0,999.0,,,,1.0,,,,,,,,,,
2016,3,4,,,,,,,,,,,,,,,,,,,,,,,,,,,,,,,,,,-999.0,,,,,,,,,,,,,,
2016,3,6,,,111.0,173.0,159.0,139.0,21.0,,,0.0,,68.0,59.0,80.0,,,,66.92,59.0,,,250.0,240.0,,,,,58.0,76.0,,,9999.0,9999.0,9999.0,,,,9999.0,,,,,,,,,,
2016,3,7,,,,,,,,,,,,,,,,,,,,,,,,,,,,,,,,,-99.0,-99.0,,,,,,,,,,,,,,
2016,3,8,,,,,,,,,,,,,,,,,,,,,,,,,,,,,,,,,99.0,99.0,,,,,,,,,,,,,,
2016,3,9,,,106.0,10176.0,10169.0,133.0,46.0,,,25.0,,67.0,50.0,87.0,,,62.78,66.92,57.92,,,300.0,290.0,,,,,81.0,107.0,,,1.0,-9999.0,-9999.0,,,,1.0,,,,,,,,,,
2016,3,10,,,,,,,,,,,,,,,,,,,,,,,,,,,,,,,,,-9.0,,,,,,,,,,,,,,,
2016,3,11,,,72.0,129.0,112.0,106.0,43.0,,,114.0,,65.0,46.0,83.0,,,,62.059999999999995,51.08,,,310.0,300.0,,,,,116.0,174.0,,,999.0,999.0,1.0,,,,1.0,,,,,,,,,,
2016,3,12,,,,,,,,,,,,,,,,,,,,,,,,,,,,,,,,-999.0,-999.0,,,,,,,,,,,,,,,
2016,3,14,,,94.0,169.0,156.0,128.0,16.0,,,0.0,,64.0,44.0,78.0,,,,71.06,53.06,,,300.0,300.0,,,,,67.0,89.0,,,9999.0,9999.0,9999.0,,,,9999.0,,,,,,,,,,
2016,3,15,,,,,,,,,,,,,,,,,,,,,,,,,,,,,,,,-99.0,-99.0,-99.0,,,,-99.0,,,,,,,,,,
2016,3,16,,,,,,,,,,,,,,,,,,,,,,,,,,,,,,,,99.0,99.0,99.0,,,,99.0,,,,,,,,,,
2016,3,17,,,111.0,10173.0,10163.0,133.0,33.0,,,38.0,,73.0,54.0,86.0,,,63.14,66.92,55.94,,,300.0,300.0,,,,,103.0,134.0,,,1.0,-9999.0,-9999.0,,,,1.0,,,,,,,,,,
2016,3,18,,,,,,,,,,,,,,,,,,,,,,,,,,,,,,,,,-9.0,-9.0,,,,,,,,,,,,,,
2016,3,19,,,67.0,220.0,210.0,111.0,35.0,,,0.0,,55.0,47.0,62.0,,,,64.04,57.02,,,300.0,290.0,,,,,76.0,112.0,,,999.0,999.0,999.0,,,,999.0,,,,,,,,,,
2016,3,20,,,,,,,,,,,,,,,,,,,,,,,,,,,,,,,,-999.0,-999.0,-999.0,,,,-999.0,,,,,,,,,,
2016,3,21,,,,,,,,,,,,,,,,,,,,,,,,,,,,,,,,,,,,,,9.0,,,,,,,,,,
2016,3,22,,,122.0,203.0,190.0,144.0,23.0,,,,,74.0,61.0,80.0,,,,69.08,60.08,,,290.0,280.0,,,,,67.0,81.0,,,9999.0,9999.0,9999.0,,,,1.0,,,,,,,,,,
2016,3,23,,,,,,,,,,,,,,,,,,,,,,,,,,,,,,,,-99.0,-99.0,-99.0,,,,,,,,,,,,,,
2016,3,24,,,,,,,,,,,,,,,,,,,,,,,,,,,,,,,,99.0,99.0,99.0,,,,99.0,,,,,,,,,,
2016,3,25,,,128.0,10135.0,10125.0,156.0,16.0,,,0.0,,68.0,46.0,84.0,,,64.94,73.94,57.92,,,290.0,300.0,,,,,58.0,72.0,,,1.0,-9999.0,-9999.0,,,,-9999.0,,,,,,,,,,
2016,3,26,,,,,,,,,,,,,,,,,,,,,,,,,,,,,,,,,-9.0,-9.0,,,,,,,,,,,,,,
2016,3,27,,,139.0,132.0,122.0,156.0,17.0,,,0.0,,79.0,49.0,100.0,,,,71.96,60.08,,,220.0,250.0,,,,,45.0,63.0,,,1.0,999.0,999.0,,,,1.0,,,,,,,,,,
2016,3,28,,,,,,,,,,,,,,,,,,,,,,,,,,,,,,,,,-999.0,-999.0,,,,,,,,,,,,,,
2016,3,30,,,117.0,166.0,156.0,139.0,22.0,,,0.0,,73.0,59.0,86.0,,,,68.0,59.0,,,290.0,290.0,,,,,58.0,76.0,,,9999.0,9999.0,9999.0,,,,9999.0,,,,,,,,,,
2016,3,31,,,,,,,,,,,,,,,,,,,,,,,,,,,,,,,,-99.0,-99.0,-99.0,,,,-99.0,,,,,,,,,,
2016,4,1,,,106.0,10200.0,10190.0,133.0,22.0,,,0.0,,68.0,56.0,79.0,,,61.7,66.92,57.02,,,210.0,280.0,,,,,54.0,81.0,,,-9999.0,-9999.0,,,,,-9999.0,,,,,,,,,,
2016,4,2,,,,,,,,,,,,,,,,,,,,,,,,,,,,,,,,-9.0,-9.0,,,,,-9.0,,,,,,,,,,
2016,4,3,,,128.0,203.0,190.0,150.0,20.0,,,0.0,,72.0,57.0,83.0,,,,71.06,57.02,,,300.0,290.0,,,,,63.0,81.0,,,999.0,999.0,,,,,999.0,,,,,,,,,,
2016,4,6,,,117.0,190.0,179.0,144.0,18.0,,,0.0,,69.0,51.0,93.0,,,,71.06,55.94,,,290.0,300.0,,,,,67.0,81.0,,,1.0,9999.0,,,,,1.0,,,,,,,,,,
2016,4,9,,,133.0,10186.0,10176.0,156.0,21.0,,,0.0,,73.0,43.0,93.0,,,65.12,75.92,57.92,,,200.0,210.0,,,,,63.0,76.0,,,1.0,1.0,,,,,1.0,,,,,,,,,,
2016,4,11,,,139.0,152.0,139.0,150.0,17.0,,,79.0,,79.0,73.0,87.0,,,,66.02,60.980000000000004,,,30.0,30.0,,,,,76.0,103.0,,,1.0,999.0,,,,,999.0,,,,,,,,,,
2016,4,12,,,,,,,,,,,,,,,,,,,,,,,,,,,,,,,,,-999.0,,,,,-999.0,,,,,,,,,,
2016,4,14,,,128.0,135.0,125.0,144.0,31.0,,,3.0,,73.0,61.0,83.0,,,,68.0,59.0,,,190.0,190.0,,,,,63.0,76.0,,,9999.0,9999.0,,,,,9999.0,,,,,,,,,,
2016,4,15,,,,,,,,,,,,,,,,,,,,,,,,,,,,,,,,,-99.0,,,,,-99.0,,,,,,,,,,
2016,4,16,,,,,,,,,,,,,,,,,,,,,,,,,,,,,,,,,99.0,,,,,99.0,,,,,,,,,,
2016,4,17,,,122.0,10186.0,10173.0,144.0,25.0,,,0.0,,69.0,55.0,81.0,,,64.04,71.06,59.0,,,320.0,280.0,,,,,58.0,72.0,,,-9999.0,-9999.0,,,,,-9999.0,,,,,,,,,,
2016,4,18,,,,,,,,,,,,,,,,,,,,,,,,,,,,,,,,-9.0,-9.0,,,,,-9.0,,,,,,,,,,
2016,4,19,,,122.0,213.0,203.0,144.0,20.0,,,0.0,,70.0,59.0,81.0,,,,69.98,60.08,,,300.0,280.0,,,,,63.0,81.0,,,999.0,999.0,,,,,999.0,,,,,,,,,,
2016,4,20,,,,,,,,,,,,,,,,,,,,,,,,,,,,,,,,-999.0,-999.0,,,,,-999.0,,,,,,,,,,
2016,4,22,,,106.0,152.0,139.0,139.0,30.0,,,0.0,,64.0,53.0,75.0,,,,69.98,60.08,,,280.0,300.0,,,,,76.0,94.0,,,9999.0,9999.0,,,,,9999.0,,,,,,,,,,
2016,4,23,,,,,,,,,,,,,,,,,,,,,,,,,,,,,,,,-99.0,-99.0,,,,,-99.0,,,,,,,,,,
2016,4,24,,,,,,,,,,,,,,,,,,,,,,,,,,,,,,,,99.0,99.0,,,,,99.0,,,,,,,,,,
2016,4,25,,,39.0,10152.0,10142.0,122.0,26.0,,,0.0,,37.0,15.0,62.0,,,67.1,80.96,57.02,,,310.0,320.0,,,,,81.0,103.0,,,-9999.0,-9999.0,,,,,-9999.0,,,,,,,,,,
2016,4,26,,,,,,,,,,,,,,,,,,,,,,,,,,,,,,,,-9.0,-9.0,,,,,-9.0,,,,,,,,,,
2016,4,27,,,22.0,156.0,146.0,122.0,21.0,,,0.0,,28.0,13.0,42.0,,,,86.0,59.0,,,320.0,320.0,,,,,76.0,98.0,,,999.0,999.0,,,,,999.0,,,,,,,,,,
2016,4,28,,,,,,,,,,,,,,,,,,,,,,,,,,,,,,,,-999.0,-999.0,,,,,-999.0,,,,,,,,,,
2016,4,30,,,33.0,142.0,129.0,133.0,19.0,,,0.0,,29.0,12.0,61.0,,,,84.91999999999999,62.959999999999994,,,310.0,300.0,,,,,67.0,89.0,,,9999.0,9999.0,,,,,9999.0,,,,,,,,,,
2016,4,31,,,,,,,,,,,,,,,,,,,,,,,,,,,,,,,,-99.0,-99.0,,,,,-99.0,,,,,,,,,,
2016,5,1,,,106.0,10142.0,10132.0,133.0,26.0,,,0.0,,66.0,54.0,75.0,,,63.14,68.0,59.0,,,220.0,220.0,,,,,63.0,76.0,,,-9999.0,,,,,,-9999.0,,,,,,,,,,
2016,5,2,,,,,,,,,,,,,,,,,,,,,,,,,,,,,,,,-9.0,,,,,,-9.0,,,,,,,,,,
2016,5,3,,,122.0,163.0,152.0,144.0,32.0,,,0.0,,69.0,57.0,80.0,,,,69.98,57.92,,,290.0,290.0,,,,,76.0,98.0,,,999.0,,,,,,999.0,,,,,,,,,,
2016,5,4,,,,,,,,,,,,,,,,,,,,,,,,,,,,,,,,-999.0,,,,,,-999.0,,,,,,,,,,
2016,5,6,,,111.0,146.0,135.0,139.0,24.0,,,0.0,,69.0,60.0,75.0,,,,66.92,60.980000000000004,,,210.0,250.0,,,,,63.0,81.0,,,9999.0,,,,,,9999.0,,,,,,,,,,
2016,5,7,,,,,,,,,,,,,,,,,,,,,,,,,,,,,,,,-99.0,,,,,,-99.0,,,,,,,,,,
2016,5,8,,,,,,,,,,,,,,,,,,,,,,,,,,,,,,,,99.0,,,,,,99.0,,,,,,,,,,
2016,5,9,,,117.0,10132.0,10119.0,139.0,27.0,,,86.0,,72.0,59.0,87.0,,,62.24,71.06,59.0,,,240.0,220.0,,,,,67.0,103.0,,,-9999.0,,,,,,-9999.0,,,,,,,,,,
2016,5,10,,,,,,,,,,,,,,,,,,,,,,,,,,,,,,,,-9.0,,,,,,-9.0,,,,,,,,,,
2016,5,11,,,111.0,152.0,142.0,139.0,26.0,,,0.0,,66.0,51.0,78.0,,,,69.08,59.0,,,250.0,250.0,,,,,72.0,89.0,,,999.0,,,,,,999.0,,,,,,,,,,
2016,5,12,,,,,,,,,,,,,,,,,,,,,,,,,,,,,,,,-999.0,,,,,,-999.0,,,,,,,,,,
2016,5,14,,,117.0,152.0,142.0,150.0,30.0,,,,,65.0,53.0,75.0,,,,71.06,62.059999999999995,,,280.0,290.0,,,,,72.0,107.0,,,9999.0,,,,,,9999.0,,,,,,,,,,
2016,5,15,,,,,,,,,,,,,,,,,,,,,,,,,,,,,,,,-99.0,,,,,,-99.0,,,,,,,,,,
2016,5,16,,,,,,,,,,,,,,,,,,,,,,,,,,,,,,,,99.0,,,,,,99.0,,,,,,,,,,
2016,5,17,,,133.0,10166.0,10152.0,156.0,36.0,,,0.0,,70.0,59.0,78.0,,,65.84,71.06,62.959999999999994,,,290.0,290.0,,,,,72.0,112.0,,,-9999.0,,,,,,-9999.0,,,,,,,,,,
2016,5,18,,,,,,,,,,,,,,,,,,,,,,,,,,,,,,,,-9.0,,,,,,-9.0,,,,,,,,,,
2016,5,19,,,133.0,166.0,152.0,156.0,26.0,,,0.0,,73.0,61.0,81.0,,,,69.98,62.059999999999995,,,280.0,300.0,,,,,63.0,72.0,,,999.0,,,,,,999.0,,,,,,,,,,
2016,5,20,,,,,,,,,,,,,,,,,,,,,,,,,,,,,,,,-999.0,,,,,,-999.0,,,,,,,,,,
2016,5,22,,,122.0,156.0,146.0,144.0,25.0,,,0.0,,73.0,68.0,78.0,,,,64.04,62.059999999999995,,,170.0,260.0,,,,,40.0,63.0,,,9999.0,,,,,,9999.0,,,,,,,,,,
2016,5,23,,,,,,,,,,,,,,,,,,,,,,,,,,,,,,,,-99.0,,,,,,-99.0,,,,,,,,,,
2016,5,24,,,,,,,,,,,,,,,,,,,,,,,,,,,,,,,,99.0,,,,,,99.0,,,,,,,,,,
2016,5,25,,,117.0,10135.0,10125.0,144.0,34.0,,,0.0,,69.0,59.0,78.0,,,64.04,68.0,60.980000000000004,,,230.0,240.0,,,,,63.0,81.0,,,-9999.0,,,,,,-9999.0,,,,,,,,,,
2016,5,26,,,,,,,,,,,,,,,,,,,,,,,,,,,,,,,,-9.0,,,,,,-9.0,,,,,,,,,,
2016,5,27,,,128.0,142.0,129.0,150.0,26.0,,,0.0,,74.0,70.0,81.0,,,,66.02,62.959999999999994,,,270.0,270.0,,,,,45.0,63.0,,,999.0,,,,,,999.0,,,,,,,,,,
2016,5,28,,,,,,,,,,,,,,,,,,,,,,,,,,,,,,,,-999.0,,,,,,-999.0,,,,,,,,,,
2016,5,30,,,128.0,132.0,119.0,150.0,28.0,,,,,72.0,61.0,84.0,,,,69.08,62.059999999999995,,,220.0,270.0,,,,,58.0,81.0,,,9999.0,,,,,,9999.0,,,,,,,,,,
2016,5,31,,,,,,,,,,,,,,,,,,,,,,,,,,,,,,,,-99.0,,,,,,-99.0,,,,,,,,,,
2016,6,1,,,133.0,10135.0,10125.0,156.0,20.0,,,0.0,,76.0,68.0,84.0,,,63.86,68.0,60.980000000000004,,,220.0,200.0,,,,,58.0,67.0,,,1.0,,,,,,-9999.0,,,,,,,,,,
2016,6,3,,,150.0,142.0,132.0,167.0,28.0,,,0.0,,76.0,62.0,87.0,,,,73.94,62.059999999999995,,,300.0,290.0,,,,,67.0,81.0,,,1.0,,,,,,1.0,,,,,,,,,,
2016,6,6,,,150.0,142.0,129.0,167.0,25.0,,,0.0,,77.0,64.0,87.0,,,,73.94,62.059999999999995,,,270.0,290.0,,,,,54.0,67.0,,,1.0,,,,,,1.0,,,,,,,,,,
2016,6,8,,,,,,,,,,,,,,,,,,,,,,,,,,,,,,,,,,,,,,99.0,,,,,,,,,,
2016,6,9,,,128.0,10112.0,10102.0,156.0,30.0,,,0.0,,67.0,55.0,78.0,,,66.38,71.96,64.04,,,280.0,280.0,,,,,63.0,89.0,,,-9999.0,,,,,,-9999.0,,,,,,,,,,
2016,6,10,,,,,,,,,,,,,,,,,,,,,,,,,,,,,,,,-9.0,,,,,,-9.0,,,,,,,,,,
2016,6,11,,,133.0,132.0,125.0,156.0,20.0,,,0.0,,70.0,63.0,76.0,,,,69.98,62.959999999999994,,,240.0,999.0,,,,,54.0,999.0,,,999.0,,,,,,999.0,,,,,,,,,,
2016,6,12,,,,,,,,,,,,,,,,,,,,,,,-999.0,,,,,,-999.0,,,-999.0,,,,,,-999.0,,,,,,,,,,
2016,6,13,,,,,,,,,,,,,,,,,,,,,,,9.0,,,,,,9.0,,,,,,,,,,,,,,,,,,,
2016,6,14,,,139.0,132.0,122.0,156.0,30.0,,,,,77.0,70.0,84.0,,,,69.08,62.059999999999995,,,180.0,180.0,,,,,58.0,72.0,,,9999.0,,,,,,9999.0,,,,,,,,,,
2016,6,15,,,,,,,,,,,,,,,,,,,,,,,,,,,,,,,,-99.0,,,,,,-99.0,,,,,,,,,,
2016,6,16,,,,,,,,,,,,,,,,,,,,,,,,,,,,,,,,99.0,,,,,,99.0,,,,,,,,,,
2016,6,17,,,133.0,10152.0,10142.0,161.0,43.0,,,0.0,,71.0,63.0,76.0,,,66.02,68.0,64.04,,,190.0,190.0,,,,,72.0,98.0,,,-9999.0,,,,,,-9999.0,,,,,,,,,,
2016,6,18,,,,,,,,,,,,,,,,,,,,,,,,,,,,,,,,-9.0,,,,,,-9.0,,,,,,,,,,
2016,6,19,,,117.0,186.0,179.0,144.0,30.0,,,0.0,,64.0,55.0,76.0,,,,69.08,62.959999999999994,,,240.0,240.0,,,,,58.0,81.0,,,999.0,,,,,,999.0,,,,,,,,,,
2016,6,20,,,,,,,,,,,,,,,,,,,,,,,,,,,,,,,,-999.0,,,,,,-999.0,,,,,,,,,,
2016,6,22,,,133.0,149.0,139.0,156.0,29.0,,,0.0,,71.0,63.0,78.0,,,,68.0,64.04,,,220.0,250.0,,,,,54.0,72.0,,,9999.0,,,,,,9999.0,,,,,,,,,,
2016,6,23,,,,,,,,,,,,,,,,,,,,,,,,,,,,,,,,-99.0,,,,,,-99.0,,,,,,,,,,
2016,6,24,,,,,,,,,,,,,,,,,,,,,,,,,,,,,,,,99.0,,,,,,99.0,,,,,,,,,,
2016,6,25,,,128.0,10163.0,10152.0,161.0,26.0,,,0.0,,63.0,50.0,73.0,,,66.92,75.02,62.059999999999995,,,290.0,290.0,,,,,67.0,89.0,,,-9999.0,,,,,,-9999.0,,,,,,,,,,
2016,6,26,,,,,,,,,,,,,,,,,,,,,,,,,,,,,,,,-9.0,,,,,,-9.0,,,,,,,,,,
2016,6,27,,,128.0,163.0,152.0,167.0,29.0,,,0.0,,55.0,44.0,70.0,,,,80.96,64.04,,,290.0,300.0,,,,,76.0,94.0,,,999.0,,,,,,999.0,,,,,,,,,,
2016,6,28,,,,,,,,,,,,,,,,,,,,,,,,,,,,,,,,-999.0,,,,,,-999.0,,,,,,,,,,
2016,6,30,,,144.0,119.0,108.0,189.0,30.0,,,0.0,,52.0,36.0,68.0,,,,87.98,69.08,,,290.0,300.0,,,,,63.0,76.0,,,9999.0,,,,,,9999.0,,,,,,,,,,
2016,6,31,,,,,,,,,,,,,,,,,,,,,,,,,,,,,,,,-99.0,,,,,,-99.0,,,,,,,,,,
2016,7,1,,,144.0,10139.0,10129.0,161.0,33.0,,,0.0,,80.0,68.0,90.0,,,64.94,68.0,62.959999999999994,,,240.0,240.0,,,,,54.0,72.0,,,-9999.0,,,,,,-9999.0,,,,,,,,,,
2016,7,2,,,,,,,,,,,,,,,,,,,,,,,,,,,,,,,,-9.0,,,,,,-9.0,,,,,,,,,,
2016,7,3,,,139.0,163.0,152.0,161.0,26.0,,,0.0,,73.0,65.0,93.0,,,,71.06,64.04,,,210.0,230.0,,,,,63.0,72.0,,,999.0,,,,,,999.0,,,,,,,,,,
2016,7,4,,,,,,,,,,,,,,,,,,,,,,,,,,,,,,,,-999.0,,,,,,,,,,,,,,,,
2016,7,6,,,144.0,169.0,159.0,167.0,32.0,,,0.0,,70.0,61.0,79.0,,,,73.04,64.04,,,300.0,260.0,,,,,67.0,94.0,,,9999.0,,,,,,9999.0,,,,,,,,,,
2016,7,7,,,,,,,,,,,,,,,,,,,,,,,,,,,,,,,,-99.0,,,,,,-99.0,,,,,,,,,,
2016,7,8,,,,,,,,,,,,,,,,,,,,,,,,,,,,,,,,99.0,,,,,,99.0,,,,,,,,,,
2016,7,9,,,139.0,10156.0,10146.0,167.0,26.0,,,0.0,,66.0,56.0,75.0,,,69.8,73.94,66.02,,,280.0,280.0,,,,,63.0,89.0,,,-9999.0,,,,,,-9999.0,,,,,,,,,,
2016,7,10,,,,,,,,,,,,,,,,,,,,,,,,,,,,,,,,-9.0,,,,,,-9.0,,,,,,,,,,
2016,7,11,,,144.0,149.0,139.0,167.0,25.0,,,0.0,,68.0,57.0,76.0,,,,73.94,64.94,,,280.0,260.0,,,,,58.0,81.0,,,999.0,,,,,,999.0,,,,,,,,,,
2016,7,12,,,,,,,,,,,,,,,,,,,,,,,,,,,,,,,,-999.0,,,,,,-999.0,,,,,,,,,,
2016,7,14,,,161.0,163.0,152.0,183.0,25.0,,,0.0,,71.0,58.0,81.0,,,,78.08,68.0,,,300.0,290.0,,,,,58.0,81.0,,,9999.0,,,,,,9999.0,,,,,,,,,,
2016,7,15,,,,,,,,,,,,,,,,,,,,,,,,,,,,,,,,-99.0,,,,,,-99.0,,,,,,,,,,
2016,7,16,,,,,,,,,,,,,,,,,,,,,,,,,,,,,,,,99.0,,,,,,99.0,,,,,,,,,,
2016,7,17,,,144.0,10125.0,10119.0,167.0,41.0,,,0.0,,75.0,68.0,81.0,,,68.54,69.08,64.04,,,190.0,200.0,,,,,72.0,89.0,,,-9999.0,,,,,,-9999.0,,,,,,,,,,
2016,7,18,,,,,,,,,,,,,,,,,,,,,,,,,,,,,,,,-9.0,,,,,,,,,,,,,,,,
2016,7,19,,,144.0,139.0,125.0,167.0,29.0,,,0.0,,71.0,61.0,84.0,,,,73.94,64.04,,,250.0,270.0,,,,,58.0,89.0,,,999.0,,,,,,1.0,,,,,,,,,,
2016,7,20,,,,,,,,,,,,,,,,,,,,,,,,,,,,,,,,-999.0,,,,,,,,,,,,,,,,
2016,7,22,,,167.0,156.0,146.0,183.0,28.0,,,0.0,,77.0,62.0,87.0,,,,77.0,66.02,,,300.0,290.0,,,,,67.0,85.0,,,9999.0,,,,,,1.0,,,,,,,,,,
2016,7,23,,,,,,,,,,,,,,,,,,,,,,,,,,,,,,,,-99.0,,,,,,,,,,,,,,,,
2016,7,24,,,,,,,,,,,,,,,,,,,,,,,,,,,,,,,,99.0,,,,,,99.0,,,,,,,,,,
2016,7,25,,,156.0,10135.0,10125.0,172.0,26.0,,,0.0,,74.0,64.0,84.0,,,68.72,73.94,64.94,,,250.0,260.0,,,,,63.0,81.0,,,-9999.0,,,,,,-9999.0,,,,,,,,,,
2016,7,26,,,,,,,,,,,,,,,,,,,,,,,,,,,,,,,,-9.0,,,,,,-9.0,,,,,,,,,,
2016,7,27,,,156.0,149.0,139.0,172.0,27.0,,,0.0,,76.0,66.0,84.0,,,,73.04,64.94,,,260.0,260.0,,,,,58.0,81.0,,,999.0,,,,,,999.0,,,,,,,,,,
2016,7,28,,,,,,,,,,,,,,,,,,,,,,,,,,,,,,,,-999.0,,,,,,-999.0,,,,,,,,,,
2016,7,30,,,178.0,156.0,146.0,189.0,28.0,,,0.0,,78.0,62.0,93.0,,,,78.08,66.02,,,280.0,280.0,,,,,76.0,94.0,,,9999.0,,,,,,9999.0,,,,,,,,,,
2016,7,31,,,,,,,,,,,,,,,,,,,,,,,,,,,,,,,,-99.0,,,,,,-99.0,,,,,,,,,,
2016,8,1,,,178.0,10146.0,10135.0,194.0,26.0,,,0.0,,76.0,62.0,87.0,,,71.96,80.06,69.08,,,210.0,270.0,,,,,63.0,72.0,,,-9999.0,,,,,,-9999.0,,,,,,,,,,
2016,8,2,,,,,,,,,,,,,,,,,,,,,,,,,,,,,,,,-9.0,,,,,,-9.0,,,,,,,,,,
2016,8,3,,,178.0,159.0,146.0,194.0,30.0,,,0.0,,73.0,62.0,82.0,,,,78.98,69.98,,,280.0,280.0,,,,,67.0,81.0,,,999.0,,,,,,999.0,,,,,,,,,,
2016,8,4,,,,,,,,,,,,,,,,,,,,,,,,,,,,,,,,-999.0,,,,,,-999.0,,,,,,,,,,
2016,8,6,,,161.0,125.0,112.0,189.0,29.0,,,0.0,,68.0,56.0,76.0,,,,78.08,69.08,,,260.0,250.0,,,,,63.0,85.0,,,9999.0,,,,,,9999.0,,,,,,,,,,
2016,8,7,,,,,,,,,,,,,,,,,,,,,,,,,,,,,,,,-99.0,,,,,,-99.0,,,,,,,,,,
2016,8,8,,,,,,,,,,,,,,,,,,,,,,,,,,,,,,,,99.0,,,,,,99.0,,,,,,,,,,
2016,8,9,,,167.0,10112.0,10102.0,189.0,36.0,,,0.0,,72.0,62.0,79.0,,,72.86,77.0,69.08,,,290.0,300.0,,,,,63.0,85.0,,,-9999.0,,,,,,-9999.0,,,,,,,,,,
2016,8,10,,,,,,,,,,,,,,,,,,,,,,,,,,,,,,,,-9.0,,,,,,-9.0,,,,,,,,,,
2016,8,11,,,161.0,102.0,91.0,183.0,26.0,,,0.0,,72.0,62.0,78.0,,,,75.92,68.0,,,230.0,220.0,,,,,58.0,81.0,,,999.0,,,,,,999.0,,,,,,,,,,
2016,8,12,,,,,,,,,,,,,,,,,,,,,,,,,,,,,,,,-999.0,,,,,,-999.0,,,,,,,,,,
2016,8,14,,,150.0,119.0,108.0,172.0,26.0,,,0.0,,68.0,56.0,78.0,,,,75.02,66.92,,,220.0,220.0,,,,,58.0,76.0,,,9999.0,,,,,,9999.0,,,,,,,,,,
2016,8,15,,,,,,,,,,,,,,,,,,,,,,,,,,,,,,,,-99.0,,,,,,-99.0,,,,,,,,,,
2016,8,16,,,,,,,,,,,,,,,,,,,,,,,,,,,,,,,,99.0,,,,,,99.0,,,,,,,,,,
2016,8,17,,,161.0,10159.0,10149.0,183.0,31.0,,,0.0,,67.0,60.0,73.0,,,72.5,77.0,69.98,,,280.0,290.0,,,,,63.0,85.0,,,-9999.0,,,,,,-9999.0,,,,,,,,,,
2016,8,18,,,,,,,,,,,,,,,,,,,,,,,,,,,,,,,,-9.0,,,,,,-9.0,,,,,,,,,,
2016,8,19,,,172.0,156.0,146.0,194.0,37.0,,,0.0,,69.0,58.0,76.0,,,,80.06,69.98,,,300.0,330.0,,,,,72.0,94.0,,,999.0,,,,,,999.0,,,,,,,,,,
2016,8,20,,,,,,,,,,,,,,,,,,,,,,,,,,,,,,,,-999.0,,,,,,-999.0,,,,,,,,,,
2016,8,22,,,189.0,115.0,108.0,206.0,31.0,,,0.0,,74.0,58.0,87.0,,,,82.04,69.98,,,280.0,310.0,,,,,67.0,81.0,,,9999.0,,,,,,9999.0,,,,,,,,,,
2016,8,23,,,,,,,,,,,,,,,,,,,,,,,,,,,,,,,,-99.0,,,,,,-99.0,,,,,,,,,,
2016,8,24,,,,,,,,,,,,,,,,,,,,,,,,,,,,,,,,99.0,,,,,,99.0,,,,,,,,,,
2016,8,25,,,183.0,10112.0,10102.0,200.0,37.0,,,0.0,,74.0,58.0,90.0,,,74.66,80.96,68.0,,,290.0,310.0,,,,,72.0,89.0,,,1.0,,,,,,-9999.0,,,,,,,,,,
2016,8,27,,,178.0,108.0,98.0,194.0,35.0,,,0.0,,76.0,58.0,91.0,,,,80.06,66.92,,,310.0,290.0,,,,,72.0,94.0,,,1.0,,,,,,1.0,,,,,,,,,,
2016,8,30,,,167.0,132.0,119.0,189.0,33.0,,,0.0,,73.0,60.0,84.0,,,,78.98,66.92,,,290.0,300.0,,,,,72.0,89.0,,,9999.0,,,,,,9999.0,,,,,,,,,,
2016,8,31,,,,,,,,,,,,,,,,,,,,,,,,,,,,,,,,-99.0,,,,,,,,,,,,,,,,
2016,9,1,,,167.0,10129.0,10119.0,178.0,26.0,,,0.0,,83.0,71.0,93.0,,,69.62,71.96,64.04,,,220.0,230.0,,,,,54.0,63.0,,,1.0,-9999.0,-9999.0,,,,-9999.0,,,,,,,,,,
2016,9,2,,,,,,,,,,,,,,,,,,,,,,,,,,,,,,,,,-9.0,-9.0,,,,-9.0,,,,,,,,,,
2016,9,3,,,150.0,129.0,119.0,167.0,27.0,,,0.0,,76.0,64.0,90.0,,,,73.04,62.959999999999994,,,220.0,240.0,,,,,58.0,72.0,,,999.0,999.0,999.0,,,,999.0,,,,,,,,,,
2016,9,4,,,,,,,,,,,,,,,,,,,,,,,,,,,,,,,,-999.0,-999.0,-999.0,,,,-999.0,,,,,,,,,,
2016,9,6,,,128.0,112.0,102.0,161.0,33.0,,,0.0,,63.0,57.0,68.0,,,,73.94,64.94,,,220.0,200.0,,,,,63.0,98.0,,,9999.0,9999.0,9999.0,,,,9999.0,,,,,,,,,,
2016,9,7,,,,,,,,,,,,,,,,,,,,,,,,,,,,,,,,-99.0,-99.0,-99.0,,,,-99.0,,,,,,,,,,
2016,9,8,,,,,,,,,,,,,,,,,,,,,,,,,,,,,,,,99.0,99.0,99.0,,,,99.0,,,,,,,,,,
2016,9,9,,,150.0,10105.0,10091.0,172.0,29.0,,,0.0,,68.0,54.0,81.0,,,69.25999999999999,75.92,64.04,,,270.0,280.0,,,,,67.0,89.0,,,-9999.0,-9999.0,-9999.0,,,,-9999.0,,,,,,,,,,
2016,9,10,,,,,,,,,,,,,,,,,,,,,,,,,,,,,,,,-9.0,-9.0,-9.0,,,,-9.0,,,,,,,,,,
2016,9,11,,,161.0,156.0,146.0,178.0,27.0,,,0.0,,75.0,68.0,84.0,,,,73.04,66.92,,,220.0,200.0,,,,,58.0,76.0,,,999.0,999.0,999.0,,,,999.0,,,,,,,,,,
2016,9,12,,,,,,,,,,,,,,,,,,,,,,,,,,,,,,,,-999.0,-999.0,-999.0,,,,-999.0,,,,,,,,,,
2016,9,14,,,161.0,159.0,146.0,183.0,42.0,,,0.0,,70.0,60.0,81.0,,,,77.0,68.0,,,290.0,290.0,,,,,81.0,103.0,,,9999.0,9999.0,9999.0,,,,9999.0,,,,,,,,,,
2016,9,15,,,,,,,,,,,,,,,,,,,,,,,,,,,,,,,,-99.0,-99.0,-99.0,,,,,,,,,,,,,,
2016,9,16,,,,,,,,,,,,,,,,,,,,,,,,,,,,,,,,99.0,99.0,99.0,,,,,,,,,,,,,,
2016,9,17,,,161.0,10173.0,10163.0,178.0,35.0,,,0.0,,75.0,62.0,84.0,,,69.98,75.02,66.02,,,290.0,300.0,,,,,63.0,81.0,,,-9999.0,-9999.0,-9999.0,,,,-9999.0,,,,,,,,,,
2016,9,18,,,,,,,,,,,,,,,,,,,,,,,,,,,,,,,,-9.0,-9.0,-9.0,,,,-9.0,,,,,,,,,,
2016,9,19,,,133.0,149.0,135.0,161.0,30.0,,,0.0,,69.0,65.0,75.0,,,,69.98,64.94,,,240.0,230.0,,,,,63.0,81.0,,,999.0,999.0,999.0,,,,999.0,,,,,,,,,,
2016,9,20,,,,,,,,,,,,,,,,,,,,,,,,,,,,,,,,-999.0,-999.0,-999.0,,,,-999.0,,,,,,,,,,
2016,9,22,,,128.0,169.0,159.0,156.0,34.0,,,0.0,,64.0,46.0,78.0,,,,73.94,62.059999999999995,,,300.0,290.0,,,,,76.0,107.0,,,9999.0,9999.0,9999.0,,,,9999.0,,,,,,,,,,
2016,9,23,,,,,,,,,,,,,,,,,,,,,,,,,,,,,,,,-99.0,-99.0,-99.0,,,,-99.0,,,,,,,,,,
2016,9,24,,,,,,,,,,,,,,,,,,,,,,,,,,,,,,,,99.0,99.0,99.0,,,,99.0,,,,,,,,,,
2016,9,25,,,144.0,10139.0,10129.0,161.0,21.0,,,0.0,,72.0,55.0,84.0,,,66.92,73.94,60.980000000000004,,,300.0,320.0,,,,,54.0,67.0,,,-9999.0,-9999.0,-9999.0,,,,-9999.0,,,,,,,,,,
2016,9,26,,,,,,,,,,,,,,,,,,,,,,,,,,,,,,,,-9.0,-9.0,-9.0,,,,-9.0,,,,,,,,,,
2016,9,27,,,156.0,135.0,125.0,172.0,23.0,,,0.0,,73.0,55.0,84.0,,,,75.02,64.04,,,300.0,300.0,,,,,72.0,89.0,,,999.0,999.0,999.0,,,,999.0,,,,,,,,,,
2016,9,28,,,,,,,,,,,,,,,,,,,,,,,,,,,,,,,,,,-999.0,,,,,,,,,,,,,,
2016,9,29,,,,,,,,,,,,,,,,,,,,,,,,,,,,,,,,,,9.0,,,,,,,,,,,,,,
2016,9,30,,,172.0,146.0,135.0,194.0,22.0,,,3.0,,72.0,54.0,90.0,,,,80.06,64.94,,,250.0,240.0,,,,,63.0,76.0,,,1.0,9999.0,1.0,,,,1.0,,,,,,,,,,
2016,9,31,,,,,,,,,,,,,,,,,,,,,,,,,,,,,,,,,-99.0,,,,,,,,,,,,,,,
2016,10,1,,,172.0,10152.0,10142.0,194.0,18.0,,,0.0,,74.0,49.0,93.0,,,73.22,82.04,66.92,,,290.0,310.0,,,,,58.0,76.0,,,1.0,,-9999.0,,,,-9999.0,,,,,,,,,,
2016,10,2,,,,,,,,,,,,,,,,,,,,,,,,,,,,,,,,,,-9.0,,,,-9.0,,,,,,,,,,
2016,10,3,,,144.0,152.0,142.0,172.0,25.0,,,0.0,,68.0,59.0,78.0,,,,73.04,66.92,,,220.0,190.0,,,,,58.0,81.0,,,999.0,,999.0,,,,999.0,,,,,,,,,,
2016,10,4,,,,,,,,,,,,,,,,,,,,,,,,,,,,,,,,-999.0,,-999.0,,,,-999.0,,,,,,,,,,
2016,10,6,,,133.0,129.0,119.0,161.0,30.0,,,0.0,,67.0,61.0,73.0,,,,73.04,62.959999999999994,,,250.0,250.0,,,,,67.0,89.0,,,9999.0,,9999.0,,,,9999.0,,,,,,,,,,
2016,10,7,,,,,,,,,,,,,,,,,,,,,,,,,,,,,,,,-99.0,,-99.0,,,,-99.0,,,,,,,,,,
2016,10,8,,,,,,,,,,,,,,,,,,,,,,,,,,,,,,,,99.0,,99.0,,,,99.0,,,,,,,,,,
2016,10,9,,,144.0,10125.0,10112.0,167.0,21.0,,,0.0,,71.0,54.0,84.0,,,67.82,75.02,60.980000000000004,,,290.0,290.0,,,,,63.0,76.0,,,-9999.0,,-9999.0,,,,-9999.0,,,,,,,,,,
2016,10,10,,,,,,,,,,,,,,,,,,,,,,,,,,,,,,,,,,-9.0,,,,-9.0,,,,,,,,,,
2016,10,11,,,106.0,119.0,105.0,161.0,24.0,,,0.0,,54.0,10.0,84.0,,,,87.08000000000001,62.059999999999995,,,320.0,330.0,,,,,81.0,94.0,,,1.0,,999.0,,,,999.0,,,,,,,,,,
2016,10,12,,,,,,,,,,,,,,,,,,,,,,,,,,,,,,,,,,-999.0,,,,-999.0,,,,,,,,,,
2016,10,14,,,100.0,142.0,129.0,161.0,19.0,,,0.0,,48.0,19.0,84.0,,,,86.0,64.04,,,290.0,300.0,,,,,67.0,76.0,,,9999.0,,9999.0,,,,9999.0,,,,,,,,,,
2016,10,15,,,,,,,,,,,,,,,,,,,,,,,,,,,,,,,,-99.0,,-99.0,,,,-99.0,,,,,,,,,,
2016,10,16,,,,,,,,,,,,,,,,,,,,,,,,,,,,,,,,99.0,,99.0,,,,99.0,,,,,,,,,,
2016,10,17,,,144.0,10173.0,10163.0,167.0,31.0,,,0.0,,69.0,59.0,78.0,,,69.8,73.04,66.02,,,300.0,320.0,,,,,72.0,85.0,,,-9999.0,,-9999.0,,,,-9999.0,,,,,,,,,,
2016,10,18,,,,,,,,,,,,,,,,,,,,,,,,,,,,,,,,-9.0,,-9.0,,,,-9.0,,,,,,,,,,
2016,10,19,,,133.0,176.0,166.0,161.0,24.0,,,0.0,,68.0,53.0,75.0,,,,73.04,62.059999999999995,,,300.0,290.0,,,,,72.0,94.0,,,999.0,,999.0,,,,999.0,,,,,,,,,,
2016,10,20,,,,,,,,,,,,,,,,,,,,,,,,,,,,,,,,-999.0,,-999.0,,,,-999.0,,,,,,,,,,
2016,10,22,,,139.0,159.0,152.0,161.0,30.0,,,0.0,,70.0,57.0,76.0,,,,73.04,64.94,,,290.0,290.0,,,,,67.0,94.0,,,9999.0,,9999.0,,,,9999.0,,,,,,,,,,
2016,10,23,,,,,,,,,,,,,,,,,,,,,,,,,,,,,,,,-99.0,,-99.0,,,,-99.0,,,,,,,,,,
2016,10,24,,,,,,,,,,,,,,,,,,,,,,,,,,,,,,,,99.0,,99.0,,,,99.0,,,,,,,,,,
2016,10,25,,,167.0,10163.0,10152.0,183.0,36.0,,,0.0,,77.0,62.0,91.0,,,69.98,75.02,66.02,,,310.0,320.0,,,,,81.0,98.0,,,1.0,,-9999.0,,,,1.0,,,,,,,,,,
2016,10,26,,,,,,,,,,,,,,,,,,,,,,,,,,,,,,,,,,-9.0,,,,,,,,,,,,,,
2016,10,27,,,150.0,149.0,135.0,172.0,21.0,,,,,73.0,66.0,84.0,,,,75.02,64.94,,,280.0,290.0,,,,,67.0,76.0,,,1.0,,999.0,,,,1.0,,,,,,,,,,
2016,10,28,,,,,,,,,,,,,,,,,,,,,,,,,,,,,,,,,,-999.0,,,,,,,,,,,,,,
2016,10,29,,,,,,,,,,,,,,,,,,,,,,,,,,,,,,,,9.0,,,,,,9.0,,,,,,,,,,
2016,10,30,,,139.0,139.0,129.0,167.0,19.0,,,0.0,,65.0,37.0,84.0,,,,80.06,60.980000000000004,,,290.0,290.0,,,,,67.0,81.0,,,1.0,,9999.0,,,,1.0,,,,,,,,,,
2016,10,31,,,,,,,,,,,,,,,,,,,,,,,,,,,,,,,,,,-99.0,,,,,,,,,,,,,,
2016,11,1,,,117.0,10173.0,10163.0,144.0,25.0,,,0.0,,65.0,47.0,75.0,,,64.75999999999999,71.06,60.08,,,270.0,270.0,,,,,67.0,89.0,,,-9999.0,-9999.0,,,,,-9999.0,,,,,,,,,,
2016,11,2,,,,,,,,,,,,,,,,,,,,,,,,,,,,,,,,-9.0,-9.0,,,,,-9.0,,,,,,,,,,
2016,11,3,,,117.0,169.0,159.0,144.0,22.0,,,0.0,,64.0,53.0,75.0,,,,71.96,57.92,,,320.0,310.0,,,,,72.0,94.0,,,999.0,999.0,,,,,999.0,,,,,,,,,,
2016,11,4,,,,,,,,,,,,,,,,,,,,,,,,,,,,,,,,-999.0,-999.0,,,,,-999.0,,,,,,,,,,
2016,11,5,,,,,,,,,,,,,,,,,,,,,,,,,,,,,,,,9.0,9.0,,,,,,,,,,,,,,,
2016,11,6,,,111.0,179.0,169.0,150.0,14.0,,,0.0,,62.0,33.0,97.0,,,,73.94,60.980000000000004,,,180.0,180.0,,,,,54.0,58.0,,,1.0,1.0,,,,,9999.0,,,,,,,,,,
2016,11,9,,,144.0,10179.0,10169.0,161.0,19.0,,,0.0,,78.0,55.0,93.0,,,64.94,75.02,57.02,,,300.0,290.0,,,,,63.0,81.0,,,1.0,1.0,,,,,-9999.0,,,,,,,,,,
2016,11,10,,,,,,,,,,,,,,,,,,,,,,,,,,,,,,,,,,,,,,-9.0,,,,,,,,,,
2016,11,11,,,128.0,183.0,169.0,156.0,19.0,,,0.0,,71.0,49.0,93.0,,,,73.04,57.02,,,320.0,320.0,,,,,45.0,58.0,,,1.0,999.0,,,,,999.0,,,,,,,,,,
2016,11,12,,,,,,,,,,,,,,,,,,,,,,,,,,,,,,,,,-999.0,,,,,-999.0,,,,,,,,,,
2016,11,14,,,17.0,146.0,135.0,139.0,29.0,,,0.0,,23.0,8.0,65.0,,,,96.08000000000001,62.959999999999994,,,80.0,80.0,,,,,89.0,107.0,,,9999.0,9999.0,,,,,9999.0,,,,,,,,,,
2016,11,15,,,,,,,,,,,,,,,,,,,,,,,,,,,,,,,,-99.0,-99.0,,,,,-99.0,,,,,,,,,,
2016,11,16,,,,,,,,,,,,,,,,,,,,,,,,,,,,,,,,99.0,99.0,,,,,99.0,,,,,,,,,,
2016,11,17,,,39.0,10179.0,10169.0,128.0,13.0,,,0.0,,33.0,11.0,47.0,,,74.66,87.98,62.059999999999995,,,240.0,260.0,,,,,54.0,58.0,,,-9999.0,-9999.0,,,,,-9999.0,,,,,,,,,,
2016,11,18,,,,,,,,,,,,,,,,,,,,,,,,,,,,,,,,-9.0,-9.0,,,,,-9.0,,,,,,,,,,
2016,11,19,,,67.0,179.0,169.0,139.0,16.0,,,0.0,,42.0,20.0,73.0,,,,82.04,60.980000000000004,,,300.0,320.0,,,,,67.0,89.0,,,999.0,999.0,,,,,999.0,,,,,,,,,,
2016,11,20,,,,,,,,,,,,,,,,,,,,,,,,,,,,,,,,-999.0,-999.0,,,,,-999.0,,,,,,,,,,
2016,11,22,,,56.0,183.0,173.0,133.0,16.0,,,0.0,,37.0,15.0,65.0,,,,84.02,60.980000000000004,,,330.0,290.0,,,,,40.0,54.0,,,9999.0,9999.0,,,,,9999.0,,,,,,,,,,
2016,11,23,,,,,,,,,,,,,,,,,,,,,,,,,,,,,,,,,-99.0,,,,,-99.0,,,,,,,,,,
2016,11,24,,,,,,,,,,,,,,,,,,,,,,,,,,,,,,,,,99.0,,,,,99.0,,,,,,,,,,
2016,11,25,,,133.0,10129.0,10119.0,156.0,25.0,,,0.0,,72.0,65.0,81.0,,,65.3,69.98,62.059999999999995,,,260.0,250.0,,,,,58.0,76.0,,,-9999.0,-9999.0,,,,,-9999.0,,,,,,,,,,
2016,11,26,,,,,,,,,,,,,,,,,,,,,,,,,,,,,,,,-9.0,-9.0,,,,,-9.0,,,,,,,,,,
2016,11,27,,,78.0,142.0,135.0,128.0,23.0,,,0.0,,54.0,30.0,70.0,,,,71.06,59.0,,,320.0,310.0,,,,,72.0,98.0,,,999.0,999.0,,,,,999.0,,,,,,,,,,
2016,11,28,,,,,,,,,,,,,,,,,,,,,,,,,,,,,,,,-999.0,-999.0,,,,,-999.0,,,,,,,,,,
2016,11,30,,,33.0,176.0,169.0,106.0,16.0,,,0.0,,45.0,16.0,78.0,,,,71.96,51.98,,,300.0,300.0,,,,,58.0,67.0,,,9999.0,9999.0,,,,,9999.0,,,,,,,,,,
2016,11,31,,,,,,,,,,,,,,,,,,,,,,,,,,,,,,,,,-99.0,,,,,,,,,,,,,,,
2016,12,1,,,61.0,10152.0,10142.0,100.0,16.0,,,0.0,,60.0,41.0,81.0,,,57.379999999999995,62.059999999999995,51.08,,,250.0,230.0,,,,,45.0,63.0,,,-9999.0,-9999.0,-9999.0,,,,-9999.0,,,,,,,,,,
2016,12,2,,,,,,,,,,,,,,,,,,,,,,,,,,,,,,,,-9.0,-9.0,-9.0,,,,-9.0,,,,,,,,,,
2016,12,3,,,0.0,152.0,142.0,89.0,25.0,,,0.0,,44.0,14.0,89.0,,,,68.0,51.08,,,40.0,40.0,,,,,72.0,94.0,,,999.0,999.0,999.0,,,,999.0,,,,,,,,,,
2016,12,4,,,,,,,,,,,,,,,,,,,,,,,,,,,,,,,,-999.0,-999.0,-999.0,,,,-999.0,,,,,,,,,,
2016,12,5,,,,,,,,,,,,,,,,,,,,,,,,,,,,,,,,9.0,,,,,,,,,,,,,,,,
2016,12,6,,,39.0,173.0,163.0,94.0,15.0,,,0.0,,55.0,20.0,96.0,,,,69.98,46.04,,,310.0,300.0,,,,,58.0,72.0,,,1.0,9999.0,9999.0,,,,9999.0,,,,,,,,,,
2016,12,7,,,,,,,,,,,,,,,,,,,,,,,,,,,,,,,,,-99.0,-99.0,,,,-99.0,,,,,,,,,,
2016,12,8,,,,,,,,,,,,,,,,,,,,,,,,,,,,,,,,99.0,99.0,99.0,,,,99.0,,,,,,,,,,
2016,12,9,,,94.0,10159.0,10152.0,122.0,31.0,,,0.0,,69.0,60.0,78.0,,,59.540000000000006,62.059999999999995,57.92,,,220.0,210.0,,,,,58.0,67.0,,,-9999.0,-9999.0,-9999.0,,,,-9999.0,,,,,,,,,,
2016,12,10,,,,,,,,,,,,,,,,,,,,,,,,,,,,,,,,-9.0,-9.0,-9.0,,,,-9.0,,,,,,,,,,
2016,12,11,,,94.0,193.0,186.0,122.0,21.0,,,0.0,,71.0,58.0,81.0,,,,64.04,55.04,,,250.0,270.0,,,,,45.0,58.0,,,999.0,999.0,999.0,,,,999.0,,,,,,,,,,
2016,12,12,,,,,,,,,,,,,,,,,,,,,,,,,,,,,,,,-999.0,-999.0,-999.0,,,,-999.0,,,,,,,,,,
2016,12,14,,,111.0,237.0,224.0,128.0,24.0,,,0.0,,77.0,63.0,87.0,,,,66.02,51.08,,,340.0,290.0,,,,,63.0,81.0,,,9999.0,9999.0,9999.0,,,,9999.0,,,,,,,,,,
2016,12,15,,,,,,,,,,,,,,,,,,,,,,,,,,,,,,,,,-99.0,-99.0,,,,,,,,,,,,,,
2016,12,16,,,,,,,,,,,,,,,,,,,,,,,,,,,,,,,,,99.0,99.0,,,,,,,,,,,,,,
2016,12,17,,,133.0,10196.0,10186.0,144.0,17.0,,,0.0,,81.0,65.0,97.0,,,61.88,66.92,57.92,,,300.0,280.0,,,,,58.0,63.0,,,1.0,-9999.0,-9999.0,,,,1.0,,,,,,,,,,
2016,12,18,,,,,,,,,,,,,,,,,,,,,,,,,,,,,,,,,-9.0,-9.0,,,,,,,,,,,,,,
2016,12,19,,,128.0,193.0,183.0,144.0,17.0,,,0.0,,80.0,63.0,93.0,,,,66.92,57.92,,,300.0,290.0,,,,,54.0,63.0,,,999.0,999.0,999.0,,,,999.0,,,,,,,,,,
2016,12,20,,,,,,,,,,,,,,,,,,,,,,,,,,,,,,,,,-999.0,-999.0,,,,,,,,,,,,,,
2016,12,21,,,,,,,,,,,,,,,,,,,,,,,,,,,,,,,,,9.0,,,,,,,,,,,,,,,
2016,12,22,,,111.0,183.0,173.0,133.0,18.0,,,0.0,,78.0,53.0,96.0,,,,71.06,51.08,,,320.0,310.0,,,,,54.0,72.0,,,1.0,1.0,9999.0,,,,1.0,,,,,,,,,,
2016,12,23,,,,,,,,,,,,,,,,,,,,,,,,,,,,,,,,,,-99.0,,,,,,,,,,,,,,
2016,12,24,,,,,,,,,,,,,,,,,,,,,,,,,,,,,,,,,,99.0,,,,,,,,,,,,,,
2016,12,25,,,106.0,10146.0,10135.0,122.0,63.0,,,305.0,,79.0,51.0,93.0,,,59.540000000000006,62.059999999999995,55.04,,,280.0,180.0,,,,,103.0,139.0,,,1.0,-9999.0,-9999.0,,,,-9999.0,,,,,,,,,,
2016,12,26,,,,,,,,,,,,,,,,,,,,,,,,,,,,,,,,,-9.0,-9.0,,,,-9.0,,,,,,,,,,
2016,12,27,,,11.0,200.0,196.0,72.0,26.0,,,0.0,,46.0,33.0,64.0,,,,60.08,48.02,,,300.0,290.0,,,,,98.0,125.0,,,999.0,999.0,999.0,,,,999.0,,,,,,,,,,
2016,12,28,,,,,,,,,,,,,,,,,,,,,,,,,,,,,,,,-999.0,-999.0,-999.0,,,,-999.0,,,,,,,,,,
2016,12,30,,,-11.0,220.0,213.0,67.0,13.0,,,0.0,,42.0,11.0,62.0,,,,69.98,41.0,,,320.0,300.0,,,,,40.0,49.0,,,9999.0,9999.0,9999.0,,,,9999.0,,,,,,,,,,
2016,12,31,,,,,,,,,,,,,,,,,,,,,,,,,,,,,,,,-99.0,-99.0,-99.0,,,,-99.0,,,,,,,,,,
2017,1,1,,,67.0,10149.0,10142.0,100.0,24.0,,,0.0,,69.0,54.0,86.0,,,53.96,59.0,48.92,,,200.0,210.0,,,,,58.0,76.0,,,-9999.0,-9999.0,-9999.0,,,,-9999.0,,,,,,,,,,
2017,1,2,,,,,,,,,,,,,,,,,,,,,,,,,,,,,,,,-9.0,-9.0,-9.0,,,,-9.0,,,,,,,,,,
2017,1,3,,,78.0,196.0,186.0,106.0,12.0,,,,,69.0,60.0,77.0,,,,60.08,53.96,,,300.0,290.0,,,,,36.0,45.0,,,999.0,999.0,999.0,,,,999.0,,,,,,,,,,
2017,1,4,,,,,,,,,,,,,,,,,,,,,,,,,,,,,,,,-999.0,-999.0,-999.0,,,,-999.0,,,,,,,,,,
2017,1,6,,,78.0,203.0,190.0,106.0,13.0,,,0.0,,67.0,49.0,83.0,,,,64.94,48.92,,,330.0,320.0,,,,,54.0,67.0,,,9999.0,9999.0,9999.0,,,,9999.0,,,,,,,,,,
2017,1,7,,,,,,,,,,,,,,,,,,,,,,,,,,,,,,,,,-99.0,-99.0,,,,,,,,,,,,,,
2017,1,8,,,,,,,,,,,,,,,,,,,,,,,,,,,,,,,,,99.0,99.0,,,,,,,,,,,,,,
2017,1,9,,,100.0,10183.0,10173.0,122.0,11.0,,,0.0,,77.0,58.0,90.0,,,58.82,64.04,53.06,,,320.0,290.0,,,,,40.0,49.0,,,-9999.0,-9999.0,-9999.0,,,,-9999.0,,,,,,,,,,
2017,1,10,,,,,,,,,,,,,,,,,,,,,,,,,,,,,,,,-9.0,-9.0,-9.0,,,,-9.0,,,,,,,,,,
2017,1,11,,,67.0,217.0,213.0,111.0,10.0,,,0.0,,56.0,31.0,77.0,,,,71.06,51.98,,,310.0,310.0,,,,,45.0,54.0,,,999.0,999.0,999.0,,,,999.0,,,,,,,,,,
2017,1,12,,,,,,,,,,,,,,,,,,,,,,,,,,,,,,,,-999.0,-999.0,-999.0,,,,-999.0,,,,,,,,,,
2017,1,14,,,117.0,217.0,207.0,139.0,18.0,,,46.0,,78.0,62.0,90.0,,,,62.959999999999994,57.92,,,210.0,200.0,,,,,58.0,72.0,,,9999.0,9999.0,9999.0,,,,9999.0,,,,,,,,,,
2017,1,15,,,,,,,,,,,,,,,,,,,,,,,,,,,,,,,,,-99.0,-99.0,,,,-99.0,,,,,,,,,,
2017,1,16,,,,,,,,,,,,,,,,,,,,,,,,,,,,,,,,,99.0,99.0,,,,99.0,,,,,,,,,,
2017,1,17,,,122.0,10176.0,10169.0,133.0,26.0,,,13.0,,86.0,78.0,90.0,,,58.459999999999994,60.980000000000004,55.94,,,170.0,180.0,,,,,67.0,85.0,,,1.0,-9999.0,-9999.0,,,,-9999.0,,,,,,,,,,
2017,1,18,,,,,,,,,,,,,,,,,,,,,,,,,,,,,,,,,-9.0,-9.0,,,,,,,,,,,,,,
2017,1,19,,,111.0,156.0,146.0,128.0,22.0,,,81.0,,83.0,75.0,93.0,,,,60.980000000000004,53.96,,,210.0,190.0,,,,,72.0,94.0,,,1.0,999.0,999.0,,,,1.0,,,,,,,,,,
2017,1,20,,,,,,,,,,,,,,,,,,,,,,,,,,,,,,,,,-999.0,-999.0,,,,,,,,,,,,,,
2017,1,22,,,94.0,166.0,163.0,117.0,20.0,,,,,72.0,56.0,89.0,,,,64.04,53.06,,,360.0,360.0,,,,,63.0,85.0,,,9999.0,9999.0,9999.0,,,,9999.0,,,,,,,,,,
2017,1,23,,,,,,,,,,,,,,,,,,,,,,,,,,,,,,,,-99.0,-99.0,-99.0,,,,-99.0,,,,,,,,,,
2017,1,24,,,,,,,,,,,,,,,,,,,,,,,,,,,,,,,,99.0,99.0,99.0,,,,99.0,,,,,,,,,,
2017,1,25,,,100.0,10179.0,10169.0,117.0,19.0,,,0.0,,76.0,60.0,87.0,,,57.56,64.04,53.06,,,310.0,310.0,,,,,63.0,81.0,,,-9999.0,-9999.0,-9999.0,,,,-9999.0,,,,,,,,,,
2017,1,26,,,,,,,,,,,,,,,,,,,,,,,,,,,,,,,,-9.0,-9.0,-9.0,,,,-9.0,,,,,,,,,,
2017,1,27,,,83.0,196.0,190.0,111.0,17.0,,,0.0,,70.0,46.0,86.0,,,,66.02,50.0,,,300.0,300.0,,,,,72.0,94.0,,,999.0,999.0,999.0,,,,999.0,,,,,,,,,,
2017,1,28,,,,,,,,,,,,,,,,,,,,,,,,,,,,,,,,-999.0,-999.0,-999.0,,,,-999.0,,,,,,,,,,
2017,1,29,,,,,,,,,,,,,,,,,,,,,,,,,,,,,,,,9.0,,,,,,,,,,,,,,,,
2017,1,30,,,100.0,156.0,146.0,122.0,38.0,,,48.0,,74.0,58.0,90.0,,,,64.94,55.94,,,230.0,230.0,,,,,103.0,139.0,,,1.0,9999.0,9999.0,,,,9999.0,,,,,,,,,,
2017,1,31,,,,,,,,,,,,,,,,,,,,,,,,,,,,,,,,,-99.0,-99.0,,,,,,,,,,,,,,
2017,2,1,,,83.0,10196.0,10186.0,106.0,13.0,,,0.0,,77.0,33.0,97.0,,,54.5,64.94,46.94,,,330.0,210.0,,,,,40.0,49.0,,,1.0,1.0,,,,,1.0,,,,,,,,,,
2017,2,3,,,44.0,200.0,190.0,100.0,16.0,,,0.0,,53.0,19.0,80.0,,,,69.98,50.0,,,320.0,300.0,,,,,45.0,58.0,,,1.0,999.0,,,,,999.0,,,,,,,,,,
2017,2,4,,,,,,,,,,,,,,,,,,,,,,,,,,,,,,,,,-999.0,,,,,-999.0,,,,,,,,,,
2017,2,5,,,,,,,,,,,,,,,,,,,,,,,,,,,,,,,,9.0,,,,,,,,,,,,,,,,
2017,2,6,,,111.0,193.0,186.0,133.0,30.0,,,0.0,,76.0,59.0,87.0,,,,66.02,55.94,,,320.0,320.0,,,,,76.0,98.0,,,1.0,9999.0,,,,,9999.0,,,,,,,,,,
2017,2,7,,,,,,,,,,,,,,,,,,,,,,,,,,,,,,,,,-99.0,,,,,-99.0,,,,,,,,,,
2017,2,8,,,,,,,,,,,,,,,,,,,,,,,,,,,,,,,,99.0,99.0,,,,,99.0,,,,,,,,,,
2017,2,9,,,111.0,10193.0,10179.0,128.0,44.0,,,5.0,,78.0,60.0,90.0,,,58.459999999999994,60.08,57.02,,,180.0,180.0,,,,,81.0,98.0,,,1.0,-9999.0,,,,,1.0,,,,,,,,,,
2017,2,10,,,,,,,,,,,,,,,,,,,,,,,,,,,,,,,,,-9.0,,,,,,,,,,,,,,,
2017,2,11,,,128.0,213.0,207.0,144.0,34.0,,,28.0,,77.0,59.0,93.0,,,,66.92,59.0,,,290.0,290.0,,,,,72.0,98.0,,,1.0,999.0,,,,,999.0,,,,,,,,,,
2017,2,12,,,,,,,,,,,,,,,,,,,,,,,,,,,,,,,,,,,,,,-999.0,,,,,,,,,,
2017,2,13,,,,,,,,,,,,,,,,,,,,,,,,,,,,,,,,,,,,,,9.0,,,,,,,,,,
2017,2,14,,,133.0,173.0,159.0,144.0,24.0,,,0.0,,84.0,64.0,96.0,,,,71.06,57.02,,,300.0,310.0,,,,,76.0,94.0,,,1.0,1.0,,,,,1.0,,,,,,,,,,
2017,2,16,,,,,,,,,,,,,,,,,,,,,,,,,,,,,,,,,99.0,,,,,,,,,,,,,,,
2017,2,17,,,111.0,10193.0,10179.0,133.0,27.0,,,3.0,,76.0,60.0,90.0,,,60.980000000000004,62.059999999999995,57.02,,,290.0,300.0,,,,,63.0,85.0,,,1.0,-9999.0,,,,,-9999.0,,,,,,,,,,
2017,2,18,,,,,,,,,,,,,,,,,,,,,,,,,,,,,,,,,-9.0,,,,,-9.0,,,,,,,,,,
2017,2,19,,,89.0,176.0,163.0,122.0,25.0,,,0.0,,66.0,52.0,80.0,,,,66.92,51.98,,,320.0,290.0,,,,,67.0,85.0,,,999.0,999.0,,,,,999.0,,,,,,,,,,
2017,2,20,,,,,,,,,,,,,,,,,,,,,,,,,,,,,,,,-999.0,-999.0,,,,,-999.0,,,,,,,,,,
2017,2,22,,,111.0,183.0,173.0,133.0,22.0,,,0.0,,76.0,63.0,84.0,,,,64.94,57.02,,,230.0,250.0,,,,,45.0,63.0,,,9999.0,9999.0,,,,,9999.0,,,,,,,,,,
2017,2,25,,,100.0,10159.0,10146.0,128.0,21.0,,,0.0,,72.0,49.0,81.0,,,60.440000000000005,69.08,53.06,,,300.0,300.0,,,,,76.0,89.0,,,-9999.0,-9999.0,,,,,-9999.0,,,,,,,,,,
2017,2,26,,,,,,,,,,,,,,,,,,,,,,,,,,,,,,,,,-9.0,,,,,,,,,,,,,,,
2017,2,27,,,106.0,61.0,47.0,128.0,79.0,,,272.0,,74.0,58.0,87.0,,,,64.04,53.06,,,170.0,180.0,,,,,179.0,233.0,,,1.0,999.0,,,,,1.0,,,,,,,,,,
2017,2,28,,,,,,,,,,,,,,,,,,,,,,,,,,,,,,,,,-999.0,,,,,,,,,,,,,,,
2017,2,29,,,,,,,,,,,,,,,,,,,,,,,,,,,,,,,,,,,,,,9.0,,,,,,,,,,
2017,2,30,,,83.0,163.0,152.0,111.0,26.0,,,5.0,,67.0,54.0,84.0,,,,62.059999999999995,55.04,,,250.0,260.0,,,,,67.0,89.0,,,9999.0,9999.0,,,,,1.0,,,,,,,,,,
2017,2,31,,,,,,,,,,,,,,,,,,,,,,,,,,,,,,,,-99.0,-99.0,,,,,,,,,,,,,,,
2017,3,1,,,56.0,10234.0,10224.0,106.0,18.0,,,0.0,,55.0,31.0,80.0,,,57.02,69.98,48.02,,,300.0,300.0,,,,,63.0,76.0,,,-9999.0,-9999.0,,,,,-9999.0,,,,,,,,,,
2017,3,2,,,,,,,,,,,,,,,,,,,,,,,,,,,,,,,,-9.0,-9.0,,,,,-9.0,,,,,,,,,,
2017,3,3,,,-28.0,203.0,190.0,83.0,20.0,,,0.0,,30.0,10.0,59.0,,,,75.02,50.0,,,320.0,320.0,,,,,63.0,76.0,,,999.0,999.0,,,,,999.0,,,,,,,,,,
2017,3,4,,,,,,,,,,,,,,,,,,,,,,,,,,,,,,,,-999.0,-999.0,,,,,-999.0,,,,,,,,,,
2017,3,6,,,89.0,169.0,159.0,117.0,24.0,,,0.0,,67.0,51.0,78.0,,,,62.959999999999994,53.06,,,240.0,230.0,,,,,54.0,63.0,,,9999.0,9999.0,,,,,9999.0,,,,,,,,,,
2017,3,7,,,,,,,,,,,,,,,,,,,,,,,,,,,,,,,,-99.0,-99.0,,,,,-99.0,,,,,,,,,,
2017,3,8,,,,,,,,,,,,,,,,,,,,,,,,,,,,,,,,99.0,99.0,,,,,99.0,,,,,,,,,,
2017,3,9,,,22.0,10220.0,10213.0,83.0,31.0,,,0.0,,47.0,30.0,59.0,,,56.66,62.059999999999995,51.98,,,290.0,290.0,,,,,76.0,98.0,,,-9999.0,-9999.0,,,,,-9999.0,,,,,,,,,,
2017,3,10,,,,,,,,,,,,,,,,,,,,,,,,,,,,,,,,-9.0,-9.0,,,,,-9.0,,,,,,,,,,
2017,3,11,,,50.0,213.0,200.0,100.0,21.0,,,0.0,,53.0,32.0,68.0,,,,66.92,48.02,,,310.0,310.0,,,,,76.0,89.0,,,999.0,999.0,,,,,999.0,,,,,,,,,,
2017,3,12,,,,,,,,,,,,,,,,,,,,,,,,,,,,,,,,-999.0,-999.0,,,,,-999.0,,,,,,,,,,
2017,3,14,,,100.0,179.0,169.0,139.0,13.0,,,0.0,,60.0,29.0,84.0,,,,78.98,55.04,,,180.0,180.0,,,,,45.0,58.0,,,9999.0,9999.0,,,,,9999.0,,,,,,,,,,
2017,3,15,,,,,,,,,,,,,,,,,,,,,,,,,,,,,,,,-99.0,-99.0,,,,,-99.0,,,,,,,,,,
2017,3,16,,,,,,,,,,,,,,,,,,,,,,,,,,,,,,,,99.0,99.0,,,,,99.0,,,,,,,,,,
2017,3,17,,,111.0,10163.0,10152.0,133.0,16.0,,,0.0,,71.0,50.0,84.0,,,64.04,69.08,57.02,,,320.0,310.0,,,,,54.0,63.0,,,1.0,-9999.0,,,,,1.0,,,,,,,,,,
2017,3,18,,,,,,,,,,,,,,,,,,,,,,,,,,,,,,,,,-9.0,,,,,,,,,,,,,,,
2017,3,19,,,122.0,163.0,152.0,133.0,16.0,,,0.0,,81.0,63.0,93.0,,,,68.0,55.94,,,280.0,320.0,,,,,45.0,54.0,,,1.0,999.0,,,,,1.0,,,,,,,,,,
2017,3,22,,,117.0,176.0,163.0,144.0,22.0,,,0.0,,68.0,31.0,93.0,,,,80.06,53.96,,,320.0,320.0,,,,,67.0,81.0,,,1.0,1.0,,,,,1.0,,,,,,,,,,
2017,3,24,,,,,,,,,,,,,,,,,,,,,,,,,,,,,,,,,99.0,,,,,,,,,,,,,,,
2017,3,25,,,128.0,10190.0,10179.0,144.0,21.0,,,0.0,,75.0,59.0,86.0,,,63.68,71.06,59.0,,,320.0,320.0,,,,,63.0,72.0,,,1.0,1.0,,,,,1.0,,,,,,,,,,
2017,3,27,,,122.0,176.0,163.0,139.0,22.0,,,0.0,,80.0,63.0,96.0,,,,68.0,55.94,,,290.0,300.0,,,,,54.0,63.0,,,1.0,1.0,,,,,1.0,,,,,,,,,,
2017,3,30,,,117.0,190.0,179.0,139.0,23.0,,,0.0,,73.0,61.0,90.0,,,,68.0,57.02,,,220.0,220.0,,,,,58.0,67.0,,,1.0,9999.0,,,,,1.0,,,,,,,,,,
2017,3,31,,,,,,,,,,,,,,,,,,,,,,,,,,,,,,,,,-99.0,,,,,,,,,,,,,,,
2017,4,1,,,50.0,10176.0,10142.0,106.0,22.0,,,0.0,,48.0,27.0,64.0,,,61.16,69.98,53.96,,,290.0,280.0,,,,,63.0,72.0,,,-9999.0,-9999.0,,,,,-9999.0,,,,,,,,,,
2017,4,2,,,,,,,,,,,,,,,,,,,,,,,,,,,,,,,,-9.0,-9.0,,,,,-9.0,,,,,,,,,,
2017,4,3,,,56.0,166.0,149.0,117.0,23.0,,,0.0,,49.0,14.0,78.0,,,,75.02,55.94,,,230.0,230.0,,,,,58.0,63.0,,,999.0,999.0,,,,,999.0,,,,,,,,,,
2017,4,4,,,,,,,,,,,,,,,,,,,,,,,,,,,,,,,,-999.0,-999.0,,,,,-999.0,,,,,,,,,,
2017,4,6,,,100.0,163.0,152.0,133.0,26.0,,,0.0,,63.0,53.0,75.0,,,,69.08,59.0,,,300.0,270.0,,,,,58.0,81.0,,,9999.0,9999.0,,,,,9999.0,,,,,,,,,,
2017,4,7,,,,,,,,,,,,,,,,,,,,,,,,,,,,,,,,,-99.0,,,,,,,,,,,,,,,
2017,4,8,,,,,,,,,,,,,,,,,,,,,,,,,,,,,,,,,99.0,,,,,,,,,,,,,,,
2017,4,9,,,122.0,10166.0,10152.0,144.0,20.0,,,0.0,,70.0,47.0,87.0,,,64.58,73.04,59.0,,,290.0,290.0,,,,,58.0,72.0,,,1.0,-9999.0,,,,,1.0,,,,,,,,,,
2017,4,10,,,,,,,,,,,,,,,,,,,,,,,,,,,,,,,,,-9.0,,,,,,,,,,,,,,,
2017,4,11,,,111.0,176.0,166.0,139.0,23.0,,,0.0,,68.0,51.0,81.0,,,,71.06,57.92,,,280.0,310.0,,,,,58.0,81.0,,,999.0,999.0,,,,,1.0,,,,,,,,,,
2017,4,12,,,,,,,,,,,,,,,,,,,,,,,,,,,,,,,,-999.0,-999.0,,,,,,,,,,,,,,,
2017,4,14,,,78.0,176.0,163.0,117.0,29.0,,,0.0,,57.0,43.0,70.0,,,,68.0,55.04,,,300.0,290.0,,,,,76.0,112.0,,,9999.0,9999.0,,,,,9999.0,,,,,,,,,,
2017,4,15,,,,,,,,,,,,,,,,,,,,,,,,,,,,,,,,-99.0,-99.0,,,,,-99.0,,,,,,,,,,
2017,4,16,,,,,,,,,,,,,,,,,,,,,,,,,,,,,,,,99.0,99.0,,,,,99.0,,,,,,,,,,
2017,4,17,,,106.0,10169.0,10156.0,133.0,20.0,,,0.0,,65.0,49.0,78.0,,,62.959999999999994,71.06,55.04,,,290.0,290.0,,,,,67.0,85.0,,,-9999.0,-9999.0,,,,,-9999.0,,,,,,,,,,
2017,4,18,,,,,,,,,,,,,,,,,,,,,,,,,,,,,,,,-9.0,-9.0,,,,,-9.0,,,,,,,,,,
2017,4,19,,,111.0,176.0,166.0,139.0,30.0,,,0.0,,67.0,41.0,81.0,,,,71.06,55.94,,,300.0,300.0,,,,,76.0,94.0,,,999.0,999.0,,,,,999.0,,,,,,,,,,
2017,4,20,,,,,,,,,,,,,,,,,,,,,,,,,,,,,,,,-999.0,-999.0,,,,,-999.0,,,,,,,,,,
2017,4,22,,,83.0,159.0,146.0,122.0,31.0,,,0.0,,59.0,46.0,69.0,,,,66.92,57.92,,,290.0,290.0,,,,,67.0,85.0,,,9999.0,9999.0,,,,,9999.0,,,,,,,,,,
2017,4,23,,,,,,,,,,,,,,,,,,,,,,,,,,,,,,,,-99.0,-99.0,,,,,-99.0,,,,,,,,,,
2017,4,24,,,,,,,,,,,,,,,,,,,,,,,,,,,,,,,,99.0,99.0,,,,,99.0,,,,,,,,,,
2017,4,25,,,94.0,10166.0,10156.0,133.0,28.0,,,0.0,,61.0,29.0,75.0,,,65.48,73.94,57.02,,,300.0,290.0,,,,,72.0,89.0,,,-9999.0,-9999.0,,,,,-9999.0,,,,,,,,,,
2017,4,26,,,,,,,,,,,,,,,,,,,,,,,,,,,,,,,,,-9.0,,,,,,,,,,,,,,,
2017,4,27,,,111.0,186.0,176.0,144.0,34.0,,,3.0,,66.0,34.0,87.0,,,,73.94,57.92,,,300.0,310.0,,,,,89.0,103.0,,,1.0,999.0,,,,,1.0,,,,,,,,,,
2017,4,28,,,,,,,,,,,,,,,,,,,,,,,,,,,,,,,,,-999.0,,,,,,,,,,,,,,,
2017,4,30,,,133.0,200.0,190.0,150.0,35.0,,,0.0,,73.0,57.0,84.0,,,,71.96,60.980000000000004,,,290.0,290.0,,,,,89.0,107.0,,,9999.0,9999.0,,,,,9999.0,,,,,,,,,,
2017,4,31,,,,,,,,,,,,,,,,,,,,,,,,,,,,,,,,,-99.0,,,,,,,,,,,,,,,
2017,5,1,,,106.0,10142.0,10129.0,150.0,19.0,,,0.0,,59.0,27.0,87.0,,,69.62,77.0,60.08,,,210.0,210.0,,,,,58.0,67.0,,,-9999.0,,,,,,-9999.0,,,,,,,,,,
2017,5,3,,,150.0,135.0,125.0,161.0,27.0,,,0.0,,80.0,64.0,93.0,,,,71.96,60.980000000000004,,,180.0,200.0,,,,,54.0,72.0,,,1.0,,,,,,1.0,,,,,,,,,,
2017,5,6,,,150.0,146.0,135.0,167.0,26.0,,,0.0,,75.0,64.0,84.0,,,,73.04,64.04,,,250.0,250.0,,,,,63.0,81.0,,,9999.0,,,,,,9999.0,,,,,,,,,,
2017,5,7,,,,,,,,,,,,,,,,,,,,,,,,,,,,,,,,-99.0,,,,,,-99.0,,,,,,,,,,
2017,5,8,,,,,,,,,,,,,,,,,,,,,,,,,,,,,,,,99.0,,,,,,99.0,,,,,,,,,,
2017,5,9,,,100.0,10115.0,10108.0,128.0,60.0,,,25.0,,69.0,48.0,93.0,,,62.42,64.04,53.96,,,270.0,260.0,,,,,130.0,161.0,,,1.0,,,,,,-9999.0,,,,,,,,,,
2017,5,10,,,,,,,,,,,,,,,,,,,,,,,,,,,,,,,,,,,,,,-9.0,,,,,,,,,,
2017,5,11,,,94.0,125.0,112.0,111.0,40.0,,,201.0,,80.0,67.0,90.0,,,,59.0,53.06,,,240.0,230.0,,,,,116.0,143.0,,,1.0,,,,,,999.0,,,,,,,,,,
2017,5,12,,,,,,,,,,,,,,,,,,,,,,,,,,,,,,,,,,,,,,-999.0,,,,,,,,,,
2017,5,13,,,,,,,,,,,,,,,,,,,,,,,,,,,,,,,,9.0,,,,,,,,,,,,,,,,
2017,5,14,,,122.0,142.0,135.0,144.0,38.0,,,0.0,,76.0,68.0,87.0,,,,64.94,59.0,,,180.0,190.0,,,,,67.0,89.0,,,1.0,,,,,,9999.0,,,,,,,,,,
2017,5,15,,,,,,,,,,,,,,,,,,,,,,,,,,,,,,,,,,,,,,-99.0,,,,,,,,,,
2017,5,16,,,,,,,,,,,,,,,,,,,,,,,,,,,,,,,,,,,,,,99.0,,,,,,,,,,
2017,5,17,,,133.0,10196.0,10186.0,156.0,38.0,,,0.0,,73.0,63.0,84.0,,,64.94,69.98,60.980000000000004,,,290.0,300.0,,,,,76.0,94.0,,,-9999.0,,,,,,-9999.0,,,,,,,,,,
2017,5,18,,,,,,,,,,,,,,,,,,,,,,,,,,,,,,,,-9.0,,,,,,-9.0,,,,,,,,,,
2017,5,19,,,133.0,156.0,142.0,150.0,26.0,,,0.0,,79.0,70.0,87.0,,,,69.08,60.980000000000004,,,320.0,280.0,,,,,63.0,81.0,,,999.0,,,,,,999.0,,,,,,,,,,
2017,5,20,,,,,,,,,,,,,,,,,,,,,,,,,,,,,,,,-999.0,,,,,,-999.0,,,,,,,,,,
2017,5,22,,,106.0,132.0,122.0,133.0,49.0,,,0.0,,68.0,58.0,84.0,,,,64.94,60.08,,,240.0,230.0,,,,,72.0,94.0,,,9999.0,,,,,,9999.0,,,,,,,,,,
2017,5,23,,,,,,,,,,,,,,,,,,,,,,,,,,,,,,,,-99.0,,,,,,-99.0,,,,,,,,,,
2017,5,24,,,,,,,,,,,,,,,,,,,,,,,,,,,,,,,,99.0,,,,,,99.0,,,,,,,,,,
2017,5,25,,,94.0,10176.0,10163.0,122.0,41.0,,,0.0,,64.0,54.0,72.0,,,60.62,64.94,59.0,,,240.0,240.0,,,,,63.0,85.0,,,-9999.0,,,,,,-9999.0,,,,,,,,,,
2017,5,26,,,,,,,,,,,,,,,,,,,,,,,,,,,,,,,,-9.0,,,,,,-9.0,,,,,,,,,,
2017,5,27,,,111.0,142.0,132.0,139.0,38.0,,,0.0,,68.0,60.0,75.0,,,,66.92,59.0,,,270.0,240.0,,,,,63.0,85.0,,,999.0,,,,,,999.0,,,,,,,,,,
2017,5,28,,,,,,,,,,,,,,,,,,,,,,,,,,,,,,,,-999.0,,,,,,-999.0,,,,,,,,,,
2017,5,30,,,111.0,129.0,119.0,156.0,32.0,,,0.0,,53.0,33.0,87.0,,,,78.98,59.0,,,320.0,320.0,,,,,89.0,112.0,,,9999.0,,,,,,9999.0,,,,,,,,,,
2017,5,31,,,,,,,,,,,,,,,,,,,,,,,,,,,,,,,,-99.0,,,,,,-99.0,,,,,,,,,,
2017,6,1,,,144.0,10122.0,10108.0,161.0,30.0,,,0.0,,78.0,66.0,87.0,,,63.68,71.06,60.980000000000004,,,300.0,300.0,,,,,63.0,81.0,,,-9999.0,,,,,,-9999.0,,,,,,,,,,
2017,6,2,,,,,,,,,,,,,,,,,,,,,,,,,,,,,,,,,,,,,,-9.0,,,,,,,,,,
2017,6,3,,,150.0,119.0,108.0,167.0,26.0,,,0.0,,78.0,64.0,87.0,,,,73.04,64.04,,,280.0,320.0,,,,,67.0,85.0,,,1.0,,,,,,999.0,,,,,,,,,,
2017,6,6,,,150.0,125.0,112.0,161.0,23.0,,,0.0,,86.0,75.0,93.0,,,,66.92,60.980000000000004,,,220.0,220.0,,,,,45.0,58.0,,,1.0,,,,,,9999.0,,,,,,,,,,
2017,6,7,,,,,,,,,,,,,,,,,,,,,,,,,,,,,,,,,,,,,,-99.0,,,,,,,,,,
2017,6,8,,,,,,,,,,,,,,,,,,,,,,,,,,,,,,,,,,,,,,99.0,,,,,,,,,,
2017,6,9,,,144.0,10142.0,10129.0,161.0,30.0,,,0.0,,83.0,73.0,93.0,,,63.68,66.02,62.059999999999995,,,210.0,220.0,,,,,54.0,63.0,,,1.0,,,,,,-9999.0,,,,,,,,,,
2017,6,10,,,,,,,,,,,,,,,,,,,,,,,,,,,,,,,,,,,,,,-9.0,,,,,,,,,,
2017,6,11,,,139.0,149.0,139.0,156.0,29.0,,,0.0,,77.0,73.0,81.0,,,,66.02,62.059999999999995,,,230.0,230.0,,,,,54.0,76.0,,,999.0,,,,,,999.0,,,,,,,,,,
2017,6,12,,,,,,,,,,,,,,,,,,,,,,,,,,,,,,,,-999.0,,,,,,-999.0,,,,,,,,,,
2017,6,14,,,144.0,142.0,129.0,161.0,32.0,,,0.0,,73.0,59.0,90.0,,,,73.04,62.959999999999994,,,280.0,320.0,,,,,58.0,72.0,,,9999.0,,,,,,9999.0,,,,,,,,,,
2017,6,15,,,,,,,,,,,,,,,,,,,,,,,,,,,,,,,,,,,,,,-99.0,,,,,,,,,,
2017,6,16,,,,,,,,,,,,,,,,,,,,,,,,,,,,,,,,,,,,,,99.0,,,,,,,,,,
2017,6,17,,,122.0,10146.0,10135.0,144.0,43.0,,,5.0,,74.0,61.0,96.0,,,62.959999999999994,66.92,59.0,,,200.0,180.0,,,,,72.0,94.0,,,1.0,,,,,,1.0,,,,,,,,,,
2017,6,19,,,122.0,166.0,152.0,150.0,36.0,,,0.0,,68.0,55.0,78.0,,,,71.06,59.0,,,300.0,270.0,,,,,72.0,103.0,,,999.0,,,,,,999.0,,,,,,,,,,
2017,6,20,,,,,,,,,,,,,,,,,,,,,,,,,,,,,,,,-999.0,,,,,,-999.0,,,,,,,,,,
2017,6,22,,,144.0,125.0,112.0,167.0,22.0,,,0.0,,72.0,50.0,90.0,,,,75.92,60.980000000000004,,,250.0,230.0,,,,,54.0,67.0,,,9999.0,,,,,,9999.0,,,,,,,,,,
2017,6,25,,,156.0,10125.0,10112.0,178.0,28.0,,,0.0,,74.0,34.0,96.0,,,70.7,82.94,62.059999999999995,,,330.0,320.0,,,,,54.0,63.0,,,1.0,,,,,,1.0,,,,,,,,,,
2017,6,27,,,161.0,115.0,105.0,183.0,22.0,,,0.0,,75.0,58.0,90.0,,,,78.98,64.94,,,300.0,290.0,,,,,54.0,72.0,,,999.0,,,,,,999.0,,,,,,,,,,
2017,6,28,,,,,,,,,,,,,,,,,,,,,,,,,,,,,,,,-999.0,,,,,,,,,,,,,,,,
2017,6,29,,,,,,,,,,,,,,,,,,,,,,,,,,,,,,,,9.0,,,,,,,,,,,,,,,,
2017,6,30,,,167.0,105.0,95.0,183.0,31.0,,,0.0,,78.0,56.0,90.0,,,,78.98,62.059999999999995,,,310.0,320.0,,,,,67.0,85.0,,,1.0,,,,,,1.0,,,,,,,,,,
2017,7,1,,,150.0,10125.0,10115.0,167.0,30.0,,,0.0,,79.0,70.0,87.0,,,66.38,69.08,64.04,,,180.0,200.0,,,,,58.0,72.0,,,1.0,,-9999.0,,,,1.0,,,,,,,,,,
2017,7,2,,,,,,,,,,,,,,,,,,,,,,,,,,,,,,,,,,-9.0,,,,,,,,,,,,,,
2017,7,3,,,150.0,156.0,146.0,167.0,28.0,,,0.0,,74.0,63.0,81.0,,,,71.96,64.04,,,210.0,210.0,,,,,54.0,67.0,,,999.0,,999.0,,,,999.0,,,,,,,,,,
2017,7,4,,,,,,,,,,,,,,,,,,,,,,,,,,,,,,,,-999.0,,-999.0,,,,-999.0,,,,,,,,,,
2017,7,5,,,,,,,,,,,,,,,,,,,,,,,,,,,,,,,,9.0,,,,,,9.0,,,,,,,,,,
2017,7,6,,,172.0,149.0,135.0,189.0,33.0,,,0.0,,76.0,62.0,90.0,,,,77.0,66.02,,,300.0,300.0,,,,,72.0,85.0,,,1.0,,9999.0,,,,1.0,,,,,,,,,,
2017,7,7,,,,,,,,,,,,,,,,,,,,,,,,,,,,,,,,,,-99.0,,,,,,,,,,,,,,
2017,7,8,,,,,,,,,,,,,,,,,,,,,,,,,,,,,,,,99.0,,99.0,,,,99.0,,,,,,,,,,
2017,7,9,,,178.0,10149.0,10135.0,194.0,29.0,,,0.0,,75.0,62.0,90.0,,,70.7,78.98,66.02,,,300.0,300.0,,,,,63.0,81.0,,,-9999.0,,-9999.0,,,,-9999.0,,,,,,,,,,
2017,7,10,,,,,,,,,,,,,,,,,,,,,,,,,,,,,,,,-9.0,,-9.0,,,,-9.0,,,,,,,,,,
2017,7,11,,,183.0,119.0,108.0,200.0,23.0,,,0.0,,75.0,60.0,90.0,,,,78.98,69.08,,,180.0,200.0,,,,,54.0,72.0,,,999.0,,999.0,,,,999.0,,,,,,,,,,
2017,7,12,,,,,,,,,,,,,,,,,,,,,,,,,,,,,,,,,,-999.0,,,,,,,,,,,,,,
2017,7,14,,,189.0,132.0,119.0,206.0,19.0,,,,,79.0,69.0,90.0,,,,78.08,69.08,,,220.0,170.0,,,,,58.0,67.0,,,1.0,,9999.0,,,,1.0,,,,,,,,,,
2017,7,15,,,,,,,,,,,,,,,,,,,,,,,,,,,,,,,,,,-99.0,,,,,,,,,,,,,,
2017,7,16,,,,,,,,,,,,,,,,,,,,,,,,,,,,,,,,,,99.0,,,,,,,,,,,,,,
2017,7,17,,,178.0,10139.0,10129.0,200.0,27.0,,,0.0,,75.0,60.0,84.0,,,72.86,78.98,69.08,,,330.0,280.0,,,,,58.0,67.0,,,-9999.0,,-9999.0,,,,-9999.0,,,,,,,,,,
2017,7,18,,,,,,,,,,,,,,,,,,,,,,,,,,,,,,,,-9.0,,-9.0,,,,-9.0,,,,,,,,,,
2017,7,19,,,183.0,146.0,135.0,200.0,30.0,,,0.0,,73.0,62.0,84.0,,,,80.06,69.98,,,280.0,290.0,,,,,63.0,76.0,,,999.0,,999.0,,,,999.0,,,,,,,,,,
2017,7,20,,,,,,,,,,,,,,,,,,,,,,,,,,,,,,,,-999.0,,-999.0,,,,-999.0,,,,,,,,,,
2017,7,22,,,178.0,159.0,146.0,194.0,35.0,,,0.0,,74.0,62.0,82.0,,,,78.08,69.98,,,300.0,290.0,,,,,72.0,98.0,,,9999.0,,9999.0,,,,9999.0,,,,,,,,,,
2017,7,23,,,,,,,,,,,,,,,,,,,,,,,,,,,,,,,,-99.0,,-99.0,,,,-99.0,,,,,,,,,,
2017,7,24,,,,,,,,,,,,,,,,,,,,,,,,,,,,,,,,99.0,,99.0,,,,99.0,,,,,,,,,,
2017,7,25,,,178.0,10125.0,10112.0,189.0,34.0,,,0.0,,79.0,71.0,84.0,,,70.52,75.02,68.0,,,200.0,200.0,,,,,58.0,76.0,,,-9999.0,,-9999.0,,,,-9999.0,,,,,,,,,,
2017,7,26,,,,,,,,,,,,,,,,,,,,,,,,,,,,,,,,-9.0,,-9.0,,,,-9.0,,,,,,,,,,
2017,7,27,,,183.0,122.0,112.0,194.0,26.0,,,0.0,,78.0,69.0,84.0,,,,75.92,69.98,,,190.0,230.0,,,,,54.0,63.0,,,999.0,,999.0,,,,999.0,,,,,,,,,,
2017,7,28,,,,,,,,,,,,,,,,,,,,,,,,,,,,,,,,-999.0,,-999.0,,,,-999.0,,,,,,,,,,
2017,7,30,,,183.0,152.0,142.0,206.0,26.0,,,0.0,,73.0,58.0,81.0,,,,82.04,71.06,,,280.0,260.0,,,,,54.0,72.0,,,9999.0,,9999.0,,,,9999.0,,,,,,,,,,
2017,7,31,,,,,,,,,,,,,,,,,,,,,,,,,,,,,,,,-99.0,,-99.0,,,,-99.0,,,,,,,,,,
2017,8,1,,,183.0,10122.0,10108.0,200.0,21.0,,,0.0,,75.0,60.0,84.0,,,72.86,80.06,69.98,,,210.0,230.0,,,,,54.0,67.0,,,-9999.0,-9999.0,1.0,,,,-9999.0,,,,,,,,,,
2017,8,2,,,,,,,,,,,,,,,,,,,,,,,,,,,,,,,,-9.0,-9.0,,,,,-9.0,,,,,,,,,,
2017,8,3,,,200.0,129.0,119.0,217.0,19.0,,,0.0,,77.0,61.0,88.0,,,,84.02,71.06,,,340.0,330.0,,,,,40.0,54.0,,,999.0,999.0,999.0,,,,999.0,,,,,,,,,,
2017,8,4,,,,,,,,,,,,,,,,,,,,,,,,,,,,,,,,,-999.0,-999.0,,,,,,,,,,,,,,
2017,8,6,,,194.0,146.0,135.0,211.0,26.0,,,0.0,,77.0,62.0,87.0,,,,82.94,71.06,,,270.0,250.0,,,,,58.0,81.0,,,9999.0,9999.0,9999.0,,,,9999.0,,,,,,,,,,
2017,8,7,,,,,,,,,,,,,,,,,,,,,,,,,,,,,,,,-99.0,-99.0,-99.0,,,,-99.0,,,,,,,,,,
2017,8,8,,,,,,,,,,,,,,,,,,,,,,,,,,,,,,,,99.0,99.0,99.0,,,,99.0,,,,,,,,,,
2017,8,9,,,172.0,10132.0,10119.0,194.0,28.0,,,0.0,,73.0,62.0,79.0,,,72.14,78.08,69.98,,,220.0,270.0,,,,,58.0,85.0,,,-9999.0,-9999.0,-9999.0,,,,-9999.0,,,,,,,,,,
2017,8,10,,,,,,,,,,,,,,,,,,,,,,,,,,,,,,,,-9.0,-9.0,-9.0,,,,-9.0,,,,,,,,,,
2017,8,11,,,183.0,132.0,119.0,200.0,31.0,,,0.0,,73.0,62.0,82.0,,,,78.98,71.96,,,290.0,280.0,,,,,67.0,89.0,,,999.0,999.0,999.0,,,,999.0,,,,,,,,,,
2017,8,12,,,,,,,,,,,,,,,,,,,,,,,,,,,,,,,,-999.0,-999.0,-999.0,,,,-999.0,,,,,,,,,,
2017,8,14,,,172.0,132.0,119.0,194.0,32.0,,,0.0,,73.0,60.0,84.0,,,,78.08,69.08,,,280.0,300.0,,,,,63.0,89.0,,,9999.0,9999.0,9999.0,,,,9999.0,,,,,,,,,,
2017,8,15,,,,,,,,,,,,,,,,,,,,,,,,,,,,,,,,-99.0,-99.0,-99.0,,,,-99.0,,,,,,,,,,
2017,8,16,,,,,,,,,,,,,,,,,,,,,,,,,,,,,,,,99.0,99.0,99.0,,,,99.0,,,,,,,,,,
2017,8,17,,,178.0,10119.0,10108.0,189.0,34.0,,,0.0,,76.0,66.0,84.0,,,71.78,78.08,68.0,,,290.0,290.0,,,,,63.0,81.0,,,-9999.0,-9999.0,-9999.0,,,,-9999.0,,,,,,,,,,
2017,8,18,,,,,,,,,,,,,,,,,,,,,,,,,,,,,,,,-9.0,-9.0,-9.0,,,,-9.0,,,,,,,,,,
2017,8,19,,,167.0,129.0,119.0,183.0,26.0,,,0.0,,75.0,62.0,84.0,,,,78.08,68.0,,,240.0,280.0,,,,,58.0,72.0,,,999.0,999.0,999.0,,,,999.0,,,,,,,,,,
2017,8,20,,,,,,,,,,,,,,,,,,,,,,,,,,,,,,,,-999.0,-999.0,-999.0,,,,,,,,,,,,,,
2017,8,22,,,156.0,132.0,119.0,172.0,28.0,,,0.0,,73.0,62.0,84.0,,,,75.02,66.02,,,250.0,230.0,,,,,58.0,76.0,,,9999.0,9999.0,9999.0,,,,9999.0,,,,,,,,,,
2017,8,23,,,,,,,,,,,,,,,,,,,,,,,,,,,,,,,,,-99.0,-99.0,,,,-99.0,,,,,,,,,,
2017,8,24,,,,,,,,,,,,,,,,,,,,,,,,,,,,,,,,,99.0,99.0,,,,99.0,,,,,,,,,,
2017,8,25,,,144.0,10149.0,10142.0,172.0,30.0,,,0.0,,66.0,50.0,79.0,,,69.25999999999999,75.92,66.92,,,300.0,290.0,,,,,63.0,89.0,,,-9999.0,-9999.0,-9999.0,,,,-9999.0,,,,,,,,,,
2017,8,26,,,,,,,,,,,,,,,,,,,,,,,,,,,,,,,,-9.0,-9.0,-9.0,,,,-9.0,,,,,,,,,,
2017,8,27,,,156.0,159.0,149.0,178.0,26.0,,,0.0,,70.0,58.0,81.0,,,,77.0,66.02,,,280.0,300.0,,,,,63.0,76.0,,,999.0,999.0,999.0,,,,999.0,,,,,,,,,,
2017,8,28,,,,,,,,,,,,,,,,,,,,,,,,,,,,,,,,-999.0,-999.0,-999.0,,,,-999.0,,,,,,,,,,
2017,8,30,,,161.0,146.0,135.0,183.0,25.0,,,0.0,,72.0,62.0,78.0,,,,75.92,68.0,,,260.0,270.0,,,,,63.0,81.0,,,9999.0,9999.0,9999.0,,,,9999.0,,,,,,,,,,
2017,8,31,,,,,,,,,,,,,,,,,,,,,,,,,,,,,,,,-99.0,-99.0,-99.0,,,,-99.0,,,,,,,,,,
2017,9,1,,,200.0,10081.0,10068.0,222.0,23.0,,,0.0,,71.0,46.0,93.0,,,76.82,89.06,69.08,,,290.0,300.0,,,,,63.0,81.0,,,1.0,-9999.0,,,,,-9999.0,,,,,,,,,,
2017,9,2,,,,,,,,,,,,,,,,,,,,,,,,,,,,,,,,,-9.0,,,,,-9.0,,,,,,,,,,
2017,9,3,,,200.0,95.0,85.0,222.0,24.0,,,0.0,,67.0,42.0,94.0,,,,93.91999999999999,69.98,,,320.0,330.0,,,,,54.0,76.0,,,999.0,999.0,,,,,999.0,,,,,,,,,,
2017,9,4,,,,,,,,,,,,,,,,,,,,,,,,,,,,,,,,,-999.0,,,,,-999.0,,,,,,,,,,
2017,9,5,,,,,,,,,,,,,,,,,,,,,,,,,,,,,,,,,,,,,,9.0,,,,,,,,,,
2017,9,6,,,194.0,142.0,129.0,206.0,28.0,,,0.0,,81.0,69.0,91.0,,,,77.0,69.98,,,200.0,180.0,,,,,58.0,72.0,,,9999.0,9999.0,,,,,1.0,,,,,,,,,,
2017,9,7,,,,,,,,,,,,,,,,,,,,,,,,,,,,,,,,,-99.0,,,,,,,,,,,,,,,
2017,9,8,,,,,,,,,,,,,,,,,,,,,,,,,,,,,,,,,99.0,,,,,,,,,,,,,,,
2017,9,9,,,189.0,10142.0,10132.0,206.0,37.0,,,0.0,,78.0,65.0,87.0,,,74.66,80.06,69.98,,,290.0,280.0,,,,,81.0,103.0,,,-9999.0,-9999.0,,,,,-9999.0,,,,,,,,,,
2017,9,10,,,,,,,,,,,,,,,,,,,,,,,,,,,,,,,,-9.0,-9.0,,,,,-9.0,,,,,,,,,,
2017,9,11,,,189.0,122.0,112.0,200.0,34.0,,,0.0,,78.0,64.0,87.0,,,,80.06,69.08,,,290.0,290.0,,,,,72.0,89.0,,,999.0,999.0,,,,,999.0,,,,,,,,,,
2017,9,12,,,,,,,,,,,,,,,,,,,,,,,,,,,,,,,,-999.0,-999.0,,,,,-999.0,,,,,,,,,,
2017,9,13,,,,,,,,,,,,,,,,,,,,,,,,,,,,,,,,9.0,,,,,,,,,,,,,,,,
2017,9,14,,,178.0,142.0,132.0,194.0,34.0,,,10.0,,76.0,62.0,87.0,,,,78.08,69.08,,,280.0,280.0,,,,,72.0,89.0,,,1.0,9999.0,,,,,9999.0,,,,,,,,,,
2017,9,15,,,,,,,,,,,,,,,,,,,,,,,,,,,,,,,,,-99.0,,,,,-99.0,,,,,,,,,,
2017,9,16,,,,,,,,,,,,,,,,,,,,,,,,,,,,,,,,99.0,99.0,,,,,99.0,,,,,,,,,,
2017,9,17,,,194.0,10129.0,10115.0,211.0,27.0,,,0.0,,75.0,62.0,90.0,,,75.02,82.04,71.06,,,300.0,300.0,,,,,67.0,85.0,,,-9999.0,-9999.0,,,,,-9999.0,,,,,,,,,,
2017,9,18,,,,,,,,,,,,,,,,,,,,,,,,,,,,,,,,-9.0,-9.0,,,,,-9.0,,,,,,,,,,
2017,9,19,,,189.0,129.0,119.0,206.0,35.0,,,0.0,,78.0,67.0,87.0,,,,78.08,71.06,,,280.0,300.0,,,,,76.0,98.0,,,999.0,999.0,,,,,999.0,,,,,,,,,,
2017,9,20,,,,,,,,,,,,,,,,,,,,,,,,,,,,,,,,-999.0,-999.0,,,,,-999.0,,,,,,,,,,
2017,9,22,,,156.0,135.0,122.0,178.0,34.0,,,,,68.0,50.0,76.0,,,,77.0,66.92,,,330.0,330.0,,,,,72.0,98.0,,,9999.0,9999.0,,,,,9999.0,,,,,,,,,,
2017,9,23,,,,,,,,,,,,,,,,,,,,,,,,,,,,,,,,-99.0,-99.0,,,,,-99.0,,,,,,,,,,
2017,9,24,,,,,,,,,,,,,,,,,,,,,,,,,,,,,,,,99.0,99.0,,,,,99.0,,,,,,,,,,
2017,9,25,,,156.0,10132.0,10119.0,178.0,26.0,,,0.0,,71.0,62.0,81.0,,,69.8,73.94,66.92,,,230.0,290.0,,,,,58.0,85.0,,,-9999.0,-9999.0,,,,,-9999.0,,,,,,,,,,
2017,9,26,,,,,,,,,,,,,,,,,,,,,,,,,,,,,,,,-9.0,-9.0,,,,,-9.0,,,,,,,,,,
2017,9,27,,,156.0,142.0,129.0,178.0,37.0,,,0.0,,69.0,60.0,76.0,,,,75.02,68.0,,,290.0,290.0,,,,,76.0,98.0,,,999.0,999.0,,,,,999.0,,,,,,,,,,
2017,9,28,,,,,,,,,,,,,,,,,,,,,,,,,,,,,,,,-999.0,-999.0,,,,,-999.0,,,,,,,,,,
2017,9,30,,,150.0,132.0,122.0,178.0,30.0,,,0.0,,69.0,59.0,76.0,,,,73.94,68.0,,,210.0,210.0,,,,,63.0,76.0,,,9999.0,9999.0,,,,,9999.0,,,,,,,,,,
2017,9,31,,,,,,,,,,,,,,,,,,,,,,,,,,,,,,,,-99.0,-99.0,,,,,-99.0,,,,,,,,,,
2017,10,1,,,144.0,10098.0,10085.0,167.0,41.0,,-9999.0,0.0,,70.0,63.0,76.0,,,67.64,71.06,66.02,,,180.0,190.0,,,,,67.0,89.0,,,-9999.0,-9999.0,,,,,-9999.0,,,,,,,,,,
2017,10,2,,,,,,,,,-9.0,,,,,,,,,,,,,,,,,,,,,,,-9.0,-9.0,,,,,-9.0,,,,,,,,,,
2017,10,3,,,144.0,88.0,81.0,172.0,30.0,,999.0,0.0,,70.0,59.0,76.0,,,,73.04,66.92,,,230.0,190.0,,,,,58.0,72.0,,,999.0,999.0,,,,,999.0,,,,,,,,,,
2017,10,4,,,,,,,,,-999.0,,,,,,,,,,,,,,,,,,,,,,,-999.0,-999.0,,,,,-999.0,,,,,,,,,,
2017,10,6,,,144.0,142.0,132.0,167.0,28.0,,9999.0,0.0,,70.0,55.0,81.0,,,,75.02,62.959999999999994,,,300.0,290.0,,,,,81.0,98.0,,,9999.0,9999.0,,,,,9999.0,,,,,,,,,,
2017,10,7,,,,,,,,,-99.0,,,,,,,,,,,,,,,,,,,,,,,-99.0,-99.0,,,,,-99.0,,,,,,,,,,
2017,10,8,,,,,,,,,99.0,,,,,,,,,,,,,,,,,,,,,,,99.0,99.0,,,,,99.0,,,,,,,,,,
2017,10,9,,,111.0,10122.0,10112.0,156.0,20.0,,-9999.0,0.0,,51.0,21.0,78.0,,,70.16,86.0,60.08,,,340.0,330.0,,,,,67.0,76.0,,,-9999.0,-9999.0,,,,,1.0,,,,,,,,,,
2017,10,10,,,,,,,,,-9.0,,,,,,,,,,,,,,,,,,,,,,,,-9.0,,,,,,,,,,,,,,,
2017,10,11,,,106.0,91.0,81.0,161.0,21.0,,999.0,0.0,,51.0,18.0,93.0,,,,87.98,60.980000000000004,,,290.0,330.0,,,,,54.0,67.0,,,1.0,999.0,,,,,999.0,,,,,,,,,,
2017,10,12,,,,,,,,,-999.0,,,,,,,,,,,,,,,,,,,,,,,,-999.0,,,,,-999.0,,,,,,,,,,
2017,10,14,,,144.0,122.0,112.0,172.0,25.0,,9999.0,0.0,,68.0,50.0,81.0,,,,77.0,64.04,,,310.0,290.0,,,,,63.0,81.0,,,9999.0,9999.0,,,,,9999.0,,,,,,,,,,
2017,10,15,,,,,,,,,-99.0,,,,,,,,,,,,,,,,,,,,,,,,,,,,,-99.0,,,,,,,,,,
2017,10,16,,,,,,,,,99.0,,,,,,,,,,,,,,,,,,,,,,,,,,,,,99.0,,,,,,,,,,
2017,10,17,,,150.0,10125.0,10115.0,172.0,28.0,,-9999.0,0.0,,76.0,62.0,93.0,,,67.64,75.02,62.059999999999995,,,290.0,290.0,,,,,67.0,85.0,,,-9999.0,-9999.0,,,,,-9999.0,,,,,,,,,,
2017,10,18,,,,,,,,,-9.0,,,,,,,,,,,,,,,,,,,,,,,-9.0,-9.0,,,,,-9.0,,,,,,,,,,
2017,10,19,,,144.0,135.0,125.0,167.0,26.0,,999.0,0.0,,69.0,57.0,81.0,,,,73.94,66.02,,,290.0,270.0,,,,,63.0,76.0,,,999.0,999.0,,,,,999.0,,,,,,,,,,
2017,10,20,,,,,,,,,-999.0,,,,,,,,,,,,,,,,,,,,,,,-999.0,-999.0,,,,,,,,,,,,,,,
2017,10,21,,,,,,,,,,,,,,,,,,,,,,,,,,,,,,,,9.0,,,,,,,,,,,,,,,,
2017,10,22,,,156.0,152.0,142.0,172.0,21.0,,9999.0,0.0,,78.0,64.0,87.0,,,,75.02,60.980000000000004,,,330.0,330.0,,,,,58.0,63.0,,,1.0,9999.0,,,,,1.0,,,,,,,,,,
2017,10,23,,,,,,,,,-99.0,,,,,,,,,,,,,,,,,,,,,,,,-99.0,,,,,,,,,,,,,,,
2017,10,24,,,,,,,,,99.0,,,,,,,,,,,,,,,,,,,,,,,99.0,99.0,,,,,99.0,,,,,,,,,,
2017,10,25,,,56.0,10166.0,10152.0,144.0,20.0,,-9999.0,0.0,,30.0,13.0,57.0,,,74.66,89.06,64.94,,,310.0,310.0,,,,,72.0,94.0,,,-9999.0,-9999.0,,,,,-9999.0,,,,,,,,,,
2017,10,26,,,,,,,,,-9.0,,,,,,,,,,,,,,,,,,,,,,,-9.0,-9.0,,,,,-9.0,,,,,,,,,,
2017,10,27,,,106.0,149.0,135.0,167.0,15.0,,999.0,0.0,,46.0,26.0,71.0,,,,84.91999999999999,66.92,,,300.0,310.0,,,,,54.0,63.0,,,999.0,999.0,,,,,999.0,,,,,,,,,,
2017,10,28,,,,,,,,,-999.0,,,,,,,,,,,,,,,,,,,,,,,,-999.0,,,,,,,,,,,,,,,
2017,10,30,,,161.0,132.0,125.0,178.0,26.0,,9999.0,0.0,,77.0,68.0,87.0,,,,71.96,66.02,,,260.0,170.0,,,,,54.0,67.0,,,1.0,9999.0,,,,,1.0,,,,,,,,,,
2017,10,31,,,,,,,,,-99.0,,,,,,,,,,,,,,,,,,,,,,,,-99.0,,,,,,,,,,,,,,,
2017,11,1,,,128.0,10149.0,10135.0,156.0,23.0,,,0.0,,69.0,59.0,75.0,,,65.48,69.08,64.04,,,250.0,260.0,,,,,54.0,72.0,,,-9999.0,-9999.0,,,,,-9999.0,,,,,,,,,,
2017,11,2,,,,,,,,,,,,,,,,,,,,,,,,,,,,,,,,-9.0,-9.0,,,,,-9.0,,,,,,,,,,
2017,11,3,,,111.0,183.0,173.0,144.0,23.0,,,0.0,,62.0,49.0,73.0,,,,69.08,60.980000000000004,,,240.0,230.0,,,,,63.0,76.0,,,999.0,999.0,,,,,999.0,,,,,,,,,,
2017,11,4,,,,,,,,,,,,,,,,,,,,,,,,,,,,,,,,-999.0,-999.0,,,,,-999.0,,,,,,,,,,
2017,11,6,,,128.0,169.0,156.0,150.0,19.0,,,0.0,,73.0,63.0,81.0,,,,71.06,57.92,,,300.0,290.0,,,,,63.0,85.0,,,9999.0,9999.0,,,,,9999.0,,,,,,,,,,
2017,11,7,,,,,,,,,,,,,,,,,,,,,,,,,,,,,,,,-99.0,-99.0,,,,,-99.0,,,,,,,,,,
2017,11,8,,,,,,,,,,,,,,,,,,,,,,,,,,,,,,,,99.0,99.0,,,,,99.0,,,,,,,,,,
2017,11,9,,,133.0,10186.0,10173.0,156.0,19.0,,,0.0,,76.0,61.0,87.0,,,63.86,69.98,57.92,,,310.0,310.0,,,,,58.0,72.0,,,-9999.0,-9999.0,,,,,-9999.0,,,,,,,,,,
2017,11,10,,,,,,,,,,,,,,,,,,,,,,,,,,,,,,,,-9.0,-9.0,,,,,-9.0,,,,,,,,,,
2017,11,11,,,139.0,186.0,179.0,156.0,11.0,,,,,74.0,55.0,86.0,,,,71.96,60.980000000000004,,,310.0,320.0,,,,,58.0,72.0,,,999.0,999.0,,,,,999.0,,,,,,,,,,
2017,11,12,,,,,,,,,,,,,,,,,,,,,,,,,,,,,,,,-999.0,-999.0,,,,,-999.0,,,,,,,,,,
2017,11,14,,,139.0,173.0,163.0,161.0,31.0,,,0.0,,75.0,57.0,87.0,,,,73.04,62.059999999999995,,,310.0,310.0,,,,,76.0,98.0,,,9999.0,9999.0,,,,,9999.0,,,,,,,,,,
2017,11,15,,,,,,,,,,,,,,,,,,,,,,,,,,,,,,,,-99.0,-99.0,,,,,-99.0,,,,,,,,,,
2017,11,16,,,,,,,,,,,,,,,,,,,,,,,,,,,,,,,,99.0,99.0,,,,,99.0,,,,,,,,,,
2017,11,17,,,122.0,10166.0,10156.0,144.0,15.0,,,0.0,,77.0,63.0,87.0,,,61.88,69.08,55.94,,,270.0,280.0,,,,,54.0,67.0,,,-9999.0,-9999.0,,,,,-9999.0,,,,,,,,,,
2017,11,18,,,,,,,,,,,,,,,,,,,,,,,,,,,,,,,,-9.0,-9.0,,,,,-9.0,,,,,,,,,,
2017,11,19,,,139.0,179.0,169.0,150.0,17.0,,,0.0,,82.0,68.0,90.0,,,,68.0,57.92,,,300.0,300.0,,,,,63.0,76.0,,,999.0,999.0,,,,,999.0,,,,,,,,,,
2017,11,20,,,,,,,,,,,,,,,,,,,,,,,,,,,,,,,,,-999.0,,,,,,,,,,,,,,,
2017,11,22,,,117.0,176.0,166.0,144.0,21.0,,,0.0,,69.0,50.0,87.0,,,,73.94,55.04,,,310.0,310.0,,,,,63.0,76.0,,,1.0,9999.0,,,,,1.0,,,,,,,,,,
2017,11,23,,,,,,,,,,,,,,,,,,,,,,,,,,,,,,,,,-99.0,,,,,,,,,,,,,,,
2017,11,24,,,,,,,,,,,,,,,,,,,,,,,,,,,,,,,,99.0,99.0,,,,,99.0,,,,,,,,,,
2017,11,25,,,111.0,10146.0,10135.0,150.0,16.0,,,0.0,,56.0,35.0,78.0,,,66.92,78.08,60.980000000000004,,,310.0,310.0,,,,,63.0,76.0,,,-9999.0,-9999.0,,,,,-9999.0,,,,,,,,,,
2017,11,26,,,,,,,,,,,,,,,,,,,,,,,,,,,,,,,,-9.0,-9.0,,,,,-9.0,,,,,,,,,,
2017,11,27,,,144.0,179.0,169.0,161.0,20.0,,,,,75.0,55.0,90.0,,,,73.04,60.980000000000004,,,300.0,290.0,,,,,58.0,72.0,,,999.0,999.0,,,,,999.0,,,,,,,,,,
2017,11,28,,,,,,,,,,,,,,,,,,,,,,,,,,,,,,,,,-999.0,,,,,-999.0,,,,,,,,,,
2017,11,29,,,,,,,,,,,,,,,,,,,,,,,,,,,,,,,,,9.0,,,,,,,,,,,,,,,
2017,11,30,,,89.0,169.0,156.0,128.0,17.0,,,0.0,,62.0,27.0,100.0,,,,73.04,51.98,,,310.0,310.0,,,,,58.0,72.0,,,1.0,1.0,,,,,9999.0,,,,,,,,,,
2017,11,31,,,,,,,,,,,,,,,,,,,,,,,,,,,,,,,,,,,,,,-99.0,,,,,,,,,,
2017,12,1,,,128.0,10156.0,10146.0,144.0,15.0,,-9999.0,0.0,,78.0,51.0,90.0,,,62.42,71.06,55.04,,,300.0,290.0,,,,,72.0,89.0,,,1.0,-9999.0,,,,-9999.0,-9999.0,,,,,,,,,,
2017,12,2,,,,,,,,,-9.0,,,,,,,,,,,,,,,,,,,,,,,,-9.0,,,,-9.0,,,,,,,,,,,
2017,12,3,,,133.0,156.0,149.0,144.0,14.0,,999.0,0.0,,81.0,63.0,93.0,,,,69.98,55.04,,,290.0,290.0,,,,,45.0,58.0,,,1.0,999.0,,,,999.0,1.0,,,,,,,,,,
2017,12,4,,,,,,,,,-999.0,,,,,,,,,,,,,,,,,,,,,,,,-999.0,,,,-999.0,,,,,,,,,,,
2017,12,6,,,106.0,149.0,139.0,128.0,15.0,,9999.0,0.0,,76.0,54.0,90.0,,,,66.92,53.96,,,210.0,220.0,,,,,45.0,54.0,,,9999.0,9999.0,,,,9999.0,9999.0,,,,,,,,,,
2017,12,7,,,,,,,,,-99.0,,,,,,,,,,,,,,,,,,,,,,,-99.0,-99.0,,,,-99.0,-99.0,,,,,,,,,,
2017,12,8,,,,,,,,,99.0,,,,,,,,,,,,,,,,,,,,,,,99.0,99.0,,,,99.0,99.0,,,,,,,,,,
2017,12,9,,,-22.0,10207.0,10196.0,78.0,11.0,,-9999.0,0.0,,31.0,16.0,51.0,,,59.18,71.06,48.92,,,320.0,320.0,,,,,67.0,85.0,,,-9999.0,-9999.0,,,,-9999.0,-9999.0,,,,,,,,,,
2017,12,10,,,,,,,,,-9.0,,,,,,,,,,,,,,,,,,,,,,,-9.0,-9.0,,,,,-9.0,,,,,,,,,,
2017,12,11,,,100.0,247.0,240.0,78.0,36.0,,999.0,0.0,,19.0,4.0,61.0,,,,78.98,48.02,,,50.0,50.0,,,,,103.0,143.0,,,999.0,999.0,,,,1.0,999.0,,,,,,,,,,
2017,12,12,,,,,,,,,-999.0,,,,,,,,,,,,,,,,,,,,,,,-999.0,-999.0,,,,,-999.0,,,,,,,,,,
2017,12,14,,,-22.0,217.0,207.0,83.0,13.0,,9999.0,0.0,,28.0,9.0,47.0,,,,78.08,51.08,,,320.0,310.0,,,,,45.0,49.0,,,9999.0,9999.0,,,,9999.0,9999.0,,,,,,,,,,
2017,12,15,,,,,,,,,-99.0,,,,,,,,,,,,,,,,,,,,,,,-99.0,-99.0,,,,-99.0,-99.0,,,,,,,,,,
2017,12,16,,,,,,,,,99.0,,,,,,,,,,,,,,,,,,,,,,,99.0,99.0,,,,99.0,99.0,,,,,,,,,,
2017,12,17,,,-39.0,10217.0,10207.0,89.0,17.0,,-9999.0,0.0,,24.0,8.0,49.0,,,66.02,80.06,53.96,,,300.0,310.0,,,,,58.0,67.0,,,-9999.0,-9999.0,,,,-9999.0,1.0,,,,,,,,,,
2017,12,18,,,,,,,,,-9.0,,,,,,,,,,,,,,,,,,,,,,,-9.0,-9.0,,,,-9.0,,,,,,,,,,,
2017,12,19,,,-72.0,196.0,186.0,78.0,14.0,,999.0,0.0,,19.0,8.0,35.0,,,,78.08,50.0,,,340.0,340.0,,,,,54.0,58.0,,,999.0,999.0,,,,999.0,1.0,,,,,,,,,,
2017,12,20,,,,,,,,,-999.0,,,,,,,,,,,,,,,,,,,,,,,-999.0,-999.0,,,,-999.0,,,,,,,,,,,
2017,12,22,,,6.0,166.0,156.0,89.0,11.0,,9999.0,0.0,,39.0,10.0,69.0,,,,73.04,48.02,,,310.0,310.0,,,,,45.0,63.0,,,9999.0,9999.0,,,,9999.0,9999.0,,,,,,,,,,
2017,12,23,,,,,,,,,-99.0,,,,,,,,,,,,,,,,,,,,,,,-99.0,-99.0,,,,-99.0,,,,,,,,,,,
2017,12,24,,,,,,,,,99.0,,,,,,,,,,,,,,,,,,,,,,,99.0,99.0,,,,99.0,,,,,,,,,,,
2017,12,25,,,72.0,10081.0,10071.0,111.0,26.0,,1401.0,0.0,,63.0,28.0,81.0,,,60.26,64.94,53.06,,,200.0,200.0,,,,,67.0,85.0,,,-9999.0,-9999.0,,,,-9999.0,-9999.0,,,,,,,,,,
2017,12,26,,,,,,,,,,,,,,,,,,,,,,,,,,,,,,,,-9.0,-9.0,,,,-9.0,-9.0,,,,,,,,,,
2017,12,27,,,50.0,129.0,119.0,100.0,13.0,,255.0,0.0,,52.0,24.0,86.0,,,,71.06,50.0,,,240.0,240.0,,,,,58.0,72.0,,,999.0,999.0,,,,999.0,999.0,,,,,,,,,,
2017,12,28,,,,,,,,,,,,,,,,,,,,,,,,,,,,,,,,-999.0,-999.0,,,,-999.0,-999.0,,,,,,,,,,
2017,12,30,,,50.0,224.0,213.0,100.0,13.0,,1321.0,0.0,,56.0,29.0,78.0,,,,68.0,48.02,,,320.0,270.0,,,,,45.0,54.0,,,9999.0,9999.0,,,,9999.0,9999.0,,,,,,,,,,
2017,12,31,,,,,,,,,,,,,,,,,,,,,,,,,,,,,,,,,-99.0,,,,-99.0,-99.0,,,,,,,,,,
2018,1,1,,,117.0,10210.0,10200.0,128.0,17.0,,,0.0,,87.0,63.0,100.0,,,56.84,66.02,51.08,,,290.0,290.0,,,,,54.0,67.0,,,1.0,1.0,,,,,1.0,,,,,,,,,,
2018,1,3,,,117.0,193.0,183.0,139.0,20.0,,,0.0,,73.0,34.0,90.0,,,,71.96,53.96,,,310.0,310.0,,,,,63.0,76.0,,,1.0,999.0,,,,,1.0,,,,,,,,,,
2018,1,4,,,,,,,,,,,,,,,,,,,,,,,,,,,,,,,,,-999.0,,,,,,,,,,,,,,,
2018,1,5,,,,,,,,,,,,,,,,,,,,,,,,,,,,,,,,,9.0,,,,,,,,,,,,,,,
2018,1,6,,,106.0,203.0,196.0,133.0,16.0,,,0.0,,67.0,41.0,97.0,,,,69.98,53.96,,,310.0,300.0,,,,,54.0,72.0,,,1.0,1.0,,,,,1.0,,,,,,,,,,
2018,1,8,,,,,,,,,,,,,,,,,,,,,,,,,,,,,,,,,99.0,,,,,,,,,,,,,,,
2018,1,9,,,144.0,10203.0,10190.0,156.0,19.0,,,0.0,,87.0,73.0,96.0,,,61.88,68.0,59.0,,,320.0,330.0,,,,,63.0,81.0,,,1.0,-9999.0,,,,,1.0,,,,,,,,,,
2018,1,10,,,,,,,,,,,,,,,,,,,,,,,,,,,,,,,,,-9.0,,,,,,,,,,,,,,,
2018,1,11,,,133.0,176.0,169.0,144.0,16.0,,,0.0,,82.0,70.0,100.0,,,,66.02,55.94,,,300.0,290.0,,,,,54.0,67.0,,,1.0,999.0,,,,,999.0,,,,,,,,,,
2018,1,12,,,,,,,,,,,,,,,,,,,,,,,,,,,,,,,,,-999.0,,,,,-999.0,,,,,,,,,,
2018,1,13,,,,,,,,,,,,,,,,,,,,,,,,,,,,,,,,,,,,,,9.0,,,,,,,,,,
2018,1,14,,,128.0,105.0,95.0,139.0,65.0,,,399.0,,84.0,65.0,96.0,,,,64.94,55.94,,,160.0,160.0,,,,,165.0,206.0,,,1.0,9999.0,,,,,1.0,,,,,,,,,,
2018,1,15,,,,,,,,,,,,,,,,,,,,,,,,,,,,,,,,,-99.0,,,,,,,,,,,,,,,
2018,1,16,,,,,,,,,,,,,,,,,,,,,,,,,,,,,,,,,99.0,,,,,99.0,,,,,,,,,,
2018,1,17,,,117.0,10224.0,10213.0,128.0,16.0,,,0.0,,81.0,63.0,93.0,,,57.92,68.0,51.08,,,320.0,330.0,,,,,54.0,63.0,,,-9999.0,-9999.0,,,,,-9999.0,,,,,,,,,,
2018,1,19,,,122.0,210.0,200.0,128.0,21.0,,,0.0,,89.0,66.0,100.0,,,,66.92,51.08,,,300.0,310.0,,,,,58.0,76.0,,,1.0,1.0,,,,,1.0,,,,,,,,,,
2018,1,22,,,50.0,200.0,190.0,117.0,10.0,,,0.0,,44.0,21.0,62.0,,,,78.08,55.94,,,230.0,220.0,,,,,40.0,49.0,,,9999.0,9999.0,,,,,9999.0,,,,,,,,,,
2018,1,23,,,,,,,,,,,,,,,,,,,,,,,,,,,,,,,,-99.0,-99.0,,,,,-99.0,,,,,,,,,,
2018,1,24,,,,,,,,,,,,,,,,,,,,,,,,,,,,,,,,99.0,99.0,,,,,99.0,,,,,,,,,,
2018,1,25,,,122.0,10207.0,10196.0,139.0,19.0,,,0.0,,81.0,57.0,93.0,,,60.08,68.0,53.96,,,300.0,300.0,,,,,63.0,81.0,,,1.0,-9999.0,,,,,1.0,,,,,,,,,,
2018,1,27,,,117.0,203.0,196.0,133.0,16.0,,,0.0,,75.0,42.0,96.0,,,,71.96,53.06,,,310.0,320.0,,,,,67.0,89.0,,,1.0,1.0,,,,,1.0,,,,,,,,,,
2018,1,30,,,117.0,163.0,156.0,133.0,24.0,,,3.0,,79.0,65.0,90.0,,,,62.959999999999994,57.02,,,280.0,280.0,,,,,63.0,81.0,,,1.0,9999.0,,,,,1.0,,,,,,,,,,
2018,1,31,,,,,,,,,,,,,,,,,,,,,,,,,,,,,,,,,-99.0,,,,,,,,,,,,,,,
2018,2,1,,,89.0,10163.0,10152.0,122.0,13.0,,1346.0,0.0,,67.0,48.0,90.0,,,61.88,80.96,53.06,,,340.0,340.0,,,,,45.0,54.0,,,-9999.0,,,,,,,,,,,,,,,,
2018,2,2,,,,,,,,,,,,,,,,,,,,,,,,,,,,,,,,-9.0,,,,,,,,,,,,,,,,
2018,2,3,,,67.0,183.0,173.0,122.0,11.0,,343.0,0.0,,52.0,18.0,81.0,,,,77.0,53.96,,,320.0,340.0,,,,,40.0,49.0,,,999.0,,,,,,,,,,,,,,,,
2018,2,4,,,,,,,,,,,,,,,,,,,,,,,,,,,,,,,,-999.0,,,,,,,,,,,,,,,,
2018,2,6,,,72.0,169.0,159.0,122.0,14.0,,1250.0,0.0,,55.0,32.0,80.0,,,,78.08,51.98,,,310.0,320.0,,,,,54.0,67.0,,,9999.0,,,,,,,,,,,,,,,,
2018,2,7,,,,,,,,,,,,,,,,,,,,,,,,,,,,,,,,-99.0,,,,,,,,,,,,,,,,
2018,2,8,,,,,,,,,,,,,,,,,,,,,,,,,,,,,,,,99.0,,,,,,,,,,,,,,,,
2018,2,9,,,117.0,10169.0,10159.0,133.0,22.0,,1057.0,0.0,,79.0,68.0,87.0,,,60.08,64.04,57.02,,,220.0,210.0,,,,,45.0,58.0,,,-9999.0,,,,,,,,,,,,,,,,
2018,2,10,,,,,,,,,,,,,,,,,,,,,,,,,,,,,,,,-9.0,,,,,,,,,,,,,,,,
2018,2,11,,,83.0,213.0,207.0,128.0,20.0,,635.0,0.0,,60.0,27.0,100.0,,,,75.02,53.06,,,340.0,340.0,,,,,58.0,72.0,,,999.0,,,,,,,,,,,,,,,,
2018,2,12,,,,,,,,,,,,,,,,,,,,,,,,,,,,,,,,-999.0,,,,,,,,,,,,,,,,
2018,2,14,,,122.0,159.0,149.0,133.0,26.0,,2212.0,0.0,,87.0,75.0,100.0,,,,64.04,51.08,,,170.0,200.0,,,,,58.0,72.0,,,9999.0,,,,,,,,,,,,,,,,
2018,2,15,,,,,,,,,,,,,,,,,,,,,,,,,,,,,,,,-99.0,,,,,,,,,,,,,,,,
2018,2,16,,,,,,,,,,,,,,,,,,,,,,,,,,,,,,,,99.0,,,,,,,,,,,,,,,,
2018,2,17,,,111.0,10129.0,10119.0,133.0,21.0,,1410.0,0.0,,71.0,53.0,83.0,,,61.16,69.08,53.96,,,190.0,200.0,,,,,67.0,85.0,,,-9999.0,,,,,,,,,,,,,,,,
2018,2,18,,,,,,,,,,,,,,,,,,,,,,,,,,,,,,,,-9.0,,,,,,,,,,,,,,,,
2018,2,19,,,89.0,132.0,122.0,122.0,42.0,,245.0,0.0,,64.0,49.0,81.0,,,,64.04,55.94,,,260.0,260.0,,,,,72.0,94.0,,,999.0,,,,,,,,,,,,,,,,
2018,2,20,,,,,,,,,,,,,,,,,,,,,,,,,,,,,,,,-999.0,,,,,,,,,,,,,,,,
2018,2,22,,,89.0,193.0,183.0,128.0,20.0,,1746.0,,,60.0,42.0,84.0,,,,69.98,55.94,,,210.0,150.0,,,,,54.0,63.0,,,9999.0,,,,,,,,,,,,,,,,
2018,2,23,,,,,,,,,,,,,,,,,,,,,,,,,,,,,,,,-99.0,,,,,,,,,,,,,,,,
2018,2,24,,,,,,,,,,,,,,,,,,,,,,,,,,,,,,,,99.0,,,,,,,,,,,,,,,,
2018,2,25,,,22.0,10196.0,10186.0,106.0,21.0,,1505.0,0.0,,36.0,16.0,62.0,,,63.5,75.92,55.94,,,330.0,320.0,,,,,67.0,85.0,,,-9999.0,,,,,,,,,,,,,,,,
2018,2,26,,,,,,,,,,,,,,,,,,,,,,,,,,,,,,,,-9.0,,,,,,,,,,,,,,,,
2018,2,27,,,-6.0,190.0,179.0,89.0,15.0,,528.0,0.0,,33.0,15.0,56.0,,,,75.92,50.0,,,310.0,310.0,,,,,63.0,81.0,,,999.0,,,,,,,,,,,,,,,,
2018,2,28,,,,,,,,,,,,,,,,,,,,,,,,,,,,,,,,-999.0,,,,,,,,,,,,,,,,
2018,2,30,,,17.0,149.0,139.0,83.0,68.0,,1600.0,,,44.0,32.0,67.0,,,,60.980000000000004,50.0,,,260.0,270.0,,,,,112.0,143.0,,,9999.0,,,,,,,,,,,,,,,,
2018,2,31,,,,,,,,,,,,,,,,,,,,,,,,,,,,,,,,-99.0,,,,,,,,,,,,,,,,
2018,3,1,,,61.0,10220.0,10210.0,94.0,22.0,,,0.0,,63.0,46.0,77.0,,,54.86,62.959999999999994,48.02,,,280.0,300.0,,,,,72.0,98.0,,,-9999.0,-9999.0,,,,,-9999.0,,,,,,,,,,
2018,3,2,,,,,,,,,,,,,,,,,,,,,,,,,,,,,,,,-9.0,-9.0,,,,,-9.0,,,,,,,,,,
2018,3,3,,,78.0,196.0,183.0,111.0,25.0,,,0.0,,67.0,49.0,80.0,,,,66.02,48.92,,,270.0,280.0,,,,,58.0,81.0,,,999.0,999.0,,,,,999.0,,,,,,,,,,
2018,3,4,,,,,,,,,,,,,,,,,,,,,,,,,,,,,,,,,-999.0,,,,,-999.0,,,,,,,,,,
2018,3,6,,,44.0,220.0,207.0,94.0,36.0,,,3.0,,55.0,39.0,74.0,,,,62.059999999999995,51.08,,,320.0,310.0,,,,,81.0,98.0,,,9999.0,9999.0,,,,,9999.0,,,,,,,,,,
2018,3,7,,,,,,,,,,,,,,,,,,,,,,,,,,,,,,,,-99.0,-99.0,,,,,-99.0,,,,,,,,,,
2018,3,8,,,,,,,,,,,,,,,,,,,,,,,,,,,,,,,,99.0,99.0,,,,,99.0,,,,,,,,,,
2018,3,9,,,-33.0,10176.0,10163.0,83.0,16.0,,,0.0,,27.0,9.0,56.0,,,62.78,73.94,51.98,,,280.0,280.0,,,,,67.0,85.0,,,-9999.0,-9999.0,,,,,-9999.0,,,,,,,,,,
2018,3,10,,,,,,,,,,,,,,,,,,,,,,,,,,,,,,,,-9.0,-9.0,,,,,-9.0,,,,,,,,,,
2018,3,11,,,28.0,173.0,163.0,100.0,22.0,,,0.0,,45.0,16.0,81.0,,,,73.04,53.96,,,320.0,300.0,,,,,54.0,76.0,,,999.0,999.0,,,,,999.0,,,,,,,,,,
2018,3,12,,,,,,,,,,,,,,,,,,,,,,,,,,,,,,,,-999.0,-999.0,,,,,,,,,,,,,,,
2018,3,14,,,111.0,159.0,149.0,133.0,15.0,,,0.0,,75.0,56.0,90.0,,,,66.92,53.96,,,310.0,280.0,,,,,45.0,67.0,,,9999.0,9999.0,,,,,9999.0,,,,,,,,,,
2018,3,15,,,,,,,,,,,,,,,,,,,,,,,,,,,,,,,,,-99.0,,,,,,,,,,,,,,,
2018,3,16,,,,,,,,,,,,,,,,,,,,,,,,,,,,,,,,,99.0,,,,,,,,,,,,,,,
2018,3,17,,,128.0,10186.0,10176.0,150.0,32.0,,,0.0,,77.0,68.0,84.0,,,61.88,68.0,60.08,,,210.0,180.0,,,,,72.0,94.0,,,-9999.0,-9999.0,,,,,-9999.0,,,,,,,,,,
2018,3,18,,,,,,,,,,,,,,,,,,,,,,,,,,,,,,,,-9.0,-9.0,,,,,-9.0,,,,,,,,,,
2018,3,19,,,133.0,186.0,173.0,150.0,28.0,,,0.0,,79.0,70.0,90.0,,,,68.0,60.08,,,300.0,290.0,,,,,63.0,76.0,,,999.0,999.0,,,,,999.0,,,,,,,,,,
2018,3,20,,,,,,,,,,,,,,,,,,,,,,,,,,,,,,,,,-999.0,,,,,,,,,,,,,,,
2018,3,22,,,122.0,173.0,163.0,144.0,39.0,,,3.0,,75.0,47.0,93.0,,,,66.92,60.08,,,290.0,300.0,,,,,67.0,89.0,,,1.0,9999.0,,,,,9999.0,,,,,,,,,,
2018,3,23,,,,,,,,,,,,,,,,,,,,,,,,,,,,,,,,,-99.0,,,,,-99.0,,,,,,,,,,
2018,3,24,,,,,,,,,,,,,,,,,,,,,,,,,,,,,,,,,99.0,,,,,99.0,,,,,,,,,,
2018,3,25,,,61.0,10176.0,10163.0,100.0,30.0,,,0.0,,60.0,43.0,72.0,,,57.02,64.04,51.08,,,260.0,290.0,,,,,72.0,103.0,,,-9999.0,-9999.0,,,,,1.0,,,,,,,,,,
2018,3,26,,,,,,,,,,,,,,,,,,,,,,,,,,,,,,,,,-9.0,,,,,,,,,,,,,,,
2018,3,27,,,78.0,176.0,163.0,111.0,38.0,,,69.0,,69.0,45.0,93.0,,,,64.04,51.98,,,300.0,290.0,,,,,67.0,85.0,,,1.0,999.0,,,,,999.0,,,,,,,,,,
2018,3,28,,,,,,,,,,,,,,,,,,,,,,,,,,,,,,,,,-999.0,,,,,-999.0,,,,,,,,,,
2018,3,30,,,78.0,179.0,169.0,117.0,20.0,,,0.0,,63.0,42.0,81.0,,,,69.08,51.08,,,300.0,300.0,,,,,63.0,76.0,,,9999.0,9999.0,,,,,9999.0,,,,,,,,,,
2018,3,31,,,,,,,,,,,,,,,,,,,,,,,,,,,,,,,,-99.0,-99.0,,,,,-99.0,,,,,,,,,,
2018,4,1,,,106.0,10139.0,10129.0,133.0,24.0,,,0.0,,73.0,63.0,84.0,,,59.9,66.02,57.02,,,220.0,230.0,,,,,58.0,81.0,,,-9999.0,,,,,,-9999.0,,,,,,,,,,
2018,4,2,,,,,,,,,,,,,,,,,,,,,,,,,,,,,,,,-9.0,,,,,,-9.0,,,,,,,,,,
2018,4,3,,,106.0,125.0,115.0,133.0,36.0,,,0.0,,72.0,65.0,80.0,,,,64.04,59.0,,,200.0,200.0,,,,,67.0,76.0,,,999.0,,,,,,999.0,,,,,,,,,,
2018,4,4,,,,,,,,,,,,,,,,,,,,,,,,,,,,,,,,-999.0,,,,,,-999.0,,,,,,,,,,
2018,4,6,,,117.0,179.0,166.0,133.0,27.0,,,0.0,,79.0,73.0,83.0,,,,64.04,57.02,,,290.0,290.0,,,,,63.0,81.0,,,9999.0,,,,,,9999.0,,,,,,,,,,
2018,4,9,,,122.0,10159.0,10149.0,139.0,27.0,,,0.0,,74.0,61.0,83.0,,,61.88,69.08,59.0,,,280.0,270.0,,,,,54.0,72.0,,,-9999.0,,,,,,-9999.0,,,,,,,,,,
2018,4,10,,,,,,,,,,,,,,,,,,,,,,,,,,,,,,,,-9.0,,,,,,-9.0,,,,,,,,,,
2018,4,11,,,139.0,156.0,146.0,156.0,26.0,,,0.0,,77.0,65.0,87.0,,,,71.96,60.08,,,290.0,280.0,,,,,58.0,67.0,,,999.0,,,,,,999.0,,,,,,,,,,
2018,4,12,,,,,,,,,,,,,,,,,,,,,,,,,,,,,,,,-999.0,,,,,,-999.0,,,,,,,,,,
2018,4,14,,,133.0,142.0,135.0,156.0,18.0,,,0.0,,69.0,45.0,87.0,,,,77.0,59.0,,,180.0,200.0,,,,,58.0,72.0,,,9999.0,,,,,,9999.0,,,,,,,,,,
2018,4,15,,,,,,,,,,,,,,,,,,,,,,,,,,,,,,,,-99.0,,,,,,-99.0,,,,,,,,,,
2018,4,16,,,,,,,,,,,,,,,,,,,,,,,,,,,,,,,,99.0,,,,,,99.0,,,,,,,,,,
2018,4,17,,,133.0,10156.0,10146.0,156.0,26.0,,,0.0,,75.0,55.0,93.0,,,66.56,73.04,60.08,,,270.0,270.0,,,,,72.0,85.0,,,1.0,,,,,,1.0,,,,,,,,,,
2018,4,19,,,89.0,183.0,169.0,128.0,37.0,,,0.0,,61.0,43.0,75.0,,,,66.92,59.0,,,300.0,300.0,,,,,81.0,116.0,,,999.0,,,,,,999.0,,,,,,,,,,
2018,4,20,,,,,,,,,,,,,,,,,,,,,,,,,,,,,,,,-999.0,,,,,,-999.0,,,,,,,,,,
2018,4,22,,,-6.0,210.0,196.0,106.0,24.0,,,0.0,,24.0,13.0,43.0,,,,82.04,57.02,,,320.0,320.0,,,,,76.0,98.0,,,9999.0,,,,,,9999.0,,,,,,,,,,
2018,4,23,,,,,,,,,,,,,,,,,,,,,,,,,,,,,,,,-99.0,,,,,,-99.0,,,,,,,,,,
2018,4,24,,,,,,,,,,,,,,,,,,,,,,,,,,,,,,,,99.0,,,,,,99.0,,,,,,,,,,
2018,4,25,,,94.0,10183.0,10169.0,128.0,41.0,,,0.0,,64.0,50.0,84.0,,,62.78,66.92,57.02,,,290.0,280.0,,,,,89.0,116.0,,,-9999.0,,,,,,-9999.0,,,,,,,,,,
2018,4,26,,,,,,,,,,,,,,,,,,,,,,,,,,,,,,,,-9.0,,,,,,-9.0,,,,,,,,,,
2018,4,27,,,50.0,203.0,190.0,106.0,39.0,,,0.0,,51.0,32.0,64.0,,,,71.06,55.04,,,320.0,330.0,,,,,94.0,116.0,,,999.0,,,,,,999.0,,,,,,,,,,
2018,4,28,,,,,,,,,,,,,,,,,,,,,,,,,,,,,,,,-999.0,,,,,,-999.0,,,,,,,,,,
2018,4,30,,,78.0,186.0,173.0,111.0,38.0,,,3.0,,63.0,50.0,87.0,,,,62.959999999999994,55.04,,,290.0,330.0,,,,,81.0,107.0,,,9999.0,,,,,,9999.0,,,,,,,,,,
2018,4,31,,,,,,,,,,,,,,,,,,,,,,,,,,,,,,,,-99.0,,,,,,-99.0,,,,,,,,,,
2018,5,1,,,72.0,10146.0,10132.0,106.0,39.0,,,8.0,,65.0,56.0,90.0,,,58.1,60.980000000000004,53.96,,,230.0,240.0,,,,,72.0,89.0,,,1.0,,,,,,-9999.0,,,,,,,,,,
2018,5,3,,,100.0,183.0,169.0,122.0,29.0,,,20.0,,74.0,58.0,90.0,,,,64.04,53.96,,,240.0,240.0,,,,,67.0,85.0,,,1.0,,,,,,1.0,,,,,,,,,,
2018,5,6,,,128.0,190.0,179.0,156.0,31.0,,,0.0,,68.0,43.0,87.0,,,,80.06,57.02,,,300.0,310.0,,,,,89.0,112.0,,,9999.0,,,,,,9999.0,,,,,,,,,,
2018,5,7,,,,,,,,,,,,,,,,,,,,,,,,,,,,,,,,,,,,,,-99.0,,,,,,,,,,
2018,5,8,,,,,,,,,,,,,,,,,,,,,,,,,,,,,,,,,,,,,,99.0,,,,,,,,,,
2018,5,9,,,128.0,10163.0,10152.0,150.0,28.0,,,0.0,,71.0,57.0,90.0,,,66.56,73.04,60.08,,,290.0,300.0,,,,,67.0,81.0,,,-9999.0,,,,,,-9999.0,,,,,,,,,,
2018,5,10,,,,,,,,,,,,,,,,,,,,,,,,,,,,,,,,-9.0,,,,,,-9.0,,,,,,,,,,
2018,5,11,,,122.0,176.0,163.0,144.0,24.0,,,0.0,,74.0,63.0,84.0,,,,68.0,60.08,,,220.0,220.0,,,,,58.0,72.0,,,999.0,,,,,,999.0,,,,,,,,,,
2018,5,14,,,128.0,142.0,129.0,150.0,26.0,,,0.0,,74.0,59.0,84.0,,,,69.98,60.08,,,270.0,230.0,,,,,54.0,72.0,,,9999.0,,,,,,1.0,,,,,,,,,,
2018,5,17,,,111.0,10125.0,10119.0,133.0,60.0,,,0.0,,73.0,67.0,83.0,,,61.34,62.059999999999995,59.0,,,160.0,190.0,,,,,81.0,112.0,,,-9999.0,,,,,,-9999.0,,,,,,,,,,
2018,5,18,,,,,,,,,,,,,,,,,,,,,,,,,,,,,,,,-9.0,,,,,,-9.0,,,,,,,,,,
2018,5,19,,,106.0,156.0,146.0,128.0,30.0,,,3.0,,70.0,63.0,83.0,,,,64.04,57.02,,,250.0,200.0,,,,,58.0,76.0,,,999.0,,,,,,999.0,,,,,,,,,,
2018,5,20,,,,,,,,,,,,,,,,,,,,,,,,,,,,,,,,-999.0,,,,,,-999.0,,,,,,,,,,
2018,5,22,,,117.0,159.0,146.0,144.0,32.0,,,0.0,,69.0,61.0,78.0,,,,69.08,59.0,,,290.0,300.0,,,,,76.0,103.0,,,9999.0,,,,,,9999.0,,,,,,,,,,
2018,5,23,,,,,,,,,,,,,,,,,,,,,,,,,,,,,,,,-99.0,,,,,,-99.0,,,,,,,,,,
2018,5,24,,,,,,,,,,,,,,,,,,,,,,,,,,,,,,,,99.0,,,,,,99.0,,,,,,,,,,
2018,5,25,,,111.0,10166.0,10156.0,139.0,32.0,,,0.0,,66.0,55.0,78.0,,,63.86,69.98,60.980000000000004,,,300.0,290.0,,,,,67.0,85.0,,,-9999.0,,,,,,-9999.0,,,,,,,,,,
2018,5,26,,,,,,,,,,,,,,,,,,,,,,,,,,,,,,,,-9.0,,,,,,-9.0,,,,,,,,,,
2018,5,27,,,106.0,159.0,149.0,133.0,31.0,,,0.0,,67.0,56.0,78.0,,,,66.02,60.08,,,240.0,200.0,,,,,67.0,85.0,,,999.0,,,,,,999.0,,,,,,,,,,
2018,5,28,,,,,,,,,,,,,,,,,,,,,,,,,,,,,,,,-999.0,,,,,,-999.0,,,,,,,,,,
2018,5,30,,,117.0,139.0,129.0,139.0,24.0,,,0.0,,72.0,67.0,78.0,,,,66.02,60.08,,,240.0,290.0,,,,,54.0,76.0,,,9999.0,,,,,,9999.0,,,,,,,,,,
2018,5,31,,,,,,,,,,,,,,,,,,,,,,,,,,,,,,,,-99.0,,,,,,-99.0,,,,,,,,,,
2018,6,1,,,128.0,10152.0,10142.0,150.0,29.0,,,0.0,,69.0,57.0,81.0,,,64.94,71.06,62.059999999999995,,,210.0,280.0,,,,,58.0,76.0,,,-9999.0,,,,,,-9999.0,,,,,,,,,,
2018,6,2,,,,,,,,,,,,,,,,,,,,,,,,,,,,,,,,-9.0,,,,,,-9.0,,,,,,,,,,
2018,6,3,,,139.0,149.0,139.0,161.0,22.0,,,0.0,,75.0,61.0,87.0,,,,71.96,60.08,,,210.0,260.0,,,,,58.0,67.0,,,999.0,,,,,,999.0,,,,,,,,,,
2018,6,4,,,,,,,,,,,,,,,,,,,,,,,,,,,,,,,,-999.0,,,,,,-999.0,,,,,,,,,,
2018,6,6,,,139.0,125.0,119.0,156.0,28.0,,,0.0,,78.0,68.0,84.0,,,,69.08,62.059999999999995,,,200.0,190.0,,,,,58.0,67.0,,,9999.0,,,,,,9999.0,,,,,,,,,,
2018,6,7,,,,,,,,,,,,,,,,,,,,,,,,,,,,,,,,,,,,,,-99.0,,,,,,,,,,
2018,6,8,,,,,,,,,,,,,,,,,,,,,,,,,,,,,,,,,,,,,,99.0,,,,,,,,,,
2018,6,9,,,128.0,10129.0,10119.0,156.0,30.0,,,0.0,,69.0,61.0,76.0,,,65.66,71.06,62.959999999999994,,,260.0,260.0,,,,,63.0,89.0,,,-9999.0,,,,,,-9999.0,,,,,,,,,,
2018,6,10,,,,,,,,,,,,,,,,,,,,,,,,,,,,,,,,-9.0,,,,,,-9.0,,,,,,,,,,
2018,6,11,,,122.0,142.0,132.0,150.0,28.0,,,0.0,,68.0,61.0,78.0,,,,69.98,62.059999999999995,,,220.0,230.0,,,,,58.0,89.0,,,999.0,,,,,,999.0,,,,,,,,,,
2018,6,12,,,,,,,,,,,,,,,,,,,,,,,,,,,,,,,,-999.0,,,,,,-999.0,,,,,,,,,,
2018,6,13,,,,,,,,,,,,,,,,,,,,,,,,,,,,,,,,9.0,,,,,,9.0,,,,,,,,,,
2018,6,14,,,156.0,132.0,122.0,172.0,29.0,,,0.0,,73.0,52.0,87.0,,,,75.92,62.959999999999994,,,290.0,280.0,,,,,54.0,67.0,,,1.0,,,,,,1.0,,,,,,,,,,
2018,6,16,,,,,,,,,,,,,,,,,,,,,,,,,,,,,,,,99.0,,,,,,99.0,,,,,,,,,,
2018,6,17,,,156.0,10098.0,10088.0,172.0,26.0,,,0.0,,75.0,62.0,87.0,,,66.92,73.04,62.959999999999994,,,210.0,-9999.0,,,,,45.0,-9999.0,,,1.0,,,,,,1.0,,,,,,,,,,
2018,6,19,,,156.0,105.0,95.0,172.0,25.0,,,0.0,,75.0,64.0,84.0,,,,73.04,64.94,,,210.0,210.0,,,,,54.0,72.0,,,999.0,,,,,,999.0,,,,,,,,,,
2018,6,20,,,,,,,,,,,,,,,,,,,,,,,,,,,,,,,,-999.0,,,,,,-999.0,,,,,,,,,,
2018,6,21,,,,,,,,,,,,,,,,,,,,,,,,,,,,,,,,9.0,,,,,,9.0,,,,,,,,,,
2018,6,22,,,156.0,102.0,91.0,178.0,25.0,,,0.0,,74.0,60.0,84.0,,,,78.08,64.94,,,250.0,260.0,,,,,63.0,85.0,,,1.0,,,,,,1.0,,,,,,,,,,
2018,6,24,,,,,,,,,,,,,,,,,,,,,,,,,,,,,,,,99.0,,,,,,99.0,,,,,,,,,,
2018,6,25,,,122.0,10115.0,10105.0,144.0,41.0,,,0.0,,70.0,63.0,78.0,,,65.12,66.02,62.959999999999994,,,200.0,200.0,,,,,67.0,81.0,,,-9999.0,,,,,,-9999.0,,,,,,,,,,
2018,6,26,,,,,,,,,,,,,,,,,,,,,,,,,,,,,,,,-9.0,,,,,,-9.0,,,,,,,,,,
2018,6,27,,,106.0,149.0,139.0,139.0,34.0,,,0.0,,62.0,51.0,73.0,,,,69.98,62.959999999999994,,,260.0,260.0,,,,,67.0,89.0,,,999.0,,,,,,999.0,,,,,,,,,,
2018,6,28,,,,,,,,,,,,,,,,,,,,,,,,,,,,,,,,-999.0,,,,,,-999.0,,,,,,,,,,
2018,6,30,,,139.0,149.0,139.0,161.0,30.0,,,0.0,,71.0,61.0,81.0,,,,71.96,64.04,,,280.0,280.0,,,,,63.0,89.0,,,9999.0,,,,,,9999.0,,,,,,,,,,
2018,6,31,,,,,,,,,,,,,,,,,,,,,,,,,,,,,,,,-99.0,,,,,,-99.0,,,,,,,,,,
2018,7,1,,,139.0,10163.0,10152.0,161.0,27.0,,,0.0,,71.0,61.0,78.0,,,65.84,71.96,62.959999999999994,,,260.0,280.0,,,,,58.0,76.0,,,-9999.0,,,,,,-9999.0,,,,,,,,,,
2018,7,2,,,,,,,,,,,,,,,,,,,,,,,,,,,,,,,,-9.0,,,,,,-9.0,,,,,,,,,,
2018,7,3,,,150.0,146.0,135.0,172.0,34.0,,,0.0,,70.0,58.0,78.0,,,,75.02,64.94,,,290.0,300.0,,,,,76.0,94.0,,,999.0,,,,,,999.0,,,,,,,,,,
2018,7,4,,,,,,,,,,,,,,,,,,,,,,,,,,,,,,,,-999.0,,,,,,-999.0,,,,,,,,,,
2018,7,5,,,,,,,,,,,,,,,,,,,,,,,,,,,,,,,,,,,,,,9.0,,,,,,,,,,
2018,7,6,,,150.0,163.0,152.0,172.0,26.0,,,0.0,,69.0,55.0,79.0,,,,75.02,66.02,,,270.0,300.0,,,,,58.0,81.0,,,9999.0,,,,,,1.0,,,,,,,,,,
2018,7,7,,,,,,,,,,,,,,,,,,,,,,,,,,,,,,,,-99.0,,,,,,,,,,,,,,,,
2018,7,8,,,,,,,,,,,,,,,,,,,,,,,,,,,,,,,,99.0,,,,,,,,,,,,,,,,
2018,7,9,,,172.0,10115.0,10102.0,200.0,30.0,,,0.0,,65.0,25.0,87.0,,,76.28,96.08000000000001,68.0,,,330.0,310.0,,,,,67.0,85.0,,,-9999.0,,,,,,-9999.0,,,,,,,,,,
2018,7,10,,,,,,,,,,,,,,,,,,,,,,,,,,,,,,,,-9.0,,,,,,-9.0,,,,,,,,,,
2018,7,11,,,167.0,108.0,98.0,200.0,22.0,,,0.0,,60.0,42.0,81.0,,,,82.94,71.06,,,190.0,180.0,,,,,58.0,72.0,,,999.0,,,,,,999.0,,,,,,,,,,
2018,7,12,,,,,,,,,,,,,,,,,,,,,,,,,,,,,,,,-999.0,,,,,,-999.0,,,,,,,,,,
2018,7,14,,,189.0,142.0,129.0,211.0,25.0,,,0.0,,73.0,51.0,84.0,,,,82.94,73.94,,,180.0,160.0,,,,,58.0,85.0,,,9999.0,,,,,,9999.0,,,,,,,,,,
2018,7,15,,,,,,,,,,,,,,,,,,,,,,,,,,,,,,,,-99.0,,,,,,-99.0,,,,,,,,,,
2018,7,16,,,,,,,,,,,,,,,,,,,,,,,99.0,,,,,,99.0,,,99.0,,,,,,99.0,,,,,,,,,,
2018,7,17,,,183.0,10129.0,10119.0,200.0,26.0,,,0.0,,74.0,64.0,84.0,,,74.3,80.06,71.06,,,210.0,220.0,,,,,63.0,72.0,,,-9999.0,,,,,,-9999.0,,,,,,,,,,
2018,7,18,,,,,,,,,,,,,,,,,,,,,,,,,,,,,,,,-9.0,,,,,,-9.0,,,,,,,,,,
2018,7,19,,,183.0,149.0,139.0,200.0,31.0,,,0.0,,73.0,64.0,79.0,,,,78.98,71.06,,,210.0,300.0,,,,,58.0,85.0,,,999.0,,,,,,999.0,,,,,,,,,,
2018,7,20,,,,,,,,,,,,,,,,,,,,,,,,,,,,,,,,-999.0,,,,,,-999.0,,,,,,,,,,
2018,7,22,,,183.0,152.0,142.0,200.0,30.0,,,0.0,,73.0,62.0,81.0,,,,80.06,71.06,,,280.0,290.0,,,,,63.0,81.0,,,9999.0,,,,,,9999.0,,,,,,,,,,
2018,7,23,,,,,,,,,,,,,,,,,,,,,,,,,,,,,,,,-99.0,,,,,,-99.0,,,,,,,,,,
2018,7,24,,,,,,,,,,,,,,,,,,,,,,,,,,,,,,,,99.0,,,,,,99.0,,,,,,,,,,
2018,7,25,,,172.0,10152.0,10142.0,189.0,28.0,,,0.0,,75.0,64.0,84.0,,,70.7,78.98,68.0,,,230.0,260.0,,,,,58.0,89.0,,,-9999.0,,,,,,-9999.0,,,,,,,,,,
2018,7,26,,,,,,,,,,,,,,,,,,,,,,,,,,,,,,,,-9.0,,,,,,-9.0,,,,,,,,,,
2018,7,27,,,178.0,152.0,146.0,194.0,30.0,,,0.0,,73.0,66.0,79.0,,,,78.08,69.08,,,270.0,290.0,,,,,63.0,81.0,,,999.0,,,,,,999.0,,,,,,,,,,
2018,7,28,,,,,,,,,,,,,,,,,,,,,,,,,,,,,,,,-999.0,,,,,,-999.0,,,,,,,,,,
2018,7,30,,,172.0,149.0,135.0,189.0,25.0,,,0.0,,72.0,62.0,81.0,,,,78.98,69.08,,,210.0,220.0,,,,,67.0,81.0,,,9999.0,,,,,,9999.0,,,,,,,,,,
2018,7,31,,,,,,,,,,,,,,,,,,,,,,,,,,,,,,,,-99.0,,,,,,-99.0,,,,,,,,,,
2018,8,1,,,194.0,10135.0,10125.0,217.0,27.0,,,0.0,,68.0,51.0,79.0,,,78.08,86.0,73.94,,,290.0,290.0,,,,,67.0,81.0,,,-9999.0,,,,,,1.0,,,,,,,,,,
2018,8,2,,,,,,,,,,,,,,,,,,,,,,,,,,,,,,,,-9.0,,,,,,,,,,,,,,,,
2018,8,3,,,194.0,132.0,119.0,217.0,24.0,,,0.0,,70.0,50.0,82.0,,,,84.91999999999999,73.94,,,290.0,260.0,,,,,58.0,72.0,,,999.0,,,,,,999.0,,,,,,,,,,
2018,8,4,,,,,,,,,,,,,,,,,,,,,,,,,,,,,,,,-999.0,,,,,,-999.0,,,,,,,,,,
2018,8,6,,,194.0,115.0,102.0,211.0,26.0,,,0.0,,72.0,59.0,82.0,,,,84.02,73.04,,,210.0,240.0,,,,,45.0,67.0,,,9999.0,,,,,,9999.0,,,,,,,,,,
2018,8,7,,,,,,,,,,,,,,,,,,,,,,,,,,,,,,,,-99.0,,,,,,-99.0,,,,,,,,,,
2018,8,8,,,,,,,,,,,,,,,,,,,,,,,,,,,,,,,,99.0,,,,,,99.0,,,,,,,,,,
2018,8,9,,,194.0,10098.0,10088.0,217.0,18.0,,,0.0,,69.0,53.0,84.0,,,77.54,86.0,71.96,,,320.0,320.0,,,,,54.0,67.0,,,1.0,,,,,,1.0,,,,,,,,,,
2018,8,11,,,194.0,91.0,81.0,217.0,24.0,,,0.0,,69.0,31.0,88.0,,,,91.03999999999999,73.04,,,170.0,170.0,,,,,72.0,94.0,,,1.0,,,,,,999.0,,,,,,,,,,
2018,8,12,,,,,,,,,,,,,,,,,,,,,,,,,,,,,,,,,,,,,,-999.0,,,,,,,,,,
2018,8,14,,,200.0,132.0,119.0,228.0,26.0,,,0.0,,62.0,43.0,82.0,,,,89.96000000000001,77.0,,,320.0,330.0,,,,,58.0,67.0,,,9999.0,,,,,,9999.0,,,,,,,,,,
2018,8,15,,,,,,,,,,,,,,,,,,,,,,,,,,,,,,,,-99.0,,,,,,-99.0,,,,,,,,,,
2018,8,16,,,,,,,,,,,,,,,,,,,,,,,,,,,,,,,,99.0,,,,,,99.0,,,,,,,,,,
2018,8,17,,,194.0,10149.0,10139.0,222.0,34.0,,,0.0,,62.0,43.0,79.0,,,82.22,87.98,77.0,,,300.0,290.0,,,,,76.0,103.0,,,-9999.0,,,,,,-9999.0,,,,,,,,,,
2018,8,18,,,,,,,,,,,,,,,,,,,,,,,,,,,,,,,,-9.0,,,,,,-9.0,,,,,,,,,,
2018,8,19,,,200.0,149.0,142.0,222.0,29.0,,,0.0,,71.0,51.0,85.0,,,,84.91999999999999,75.02,,,270.0,280.0,,,,,63.0,85.0,,,999.0,,,,,,999.0,,,,,,,,,,
2018,8,20,,,,,,,,,,,,,,,,,,,,,,,,,,,,,,,,-999.0,,,,,,-999.0,,,,,,,,,,
2018,8,22,,,183.0,125.0,112.0,206.0,27.0,,,0.0,,69.0,57.0,76.0,,,,82.04,73.04,,,280.0,300.0,,,,,67.0,94.0,,,9999.0,,,,,,9999.0,,,,,,,,,,
2018,8,23,,,,,,,,,,,,,,,,,,,,,,,,,,,,,,,,-99.0,,,,,,-99.0,,,,,,,,,,
2018,8,24,,,,,,,,,,,,,,,,,,,,,,,,,,,,,,,,99.0,,,,,,99.0,,,,,,,,,,
2018,8,25,,,183.0,10166.0,10152.0,206.0,27.0,,,5.0,,71.0,62.0,76.0,,,74.84,80.96,73.04,,,210.0,220.0,,,,,63.0,76.0,,,-9999.0,,,,,,-9999.0,,,,,,,,,,
2018,8,26,,,,,,,,,,,,,,,,,,,,,,,,,,,,,,,,-9.0,,,,,,-9.0,,,,,,,,,,
2018,8,27,,,194.0,176.0,163.0,211.0,25.0,,,0.0,,72.0,62.0,79.0,,,,82.04,73.04,,,320.0,250.0,,,,,58.0,76.0,,,999.0,,,,,,999.0,,,,,,,,,,
2018,8,28,,,,,,,,,,,,,,,,,,,,,,,,,,,,,,,,-999.0,,,,,,-999.0,,,,,,,,,,
2018,8,30,,,183.0,135.0,125.0,206.0,23.0,,,0.0,,69.0,60.0,79.0,,,,82.04,73.04,,,280.0,280.0,,,,,54.0,76.0,,,9999.0,,,,,,9999.0,,,,,,,,,,
2018,8,31,,,,,,,,,,,,,,,,,,,,,,,,,,,,,,,,-99.0,,,,,,-99.0,,,,,,,,,,
2018,9,1,,,167.0,10102.0,10091.0,183.0,43.0,,,0.0,,73.0,62.0,81.0,,,71.6,75.02,66.92,,,180.0,210.0,,,,,67.0,81.0,,,-9999.0,,,,,,-9999.0,,,,,,,,,,
2018,9,2,,,,,,,,,,,,,,,,,,,,,,,,,,,,,,,,-9.0,,,,,,-9.0,,,,,,,,,,
2018,9,3,,,161.0,119.0,108.0,183.0,40.0,,,0.0,,69.0,60.0,76.0,,,,75.92,69.08,,,210.0,220.0,,,,,63.0,81.0,,,999.0,,,,,,999.0,,,,,,,,,,
2018,9,4,,,,,,,,,,,,,,,,,,,,,,,,,,,,,,,,-999.0,,,,,,-999.0,,,,,,,,,,
2018,9,6,,,172.0,122.0,108.0,194.0,22.0,,,,,73.0,62.0,79.0,,,,77.0,69.98,,,340.0,320.0,,,,,45.0,58.0,,,9999.0,,,,,,9999.0,,,,,,,,,,
2018,9,7,,,,,,,,,,,,,,,,,,,,,,,,,,,,,,,,-99.0,,,,,,-99.0,,,,,,,,,,
2018,9,8,,,,,,,,,,,,,,,,,,,,,,,,,,,,,,,,99.0,,,,,,99.0,,,,,,,,,,
2018,9,9,,,172.0,10163.0,10152.0,189.0,35.0,,,0.0,,73.0,62.0,82.0,,,72.68,75.92,69.98,,,290.0,300.0,,,,,72.0,89.0,,,-9999.0,,,,,,-9999.0,,,,,,,,,,
2018,9,10,,,,,,,,,,,,,,,,,,,,,,,,,,,,,,,,-9.0,,,,,,-9.0,,,,,,,,,,
2018,9,11,,,178.0,142.0,132.0,194.0,31.0,,,0.0,,76.0,64.0,84.0,,,,77.0,69.08,,,280.0,270.0,,,,,67.0,89.0,,,999.0,,,,,,999.0,,,,,,,,,,
2018,9,14,,,178.0,112.0,102.0,194.0,22.0,,,0.0,,79.0,67.0,97.0,,,,75.92,66.92,,,180.0,180.0,,,,,54.0,72.0,,,1.0,,,,,,1.0,,,,,,,,,,
2018,9,17,,,156.0,10115.0,10105.0,178.0,30.0,,,0.0,,71.0,60.0,81.0,,,68.72,75.02,64.94,,,220.0,230.0,,,,,54.0,67.0,,,-9999.0,,,,,,-9999.0,,,,,,,,,,
2018,9,18,,,,,,,,,,,,,,,,,,,,,,,,,,,,,,,,-9.0,,,,,,-9.0,,,,,,,,,,
2018,9,19,,,161.0,122.0,112.0,183.0,26.0,,,0.0,,68.0,58.0,81.0,,,,77.0,68.0,,,270.0,290.0,,,,,58.0,98.0,,,999.0,,,,,,999.0,,,,,,,,,,
2018,9,20,,,,,,,,,,,,,,,,,,,,,,,,,,,,,,,,-999.0,,,,,,-999.0,,,,,,,,,,
2018,9,21,,,,,,,,,,,,,,,,,,,,,,,,,,,,,,,,9.0,,,,,,9.0,,,,,,,,,,
2018,9,22,,,183.0,98.0,88.0,200.0,24.0,,,0.0,,73.0,41.0,87.0,,,,84.91999999999999,68.0,,,300.0,280.0,,,,,67.0,85.0,,,1.0,,,,,,1.0,,,,,,,,,,
2018,9,24,,,,,,,,,,,,,,,,,,,,,,,,,,,,,,,,99.0,,,,,,99.0,,,,,,,,,,
2018,9,25,,,172.0,10125.0,10112.0,194.0,24.0,,,0.0,,71.0,56.0,87.0,,,73.58,80.06,68.0,,,300.0,300.0,,,,,67.0,85.0,,,-9999.0,,,,,,-9999.0,,,,,,,,,,
2018,9,26,,,,,,,,,,,,,,,,,,,,,,,,,,,,,,,,-9.0,,,,,,-9.0,,,,,,,,,,
2018,9,27,,,172.0,122.0,112.0,189.0,30.0,,,0.0,,72.0,50.0,84.0,,,,80.06,66.02,,,300.0,300.0,,,,,72.0,89.0,,,999.0,,,,,,999.0,,,,,,,,,,
2018,9,28,,,,,,,,,,,,,,,,,,,,,,,,,,,,,,,,-999.0,,,,,,-999.0,,,,,,,,,,
2018,9,30,,,156.0,88.0,75.0,178.0,25.0,,,0.0,,71.0,58.0,81.0,,,,75.92,66.92,,,300.0,290.0,,,,,63.0,76.0,,,9999.0,,,,,,9999.0,,,,,,,,,,
2018,9,31,,,,,,,,,,,,,,,,,,,,,,,,,,,,,,,,-99.0,,,,,,,,,,,,,,,,
2018,10,1,,,156.0,10095.0,10085.0,189.0,25.0,,,0.0,,57.0,37.0,81.0,,,74.84,87.08000000000001,71.06,,,310.0,310.0,,,,,72.0,98.0,,,-9999.0,-9999.0,-9999.0,,,,-9999.0,,,,,,,,,,
2018,10,2,,,,,,,,,,,,,,,,,,,,,,,,,,,,,,,,-9.0,-9.0,-9.0,,,,-9.0,,,,,,,,,,
2018,10,3,,,172.0,122.0,112.0,189.0,25.0,,,0.0,,74.0,55.0,87.0,,,,75.92,69.08,,,240.0,220.0,,,,,45.0,63.0,,,999.0,999.0,999.0,,,,999.0,,,,,,,,,,
2018,10,4,,,,,,,,,,,,,,,,,,,,,,,,,,,,,,,,-999.0,-999.0,-999.0,,,,-999.0,,,,,,,,,,
2018,10,6,,,172.0,152.0,142.0,189.0,31.0,,,,,75.0,60.0,87.0,,,,75.92,68.0,,,280.0,280.0,,,,,63.0,81.0,,,9999.0,9999.0,9999.0,,,,9999.0,,,,,,,,,,
2018,10,7,,,,,,,,,,,,,,,,,,,,,,,,,,,,,,,,,-99.0,-99.0,,,,-99.0,,,,,,,,,,
2018,10,8,,,,,,,,,,,,,,,,,,,,,,,,,,,,,,,,,99.0,99.0,,,,99.0,,,,,,,,,,
2018,10,9,,,156.0,10102.0,10091.0,178.0,39.0,,,0.0,,75.0,64.0,84.0,,,68.9,71.96,66.92,,,190.0,190.0,,,,,72.0,85.0,,,-9999.0,-9999.0,-9999.0,,,,-9999.0,,,,,,,,,,
2018,10,10,,,,,,,,,,,,,,,,,,,,,,,,,,,,,,,,-9.0,-9.0,-9.0,,,,-9.0,,,,,,,,,,
2018,10,11,,,156.0,95.0,85.0,172.0,34.0,,,0.0,,74.0,64.0,81.0,,,,73.04,66.02,,,230.0,230.0,,,,,63.0,81.0,,,999.0,999.0,999.0,,,,999.0,,,,,,,,,,
2018,10,12,,,,,,,,,,,,,,,,,,,,,,,,,,,,,,,,-999.0,-999.0,-999.0,,,,-999.0,,,,,,,,,,
2018,10,14,,,133.0,112.0,102.0,161.0,26.0,,,0.0,,67.0,55.0,76.0,,,,73.04,64.94,,,280.0,280.0,,,,,54.0,76.0,,,9999.0,9999.0,9999.0,,,,9999.0,,,,,,,,,,
2018,10,15,,,,,,,,,,,,,,,,,,,,,,,,,,,,,,,,-99.0,-99.0,-99.0,,,,-99.0,,,,,,,,,,
2018,10,16,,,,,,,,,,,,,,,,,,,,,,,99.0,,,,,,99.0,,,99.0,99.0,99.0,,,,99.0,,,,,,,,,,
2018,10,17,,,122.0,10102.0,10091.0,161.0,26.0,,,0.0,,58.0,43.0,70.0,,,69.62,75.02,64.94,,,290.0,270.0,,,,,63.0,81.0,,,-9999.0,-9999.0,-9999.0,,,,-9999.0,,,,,,,,,,
2018,10,18,,,,,,,,,,,,,,,,,,,,,,,,,,,,,,,,,-9.0,,,,,,,,,,,,,,,
2018,10,19,,,133.0,95.0,85.0,161.0,26.0,,,122.0,,69.0,57.0,88.0,,,,73.94,62.959999999999994,,,290.0,290.0,,,,,76.0,103.0,,,1.0,999.0,1.0,,,,1.0,,,,,,,,,,
2018,10,20,,,,,,,,,,,,,,,,,,,,,,,,,,,,,,,,,-999.0,,,,,,,,,,,,,,,
2018,10,22,,,139.0,142.0,132.0,167.0,26.0,,,0.0,,69.0,53.0,81.0,,,,73.94,62.959999999999994,,,300.0,300.0,,,,,67.0,81.0,,,9999.0,9999.0,9999.0,,,,9999.0,,,,,,,,,,
2018,10,23,,,,,,,,,,,,,,,,,,,,,,,,,,,,,,,,-99.0,-99.0,-99.0,,,,-99.0,,,,,,,,,,
2018,10,24,,,,,,,,,,,,,,,,,,,,,,,,,,,,,,,,99.0,99.0,99.0,,,,99.0,,,,,,,,,,
2018,10,25,,,17.0,10166.0,10156.0,117.0,21.0,,,0.0,,32.0,7.0,56.0,,,70.52,78.98,59.0,,,320.0,300.0,,,,,67.0,81.0,,,-9999.0,-9999.0,-9999.0,,,,-9999.0,,,,,,,,,,
2018,10,26,,,,,,,,,,,,,,,,,,,,,,,,,,,,,,,,-9.0,-9.0,-9.0,,,,-9.0,,,,,,,,,,
2018,10,27,,,39.0,173.0,163.0,122.0,19.0,,,0.0,,34.0,20.0,51.0,,,,78.98,59.0,,,310.0,320.0,,,,,72.0,94.0,,,999.0,999.0,999.0,,,,999.0,,,,,,,,,,
2018,10,28,,,,,,,,,,,,,,,,,,,,,,,,,,,,,,,,-999.0,-999.0,-999.0,,,,-999.0,,,,,,,,,,
2018,10,30,,,61.0,149.0,139.0,139.0,17.0,,,0.0,,34.0,16.0,48.0,,,,87.08000000000001,60.980000000000004,,,320.0,320.0,,,,,58.0,76.0,,,9999.0,9999.0,9999.0,,,,9999.0,,,,,,,,,,
2018,10,31,,,,,,,,,,,,,,,,,,,,,,,,,,,,,,,,-99.0,-99.0,-99.0,,,,-99.0,,,,,,,,,,
2018,11,1,,,72.0,10176.0,10163.0,133.0,15.0,,,0.0,,46.0,17.0,65.0,,,67.82,80.96,57.92,,,310.0,330.0,,,,,54.0,63.0,,,-9999.0,-9999.0,,,,,-9999.0,,,,,,,,,,
2018,11,2,,,,,,,,,,,,,,,,,,,,,,,,,,,,,,,,-9.0,-9.0,,,,,-9.0,,,,,,,,,,
2018,11,3,,,56.0,166.0,156.0,133.0,18.0,,,0.0,,34.0,15.0,58.0,,,,87.98,60.08,,,320.0,320.0,,,,,63.0,81.0,,,999.0,999.0,,,,,999.0,,,,,,,,,,
2018,11,4,,,,,,,,,,,,,,,,,,,,,,,,,,,,,,,,-999.0,-999.0,,,,,-999.0,,,,,,,,,,
2018,11,5,,,,,,,,,,,,,,,,,,,,,,,,,,,,,,,,9.0,9.0,,,,,9.0,,,,,,,,,,
2018,11,6,,,150.0,142.0,132.0,167.0,17.0,,,0.0,,82.0,62.0,96.0,,,,73.04,57.02,,,190.0,330.0,,,,,36.0,49.0,,,1.0,1.0,,,,,1.0,,,,,,,,,,
2018,11,8,,,,,,,,,,,,,,,,,,,,,,,,,,,,,,,,,99.0,,,,,,,,,,,,,,,
2018,11,9,,,133.0,10142.0,10129.0,161.0,30.0,,,0.0,,68.0,61.0,75.0,,,66.92,71.06,64.94,,,210.0,140.0,,,,,58.0,72.0,,,-9999.0,-9999.0,,,,,-9999.0,,,,,,,,,,
2018,11,10,,,,,,,,,,,,,,,,,,,,,,,,,,,,,,,,-9.0,-9.0,,,,,-9.0,,,,,,,,,,
2018,11,11,,,133.0,152.0,142.0,161.0,28.0,,,0.0,,67.0,59.0,73.0,,,,71.96,66.02,,,290.0,300.0,,,,,67.0,89.0,,,999.0,999.0,,,,,999.0,,,,,,,,,,
2018,11,12,,,,,,,,,,,,,,,,,,,,,,,,,,,,,,,,-999.0,-999.0,,,,,-999.0,,,,,,,,,,
2018,11,13,,,,,,,,,,,,,,,,,,,,,,,,,,,,,,,,9.0,,,,,,9.0,,,,,,,,,,
2018,11,14,,,17.0,156.0,146.0,117.0,15.0,,,0.0,,35.0,9.0,84.0,,,,80.06,55.94,,,320.0,320.0,,,,,58.0,72.0,,,1.0,9999.0,,,,,1.0,,,,,,,,,,
2018,11,15,,,,,,,,,,,,,,,,,,,,,,,,,,,,,,,,,-99.0,,,,,,,,,,,,,,,
2018,11,16,,,,,,,,,,,,,,,,,,,,,,,,,,,,,,,,99.0,99.0,,,,,99.0,,,,,,,,,,
2018,11,17,,,22.0,10176.0,10169.0,100.0,11.0,,,0.0,,38.0,14.0,63.0,,,63.86,75.02,53.06,,,320.0,320.0,,,,,45.0,54.0,,,-9999.0,-9999.0,,,,,-9999.0,,,,,,,,,,
2018,11,18,,,,,,,,,,,,,,,,,,,,,,,,,,,,,,,,-9.0,-9.0,,,,,-9.0,,,,,,,,,,
2018,11,19,,,-50.0,234.0,224.0,83.0,20.0,,,0.0,,23.0,7.0,44.0,,,,78.98,50.0,,,210.0,300.0,,,,,58.0,72.0,,,999.0,999.0,,,,,999.0,,,,,,,,,,
2018,11,20,,,,,,,,,,,,,,,,,,,,,,,,,,,,,,,,-999.0,-999.0,,,,,-999.0,,,,,,,,,,
2018,11,22,,,-39.0,220.0,210.0,89.0,21.0,,,0.0,,22.0,11.0,39.0,,,,77.0,55.94,,,300.0,300.0,,,,,63.0,76.0,,,9999.0,9999.0,,,,,9999.0,,,,,,,,,,
2018,11,23,,,,,,,,,,,,,,,,,,,,,,,,,,,,,,,,-99.0,-99.0,,,,,-99.0,,,,,,,,,,
2018,11,24,,,,,,,,,,,,,,,,,,,,,,,,,,,,,,,,99.0,99.0,,,,,99.0,,,,,,,,,,
2018,11,25,,,89.0,10163.0,10152.0,133.0,12.0,,,0.0,,58.0,23.0,87.0,,,65.48,75.02,53.96,,,220.0,240.0,,,,,45.0,58.0,,,-9999.0,-9999.0,,,,,-9999.0,,,,,,,,,,
2018,11,26,,,,,,,,,,,,,,,,,,,,,,,,,,,,,,,,,-9.0,,,,,,,,,,,,,,,
2018,11,27,,,67.0,173.0,163.0,122.0,9.0,,,0.0,,55.0,17.0,87.0,,,,73.94,53.96,,,260.0,210.0,,,,,36.0,49.0,,,1.0,999.0,,,,,1.0,,,,,,,,,,
2018,11,28,,,,,,,,,,,,,,,,,,,,,,,,,,,,,,,,,-999.0,,,,,,,,,,,,,,,
2018,11,29,,,,,,,,,,,,,,,,,,,,,,,,,,,,,,,,9.0,,,,,,9.0,,,,,,,,,,
2018,11,30,,,100.0,169.0,163.0,133.0,11.0,,,0.0,,64.0,26.0,81.0,,,,71.96,53.96,,,290.0,300.0,,,,,36.0,58.0,,,1.0,9999.0,,,,,1.0,,,,,,,,,,
2018,11,31,,,,,,,,,,,,,,,,,,,,,,,,,,,,,,,,,-99.0,,,,,,,,,,,,,,,
2018,12,1,,,94.0,10156.0,10146.0,128.0,31.0,,,0.0,,66.0,50.0,78.0,,,61.519999999999996,66.02,57.02,,,300.0,290.0,,,,,81.0,107.0,,,-9999.0,-9999.0,-9999.0,,,,-9999.0,,,,,,,,,,
2018,12,2,,,,,,,,,,,,,,,,,,,,,,,,,,,,,,,,-9.0,-9.0,-9.0,,,,-9.0,,,,,,,,,,
2018,12,3,,,50.0,176.0,166.0,106.0,34.0,,,0.0,,49.0,40.0,63.0,,,,64.94,53.96,,,290.0,280.0,,,,,94.0,116.0,,,999.0,999.0,999.0,,,,999.0,,,,,,,,,,
2018,12,4,,,,,,,,,,,,,,,,,,,,,,,,,,,,,,,,-999.0,-999.0,-999.0,,,,-999.0,,,,,,,,,,
2018,12,6,,,39.0,169.0,159.0,100.0,10.0,,,0.0,,50.0,20.0,78.0,,,,71.06,51.98,,,270.0,270.0,,,,,40.0,54.0,,,9999.0,9999.0,9999.0,,,,9999.0,,,,,,,,,,
2018,12,7,,,,,,,,,,,,,,,,,,,,,,,,,,,,,,,,,-99.0,-99.0,,,,-99.0,,,,,,,,,,
2018,12,8,,,,,,,,,,,,,,,,,,,,,,,,,,,,,,,,,99.0,99.0,,,,99.0,,,,,,,,,,
2018,12,9,,,122.0,10122.0,10112.0,139.0,45.0,,,457.0,,80.0,70.0,90.0,,,60.26,66.92,55.94,,,190.0,180.0,,,,,94.0,130.0,,,1.0,-9999.0,1.0,,,,-9999.0,,,,,,,,,,
2018,12,10,,,,,,,,,,,,,,,,,,,,,,,,,,,,,,,,,-9.0,,,,,-9.0,,,,,,,,,,
2018,12,11,,,111.0,183.0,169.0,133.0,17.0,,,0.0,,72.0,53.0,87.0,,,,69.98,55.94,,,310.0,300.0,,,,,63.0,81.0,,,999.0,999.0,999.0,,,,999.0,,,,,,,,,,
2018,12,12,,,,,,,,,,,,,,,,,,,,,,,,,,,,,,,,-999.0,-999.0,-999.0,,,,-999.0,,,,,,,,,,
2018,12,14,,,100.0,234.0,224.0,128.0,16.0,,,0.0,,69.0,46.0,81.0,,,,71.06,51.98,,,310.0,320.0,,,,,72.0,98.0,,,9999.0,9999.0,9999.0,,,,9999.0,,,,,,,,,,
2018,12,15,,,,,,,,,,,,,,,,,,,,,,,,,,,,,,,,,-99.0,-99.0,,,,,,,,,,,,,,
2018,12,16,,,,,,,,,,,,,,,,,,,,,,,,,,,,,,,,,99.0,99.0,,,,,,,,,,,,,,
2018,12,17,,,117.0,10173.0,10163.0,133.0,14.0,,,0.0,,74.0,63.0,87.0,,,61.16,64.94,57.02,,,230.0,230.0,,,,,40.0,54.0,,,1.0,-9999.0,-9999.0,,,,1.0,,,,,,,,,,
2018,12,18,,,,,,,,,,,,,,,,,,,,,,,,,,,,,,,,,-9.0,-9.0,,,,,,,,,,,,,,
2018,12,19,,,111.0,203.0,196.0,128.0,21.0,,,0.0,,77.0,63.0,87.0,,,,64.94,53.06,,,170.0,180.0,,,,,45.0,63.0,,,999.0,999.0,999.0,,,,999.0,,,,,,,,,,
2018,12,20,,,,,,,,,,,,,,,,,,,,,,,,,,,,,,,,,,-999.0,,,,,,,,,,,,,,
2018,12,22,,,44.0,210.0,200.0,100.0,14.0,,,0.0,,50.0,28.0,93.0,,,,64.94,55.04,,,310.0,320.0,,,,,54.0,67.0,,,1.0,1.0,9999.0,,,,1.0,,,,,,,,,,
2018,12,23,,,,,,,,,,,,,,,,,,,,,,,,,,,,,,,,,,-99.0,,,,,,,,,,,,,,
2018,12,24,,,,,,,,,,,,,,,,,,,,,,,,,,,,,,,,99.0,99.0,99.0,,,,99.0,,,,,,,,,,
2018,12,25,,,94.0,10207.0,10196.0,117.0,17.0,,,0.0,,72.0,38.0,100.0,,,58.1,69.98,51.08,,,300.0,300.0,,,,,72.0,94.0,,,-9999.0,-9999.0,-9999.0,,,,-9999.0,,,,,,,,,,
2018,12,26,,,,,,,,,,,,,,,,,,,,,,,,,,,,,,,,,-9.0,-9.0,,,,-9.0,,,,,,,,,,
2018,12,27,,,117.0,224.0,213.0,133.0,16.0,,,,,79.0,59.0,100.0,,,,69.08,48.92,,,90.0,90.0,,,,,54.0,67.0,,,1.0,999.0,999.0,,,,999.0,,,,,,,,,,
2018,12,28,,,,,,,,,,,,,,,,,,,,,,,,,,,,,,,,,-999.0,-999.0,,,,,,,,,,,,,,
2018,12,30,,,117.0,210.0,200.0,139.0,13.0,,,0.0,,75.0,49.0,100.0,,,,69.98,55.04,,,290.0,290.0,,,,,40.0,54.0,,,1.0,9999.0,9999.0,,,,1.0,,,,,,,,,,
2018,12,31,,,,,,,,,,,,,,,,,,,,,,,,,,,,,,,,,-99.0,-99.0,,,,,,,,,,,,,,
2019,1,1,,,-78.0,10190.0,10179.0,44.0,36.0,,,0.0,,31.0,13.0,77.0,,,52.34,60.980000000000004,44.96,,,30.0,50.0,,,,,98.0,125.0,,,-9999.0,-9999.0,-9999.0,,,,-9999.0,,,,,,,,,,
2019,1,2,,,,,,,,,,,,,,,,,,,,,,,,,,,,,,,,-9.0,-9.0,-9.0,,,,-9.0,,,,,,,,,,
2019,1,3,,,-61.0,227.0,217.0,44.0,17.0,,,0.0,,31.0,16.0,44.0,,,,62.059999999999995,41.0,,,280.0,80.0,,,,,58.0,85.0,,,999.0,999.0,999.0,,,,999.0,,,,,,,,,,
2019,1,4,,,,,,,,,,,,,,,,,,,,,,,,,,,,,,,,-999.0,-999.0,-999.0,,,,-999.0,,,,,,,,,,
2019,1,6,,,11.0,173.0,163.0,72.0,10.0,,,0.0,,49.0,25.0,64.0,,,,62.959999999999994,42.980000000000004,,,220.0,230.0,,,,,45.0,58.0,,,9999.0,9999.0,9999.0,,,,9999.0,,,,,,,,,,
2019,1,7,,,,,,,,,,,,,,,,,,,,,,,,,,,,,,,,,-99.0,-99.0,,,,-99.0,,,,,,,,,,
2019,1,8,,,,,,,,,,,,,,,,,,,,,,,,,,,,,,,,,99.0,99.0,,,,99.0,,,,,,,,,,
2019,1,9,,,89.0,10203.0,10186.0,117.0,23.0,,,191.0,,72.0,56.0,90.0,,,57.379999999999995,62.959999999999994,51.98,,,130.0,140.0,,,,,94.0,107.0,,,1.0,-9999.0,-9999.0,,,,-9999.0,,,,,,,,,,
2019,1,10,,,,,,,,,,,,,,,,,,,,,,,,,,,,,,,,,-9.0,-9.0,,,,-9.0,,,,,,,,,,
2019,1,11,,,67.0,234.0,227.0,100.0,16.0,,,0.0,,62.0,34.0,80.0,,,,66.02,48.92,,,300.0,300.0,,,,,58.0,72.0,,,999.0,999.0,999.0,,,,999.0,,,,,,,,,,
2019,1,12,,,,,,,,,,,,,,,,,,,,,,,,,,,,,,,,-999.0,-999.0,-999.0,,,,-999.0,,,,,,,,,,
2019,1,13,,,,,,,,,,,,,,,,,,,,,,,,,,,,,,,,9.0,,,,,,,,,,,,,,,,
2019,1,14,,,100.0,203.0,196.0,122.0,18.0,,,0.0,,74.0,65.0,84.0,,,,64.94,51.08,,,300.0,310.0,,,,,58.0,72.0,,,1.0,9999.0,9999.0,,,,9999.0,,,,,,,,,,
2019,1,15,,,,,,,,,,,,,,,,,,,,,,,,,,,,,,,,,-99.0,-99.0,,,,,,,,,,,,,,
2019,1,16,,,,,,,,,,,,,,,,,,,,,,,,,,,,,,,,,99.0,99.0,,,,,,,,,,,,,,
2019,1,17,,,100.0,10183.0,10169.0,117.0,22.0,,,0.0,,81.0,72.0,90.0,,,56.48,62.959999999999994,51.08,,,170.0,130.0,,,,,54.0,63.0,,,1.0,-9999.0,-9999.0,,,,1.0,,,,,,,,,,
2019,1,18,,,,,,,,,,,,,,,,,,,,,,,,,,,,,,,,,-9.0,-9.0,,,,,,,,,,,,,,
2019,1,19,,,106.0,176.0,169.0,122.0,23.0,,,109.0,,78.0,62.0,90.0,,,,62.959999999999994,53.06,,,90.0,160.0,,,,,54.0,67.0,,,1.0,999.0,999.0,,,,1.0,,,,,,,,,,
2019,1,20,,,,,,,,,,,,,,,,,,,,,,,,,,,,,,,,,-999.0,-999.0,,,,,,,,,,,,,,
2019,1,21,,,,,,,,,,,,,,,,,,,,,,,,,,,,,,,,9.0,,,,,,,,,,,,,,,,
2019,1,22,,,89.0,163.0,156.0,111.0,30.0,,,104.0,,71.0,50.0,87.0,,,,62.059999999999995,53.96,,,130.0,140.0,,,,,89.0,121.0,,,1.0,9999.0,9999.0,,,,9999.0,,,,,,,,,,
2019,1,23,,,,,,,,,,,,,,,,,,,,,,,,,,,,,,,,,-99.0,-99.0,,,,-99.0,,,,,,,,,,
2019,1,24,,,,,,,,,,,,,,,,,,,,,,,,,,,,,,,,99.0,99.0,99.0,,,,99.0,,,,,,,,,,
2019,1,25,,,117.0,10220.0,10213.0,144.0,27.0,,,28.0,,72.0,45.0,90.0,,,61.88,69.08,57.02,,,150.0,130.0,,,,,63.0,76.0,,,1.0,-9999.0,-9999.0,,,,-9999.0,,,,,,,,,,
2019,1,26,,,,,,,,,,,,,,,,,,,,,,,,,,,,,,,,,-9.0,-9.0,,,,-9.0,,,,,,,,,,
2019,1,27,,,133.0,230.0,220.0,144.0,34.0,,,28.0,,83.0,70.0,93.0,,,,64.04,60.08,,,180.0,180.0,,,,,63.0,89.0,,,1.0,999.0,999.0,,,,999.0,,,,,,,,,,
2019,1,28,,,,,,,,,,,,,,,,,,,,,,,,,,,,,,,,,-999.0,-999.0,,,,,,,,,,,,,,
2019,1,30,,,94.0,227.0,213.0,128.0,19.0,,,0.0,,64.0,37.0,89.0,,,,73.04,51.08,,,310.0,320.0,,,,,54.0,63.0,,,9999.0,9999.0,9999.0,,,,9999.0,,,,,,,,,,
2019,1,31,,,,,,,,,,,,,,,,,,,,,,,,,,,,,,,,-99.0,-99.0,-99.0,,,,-99.0,,,,,,,,,,
2019,2,1,,,100.0,10159.0,10149.0,122.0,23.0,,,0.0,,73.0,60.0,90.0,,,57.2,62.059999999999995,53.06,,,160.0,150.0,,,,,63.0,81.0,,,-9999.0,,,,,,-9999.0,,,,,,,,,,
2019,2,2,,,,,,,,,,,,,,,,,,,,,,,,,,,,,,,,,,,,,,-9.0,,,,,,,,,,
2019,2,3,,,111.0,122.0,112.0,128.0,58.0,,,183.0,,76.0,55.0,90.0,,,,66.92,53.96,,,160.0,160.0,,,,,170.0,206.0,,,1.0,,,,,,999.0,,,,,,,,,,
2019,2,5,,,,,,,,,,,,,,,,,,,,,,,,,,,,,,,,9.0,,,,,,,,,,,,,,,,
2019,2,6,,,106.0,129.0,119.0,122.0,47.0,,,249.0,,80.0,67.0,90.0,,,,62.059999999999995,53.96,,,230.0,230.0,,,,,103.0,139.0,,,1.0,,,,,,1.0,,,,,,,,,,
2019,2,8,,,,,,,,,,,,,,,,,,,,,,,,,,,,,,,,,,,,,,99.0,,,,,,,,,,
2019,2,9,,,0.0,10207.0,10196.0,67.0,32.0,,,0.0,,45.0,34.0,54.0,,,53.6,57.92,48.02,,,300.0,290.0,,,,,81.0,125.0,,,-9999.0,,,,,,-9999.0,,,,,,,,,,
2019,2,10,,,,,,,,,,,,,,,,,,,,,,,,,,,,,,,,-9.0,,,,,,-9.0,,,,,,,,,,
2019,2,11,,,6.0,234.0,224.0,67.0,20.0,,,0.0,,46.0,28.0,61.0,,,,62.959999999999994,44.06,,,280.0,290.0,,,,,63.0,81.0,,,999.0,,,,,,999.0,,,,,,,,,,
2019,2,12,,,,,,,,,,,,,,,,,,,,,,,,,,,,,,,,-999.0,,,,,,-999.0,,,,,,,,,,
2019,2,14,,,72.0,179.0,169.0,100.0,17.0,,,,,69.0,56.0,77.0,,,,60.980000000000004,50.0,,,210.0,220.0,,,,,58.0,63.0,,,9999.0,,,,,,9999.0,,,,,,,,,,
2019,2,15,,,,,,,,,,,,,,,,,,,,,,,,,,,,,,,,-99.0,,,,,,-99.0,,,,,,,,,,
2019,2,16,,,,,,,,,,,,,,,,,,,,,,,,,,,,,,,,99.0,,,,,,99.0,,,,,,,,,,
2019,2,17,,,22.0,10210.0,10203.0,72.0,20.0,,,0.0,,51.0,38.0,69.0,,,54.14,60.980000000000004,46.94,,,290.0,280.0,,,,,67.0,81.0,,,-9999.0,,,,,,-9999.0,,,,,,,,,,
2019,2,18,,,,,,,,,,,,,,,,,,,,,,,,,,,,,,,,-9.0,,,,,,-9.0,,,,,,,,,,
2019,2,19,,,-17.0,190.0,179.0,72.0,10.0,,,0.0,,37.0,11.0,66.0,,,,71.06,44.06,,,300.0,290.0,,,,,36.0,45.0,,,999.0,,,,,,999.0,,,,,,,,,,
2019,2,22,,,133.0,132.0,112.0,144.0,67.0,,,150.0,,84.0,78.0,93.0,,,,64.04,55.04,,,170.0,180.0,,,,,161.0,210.0,,,1.0,,,,,,9999.0,,,,,,,,,,
2019,2,23,,,,,,,,,,,,,,,,,,,,,,,,,,,,,,,,,,,,,,-99.0,,,,,,,,,,
2019,2,24,,,,,,,,,,,,,,,,,,,,,,,,,,,,,,,,,,,,,,99.0,,,,,,,,,,
2019,2,25,,,56.0,10210.0,10196.0,100.0,42.0,,,3.0,,58.0,46.0,80.0,,,57.379999999999995,60.980000000000004,51.98,,,290.0,300.0,,,,,94.0,112.0,,,-9999.0,,,,,,-9999.0,,,,,,,,,,
2019,2,26,,,,,,,,,,,,,,,,,,,,,,,,,,,,,,,,-9.0,,,,,,,,,,,,,,,,
2019,2,27,,,50.0,190.0,179.0,94.0,59.0,,,13.0,,59.0,44.0,80.0,,,,60.08,51.08,,,290.0,290.0,,,,,116.0,165.0,,,999.0,,,,,,1.0,,,,,,,,,,
2019,2,28,,,,,,,,,,,,,,,,,,,,,,,,,,,,,,,,-999.0,,,,,,,,,,,,,,,,
2019,2,30,,,-6.0,207.0,196.0,56.0,14.0,,,0.0,,49.0,19.0,74.0,,,,60.08,41.0,,,270.0,250.0,,,,,54.0,72.0,,,9999.0,,,,,,9999.0,,,,,,,,,,
2019,2,31,,,,,,,,,,,,,,,,,,,,,,,,,,,,,,,,-99.0,,,,,,-99.0,,,,,,,,,,
2019,3,1,,,122.0,10183.0,10173.0,139.0,27.0,,,0.0,,78.0,68.0,87.0,,,61.16,64.94,59.0,,,290.0,290.0,,,,,63.0,76.0,,,-9999.0,,-9999.0,,,,-9999.0,,,,,,,,,,
2019,3,2,,,,,,,,,,,,,,,,,,,,,,,,,,,,,,,,,,-9.0,,,,,,,,,,,,,,
2019,3,3,,,128.0,183.0,173.0,139.0,46.0,,,43.0,,86.0,78.0,93.0,,,,62.059999999999995,57.92,,,180.0,170.0,,,,,94.0,130.0,,,1.0,,999.0,,,,1.0,,,,,,,,,,
2019,3,4,,,,,,,,,,,,,,,,,,,,,,,,,,,,,,,,,,-999.0,,,,,,,,,,,,,,
2019,3,6,,,94.0,190.0,179.0,122.0,30.0,,,3.0,,73.0,60.0,84.0,,,,62.959999999999994,53.96,,,330.0,330.0,,,,,63.0,76.0,,,1.0,,9999.0,,,,9999.0,,,,,,,,,,
2019,3,7,,,,,,,,,,,,,,,,,,,,,,,,,,,,,,,,,,-99.0,,,,-99.0,,,,,,,,,,
2019,3,8,,,,,,,,,,,,,,,,,,,,,,,,,,,,,,,,99.0,,99.0,,,,99.0,,,,,,,,,,
2019,3,9,,,122.0,10159.0,10152.0,144.0,30.0,,,3.0,,75.0,60.0,93.0,,,62.78,66.02,59.0,,,300.0,310.0,,,,,76.0,98.0,,,1.0,,1.0,,,,1.0,,,,,,,,,,
2019,3,11,,,106.0,176.0,166.0,128.0,26.0,,,,,72.0,54.0,96.0,,,,64.94,55.94,,,260.0,260.0,,,,,67.0,81.0,,,1.0,,999.0,,,,1.0,,,,,,,,,,
2019,3,12,,,,,,,,,,,,,,,,,,,,,,,,,,,,,,,,,,-999.0,,,,,,,,,,,,,,
2019,3,14,,,50.0,173.0,163.0,94.0,26.0,,,,,57.0,47.0,69.0,,,,60.980000000000004,51.08,,,290.0,290.0,,,,,76.0,94.0,,,9999.0,,9999.0,,,,9999.0,,,,,,,,,,
2019,3,15,,,,,,,,,,,,,,,,,,,,,,,,,,,,,,,,-99.0,,-99.0,,,,-99.0,,,,,,,,,,
2019,3,16,,,,,,,,,,,,,,,,,,,,,,,,,,,,,,,,99.0,,99.0,,,,99.0,,,,,,,,,,
2019,3,17,,,78.0,10115.0,10102.0,100.0,20.0,,,91.0,,72.0,50.0,87.0,,,54.86,60.980000000000004,51.08,,,300.0,300.0,,,,,72.0,89.0,,,1.0,,-9999.0,,,,-9999.0,,,,,,,,,,
2019,3,18,,,,,,,,,,,,,,,,,,,,,,,,,,,,,,,,,,-9.0,,,,-9.0,,,,,,,,,,
2019,3,19,,,89.0,102.0,91.0,117.0,38.0,,,66.0,,72.0,50.0,86.0,,,,64.04,51.98,,,260.0,260.0,,,,,81.0,103.0,,,1.0,,999.0,,,,999.0,,,,,,,,,,
2019,3,20,,,,,,,,,,,,,,,,,,,,,,,,,,,,,,,,,,-999.0,,,,-999.0,,,,,,,,,,
2019,3,22,,,22.0,210.0,200.0,94.0,18.0,,,0.0,,43.0,18.0,77.0,,,,71.06,51.08,,,270.0,290.0,,,,,58.0,67.0,,,9999.0,,9999.0,,,,9999.0,,,,,,,,,,
2019,3,23,,,,,,,,,,,,,,,,,,,,,,,,,,,,,,,,-99.0,,-99.0,,,,-99.0,,,,,,,,,,
2019,3,24,,,,,,,,,,,,,,,,,,,,,,,,,,,,,,,,99.0,,99.0,,,,99.0,,,,,,,,,,
2019,3,25,,,22.0,10166.0,10152.0,100.0,17.0,,,0.0,,39.0,19.0,80.0,,,62.24,73.94,51.08,,,310.0,290.0,,,,,67.0,89.0,,,-9999.0,,-9999.0,,,,-9999.0,,,,,,,,,,
2019,3,26,,,,,,,,,,,,,,,,,,,,,,,,,,,,,,,,-9.0,,-9.0,,,,-9.0,,,,,,,,,,
2019,3,27,,,78.0,163.0,152.0,122.0,13.0,,,0.0,,56.0,28.0,76.0,,,,75.02,55.04,,,180.0,170.0,,,,,54.0,63.0,,,999.0,,999.0,,,,999.0,,,,,,,,,,
2019,3,28,,,,,,,,,,,,,,,,,,,,,,,,,,,,,,,,,,-999.0,,,,-999.0,,,,,,,,,,
2019,3,29,,,,,,,,,,,,,,,,,,,,,,,,,,,,,,,,,,,,,,9.0,,,,,,,,,,
2019,3,30,,,117.0,159.0,146.0,133.0,36.0,,,0.0,,76.0,67.0,90.0,,,,64.04,55.94,,,210.0,220.0,,,,,76.0,94.0,,,1.0,,9999.0,,,,1.0,,,,,,,,,,
2019,4,1,,,89.0,10142.0,10129.0,139.0,23.0,,,0.0,,53.0,24.0,86.0,,,69.44,78.08,60.980000000000004,,,220.0,220.0,,,,,63.0,72.0,,,-9999.0,,-9999.0,,,,-9999.0,,,,,,,,,,
2019,4,2,,,,,,,,,,,,,,,,,,,,,,,,,,,,,,,,,,-9.0,,,,,,,,,,,,,,
2019,4,3,,,122.0,152.0,146.0,144.0,36.0,,,0.0,,72.0,63.0,87.0,,,,66.02,59.0,,,220.0,200.0,,,,,63.0,85.0,,,1.0,,999.0,,,,1.0,,,,,,,,,,
2019,4,4,,,,,,,,,,,,,,,,,,,,,,,,,,,,,,,,,,-999.0,,,,,,,,,,,,,,
2019,4,6,,,100.0,186.0,176.0,128.0,20.0,,,,,67.0,52.0,80.0,,,,66.92,57.92,,,250.0,270.0,,,,,58.0,76.0,,,1.0,,9999.0,,,,9999.0,,,,,,,,,,
2019,4,7,,,,,,,,,,,,,,,,,,,,,,,,,,,,,,,,,,-99.0,,,,-99.0,,,,,,,,,,
2019,4,8,,,,,,,,,,,,,,,,,,,,,,,,,,,,,,,,,,99.0,,,,99.0,,,,,,,,,,
2019,4,9,,,117.0,10196.0,10190.0,139.0,30.0,,,3.0,,73.0,55.0,90.0,,,62.42,69.08,57.92,,,300.0,290.0,,,,,81.0,98.0,,,1.0,,-9999.0,,,,-9999.0,,,,,,,,,,
2019,4,10,,,,,,,,,,,,,,,,,,,,,,,,,,,,,,,,,,-9.0,,,,-9.0,,,,,,,,,,
2019,4,11,,,122.0,200.0,190.0,150.0,23.0,,,0.0,,68.0,48.0,84.0,,,,75.92,57.02,,,300.0,300.0,,,,,76.0,103.0,,,999.0,,999.0,,,,999.0,,,,,,,,,,
2019,4,12,,,,,,,,,,,,,,,,,,,,,,,,,,,,,,,,-999.0,,-999.0,,,,-999.0,,,,,,,,,,
2019,4,14,,,128.0,166.0,152.0,150.0,30.0,,,0.0,,70.0,43.0,87.0,,,,71.06,62.059999999999995,,,280.0,290.0,,,,,89.0,107.0,,,9999.0,,9999.0,,,,9999.0,,,,,,,,,,
2019,4,15,,,,,,,,,,,,,,,,,,,,,,,,,,,,,,,,-99.0,,-99.0,,,,-99.0,,,,,,,,,,
2019,4,16,,,,,,,,,,,,,,,,,,,,,,,,,,,,,,,,99.0,,99.0,,,,99.0,,,,,,,,,,
2019,4,17,,,89.0,10152.0,10142.0,122.0,28.0,,,0.0,,61.0,34.0,78.0,,,62.42,69.08,55.04,,,230.0,250.0,,,,,63.0,81.0,,,-9999.0,,-9999.0,,,,-9999.0,,,,,,,,,,
2019,4,18,,,,,,,,,,,,,,,,,,,,,,,,,,,,,,,,-9.0,,-9.0,,,,-9.0,,,,,,,,,,
2019,4,19,,,100.0,102.0,91.0,133.0,28.0,,,0.0,,63.0,47.0,75.0,,,,69.08,59.0,,,290.0,300.0,,,,,76.0,94.0,,,999.0,,999.0,,,,999.0,,,,,,,,,,
2019,4,20,,,,,,,,,,,,,,,,,,,,,,,,,,,,,,,,-999.0,,-999.0,,,,-999.0,,,,,,,,,,
2019,4,22,,,106.0,142.0,129.0,139.0,25.0,,,0.0,,63.0,44.0,84.0,,,,71.06,57.02,,,300.0,300.0,,,,,76.0,94.0,,,9999.0,,9999.0,,,,9999.0,,,,,,,,,,
2019,4,23,,,,,,,,,,,,,,,,,,,,,,,,,,,,,,,,-99.0,,-99.0,,,,-99.0,,,,,,,,,,
2019,4,24,,,,,,,,,,,,,,,,,,,,,,,,,,,,,,,,99.0,,99.0,,,,99.0,,,,,,,,,,
2019,4,25,,,100.0,10169.0,10159.0,128.0,39.0,,,0.0,,67.0,56.0,78.0,,,60.980000000000004,66.02,59.0,,,270.0,270.0,,,,,67.0,85.0,,,-9999.0,,-9999.0,,,,-9999.0,,,,,,,,,,
2019,4,26,,,,,,,,,,,,,,,,,,,,,,,,,,,,,,,,-9.0,,-9.0,,,,-9.0,,,,,,,,,,
2019,4,27,,,106.0,203.0,190.0,139.0,26.0,,,0.0,,65.0,47.0,78.0,,,,75.02,57.02,,,260.0,270.0,,,,,103.0,116.0,,,999.0,,999.0,,,,999.0,,,,,,,,,,
2019,4,28,,,,,,,,,,,,,,,,,,,,,,,,,,,,,,,,-999.0,,-999.0,,,,-999.0,,,,,,,,,,
2019,4,30,,,122.0,149.0,135.0,144.0,31.0,,,0.0,,75.0,65.0,84.0,,,,69.08,59.0,,,290.0,310.0,,,,,72.0,94.0,,,9999.0,,9999.0,,,,9999.0,,,,,,,,,,
2019,4,31,,,,,,,,,,,,,,,,,,,,,,,,,,,,,,,,-99.0,,-99.0,,,,-99.0,,,,,,,,,,
2019,5,1,,,94.0,10166.0,10152.0,133.0,31.0,,,0.0,,60.0,47.0,73.0,,,63.32,69.08,60.980000000000004,,,300.0,300.0,,,,,72.0,112.0,,,-9999.0,,-9999.0,,,,-9999.0,,,,,,,,,,
2019,5,2,,,,,,,,,,,,,,,,,,,,,,,,,,,,,,,,-9.0,,-9.0,,,,-9.0,,,,,,,,,,
2019,5,3,,,122.0,156.0,142.0,144.0,30.0,,,0.0,,71.0,59.0,80.0,,,,69.08,59.0,,,300.0,310.0,,,,,72.0,94.0,,,999.0,,999.0,,,,999.0,,,,,,,,,,
2019,5,4,,,,,,,,,,,,,,,,,,,,,,,,,,,,,,,,-999.0,,-999.0,,,,,,,,,,,,,,
2019,5,6,,,117.0,132.0,119.0,144.0,26.0,,,0.0,,69.0,55.0,78.0,,,,69.98,60.08,,,280.0,300.0,,,,,63.0,81.0,,,9999.0,,9999.0,,,,9999.0,,,,,,,,,,
2019,5,7,,,,,,,,,,,,,,,,,,,,,,,,,,,,,,,,-99.0,,-99.0,,,,-99.0,,,,,,,,,,
2019,5,8,,,,,,,,,,,,,,,,,,,,,,,,,,,,,,,,99.0,,99.0,,,,99.0,,,,,,,,,,
2019,5,9,,,122.0,10142.0,10132.0,144.0,36.0,,,10.0,,71.0,53.0,87.0,,,63.86,71.06,60.08,,,260.0,260.0,,,,,67.0,85.0,,,1.0,,-9999.0,,,,-9999.0,,,,,,,,,,
2019,5,10,,,,,,,,,,,,,,,,,,,,,,,,,,,,,,,,,,-9.0,,,,-9.0,,,,,,,,,,
2019,5,11,,,106.0,186.0,176.0,139.0,35.0,,,,,65.0,49.0,75.0,,,,68.0,60.980000000000004,,,270.0,270.0,,,,,67.0,76.0,,,999.0,,999.0,,,,999.0,,,,,,,,,,
2019,5,12,,,,,,,,,,,,,,,,,,,,,,,,,,,,,,,,,,-999.0,,,,-999.0,,,,,,,,,,
2019,5,14,,,128.0,112.0,98.0,144.0,28.0,,,18.0,,77.0,63.0,90.0,,,,66.92,57.92,,,230.0,260.0,,,,,58.0,89.0,,,1.0,,9999.0,,,,9999.0,,,,,,,,,,
2019,5,15,,,,,,,,,,,,,,,,,,,,,,,,,,,,,,,,,,-99.0,,,,-99.0,,,,,,,,,,
2019,5,16,,,,,,,,,,,,,,,,,,,,,,,,,,,,,,,,,,99.0,,,,99.0,,,,,,,,,,
2019,5,17,,,139.0,10135.0,10125.0,156.0,21.0,,,48.0,,76.0,59.0,86.0,,,64.58,71.06,62.059999999999995,,,290.0,290.0,,,,,72.0,85.0,,,1.0,,1.0,,,,-9999.0,,,,,,,,,,
2019,5,18,,,,,,,,,,,,,,,,,,,,,,,,,,,,,,,,,,,,,,-9.0,,,,,,,,,,
2019,5,19,,,139.0,149.0,139.0,156.0,28.0,,,0.0,,73.0,64.0,87.0,,,,69.98,62.059999999999995,,,250.0,210.0,,,,,63.0,81.0,,,999.0,,999.0,,,,999.0,,,,,,,,,,
2019,5,20,,,,,,,,,,,,,,,,,,,,,,,,,,,,,,,,-999.0,,-999.0,,,,-999.0,,,,,,,,,,
2019,5,22,,,133.0,163.0,149.0,156.0,31.0,,,0.0,,70.0,59.0,81.0,,,,71.96,62.959999999999994,,,280.0,300.0,,,,,63.0,81.0,,,9999.0,,9999.0,,,,9999.0,,,,,,,,,,
2019,5,23,,,,,,,,,,,,,,,,,,,,,,,,,,,,,,,,-99.0,,-99.0,,,,-99.0,,,,,,,,,,
2019,5,24,,,,,,,,,,,,,,,,,,,,,,,,,,,,,,,,99.0,,99.0,,,,99.0,,,,,,,,,,
2019,5,25,,,111.0,10149.0,10142.0,139.0,52.0,,,5.0,,65.0,51.0,90.0,,,64.22,69.08,60.980000000000004,,,270.0,270.0,,,,,98.0,121.0,,,1.0,,-9999.0,,,,-9999.0,,,,,,,,,,
2019,5,26,,,,,,,,,,,,,,,,,,,,,,,,,,,,,,,,,,-9.0,,,,-9.0,,,,,,,,,,
2019,5,27,,,94.0,166.0,156.0,133.0,29.0,,,,,59.0,49.0,67.0,,,,68.0,60.08,,,280.0,290.0,,,,,76.0,98.0,,,999.0,,999.0,,,,999.0,,,,,,,,,,
2019,5,28,,,,,,,,,,,,,,,,,,,,,,,,,,,,,,,,-999.0,,-999.0,,,,-999.0,,,,,,,,,,
2019,5,29,,,,,,,,,,,,,,,,,,,,,,,,,,,,,,,,,,,,,,9.0,,,,,,,,,,
2019,5,30,,,111.0,135.0,125.0,139.0,44.0,,,41.0,,71.0,58.0,93.0,,,,66.92,57.92,,,180.0,180.0,,,,,103.0,130.0,,,9999.0,,9999.0,,,,1.0,,,,,,,,,,
2019,5,31,,,,,,,,,,,,,,,,,,,,,,,,,,,,,,,,-99.0,,-99.0,,,,,,,,,,,,,,
2019,6,1,,,117.0,10125.0,10112.0,139.0,34.0,,,0.0,,69.0,59.0,75.0,,,63.32,66.92,60.980000000000004,,,250.0,210.0,,,,,58.0,72.0,,,-9999.0,,,,,,-9999.0,,,,,,,,,,
2019,6,2,,,,,,,,,,,,,,,,,,,,,,,,,,,,,,,,-9.0,,,,,,-9.0,,,,,,,,,,
2019,6,3,,,111.0,129.0,119.0,139.0,31.0,,,0.0,,67.0,59.0,72.0,,,,68.0,60.980000000000004,,,270.0,280.0,,,,,54.0,72.0,,,999.0,,,,,,999.0,,,,,,,,,,
2019,6,4,,,,,,,,,,,,,,,,,,,,,,,,,,,,,,,,,,,,,,-999.0,,,,,,,,,,
2019,6,6,,,144.0,139.0,129.0,156.0,26.0,,,,,81.0,73.0,90.0,,,,66.02,62.059999999999995,,,250.0,240.0,,,,,54.0,67.0,,,1.0,,,,,,9999.0,,,,,,,,,,
2019,6,7,,,,,,,,,,,,,,,,,,,,,,,,,,,,,,,,,,,,,,-99.0,,,,,,,,,,
2019,6,8,,,,,,,,,,,,,,,,,,,,,,,,,,,,,,,,,,,,,,99.0,,,,,,,,,,
2019,6,9,,,144.0,10142.0,10135.0,156.0,24.0,,,0.0,,82.0,73.0,93.0,,,63.32,66.92,60.980000000000004,,,220.0,220.0,,,,,58.0,72.0,,,1.0,,,,,,1.0,,,,,,,,,,
2019,6,11,,,139.0,132.0,119.0,156.0,23.0,,,,,79.0,73.0,90.0,,,,66.92,62.059999999999995,,,270.0,260.0,,,,,54.0,67.0,,,999.0,,,,,,999.0,,,,,,,,,,
2019,6,12,,,,,,,,,,,,,,,,,,,,,,,,,,,,,,,,-999.0,,,,,,-999.0,,,,,,,,,,
2019,6,14,,,144.0,149.0,139.0,167.0,26.0,,,0.0,,74.0,62.0,84.0,,,,73.04,62.059999999999995,,,280.0,290.0,,,,,72.0,85.0,,,9999.0,,,,,,9999.0,,,,,,,,,,
2019,6,15,,,,,,,,,,,,,,,,,,,,,,,,,,,,,,,,,,,,,,-99.0,,,,,,,,,,
2019,6,16,,,,,,,,,,,,,,,,,,,,,,,,,,,,,,,,,,,,,,99.0,,,,,,,,,,
2019,6,17,,,167.0,10159.0,10149.0,178.0,24.0,,,0.0,,82.0,69.0,97.0,,,67.1,73.04,62.059999999999995,,,210.0,200.0,,,,,58.0,72.0,,,1.0,,,,,,1.0,,,,,,,,,,
2019,6,19,,,156.0,149.0,135.0,172.0,28.0,,,0.0,,78.0,66.0,90.0,,,,73.94,62.959999999999994,,,300.0,230.0,,,,,58.0,94.0,,,1.0,,,,,,1.0,,,,,,,,,,
2019,6,22,,,122.0,149.0,135.0,150.0,29.0,,,0.0,,68.0,57.0,76.0,,,,69.98,62.059999999999995,,,220.0,260.0,,,,,58.0,85.0,,,9999.0,,,,,,9999.0,,,,,,,,,,
2019,6,23,,,,,,,,,,,,,,,,,,,,,,,,,,,,,,,,-99.0,,,,,,-99.0,,,,,,,,,,
2019,6,24,,,,,,,,,,,,,,,,,,,,,,,,,,,,,,,,99.0,,,,,,99.0,,,,,,,,,,
2019,6,25,,,144.0,10125.0,10115.0,161.0,23.0,,,0.0,,78.0,73.0,81.0,,,65.48,68.0,64.04,,,230.0,250.0,,,,,45.0,63.0,,,-9999.0,,,,,,-9999.0,,,,,,,,,,
2019,6,26,,,,,,,,,,,,,,,,,,,,,,,,,,,,,,,,-9.0,,,,,,-9.0,,,,,,,,,,
2019,6,27,,,139.0,139.0,129.0,150.0,22.0,,,0.0,,79.0,73.0,87.0,,,,64.94,62.959999999999994,,,180.0,180.0,,,,,45.0,45.0,,,999.0,,,,,,999.0,,,,,,,,,,
2019,6,28,,,,,,,,,,,,,,,,,,,,,,,,,,,,,,,,-999.0,,,,,,-999.0,,,,,,,,,,
2019,6,30,,,139.0,173.0,163.0,156.0,21.0,,,0.0,,75.0,64.0,81.0,,,,69.98,62.059999999999995,,,270.0,9999.0,,,,,54.0,9999.0,,,9999.0,,,,,,9999.0,,,,,,,,,,
2019,6,31,,,,,,,,,,,,,,,,,,,,,,,-99.0,,,,,,-99.0,,,-99.0,,,,,,-99.0,,,,,,,,,,
2019,7,1,,,161.0,10146.0,10139.0,172.0,29.0,,-9999.0,0.0,,80.0,64.0,93.0,,,68.0,73.94,62.959999999999994,,,280.0,240.0,,,,,63.0,81.0,,,1.0,-9999.0,,,,,-9999.0,,,,,,,,,,
2019,7,2,,,,,,,,,-9.0,,,,,,,,,,,,,,,,,,,,,,,,-9.0,,,,,-9.0,,,,,,,,,,
2019,7,3,,,150.0,135.0,129.0,167.0,28.0,,999.0,0.0,,75.0,63.0,87.0,,,,71.96,64.04,,,210.0,200.0,,,,,58.0,112.0,,,999.0,999.0,,,,,999.0,,,,,,,,,,
2019,7,4,,,,,,,,,-999.0,,,,,,,,,,,,,,,,,,,,,,,-999.0,-999.0,,,,,-999.0,,,,,,,,,,
2019,7,6,,,139.0,142.0,132.0,161.0,25.0,,9999.0,0.0,,69.0,61.0,81.0,,,,71.96,64.94,,,210.0,200.0,,,,,58.0,112.0,,,9999.0,9999.0,,,,,9999.0,,,,,,,,,,
2019,7,7,,,,,,,,,9.0,,,,,,,,,,,,,,,,,,,,,,,-99.0,-99.0,,,,,-99.0,,,,,,,,,,
2019,7,8,,,,,,,,,,,,,,,,,,,,,,,,,,,,,,,,99.0,99.0,,,,,99.0,,,,,,,,,,
2019,7,9,,,144.0,10166.0,10156.0,167.0,29.0,,1412.0,0.0,,75.0,63.0,81.0,,,67.1,71.96,64.94,,,210.0,200.0,,,,,54.0,112.0,,,-9999.0,-9999.0,,,,,-9999.0,,,,,,,,,,
2019,7,10,,,,,,,,,,,,,,,,,,,,,,,,,,,,,,,,-9.0,-9.0,,,,,-9.0,,,,,,,,,,
2019,7,11,,,139.0,159.0,149.0,161.0,38.0,,134.0,0.0,,71.0,61.0,81.0,,,,71.06,64.04,,,220.0,210.0,,,,,58.0,112.0,,,999.0,999.0,,,,,999.0,,,,,,,,,,
2019,7,12,,,,,,,,,,,,,,,,,,,,,,,,,,,,,,,,-999.0,-999.0,,,,,-999.0,,,,,,,,,,
2019,7,14,,,150.0,169.0,159.0,172.0,26.0,,1114.0,0.0,,70.0,55.0,81.0,,,,75.02,64.94,,,280.0,280.0,,,,,58.0,89.0,,,9999.0,9999.0,,,,,9999.0,,,,,,,,,,
2019,7,15,,,,,,,,,,,,,,,,,,,,,,,,,,,,,,,,-99.0,-99.0,,,,,-99.0,,,,,,,,,,
2019,7,16,,,,,,,,,,,,,,,,,,,,,,,,,,,,,,,,99.0,99.0,,,,,99.0,,,,,,,,,,
2019,7,17,,,167.0,10152.0,10142.0,183.0,27.0,,1116.0,0.0,,81.0,68.0,90.0,,,68.54,73.94,64.94,,,280.0,280.0,,,,,67.0,85.0,,,-9999.0,1.0,,,,,-9999.0,,,,,,,,,,
2019,7,18,,,,,,,,,,,,,,,,,,,,,,,,,,,,,,,,,,,,,,-9.0,,,,,,,,,,
2019,7,19,,,167.0,115.0,105.0,183.0,24.0,,241.0,0.0,,81.0,71.0,90.0,,,,73.94,64.94,,,280.0,250.0,,,,,58.0,76.0,,,1.0,999.0,,,,,999.0,,,,,,,,,,
2019,7,20,,,,,,,,,,,,,,,,,,,,,,,,,,,,,,,,,-999.0,,,,,-999.0,,,,,,,,,,
2019,7,21,,,,,,,,,,,,,,,,,,,,,,,,,,,,,,,,,,,,,,9.0,,,,,,,,,,
2019,7,22,,,167.0,149.0,139.0,178.0,23.0,,1223.0,0.0,,83.0,73.0,93.0,,,,71.96,62.959999999999994,,,260.0,250.0,,,,,58.0,94.0,,,1.0,9999.0,,,,,1.0,,,,,,,,,,
2019,7,23,,,,,,,,,,,,,,,,,,,,,,,,,,,,,,,,,-99.0,,,,,,,,,,,,,,,
2019,7,24,,,,,,,,,,,,,,,,,,,,,,,,,,,,,,,,,99.0,,,,,99.0,,,,,,,,,,
2019,7,25,,,167.0,10115.0,10105.0,178.0,30.0,,1230.0,0.0,,87.0,73.0,100.0,,,67.64,71.06,62.959999999999994,,,190.0,180.0,,,,,58.0,112.0,,,1.0,-9999.0,,,,,-9999.0,,,,,,,,,,
2019,7,26,,,,,,,,,,,,,,,,,,,,,,,,,,,,,,,,,-9.0,,,,,,,,,,,,,,,
2019,7,27,,,156.0,146.0,135.0,172.0,34.0,,130.0,0.0,,82.0,71.0,93.0,,,,71.06,62.959999999999994,,,190.0,180.0,,,,,63.0,116.0,,,1.0,999.0,,,,,1.0,,,,,,,,,,
2019,7,28,,,,,,,,,,,,,,,,,,,,,,,,,,,,,,,,,-999.0,,,,,,,,,,,,,,,
2019,7,30,,,150.0,142.0,132.0,167.0,28.0,,1153.0,0.0,,73.0,63.0,81.0,,,,71.96,64.94,,,280.0,230.0,,,,,58.0,89.0,,,9999.0,9999.0,,,,,9999.0,,,,,,,,,,
2019,7,31,,,,,,,,,,,,,,,,,,,,,,,,,,,,,,,,-99.0,-99.0,,,,,-99.0,,,,,,,,,,
2019,8,1,,,178.0,10152.0,10142.0,194.0,30.0,,,0.0,,79.0,66.0,93.0,,,71.42,77.0,68.0,,,290.0,300.0,,,,,72.0,98.0,,,-9999.0,-9999.0,,,,,1.0,,,,,,,,,,
2019,8,2,,,,,,,,,,,,,,,,,,,,,,,,,,,,,,,,,-9.0,,,,,,,,,,,,,,,
2019,8,3,,,183.0,142.0,129.0,194.0,29.0,,,0.0,,81.0,64.0,90.0,,,,75.92,68.0,,,270.0,270.0,,,,,67.0,94.0,,,1.0,999.0,,,,,999.0,,,,,,,,,,
2019,8,4,,,,,,,,,,,,,,,,,,,,,,,,,,,,,,,,,-999.0,,,,,-999.0,,,,,,,,,,
2019,8,5,,,,,,,,,,,,,,,,,,,,,,,,,,,,,,,,9.0,,,,,,9.0,,,,,,,,,,
2019,8,6,,,178.0,139.0,129.0,189.0,21.0,,,0.0,,81.0,64.0,93.0,,,,77.0,64.94,,,280.0,280.0,,,,,58.0,81.0,,,1.0,9999.0,,,,,1.0,,,,,,,,,,
2019,8,7,,,,,,,,,,,,,,,,,,,,,,,,,,,,,,,,,-99.0,,,,,,,,,,,,,,,
2019,8,8,,,,,,,,,,,,,,,,,,,,,,,,,,,,,,,,99.0,99.0,,,,,99.0,,,,,,,,,,
2019,8,9,,,172.0,10135.0,10125.0,189.0,29.0,,,0.0,,78.0,69.0,87.0,,,70.88,75.92,66.92,,,280.0,260.0,,,,,67.0,89.0,,,-9999.0,-9999.0,,,,,-9999.0,,,,,,,,,,
2019,8,10,,,,,,,,,,,,,,,,,,,,,,,,,,,,,,,,-9.0,-9.0,,,,,-9.0,,,,,,,,,,
2019,8,11,,,172.0,142.0,132.0,189.0,23.0,,,0.0,,78.0,68.0,87.0,,,,75.02,66.92,,,260.0,230.0,,,,,63.0,89.0,,,999.0,999.0,,,,,999.0,,,,,,,,,,
2019,8,12,,,,,,,,,,,,,,,,,,,,,,,,,,,,,,,,-999.0,-999.0,,,,,-999.0,,,,,,,,,,
2019,8,13,,,,,,,,,,,,,,,,,,,,,,,,,,,,,,,,9.0,,,,,,9.0,,,,,,,,,,
2019,8,14,,,167.0,132.0,125.0,183.0,23.0,,,0.0,,78.0,62.0,90.0,,,,75.92,64.94,,,280.0,190.0,,,,,45.0,103.0,,,1.0,9999.0,,,,,1.0,,,,,,,,,,
2019,8,15,,,,,,,,,,,,,,,,,,,,,,,,,,,,,,,,,-99.0,,,,,,,,,,,,,,,
2019,8,16,,,,,,,,,,,,,,,,,,,,,,,,,,,,,,,,99.0,99.0,,,,,99.0,,,,,,,,,,
2019,8,17,,,161.0,10149.0,10142.0,178.0,22.0,,,0.0,,77.0,68.0,87.0,,,69.44,73.94,64.94,,,260.0,210.0,,,,,58.0,98.0,,,-9999.0,-9999.0,,,,,-9999.0,,,,,,,,,,
2019,8,18,,,,,,,,,,,,,,,,,,,,,,,,,,,,,,,,-9.0,-9.0,,,,,-9.0,,,,,,,,,,
2019,8,19,,,161.0,146.0,142.0,178.0,24.0,,,0.0,,79.0,64.0,87.0,,,,75.02,64.04,,,280.0,220.0,,,,,54.0,94.0,,,999.0,999.0,,,,,999.0,,,,,,,,,,
2019,8,20,,,,,,,,,,,,,,,,,,,,,,,,,,,,,,,,,-999.0,,,,,,,,,,,,,,,
2019,8,22,,,178.0,149.0,135.0,189.0,33.0,,,0.0,,82.0,69.0,93.0,,,,75.92,66.02,,,290.0,290.0,,,,,76.0,98.0,,,1.0,9999.0,,,,,9999.0,,,,,,,,,,
2019,8,23,,,,,,,,,,,,,,,,,,,,,,,,,,,,,,,,,-99.0,,,,,-99.0,,,,,,,,,,
2019,8,24,,,,,,,,,,,,,,,,,,,,,,,,,,,,,,,,99.0,99.0,,,,,99.0,,,,,,,,,,
2019,8,25,,,156.0,10139.0,10129.0,172.0,22.0,,,0.0,,77.0,64.0,90.0,,,68.0,73.94,64.04,,,220.0,210.0,,,,,54.0,107.0,,,-9999.0,-9999.0,,,,,-9999.0,,,,,,,,,,
2019,8,26,,,,,,,,,,,,,,,,,,,,,,,,,,,,,,,,-9.0,-9.0,,,,,-9.0,,,,,,,,,,
2019,8,27,,,150.0,129.0,119.0,167.0,26.0,,,0.0,,72.0,61.0,81.0,,,,73.94,64.04,,,270.0,200.0,,,,,54.0,98.0,,,999.0,999.0,,,,,999.0,,,,,,,,,,
2019,8,28,,,,,,,,,,,,,,,,,,,,,,,,,,,,,,,,-999.0,-999.0,,,,,-999.0,,,,,,,,,,
2019,8,30,,,167.0,139.0,129.0,189.0,30.0,,,0.0,,74.0,60.0,87.0,,,,77.0,68.0,,,280.0,290.0,,,,,76.0,107.0,,,9999.0,9999.0,,,,,9999.0,,,,,,,,,,
2019,8,31,,,,,,,,,,,,,,,,,,,,,,,,,,,,,,,,-99.0,-99.0,,,,,-99.0,,,,,,,,,,
2019,9,1,,,194.0,10125.0,10112.0,206.0,22.0,,,0.0,,83.0,71.0,90.0,,,73.22,78.98,69.98,,,280.0,280.0,,,,,63.0,85.0,,,1.0,,-9999.0,,,,-9999.0,,,,,,,,,,
2019,9,2,,,,,,,,,,,,,,,,,,,,,,,,,,,,,,,,,,-9.0,,,,-9.0,,,,,,,,,,
2019,9,3,,,189.0,139.0,125.0,211.0,17.0,,,0.0,,74.0,32.0,93.0,,,,86.0,68.0,,,130.0,220.0,,,,,45.0,85.0,,,1.0,,999.0,,,,999.0,,,,,,,,,,
2019,9,4,,,,,,,,,,,,,,,,,,,,,,,,,,,,,,,,,,-999.0,,,,-999.0,,,,,,,,,,
2019,9,5,,,,,,,,,,,,,,,,,,,,,,,,,,,,,,,,,,9.0,,,,,,,,,,,,,,
2019,9,6,,,211.0,108.0,98.0,228.0,25.0,,,3.0,,79.0,57.0,96.0,,,,84.91999999999999,73.04,,,150.0,140.0,,,,,94.0,121.0,,,9999.0,,1.0,,,,9999.0,,,,,,,,,,
2019,9,7,,,,,,,,,,,,,,,,,,,,,,,,,,,,,,,,-99.0,,,,,,-99.0,,,,,,,,,,
2019,9,8,,,,,,,,,,,,,,,,,,,,,,,,,,,,,,,,99.0,,99.0,,,,99.0,,,,,,,,,,
2019,9,9,,,200.0,10159.0,10146.0,217.0,21.0,,,0.0,,77.0,38.0,97.0,,,76.82,84.91999999999999,71.06,,,290.0,270.0,,,,,58.0,76.0,,,-9999.0,,-9999.0,,,,-9999.0,,,,,,,,,,
2019,9,10,,,,,,,,,,,,,,,,,,,,,,,,,,,,,,,,-9.0,,-9.0,,,,-9.0,,,,,,,,,,
2019,9,11,,,200.0,142.0,129.0,211.0,24.0,,,0.0,,79.0,58.0,97.0,,,,82.94,69.98,,,290.0,290.0,,,,,67.0,85.0,,,999.0,,999.0,,,,999.0,,,,,,,,,,
2019,9,12,,,,,,,,,,,,,,,,,,,,,,,,,,,,,,,,-999.0,,-999.0,,,,-999.0,,,,,,,,,,
2019,9,14,,,161.0,115.0,105.0,178.0,37.0,,,0.0,,72.0,62.0,81.0,,,,75.02,66.92,,,210.0,190.0,,,,,58.0,107.0,,,9999.0,,9999.0,,,,9999.0,,,,,,,,,,
2019,9,15,,,,,,,,,,,,,,,,,,,,,,,,,,,,,,,,-99.0,,-99.0,,,,-99.0,,,,,,,,,,
2019,9,16,,,,,,,,,,,,,,,,,,,,,,,,,,,,,,,,99.0,,99.0,,,,99.0,,,,,,,,,,
2019,9,17,,,156.0,10149.0,10135.0,178.0,26.0,,,0.0,,68.0,52.0,84.0,,,70.88,75.92,66.92,,,280.0,210.0,,,,,63.0,98.0,,,-9999.0,,-9999.0,,,,-9999.0,,,,,,,,,,
2019,9,18,,,,,,,,,,,,,,,,,,,,,,,,,,,,,,,,-9.0,,-9.0,,,,,,,,,,,,,,
2019,9,19,,,183.0,149.0,135.0,194.0,23.0,,,0.0,,82.0,71.0,93.0,,,,77.0,64.04,,,280.0,290.0,,,,,72.0,94.0,,,999.0,,999.0,,,,1.0,,,,,,,,,,
2019,9,20,,,,,,,,,,,,,,,,,,,,,,,,,,,,,,,,,,-999.0,,,,,,,,,,,,,,
2019,9,22,,,178.0,125.0,112.0,206.0,16.0,,,0.0,,70.0,40.0,97.0,,,,84.91999999999999,66.02,,,290.0,280.0,,,,,45.0,63.0,,,9999.0,,9999.0,,,,9999.0,,,,,,,,,,
2019,9,23,,,,,,,,,,,,,,,,,,,,,,,,,,,,,,,,-99.0,,-99.0,,,,-99.0,,,,,,,,,,
2019,9,24,,,,,,,,,,,,,,,,,,,,,,,,,,,,,,,,99.0,,99.0,,,,99.0,,,,,,,,,,
2019,9,25,,,183.0,10132.0,10122.0,200.0,17.0,,,0.0,,79.0,58.0,93.0,,,72.86,80.06,68.0,,,280.0,280.0,,,,,63.0,76.0,,,-9999.0,,-9999.0,,,,-9999.0,,,,,,,,,,
2019,9,26,,,,,,,,,,,,,,,,,,,,,,,,,,,,,,,,-9.0,,-9.0,,,,-9.0,,,,,,,,,,
2019,9,27,,,172.0,139.0,129.0,189.0,21.0,,,0.0,,76.0,58.0,91.0,,,,77.0,66.02,,,270.0,999.0,,,,,45.0,999.0,,,999.0,,999.0,,,,999.0,,,,,,,,,,
2019,9,28,,,,,,,,,,,,,,,,,,,,,,,20.0,,,,,,9.0,,,-999.0,,-999.0,,,,-999.0,,,,,,,,,,
2019,9,30,,,150.0,122.0,108.0,172.0,30.0,,,0.0,,71.0,62.0,84.0,,,,75.02,64.94,,,260.0,190.0,,,,,63.0,116.0,,,9999.0,,9999.0,,,,9999.0,,,,,,,,,,
2019,9,31,,,,,,,,,,,,,,,,,,,,,,,,,,,,,,,,-99.0,,-99.0,,,,-99.0,,,,,,,,,,
2019,10,1,,,117.0,10122.0,10108.0,144.0,21.0,,,0.0,,65.0,49.0,80.0,,,65.84,71.96,60.08,,,220.0,200.0,,,,,54.0,107.0,,,-9999.0,-9999.0,,,,,-9999.0,,,,,,,,,,
2019,10,2,,,,,,,,,,,,,,,,,,,,,,,,,,,,,,,,-9.0,-9.0,,,,,-9.0,,,,,,,,,,
2019,10,3,,,128.0,135.0,125.0,156.0,20.0,,,0.0,,69.0,50.0,84.0,,,,73.94,55.04,,,280.0,280.0,,,,,67.0,94.0,,,999.0,999.0,,,,,999.0,,,,,,,,,,
2019,10,4,,,,,,,,,,,,,,,,,,,,,,,,,,,,,,,,-999.0,-999.0,,,,,-999.0,,,,,,,,,,
2019,10,6,,,128.0,159.0,146.0,156.0,19.0,,,0.0,,71.0,50.0,90.0,,,,75.92,55.94,,,290.0,270.0,,,,,58.0,81.0,,,9999.0,9999.0,,,,,9999.0,,,,,,,,,,
2019,10,7,,,,,,,,,,,,,,,,,,,,,,,,,,,,,,,,-99.0,-99.0,,,,,-99.0,,,,,,,,,,
2019,10,8,,,,,,,,,,,,,,,,,,,,,,,,,,,,,,,,99.0,99.0,,,,,99.0,,,,,,,,,,
2019,10,9,,,139.0,10156.0,10146.0,161.0,17.0,,,0.0,,70.0,37.0,90.0,,,66.92,80.06,55.04,,,280.0,280.0,,,,,63.0,81.0,,,-9999.0,-9999.0,,,,,-9999.0,,,,,,,,,,
2019,10,10,,,,,,,,,,,,,,,,,,,,,,,,,,,,,,,,-9.0,-9.0,,,,,-9.0,,,,,,,,,,
2019,10,11,,,150.0,135.0,125.0,172.0,18.0,,,0.0,,74.0,48.0,93.0,,,,78.98,57.02,,,280.0,310.0,,,,,63.0,85.0,,,999.0,999.0,,,,,999.0,,,,,,,,,,
2019,10,14,,,144.0,115.0,102.0,167.0,26.0,,,0.0,,73.0,63.0,84.0,,,,71.96,64.94,,,210.0,210.0,,,,,58.0,116.0,,,9999.0,9999.0,,,,,1.0,,,,,,,,,,
2019,10,15,,,,,,,,,,,,,,,,,,,,,,,,,,,,,,,,-99.0,-99.0,,,,,,,,,,,,,,,
2019,10,16,,,,,,,,,,,,,,,,,,,,,,,,,,,,,,,,99.0,99.0,,,,,,,,,,,,,,,
2019,10,17,,,89.0,10129.0,10119.0,144.0,15.0,,,0.0,,55.0,11.0,90.0,,,67.82,84.91999999999999,53.96,,,260.0,250.0,,,,,54.0,76.0,,,-9999.0,-9999.0,,,,,1.0,,,,,,,,,,
2019,10,18,,,,,,,,,,,,,,,,,,,,,,,,,,,,,,,,-9.0,-9.0,,,,,,,,,,,,,,,
2019,10,19,,,117.0,115.0,102.0,150.0,16.0,,,0.0,,65.0,31.0,93.0,,,,77.0,53.96,,,280.0,220.0,,,,,54.0,89.0,,,999.0,999.0,,,,,1.0,,,,,,,,,,
2019,10,20,,,,,,,,,,,,,,,,,,,,,,,,,,,,,,,,-999.0,-999.0,,,,,,,,,,,,,,,
2019,10,22,,,128.0,139.0,129.0,156.0,23.0,,,0.0,,66.0,46.0,90.0,,,,73.94,62.059999999999995,,,280.0,200.0,,,,,58.0,89.0,,,9999.0,9999.0,,,,,1.0,,,,,,,,,,
2019,10,23,,,,,,,,,,,,,,,,,,,,,,,,,,,,,,,,,-99.0,,,,,,,,,,,,,,,
2019,10,24,,,,,,,,,,,,,,,,,,,,,,,,,,,,,,,,,99.0,,,,,,,,,,,,,,,
2019,10,25,,,161.0,10122.0,10108.0,178.0,14.0,,,0.0,,79.0,48.0,100.0,,,68.36,78.98,59.0,,,270.0,190.0,,,,,45.0,94.0,,,1.0,-9999.0,,,,,1.0,,,,,,,,,,
2019,10,26,,,,,,,,,,,,,,,,,,,,,,,,,,,,,,,,,-9.0,,,,,,,,,,,,,,,
2019,10,27,,,161.0,102.0,91.0,178.0,31.0,,,0.0,,75.0,64.0,96.0,,,,73.94,64.94,,,260.0,200.0,,,,,63.0,112.0,,,1.0,999.0,,,,,1.0,,,,,,,,,,
2019,10,28,,,,,,,,,,,,,,,,,,,,,,,,,,,,,,,,,-999.0,,,,,,,,,,,,,,,
2019,10,29,,,,,,,,,,,,,,,,,,,,,,,,,,,,,,,,9.0,,,,,,,,,,,,,,,,
2019,10,30,,,133.0,125.0,119.0,161.0,16.0,,,0.0,,69.0,36.0,90.0,,,,78.08,55.94,,,280.0,240.0,,,,,54.0,76.0,,,1.0,9999.0,,,,,1.0,,,,,,,,,,
2019,10,31,,,,,,,,,,,,,,,,,,,,,,,,,,,,,,,,,-99.0,,,,,,,,,,,,,,,
2019,11,1,,,11.0,10183.0,10173.0,94.0,11.0,,,0.0,,41.0,10.0,78.0,,,61.519999999999996,75.02,48.02,,,310.0,310.0,,,,,54.0,67.0,,,-9999.0,-9999.0,-9999.0,,,,1.0,,,,,,,,,,
2019,11,2,,,,,,,,,,,,,,,,,,,,,,,,,,,,,,,,,-9.0,-9.0,,,,,,,,,,,,,,
2019,11,3,,,39.0,169.0,159.0,111.0,15.0,,,0.0,,50.0,10.0,96.0,,,,80.96,50.0,,,310.0,310.0,,,,,54.0,67.0,,,1.0,999.0,999.0,,,,1.0,,,,,,,,,,
2019,11,4,,,,,,,,,,,,,,,,,,,,,,,,,,,,,,,,,-999.0,-999.0,,,,,,,,,,,,,,
2019,11,5,,,,,,,,,,,,,,,,,,,,,,,,,,,,,,,,9.0,9.0,,,,,,,,,,,,,,,
2019,11,6,,,78.0,146.0,142.0,122.0,13.0,,,0.0,,63.0,21.0,100.0,,,,73.94,48.02,,,280.0,290.0,,,,,58.0,67.0,,,1.0,1.0,9999.0,,,,1.0,,,,,,,,,,
2019,11,7,,,,,,,,,,,,,,,,,,,,,,,,,,,,,,,,,,-99.0,,,,,,,,,,,,,,
2019,11,8,,,,,,,,,,,,,,,,,,,,,,,,,,,,,,,,,99.0,99.0,,,,99.0,,,,,,,,,,
2019,11,9,,,150.0,10159.0,10149.0,161.0,15.0,,,0.0,,85.0,70.0,93.0,,,64.22,69.98,57.92,,,270.0,220.0,,,,,45.0,72.0,,,1.0,-9999.0,-9999.0,,,,1.0,,,,,,,,,,
2019,11,10,,,,,,,,,,,,,,,,,,,,,,,,,,,,,,,,,-9.0,-9.0,,,,,,,,,,,,,,
2019,11,11,,,156.0,183.0,176.0,161.0,18.0,,,0.0,,87.0,68.0,100.0,,,,71.96,60.08,,,290.0,300.0,,,,,63.0,76.0,,,1.0,999.0,999.0,,,,1.0,,,,,,,,,,
2019,11,12,,,,,,,,,,,,,,,,,,,,,,,,,,,,,,,,,,-999.0,,,,,,,,,,,,,,
2019,11,14,,,111.0,159.0,149.0,150.0,16.0,,,0.0,,63.0,22.0,100.0,,,,84.91999999999999,53.96,,,280.0,180.0,,,,,63.0,72.0,,,1.0,1.0,9999.0,,,,9999.0,,,,,,,,,,
2019,11,15,,,,,,,,,,,,,,,,,,,,,,,,,,,,,,,,,,-99.0,,,,,,,,,,,,,,
2019,11,16,,,,,,,,,,,,,,,,,,,,,,,,,,,,,,,,,,99.0,,,,,,,,,,,,,,
2019,11,17,,,139.0,10169.0,10159.0,156.0,15.0,,,0.0,,81.0,68.0,93.0,,,64.4,68.0,57.02,,,280.0,260.0,,,,,54.0,76.0,,,1.0,-9999.0,-9999.0,,,,1.0,,,,,,,,,,
2019,11,18,,,,,,,,,,,,,,,,,,,,,,,,,,,,,,,,,-9.0,-9.0,,,,,,,,,,,,,,
2019,11,19,,,156.0,173.0,166.0,161.0,22.0,,,0.0,,87.0,64.0,100.0,,,,71.96,57.02,,,290.0,300.0,,,,,58.0,72.0,,,1.0,999.0,999.0,,,,1.0,,,,,,,,,,
2019,11,20,,,,,,,,,,,,,,,,,,,,,,,,,,,,,,,,,-999.0,-999.0,,,,,,,,,,,,,,
2019,11,22,,,144.0,190.0,183.0,161.0,28.0,,,0.0,,81.0,66.0,93.0,,,,69.08,57.02,,,300.0,300.0,,,,,63.0,85.0,,,1.0,9999.0,9999.0,,,,1.0,,,,,,,,,,
2019,11,23,,,,,,,,,,,,,,,,,,,,,,,,,,,,,,,,,-99.0,-99.0,,,,,,,,,,,,,,
2019,11,24,,,,,,,,,,,,,,,,,,,,,,,,,,,,,,,,,99.0,99.0,,,,,,,,,,,,,,
2019,11,25,,,150.0,10152.0,10142.0,161.0,18.0,,,0.0,,84.0,66.0,93.0,,,63.86,71.96,55.94,,,280.0,300.0,,,,,58.0,67.0,,,1.0,-9999.0,-9999.0,,,,1.0,,,,,,,,,,
2019,11,26,,,,,,,,,,,,,,,,,,,,,,,,,,,,,,,,,-9.0,-9.0,,,,,,,,,,,,,,
2019,11,27,,,61.0,139.0,129.0,133.0,14.0,,,0.0,,44.0,14.0,93.0,,,,87.98,53.96,,,320.0,20.0,,,,,40.0,63.0,,,1.0,999.0,999.0,,,,1.0,,,,,,,,,,
2019,11,28,,,,,,,,,,,,,,,,,,,,,,,,,,,,,,,,,-999.0,-999.0,,,,,,,,,,,,,,
2019,11,29,,,,,,,,,,,,,,,,,,,,,,,,,,,,,,,,9.0,,,,,,,,,,,,,,,,
2019,11,30,,,133.0,64.0,51.0,161.0,30.0,,,28.0,,69.0,39.0,93.0,,,,77.0,60.08,,,140.0,190.0,,,,,72.0,112.0,,,1.0,9999.0,9999.0,,,,1.0,,,,,,,,,,
2019,11,31,,,,,,,,,,,,,,,,,,,,,,,,,,,,,,,,,-99.0,-99.0,,,,,,,,,,,,,,
2019,12,1,,,61.0,10196.0,10186.0,100.0,10.0,,,0.0,,61.0,38.0,80.0,,,57.92,66.92,48.92,,,260.0,220.0,,,,,40.0,89.0,,,-9999.0,-9999.0,,,,,-9999.0,,,,,,,,,,
2019,12,2,,,,,,,,,,,,,,,,,,,,,,,,,,,,,,,,-9.0,-9.0,,,,,-9.0,,,,,,,,,,
2019,12,3,,,100.0,200.0,190.0,122.0,12.0,,,0.0,,74.0,44.0,93.0,,,,71.06,50.0,,,290.0,310.0,,,,,54.0,81.0,,,999.0,999.0,,,,,999.0,,,,,,,,,,
2019,12,4,,,,,,,,,,,,,,,,,,,,,,,,,,,,,,,,-999.0,-999.0,,,,,-999.0,,,,,,,,,,
2019,12,5,,,,,,,,,,,,,,,,,,,,,,,,,,,,,,,,9.0,,,,,,,,,,,,,,,,
2019,12,6,,,156.0,152.0,142.0,161.0,30.0,,,302.0,,90.0,73.0,97.0,,,,64.94,60.980000000000004,,,170.0,210.0,,,,,63.0,98.0,,,1.0,9999.0,,,,,9999.0,,,,,,,,,,
2019,12,7,,,,,,,,,,,,,,,,,,,,,,,,,,,,,,,,,-99.0,,,,,-99.0,,,,,,,,,,
2019,12,8,,,,,,,,,,,,,,,,,,,,,,,,,,,,,,,,,99.0,,,,,99.0,,,,,,,,,,
2019,12,9,,,128.0,10203.0,10193.0,144.0,13.0,,,0.0,,77.0,42.0,93.0,,,61.16,71.96,53.96,,,10.0,200.0,,,,,45.0,85.0,,,-9999.0,-9999.0,,,,,-9999.0,,,,,,,,,,
2019,12,10,,,,,,,,,,,,,,,,,,,,,,,,,,,,,,,,,-9.0,,,,,-9.0,,,,,,,,,,
2019,12,11,,,161.0,200.0,190.0,172.0,10.0,,,38.0,,88.0,78.0,93.0,,,,66.92,62.959999999999994,,,160.0,190.0,,,,,31.0,72.0,,,1.0,999.0,,,,,999.0,,,,,,,,,,
2019,12,12,,,,,,,,,,,,,,,,,,,,,,,,,,,,,,,,,-999.0,,,,,-999.0,,,,,,,,,,
2019,12,14,,,128.0,190.0,179.0,139.0,14.0,,,5.0,,84.0,70.0,93.0,,,,66.02,53.96,,,280.0,280.0,,,,,63.0,72.0,,,1.0,9999.0,,,,,9999.0,,,,,,,,,,
2019,12,15,,,,,,,,,,,,,,,,,,,,,,,,,,,,,,,,,-99.0,,,,,-99.0,,,,,,,,,,
2019,12,16,,,,,,,,,,,,,,,,,,,,,,,,,,,,,,,,99.0,99.0,,,,,99.0,,,,,,,,,,
2019,12,17,,,122.0,10224.0,10213.0,133.0,16.0,,,0.0,,84.0,68.0,93.0,,,58.82,66.92,48.92,,,300.0,290.0,,,,,63.0,81.0,,,1.0,-9999.0,,,,,-9999.0,,,,,,,,,,
2019,12,18,,,,,,,,,,,,,,,,,,,,,,,,,,,,,,,,,-9.0,,,,,-9.0,,,,,,,,,,
2019,12,19,,,128.0,224.0,217.0,139.0,10.0,,,0.0,,83.0,59.0,96.0,,,,69.08,53.06,,,290.0,280.0,,,,,54.0,63.0,,,1.0,999.0,,,,,999.0,,,,,,,,,,
2019,12,22,,,133.0,159.0,146.0,150.0,30.0,,,0.0,,79.0,70.0,93.0,,,,68.0,60.08,,,280.0,190.0,,,,,72.0,98.0,,,1.0,9999.0,,,,,1.0,,,,,,,,,,
2019,12,23,,,,,,,,,,,,,,,,,,,,,,,,,,,,,,,,,-99.0,,,,,,,,,,,,,,,
2019,12,24,,,,,,,,,,,,,,,,,,,,,,,,,,,,,,,,99.0,99.0,,,,,99.0,,,,,,,,,,
2019,12,25,,,22.0,10213.0,10217.0,89.0,11.0,,,0.0,,48.0,17.0,93.0,,,57.2,69.08,44.96,,,280.0,210.0,,,,,58.0,72.0,,,-9999.0,-9999.0,,,,,-9999.0,,,,,,,,,,
2019,12,26,,,,,,,,,,,,,,,,,,,,,,,,,,,,,,,,-9.0,-9.0,,,,,-9.0,,,,,,,,,,
2019,12,27,,,-22.0,224.0,213.0,61.0,13.0,,,0.0,,39.0,15.0,58.0,,,,66.92,41.0,,,320.0,300.0,,,,,45.0,63.0,,,999.0,999.0,,,,,999.0,,,,,,,,,,
2019,12,28,,,,,,,,,,,,,,,,,,,,,,,,,,,,,,,,-999.0,-999.0,,,,,-999.0,,,,,,,,,,
2019,12,30,,,33.0,203.0,196.0,83.0,11.0,,,0.0,,57.0,34.0,83.0,,,,66.02,42.08,,,320.0,320.0,,,,,54.0,72.0,,,9999.0,9999.0,,,,,9999.0,,,,,,,,,,
2019,12,31,,,,,,,,,,,,,,,,,,,,,,,,,,,,,,,,-99.0,-99.0,,,,,-99.0,,,,,,,,,,
2020,1,1,,,83.0,10166.0,10152.0,111.0,17.0,,,0.0,,70.0,34.0,87.0,,,57.2,66.02,46.04,,,210.0,210.0,,,,,45.0,103.0,,,-9999.0,-9999.0,,,,,-9999.0,,,,,,,,,,
2020,1,2,,,,,,,,,,,,,,,,,,,,,,,,,,,,,,,,,-9.0,,,,,,,,,,,,,,,
2020,1,3,,,106.0,156.0,146.0,128.0,15.0,,,0.0,,77.0,47.0,90.0,,,,69.08,50.0,,,320.0,310.0,,,,,76.0,103.0,,,1.0,999.0,,,,,1.0,,,,,,,,,,
2020,1,4,,,,,,,,,,,,,,,,,,,,,,,,,,,,,,,,,-999.0,,,,,,,,,,,,,,,
2020,1,5,,,,,,,,,,,,,,,,,,,,,,,,,,,,,,,,,,,,,,9.0,,,,,,,,,,
2020,1,6,,,100.0,264.0,257.0,122.0,13.0,,,0.0,,80.0,49.0,96.0,,,,69.08,46.94,,,310.0,300.0,,,,,58.0,85.0,,,1.0,9999.0,,,,,1.0,,,,,,,,,,
2020,1,9,,,61.0,10237.0,10227.0,106.0,9.0,,,0.0,,59.0,18.0,89.0,,,58.82,78.98,46.04,,,320.0,230.0,,,,,40.0,54.0,,,1.0,-9999.0,,,,,-9999.0,,,,,,,,,,
2020,1,10,,,,,,,,,,,,,,,,,,,,,,,,,,,,,,,,,-9.0,,,,,-9.0,,,,,,,,,,
2020,1,11,,,50.0,196.0,186.0,100.0,12.0,,,0.0,,59.0,16.0,87.0,,,,75.02,44.06,,,190.0,180.0,,,,,45.0,103.0,,,999.0,999.0,,,,,999.0,,,,,,,,,,
2020,1,12,,,,,,,,,,,,,,,,,,,,,,,,,,,,,,,,-999.0,-999.0,,,,,-999.0,,,,,,,,,,
2020,1,13,,,,,,,,,,,,,,,,,,,,,,,,,,,,,,,,9.0,,,,,,,,,,,,,,,,
2020,1,14,,,100.0,163.0,152.0,122.0,35.0,,,13.0,,76.0,54.0,97.0,,,,64.04,51.98,,,270.0,270.0,,,,,98.0,116.0,,,1.0,9999.0,,,,,9999.0,,,,,,,,,,
2020,1,15,,,,,,,,,,,,,,,,,,,,,,,,,,,,,,,,,-99.0,,,,,-99.0,,,,,,,,,,
2020,1,16,,,,,,,,,,,,,,,,,,,,,,,,,,,,,,,,99.0,99.0,,,,,99.0,,,,,,,,,,
2020,1,17,,,83.0,10213.0,10203.0,106.0,16.0,,,0.0,,72.0,50.0,86.0,,,53.96,64.04,42.980000000000004,,,230.0,200.0,,,,,45.0,85.0,,,-9999.0,-9999.0,,,,,-9999.0,,,,,,,,,,
2020,1,18,,,,,,,,,,,,,,,,,,,,,,,,,,,,,,,,-9.0,-9.0,,,,,-9.0,,,,,,,,,,
2020,1,19,,,83.0,190.0,179.0,111.0,17.0,,,0.0,,72.0,52.0,87.0,,,,64.04,48.92,,,290.0,280.0,,,,,58.0,72.0,,,999.0,999.0,,,,,999.0,,,,,,,,,,
2020,1,20,,,,,,,,,,,,,,,,,,,,,,,,,,,,,,,,-999.0,-999.0,,,,,-999.0,,,,,,,,,,
2020,1,21,,,,,,,,,,,,,,,,,,,,,,,,,,,,,,,,9.0,,,,,,,,,,,,,,,,
2020,1,22,,,94.0,196.0,190.0,117.0,13.0,,,0.0,,76.0,54.0,89.0,,,,64.04,50.0,,,280.0,300.0,,,,,58.0,67.0,,,1.0,9999.0,,,,,9999.0,,,,,,,,,,
2020,1,23,,,,,,,,,,,,,,,,,,,,,,,,,,,,,,,,,-99.0,,,,,,,,,,,,,,,
2020,1,24,,,,,,,,,,,,,,,,,,,,,,,,,,,,,,,,,99.0,,,,,,,,,,,,,,,
2020,1,25,,,83.0,10186.0,10179.0,111.0,21.0,,,0.0,,69.0,54.0,93.0,,,56.66,62.059999999999995,53.06,,,240.0,210.0,,,,,58.0,98.0,,,1.0,-9999.0,,,,,1.0,,,,,,,,,,
2020,1,26,,,,,,,,,,,,,,,,,,,,,,,,,,,,,,,,,-9.0,,,,,,,,,,,,,,,
2020,1,27,,,106.0,230.0,217.0,122.0,22.0,,,46.0,,80.0,58.0,93.0,,,,64.04,51.08,,,280.0,180.0,,,,,54.0,81.0,,,1.0,999.0,,,,,999.0,,,,,,,,,,
2020,1,28,,,,,,,,,,,,,,,,,,,,,,,,,,,,,,,,,-999.0,,,,,-999.0,,,,,,,,,,
2020,1,29,,,,,,,,,,,,,,,,,,,,,,,,,,,,,,,,9.0,,,,,,,,,,,,,,,,
2020,1,30,,,94.0,190.0,179.0,122.0,11.0,,,0.0,,73.0,28.0,93.0,,,,73.94,44.96,,,210.0,200.0,,,,,63.0,103.0,,,1.0,9999.0,,,,,9999.0,,,,,,,,,,
2020,1,31,,,,,,,,,,,,,,,,,,,,,,,,,,,,,,,,,-99.0,,,,,-99.0,,,,,,,,,,
2020,2,1,,,6.0,10213.0,10203.0,100.0,11.0,,,0.0,,34.0,14.0,61.0,,,63.68,80.06,48.92,,,10.0,10.0,,,,,45.0,67.0,,,-9999.0,,-9999.0,,,,-9999.0,,,,,,,,,,
2020,2,2,,,,,,,,,,,,,,,,,,,,,,,,,,,,,,,,-9.0,,-9.0,,,,-9.0,,,,,,,,,,
2020,2,3,,,89.0,146.0,135.0,122.0,25.0,,,0.0,,66.0,42.0,80.0,,,,66.92,51.08,,,210.0,200.0,,,,,67.0,107.0,,,999.0,,999.0,,,,999.0,,,,,,,,,,
2020,2,4,,,,,,,,,,,,,,,,,,,,,,,,,,,,,,,,-999.0,,-999.0,,,,-999.0,,,,,,,,,,
2020,2,6,,,-78.0,196.0,186.0,44.0,22.0,,,0.0,,26.0,13.0,38.0,,,,62.959999999999994,42.08,,,290.0,300.0,,,,,72.0,89.0,,,9999.0,,9999.0,,,,9999.0,,,,,,,,,,
2020,2,7,,,,,,,,,,,,,,,,,,,,,,,,,,,,,,,,-99.0,,-99.0,,,,-99.0,,,,,,,,,,
2020,2,8,,,,,,,,,,,,,,,,,,,,,,,,,,,,,,,,99.0,,99.0,,,,99.0,,,,,,,,,,
2020,2,9,,,33.0,10207.0,10196.0,83.0,11.0,,,0.0,,56.0,25.0,83.0,,,54.5,64.94,44.06,,,210.0,210.0,,,,,45.0,98.0,,,-9999.0,,-9999.0,,,,-9999.0,,,,,,,,,,
2020,2,10,,,,,,,,,,,,,,,,,,,,,,,,,,,,,,,,,,-9.0,,,,-9.0,,,,,,,,,,
2020,2,11,,,83.0,186.0,176.0,111.0,16.0,,,0.0,,72.0,42.0,93.0,,,,66.02,44.96,,,280.0,280.0,,,,,72.0,85.0,,,1.0,,999.0,,,,999.0,,,,,,,,,,
2020,2,12,,,,,,,,,,,,,,,,,,,,,,,,,,,,,,,,,,-999.0,,,,,,,,,,,,,,
2020,2,14,,,100.0,115.0,102.0,122.0,40.0,,,5.0,,74.0,63.0,90.0,,,,60.980000000000004,55.04,,,240.0,210.0,,,,,72.0,112.0,,,1.0,,9999.0,,,,9999.0,,,,,,,,,,
2020,2,15,,,,,,,,,,,,,,,,,,,,,,,,,,,,,,,,,,-99.0,,,,-99.0,,,,,,,,,,
2020,2,16,,,,,,,,,,,,,,,,,,,,,,,,,,,,,,,,,,99.0,,,,99.0,,,,,,,,,,
2020,2,17,,,83.0,10166.0,10156.0,111.0,23.0,,,0.0,,67.0,36.0,90.0,,,58.28,68.0,48.92,,,260.0,230.0,,,,,72.0,98.0,,,-9999.0,,-9999.0,,,,-9999.0,,,,,,,,,,
2020,2,18,,,,,,,,,,,,,,,,,,,,,,,,,,,,,,,,-9.0,,-9.0,,,,-9.0,,,,,,,,,,
2020,2,19,,,78.0,193.0,179.0,106.0,17.0,,,0.0,,68.0,39.0,90.0,,,,64.94,48.02,,,220.0,190.0,,,,,45.0,98.0,,,999.0,,999.0,,,,999.0,,,,,,,,,,
2020,2,20,,,,,,,,,,,,,,,,,,,,,,,,,,,,,,,,,,-999.0,,,,-999.0,,,,,,,,,,
2020,2,22,,,106.0,186.0,176.0,122.0,14.0,,,0.0,,79.0,56.0,96.0,,,,64.94,50.0,,,300.0,300.0,,,,,67.0,89.0,,,1.0,,9999.0,,,,9999.0,,,,,,,,,,
2020,2,23,,,,,,,,,,,,,,,,,,,,,,,,,,,,,,,,,,-99.0,,,,-99.0,,,,,,,,,,
2020,2,24,,,,,,,,,,,,,,,,,,,,,,,,,,,,,,,,99.0,,99.0,,,,99.0,,,,,,,,,,
2020,2,25,,,111.0,10193.0,10186.0,128.0,13.0,,,0.0,,79.0,58.0,93.0,,,58.28,66.92,48.92,,,280.0,280.0,,,,,54.0,67.0,,,1.0,,-9999.0,,,,-9999.0,,,,,,,,,,
2020,2,26,,,,,,,,,,,,,,,,,,,,,,,,,,,,,,,,,,-9.0,,,,,,,,,,,,,,
2020,2,27,,,122.0,149.0,139.0,139.0,18.0,,,0.0,,81.0,61.0,90.0,,,,66.92,55.04,,,280.0,200.0,,,,,45.0,76.0,,,1.0,,999.0,,,,1.0,,,,,,,,,,
2020,2,28,,,,,,,,,,,,,,,,,,,,,,,,,,,,,,,,,,-999.0,,,,,,,,,,,,,,
2020,2,30,,,122.0,179.0,169.0,139.0,22.0,,,0.0,,78.0,70.0,90.0,,,,66.02,55.94,,,290.0,320.0,,,,,63.0,76.0,,,9999.0,,9999.0,,,,9999.0,,,,,,,,,,
2020,2,31,,,,,,,,,,,,,,,,,,,,,,,,,,,,,,,,,,-99.0,,,,,,,,,,,,,,
2020,3,1,,,83.0,10163.0,10152.0,117.0,40.0,,,3.0,,64.0,44.0,80.0,,,61.34,62.959999999999994,55.04,,,260.0,230.0,,,,,76.0,130.0,,,-9999.0,,-9999.0,,,,-9999.0,,,,,,,,,,
2020,3,2,,,,,,,,,,,,,,,,,,,,,,,,,,,,,,,,,,-9.0,,,,-9.0,,,,,,,,,,
2020,3,3,,,83.0,119.0,108.0,117.0,29.0,,,,,65.0,45.0,87.0,,,,64.94,53.06,,,280.0,260.0,,,,,72.0,89.0,,,1.0,,999.0,,,,999.0,,,,,,,,,,
2020,3,4,,,,,,,,,,,,,,,,,,,,,,,,,,,,,,,,,,-999.0,,,,-999.0,,,,,,,,,,
2020,3,6,,,122.0,203.0,196.0,139.0,23.0,,,0.0,,77.0,63.0,90.0,,,,66.92,57.02,,,280.0,190.0,,,,,54.0,94.0,,,9999.0,,9999.0,,,,9999.0,,,,,,,,,,
2020,3,7,,,,,,,,,,,,,,,,,,,,,,,,,,,,,,,,,,-99.0,,,,,,,,,,,,,,
2020,3,8,,,,,,,,,,,,,,,,,,,,,,,,,,,,,,,,,,99.0,,,,,,,,,,,,,,
2020,3,9,,,133.0,10169.0,10156.0,150.0,20.0,,,0.0,,79.0,65.0,96.0,,,62.78,69.08,57.92,,,270.0,200.0,,,,,54.0,103.0,,,1.0,,-9999.0,,,,-9999.0,,,,,,,,,,
2020,3,10,,,,,,,,,,,,,,,,,,,,,,,,,,,,,,,,,,-9.0,,,,-9.0,,,,,,,,,,
2020,3,11,,,106.0,166.0,156.0,133.0,27.0,,,3.0,,68.0,54.0,75.0,,,,66.02,60.08,,,270.0,230.0,,,,,63.0,89.0,,,999.0,,999.0,,,,999.0,,,,,,,,,,
2020,3,12,,,,,,,,,,,,,,,,,,,,,,,,,,,,,,,,,,-999.0,,,,-999.0,,,,,,,,,,
2020,3,14,,,94.0,179.0,169.0,133.0,22.0,,,36.0,,65.0,34.0,93.0,,,,73.04,53.06,,,160.0,180.0,,,,,98.0,125.0,,,1.0,,9999.0,,,,9999.0,,,,,,,,,,
2020,3,15,,,,,,,,,,,,,,,,,,,,,,,,,,,,,,,,,,-99.0,,,,-99.0,,,,,,,,,,
2020,3,16,,,,,,,,,,,,,,,,,,,,,,,,,,,,,,,,,,99.0,,,,99.0,,,,,,,,,,
2020,3,17,,,156.0,10159.0,10152.0,167.0,24.0,,,0.0,,87.0,70.0,100.0,,,64.75999999999999,69.98,62.059999999999995,,,280.0,280.0,,,,,54.0,85.0,,,-9999.0,,-9999.0,,,,-9999.0,,,,,,,,,,
2020,3,18,,,,,,,,,,,,,,,,,,,,,,,,,,,,,,,,,,-9.0,,,,-9.0,,,,,,,,,,
2020,3,19,,,144.0,108.0,95.0,156.0,27.0,,,66.0,,86.0,70.0,97.0,,,,64.94,60.08,,,200.0,180.0,,,,,67.0,98.0,,,1.0,,999.0,,,,999.0,,,,,,,,,,
2020,3,20,,,,,,,,,,,,,,,,,,,,,,,,,,,,,,,,,,-999.0,,,,-999.0,,,,,,,,,,
2020,3,22,,,128.0,200.0,190.0,144.0,16.0,,,18.0,,79.0,52.0,93.0,,,,66.92,57.92,,,230.0,210.0,,,,,45.0,85.0,,,1.0,,9999.0,,,,9999.0,,,,,,,,,,
2020,3,23,,,,,,,,,,,,,,,,,,,,,,,,,,,,,,,,,,-99.0,,,,-99.0,,,,,,,,,,
2020,3,24,,,,,,,,,,,,,,,,,,,,,,,,,,,,,,,,99.0,,99.0,,,,99.0,,,,,,,,,,
2020,3,25,,,100.0,10173.0,10163.0,128.0,38.0,,,64.0,,67.0,50.0,96.0,,,61.16,66.02,57.02,,,180.0,210.0,,,,,89.0,125.0,,,1.0,,-9999.0,,,,-9999.0,,,,,,,,,,
2020,3,26,,,,,,,,,,,,,,,,,,,,,,,,,,,,,,,,,,-9.0,,,,-9.0,,,,,,,,,,
2020,3,27,,,67.0,152.0,142.0,106.0,26.0,,,3.0,,58.0,41.0,81.0,,,,64.04,53.06,,,270.0,260.0,,,,,63.0,81.0,,,1.0,,999.0,,,,999.0,,,,,,,,,,
2020,3,28,,,,,,,,,,,,,,,,,,,,,,,,,,,,,,,,,,-999.0,,,,-999.0,,,,,,,,,,
2020,3,30,,,89.0,196.0,186.0,122.0,34.0,,,,,64.0,48.0,78.0,,,,64.94,55.94,,,240.0,160.0,,,,,72.0,94.0,,,9999.0,,9999.0,,,,9999.0,,,,,,,,,,
2020,3,31,,,,,,,,,,,,,,,,,,,,,,,,,,,,,,,,,,-99.0,,,,-99.0,,,,,,,,,,
2020,4,1,,,139.0,-9999.0,-9999.0,150.0,35.0,,,0.0,,83.0,68.0,100.0,,,62.059999999999995,66.02,57.92,,,200.0,180.0,,,,,54.0,76.0,,,1.0,-9999.0,,,,,-9999.0,,,,,,,,,,
2020,4,2,,,,10.0,10.0,,,,,,,,,,,,,,,,,,,,,,,,,,,,-9.0,,,,,-9.0,,,,,,,,,,
2020,4,3,,,106.0,152.0,142.0,133.0,35.0,,,0.0,,68.0,56.0,87.0,,,,66.02,60.08,,,190.0,170.0,,,,,63.0,94.0,,,999.0,999.0,,,,,999.0,,,,,,,,,,
2020,4,4,,,,,,,,,,,,,,,,,,,,,,,,,,,,,,,,-999.0,-999.0,,,,,-999.0,,,,,,,,,,
2020,4,6,,,106.0,135.0,125.0,133.0,40.0,,,0.0,,66.0,52.0,78.0,,,,66.02,59.0,,,190.0,190.0,,,,,67.0,89.0,,,9999.0,9999.0,,,,,9999.0,,,,,,,,,,
2020,4,7,,,,,,,,,,,,,,,,,,,,,,,,,,,,,,,,,-99.0,,,,,-99.0,,,,,,,,,,
2020,4,8,,,,,,,,,,,,,,,,,,,,,,,,,,,,,,,,,99.0,,,,,99.0,,,,,,,,,,
2020,4,9,,,139.0,10152.0,10142.0,150.0,57.0,,,190.0,,85.0,66.0,100.0,,,62.24,66.92,57.92,,,170.0,190.0,,,,,107.0,139.0,,,1.0,-9999.0,,,,,-9999.0,,,,,,,,,,
2020,4,10,,,,,,,,,,,,,,,,,,,,,,,,,,,,,,,,,-9.0,,,,,-9.0,,,,,,,,,,
2020,4,11,,,133.0,173.0,159.0,139.0,38.0,,,94.0,,90.0,76.0,97.0,,,,64.94,55.94,,,160.0,160.0,,,,,116.0,161.0,,,1.0,999.0,,,,,999.0,,,,,,,,,,
2020,4,12,,,,,,,,,,,,,,,,,,,,,,,,,,,,,,,,,-999.0,,,,,-999.0,,,,,,,,,,
2020,4,13,,,,,,,,,,,,,,,,,,,,,,,,,,,,,,,,9.0,,,,,,,,,,,,,,,,
2020,4,14,,,111.0,200.0,190.0,128.0,40.0,,,295.0,,79.0,54.0,93.0,,,,64.04,55.04,,,240.0,250.0,,,,,81.0,94.0,,,1.0,9999.0,,,,,9999.0,,,,,,,,,,
2020,4,15,,,,,,,,,,,,,,,,,,,,,,,,,,,,,,,,,-99.0,,,,,-99.0,,,,,,,,,,
2020,4,16,,,,,,,,,,,,,,,,,,,,,,,,,,,,,,,,,99.0,,,,,99.0,,,,,,,,,,
2020,4,17,,,122.0,10163.0,10152.0,133.0,23.0,,,3.0,,81.0,65.0,100.0,,,57.379999999999995,66.02,51.08,,,280.0,200.0,,,,,58.0,72.0,,,-9999.0,-9999.0,,,,,-9999.0,,,,,,,,,,
2020,4,18,,,,,,,,,,,,,,,,,,,,,,,,,,,,,,,,-9.0,-9.0,,,,,-9.0,,,,,,,,,,
2020,4,19,,,122.0,190.0,179.0,144.0,29.0,,,,,77.0,65.0,87.0,,,,64.04,57.92,,,260.0,210.0,,,,,63.0,85.0,,,999.0,999.0,,,,,999.0,,,,,,,,,,
2020,4,20,,,,,,,,,,,,,,,,,,,,,,,,,,,,,,,,,-999.0,,,,,-999.0,,,,,,,,,,
2020,4,22,,,144.0,196.0,186.0,156.0,30.0,,,,,82.0,70.0,93.0,,,,69.08,59.0,,,320.0,320.0,,,,,76.0,103.0,,,9999.0,9999.0,,,,,9999.0,,,,,,,,,,
2020,4,23,,,,,,,,,,,,,,,,,,,,,,,,,,,,,,,,-99.0,-99.0,,,,,-99.0,,,,,,,,,,
2020,4,24,,,,,,,,,,,,,,,,,,,,,,,,,,,,,,,,99.0,99.0,,,,,99.0,,,,,,,,,,
2020,4,25,,,122.0,10146.0,10135.0,150.0,17.0,,,0.0,,72.0,48.0,100.0,,,65.12,73.94,53.06,,,290.0,280.0,,,,,58.0,67.0,,,-9999.0,-9999.0,,,,,-9999.0,,,,,,,,,,
2020,4,26,,,,,,,,,,,,,,,,,,,,,,,,,,,,,,,,-9.0,-9.0,,,,,-9.0,,,,,,,,,,
2020,4,27,,,117.0,159.0,152.0,144.0,27.0,,,0.0,,70.0,47.0,93.0,,,,68.0,60.08,,,230.0,200.0,,,,,58.0,98.0,,,999.0,999.0,,,,,999.0,,,,,,,,,,
2020,4,28,,,,,,,,,,,,,,,,,,,,,,,,,,,,,,,,,-999.0,,,,,-999.0,,,,,,,,,,
2020,4,30,,,128.0,179.0,169.0,144.0,30.0,,,,,76.0,63.0,87.0,,,,66.92,60.08,,,290.0,270.0,,,,,67.0,85.0,,,9999.0,9999.0,,,,,9999.0,,,,,,,,,,
2020,4,31,,,,,,,,,,,,,,,,,,,,,,,,,,,,,,,,-99.0,-99.0,,,,,-99.0,,,,,,,,,,
2020,5,1,,,144.0,10142.0,10132.0,172.0,21.0,,,0.0,,70.0,54.0,78.0,,,68.72,75.92,64.94,,,270.0,270.0,,,,,58.0,76.0,,,1.0,-9999.0,,,,,1.0,,,,,,,,,,
2020,5,2,,,,,,,,,,,,,,,,,,,,,,,,,,,,,,,,,-9.0,,,,,,,,,,,,,,,
2020,5,3,,,139.0,166.0,156.0,167.0,25.0,,,0.0,,67.0,47.0,76.0,,,,77.0,62.959999999999994,,,280.0,200.0,,,,,67.0,81.0,,,999.0,999.0,,,,,999.0,,,,,,,,,,
2020,5,4,,,,,,,,,,,,,,,,,,,,,,,,,,,,,,,,-999.0,-999.0,,,,,-999.0,,,,,,,,,,
2020,5,6,,,139.0,156.0,142.0,167.0,22.0,,,0.0,,67.0,59.0,78.0,,,,75.02,62.959999999999994,,,290.0,290.0,,,,,58.0,81.0,,,9999.0,9999.0,,,,,9999.0,,,,,,,,,,
2020,5,7,,,,,,,,,,,,,,,,,,,,,,,,,,,,,,,,-99.0,-99.0,,,,,-99.0,,,,,,,,,,
2020,5,8,,,,,,,,,,,,,,,,,,,,,,,,,,,,,,,,99.0,99.0,,,,,99.0,,,,,,,,,,
2020,5,9,,,139.0,10122.0,10108.0,178.0,23.0,,,0.0,,59.0,31.0,81.0,,,72.14,84.91999999999999,62.059999999999995,,,300.0,310.0,,,,,72.0,89.0,,,-9999.0,-9999.0,,,,,-9999.0,,,,,,,,,,
2020,5,11,,,156.0,112.0,102.0,178.0,20.0,,,0.0,,74.0,52.0,90.0,,,,78.08,62.059999999999995,,,190.0,190.0,,,,,58.0,94.0,,,1.0,1.0,,,,,1.0,,,,,,,,,,
2020,5,14,,,150.0,139.0,129.0,172.0,21.0,,,0.0,,71.0,62.0,76.0,,,,73.04,66.92,,,270.0,210.0,,,,,54.0,85.0,,,9999.0,9999.0,,,,,1.0,,,,,,,,,,
2020,5,15,,,,,,,,,,,,,,,,,,,,,,,,,,,,,,,,,-99.0,,,,,,,,,,,,,,,
2020,5,16,,,,,,,,,,,,,,,,,,,,,,,,,,,,,,,,,99.0,,,,,,,,,,,,,,,
2020,5,17,,,128.0,10159.0,10152.0,156.0,31.0,,,0.0,,63.0,53.0,70.0,,,68.36,71.96,64.04,,,280.0,290.0,,,,,67.0,98.0,,,-9999.0,-9999.0,,,,,-9999.0,,,,,,,,,,
2020,5,18,,,,,,,,,,,,,,,,,,,,,,,,,,,,,,,,-9.0,-9.0,,,,,-9.0,,,,,,,,,,
2020,5,19,,,122.0,166.0,152.0,156.0,30.0,,,5.0,,63.0,44.0,76.0,,,,73.94,60.08,,,280.0,260.0,,,,,72.0,103.0,,,999.0,999.0,,,,,999.0,,,,,,,,,,
2020,5,20,,,,,,,,,,,,,,,,,,,,,,,,,,,,,,,,-999.0,-999.0,,,,,,,,,,,,,,,
2020,5,22,,,128.0,163.0,152.0,156.0,26.0,,,0.0,,64.0,55.0,75.0,,,,73.04,60.980000000000004,,,250.0,200.0,,,,,54.0,103.0,,,9999.0,9999.0,,,,,9999.0,,,,,,,,,,
2020,5,23,,,,,,,,,,,,,,,,,,,,,,,,,,,,,,,,-99.0,-99.0,,,,,-99.0,,,,,,,,,,
2020,5,24,,,,,,,,,,,,,,,,,,,,,,,,,,,,,,,,99.0,99.0,,,,,99.0,,,,,,,,,,
2020,5,25,,,144.0,10119.0,10108.0,167.0,23.0,,,0.0,,69.0,59.0,76.0,,,68.54,73.04,64.04,,,220.0,220.0,,,,,54.0,98.0,,,-9999.0,-9999.0,,,,,-9999.0,,,,,,,,,,
2020,5,26,,,,,,,,,,,,,,,,,,,,,,,,,,,,,,,,-9.0,-9.0,,,,,,,,,,,,,,,
2020,5,27,,,139.0,135.0,125.0,167.0,24.0,,,0.0,,68.0,59.0,78.0,,,,71.96,66.02,,,210.0,200.0,,,,,54.0,76.0,,,999.0,999.0,,,,,1.0,,,,,,,,,,
2020,5,28,,,,,,,,,,,,,,,,,,,,,,,,,,,,,,,,-999.0,-999.0,,,,,,,,,,,,,,,
2020,5,30,,,100.0,169.0,159.0,139.0,43.0,,,0.0,,56.0,46.0,65.0,,,,71.06,62.059999999999995,,,280.0,280.0,,,,,89.0,112.0,,,9999.0,9999.0,,,,,9999.0,,,,,,,,,,
2020,5,31,,,,,,,,,,,,,,,,,,,,,,,,,,,,,,,,-99.0,-99.0,,,,,-99.0,,,,,,,,,,
2020,6,1,,,144.0,10132.0,10119.0,172.0,26.0,,,0.0,,71.0,57.0,86.0,,,67.64,75.02,62.059999999999995,,,300.0,300.0,,,,,72.0,98.0,,,-9999.0,,,,,,-9999.0,,,,,,,,,,
2020,6,2,,,,,,,,,,,,,,,,,,,,,,,,,,,,,,,,-9.0,,,,,,-9.0,,,,,,,,,,
2020,6,3,,,156.0,142.0,132.0,172.0,22.0,,,0.0,,74.0,54.0,87.0,,,,75.02,62.959999999999994,,,210.0,200.0,,,,,54.0,85.0,,,999.0,,,,,,999.0,,,,,,,,,,
2020,6,4,,,,,,,,,,,,,,,,,,,,,,,,,,,,,,,,-999.0,,,,,,-999.0,,,,,,,,,,
2020,6,5,,,,,,,,,,,,,,,,,,,,,,,,,,,,,,,,9.0,,,,,,9.0,,,,,,,,,,
2020,6,6,,,150.0,115.0,105.0,167.0,30.0,,,0.0,,76.0,68.0,90.0,,,,69.98,62.959999999999994,,,200.0,200.0,,,,,58.0,98.0,,,1.0,,,,,,1.0,,,,,,,,,,
2020,6,8,,,,,,,,,,,,,,,,,,,,,,,,,,,,,,,,99.0,,,,,,99.0,,,,,,,,,,
2020,6,9,,,139.0,10142.0,10129.0,161.0,29.0,,,15.0,,70.0,59.0,84.0,,,67.82,71.06,64.04,,,280.0,260.0,,,,,63.0,85.0,,,1.0,,,,,,-9999.0,,,,,,,,,,
2020,6,10,,,,,,,,,,,,,,,,,,,,,,,,,,,,,,,,,,,,,,-9.0,,,,,,,,,,
2020,6,11,,,133.0,135.0,125.0,161.0,30.0,,,0.0,,67.0,57.0,76.0,,,,73.04,62.059999999999995,,,280.0,300.0,,,,,72.0,94.0,,,999.0,,,,,,999.0,,,,,,,,,,
2020,6,12,,,,,,,,,,,,,,,,,,,,,,,,,,,,,,,,-999.0,,,,,,-999.0,,,,,,,,,,
2020,6,14,,,11.0,152.0,142.0,133.0,26.0,,,0.0,,24.0,6.0,55.0,,,,93.02,59.0,,,350.0,330.0,,,,,76.0,98.0,,,9999.0,,,,,,9999.0,,,,,,,,,,
2020,6,15,,,,,,,,,,,,,,,,,,,,,,,,,,,,,,,,-99.0,,,,,,-99.0,,,,,,,,,,
2020,6,16,,,,,,,,,,,,,,,,,,,,,,,,,,,,,,,,99.0,,,,,,99.0,,,,,,,,,,
2020,6,17,,,150.0,10159.0,10149.0,172.0,22.0,,,0.0,,70.0,59.0,81.0,,,71.6,75.02,62.059999999999995,,,220.0,190.0,,,,,54.0,94.0,,,-9999.0,,,,,,-9999.0,,,,,,,,,,
2020,6,18,,,,,,,,,,,,,,,,,,,,,,,,,,,,,,,,-9.0,,,,,,,,,,,,,,,,
2020,6,19,,,133.0,173.0,163.0,156.0,25.0,,,0.0,,69.0,57.0,78.0,,,,71.06,62.959999999999994,,,270.0,190.0,,,,,67.0,94.0,,,999.0,,,,,,1.0,,,,,,,,,,
2020,6,20,,,,,,,,,,,,,,,,,,,,,,,,,,,,,,,,-999.0,,,,,,,,,,,,,,,,
2020,6,22,,,133.0,129.0,119.0,161.0,29.0,,,0.0,,67.0,55.0,78.0,,,,71.96,64.04,,,230.0,210.0,,,,,54.0,98.0,,,9999.0,,,,,,9999.0,,,,,,,,,,
2020,6,23,,,,,,,,,,,,,,,,,,,,,,,,,,,,,,,,-99.0,,,,,,-99.0,,,,,,,,,,
2020,6,24,,,,,,,,,,,,,,,,,,,,,,,,,,,,,,,,99.0,,,,,,99.0,,,,,,,,,,
2020,6,25,,,133.0,10142.0,10135.0,161.0,33.0,,,0.0,,70.0,61.0,76.0,,,66.38,71.06,64.04,,,220.0,220.0,,,,,58.0,116.0,,,-9999.0,,,,,,-9999.0,,,,,,,,,,
2020,6,26,,,,,,,,,,,,,,,,,,,,,,,,,,,,,,,,-9.0,,,,,,-9.0,,,,,,,,,,
2020,6,27,,,133.0,146.0,135.0,156.0,36.0,,,0.0,,69.0,61.0,76.0,,,,69.98,62.959999999999994,,,220.0,170.0,,,,,58.0,107.0,,,999.0,,,,,,999.0,,,,,,,,,,
2020,6,28,,,,,,,,,,,,,,,,,,,,,,,,,,,,,,,,-999.0,,,,,,-999.0,,,,,,,,,,
2020,6,30,,,128.0,142.0,135.0,156.0,31.0,,,0.0,,66.0,57.0,76.0,,,,71.96,64.94,,,280.0,240.0,,,,,72.0,98.0,,,9999.0,,,,,,9999.0,,,,,,,,,,
2020,6,31,,,,,,,,,,,,,,,,,,,,,,,,,,,,,,,,-99.0,,,,,,,,,,,,,,,,
2020,7,1,,,139.0,10129.0,10119.0,161.0,27.0,,,0.0,,70.0,65.0,76.0,,,68.18,69.98,64.94,,,280.0,240.0,,,,,58.0,76.0,,,-9999.0,,,,,,-9999.0,,,,,,,,,,
2020,7,2,,,,,,,,,,,,,,,,,,,,,,,,,,,,,,,,-9.0,,,,,,-9.0,,,,,,,,,,
2020,7,3,,,139.0,139.0,129.0,161.0,27.0,,,0.0,,68.0,53.0,81.0,,,,73.04,64.04,,,280.0,260.0,,,,,58.0,81.0,,,999.0,,,,,,999.0,,,,,,,,,,
2020,7,4,,,,,,,,,,,,,,,,,,,,,,,,,,,,,,,,-999.0,,,,,,-999.0,,,,,,,,,,
2020,7,6,,,167.0,152.0,142.0,183.0,26.0,,,0.0,,74.0,62.0,87.0,,,,77.0,64.94,,,280.0,280.0,,,,,58.0,81.0,,,9999.0,,,,,,9999.0,,,,,,,,,,
2020,7,7,,,,,,,,,,,,,,,,,,,,,,,,,,,,,,,,-99.0,,,,,,-99.0,,,,,,,,,,
2020,7,8,,,,,,,,,,,,,,,,,,,,,,,,,,,,,,,,99.0,,,,,,99.0,,,,,,,,,,
2020,7,9,,,172.0,10119.0,10108.0,189.0,24.0,,,0.0,,76.0,58.0,93.0,,,70.88,78.08,66.02,,,220.0,200.0,,,,,54.0,89.0,,,1.0,,,,,,1.0,,,,,,,,,,
2020,7,11,,,161.0,122.0,108.0,183.0,23.0,,,0.0,,73.0,64.0,84.0,,,,73.94,66.92,,,230.0,210.0,,,,,54.0,107.0,,,1.0,,,,,,999.0,,,,,,,,,,
2020,7,12,,,,,,,,,,,,,,,,,,,,,,,,,,,,,,,,,,,,,,-999.0,,,,,,,,,,
2020,7,14,,,150.0,129.0,119.0,172.0,22.0,,,0.0,,71.0,57.0,81.0,,,,75.02,64.04,,,270.0,210.0,,,,,45.0,81.0,,,9999.0,,,,,,9999.0,,,,,,,,,,
2020,7,15,,,,,,,,,,,,,,,,,,,,,,,,,,,,,,,,-99.0,,,,,,-99.0,,,,,,,,,,
2020,7,16,,,,,,,,,,,,,,,,,,,,,,,,,,,,,,,,99.0,,,,,,99.0,,,,,,,,,,
2020,7,17,,,183.0,10149.0,10139.0,206.0,28.0,,,0.0,,73.0,58.0,87.0,,,74.12,80.96,69.08,,,300.0,310.0,,,,,76.0,94.0,,,-9999.0,,,,,,1.0,,,,,,,,,,
2020,7,18,,,,,,,,,,,,,,,,,,,,,,,,,,,,,,,,-9.0,,,,,,,,,,,,,,,,
2020,7,19,,,183.0,125.0,112.0,200.0,22.0,,,0.0,,69.0,42.0,90.0,,,,84.02,69.08,,,280.0,290.0,,,,,63.0,76.0,,,999.0,,,,,,999.0,,,,,,,,,,
2020,7,20,,,,,,,,,,,,,,,,,,,,,,,,,,,,,,,,-999.0,,,,,,,,,,,,,,,,
2020,7,22,,,156.0,149.0,135.0,178.0,25.0,,,0.0,,69.0,62.0,78.0,,,,75.02,66.92,,,270.0,210.0,,,,,58.0,94.0,,,9999.0,,,,,,9999.0,,,,,,,,,,
2020,7,23,,,,,,,,,,,,,,,,,,,,,,,,,,,,,,,,-99.0,,,,,,-99.0,,,,,,,,,,
2020,7,24,,,,,,,,,,,,,,,,,,,,,,,,,,,,,,,,99.0,,,,,,99.0,,,,,,,,,,
2020,7,25,,,156.0,10135.0,10125.0,178.0,30.0,,,0.0,,67.0,60.0,73.0,,,71.06,75.92,68.0,,,280.0,270.0,,,,,67.0,94.0,,,-9999.0,,,,,,-9999.0,,,,,,,,,,
2020,7,26,,,,,,,,,,,,,,,,,,,,,,,,,,,,,,,,-9.0,,,,,,-9.0,,,,,,,,,,
2020,7,27,,,161.0,152.0,142.0,183.0,30.0,,,0.0,,69.0,58.0,78.0,,,,77.0,69.08,,,280.0,290.0,,,,,72.0,94.0,,,999.0,,,,,,999.0,,,,,,,,,,
2020,7,28,,,,,,,,,,,,,,,,,,,,,,,,,,,,,,,,-999.0,,,,,,-999.0,,,,,,,,,,
2020,7,30,,,167.0,146.0,132.0,183.0,39.0,,,0.0,,75.0,64.0,84.0,,,,75.92,66.92,,,300.0,300.0,,,,,81.0,107.0,,,9999.0,,,,,,9999.0,,,,,,,,,,
2020,7,31,,,,,,,,,,,,,,,,,,,,,,,,,,,,,,,,-99.0,,,,,,-99.0,,,,,,,,,,
2020,8,1,,,167.0,10135.0,10125.0,178.0,23.0,,,0.0,,81.0,71.0,93.0,,,69.25999999999999,71.96,62.059999999999995,,,170.0,190.0,,,,,58.0,85.0,,,1.0,1.0,,,,,1.0,,,,,,,,,,
2020,8,3,,,167.0,149.0,142.0,178.0,22.0,,,0.0,,83.0,71.0,97.0,,,,73.04,60.980000000000004,,,180.0,190.0,,,,,45.0,103.0,,,1.0,1.0,,,,,999.0,,,,,,,,,,
2020,8,6,,,161.0,149.0,139.0,172.0,30.0,,,,,80.0,66.0,97.0,,,,73.04,62.959999999999994,,,290.0,200.0,,,,,54.0,85.0,,,1.0,9999.0,,,,,9999.0,,,,,,,,,,
2020,8,7,,,,,,,,,,,,,,,,,,,,,,,,,,,,,,,,,-99.0,,,,,,,,,,,,,,,
2020,8,8,,,,,,,,,,,,,,,,,,,,,,,,,,,,,,,,99.0,99.0,,,,,,,,,,,,,,,
2020,8,9,,,139.0,10135.0,10125.0,167.0,26.0,,,0.0,,67.0,57.0,78.0,,,68.36,73.04,64.94,,,270.0,210.0,,,,,54.0,94.0,,,-9999.0,-9999.0,,,,,-9999.0,,,,,,,,,,
2020,8,10,,,,,,,,,,,,,,,,,,,,,,,,,,,,,,,,-9.0,-9.0,,,,,,,,,,,,,,,
2020,8,11,,,144.0,142.0,129.0,167.0,25.0,,,0.0,,70.0,55.0,81.0,,,,75.92,64.04,,,290.0,290.0,,,,,67.0,85.0,,,999.0,999.0,,,,,1.0,,,,,,,,,,
2020,8,12,,,,,,,,,,,,,,,,,,,,,,,,,,,,,,,,-999.0,-999.0,,,,,,,,,,,,,,,
2020,8,14,,,156.0,142.0,132.0,178.0,31.0,,,0.0,,73.0,62.0,81.0,,,,75.02,66.02,,,280.0,290.0,,,,,72.0,89.0,,,9999.0,9999.0,,,,,9999.0,,,,,,,,,,
2020,8,15,,,,,,,,,,,,,,,,,,,,,,,,,,,,,,,,-99.0,-99.0,,,,,,,,,,,,,,,
2020,8,16,,,,,,,,,,,,,,,,,,,,,,,,,,,,,,,,99.0,99.0,,,,,,,,,,,,,,,
2020,8,17,,,161.0,10129.0,10119.0,178.0,34.0,,,0.0,,76.0,64.0,84.0,,,68.36,73.94,66.02,,,290.0,290.0,,,,,76.0,103.0,,,-9999.0,-9999.0,,,,,-9999.0,,,,,,,,,,
2020,8,18,,,,,,,,,,,,,,,,,,,,,,,,,,,,,,,,,-9.0,,,,,-9.0,,,,,,,,,,
2020,8,19,,,167.0,125.0,115.0,183.0,28.0,,,0.0,,76.0,62.0,90.0,,,,75.92,64.04,,,280.0,290.0,,,,,67.0,76.0,,,1.0,999.0,,,,,999.0,,,,,,,,,,
2020,8,20,,,,,,,,,,,,,,,,,,,,,,,,,,,,,,,,,-999.0,,,,,,,,,,,,,,,
2020,8,22,,,172.0,115.0,102.0,200.0,24.0,,,0.0,,64.0,37.0,87.0,,,,87.08000000000001,68.0,,,290.0,290.0,,,,,67.0,81.0,,,9999.0,9999.0,,,,,9999.0,,,,,,,,,,
2020,8,23,,,,,,,,,,,,,,,,,,,,,,,,,,,,,,,,-99.0,-99.0,,,,,-99.0,,,,,,,,,,
2020,8,24,,,,,,,,,,,,,,,,,,,,,,,,,,,,,,,,99.0,99.0,,,,,99.0,,,,,,,,,,
2020,8,25,,,194.0,10125.0,10115.0,206.0,28.0,,,0.0,,77.0,69.0,84.0,,,75.74000000000001,78.08,71.96,,,190.0,200.0,,,,,63.0,103.0,,,-9999.0,-9999.0,,,,,-9999.0,,,,,,,,,,
2020,8,26,,,,,,,,,,,,,,,,,,,,,,,,,,,,,,,,-9.0,-9.0,,,,,,,,,,,,,,,
2020,8,27,,,194.0,129.0,119.0,211.0,18.0,,,0.0,,76.0,60.0,87.0,,,,82.94,71.06,,,280.0,210.0,,,,,58.0,81.0,,,999.0,999.0,,,,,1.0,,,,,,,,,,
2020,8,28,,,,,,,,,,,,,,,,,,,,,,,,,,,,,,,,-999.0,-999.0,,,,,,,,,,,,,,,
2020,8,29,,,,,,,,,,,,,,,,,,,,,,,,,,,,,,,,9.0,,,,,,9.0,,,,,,,,,,
2020,8,30,,,200.0,105.0,91.0,217.0,22.0,,,0.0,,77.0,65.0,87.0,,,,82.04,71.96,,,200.0,210.0,,,,,45.0,89.0,,,1.0,9999.0,,,,,1.0,,,,,,,,,,
2020,8,31,,,,,,,,,,,,,,,,,,,,,,,,,,,,,,,,,-99.0,,,,,,,,,,,,,,,
2020,9,1,,,156.0,10146.0,10135.0,183.0,31.0,,,0.0,,67.0,58.0,76.0,,,71.96,78.08,68.0,,,280.0,280.0,,,,,67.0,98.0,,,-9999.0,-9999.0,,,,,-9999.0,,,,,,,,,,
2020,9,2,,,,,,,,,,,,,,,,,,,,,,,,,,,,,,,,-9.0,-9.0,,,,,-9.0,,,,,,,,,,
2020,9,3,,,161.0,156.0,146.0,183.0,29.0,,,0.0,,71.0,60.0,76.0,,,,75.92,68.0,,,280.0,280.0,,,,,76.0,94.0,,,999.0,999.0,,,,,999.0,,,,,,,,,,
2020,9,4,,,,,,,,,,,,,,,,,,,,,,,,,,,,,,,,-999.0,-999.0,,,,,-999.0,,,,,,,,,,
2020,9,6,,,183.0,122.0,112.0,200.0,19.0,,,0.0,,74.0,62.0,84.0,,,,80.96,69.08,,,290.0,290.0,,,,,58.0,72.0,,,9999.0,9999.0,,,,,9999.0,,,,,,,,,,
2020,9,7,,,,,,,,,,,,,,,,,,,,,,,,,,,,,,,,-99.0,-99.0,,,,,,,,,,,,,,,
2020,9,8,,,,,,,,,,,,,,,,,,,,,,,,,,,,,,,,99.0,99.0,,,,,,,,,,,,,,,
2020,9,9,,,189.0,10105.0,10095.0,217.0,18.0,,,0.0,,62.0,26.0,84.0,,,81.86,100.03999999999999,71.96,,,160.0,190.0,,,,,45.0,76.0,,,-9999.0,-9999.0,,,,,1.0,,,,,,,,,,
2020,9,11,,,194.0,81.0,68.0,206.0,34.0,,,0.0,,81.0,76.0,93.0,,,,75.92,68.0,,,200.0,180.0,,,,,81.0,121.0,,,1.0,1.0,,,,,1.0,,,,,,,,,,
2020,9,14,,,178.0,102.0,91.0,200.0,18.0,,,0.0,,74.0,53.0,84.0,,,,82.04,66.02,,,280.0,320.0,,,,,58.0,76.0,,,1.0,9999.0,,,,,1.0,,,,,,,,,,
2020,9,15,,,,,,,,,,,,,,,,,,,,,,,,,,,,,,,,,-99.0,,,,,,,,,,,,,,,
2020,9,16,,,,,,,,,,,,,,,,,,,,,,,,,,,,,,,,,99.0,,,,,,,,,,,,,,,
2020,9,17,,,161.0,10142.0,10132.0,183.0,17.0,,,0.0,,70.0,44.0,90.0,,,71.6,80.96,64.04,,,320.0,310.0,,,,,58.0,76.0,,,1.0,-9999.0,,,,,1.0,,,,,,,,,,
2020,9,18,,,,,,,,,,,,,,,,,,,,,,,,,,,,,,,,,-9.0,,,,,,,,,,,,,,,
2020,9,19,,,167.0,122.0,108.0,183.0,19.0,,,0.0,,73.0,56.0,87.0,,,,80.06,60.980000000000004,,,290.0,300.0,,,,,67.0,81.0,,,1.0,999.0,,,,,1.0,,,,,,,,,,
2020,9,20,,,,,,,,,,,,,,,,,,,,,,,,,,,,,,,,,-999.0,,,,,,,,,,,,,,,
2020,9,22,,,172.0,146.0,135.0,194.0,20.0,,,0.0,,76.0,54.0,90.0,,,,80.96,64.04,,,290.0,280.0,,,,,67.0,85.0,,,1.0,9999.0,,,,,1.0,,,,,,,,,,
2020,9,23,,,,,,,,,,,,,,,,,,,,,,,,,,,,,,,,,-99.0,,,,,,,,,,,,,,,
2020,9,24,,,,,,,,,,,,,,,,,,,,,,,,,,,,,,,,,99.0,,,,,,,,,,,,,,,
2020,9,25,,,133.0,10139.0,10129.0,172.0,22.0,,,0.0,,52.0,31.0,70.0,,,74.66,89.96000000000001,62.059999999999995,,,300.0,-9999.0,,,,,58.0,-9999.0,,,-9999.0,-9999.0,,,,,-9999.0,,,,,,,,,,
2020,9,26,,,,,,,,,,,,,,,,,,,,,,,,,,,,,,,,-9.0,-9.0,,,,,-9.0,,,,,,,,,,
2020,9,27,,,111.0,122.0,112.0,167.0,23.0,,,0.0,,44.0,25.0,71.0,,,,87.08000000000001,62.959999999999994,,,290.0,310.0,,,,,67.0,85.0,,,999.0,999.0,,,,,999.0,,,,,,,,,,
2020,9,28,,,,,,,,,,,,,,,,,,,,,,,,,,,,,,,,-999.0,-999.0,,,,,,,,,,,,,,,
2020,9,30,,,172.0,112.0,102.0,194.0,26.0,,,0.0,,70.0,56.0,84.0,,,,82.04,66.02,,,290.0,320.0,,,,,67.0,85.0,,,9999.0,9999.0,,,,,9999.0,,,,,,,,,,
2020,9,31,,,,,,,,,,,,,,,,,,,,,,,,,,,,,,,,-99.0,-99.0,,,,,-99.0,,,,,,,,,,
2020,10,1,,,117.0,10125.0,10112.0,183.0,12.0,,,0.0,,46.0,12.0,79.0,,,80.42,96.98,66.92,,,280.0,200.0,,,,,40.0,72.0,,,-9999.0,-9999.0,,,,,-9999.0,,,,,,,,,,
2020,10,3,,,161.0,115.0,102.0,200.0,13.0,,,0.0,,62.0,19.0,93.0,,,,91.03999999999999,66.92,,,200.0,200.0,,,,,36.0,72.0,,,1.0,1.0,,,,,1.0,,,,,,,,,,
2020,10,6,,,144.0,135.0,129.0,183.0,10.0,,,0.0,,57.0,30.0,79.0,,,,87.08000000000001,62.959999999999994,,,300.0,290.0,,,,,40.0,58.0,,,9999.0,9999.0,,,,,1.0,,,,,,,,,,
2020,10,7,,,,,,,,,,,,,,,,,,,,,,,,,,,,,,,,,-99.0,,,,,,,,,,,,,,,
2020,10,8,,,,,,,,,,,,,,,,,,,,,,,,,,,,,,,,,99.0,,,,,,,,,,,,,,,
2020,10,9,,,178.0,10146.0,10135.0,194.0,23.0,,,0.0,,75.0,47.0,93.0,,,72.86,82.04,64.94,,,310.0,300.0,,,,,45.0,67.0,,,1.0,1.0,,,,,1.0,,,,,,,,,,
2020,10,11,,,167.0,132.0,119.0,189.0,21.0,,,0.0,,71.0,60.0,87.0,,,,78.08,66.92,,,270.0,210.0,,,,,54.0,89.0,,,1.0,999.0,,,,,1.0,,,,,,,,,,
2020,10,12,,,,,,,,,,,,,,,,,,,,,,,,,,,,,,,,,-999.0,,,,,,,,,,,,,,,
2020,10,13,,,,,,,,,,,,,,,,,,,,,,,,,,,,,,,,,,,,,,9.0,,,,,,,,,,
2020,10,14,,,144.0,142.0,129.0,172.0,22.0,,,0.0,,62.0,54.0,71.0,,,,77.0,66.02,,,260.0,240.0,,,,,67.0,89.0,,,9999.0,9999.0,,,,,1.0,,,,,,,,,,
2020,10,15,,,,,,,,,,,,,,,,,,,,,,,,,,,,,,,,-99.0,-99.0,,,,,,,,,,,,,,,
2020,10,16,,,,,,,,,,,,,,,,,,,,,,,,,,,,,,,,99.0,99.0,,,,,99.0,,,,,,,,,,
2020,10,17,,,156.0,10149.0,10139.0,183.0,21.0,,,0.0,,69.0,58.0,79.0,,,71.06,77.0,66.02,,,270.0,280.0,,,,,72.0,89.0,,,-9999.0,-9999.0,,,,,-9999.0,,,,,,,,,,
2020,10,18,,,,,,,,,,,,,,,,,,,,,,,,,,,,,,,,-9.0,-9.0,,,,,-9.0,,,,,,,,,,
2020,10,19,,,161.0,142.0,132.0,189.0,17.0,,,0.0,,66.0,48.0,84.0,,,,84.02,62.959999999999994,,,300.0,300.0,,,,,72.0,98.0,,,999.0,999.0,,,,,999.0,,,,,,,,,,
2020,10,20,,,,,,,,,,,,,,,,,,,,,,,,,,,,,,,,-999.0,-999.0,,,,,-999.0,,,,,,,,,,
2020,10,22,,,150.0,146.0,135.0,183.0,17.0,,,0.0,,61.0,35.0,81.0,,,,87.98,62.059999999999995,,,180.0,170.0,,,,,40.0,81.0,,,9999.0,9999.0,,,,,9999.0,,,,,,,,,,
2020,10,25,,,172.0,10125.0,10119.0,189.0,17.0,,,0.0,,75.0,46.0,93.0,,,71.78,82.94,64.04,,,300.0,290.0,,,,,63.0,85.0,,,1.0,1.0,,,,,1.0,,,,,,,,,,
2020,10,27,,,178.0,139.0,129.0,189.0,17.0,,,0.0,,83.0,71.0,93.0,,,,75.92,64.04,,,190.0,200.0,,,,,36.0,76.0,,,1.0,1.0,,,,,1.0,,,,,,,,,,
2020,10,30,,,161.0,146.0,132.0,183.0,20.0,,,0.0,,71.0,56.0,81.0,,,,77.0,64.94,,,290.0,300.0,,,,,63.0,81.0,,,9999.0,9999.0,,,,,9999.0,,,,,,,,,,
2020,10,31,,,,,,,,,,,,,,,,,,,,,,,,,,,,,,,,-99.0,-99.0,,,,,-99.0,,,,,,,,,,
2020,11,1,,,111.0,10186.0,10173.0,150.0,11.0,,,0.0,,60.0,25.0,84.0,,,67.82,84.91999999999999,57.92,,,280.0,290.0,,,,,63.0,76.0,,,1.0,-9999.0,,,,,1.0,,-9999.0,,,,,,,,
2020,11,2,,,,,,,,,,,,,,,,,,,,,,,,,,,,,,,,,,,,,,,,-9.0,,,,,,,,
2020,11,3,,,144.0,183.0,169.0,167.0,14.0,,,0.0,,75.0,52.0,90.0,,,,77.0,57.92,,,270.0,180.0,,,,,54.0,85.0,,,1.0,1.0,,,,,1.0,,999.0,,,,,,,,
2020,11,4,,,,,,,,,,,,,,,,,,,,,,,,,,,,,,,,,,,,,,,,-999.0,,,,,,,,
2020,11,6,,,144.0,179.0,169.0,167.0,17.0,,,0.0,,74.0,55.0,90.0,,,,75.92,60.08,,,310.0,320.0,,,,,63.0,85.0,,,1.0,9999.0,,,,,1.0,,9999.0,,,,,,,,
2020,11,7,,,,,,,,,,,,,,,,,,,,,,,,,,,,,,,,,-99.0,,,,,,,-99.0,,,,,,,,
2020,11,8,,,,,,,,,,,,,,,,,,,,,,,,,,,,,,,,99.0,99.0,,,,,,,99.0,,,,,,,,
2020,11,9,,,144.0,10078.0,10071.0,167.0,40.0,,,0.0,,72.0,54.0,90.0,,,69.98,71.96,62.959999999999994,,,280.0,280.0,,,,,103.0,130.0,,,1.0,1.0,,,,,1.0,,-9999.0,,,,,,,,
2020,11,10,,,,,,,,,,,,,,,,,,,,,,,,,,,,,,,,,,,,,,,,-9.0,,,,,,,,
2020,11,11,,,78.0,102.0,91.0,122.0,55.0,,,30.0,,56.0,48.0,78.0,,,,66.02,57.92,,,270.0,270.0,,,,,130.0,152.0,,,999.0,999.0,,,,,1.0,,999.0,,,,,,,,
2020,11,12,,,,,,,,,,,,,,,,,,,,,,,,,,,,,,,,-999.0,-999.0,,,,,,,-999.0,,,,,,,,
2020,11,14,,,50.0,190.0,179.0,94.0,21.0,,,,,54.0,38.0,72.0,,,,64.94,51.98,,,270.0,280.0,,,,,89.0,103.0,,,9999.0,9999.0,,,,,9999.0,,9999.0,,,,,,,,
2020,11,15,,,,,,,,,,,,,,,,,,,,,,,,,,,,,,,,-99.0,-99.0,,,,,-99.0,,-99.0,,,,,,,,
2020,11,16,,,,,,,,,,,,,,,,,,,,,,,,,,,,,,,,99.0,99.0,,,,,99.0,,99.0,,,,,,,,
2020,11,17,,,56.0,10169.0,10156.0,100.0,12.0,,,0.0,,57.0,28.0,75.0,,,57.2,69.08,44.96,,,280.0,190.0,,,,,58.0,67.0,,,-9999.0,-9999.0,,,,,-9999.0,,-9999.0,,,,,,,,
2020,11,18,,,,,,,,,,,,,,,,,,,,,,,,,,,,,,,,-9.0,-9.0,,,,,-9.0,,-9.0,,,,,,,,
2020,11,19,,,72.0,173.0,163.0,111.0,16.0,,,0.0,,62.0,32.0,83.0,,,,69.08,48.02,,,290.0,300.0,,,,,63.0,81.0,,,999.0,999.0,,,,,999.0,,999.0,,,,,,,,
2020,11,20,,,,,,,,,,,,,,,,,,,,,,,,,,,,,,,,-999.0,-999.0,,,,,-999.0,,-999.0,,,,,,,,
2020,11,22,,,106.0,196.0,186.0,133.0,23.0,,,0.0,,66.0,49.0,75.0,,,,69.08,57.02,,,290.0,300.0,,,,,63.0,81.0,,,9999.0,9999.0,,,,,9999.0,,9999.0,,,,,,,,
2020,11,23,,,,,,,,,,,,,,,,,,,,,,,,,,,,,,,,-99.0,-99.0,,,,,-99.0,,-99.0,,,,,,,,
2020,11,24,,,,,,,,,,,,,,,,,,,,,,,,,,,,,,,,99.0,99.0,,,,,99.0,,99.0,,,,,,,,
2020,11,25,,,61.0,10159.0,10149.0,122.0,9.0,,,0.0,,46.0,12.0,67.0,,,66.74000000000001,89.96000000000001,53.06,,,210.0,210.0,,,,,67.0,103.0,,,-9999.0,-9999.0,,,,,-9999.0,,-9999.0,,,,,,,,
2020,11,26,,,,,,,,,,,,,,,,,,,,,,,,,,,,,,,,,-9.0,,,,,,,-9.0,,,,,,,,
2020,11,27,,,78.0,169.0,163.0,128.0,13.0,,,0.0,,56.0,18.0,84.0,,,,78.98,51.98,,,300.0,210.0,,,,,45.0,85.0,,,1.0,999.0,,,,,1.0,,999.0,,,,,,,,
2020,11,28,,,,,,,,,,,,,,,,,,,,,,,,,,,,,,,,,,,,,,,,-999.0,,,,,,,,
2020,11,30,,,117.0,196.0,186.0,139.0,23.0,,,0.0,,76.0,57.0,87.0,,,,68.0,55.94,,,310.0,320.0,,,,,72.0,94.0,,,1.0,9999.0,,,,,1.0,,9999.0,,,,,,,,
2020,11,31,,,,,,,,,,,,,,,,,,,,,,,,,,,,,,,,,,,,,,,,-99.0,,,,,,,,
2020,12,1,,,17.0,10176.0,10169.0,89.0,8.0,,,0.0,,46.0,15.0,70.0,,,57.92,73.04,44.06,,,320.0,300.0,,,,,54.0,67.0,,,-9999.0,-9999.0,,,,,-9999.0,,,,,,,,,,
2020,12,2,,,,,,,,,,,,,,,,,,,,,,,,,,,,,,,,-9.0,-9.0,,,,,-9.0,,,,,,,,,,
2020,12,3,,,0.0,179.0,169.0,89.0,7.0,,,0.0,,39.0,13.0,61.0,,,,80.06,44.96,,,300.0,300.0,,,,,45.0,58.0,,,999.0,999.0,,,,,999.0,,,,,,,,,,
2020,12,4,,,,,,,,,,,,,,,,,,,,,,,,,,,,,,,,-999.0,-999.0,,,,,-999.0,,,,,,,,,,
2020,12,6,,,0.0,220.0,210.0,78.0,10.0,,,0.0,,45.0,17.0,75.0,,,,71.96,42.08,,,290.0,310.0,,,,,45.0,63.0,,,9999.0,9999.0,,,,,9999.0,,,,,,,,,,
2020,12,7,,,,,,,,,,,,,,,,,,,,,,,,,,,,,,,,-99.0,-99.0,,,,,,,,,,,,,,,
2020,12,8,,,,,,,,,,,,,,,,,,,,,,,,,,,,,,,,99.0,99.0,,,,,,,,,,,,,,,
2020,12,9,,,17.0,10213.0,10200.0,78.0,17.0,,,0.0,,48.0,21.0,72.0,,,55.58,71.06,42.980000000000004,,,300.0,310.0,,,,,63.0,81.0,,,-9999.0,-9999.0,,,,,-9999.0,,,,,,,,,,
2020,12,10,,,,,,,,,,,,,,,,,,,,,,,,,,,,,,,,-9.0,-9.0,,,,,,,,,,,,,,,
2020,12,11,,,56.0,159.0,146.0,94.0,7.0,,,0.0,,58.0,37.0,78.0,,,,64.94,44.06,,,310.0,200.0,,,,,36.0,67.0,,,999.0,999.0,,,,,1.0,,,,,,,,,,
2020,12,12,,,,,,,,,,,,,,,,,,,,,,,,,,,,,,,,-999.0,-999.0,,,,,,,,,,,,,,,
2020,12,13,,,,,,,,,,,,,,,,,,,,,,,,,,,,,,,,9.0,,,,,,9.0,,,,,,,,,,
2020,12,14,,,61.0,169.0,163.0,106.0,9.0,,,0.0,,59.0,19.0,86.0,,,,73.04,50.0,,,250.0,230.0,,,,,45.0,81.0,,,1.0,9999.0,,,,,1.0,,,,,,,,,,
2020,12,15,,,,,,,,,,,,,,,,,,,,,,,,,,,,,,,,,-99.0,,,,,,,,,,,,,,,
2020,12,16,,,,,,,,,,,,,,,,,,,,,,,,,,,,,,,,,99.0,,,,,,,,,,,,,,,
2020,12,17,,,72.0,10200.0,10190.0,106.0,12.0,,,0.0,,65.0,53.0,77.0,,,58.82,64.94,48.92,,,270.0,280.0,,,,,72.0,98.0,,,-9999.0,-9999.0,,,,,-9999.0,,,,,,,,,,
2020,12,18,,,,,,,,,,,,,,,,,,,,,,,,,,,,,,,,-9.0,-9.0,,,,,,,,,,,,,,,
2020,12,19,,,89.0,190.0,183.0,111.0,10.0,,,0.0,,73.0,62.0,83.0,,,,62.959999999999994,50.0,,,180.0,210.0,,,,,31.0,63.0,,,999.0,999.0,,,,,1.0,,,,,,,,,,
2020,12,20,,,,,,,,,,,,,,,,,,,,,,,,,,,,,,,,-999.0,-999.0,,,,,,,,,,,,,,,
2020,12,21,,,,,,,,,,,,,,,,,,,,,,,,,,,,,,,,9.0,,,,,,9.0,,,,,,,,,,
2020,12,22,,,89.0,193.0,183.0,111.0,13.0,,,8.0,,72.0,58.0,83.0,,,,64.94,50.0,,,280.0,220.0,,,,,63.0,85.0,,,1.0,9999.0,,,,,1.0,,,,,,,,,,
2020,12,23,,,,,,,,,,,,,,,,,,,,,,,,,,,,,,,,,-99.0,,,,,,,,,,,,,,,
2020,12,24,,,,,,,,,,,,,,,,,,,,,,,,,,,,,,,,99.0,99.0,,,,,,,,,,,,,,,
2020,12,25,,,39.0,10200.0,10190.0,89.0,11.0,,,0.0,,58.0,23.0,93.0,,,57.02,71.96,42.980000000000004,,,300.0,290.0,,,,,54.0,72.0,,,-9999.0,-9999.0,,,,,-9999.0,,,,,,,,,,
2020,12,26,,,,,,,,,,,,,,,,,,,,,,,,,,,,,,,,,-9.0,,,,,-9.0,,,,,,,,,,
2020,12,27,,,94.0,169.0,163.0,111.0,16.0,,,,,77.0,53.0,96.0,,,,64.04,44.96,,,280.0,200.0,,,,,67.0,85.0,,,1.0,999.0,,,,,999.0,,,,,,,,,,
2020,12,28,,,,,,,,,,,,,,,,,,,,,,,,,,,,,,,,,-999.0,,,,,-999.0,,,,,,,,,,
2020,12,30,,,33.0,240.0,230.0,89.0,16.0,,,0.0,,51.0,22.0,80.0,,,,71.96,42.08,,,320.0,320.0,,,,,63.0,85.0,,,9999.0,9999.0,,,,,9999.0,,,,,,,,,,
2020,12,31,,,,,,,,,,,,,,,,,,,,,,,,,,,,,,,,-99.0,-99.0,,,,,-99.0,,,,,,,,,,
2021,1,1,,,50.0,10196.0,10190.0,89.0,8.0,,,0.0,,62.0,24.0,83.0,,,55.58,69.98,44.06,,,280.0,210.0,,,,,40.0,54.0,,,-9999.0,-9999.0,-9999.0,,,,1.0,,,,,,,,,,
2021,1,2,,,,,,,,,,,,,,,,,,,,,,,,,,,,,,,,-9.0,-9.0,-9.0,,,,,,,,,,,,,,
2021,1,3,,,61.0,244.0,234.0,94.0,10.0,,,0.0,,65.0,38.0,81.0,,,,66.02,44.06,,,210.0,220.0,,,,,40.0,76.0,,,999.0,999.0,999.0,,,,999.0,,,,,,,,,,
2021,1,4,,,,,,,,,,,,,,,,,,,,,,,,,,,,,,,,-999.0,-999.0,-999.0,,,,-999.0,,,,,,,,,,
2021,1,6,,,89.0,220.0,213.0,111.0,17.0,,,0.0,,77.0,60.0,86.0,,,,64.04,46.94,,,300.0,310.0,,,,,72.0,103.0,,,9999.0,9999.0,9999.0,,,,9999.0,,,,,,,,,,
2021,1,7,,,,,,,,,,,,,,,,,,,,,,,,,,,,,,,,,-99.0,-99.0,,,,,,,,,,,,,,
2021,1,8,,,,,,,,,,,,,,,,,,,,,,,,,,,,,,,,,99.0,99.0,,,,,,,,,,,,,,
2021,1,9,,,100.0,10200.0,10190.0,111.0,14.0,,,0.0,,84.0,70.0,93.0,,,54.5,62.959999999999994,48.92,,,280.0,280.0,,,,,54.0,63.0,,,1.0,1.0,-9999.0,,,,1.0,,,,,,,,,,
2021,1,10,,,,,,,,,,,,,,,,,,,,,,,,,,,,,,,,,,-9.0,,,,,,,,,,,,,,
2021,1,11,,,89.0,190.0,179.0,111.0,13.0,,,0.0,,78.0,52.0,93.0,,,,68.0,46.04,,,280.0,280.0,,,,,58.0,67.0,,,1.0,1.0,999.0,,,,1.0,,,,,,,,,,
2021,1,12,,,,,,,,,,,,,,,,,,,,,,,,,,,,,,,,,,-999.0,,,,,,,,,,,,,,
2021,1,14,,,67.0,186.0,176.0,94.0,10.0,,,0.0,,71.0,37.0,93.0,,,,68.0,42.08,,,270.0,230.0,,,,,58.0,76.0,,,1.0,1.0,9999.0,,,,1.0,,,,,,,,,,
2021,1,15,,,,,,,,,,,,,,,,,,,,,,,,,,,,,,,,,,-99.0,,,,,,,,,,,,,,
2021,1,16,,,,,,,,,,,,,,,,,,,,,,,,,,,,,,,,,99.0,99.0,,,,,,,,,,,,,,
2021,1,17,,,17.0,10217.0,10210.0,78.0,16.0,,,0.0,,45.0,22.0,61.0,,,55.94,69.98,42.980000000000004,,,300.0,300.0,,,,,58.0,72.0,,,-9999.0,-9999.0,-9999.0,,,,-9999.0,,,,,,,,,,
2021,1,18,,,,,,,,,,,,,,,,,,,,,,,,,,,,,,,,-9.0,-9.0,-9.0,,,,-9.0,,,,,,,,,,
2021,1,19,,,0.0,240.0,234.0,78.0,13.0,,,0.0,,42.0,16.0,61.0,,,,71.96,44.06,,,290.0,310.0,,,,,54.0,72.0,,,999.0,999.0,999.0,,,,999.0,,,,,,,,,,
2021,1,20,,,,,,,,,,,,,,,,,,,,,,,,,,,,,,,,-999.0,-999.0,-999.0,,,,-999.0,,,,,,,,,,
2021,1,22,,,28.0,203.0,196.0,106.0,14.0,,,0.0,,40.0,21.0,69.0,,,,80.96,48.02,,,310.0,310.0,,,,,54.0,63.0,,,9999.0,9999.0,9999.0,,,,9999.0,,,,,,,,,,
2021,1,23,,,,,,,,,,,,,,,,,,,,,,,,,,,,,,,,-99.0,-99.0,-99.0,,,,-99.0,,,,,,,,,,
2021,1,24,,,,,,,,,,,,,,,,,,,,,,,,,,,,,,,,99.0,99.0,99.0,,,,99.0,,,,,,,,,,
2021,1,25,,,28.0,10152.0,10142.0,100.0,10.0,,,0.0,,42.0,23.0,69.0,,,63.14,73.94,50.0,,,200.0,180.0,,,,,40.0,76.0,,,-9999.0,-9999.0,-9999.0,,,,1.0,,,,,,,,,,
2021,1,26,,,,,,,,,,,,,,,,,,,,,,,,,,,,,,,,-9.0,-9.0,-9.0,,,,,,,,,,,,,,
2021,1,27,,,50.0,152.0,142.0,111.0,9.0,,,0.0,,48.0,14.0,78.0,,,,82.04,51.98,,,200.0,190.0,,,,,36.0,72.0,,,999.0,999.0,999.0,,,,999.0,,,,,,,,,,
2021,1,28,,,,,,,,,,,,,,,,,,,,,,,,,,,,,,,,-999.0,-999.0,-999.0,,,,-999.0,,,,,,,,,,
2021,1,29,,,,,,,,,,,,,,,,,,,,,,,,,,,,,,,,,,,,,,9.0,,,,,,,,,,
2021,1,30,,,44.0,81.0,71.0,111.0,34.0,,,,,47.0,15.0,77.0,,,,73.04,55.94,,,80.0,70.0,,,,,98.0,130.0,,,9999.0,9999.0,9999.0,,,,1.0,,,,,,,,,,
2021,1,31,,,,,,,,,,,,,,,,,,,,,,,,,,,,,,,,-99.0,-99.0,-99.0,,,,,,,,,,,,,,
2021,2,1,,,94.0,10183.0,10169.0,128.0,17.0,,,0.0,,61.0,38.0,78.0,,,61.88,71.96,57.02,,,320.0,330.0,,,,,45.0,67.0,,,-9999.0,-9999.0,,,,,-9999.0,,,,,,,,,,
2021,2,2,,,,,,,,,,,,,,,,,,,,,,,,,,,,,,,,-9.0,-9.0,,,,,-9.0,,,,,,,,,,
2021,2,3,,,111.0,183.0,173.0,133.0,21.0,,,0.0,,73.0,53.0,84.0,,,,66.92,57.92,,,300.0,320.0,,,,,58.0,81.0,,,999.0,999.0,,,,,999.0,,,,,,,,,,
2021,2,4,,,,,,,,,,,,,,,,,,,,,,,,,,,,,,,,,-999.0,,,,,,,,,,,,,,,
2021,2,6,,,94.0,200.0,190.0,122.0,25.0,,,0.0,,69.0,60.0,80.0,,,,62.959999999999994,53.06,,,230.0,170.0,,,,,54.0,103.0,,,9999.0,9999.0,,,,,9999.0,,,,,,,,,,
2021,2,7,,,,,,,,,,,,,,,,,,,,,,,,,,,,,,,,,-99.0,,,,,,,,,,,,,,,
2021,2,8,,,,,,,,,,,,,,,,,,,,,,,,,,,,,,,,,99.0,,,,,,,,,,,,,,,
2021,2,9,,,89.0,10159.0,10152.0,111.0,13.0,,,0.0,,73.0,44.0,92.0,,,57.379999999999995,69.08,46.04,,,280.0,290.0,,,,,45.0,63.0,,,1.0,1.0,,,,,1.0,,,,,,,,,,
2021,2,11,,,94.0,146.0,135.0,111.0,15.0,,,0.0,,78.0,54.0,89.0,,,,66.92,48.92,,,280.0,280.0,,,,,54.0,63.0,,,1.0,1.0,,,,,1.0,,,,,,,,,,
2021,2,14,,,83.0,173.0,163.0,111.0,21.0,,,0.0,,66.0,58.0,70.0,,,,62.059999999999995,55.94,,,280.0,300.0,,,,,63.0,81.0,,,9999.0,9999.0,,,,,9999.0,,,,,,,,,,
2021,2,15,,,,,,,,,,,,,,,,,,,,,,,,,,,,,,,,-99.0,-99.0,,,,,-99.0,,,,,,,,,,
2021,2,16,,,,,,,,,,,,,,,,,,,,,,,,,,,,,,,,99.0,99.0,,,,,99.0,,,,,,,,,,
2021,2,17,,,94.0,10173.0,10163.0,117.0,19.0,,,0.0,,72.0,59.0,83.0,,,56.84,66.92,48.92,,,280.0,280.0,,,,,72.0,94.0,,,1.0,-9999.0,,,,,1.0,,,,,,,,,,
2021,2,18,,,,,,,,,,,,,,,,,,,,,,,,,,,,,,,,,-9.0,,,,,,,,,,,,,,,
2021,2,19,,,100.0,149.0,135.0,128.0,32.0,,,8.0,,71.0,58.0,87.0,,,,64.94,53.06,,,280.0,280.0,,,,,112.0,139.0,,,1.0,999.0,,,,,999.0,,,,,,,,,,
2021,2,20,,,,,,,,,,,,,,,,,,,,,,,,,,,,,,,,,-999.0,,,,,,,,,,,,,,,
2021,2,22,,,89.0,149.0,139.0,117.0,23.0,,,0.0,,70.0,45.0,83.0,,,,66.02,51.98,,,300.0,280.0,,,,,72.0,94.0,,,9999.0,9999.0,,,,,9999.0,,,,,,,,,,
2021,2,23,,,,,,,,,,,,,,,,,,,,,,,,,,,,,,,,,-99.0,,,,,,,,,,,,,,,
2021,2,24,,,,,,,,,,,,,,,,,,,,,,,,,,,,,,,,,99.0,,,,,,,,,,,,,,,
2021,2,25,,,106.0,10159.0,10149.0,128.0,28.0,,,15.0,,74.0,58.0,87.0,,,59.9,64.04,55.04,,,280.0,260.0,,,,,58.0,85.0,,,1.0,-9999.0,,,,,1.0,,,,,,,,,,
2021,2,26,,,,,,,,,,,,,,,,,,,,,,,,,,,,,,,,,-9.0,,,,,,,,,,,,,,,
2021,2,27,,,78.0,173.0,163.0,111.0,17.0,,,0.0,,68.0,52.0,83.0,,,,64.04,48.92,,,280.0,310.0,,,,,67.0,85.0,,,999.0,999.0,,,,,1.0,,,,,,,,,,
2021,2,28,,,,,,,,,,,,,,,,,,,,,,,,,,,,,,,,-999.0,-999.0,,,,,,,,,,,,,,,
2021,2,30,,,33.0,234.0,224.0,89.0,18.0,,,0.0,,52.0,21.0,77.0,,,,68.0,44.96,,,320.0,320.0,,,,,63.0,81.0,,,9999.0,9999.0,,,,,9999.0,,,,,,,,,,
2021,2,31,,,,,,,,,,,,,,,,,,,,,,,,,,,,,,,,-99.0,-99.0,,,,,-99.0,,,,,,,,,,
2021,3,1,,,-33.0,10207.0,10193.0,78.0,16.0,,,0.0,,32.0,8.0,66.0,,,60.08,77.0,46.04,,,270.0,210.0,,,,,58.0,76.0,,,-9999.0,,-9999.0,,,,-9999.0,,,,,,,,,,
2021,3,2,,,,,,,,,,,,,,,,,,,,,,,,,,,,,,,,-9.0,,-9.0,,,,,,,,,,,,,,
2021,3,3,,,0.0,132.0,119.0,83.0,12.0,,,0.0,,43.0,11.0,77.0,,,,71.96,44.06,,,260.0,210.0,,,,,45.0,85.0,,,999.0,,999.0,,,,1.0,,,,,,,,,,
2021,3,4,,,,,,,,,,,,,,,,,,,,,,,,,,,,,,,,-999.0,,,,,,,,,,,,,,,,
2021,3,6,,,94.0,234.0,224.0,117.0,23.0,,,0.0,,71.0,56.0,86.0,,,,66.02,51.98,,,300.0,300.0,,,,,58.0,72.0,,,9999.0,,9999.0,,,,1.0,,,,,,,,,,
2021,3,7,,,,,,,,,,,,,,,,,,,,,,,,,,,,,,,,,,-99.0,,,,,,,,,,,,,,
2021,3,8,,,,,,,,,,,,,,,,,,,,,,,,,,,,,,,,,,99.0,,,,,,,,,,,,,,
2021,3,9,,,100.0,10176.0,10166.0,122.0,26.0,,,0.0,,70.0,52.0,87.0,,,59.72,66.92,53.06,,,290.0,280.0,,,,,72.0,89.0,,,1.0,,-9999.0,,,,1.0,,,,,,,,,,
2021,3,10,,,,,,,,,,,,,,,,,,,,,,,,,,,,,,,,,,-9.0,,,,,,,,,,,,,,
2021,3,11,,,89.0,183.0,173.0,117.0,29.0,,,0.0,,68.0,54.0,80.0,,,,64.04,53.06,,,200.0,200.0,,,,,67.0,103.0,,,999.0,,999.0,,,,999.0,,,,,,,,,,
2021,3,12,,,,,,,,,,,,,,,,,,,,,,,,,,,,,,,,-999.0,,-999.0,,,,-999.0,,,,,,,,,,
2021,3,14,,,78.0,220.0,207.0,111.0,31.0,,,,,64.0,52.0,83.0,,,,64.04,51.08,,,270.0,270.0,,,,,81.0,107.0,,,9999.0,,9999.0,,,,9999.0,,,,,,,,,,
2021,3,15,,,,,,,,,,,,,,,,,,,,,,,,,,,,,,,,,,-99.0,,,,,,,,,,,,,,
2021,3,16,,,,,,,,,,,,,,,,,,,,,,,,,,,,,,,,,,99.0,,,,,,,,,,,,,,
2021,3,17,,,56.0,10186.0,10176.0,94.0,26.0,,,124.0,,64.0,49.0,83.0,,,55.94,60.08,50.0,,,280.0,280.0,,,,,94.0,121.0,,,-9999.0,,-9999.0,,,,-9999.0,,,,,,,,,,
2021,3,18,,,,,,,,,,,,,,,,,,,,,,,,,,,,,,,,-9.0,,-9.0,,,,-9.0,,,,,,,,,,
2021,3,19,,,50.0,217.0,207.0,89.0,28.0,,,,,60.0,46.0,77.0,,,,60.980000000000004,48.92,,,260.0,280.0,,,,,76.0,94.0,,,999.0,,999.0,,,,999.0,,,,,,,,,,
2021,3,20,,,,,,,,,,,,,,,,,,,,,,,,,,,,,,,,-999.0,,-999.0,,,,-999.0,,,,,,,,,,
2021,3,22,,,67.0,237.0,224.0,106.0,18.0,,,0.0,,61.0,52.0,70.0,,,,62.959999999999994,55.04,,,260.0,190.0,,,,,58.0,85.0,,,9999.0,,9999.0,,,,9999.0,,,,,,,,,,
2021,3,23,,,,,,,,,,,,,,,,,,,,,,,,,,,,,,,,,,-99.0,,,,,,,,,,,,,,
2021,3,24,,,,,,,,,,,,,,,,,,,,,,,,,,,,,,,,,,99.0,,,,,,,,,,,,,,
2021,3,25,,,39.0,10186.0,10176.0,83.0,29.0,,,3.0,,55.0,44.0,71.0,,,55.22,60.980000000000004,50.0,,,280.0,280.0,,,,,103.0,148.0,,,-9999.0,,-9999.0,,,,-9999.0,,,,,,,,,,
2021,3,26,,,,,,,,,,,,,,,,,,,,,,,,,,,,,,,,-9.0,,-9.0,,,,-9.0,,,,,,,,,,
2021,3,27,,,61.0,200.0,190.0,94.0,19.0,,,0.0,,66.0,54.0,77.0,,,,62.059999999999995,46.04,,,280.0,280.0,,,,,72.0,89.0,,,999.0,,999.0,,,,999.0,,,,,,,,,,
2021,3,28,,,,,,,,,,,,,,,,,,,,,,,,,,,,,,,,-999.0,,-999.0,,,,-999.0,,,,,,,,,,
2021,3,30,,,106.0,210.0,196.0,128.0,25.0,,,0.0,,73.0,56.0,87.0,,,,66.92,50.0,,,290.0,280.0,,,,,89.0,103.0,,,9999.0,,9999.0,,,,9999.0,,,,,,,,,,
2021,3,31,,,,,,,,,,,,,,,,,,,,,,,,,,,,,,,,,,-99.0,,,,,,,,,,,,,,
2021,4,1,,,17.0,10125.0,10115.0,122.0,23.0,,,0.0,,33.0,9.0,81.0,,,73.58,87.98,57.02,,,160.0,180.0,,,,,58.0,98.0,,,-9999.0,,,,,,-9999.0,,,,,,,,,,
2021,4,2,,,,,,,,,,,,,,,,,,,,,,,,,,,,,,,,-9.0,,,,,,-9.0,,,,,,,,,,
2021,4,3,,,117.0,173.0,163.0,144.0,33.0,,,0.0,,70.0,59.0,81.0,,,,69.08,59.0,,,180.0,200.0,,,,,58.0,98.0,,,999.0,,,,,,999.0,,,,,,,,,,
2021,4,4,,,,,,,,,,,,,,,,,,,,,,,,,,,,,,,,-999.0,,,,,,,,,,,,,,,,
2021,4,5,,,,,,,,,,,,,,,,,,,,,,,,,,,,,,,,9.0,,,,,,,,,,,,,,,,
2021,4,6,,,117.0,179.0,169.0,139.0,24.0,,,0.0,,72.0,55.0,87.0,,,,73.04,55.94,,,290.0,290.0,,,,,76.0,85.0,,,1.0,,,,,,1.0,,,,,,,,,,
2021,4,8,,,,,,,,,,,,,,,,,,,,,,,,,,,,,,,,99.0,,,,,,99.0,,,,,,,,,,
2021,4,9,,,111.0,10159.0,10152.0,139.0,24.0,,,0.0,,68.0,57.0,78.0,,,62.24,69.08,57.92,,,280.0,290.0,,,,,58.0,85.0,,,-9999.0,,,,,,-9999.0,,,,,,,,,,
2021,4,10,,,,,,,,,,,,,,,,,,,,,,,,,,,,,,,,-9.0,,,,,,-9.0,,,,,,,,,,
2021,4,11,,,122.0,179.0,169.0,144.0,25.0,,,0.0,,73.0,55.0,84.0,,,,73.04,55.94,,,270.0,280.0,,,,,81.0,103.0,,,999.0,,,,,,999.0,,,,,,,,,,
2021,4,14,,,117.0,149.0,139.0,139.0,24.0,,,0.0,,68.0,57.0,78.0,,,,69.98,59.0,,,270.0,200.0,,,,,54.0,81.0,,,1.0,,,,,,1.0,,,,,,,,,,
2021,4,16,,,,,,,,,,,,,,,,,,,,,,,,,,,,,,,,99.0,,,,,,99.0,,,,,,,,,,
2021,4,17,,,106.0,10098.0,10085.0,133.0,30.0,,,0.0,,68.0,61.0,78.0,,,62.42,66.92,57.02,,,220.0,210.0,,,,,58.0,98.0,,,-9999.0,,,,,,-9999.0,,,,,,,,,,
2021,4,18,,,,,,,,,,,,,,,,,,,,,,,,,,,,,,,,-9.0,,,,,,-9.0,,,,,,,,,,
2021,4,19,,,94.0,115.0,102.0,128.0,34.0,,,0.0,,63.0,54.0,67.0,,,,66.92,60.08,,,210.0,200.0,,,,,58.0,107.0,,,999.0,,,,,,999.0,,,,,,,,,,
2021,4,20,,,,,,,,,,,,,,,,,,,,,,,,,,,,,,,,-999.0,,,,,,-999.0,,,,,,,,,,
2021,4,22,,,67.0,166.0,156.0,111.0,32.0,,,0.0,,56.0,50.0,70.0,,,,64.04,57.92,,,270.0,210.0,,,,,67.0,103.0,,,9999.0,,,,,,9999.0,,,,,,,,,,
2021,4,23,,,,,,,,,,,,,,,,,,,,,,,,,,,,,,,,-99.0,,,,,,-99.0,,,,,,,,,,
2021,4,24,,,,,,,,,,,,,,,,,,,,,,,,,,,,,,,,99.0,,,,,,99.0,,,,,,,,,,
2021,4,25,,,100.0,10149.0,10135.0,133.0,24.0,,,0.0,,65.0,53.0,75.0,,,61.16,68.0,57.02,,,280.0,280.0,,,,,63.0,94.0,,,-9999.0,,,,,,-9999.0,,,,,,,,,,
2021,4,26,,,,,,,,,,,,,,,,,,,,,,,,,,,,,,,,-9.0,,,,,,-9.0,,,,,,,,,,
2021,4,27,,,100.0,149.0,139.0,133.0,22.0,,,0.0,,65.0,56.0,78.0,,,,66.92,59.0,,,280.0,280.0,,,,,63.0,85.0,,,999.0,,,,,,999.0,,,,,,,,,,
2021,4,28,,,,,,,,,,,,,,,,,,,,,,,,,,,,,,,,-999.0,,,,,,-999.0,,,,,,,,,,
2021,4,30,,,89.0,159.0,149.0,133.0,19.0,,,0.0,,56.0,20.0,81.0,,,,80.06,53.96,,,290.0,9999.0,,,,,58.0,9999.0,,,9999.0,,,,,,9999.0,,,,,,,,,,
2021,4,31,,,,,,,,,,,,,,,,,,,,,,,1.0,,,,,,1.0,,,-99.0,,,,,,-99.0,,,,,,,,,,
2021,5,1,,,122.0,10152.0,10142.0,144.0,29.0,,,0.0,,69.0,63.0,81.0,,,66.38,68.0,60.980000000000004,,,230.0,210.0,,,,,63.0,107.0,,,-9999.0,,,,,,-9999.0,,,,,,,,,,
2021,5,3,,,111.0,122.0,108.0,139.0,39.0,,,3.0,,71.0,63.0,84.0,,,,66.02,59.0,,,170.0,190.0,,,,,81.0,112.0,,,1.0,,,,,,1.0,,,,,,,,,,
2021,5,6,,,133.0,139.0,129.0,156.0,21.0,,,0.0,,71.0,55.0,80.0,,,,73.04,62.059999999999995,,,270.0,280.0,,,,,58.0,76.0,,,9999.0,,,,,,9999.0,,,,,,,,,,
2021,5,9,,,117.0,10176.0,10163.0,144.0,22.0,,,0.0,,69.0,61.0,78.0,,,64.04,68.0,60.980000000000004,,,220.0,200.0,,,,,58.0,107.0,,,-9999.0,,,,,,-9999.0,,,,,,,,,,
2021,5,10,,,,,,,,,,,,,,,,,,,,,,,,,,,,,,,,-9.0,,,,,,-9.0,,,,,,,,,,
2021,5,11,,,106.0,163.0,152.0,139.0,27.0,,,0.0,,63.0,57.0,70.0,,,,68.0,60.980000000000004,,,270.0,210.0,,,,,58.0,103.0,,,999.0,,,,,,999.0,,,,,,,,,,
2021,5,12,,,,,,,,,,,,,,,,,,,,,,,,,,,,,,,,-999.0,,,,,,-999.0,,,,,,,,,,
2021,5,14,,,111.0,139.0,129.0,139.0,26.0,,,0.0,,67.0,57.0,72.0,,,,69.08,60.980000000000004,,,160.0,200.0,,,,,58.0,98.0,,,9999.0,,,,,,9999.0,,,,,,,,,,
2021,5,15,,,,,,,,,,,,,,,,,,,,,,,,,,,,,,,,-99.0,,,,,,-99.0,,,,,,,,,,
2021,5,16,,,,,,,,,,,,,,,,,,,,,,,,,,,,,,,,99.0,,,,,,99.0,,,,,,,,,,
2021,5,17,,,117.0,10142.0,10132.0,139.0,22.0,,,0.0,,68.0,61.0,75.0,,,63.32,66.92,60.980000000000004,,,270.0,260.0,,,,,54.0,89.0,,,-9999.0,,,,,,-9999.0,,,,,,,,,,
2021,5,18,,,,,,,,,,,,,,,,,,,,,,,,,,,,,,,,-9.0,,,,,,-9.0,,,,,,,,,,
2021,5,19,,,128.0,169.0,163.0,156.0,24.0,,,0.0,,69.0,63.0,76.0,,,,69.08,62.059999999999995,,,260.0,220.0,,,,,58.0,76.0,,,999.0,,,,,,999.0,,,,,,,,,,
2021,5,20,,,,,,,,,,,,,,,,,,,,,,,,,,,,,,,,-999.0,,,,,,-999.0,,,,,,,,,,
2021,5,22,,,122.0,156.0,146.0,150.0,32.0,,,0.0,,66.0,55.0,73.0,,,,69.98,62.959999999999994,,,270.0,280.0,,,,,72.0,94.0,,,9999.0,,,,,,9999.0,,,,,,,,,,
2021,5,23,,,,,,,,,,,,,,,,,,,,,,,,,,,,,,,,-99.0,,,,,,-99.0,,,,,,,,,,
2021,5,24,,,,,,,,,,,,,,,,,,,,,,,,,,,,,,,,99.0,,,,,,99.0,,,,,,,,,,
2021,5,25,,,111.0,10169.0,10156.0,133.0,34.0,,,10.0,,70.0,59.0,84.0,,,62.059999999999995,64.94,59.0,,,270.0,240.0,,,,,63.0,98.0,,,1.0,,,,,,1.0,,,,,,,,,,
2021,5,27,,,122.0,176.0,166.0,144.0,30.0,,,5.0,,72.0,63.0,84.0,,,,68.0,60.08,,,280.0,280.0,,,,,72.0,98.0,,,999.0,,,,,,1.0,,,,,,,,,,
2021,5,28,,,,,,,,,,,,,,,,,,,,,,,,,,,,,,,,-999.0,,,,,,,,,,,,,,,,
2021,5,30,,,128.0,132.0,122.0,150.0,30.0,,,0.0,,70.0,63.0,76.0,,,,69.08,62.059999999999995,,,220.0,200.0,,,,,63.0,112.0,,,9999.0,,,,,,9999.0,,,,,,,,,,
2021,5,31,,,,,,,,,,,,,,,,,,,,,,,,,,,,,,,,-99.0,,,,,,-99.0,,,,,,,,,,
2021,6,1,,,133.0,10152.0,10142.0,150.0,26.0,,,0.0,,72.0,63.0,80.0,,,65.12,69.08,62.059999999999995,,,280.0,220.0,,,,,58.0,85.0,,,-9999.0,,-9999.0,,,,-9999.0,,,,,,,,,,
2021,6,2,,,,,,,,,,,,,,,,,,,,,,,,,,,,,,,,,,-9.0,,,,,,,,,,,,,,
2021,6,3,,,139.0,132.0,119.0,156.0,26.0,,,0.0,,76.0,66.0,84.0,,,,71.06,62.059999999999995,,,280.0,280.0,,,,,63.0,81.0,,,1.0,,999.0,,,,1.0,,,,,,,,,,
2021,6,4,,,,,,,,,,,,,,,,,,,,,,,,,,,,,,,,,,-999.0,,,,,,,,,,,,,,
2021,6,6,,,133.0,149.0,139.0,156.0,22.0,,,0.0,,71.0,61.0,78.0,,,,71.06,60.980000000000004,,,220.0,210.0,,,,,54.0,94.0,,,9999.0,,9999.0,,,,9999.0,,,,,,,,,,
2021,6,7,,,,,,,,,,,,,,,,,,,,,,,,,,,,,,,,-99.0,,-99.0,,,,-99.0,,,,,,,,,,
2021,6,8,,,,,,,,,,,,,,,,,,,,,,,,,,,,,,,,99.0,,99.0,,,,99.0,,,,,,,,,,
2021,6,9,,,117.0,10139.0,10129.0,144.0,32.0,,,0.0,,65.0,57.0,73.0,,,65.12,69.98,62.959999999999994,,,220.0,210.0,,,,,58.0,98.0,,,-9999.0,,-9999.0,,,,-9999.0,,,,,,,,,,
2021,6,10,,,,,,,,,,,,,,,,,,,,,,,,,,,,,,,,,,-9.0,,,,-9.0,,,,,,,,,,
2021,6,11,,,117.0,146.0,132.0,144.0,33.0,,,,,68.0,60.0,81.0,,,,66.92,62.059999999999995,,,220.0,190.0,,,,,63.0,103.0,,,1.0,,999.0,,,,999.0,,,,,,,,,,
2021,6,12,,,,,,,,,,,,,,,,,,,,,,,,,,,,,,,,,,-999.0,,,,-999.0,,,,,,,,,,
2021,6,14,,,128.0,190.0,179.0,156.0,34.0,,,0.0,,67.0,53.0,78.0,,,,71.96,62.059999999999995,,,290.0,270.0,,,,,67.0,89.0,,,9999.0,,9999.0,,,,9999.0,,,,,,,,,,
2021,6,15,,,,,,,,,,,,,,,,,,,,,,,,,,,,,,,,-99.0,,-99.0,,,,-99.0,,,,,,,,,,
2021,6,16,,,,,,,,,,,,,,,,,,,,,,,,,,,,,,,,99.0,,99.0,,,,99.0,,,,,,,,,,
2021,6,17,,,122.0,10142.0,10129.0,150.0,20.0,,,0.0,,64.0,40.0,78.0,,,66.38,75.92,57.92,,,280.0,230.0,,,,,63.0,85.0,,,-9999.0,,-9999.0,,,,-9999.0,,,,,,,,,,
2021,6,18,,,,,,,,,,,,,,,,,,,,,,,,,,,,,,,,-9.0,,-9.0,,,,-9.0,,,,,,,,,,
2021,6,19,,,139.0,119.0,108.0,161.0,20.0,,,0.0,,68.0,55.0,81.0,,,,75.02,59.0,,,190.0,200.0,,,,,45.0,107.0,,,999.0,,999.0,,,,999.0,,,,,,,,,,
2021,6,20,,,,,,,,,,,,,,,,,,,,,,,,,,,,,,,,-999.0,,-999.0,,,,-999.0,,,,,,,,,,
2021,6,22,,,150.0,129.0,119.0,172.0,28.0,,,0.0,,73.0,57.0,81.0,,,,75.02,62.959999999999994,,,280.0,300.0,,,,,54.0,81.0,,,9999.0,,9999.0,,,,9999.0,,,,,,,,,,
2021,6,23,,,,,,,,,,,,,,,,,,,,,,,,,,,,,,,,-99.0,,-99.0,,,,-99.0,,,,,,,,,,
2021,6,24,,,,,,,,,,,,,,,,,,,,,,,,,,,,,,,,99.0,,99.0,,,,99.0,,,,,,,,,,
2021,6,25,,,161.0,10112.0,10102.0,178.0,26.0,,,0.0,,79.0,71.0,87.0,,,69.44,71.96,64.94,,,180.0,190.0,,,,,58.0,107.0,,,1.0,,-9999.0,,,,1.0,,,,,,,,,,
2021,6,26,,,,,,,,,,,,,,,,,,,,,,,,,,,,,,,,,,-9.0,,,,,,,,,,,,,,
2021,6,27,,,161.0,102.0,88.0,178.0,22.0,,,0.0,,78.0,66.0,87.0,,,,73.04,60.980000000000004,,,190.0,200.0,,,,,58.0,107.0,,,1.0,,999.0,,,,1.0,,,,,,,,,,
2021,6,28,,,,,,,,,,,,,,,,,,,,,,,,,,,,,,,,,,-999.0,,,,,,,,,,,,,,
2021,6,30,,,150.0,95.0,85.0,172.0,26.0,,,0.0,,73.0,62.0,78.0,,,,73.04,66.02,,,280.0,210.0,,,,,58.0,98.0,,,9999.0,,9999.0,,,,9999.0,,,,,,,,,,
2021,6,31,,,,,,,,,,,,,,,,,,,,,,,,,,,,,,,,-99.0,,-99.0,,,,-99.0,,,,,,,,,,
2021,7,1,,,156.0,10132.0,10119.0,178.0,30.0,,,0.0,,72.0,62.0,79.0,,,69.25999999999999,75.02,66.02,,,280.0,290.0,,,,,72.0,94.0,,,-9999.0,,,,,,-9999.0,,,,,,,,,,
2021,7,2,,,,,,,,,,,,,,,,,,,,,,,,,,,,,,,,-9.0,,,,,,-9.0,,,,,,,,,,
2021,7,3,,,161.0,132.0,122.0,178.0,24.0,,,0.0,,74.0,66.0,81.0,,,,75.02,66.92,,,250.0,230.0,,,,,54.0,116.0,,,999.0,,,,,,999.0,,,,,,,,,,
2021,7,4,,,,,,,,,,,,,,,,,,,,,,,,,,,,,,,,-999.0,,,,,,,,,,,,,,,,
2021,7,6,,,156.0,149.0,139.0,172.0,31.0,,,0.0,,72.0,59.0,79.0,,,,73.94,66.92,,,290.0,280.0,,,,,67.0,98.0,,,9999.0,,,,,,1.0,,,,,,,,,,
2021,7,7,,,,,,,,,,,,,,,,,,,,,,,,,,,,,,,,-99.0,,,,,,,,,,,,,,,,
2021,7,8,,,,,,,,,,,,,,,,,,,,,,,,,,,,,,,,99.0,,,,,,99.0,,,,,,,,,,
2021,7,9,,,144.0,10139.0,10129.0,172.0,26.0,,,0.0,,68.0,59.0,76.0,,,69.44,73.94,66.02,,,270.0,280.0,,,,,63.0,89.0,,,-9999.0,,,,,,-9999.0,,,,,,,,,,
2021,7,10,,,,,,,,,,,,,,,,,,,,,,,,,,,,,,,,-9.0,,,,,,-9.0,,,,,,,,,,
2021,7,11,,,156.0,112.0,102.0,172.0,22.0,,,0.0,,71.0,64.0,76.0,,,,73.94,66.02,,,210.0,210.0,,,,,54.0,103.0,,,999.0,,,,,,999.0,,,,,,,,,,
2021,7,12,,,,,,,,,,,,,,,,,,,,,,,,,,,,,,,,-999.0,,,,,,-999.0,,,,,,,,,,
2021,7,14,,,172.0,135.0,125.0,194.0,20.0,,,0.0,,71.0,60.0,81.0,,,,78.08,68.0,,,280.0,220.0,,,,,40.0,85.0,,,9999.0,,,,,,9999.0,,,,,,,,,,
2021,7,15,,,,,,,,,,,,,,,,,,,,,,,,,,,,,,,,-99.0,,,,,,-99.0,,,,,,,,,,
2021,7,16,,,,,,,,,,,,,,,,,,,,,,,,,,,,,,,,99.0,,,,,,99.0,,,,,,,,,,
2021,7,17,,,161.0,10129.0,10119.0,183.0,26.0,,,0.0,,69.0,62.0,76.0,,,72.68,75.02,69.08,,,210.0,220.0,,,,,58.0,107.0,,,-9999.0,,,,,,-9999.0,,,,,,,,,,
2021,7,18,,,,,,,,,,,,,,,,,,,,,,,,,,,,,,,,-9.0,,,,,,-9.0,,,,,,,,,,
2021,7,19,,,161.0,129.0,119.0,183.0,23.0,,,0.0,,69.0,62.0,76.0,,,,75.92,69.08,,,230.0,220.0,,,,,54.0,107.0,,,999.0,,,,,,999.0,,,,,,,,,,
2021,7,20,,,,,,,,,,,,,,,,,,,,,,,,,,,,,,,,-999.0,,,,,,-999.0,,,,,,,,,,
2021,7,22,,,172.0,152.0,142.0,189.0,24.0,,,0.0,,72.0,64.0,79.0,,,,77.0,69.98,,,200.0,210.0,,,,,54.0,103.0,,,9999.0,,,,,,9999.0,,,,,,,,,,
2021,7,23,,,,,,,,,,,,,,,,,,,,,,,,,,,,,,,,-99.0,,,,,,-99.0,,,,,,,,,,
2021,7,24,,,,,,,,,,,,,,,,,,,,,,,,,,,,,,,,99.0,,,,,,99.0,,,,,,,,,,
2021,7,25,,,167.0,10139.0,10132.0,189.0,25.0,,,0.0,,69.0,62.0,76.0,,,73.22,78.98,69.98,,,280.0,270.0,,,,,67.0,85.0,,,-9999.0,,,,,,-9999.0,,,,,,,,,,
2021,7,26,,,,,,,,,,,,,,,,,,,,,,,,,,,,,,,,-9.0,,,,,,-9.0,,,,,,,,,,
2021,7,27,,,172.0,142.0,129.0,194.0,26.0,,,0.0,,69.0,60.0,76.0,,,,78.98,69.98,,,270.0,230.0,,,,,63.0,98.0,,,999.0,,,,,,999.0,,,,,,,,,,
2021,7,28,,,,,,,,,,,,,,,,,,,,,,,,,,,,,,,,-999.0,,,,,,-999.0,,,,,,,,,,
2021,7,30,,,178.0,166.0,156.0,206.0,26.0,,,0.0,,68.0,56.0,79.0,,,,82.04,71.06,,,280.0,290.0,,,,,63.0,81.0,,,9999.0,,,,,,9999.0,,,,,,,,,,
2021,7,31,,,,,,,,,,,,,,,,,,,,,,,,,,,,,,,,-99.0,,,,,,-99.0,,,,,,,,,,
2021,8,1,,,167.0,10169.0,10159.0,189.0,32.0,,,0.0,,72.0,54.0,87.0,,,69.98,80.06,64.04,,,290.0,280.0,,,,,76.0,94.0,,,1.0,,-9999.0,,,,-9999.0,,,,,,,,,,
2021,8,2,,,,,,,,,,,,,,,,,,,,,,,,,,,,,,,,,,-9.0,,,,-9.0,,,,,,,,,,
2021,8,3,,,161.0,159.0,146.0,189.0,34.0,,,0.0,,67.0,52.0,84.0,,,,80.96,69.98,,,290.0,290.0,,,,,76.0,89.0,,,999.0,,999.0,,,,999.0,,,,,,,,,,
2021,8,4,,,,,,,,,,,,,,,,,,,,,,,,,,,,,,,,,,-999.0,,,,,,,,,,,,,,
2021,8,6,,,167.0,125.0,115.0,183.0,31.0,,,0.0,,74.0,62.0,84.0,,,,75.92,66.92,,,290.0,320.0,,,,,63.0,85.0,,,9999.0,,9999.0,,,,9999.0,,,,,,,,,,
2021,8,7,,,,,,,,,,,,,,,,,,,,,,,,,,,,,,,,-99.0,,-99.0,,,,-99.0,,,,,,,,,,
2021,8,8,,,,,,,,,,,,,,,,,,,,,,,,,,,,,,,,99.0,,99.0,,,,99.0,,,,,,,,,,
2021,8,9,,,161.0,10142.0,10129.0,178.0,30.0,,,0.0,,77.0,64.0,87.0,,,68.36,73.94,64.94,,,160.0,220.0,,,,,58.0,98.0,,,1.0,,-9999.0,,,,1.0,,,,,,,,,,
2021,8,10,,,,,,,,,,,,,,,,,,,,,,,,,,,,,,,,,,-9.0,,,,,,,,,,,,,,
2021,8,11,,,156.0,135.0,129.0,172.0,26.0,,,0.0,,72.0,62.0,81.0,,,,73.94,64.94,,,220.0,210.0,,,,,54.0,103.0,,,1.0,,999.0,,,,1.0,,,,,,,,,,
2021,8,12,,,,,,,,,,,,,,,,,,,,,,,,,,,,,,,,,,-999.0,,,,,,,,,,,,,,
2021,8,14,,,167.0,132.0,119.0,189.0,25.0,,,0.0,,71.0,60.0,81.0,,,,78.08,66.92,,,280.0,260.0,,,,,63.0,85.0,,,9999.0,,9999.0,,,,9999.0,,,,,,,,,,
2021,8,15,,,,,,,,,,,,,,,,,,,,,,,,,,,,,,,,-99.0,,-99.0,,,,-99.0,,,,,,,,,,
2021,8,16,,,,,,,,,,,,,,,,,,,,,,,,,,,,,,,,99.0,,99.0,,,,99.0,,,,,,,,,,
2021,8,17,,,189.0,10139.0,10129.0,206.0,28.0,,,58.0,,72.0,56.0,87.0,,,74.84,82.04,69.98,,,270.0,240.0,,,,,63.0,85.0,,,1.0,,1.0,,,,1.0,,,,,,,,,,
2021,8,19,,,189.0,152.0,142.0,211.0,20.0,,,0.0,,71.0,55.0,87.0,,,,82.94,71.06,,,280.0,280.0,,,,,58.0,72.0,,,1.0,,999.0,,,,999.0,,,,,,,,,,
2021,8,20,,,,,,,,,,,,,,,,,,,,,,,,,,,,,,,,,,-999.0,,,,-999.0,,,,,,,,,,
2021,8,21,,,,,,,,,,,,,,,,,,,,,,,,,,,,,,,,,,,,,,9.0,,,,,,,,,,
2021,8,22,,,183.0,176.0,163.0,200.0,28.0,,,0.0,,72.0,49.0,87.0,,,,82.94,69.98,,,300.0,300.0,,,,,72.0,89.0,,,9999.0,,9999.0,,,,1.0,,,,,,,,,,
2021,8,23,,,,,,,,,,,,,,,,,,,,,,,,,,,,,,,,-99.0,,-99.0,,,,,,,,,,,,,,
2021,8,24,,,,,,,,,,,,,,,,,,,,,,,,,,,,,,,,99.0,,99.0,,,,99.0,,,,,,,,,,
2021,8,25,,,183.0,10105.0,10095.0,200.0,23.0,,,0.0,,73.0,64.0,81.0,,,73.94,78.98,71.06,,,190.0,210.0,,,,,58.0,107.0,,,-9999.0,,-9999.0,,,,-9999.0,,,,,,,,,,
2021,8,26,,,,,,,,,,,,,,,,,,,,,,,,,,,,,,,,-9.0,,-9.0,,,,-9.0,,,,,,,,,,
2021,8,27,,,183.0,115.0,102.0,200.0,24.0,,,0.0,,73.0,66.0,79.0,,,,78.08,71.96,,,210.0,190.0,,,,,54.0,107.0,,,999.0,,999.0,,,,999.0,,,,,,,,,,
2021,8,28,,,,,,,,,,,,,,,,,,,,,,,,,,,,,,,,-999.0,,-999.0,,,,-999.0,,,,,,,,,,
2021,8,30,,,172.0,129.0,119.0,194.0,31.0,,,0.0,,71.0,62.0,79.0,,,,78.08,71.06,,,270.0,250.0,,,,,67.0,94.0,,,9999.0,,9999.0,,,,9999.0,,,,,,,,,,
2021,8,31,,,,,,,,,,,,,,,,,,,,,,,,,,,,,,,,-99.0,,-99.0,,,,-99.0,,,,,,,,,,
2021,9,1,,,156.0,10115.0,10108.0,183.0,31.0,,,0.0,,66.0,58.0,73.0,,,72.14,77.0,69.98,,,270.0,200.0,,,,,63.0,116.0,,,-9999.0,,-9999.0,,,,-9999.0,,,,,,,,,,
2021,9,2,,,,,,,,,,,,,,,,,,,,,,,,,,,,,,,,-9.0,,-9.0,,,,-9.0,,,,,,,,,,
2021,9,3,,,156.0,135.0,125.0,183.0,30.0,,,0.0,,64.0,54.0,73.0,,,,78.08,71.06,,,270.0,260.0,,,,,67.0,89.0,,,999.0,,999.0,,,,999.0,,,,,,,,,,
2021,9,4,,,,,,,,,,,,,,,,,,,,,,,,,,,,,,,,-999.0,,-999.0,,,,-999.0,,,,,,,,,,
2021,9,5,,,,,,,,,,,,,,,,,,,,,,,,,,,,,,,,9.0,,,,,,9.0,,,,,,,,,,
2021,9,6,,,156.0,115.0,105.0,189.0,31.0,,,0.0,,62.0,39.0,84.0,,,,82.94,66.92,,,300.0,320.0,,,,,76.0,107.0,,,1.0,,9999.0,,,,1.0,,,,,,,,,,
2021,9,7,,,,,,,,,,,,,,,,,,,,,,,,,,,,,,,,,,-99.0,,,,,,,,,,,,,,
2021,9,8,,,,,,,,,,,,,,,,,,,,,,,,,,,,,,,,99.0,,99.0,,,,99.0,,,,,,,,,,
2021,9,9,,,183.0,10142.0,10129.0,200.0,26.0,,,0.0,,76.0,69.0,84.0,,,72.5,77.0,69.98,,,190.0,200.0,,,,,58.0,103.0,,,1.0,,-9999.0,,,,1.0,,,,,,,,,,
2021,9,10,,,,,,,,,,,,,,,,,,,,,,,,,,,,,,,,,,-9.0,,,,,,,,,,,,,,
2021,9,11,,,183.0,139.0,129.0,200.0,22.0,,,0.0,,72.0,57.0,84.0,,,,80.96,71.06,,,280.0,200.0,,,,,45.0,98.0,,,1.0,,999.0,,,,1.0,,,,,,,,,,
2021,9,12,,,,,,,,,,,,,,,,,,,,,,,,,,,,,,,,,,-999.0,,,,,,,,,,,,,,
2021,9,13,,,,,,,,,,,,,,,,,,,,,,,,,,,,,,,,,,9.0,,,,,,,,,,,,,,
2021,9,14,,,189.0,115.0,105.0,206.0,20.0,,,0.0,,73.0,55.0,84.0,,,,84.91999999999999,69.98,,,290.0,290.0,,,,,54.0,67.0,,,9999.0,,1.0,,,,9999.0,,,,,,,,,,
2021,9,16,,,,,,,,,,,,,,,,,,,,,,,,,,,,,,,,,,99.0,,,,,,,,,,,,,,
2021,9,17,,,183.0,10135.0,10125.0,206.0,27.0,,,0.0,,69.0,49.0,87.0,,,75.2,84.91999999999999,69.98,,,300.0,300.0,,,,,76.0,112.0,,,-9999.0,,-9999.0,,,,1.0,,,,,,,,,,
2021,9,18,,,,,,,,,,,,,,,,,,,,,,,,,,,,,,,,-9.0,,-9.0,,,,,,,,,,,,,,
2021,9,19,,,178.0,129.0,115.0,200.0,34.0,,,0.0,,74.0,58.0,84.0,,,,80.06,69.08,,,310.0,320.0,,,,,76.0,103.0,,,999.0,,999.0,,,,999.0,,,,,,,,,,
2021,9,20,,,,,,,,,,,,,,,,,,,,,,,,,,,,,,,,,,-999.0,,,,,,,,,,,,,,
2021,9,22,,,156.0,135.0,125.0,178.0,20.0,,,0.0,,72.0,60.0,84.0,,,,77.0,66.02,,,200.0,200.0,,,,,45.0,89.0,,,9999.0,,9999.0,,,,9999.0,,,,,,,,,,
2021,9,23,,,,,,,,,,,,,,,,,,,,,,,,,,,,,,,,-99.0,,-99.0,,,,-99.0,,,,,,,,,,
2021,9,24,,,,,,,,,,,,,,,,,,,,,,,,,,,,,,,,99.0,,99.0,,,,99.0,,,,,,,,,,
2021,9,25,,,139.0,10122.0,10108.0,167.0,27.0,,,0.0,,66.0,57.0,75.0,,,69.8,75.02,66.02,,,280.0,280.0,,,,,67.0,89.0,,,-9999.0,,-9999.0,,,,1.0,,,,,,,,,,
2021,9,26,,,,,,,,,,,,,,,,,,,,,,,,,,,,,,,,-9.0,,-9.0,,,,,,,,,,,,,,
2021,9,27,,,139.0,159.0,146.0,167.0,26.0,,,0.0,,64.0,56.0,70.0,,,,75.02,66.92,,,280.0,210.0,,,,,58.0,85.0,,,999.0,,999.0,,,,999.0,,,,,,,,,,
2021,9,28,,,,,,,,,,,,,,,,,,,,,,,,,,,,,,,,-999.0,,-999.0,,,,,,,,,,,,,,
2021,9,30,,,139.0,146.0,135.0,167.0,20.0,,,0.0,,67.0,56.0,76.0,,,,75.02,64.04,,,260.0,220.0,,,,,58.0,81.0,,,9999.0,,9999.0,,,,9999.0,,,,,,,,,,
2021,9,31,,,,,,,,,,,,,,,,,,,,,,,,,,,,,,,,-99.0,,-99.0,,,,-99.0,,,,,,,,,,
2021,10,1,,,89.0,10142.0,10129.0,150.0,16.0,,,0.0,,46.0,10.0,84.0,,,71.6,89.96000000000001,57.92,,,320.0,330.0,,,,,67.0,89.0,,,-9999.0,,-9999.0,,,,-9999.0,,,,,,,,,,
2021,10,2,,,,,,,,,,,,,,,,,,,,,,,,,,,,,,,,,,-9.0,,,,,,,,,,,,,,
2021,10,3,,,100.0,142.0,129.0,156.0,16.0,,,0.0,,50.0,20.0,84.0,,,,86.0,60.08,,,300.0,300.0,,,,,89.0,107.0,,,1.0,,999.0,,,,1.0,,,,,,,,,,
2021,10,4,,,,,,,,,,,,,,,,,,,,,,,,,,,,,,,,,,-999.0,,,,,,,,,,,,,,
2021,10,5,,,,,,,,,,,,,,,,,,,,,,,,,,,,,,,,,,9.0,,,,,,,,,,,,,,
2021,10,6,,,122.0,135.0,122.0,172.0,21.0,,,119.0,,53.0,22.0,82.0,,,,84.02,66.02,,,250.0,190.0,,,,,67.0,94.0,,,1.0,,1.0,,,,1.0,,,,,,,,,,
2021,10,9,,,161.0,10159.0,10149.0,183.0,26.0,,,0.0,,75.0,68.0,84.0,,,70.34,73.94,68.0,,,290.0,330.0,,,,,67.0,81.0,,,-9999.0,,-9999.0,,,,-9999.0,,,,,,,,,,
2021,10,10,,,,,,,,,,,,,,,,,,,,,,,,,,,,,,,,-9.0,,-9.0,,,,-9.0,,,,,,,,,,
2021,10,11,,,156.0,169.0,156.0,178.0,20.0,,,0.0,,73.0,66.0,78.0,,,,73.04,66.92,,,280.0,220.0,,,,,54.0,85.0,,,999.0,,999.0,,,,999.0,,,,,,,,,,
2021,10,12,,,,,,,,,,,,,,,,,,,,,,,,,,,,,,,,,,-999.0,,,,-999.0,,,,,,,,,,
2021,10,14,,,133.0,179.0,169.0,156.0,20.0,,,0.0,,71.0,57.0,84.0,,,,71.96,60.08,,,280.0,280.0,,,,,72.0,89.0,,,9999.0,,9999.0,,,,9999.0,,,,,,,,,,
2021,10,15,,,,,,,,,,,,,,,,,,,,,,,,,,,,,,,,-99.0,,-99.0,,,,-99.0,,,,,,,,,,
2021,10,16,,,,,,,,,,,,,,,,,,,,,,,,,,,,,,,,99.0,,99.0,,,,99.0,,,,,,,,,,
2021,10,17,,,122.0,10091.0,10081.0,150.0,46.0,,,0.0,,66.0,31.0,90.0,,,66.38,69.98,60.980000000000004,,,260.0,320.0,,,,,94.0,143.0,,,1.0,,-9999.0,,,,1.0,,,,,,,,,,
2021,10,18,,,,,,,,,,,,,,,,,,,,,,,,,,,,,,,,,,-9.0,,,,,,,,,,,,,,
2021,10,19,,,33.0,129.0,119.0,111.0,32.0,,,0.0,,40.0,20.0,58.0,,,,71.06,55.94,,,320.0,320.0,,,,,81.0,125.0,,,999.0,,999.0,,,,1.0,,,,,,,,,,
2021,10,20,,,,,,,,,,,,,,,,,,,,,,,,,,,,,,,,-999.0,,-999.0,,,,,,,,,,,,,,
2021,10,22,,,100.0,159.0,149.0,133.0,18.0,,,0.0,,64.0,41.0,84.0,,,,71.96,51.98,,,280.0,250.0,,,,,63.0,85.0,,,9999.0,,9999.0,,,,9999.0,,,,,,,,,,
2021,10,23,,,,,,,,,,,,,,,,,,,,,,,,,,,,,,,,-99.0,,-99.0,,,,-99.0,,,,,,,,,,
2021,10,24,,,,,,,,,,,,,,,,,,,,,,,,,,,,,,,,99.0,,99.0,,,,99.0,,,,,,,,,,
2021,10,25,,,33.0,10152.0,10142.0,122.0,11.0,,,0.0,,34.0,14.0,56.0,,,69.8,86.0,53.96,,,290.0,310.0,,,,,58.0,81.0,,,-9999.0,,-9999.0,,,,1.0,,,,,,,,,,
2021,10,26,,,,,,,,,,,,,,,,,,,,,,,,,,,,,,,,-9.0,,-9.0,,,,,,,,,,,,,,
2021,10,27,,,94.0,159.0,149.0,139.0,16.0,,,0.0,,59.0,39.0,76.0,,,,75.02,55.04,,,270.0,190.0,,,,,63.0,89.0,,,999.0,,999.0,,,,999.0,,,,,,,,,,
2021,10,28,,,,,,,,,,,,,,,,,,,,,,,,,,,,,,,,-999.0,,-999.0,,,,-999.0,,,,,,,,,,
2021,10,30,,,89.0,173.0,163.0,122.0,12.0,,,0.0,,63.0,45.0,77.0,,,,69.08,51.98,,,280.0,220.0,,,,,58.0,81.0,,,9999.0,,9999.0,,,,9999.0,,,,,,,,,,
2021,10,31,,,,,,,,,,,,,,,,,,,,,,,,,,,,,,,,-99.0,,-99.0,,,,-99.0,,,,,,,,,,
2021,11,1,,,133.0,10196.0,10186.0,156.0,24.0,,,0.0,,74.0,63.0,83.0,,,64.22,71.06,59.0,,,320.0,320.0,,,,,76.0,107.0,,,-9999.0,-9999.0,,,,,-9999.0,,,,,,,,,,
2021,11,2,,,,,,,,,,,,,,,,,,,,,,,,,,,,,,,,,-9.0,,,,,,,,,,,,,,,
2021,11,3,,,128.0,210.0,200.0,150.0,26.0,,,0.0,,73.0,63.0,80.0,,,,68.0,59.0,,,280.0,310.0,,,,,67.0,98.0,,,1.0,999.0,,,,,1.0,,,,,,,,,,
2021,11,4,,,,,,,,,,,,,,,,,,,,,,,,,,,,,,,,,-999.0,,,,,,,,,,,,,,,
2021,11,6,,,133.0,159.0,146.0,150.0,22.0,,,0.0,,79.0,68.0,87.0,,,,66.92,59.0,,,290.0,290.0,,,,,58.0,72.0,,,1.0,9999.0,,,,,1.0,,,,,,,,,,
2021,11,7,,,,,,,,,,,,,,,,,,,,,,,,,,,,,,,,,-99.0,,,,,,,,,,,,,,,
2021,11,8,,,,,,,,,,,,,,,,,,,,,,,,,,,,,,,,,99.0,,,,,,,,,,,,,,,
2021,11,9,,,128.0,10176.0,10163.0,144.0,18.0,,,0.0,,74.0,63.0,84.0,,,62.959999999999994,69.08,60.980000000000004,,,280.0,210.0,,,,,58.0,76.0,,,1.0,-9999.0,,,,,1.0,,,,,,,,,,
2021,11,10,,,,,,,,,,,,,,,,,,,,,,,,,,,,,,,,,-9.0,,,,,,,,,,,,,,,
2021,11,11,,,117.0,169.0,156.0,144.0,20.0,,,0.0,,71.0,61.0,78.0,,,,69.08,59.0,,,280.0,280.0,,,,,63.0,76.0,,,999.0,999.0,,,,,1.0,,,,,,,,,,
2021,11,12,,,,,,,,,,,,,,,,,,,,,,,,,,,,,,,,-999.0,-999.0,,,,,,,,,,,,,,,
2021,11,13,,,,,,,,,,,,,,,,,,,,,,,,,,,,,,,,9.0,,,,,,,,,,,,,,,,
2021,11,14,,,122.0,227.0,213.0,144.0,24.0,,,,,71.0,57.0,81.0,,,,69.08,57.02,,,300.0,280.0,,,,,67.0,94.0,,,1.0,9999.0,,,,,1.0,,,,,,,,,,
2021,11,15,,,,,,,,,,,,,,,,,,,,,,,,,,,,,,,,,-99.0,,,,,,,,,,,,,,,
2021,11,16,,,,,,,,,,,,,,,,,,,,,,,,,,,,,,,,,99.0,,,,,99.0,,,,,,,,,,
2021,11,17,,,94.0,10173.0,10163.0,150.0,14.0,,,0.0,,48.0,26.0,81.0,,,67.28,84.91999999999999,55.94,,,320.0,310.0,,,,,54.0,72.0,,,-9999.0,-9999.0,,,,,-9999.0,,,,,,,,,,
2021,11,18,,,,,,,,,,,,,,,,,,,,,,,,,,,,,,,,-9.0,-9.0,,,,,-9.0,,,,,,,,,,
2021,11,19,,,67.0,169.0,163.0,139.0,11.0,,,0.0,,37.0,16.0,58.0,,,,91.94,57.92,,,320.0,210.0,,,,,45.0,76.0,,,999.0,999.0,,,,,999.0,,,,,,,,,,
2021,11,20,,,,,,,,,,,,,,,,,,,,,,,,,,,,,,,,-999.0,-999.0,,,,,-999.0,,,,,,,,,,
2021,11,22,,,67.0,183.0,173.0,133.0,10.0,,,0.0,,46.0,19.0,71.0,,,,87.08000000000001,55.94,,,300.0,310.0,,,,,45.0,67.0,,,9999.0,9999.0,,,,,9999.0,,,,,,,,,,
2021,11,25,,,122.0,10169.0,10156.0,139.0,21.0,,,0.0,,77.0,66.0,93.0,,,61.34,66.02,55.94,,,280.0,200.0,,,,,54.0,76.0,,,1.0,1.0,,,,,1.0,,,,,,,,,,
2021,11,27,,,117.0,173.0,163.0,144.0,17.0,,,0.0,,70.0,59.0,81.0,,,,69.08,57.92,,,270.0,220.0,,,,,45.0,98.0,,,999.0,999.0,,,,,1.0,,,,,,,,,,
2021,11,28,,,,,,,,,,,,,,,,,,,,,,,,,,,,,,,,,-999.0,,,,,,,,,,,,,,,
2021,11,30,,,122.0,190.0,179.0,144.0,18.0,,,0.0,,73.0,63.0,80.0,,,,66.92,59.0,,,270.0,260.0,,,,,63.0,81.0,,,1.0,9999.0,,,,,1.0,,,,,,,,,,
2021,11,31,,,,,,,,,,,,,,,,,,,,,,,,,,,,,,,,,-99.0,,,,,,,,,,,,,,,
2021,12,1,,,128.0,10186.0,10176.0,139.0,13.0,,,0.0,,90.0,75.0,100.0,,,57.92,66.02,53.96,,,280.0,230.0,,,,,58.0,98.0,,,1.0,-9999.0,,,,,1.0,,,,,,,,,,
2021,12,2,,,,,,,,,,,,,,,,,,,,,,,,,,,,,,,,,-9.0,,,,,,,,,,,,,,,
2021,12,3,,,117.0,200.0,190.0,133.0,15.0,,,0.0,,82.0,72.0,93.0,,,,62.059999999999995,57.02,,,290.0,210.0,,,,,45.0,85.0,,,1.0,999.0,,,,,1.0,,,,,,,,,,
2021,12,4,,,,,,,,,,,,,,,,,,,,,,,,,,,,,,,,,-999.0,,,,,,,,,,,,,,,
2021,12,6,,,106.0,207.0,196.0,128.0,22.0,,,0.0,,77.0,68.0,84.0,,,,62.959999999999994,55.94,,,300.0,290.0,,,,,63.0,85.0,,,9999.0,9999.0,,,,,1.0,,,,,,,,,,
2021,12,7,,,,,,,,,,,,,,,,,,,,,,,,,,,,,,,,,-99.0,,,,,,,,,,,,,,,
2021,12,8,,,,,,,,,,,,,,,,,,,,,,,,,,,,,,,,,99.0,,,,,,,,,,,,,,,
2021,12,9,,,111.0,10179.0,10169.0,122.0,21.0,,,0.0,,85.0,78.0,97.0,,,54.68,60.980000000000004,46.94,,,140.0,180.0,,,,,63.0,103.0,,,1.0,1.0,,,,,1.0,,,,,,,,,,
2021,12,11,,,111.0,156.0,146.0,128.0,26.0,,,,,77.0,67.0,97.0,,,,62.059999999999995,50.0,,,140.0,170.0,,,,,63.0,89.0,,,999.0,999.0,,,,,999.0,,,,,,,,,,
2021,12,12,,,,,,,,,,,,,,,,,,,,,,,,,,,,,,,,-999.0,-999.0,,,,,-999.0,,,,,,,,,,
2021,12,13,,,,,,,,,,,,,,,,,,,,,,,,,,,,,,,,9.0,,,,,,,,,,,,,,,,
2021,12,14,,,117.0,152.0,142.0,133.0,30.0,,,28.0,,81.0,67.0,93.0,,,,62.959999999999994,55.04,,,280.0,290.0,,,,,89.0,103.0,,,1.0,9999.0,,,,,9999.0,,,,,,,,,,
2021,12,15,,,,,,,,,,,,,,,,,,,,,,,,,,,,,,,,,-99.0,,,,,-99.0,,,,,,,,,,
2021,12,16,,,,,,,,,,,,,,,,,,,,,,,,,,,,,,,,99.0,99.0,,,,,99.0,,,,,,,,,,
2021,12,17,,,39.0,10210.0,10200.0,83.0,11.0,,,0.0,,59.0,28.0,93.0,,,54.14,66.92,44.06,,,290.0,300.0,,,,,45.0,58.0,,,-9999.0,-9999.0,,,,,-9999.0,,,,,,,,,,
2021,12,18,,,,,,,,,,,,,,,,,,,,,,,,,,,,,,,,-9.0,-9.0,,,,,-9.0,,,,,,,,,,
2021,12,19,,,56.0,176.0,169.0,89.0,11.0,,,0.0,,66.0,37.0,90.0,,,,64.04,41.0,,,280.0,200.0,,,,,54.0,85.0,,,999.0,999.0,,,,,999.0,,,,,,,,,,
2021,12,20,,,,,,,,,,,,,,,,,,,,,,,,,,,,,,,,-999.0,-999.0,,,,,-999.0,,,,,,,,,,
2021,12,21,,,,,,,,,,,,,,,,,,,,,,,,,,,,,,,,9.0,,,,,,,,,,,,,,,,
2021,12,22,,,94.0,176.0,166.0,117.0,74.0,,,249.0,,77.0,59.0,97.0,,,,60.980000000000004,53.06,,,160.0,160.0,,,,,143.0,192.0,,,1.0,9999.0,,,,,9999.0,,,,,,,,,,
2021,12,23,,,,,,,,,,,,,,,,,,,,,,,,,,,,,,,,,-99.0,,,,,-99.0,,,,,,,,,,
2021,12,24,,,,,,,,,,,,,,,,,,,,,,,,,,,,,,,,99.0,99.0,,,,,99.0,,,,,,,,,,
2021,12,25,,,61.0,10207.0,10196.0,83.0,14.0,,,0.0,,75.0,53.0,93.0,,,49.46,57.92,37.94,,,300.0,300.0,,,,,63.0,81.0,,,1.0,-9999.0,,,,,-9999.0,,,,,,,,,,
2021,12,26,,,,,,,,,,,,,,,,,,,,,,,,,,,,,,,,,-9.0,,,,,-9.0,,,,,,,,,,
2021,12,27,,,94.0,196.0,186.0,111.0,17.0,,,3.0,,79.0,60.0,97.0,,,,64.04,48.02,,,310.0,300.0,,,,,54.0,72.0,,,1.0,999.0,,,,,999.0,,,,,,,,,,
2021,12,28,,,,,,,,,,,,,,,,,,,,,,,,,,,,,,,,,-999.0,,,,,-999.0,,,,,,,,,,
2021,12,29,,,,,,,,,,,,,,,,,,,,,,,,,,,,,,,,9.0,,,,,,,,,,,,,,,,
2021,12,30,,,50.0,203.0,193.0,78.0,9.0,,,0.0,,72.0,32.0,90.0,,,,62.959999999999994,39.92,,,200.0,200.0,,,,,36.0,89.0,,,1.0,9999.0,,,,,9999.0,,,,,,,,,,
2021,12,31,,,,,,,,,,,,,,,,,,,,,,,,,,,,,,,,,-99.0,,,,,,,,,,,,,,,
2022,1,1,,,78.0,10200.0,10190.0,117.0,15.0,,,0.0,,62.0,46.0,74.0,,,59.72,64.04,53.06,,,320.0,320.0,,,,,40.0,40.0,,,-9999.0,-9999.0,,,,,-9999.0,,,,,,,,,,
2022,1,2,,,,,,,,,,,,,,,,,,,,,,,,,,,,,,,,-9.0,-9.0,,,,,-9.0,,,,,,,,,,
2022,1,3,,,39.0,240.0,230.0,89.0,13.0,,,0.0,,58.0,22.0,83.0,,,,66.92,44.96,,,290.0,310.0,,,,,54.0,67.0,,,999.0,999.0,,,,,999.0,,,,,,,,,,
2022,1,4,,,,,,,,,,,,,,,,,,,,,,,,,,,,,,,,-999.0,-999.0,,,,,-999.0,,,,,,,,,,
2022,1,6,,,67.0,234.0,224.0,83.0,13.0,,,0.0,,79.0,60.0,93.0,,,,60.08,39.92,,,280.0,280.0,,,,,54.0,67.0,,,9999.0,9999.0,,,,,9999.0,,,,,,,,,,
2022,1,7,,,,,,,,,,,,,,,,,,,,,,,,,,,,,,,,-99.0,-99.0,,,,,-99.0,,,,,,,,,,
2022,1,8,,,,,,,,,,,,,,,,,,,,,,,,,,,,,,,,99.0,99.0,,,,,99.0,,,,,,,,,,
2022,1,9,,,83.0,10149.0,10135.0,106.0,9.0,,,0.0,,78.0,45.0,93.0,,,53.78,64.94,44.06,,,280.0,220.0,,,,,45.0,58.0,,,1.0,-9999.0,,,,,-9999.0,,,,,,,,,,
2022,1,11,,,100.0,146.0,132.0,111.0,24.0,,,0.0,,84.0,72.0,100.0,,,,59.0,50.0,,,140.0,190.0,,,,,58.0,89.0,,,1.0,1.0,,,,,1.0,,,,,,,,,,
2022,1,14,,,83.0,237.0,234.0,106.0,6.0,,,0.0,,75.0,47.0,93.0,,,,69.08,44.06,,,280.0,270.0,,,,,45.0,63.0,,,9999.0,9999.0,,,,,9999.0,,,,,,,,,,
2022,1,15,,,,,,,,,,,,,,,,,,,,,,,,,,,,,,,,-99.0,-99.0,,,,,-99.0,,,,,,,,,,
2022,1,16,,,,,,,,,,,,,,,,,,,,,,,,,,,,,,,,99.0,99.0,,,,,99.0,,,,,,,,,,
2022,1,17,,,28.0,10230.0,10220.0,89.0,10.0,,,0.0,,46.0,21.0,66.0,,,58.28,75.92,46.94,,,320.0,260.0,,,,,40.0,54.0,,,-9999.0,-9999.0,,,,,-9999.0,,,,,,,,,,
2022,1,18,,,,,,,,,,,,,,,,,,,,,,,,,,,,,,,,-9.0,-9.0,,,,,-9.0,,,,,,,,,,
2022,1,19,,,22.0,230.0,217.0,89.0,9.0,,,0.0,,46.0,15.0,72.0,,,,73.94,46.94,,,280.0,320.0,,,,,40.0,49.0,,,999.0,999.0,,,,,999.0,,,,,,,,,,
2022,1,20,,,,,,,,,,,,,,,,,,,,,,,,,,,,,,,,-999.0,-999.0,,,,,-999.0,,,,,,,,,,
2022,1,21,,,,,,,,,,,,,,,,,,,,,,,,,,,,,,,,9.0,,,,,,,,,,,,,,,,
2022,1,22,,,89.0,193.0,186.0,122.0,16.0,,,0.0,,63.0,29.0,93.0,,,,69.98,53.96,,,310.0,290.0,,,,,40.0,67.0,,,1.0,9999.0,,,,,9999.0,,,,,,,,,,
2022,1,23,,,,,,,,,,,,,,,,,,,,,,,,,,,,,,,,,-99.0,,,,,-99.0,,,,,,,,,,
2022,1,24,,,,,,,,,,,,,,,,,,,,,,,,,,,,,,,,,99.0,,,,,99.0,,,,,,,,,,
2022,1,25,,,111.0,10183.0,10173.0,133.0,13.0,,,0.0,,76.0,49.0,93.0,,,62.959999999999994,66.92,55.04,,,160.0,170.0,,,,,31.0,72.0,,,-9999.0,-9999.0,,,,,-9999.0,,,,,,,,,,
2022,1,26,,,,,,,,,,,,,,,,,,,,,,,,,,,,,,,,,-9.0,,,,,-9.0,,,,,,,,,,
2022,1,27,,,122.0,186.0,173.0,139.0,13.0,,,33.0,,81.0,61.0,97.0,,,,66.02,55.04,,,220.0,210.0,,,,,40.0,81.0,,,1.0,999.0,,,,,999.0,,,,,,,,,,
2022,1,28,,,,,,,,,,,,,,,,,,,,,,,,,,,,,,,,,-999.0,,,,,-999.0,,,,,,,,,,
2022,1,29,,,,,,,,,,,,,,,,,,,,,,,,,,,,,,,,9.0,,,,,,,,,,,,,,,,
2022,1,30,,,122.0,213.0,203.0,133.0,18.0,,,0.0,,83.0,70.0,93.0,,,,64.04,51.98,,,280.0,310.0,,,,,67.0,81.0,,,1.0,9999.0,,,,,9999.0,,,,,,,,,,
2022,1,31,,,,,,,,,,,,,,,,,,,,,,,,,,,,,,,,,-99.0,,,,,,,,,,,,,,,
2022,2,1,,,94.0,10125.0,10112.0,117.0,31.0,,,0.0,,74.0,62.0,89.0,,,57.74,62.959999999999994,50.0,,,170.0,150.0,,,,,58.0,107.0,,,-9999.0,,-9999.0,,,,-9999.0,,,,,,,,,,
2022,2,2,,,,,,,,,,,,,,,,,,,,,,,,,,,,,,,,-9.0,,-9.0,,,,-9.0,,,,,,,,,,
2022,2,3,,,39.0,156.0,146.0,89.0,16.0,,,0.0,,59.0,23.0,93.0,,,,66.02,44.96,,,290.0,300.0,,,,,81.0,98.0,,,999.0,,999.0,,,,999.0,,,,,,,,,,
2022,2,4,,,,,,,,,,,,,,,,,,,,,,,,,,,,,,,,-999.0,,-999.0,,,,-999.0,,,,,,,,,,
2022,2,6,,,17.0,264.0,251.0,72.0,13.0,,,0.0,,54.0,18.0,80.0,,,,66.92,39.92,,,270.0,290.0,,,,,58.0,72.0,,,9999.0,,9999.0,,,,9999.0,,,,,,,,,,
2022,2,7,,,,,,,,,,,,,,,,,,,,,,,,,,,,,,,,-99.0,,-99.0,,,,-99.0,,,,,,,,,,
2022,2,8,,,,,,,,,,,,,,,,,,,,,,,,,,,,,,,,99.0,,99.0,,,,99.0,,,,,,,,,,
2022,2,9,,,0.0,10213.0,10203.0,72.0,12.0,,,0.0,,43.0,21.0,72.0,,,54.32,71.96,39.92,,,320.0,320.0,,,,,54.0,72.0,,,-9999.0,,-9999.0,,,,-9999.0,,,,,,,,,,
2022,2,10,,,,,,,,,,,,,,,,,,,,,,,,,,,,,,,,-9.0,,-9.0,,,,-9.0,,,,,,,,,,
2022,2,11,,,-17.0,237.0,224.0,78.0,13.0,,,0.0,,34.0,14.0,58.0,,,,73.94,44.06,,,320.0,320.0,,,,,63.0,85.0,,,999.0,,999.0,,,,999.0,,,,,,,,,,
2022,2,12,,,,,,,,,,,,,,,,,,,,,,,,,,,,,,,,-999.0,,-999.0,,,,-999.0,,,,,,,,,,
2022,2,14,,,17.0,173.0,163.0,94.0,15.0,,,0.0,,38.0,15.0,67.0,,,,84.91999999999999,44.96,,,300.0,300.0,,,,,67.0,85.0,,,9999.0,,9999.0,,,,9999.0,,,,,,,,,,
2022,2,15,,,,,,,,,,,,,,,,,,,,,,,,,,,,,,,,-99.0,,-99.0,,,,-99.0,,,,,,,,,,
2022,2,16,,,,,,,,,,,,,,,,,,,,,,,,,,,,,,,,99.0,,99.0,,,,99.0,,,,,,,,,,
2022,2,17,,,28.0,10163.0,10152.0,106.0,9.0,,,0.0,,40.0,15.0,67.0,,,64.75999999999999,80.96,50.0,,,280.0,210.0,,,,,40.0,67.0,,,-9999.0,,-9999.0,,,,-9999.0,,,,,,,,,,
2022,2,18,,,,,,,,,,,,,,,,,,,,,,,,,,,,,,,,-9.0,,-9.0,,,,,,,,,,,,,,
2022,2,19,,,50.0,190.0,179.0,117.0,12.0,,,0.0,,44.0,12.0,75.0,,,,91.03999999999999,48.92,,,290.0,300.0,,,,,54.0,76.0,,,999.0,,999.0,,,,1.0,,,,,,,,,,
2022,2,20,,,,,,,,,,,,,,,,,,,,,,,,,,,,,,,,-999.0,,-999.0,,,,,,,,,,,,,,
2022,2,21,,,,,,,,,,,,,,,,,,,,,,,,,,,,,,,,,,,,,,9.0,,,,,,,,,,
2022,2,22,,,50.0,176.0,163.0,100.0,14.0,,,0.0,,58.0,17.0,87.0,,,,75.02,46.94,,,280.0,300.0,,,,,63.0,76.0,,,9999.0,,9999.0,,,,1.0,,,,,,,,,,
2022,2,25,,,67.0,10169.0,10163.0,94.0,22.0,,,0.0,,70.0,50.0,90.0,,,53.6,62.059999999999995,46.04,,,170.0,200.0,,,,,58.0,98.0,,,-9999.0,,-9999.0,,,,-9999.0,,,,,,,,,,
2022,2,26,,,,,,,,,,,,,,,,,,,,,,,,,,,,,,,,-9.0,,-9.0,,,,-9.0,,,,,,,,,,
2022,2,27,,,61.0,234.0,224.0,100.0,18.0,,,0.0,,63.0,30.0,90.0,,,,71.06,46.04,,,300.0,320.0,,,,,63.0,85.0,,,999.0,,999.0,,,,999.0,,,,,,,,,,
2022,2,28,,,,,,,,,,,,,,,,,,,,,,,,,,,,,,,,-999.0,,-999.0,,,,-999.0,,,,,,,,,,
2022,2,29,,,,,,,,,,,,,,,,,,,,,,,,,,,,,,,,9.0,,,,,,,,,,,,,,,,
2022,2,30,,,72.0,186.0,176.0,100.0,12.0,,,0.0,,69.0,36.0,93.0,,,,68.0,42.08,,,300.0,320.0,,,,,58.0,76.0,,,1.0,,9999.0,,,,9999.0,,,,,,,,,,
2022,2,31,,,,,,,,,,,,,,,,,,,,,,,,,,,,,,,,,,-99.0,,,,,,,,,,,,,,
2022,3,1,,,11.0,10179.0,10169.0,94.0,16.0,,,0.0,,42.0,15.0,84.0,,,60.440000000000005,75.92,44.96,,,280.0,170.0,,,,,54.0,81.0,,,-9999.0,-9999.0,-9999.0,,,,1.0,,,,,,,,,,
2022,3,2,,,,,,,,,,,,,,,,,,,,,,,,,,,,,,,,,,-9.0,,,,,,,,,,,,,,
2022,3,3,,,72.0,163.0,149.0,117.0,14.0,,,0.0,,60.0,22.0,100.0,,,,78.08,46.04,,,260.0,200.0,,,,,45.0,85.0,,,1.0,1.0,999.0,,,,1.0,,,,,,,,,,
2022,3,4,,,,,,,,,,,,,,,,,,,,,,,,,,,,,,,,,,-999.0,,,,,,,,,,,,,,
2022,3,5,,,,,,,,,,,,,,,,,,,,,,,,,,,,,,,,,,9.0,,,,,,,,,,,,,,
2022,3,6,,,106.0,159.0,149.0,122.0,41.0,,,157.0,,78.0,67.0,93.0,,,,62.959999999999994,53.06,,,270.0,210.0,,,,,81.0,107.0,,,1.0,9999.0,1.0,,,,9999.0,,,,,,,,,,
2022,3,7,,,,,,,,,,,,,,,,,,,,,,,,,,,,,,,,,-99.0,,,,,-99.0,,,,,,,,,,
2022,3,8,,,,,,,,,,,,,,,,,,,,,,,,,,,,,,,,99.0,99.0,99.0,,,,99.0,,,,,,,,,,
2022,3,9,,,56.0,10230.0,10220.0,94.0,23.0,,,0.0,,64.0,49.0,80.0,,,54.68,60.980000000000004,48.92,,,260.0,210.0,,,,,76.0,107.0,,,-9999.0,-9999.0,-9999.0,,,,-9999.0,,,,,,,,,,
2022,3,10,,,,,,,,,,,,,,,,,,,,,,,,,,,,,,,,-9.0,-9.0,-9.0,,,,-9.0,,,,,,,,,,
2022,3,11,,,72.0,224.0,213.0,100.0,18.0,,,0.0,,70.0,46.0,86.0,,,,64.04,44.06,,,300.0,290.0,,,,,72.0,143.0,,,999.0,999.0,999.0,,,,999.0,,,,,,,,,,
2022,3,12,,,,,,,,,,,,,,,,,,,,,,,,,,,,,,,,-999.0,-999.0,-999.0,,,,-999.0,,,,,,,,,,
2022,3,14,,,61.0,159.0,146.0,100.0,24.0,,,0.0,,64.0,37.0,72.0,,,,62.959999999999994,44.06,,,230.0,220.0,,,,,54.0,112.0,,,9999.0,9999.0,9999.0,,,,9999.0,,,,,,,,,,
2022,3,15,,,,,,,,,,,,,,,,,,,,,,,,,,,,,,,,-99.0,-99.0,-99.0,,,,-99.0,,,,,,,,,,
2022,3,16,,,,,,,,,,,,,,,,,,,,,,,,,,,,,,,,99.0,99.0,99.0,,,,99.0,,,,,,,,,,
2022,3,17,,,28.0,10244.0,10234.0,89.0,18.0,,,0.0,,50.0,15.0,90.0,,,57.02,69.08,46.04,,,310.0,310.0,,,,,63.0,81.0,,,-9999.0,-9999.0,-9999.0,,,,-9999.0,,,,,,,,,,
2022,3,18,,,,,,,,,,,,,,,,,,,,,,,,,,,,,,,,-9.0,-9.0,-9.0,,,,-9.0,,,,,,,,,,
2022,3,19,,,28.0,217.0,207.0,94.0,14.0,,,0.0,,51.0,14.0,84.0,,,,71.96,44.06,,,300.0,220.0,,,,,67.0,94.0,,,999.0,999.0,999.0,,,,999.0,,,,,,,,,,
2022,3,20,,,,,,,,,,,,,,,,,,,,,,,,,,,,,,,,-999.0,-999.0,-999.0,,,,-999.0,,,,,,,,,,
2022,3,22,,,106.0,217.0,203.0,128.0,22.0,,,0.0,,75.0,58.0,90.0,,,,66.02,51.98,,,290.0,300.0,,,,,63.0,85.0,,,9999.0,9999.0,9999.0,,,,9999.0,,,,,,,,,,
2022,3,23,,,,,,,,,,,,,,,,,,,,,,,,,,,,,,,,,,-99.0,,,,,,,,,,,,,,
2022,3,24,,,,,,,,,,,,,,,,,,,,,,,,,,,,,,,,,,99.0,,,,,,,,,,,,,,
2022,3,25,,,122.0,10173.0,10163.0,139.0,24.0,,,0.0,,79.0,61.0,90.0,,,60.980000000000004,66.92,55.94,,,270.0,250.0,,,,,58.0,98.0,,,-9999.0,-9999.0,-9999.0,,,,-9999.0,,,,,,,,,,
2022,3,26,,,,,,,,,,,,,,,,,,,,,,,,,,,,,,,,-9.0,-9.0,-9.0,,,,-9.0,,,,,,,,,,
2022,3,27,,,106.0,173.0,163.0,133.0,21.0,,,0.0,,68.0,37.0,93.0,,,,73.94,51.08,,,320.0,330.0,,,,,72.0,103.0,,,999.0,999.0,999.0,,,,999.0,,,,,,,,,,
2022,3,28,,,,,,,,,,,,,,,,,,,,,,,,,,,,,,,,-999.0,-999.0,-999.0,,,,-999.0,,,,,,,,,,
2022,3,29,,,,,,,,,,,,,,,,,,,,,,,,,,,,,,,,9.0,,,,,,,,,,,,,,,,
2022,3,30,,,117.0,166.0,152.0,133.0,23.0,,,15.0,,79.0,63.0,97.0,,,,66.02,55.04,,,310.0,200.0,,,,,67.0,98.0,,,1.0,9999.0,9999.0,,,,9999.0,,,,,,,,,,
2022,3,31,,,,,,,,,,,,,,,,,,,,,,,,,,,,,,,,,-99.0,-99.0,,,,-99.0,,,,,,,,,,
2022,4,1,,,111.0,10132.0,10122.0,133.0,23.0,,,0.0,,71.0,50.0,84.0,,,60.980000000000004,68.0,57.92,,,280.0,210.0,,,,,58.0,116.0,,,-9999.0,-9999.0,,,,,-9999.0,,,,,,,,,,
2022,4,2,,,,,,,,,,,,,,,,,,,,,,,,,,,,,,,,,-9.0,,,,,,,,,,,,,,,
2022,4,3,,,128.0,166.0,156.0,139.0,21.0,,,,,84.0,75.0,93.0,,,,62.059999999999995,57.92,,,260.0,240.0,,,,,54.0,76.0,,,1.0,999.0,,,,,1.0,,,,,,,,,,
2022,4,4,,,,,,,,,,,,,,,,,,,,,,,,,,,,,,,,,-999.0,,,,,,,,,,,,,,,
2022,4,6,,,117.0,139.0,129.0,139.0,28.0,,,0.0,,76.0,66.0,90.0,,,,66.02,55.94,,,300.0,280.0,,,,,72.0,94.0,,,9999.0,9999.0,,,,,9999.0,,,,,,,,,,
2022,4,7,,,,,,,,,,,,,,,,,,,,,,,,,,,,,,,,,-99.0,,,,,,,,,,,,,,,
2022,4,8,,,,,,,,,,,,,,,,,,,,,,,,,,,,,,,,,99.0,,,,,,,,,,,,,,,
2022,4,9,,,144.0,10152.0,10142.0,156.0,16.0,,,0.0,,83.0,68.0,96.0,,,63.14,71.96,55.04,,,210.0,190.0,,,,,54.0,103.0,,,1.0,-9999.0,,,,,1.0,,,,,,,,,,
2022,4,11,,,89.0,159.0,146.0,150.0,20.0,,,0.0,,50.0,16.0,100.0,,,,89.06,55.04,,,320.0,320.0,,,,,58.0,85.0,,,1.0,1.0,,,,,999.0,,,,,,,,,,
2022,4,12,,,,,,,,,,,,,,,,,,,,,,,,,,,,,,,,,,,,,,-999.0,,,,,,,,,,
2022,4,13,,,,,,,,,,,,,,,,,,,,,,,,,,,,,,,,9.0,,,,,,9.0,,,,,,,,,,
2022,4,14,,,128.0,108.0,102.0,150.0,35.0,,,0.0,,74.0,58.0,90.0,,,,69.98,59.0,,,170.0,200.0,,,,,72.0,125.0,,,1.0,9999.0,,,,,1.0,,,,,,,,,,
2022,4,15,,,,,,,,,,,,,,,,,,,,,,,,,,,,,,,,,-99.0,,,,,,,,,,,,,,,
2022,4,16,,,,,,,,,,,,,,,,,,,,,,,,,,,,,,,,99.0,99.0,,,,,,,,,,,,,,,
2022,4,17,,,100.0,10132.0,10122.0,128.0,48.0,,,0.0,,68.0,58.0,78.0,,,61.34,64.94,57.02,,,280.0,250.0,,,,,81.0,112.0,,,-9999.0,-9999.0,,,,,-9999.0,,,,,,,,,,
2022,4,18,,,,,,,,,,,,,,,,,,,,,,,,,,,,,,,,-9.0,-9.0,,,,,-9.0,,,,,,,,,,
2022,4,19,,,61.0,166.0,152.0,106.0,42.0,,,0.0,,56.0,31.0,75.0,,,,66.02,55.04,,,270.0,290.0,,,,,98.0,130.0,,,999.0,999.0,,,,,999.0,,,,,,,,,,
2022,4,20,,,,,,,,,,,,,,,,,,,,,,,,,,,,,,,,-999.0,-999.0,,,,,-999.0,,,,,,,,,,
2022,4,22,,,83.0,163.0,152.0,111.0,22.0,,,0.0,,65.0,56.0,77.0,,,,66.02,48.02,,,270.0,240.0,,,,,58.0,98.0,,,9999.0,9999.0,,,,,9999.0,,,,,,,,,,
2022,4,23,,,,,,,,,,,,,,,,,,,,,,,,,,,,,,,,-99.0,-99.0,,,,,-99.0,,,,,,,,,,
2022,4,24,,,,,,,,,,,,,,,,,,,,,,,,,,,,,,,,99.0,99.0,,,,,99.0,,,,,,,,,,
2022,4,25,,,111.0,10196.0,10190.0,133.0,37.0,,,0.0,,73.0,61.0,84.0,,,61.16,66.02,59.0,,,280.0,320.0,,,,,72.0,94.0,,,-9999.0,-9999.0,,,,,-9999.0,,,,,,,,,,
2022,4,26,,,,,,,,,,,,,,,,,,,,,,,,,,,,,,,,,-9.0,,,,,-9.0,,,,,,,,,,
2022,4,27,,,122.0,193.0,179.0,139.0,37.0,,,,,78.0,65.0,90.0,,,,66.92,57.02,,,290.0,290.0,,,,,81.0,98.0,,,1.0,999.0,,,,,999.0,,,,,,,,,,
2022,4,28,,,,,,,,,,,,,,,,,,,,,,,,,,,,,,,,,-999.0,,,,,-999.0,,,,,,,,,,
2022,4,30,,,122.0,152.0,146.0,144.0,26.0,,,0.0,,78.0,57.0,93.0,,,,69.08,55.94,,,270.0,290.0,,,,,72.0,98.0,,,9999.0,9999.0,,,,,9999.0,,,,,,,,,,
2022,4,31,,,,,,,,,,,,,,,,,,,,,,,,,,,,,,,,-99.0,-99.0,,,,,-99.0,,,,,,,,,,
2022,5,1,,,117.0,10119.0,10108.0,139.0,42.0,,,0.0,,77.0,63.0,90.0,,,61.88,66.02,57.92,,,170.0,170.0,,,,,81.0,125.0,,,-9999.0,,,,,,1.0,,,,,,,,,,
2022,5,2,,,,,,,,,,,,,,,,,,,,,,,,,,,,,,,,-9.0,,,,,,,,,,,,,,,,
2022,5,3,,,106.0,146.0,135.0,133.0,29.0,,,0.0,,68.0,58.0,75.0,,,,64.94,57.92,,,280.0,210.0,,,,,58.0,112.0,,,999.0,,,,,,999.0,,,,,,,,,,
2022,5,4,,,,,,,,,,,,,,,,,,,,,,,,,,,,,,,,-999.0,,,,,,-999.0,,,,,,,,,,
2022,5,6,,,117.0,142.0,135.0,139.0,23.0,,,0.0,,75.0,63.0,87.0,,,,68.0,53.96,,,280.0,280.0,,,,,72.0,89.0,,,9999.0,,,,,,9999.0,,,,,,,,,,
2022,5,9,,,133.0,10152.0,10146.0,150.0,24.0,,,0.0,,79.0,65.0,93.0,,,61.34,66.92,57.92,,,210.0,200.0,,,,,54.0,98.0,,,1.0,,,,,,1.0,,,,,,,,,,
2022,5,11,,,128.0,139.0,125.0,144.0,34.0,,,0.0,,78.0,70.0,84.0,,,,66.02,60.08,,,210.0,200.0,,,,,54.0,107.0,,,999.0,,,,,,999.0,,,,,,,,,,
2022,5,12,,,,,,,,,,,,,,,,,,,,,,,,,,,,,,,,-999.0,,,,,,-999.0,,,,,,,,,,
2022,5,14,,,83.0,152.0,142.0,117.0,37.0,,,0.0,,63.0,54.0,72.0,,,,66.92,55.94,,,280.0,190.0,,,,,81.0,116.0,,,9999.0,,,,,,9999.0,,,,,,,,,,
2022,5,15,,,,,,,,,,,,,,,,,,,,,,,,,,,,,,,,-99.0,,,,,,-99.0,,,,,,,,,,
2022,5,16,,,,,,,,,,,,,,,,,,,,,,,,,,,,,,,,99.0,,,,,,99.0,,,,,,,,,,
2022,5,17,,,72.0,10203.0,10193.0,111.0,36.0,,,0.0,,59.0,46.0,74.0,,,58.82,64.94,53.06,,,280.0,260.0,,,,,81.0,112.0,,,-9999.0,,,,,,-9999.0,,,,,,,,,,
2022,5,18,,,,,,,,,,,,,,,,,,,,,,,,,,,,,,,,-9.0,,,,,,-9.0,,,,,,,,,,
2022,5,19,,,56.0,193.0,179.0,111.0,29.0,,,0.0,,47.0,26.0,67.0,,,,75.02,48.92,,,320.0,320.0,,,,,76.0,112.0,,,999.0,,,,,,999.0,,,,,,,,,,
2022,5,20,,,,,,,,,,,,,,,,,,,,,,,,,,,,,,,,-999.0,,,,,,-999.0,,,,,,,,,,
2022,5,21,,,,,,,,,,,,,,,,,,,,,,,,,,,,,,,,,,,,,,9.0,,,,,,,,,,
2022,5,22,,,78.0,135.0,122.0,139.0,17.0,,,0.0,,46.0,21.0,90.0,,,,80.96,55.04,,,280.0,280.0,,,,,58.0,72.0,,,9999.0,,,,,,1.0,,,,,,,,,,
2022,5,24,,,,,,,,,,,,,,,,,,,,,,,,,,,,,,,,,,,,,,99.0,,,,,,,,,,
2022,5,25,,,122.0,10146.0,10135.0,139.0,32.0,,,0.0,,77.0,68.0,84.0,,,61.16,66.92,57.92,,,280.0,200.0,,,,,54.0,94.0,,,1.0,,,,,,1.0,,,,,,,,,,
2022,5,27,,,111.0,159.0,146.0,133.0,35.0,,,0.0,,75.0,67.0,83.0,,,,64.04,57.02,,,190.0,190.0,,,,,58.0,125.0,,,999.0,,,,,,999.0,,,,,,,,,,
2022,5,28,,,,,,,,,,,,,,,,,,,,,,,,,,,,,,,,-999.0,,,,,,-999.0,,,,,,,,,,
2022,5,29,,,,,,,,,,,,,,,,,,,,,,,,,,,,,,,,9.0,,,,,,9.0,,,,,,,,,,
2022,5,30,,,122.0,129.0,119.0,139.0,33.0,,,,,80.0,73.0,90.0,,,,64.94,57.92,,,190.0,190.0,,,,,58.0,112.0,,,1.0,,,,,,1.0,,,,,,,,,,
2022,6,1,,,133.0,10119.0,10108.0,150.0,25.0,,,0.0,,78.0,68.0,84.0,,,63.32,66.92,60.980000000000004,,,190.0,200.0,,,,,58.0,112.0,,,-9999.0,,,,,,-9999.0,,,,,,,,,,
2022,6,3,,,133.0,112.0,105.0,144.0,25.0,,,0.0,,82.0,70.0,90.0,,,,66.92,59.0,,,220.0,200.0,,,,,58.0,112.0,,,1.0,,,,,,1.0,,,,,,,,,,
2022,6,6,,,133.0,139.0,129.0,150.0,27.0,,,0.0,,77.0,70.0,81.0,,,,68.0,60.980000000000004,,,260.0,200.0,,,,,63.0,107.0,,,9999.0,,,,,,9999.0,,,,,,,,,,
2022,6,7,,,,,,,,,,,,,,,,,,,,,,,,,,,,,,,,-99.0,,,,,,-99.0,,,,,,,,,,
2022,6,8,,,,,,,,,,,,,,,,,,,,,,,,,,,,,,,,99.0,,,,,,99.0,,,,,,,,,,
2022,6,9,,,156.0,10119.0,10105.0,167.0,29.0,,,0.0,,85.0,76.0,96.0,,,65.12,69.98,60.980000000000004,,,220.0,220.0,,,,,54.0,103.0,,,1.0,,,,,,-9999.0,,,,,,,,,,
2022,6,10,,,,,,,,,,,,,,,,,,,,,,,,,,,,,,,,,,,,,,-9.0,,,,,,,,,,
2022,6,11,,,150.0,115.0,102.0,161.0,27.0,,,0.0,,84.0,70.0,100.0,,,,66.92,60.980000000000004,,,230.0,200.0,,,,,58.0,103.0,,,1.0,,,,,,999.0,,,,,,,,,,
2022,6,12,,,,,,,,,,,,,,,,,,,,,,,,,,,,,,,,,,,,,,-999.0,,,,,,,,,,
2022,6,13,,,,,,,,,,,,,,,,,,,,,,,,,,,,,,,,,,,,,,9.0,,,,,,,,,,
2022,6,14,,,156.0,108.0,102.0,161.0,24.0,,,,,87.0,76.0,97.0,,,,69.08,60.980000000000004,,,210.0,190.0,,,,,54.0,116.0,,,1.0,,,,,,1.0,,,,,,,,,,
2022,6,17,,,156.0,10132.0,10119.0,172.0,25.0,,,0.0,,83.0,71.0,96.0,,,65.84,71.06,62.059999999999995,,,280.0,220.0,,,,,58.0,76.0,,,1.0,,,,,,-9999.0,,,,,,,,,,
2022,6,18,,,,,,,,,,,,,,,,,,,,,,,,,,,,,,,,,,,,,,-9.0,,,,,,,,,,
2022,6,19,,,150.0,119.0,108.0,161.0,20.0,,,0.0,,83.0,73.0,93.0,,,,68.0,62.059999999999995,,,190.0,190.0,,,,,58.0,107.0,,,999.0,,,,,,999.0,,,,,,,,,,
2022,6,22,,,139.0,119.0,105.0,156.0,30.0,,,0.0,,76.0,66.0,84.0,,,,69.08,62.059999999999995,,,190.0,200.0,,,,,54.0,107.0,,,9999.0,,,,,,9999.0,,,,,,,,,,
2022,6,25,,,139.0,10102.0,10091.0,156.0,26.0,,,0.0,,78.0,68.0,90.0,,,64.22,69.08,62.059999999999995,,,250.0,210.0,,,,,58.0,103.0,,,-9999.0,,,,,,-9999.0,,,,,,,,,,
2022,6,26,,,,,,,,,,,,,,,,,,,,,,,,,,,,,,,,-9.0,,,,,,-9.0,,,,,,,,,,
2022,6,27,,,128.0,115.0,102.0,150.0,26.0,,,0.0,,72.0,63.0,80.0,,,,68.0,62.059999999999995,,,210.0,200.0,,,,,58.0,107.0,,,999.0,,,,,,999.0,,,,,,,,,,
2022,6,28,,,,,,,,,,,,,,,,,,,,,,,,,,,,,,,,-999.0,,,,,,-999.0,,,,,,,,,,
2022,6,30,,,128.0,146.0,135.0,150.0,21.0,,,0.0,,70.0,57.0,84.0,,,,71.96,55.94,,,310.0,320.0,,,,,67.0,94.0,,,9999.0,,,,,,9999.0,,,,,,,,,,
2022,6,31,,,,,,,,,,,,,,,,,,,,,,,,,,,,,,,,-99.0,,,,,,-99.0,,,,,,,,,,
2022,7,1,,,167.0,10152.0,10142.0,183.0,29.0,,,0.0,,77.0,68.0,87.0,,,69.08,73.04,66.02,,,270.0,250.0,,,,,58.0,89.0,,,-9999.0,,-9999.0,,,,-9999.0,,,,,,,,,,
2022,7,2,,,,,,,,,,,,,,,,,,,,,,,,,,,,,,,,-9.0,,-9.0,,,,,,,,,,,,,,
2022,7,3,,,156.0,142.0,129.0,172.0,28.0,,,0.0,,75.0,66.0,87.0,,,,71.96,64.94,,,280.0,240.0,,,,,63.0,89.0,,,999.0,,999.0,,,,1.0,,,,,,,,,,
2022,7,4,,,,,,,,,,,,,,,,,,,,,,,,,,,,,,,,-999.0,,-999.0,,,,,,,,,,,,,,
2022,7,6,,,133.0,146.0,135.0,156.0,27.0,,,0.0,,71.0,65.0,78.0,,,,69.08,64.04,,,230.0,220.0,,,,,54.0,107.0,,,9999.0,,9999.0,,,,9999.0,,,,,,,,,,
2022,7,7,,,,,,,,,,,,,,,,,,,,,,,,,,,,,,,,-99.0,,-99.0,,,,-99.0,,,,,,,,,,
2022,7,8,,,,,,,,,,,,,,,,,,,,,,,,,,,,,,,,99.0,,99.0,,,,99.0,,,,,,,,,,
2022,7,9,,,161.0,10146.0,10135.0,178.0,32.0,,,0.0,,78.0,68.0,84.0,,,69.08,73.04,66.02,,,280.0,290.0,,,,,67.0,89.0,,,-9999.0,,-9999.0,,,,-9999.0,,,,,,,,,,
2022,7,10,,,,,,,,,,,,,,,,,,,,,,,,,,,,,,,,-9.0,,-9.0,,,,-9.0,,,,,,,,,,
2022,7,11,,,161.0,152.0,142.0,178.0,26.0,,,0.0,,80.0,73.0,84.0,,,,71.06,64.94,,,190.0,190.0,,,,,45.0,98.0,,,999.0,,999.0,,,,999.0,,,,,,,,,,
2022,7,12,,,,,,,,,,,,,,,,,,,,,,,,,,,,,,,,-999.0,,-999.0,,,,-999.0,,,,,,,,,,
2022,7,14,,,161.0,183.0,173.0,178.0,32.0,,,0.0,,78.0,68.0,87.0,,,,71.96,64.04,,,290.0,290.0,,,,,72.0,94.0,,,9999.0,,9999.0,,,,9999.0,,,,,,,,,,
2022,7,15,,,,,,,,,,,,,,,,,,,,,,,,,,,,,,,,-99.0,,-99.0,,,,-99.0,,,,,,,,,,
2022,7,16,,,,,,,,,,,,,,,,,,,,,,,,,,,,,,,,99.0,,99.0,,,,99.0,,,,,,,,,,
2022,7,17,,,156.0,10142.0,10132.0,172.0,29.0,,,0.0,,82.0,71.0,90.0,,,67.1,69.98,64.04,,,280.0,280.0,,,,,63.0,81.0,,,-9999.0,,-9999.0,,,,1.0,,,,,,,,,,
2022,7,18,,,,,,,,,,,,,,,,,,,,,,,,,,,,,,,,-9.0,,-9.0,,,,,,,,,,,,,,
2022,7,19,,,144.0,139.0,129.0,161.0,29.0,,,0.0,,77.0,66.0,87.0,,,,71.06,62.959999999999994,,,280.0,290.0,,,,,63.0,85.0,,,999.0,,999.0,,,,999.0,,,,,,,,,,
2022,7,20,,,,,,,,,,,,,,,,,,,,,,,,,,,,,,,,-999.0,,-999.0,,,,-999.0,,,,,,,,,,
2022,7,22,,,156.0,146.0,132.0,167.0,28.0,,,0.0,,79.0,68.0,84.0,,,,71.06,64.04,,,260.0,230.0,,,,,54.0,89.0,,,9999.0,,9999.0,,,,9999.0,,,,,,,,,,
2022,7,23,,,,,,,,,,,,,,,,,,,,,,,,,,,,,,,,-99.0,,-99.0,,,,-99.0,,,,,,,,,,
2022,7,24,,,,,,,,,,,,,,,,,,,,,,,,,,,,,,,,99.0,,99.0,,,,99.0,,,,,,,,,,
2022,7,25,,,172.0,10129.0,10119.0,178.0,24.0,,,0.0,,88.0,76.0,96.0,,,66.02,71.06,64.04,,,220.0,210.0,,,,,45.0,89.0,,,1.0,,-9999.0,,,,-9999.0,,,,,,,,,,
2022,7,26,,,,,,,,,,,,,,,,,,,,,,,,,,,,,,,,,,,,,,-9.0,,,,,,,,,,
2022,7,27,,,172.0,119.0,108.0,178.0,26.0,,,0.0,,89.0,79.0,100.0,,,,71.06,62.959999999999994,,,160.0,200.0,,,,,58.0,103.0,,,1.0,,1.0,,,,999.0,,,,,,,,,,
2022,7,30,,,178.0,156.0,146.0,194.0,26.0,,,0.0,,77.0,64.0,87.0,,,,78.08,66.92,,,280.0,300.0,,,,,63.0,85.0,,,1.0,,9999.0,,,,1.0,,,,,,,,,,
2022,7,31,,,,,,,,,,,,,,,,,,,,,,,,,,,,,,,,,,-99.0,,,,,,,,,,,,,,
2022,8,1,,,183.0,10159.0,10149.0,200.0,29.0,,,0.0,,75.0,60.0,87.0,,,73.75999999999999,80.06,69.98,,,280.0,260.0,,,,,63.0,85.0,,,-9999.0,,,,,,-9999.0,,,,,,,,,,
2022,8,2,,,,,,,,,,,,,,,,,,,,,,,,,,,,,,,,-9.0,,,,,,-9.0,,,,,,,,,,
2022,8,3,,,183.0,159.0,146.0,206.0,33.0,,,0.0,,75.0,62.0,87.0,,,,78.98,69.98,,,280.0,310.0,,,,,72.0,94.0,,,999.0,,,,,,999.0,,,,,,,,,,
2022,8,4,,,,,,,,,,,,,,,,,,,,,,,,,,,,,,,,-999.0,,,,,,-999.0,,,,,,,,,,
2022,8,5,,,,,,,,,,,,,,,,,,,,,,,,,,,,,,,,,,,,,,9.0,,,,,,,,,,
2022,8,6,,,178.0,135.0,125.0,194.0,24.0,,,0.0,,77.0,64.0,84.0,,,,78.98,68.0,,,270.0,290.0,,,,,63.0,76.0,,,9999.0,,,,,,1.0,,,,,,,,,,
2022,8,7,,,,,,,,,,,,,,,,,,,,,,,,,,,,,,,,-99.0,,,,,,,,,,,,,,,,
2022,8,8,,,,,,,,,,,,,,,,,,,,,,,,,,,,,,,,99.0,,,,,,99.0,,,,,,,,,,
2022,8,9,,,183.0,10129.0,10119.0,200.0,34.0,,,0.0,,78.0,64.0,87.0,,,72.86,78.08,69.08,,,290.0,300.0,,,,,76.0,98.0,,,-9999.0,,,,,,-9999.0,,,,,,,,,,
2022,8,10,,,,,,,,,,,,,,,,,,,,,,,,,,,,,,,,-9.0,,,,,,-9.0,,,,,,,,,,
2022,8,11,,,183.0,132.0,119.0,200.0,20.0,,,0.0,,76.0,62.0,87.0,,,,78.98,66.92,,,280.0,260.0,,,,,45.0,72.0,,,999.0,,,,,,999.0,,,,,,,,,,
2022,8,12,,,,,,,,,,,,,,,,,,,,,,,,,,,,,,,,-999.0,,,,,,-999.0,,,,,,,,,,
2022,8,14,,,194.0,139.0,129.0,211.0,20.0,,,0.0,,72.0,44.0,87.0,,,,84.91999999999999,69.98,,,280.0,220.0,,,,,54.0,85.0,,,9999.0,,,,,,9999.0,,,,,,,,,,
2022,8,15,,,,,,,,,,,,,,,,,,,,,,,,,,,,,,,,-99.0,,,,,,-99.0,,,,,,,,,,
2022,8,16,,,,,,,,,,,,,,,,,,,,,,,,,,,,,,,,99.0,,,,,,99.0,,,,,,,,,,
2022,8,17,,,189.0,10152.0,10142.0,206.0,32.0,,,0.0,,75.0,53.0,94.0,,,75.38,82.94,69.08,,,280.0,280.0,,,,,76.0,98.0,,,1.0,,,,,,-9999.0,,,,,,,,,,
2022,8,18,,,,,,,,,,,,,,,,,,,,,,,,,,,,,,,,,,,,,,-9.0,,,,,,,,,,
2022,8,19,,,189.0,135.0,129.0,206.0,23.0,,,0.0,,75.0,57.0,90.0,,,,82.04,69.08,,,280.0,270.0,,,,,67.0,85.0,,,999.0,,,,,,999.0,,,,,,,,,,
2022,8,20,,,,,,,,,,,,,,,,,,,,,,,,,,,,,,,,-999.0,,,,,,-999.0,,,,,,,,,,
2022,8,22,,,189.0,129.0,119.0,206.0,22.0,,,0.0,,76.0,62.0,87.0,,,,80.96,69.98,,,210.0,200.0,,,,,54.0,98.0,,,9999.0,,,,,,9999.0,,,,,,,,,,
2022,8,23,,,,,,,,,,,,,,,,,,,,,,,,,,,,,,,,-99.0,,,,,,,,,,,,,,,,
2022,8,24,,,,,,,,,,,,,,,,,,,,,,,,,,,,,,,,99.0,,,,,,,,,,,,,,,,
2022,8,25,,,189.0,10102.0,10091.0,206.0,21.0,,,0.0,,77.0,65.0,87.0,,,73.58,80.06,69.08,,,280.0,210.0,,,,,58.0,98.0,,,1.0,,,,,,1.0,,,,,,,,,,
2022,8,27,,,189.0,125.0,115.0,206.0,22.0,,,0.0,,76.0,64.0,90.0,,,,80.96,69.08,,,280.0,290.0,,,,,63.0,76.0,,,1.0,,,,,,999.0,,,,,,,,,,
2022,8,28,,,,,,,,,,,,,,,,,,,,,,,,,,,,,,,,,,,,,,-999.0,,,,,,,,,,
2022,8,30,,,167.0,102.0,88.0,189.0,27.0,,,0.0,,74.0,62.0,81.0,,,,77.0,68.0,,,220.0,200.0,,,,,58.0,107.0,,,9999.0,,,,,,9999.0,,,,,,,,,,
2022,8,31,,,,,,,,,,,,,,,,,,,,,,,,,,,,,,,,-99.0,,,,,,-99.0,,,,,,,,,,
2022,9,1,,,189.0,10078.0,10068.0,211.0,24.0,,,0.0,,73.0,55.0,90.0,,,77.18,84.91999999999999,69.98,,,160.0,180.0,,,,,45.0,98.0,,,1.0,-9999.0,,,,,1.0,,,,,,,,,,
2022,9,2,,,,,,,,,,,,,,,,,,,,,,,,,,,,,,,,,-9.0,,,,,,,,,,,,,,,
2022,9,3,,,200.0,88.0,75.0,217.0,19.0,,,0.0,,70.0,46.0,87.0,,,,89.06,71.96,,,270.0,200.0,,,,,54.0,94.0,,,999.0,999.0,,,,,999.0,,,,,,,,,,
2022,9,4,,,,,,,,,,,,,,,,,,,,,,,,,,,,,,,,-999.0,-999.0,,,,,,,,,,,,,,,
2022,9,6,,,206.0,102.0,91.0,233.0,29.0,,,,,61.0,45.0,74.0,,,,91.03999999999999,78.08,,,200.0,170.0,,,,,76.0,107.0,,,9999.0,9999.0,,,,,9999.0,,,,,,,,,,
2022,9,7,,,,,,,,,,,,,,,,,,,,,,,,,,,,,,,,-99.0,-99.0,,,,,-99.0,,,,,,,,,,
2022,9,8,,,,,,,,,,,,,,,,,,,,,,,,,,,,,,,,99.0,99.0,,,,,99.0,,,,,,,,,,
2022,9,9,,,194.0,10105.0,10095.0,217.0,17.0,,,0.0,,71.0,40.0,84.0,,,78.44,86.0,73.04,,,220.0,210.0,,,,,45.0,89.0,,,-9999.0,-9999.0,,,,,-9999.0,,,,,,,,,,
2022,9,10,,,,,,,,,,,,,,,,,,,,,,,,,,,,,,,,,-9.0,,,,,-9.0,,,,,,,,,,
2022,9,11,,,217.0,129.0,119.0,233.0,19.0,,,0.0,,74.0,52.0,91.0,,,,89.06,73.04,,,270.0,180.0,,,,,54.0,72.0,,,1.0,999.0,,,,,999.0,,,,,,,,,,
2022,9,12,,,,,,,,,,,,,,,,,,,,,,,,,,,,,,,,,-999.0,,,,,,,,,,,,,,,
2022,9,14,,,206.0,14.0,7.0,222.0,26.0,,,160.0,,75.0,45.0,90.0,,,,89.06,69.98,,,190.0,10.0,,,,,63.0,103.0,,,1.0,9999.0,,,,,9999.0,,,,,,,,,,
2022,9,15,,,,,,,,,,,,,,,,,,,,,,,,,,,,,,,,,-99.0,,,,,-99.0,,,,,,,,,,
2022,9,16,,,,,,,,,,,,,,,,,,,,,,,,,,,,,,,,99.0,99.0,,,,,99.0,,,,,,,,,,
2022,9,17,,,206.0,10152.0,10142.0,222.0,22.0,,,0.0,,74.0,63.0,85.0,,,77.36,84.02,73.94,,,270.0,210.0,,,,,63.0,89.0,,,-9999.0,-9999.0,,,,,-9999.0,,,,,,,,,,
2022,9,18,,,,,,,,,,,,,,,,,,,,,,,,,,,,,,,,-9.0,-9.0,,,,,-9.0,,,,,,,,,,
2022,9,19,,,206.0,139.0,129.0,222.0,26.0,,,,,80.0,67.0,85.0,,,,80.96,73.04,,,290.0,280.0,,,,,72.0,85.0,,,999.0,999.0,,,,,999.0,,,,,,,,,,
2022,9,20,,,,,,,,,,,,,,,,,,,,,,,,,,,,,,,,-999.0,-999.0,,,,,-999.0,,,,,,,,,,
2022,9,22,,,167.0,129.0,119.0,183.0,21.0,,,0.0,,74.0,64.0,79.0,,,,75.92,69.08,,,210.0,190.0,,,,,45.0,107.0,,,9999.0,9999.0,,,,,9999.0,,,,,,,,,,
2022,9,23,,,,,,,,,,,,,,,,,,,,,,,,,,,,,,,,-99.0,-99.0,,,,,-99.0,,,,,,,,,,
2022,9,24,,,,,,,,,,,,,,,,,,,,,,,,,,,,,,,,99.0,99.0,,,,,99.0,,,,,,,,,,
2022,9,25,,,156.0,10129.0,10119.0,178.0,22.0,,,0.0,,71.0,60.0,81.0,,,70.16,75.92,66.02,,,260.0,200.0,,,,,58.0,89.0,,,-9999.0,-9999.0,,,,,-9999.0,,,,,,,,,,
2022,9,26,,,,,,,,,,,,,,,,,,,,,,,,,,,,,,,,-9.0,-9.0,,,,,-9.0,,,,,,,,,,
2022,9,27,,,150.0,102.0,91.0,178.0,24.0,,,0.0,,69.0,60.0,81.0,,,,75.02,66.02,,,240.0,180.0,,,,,54.0,98.0,,,999.0,999.0,,,,,999.0,,,,,,,,,,
2022,9,28,,,,,,,,,,,,,,,,,,,,,,,,,,,,,,,,-999.0,-999.0,,,,,-999.0,,,,,,,,,,
2022,9,29,,,,,,,,,,,,,,,,,,,,,,,,,,,,,,,,,,,,,,9.0,,,,,,,,,,
2022,9,30,,,150.0,115.0,105.0,172.0,28.0,,,0.0,,69.0,54.0,84.0,,,,75.92,64.94,,,280.0,270.0,,,,,72.0,94.0,,,9999.0,9999.0,,,,,1.0,,,,,,,,,,
2022,9,31,,,,,,,,,,,,,,,,,,,,,,,,,,,,,,,,-99.0,-99.0,,,,,,,,,,,,,,,
2022,10,1,,,189.0,10078.0,10112.0,211.0,22.0,,,0.0,,73.0,55.0,90.0,,,68.54,73.04,66.02,,,270.0,290.0,,,,,54.0,81.0,,,-9999.0,,-9999.0,,,,-9999.0,,,,,,,,,,
2022,10,2,,,,,,,,,,,,,,,,,,,,,,,,,,,,,,,,-9.0,,-9.0,,,,-9.0,,,,,,,,,,
2022,10,3,,,200.0,88.0,129.0,217.0,27.0,,,0.0,,70.0,46.0,87.0,,,,73.94,68.0,,,280.0,280.0,,,,,72.0,94.0,,,999.0,,999.0,,,,999.0,,,,,,,,,,
2022,10,4,,,,,,,,,,,,,,,,,,,,,,,,,,,,,,,,-999.0,,-999.0,,,,-999.0,,,,,,,,,,
2022,10,6,,,206.0,102.0,129.0,233.0,18.0,,,0.0,,61.0,45.0,74.0,,,,73.94,66.02,,,210.0,210.0,,,,,54.0,98.0,,,9999.0,,9999.0,,,,9999.0,,,,,,,,,,
2022,10,7,,,,,,,,,,,,,,,,,,,,,,,,,,,,,,,,,,-99.0,,,,,,,,,,,,,,
2022,10,8,,,,,,,,,,,,,,,,,,,,,,,,,,,,,,,,,,99.0,,,,,,,,,,,,,,
2022,10,9,,,167.0,10169.0,10156.0,178.0,19.0,,,0.0,,82.0,73.0,93.0,,,66.92,69.98,64.94,,,220.0,210.0,,,,,45.0,98.0,,,1.0,,-9999.0,,,,1.0,,,,,,,,,,
2022,10,10,,,,,,,,,,,,,,,,,,,,,,,,,,,,,,,,,,-9.0,,,,,,,,,,,,,,
2022,10,11,,,172.0,173.0,163.0,183.0,20.0,,,0.0,,78.0,69.0,87.0,,,,75.02,64.94,,,280.0,240.0,,,,,54.0,81.0,,,999.0,,999.0,,,,1.0,,,,,,,,,,
2022,10,12,,,,,,,,,,,,,,,,,,,,,,,,,,,,,,,,-999.0,,-999.0,,,,,,,,,,,,,,
2022,10,13,,,,,,,,,,,,,,,,,,,,,,,,,,,,,,,,9.0,,,,,,,,,,,,,,,,
2022,10,14,,,172.0,166.0,152.0,183.0,19.0,,,0.0,,80.0,69.0,91.0,,,,75.92,66.92,,,280.0,280.0,,,,,63.0,85.0,,,1.0,,9999.0,,,,1.0,,,,,,,,,,
2022,10,15,,,,,,,,,,,,,,,,,,,,,,,,,,,,,,,,,,-99.0,,,,,,,,,,,,,,
2022,10,16,,,,,,,,,,,,,,,,,,,,,,,,,,,,,,,,99.0,,99.0,,,,99.0,,,,,,,,,,
2022,10,17,,,150.0,10159.0,10152.0,172.0,21.0,,,3.0,,71.0,61.0,84.0,,,68.9,73.04,66.92,,,270.0,230.0,,,,,58.0,81.0,,,-9999.0,,1.0,,,,-9999.0,,,,,,,,,,
2022,10,18,,,,,,,,,,,,,,,,,,,,,,,,,,,,,,,,-9.0,,,,,,-9.0,,,,,,,,,,
2022,10,19,,,167.0,179.0,169.0,183.0,26.0,,,0.0,,78.0,71.0,84.0,,,,73.94,68.0,,,280.0,280.0,,,,,67.0,89.0,,,999.0,,999.0,,,,999.0,,,,,,,,,,
2022,10,20,,,,,,,,,,,,,,,,,,,,,,,,,,,,,,,,,,-999.0,,,,,,,,,,,,,,
2022,10,22,,,150.0,119.0,108.0,172.0,19.0,,,0.0,,77.0,70.0,87.0,,,,69.08,64.94,,,250.0,200.0,,,,,40.0,89.0,,,9999.0,,9999.0,,,,9999.0,,,,,,,,,,
2022,10,23,,,,,,,,,,,,,,,,,,,,,,,,,,,,,,,,,,,,,,-99.0,,,,,,,,,,
2022,10,24,,,,,,,,,,,,,,,,,,,,,,,,,,,,,,,,,,,,,,99.0,,,,,,,,,,
2022,10,25,,,161.0,10163.0,10152.0,178.0,27.0,,,0.0,,77.0,64.0,90.0,,,68.0,73.94,64.94,,,300.0,320.0,,,,,67.0,98.0,,,-9999.0,,-9999.0,,,,-9999.0,,,,,,,,,,
2022,10,26,,,,,,,,,,,,,,,,,,,,,,,,,,,,,,,,-9.0,,-9.0,,,,-9.0,,,,,,,,,,
2022,10,27,,,161.0,159.0,146.0,178.0,21.0,,,0.0,,80.0,66.0,90.0,,,,73.94,60.980000000000004,,,280.0,280.0,,,,,72.0,89.0,,,999.0,,999.0,,,,999.0,,,,,,,,,,
2022,10,28,,,,,,,,,,,,,,,,,,,,,,,,,,,,,,,,-999.0,,-999.0,,,,-999.0,,,,,,,,,,
2022,10,30,,,111.0,146.0,135.0,167.0,19.0,,,0.0,,44.0,21.0,71.0,,,,95.0,62.059999999999995,,,280.0,220.0,,,,,63.0,72.0,,,9999.0,,9999.0,,,,9999.0,,,,,,,,,,
2022,10,31,,,,,,,,,,,,,,,,,,,,,,,,,,,,,,,,,,-99.0,,,,,,,,,,,,,,
2022,11,1,,,128.0,10142.0,10135.0,156.0,29.0,,,0.0,,71.0,58.0,90.0,,,66.74000000000001,69.08,62.959999999999994,,,220.0,220.0,,,,,58.0,103.0,,,1.0,,,,,,-9999.0,,,,,,,,,,
2022,11,2,,,,,,,,,,,,,,,,,,,,,,,,,,,,,,,,,,,,,,-9.0,,,,,,,,,,
2022,11,3,,,100.0,176.0,169.0,133.0,46.0,,,18.0,,62.0,52.0,87.0,,,,66.92,60.08,,,280.0,210.0,,,,,81.0,121.0,,,1.0,,,,,,999.0,,,,,,,,,,
2022,11,4,,,,,,,,,,,,,,,,,,,,,,,,,,,,,,,,,,,,,,-999.0,,,,,,,,,,
2022,11,6,,,50.0,237.0,230.0,100.0,17.0,,,0.0,,55.0,24.0,72.0,,,,69.08,46.94,,,280.0,290.0,,,,,67.0,81.0,,,9999.0,,,,,,9999.0,,,,,,,,,,
2022,11,7,,,,,,,,,,,,,,,,,,,,,,,,,,,,,,,,-99.0,,,,,,-99.0,,,,,,,,,,
2022,11,8,,,,,,,,,,,,,,,,,,,,,,,,,,,,,,,,99.0,,,,,,99.0,,,,,,,,,,
2022,11,9,,,106.0,10139.0,10129.0,128.0,17.0,,,0.0,,71.0,65.0,80.0,,,59.18,66.92,51.08,,,210.0,230.0,,,,,45.0,85.0,,,-9999.0,,,,,,-9999.0,,,,,,,,,,
2022,11,11,,,139.0,156.0,146.0,156.0,28.0,,,25.0,,81.0,73.0,87.0,,,,66.92,60.08,,,200.0,190.0,,,,,54.0,98.0,,,1.0,,,,,,1.0,,,,,,,,,,
2022,11,13,,,,,,,,,,,,,,,,,,,,,,,,,,,,,,,,,,,,,,9.0,,,,,,,,,,
2022,11,14,,,89.0,186.0,179.0,117.0,35.0,,,15.0,,67.0,54.0,90.0,,,,69.98,51.08,,,280.0,270.0,,,,,72.0,116.0,,,9999.0,,,,,,1.0,,,,,,,,,,
2022,11,15,,,,,,,,,,,,,,,,,,,,,,,,,,,,,,,,-99.0,,,,,,,,,,,,,,,,
2022,11,16,,,,,,,,,,,,,,,,,,,,,,,,,,,,,,,,99.0,,,,,,99.0,,,,,,,,,,
2022,11,17,,,50.0,10179.0,10169.0,94.0,11.0,,,0.0,,59.0,26.0,83.0,,,56.3,69.08,44.96,,,320.0,350.0,,,,,63.0,81.0,,,-9999.0,,,,,,-9999.0,,,,,,,,,,
2022,11,18,,,,,,,,,,,,,,,,,,,,,,,,,,,,,,,,-9.0,,,,,,-9.0,,,,,,,,,,
2022,11,19,,,56.0,176.0,166.0,94.0,11.0,,,0.0,,61.0,29.0,83.0,,,,66.92,44.96,,,280.0,200.0,,,,,45.0,81.0,,,999.0,,,,,,999.0,,,,,,,,,,
2022,11,20,,,,,,,,,,,,,,,,,,,,,,,,,,,,,,,,-999.0,,,,,,-999.0,,,,,,,,,,
2022,11,22,,,61.0,196.0,190.0,100.0,15.0,,,0.0,,61.0,32.0,83.0,,,,68.0,46.94,,,320.0,320.0,,,,,54.0,76.0,,,9999.0,,,,,,9999.0,,,,,,,,,,
2022,11,23,,,,,,,,,,,,,,,,,,,,,,,,,,,,,,,,-99.0,,,,,,,,,,,,,,,,
2022,11,24,,,,,,,,,,,,,,,,,,,,,,,,,,,,,,,,99.0,,,,,,,,,,,,,,,,
2022,11,25,,,44.0,10227.0,10217.0,100.0,11.0,,,0.0,,57.0,12.0,93.0,,,57.92,75.92,44.96,,,270.0,210.0,,,,,63.0,98.0,,,-9999.0,,,,,,-9999.0,,,,,,,,,,
2022,11,26,,,,,,,,,,,,,,,,,,,,,,,,,,,,,,,,-9.0,,,,,,,,,,,,,,,,
2022,11,27,,,28.0,207.0,196.0,89.0,13.0,,,0.0,,49.0,14.0,68.0,,,,71.06,42.08,,,320.0,330.0,,,,,63.0,81.0,,,999.0,,,,,,1.0,,,,,,,,,,
2022,11,28,,,,,,,,,,,,,,,,,,,,,,,,,,,,,,,,-999.0,,,,,,,,,,,,,,,,
2022,11,29,,,,,,,,,,,,,,,,,,,,,,,,,,,,,,,,9.0,,,,,,9.0,,,,,,,,,,
2022,11,30,,,50.0,176.0,163.0,100.0,13.0,,,0.0,,59.0,19.0,93.0,,,,73.94,46.94,,,320.0,170.0,,,,,45.0,63.0,,,1.0,,,,,,1.0,,,,,,,,,,
2022,12,1,,,61.0,10183.0,10169.0,106.0,22.0,,,0.0,,56.0,44.0,62.0,,,58.28,62.059999999999995,55.94,,,270.0,250.0,,,,,54.0,89.0,,,-9999.0,-9999.0,,,,,-9999.0,,,,,,,,,,
2022,12,2,,,,,,,,,,,,,,,,,,,,,,,,,,,,,,,,-9.0,-9.0,,,,,-9.0,,,,,,,,,,
2022,12,3,,,78.0,196.0,186.0,117.0,22.0,,,0.0,,64.0,44.0,83.0,,,,69.08,51.08,,,290.0,240.0,,,,,58.0,81.0,,,999.0,999.0,,,,,999.0,,,,,,,,,,
2022,12,4,,,,,,,,,,,,,,,,,,,,,,,,,,,,,,,,,-999.0,,,,,-999.0,,,,,,,,,,
2022,12,6,,,122.0,196.0,186.0,133.0,13.0,,,0.0,,82.0,70.0,93.0,,,,64.94,50.0,,,280.0,300.0,,,,,63.0,81.0,,,1.0,9999.0,,,,,9999.0,,,,,,,,,,
2022,12,7,,,,,,,,,,,,,,,,,,,,,,,,,,,,,,,,,-99.0,,,,,,,,,,,,,,,
2022,12,8,,,,,,,,,,,,,,,,,,,,,,,,,,,,,,,,,99.0,,,,,,,,,,,,,,,
2022,12,9,,,89.0,10183.0,10173.0,111.0,21.0,,,0.0,,70.0,56.0,87.0,,,57.74,62.959999999999994,51.98,,,260.0,260.0,,,,,54.0,76.0,,,-9999.0,-9999.0,,,,,-9999.0,,,,,,,,,,
2022,12,10,,,,,,,,,,,,,,,,,,,,,,,,,,,,,,,,-9.0,-9.0,,,,,-9.0,,,,,,,,,,
2022,12,11,,,78.0,230.0,224.0,106.0,17.0,,,0.0,,70.0,52.0,83.0,,,,62.959999999999994,50.0,,,270.0,240.0,,,,,58.0,98.0,,,999.0,999.0,,,,,999.0,,,,,,,,,,
2022,12,12,,,,,,,,,,,,,,,,,,,,,,,,,,,,,,,,-999.0,-999.0,,,,,-999.0,,,,,,,,,,
2022,12,14,,,67.0,213.0,203.0,89.0,13.0,,,0.0,,73.0,60.0,86.0,,,,62.059999999999995,42.980000000000004,,,280.0,290.0,,,,,54.0,72.0,,,9999.0,9999.0,,,,,9999.0,,,,,,,,,,
2022,12,15,,,,,,,,,,,,,,,,,,,,,,,,,,,,,,,,-99.0,-99.0,,,,,-99.0,,,,,,,,,,
2022,12,16,,,,,,,,,,,,,,,,,,,,,,,,,,,,,,,,99.0,99.0,,,,,99.0,,,,,,,,,,
2022,12,17,,,89.0,10156.0,10146.0,111.0,40.0,,,114.0,,75.0,64.0,93.0,,,55.58,60.980000000000004,51.08,,,170.0,170.0,,,,,103.0,157.0,,,1.0,-9999.0,,,,,-9999.0,,,,,,,,,,
2022,12,18,,,,,,,,,,,,,,,,,,,,,,,,,,,,,,,,,-9.0,,,,,,,,,,,,,,,
2022,12,19,,,67.0,139.0,129.0,89.0,18.0,,,119.0,,79.0,67.0,86.0,,,,55.94,46.04,,,230.0,260.0,,,,,81.0,107.0,,,1.0,999.0,,,,,1.0,,,,,,,,,,
2022,12,20,,,,,,,,,,,,,,,,,,,,,,,,,,,,,,,,,-999.0,,,,,,,,,,,,,,,
2022,12,22,,,50.0,217.0,207.0,83.0,14.0,,,0.0,,69.0,42.0,86.0,,,,62.059999999999995,41.0,,,290.0,300.0,,,,,58.0,81.0,,,9999.0,9999.0,,,,,9999.0,,,,,,,,,,
2022,12,23,,,,,,,,,,,,,,,,,,,,,,,,,,,,,,,,,-99.0,,,,,,,,,,,,,,,
2022,12,24,,,,,,,,,,,,,,,,,,,,,,,,,,,,,,,,,99.0,,,,,,,,,,,,,,,
2022,12,25,,,44.0,10190.0,10179.0,89.0,13.0,,,0.0,,58.0,26.0,90.0,,,56.120000000000005,68.0,46.04,,,280.0,270.0,,,,,54.0,67.0,,,1.0,-9999.0,,,,,1.0,,,,,,,,,,
2022,12,26,,,,,,,,,,,,,,,,,,,,,,,,,,,,,,,,,-9.0,,,,,,,,,,,,,,,
2022,12,27,,,-6.0,169.0,156.0,61.0,13.0,,,0.0,,45.0,15.0,65.0,,,,64.94,39.02,,,320.0,210.0,,,,,36.0,63.0,,,999.0,999.0,,,,,999.0,,,,,,,,,,
2022,12,28,,,,,,,,,,,,,,,,,,,,,,,,,,,,,,,,-999.0,-999.0,,,,,-999.0,,,,,,,,,,
2022,12,29,,,,,,,,,,,,,,,,,,,,,,,,,,,,,,,,9.0,,,,,,,,,,,,,,,,
2022,12,30,,,44.0,234.0,224.0,78.0,13.0,,,0.0,,67.0,38.0,86.0,,,,64.94,39.02,,,290.0,300.0,,,,,54.0,67.0,,,1.0,9999.0,,,,,9999.0,,,,,,,,,,
2022,12,31,,,,,,,,,,,,,,,,,,,,,,,,,,,,,,,,,-99.0,,,,,-99.0,,,,,,,,,,
2023,1,1,,,94.0,10108.0,10098.0,117.0,74.0,,,259.0,,73.0,64.0,93.0,,,59.0,60.980000000000004,55.94,,,270.0,270.0,,,,,116.0,148.0,,,1.0,,,,,,-9999.0,,,,,,,,,,
2023,1,2,,,,,,,,,,,,,,,,,,,,,,,,,,,,,,,,,,,,,,-9.0,,,,,,,,,,
2023,1,3,,,89.0,163.0,152.0,111.0,29.0,,,5.0,,71.0,62.0,80.0,,,,60.08,51.98,,,270.0,210.0,,,,,72.0,112.0,,,999.0,,,,,,999.0,,,,,,,,,,
2023,1,6,,,133.0,196.0,186.0,144.0,34.0,,,8.0,,82.0,75.0,87.0,,,,64.94,59.0,,,150.0,200.0,,,,,63.0,98.0,,,1.0,,,,,,9999.0,,,,,,,,,,
2023,1,9,,,94.0,10227.0,10217.0,111.0,18.0,,,0.0,,80.0,63.0,93.0,,,56.48,62.959999999999994,48.02,,,320.0,320.0,,,,,67.0,89.0,,,1.0,,,,,,1.0,,,,,,,,,,
2023,1,11,,,67.0,213.0,200.0,100.0,11.0,,,0.0,,66.0,28.0,93.0,,,,66.92,46.04,,,280.0,210.0,,,,,36.0,63.0,,,1.0,,,,,,1.0,,,,,,,,,,
2023,1,14,,,89.0,213.0,203.0,117.0,26.0,,,,,69.0,46.0,86.0,,,,64.94,48.92,,,130.0,200.0,,,,,72.0,103.0,,,9999.0,,,,,,9999.0,,,,,,,,,,
2023,1,15,,,,,,,,,,,,,,,,,,,,,,,,,,,,,,,,,,,,,,-99.0,,,,,,,,,,
2023,1,16,,,,,,,,,,,,,,,,,,,,,,,,,,,,,,,,,,,,,,99.0,,,,,,,,,,
2023,1,17,,,94.0,10234.0,10224.0,111.0,13.0,,,0.0,,79.0,56.0,93.0,,,55.76,64.04,48.02,,,310.0,320.0,,,,,54.0,76.0,,,1.0,,,,,,-9999.0,,,,,,,,,,
2023,1,18,,,,,,,,,,,,,,,,,,,,,,,,,,,,,,,,,,,,,,-9.0,,,,,,,,,,
2023,1,19,,,56.0,217.0,207.0,100.0,7.0,,,0.0,,58.0,25.0,86.0,,,,73.04,46.94,,,260.0,240.0,,,,,36.0,63.0,,,999.0,,,,,,999.0,,,,,,,,,,
2023,1,20,,,,,,,,,,,,,,,,,,,,,,,,,,,,,,,,,,,,,,-999.0,,,,,,,,,,
2023,1,21,,,,,,,,,,,,,,,,,,,,,,,,,,,,,,,,,,,,,,9.0,,,,,,,,,,
2023,1,22,,,111.0,152.0,132.0,122.0,37.0,,,190.0,,84.0,62.0,92.0,,,,62.059999999999995,50.0,,,200.0,230.0,,,,,107.0,148.0,,,1.0,,,,,,1.0,,,,,,,,,,
2023,1,24,,,,,,,,,,,,,,,,,,,,,,,,,,,,,,,,,,,,,,99.0,,,,,,,,,,
2023,1,25,,,106.0,10108.0,10088.0,122.0,55.0,,,246.0,,78.0,67.0,90.0,,,57.92,62.059999999999995,51.98,,,170.0,210.0,,,,,116.0,179.0,,,1.0,,,,,,1.0,,,,,,,,,,
2023,1,27,,,67.0,146.0,135.0,94.0,43.0,,,8.0,,67.0,56.0,80.0,,,,59.0,48.02,,,290.0,280.0,,,,,98.0,134.0,,,999.0,,,,,,999.0,,,,,,,,,,
2023,1,28,,,,,,,,,,,,,,,,,,,,,,,,,,,,,,,,-999.0,,,,,,-999.0,,,,,,,,,,
2023,1,29,,,,,,,,,,,,,,,,,,,,,,,,,,,,,,,,9.0,,,,,,,,,,,,,,,,
2023,1,30,,,61.0,207.0,196.0,89.0,22.0,,,36.0,,70.0,53.0,87.0,,,,60.08,41.0,,,280.0,210.0,,,,,81.0,112.0,,,1.0,,,,,,9999.0,,,,,,,,,,
2023,1,31,,,,,,,,,,,,,,,,,,,,,,,,,,,,,,,,,,,,,,-99.0,,,,,,,,,,
2023,2,1,,,28.0,10213.0,10207.0,78.0,11.0,,,0.0,,59.0,31.0,80.0,,,52.879999999999995,66.02,42.08,,,300.0,300.0,,,,,54.0,67.0,,,-9999.0,,-9999.0,,-9999.0,,-9999.0,,,,,,,,,,
2023,2,2,,,,,,,,,,,,,,,,,,,,,,,,,,,,,,,,-9.0,,-9.0,,-9.0,,-9.0,,,,,,,,,,
2023,2,3,,,22.0,257.0,244.0,78.0,10.0,,,0.0,,52.0,22.0,80.0,,,,68.0,41.0,,,290.0,190.0,,,,,54.0,63.0,,,999.0,,999.0,,999.0,,999.0,,,,,,,,,,
2023,2,4,,,,,,,,,,,,,,,,,,,,,,,,,,,,,,,,-999.0,,-999.0,,-999.0,,-999.0,,,,,,,,,,
2023,2,5,,,,,,,,,,,,,,,,,,,,,,,,,,,,,,,,9.0,,,,,,9.0,,,,,,,,,,
2023,2,6,,,72.0,217.0,207.0,100.0,11.0,,,0.0,,69.0,45.0,90.0,,,,66.92,42.08,,,310.0,310.0,,,,,63.0,76.0,,,1.0,,9999.0,,9999.0,,1.0,,,,,,,,,,
2023,2,7,,,,,,,,,,,,,,,,,,,,,,,,,,,,,,,,,,-99.0,,-99.0,,,,,,,,,,,,
2023,2,8,,,,,,,,,,,,,,,,,,,,,,,,,,,,,,,,,,99.0,,99.0,,,,,,,,,,,,
2023,2,9,,,67.0,10224.0,10213.0,100.0,27.0,,,0.0,,62.0,43.0,80.0,,,57.379999999999995,64.94,48.92,,,310.0,320.0,,,,,76.0,103.0,,,-9999.0,,-9999.0,,-9999.0,,-9999.0,,,,,,,,,,
2023,2,10,,,,,,,,,,,,,,,,,,,,,,,,,,,,,,,,-9.0,,-9.0,,-9.0,,-9.0,,,,,,,,,,
2023,2,11,,,22.0,240.0,230.0,78.0,14.0,,,0.0,,51.0,20.0,79.0,,,,69.98,42.980000000000004,,,320.0,220.0,,,,,58.0,85.0,,,999.0,,999.0,,999.0,,999.0,,,,,,,,,,
2023,2,12,,,,,,,,,,,,,,,,,,,,,,,,,,,,,,,,-999.0,,-999.0,,-999.0,,-999.0,,,,,,,,,,
2023,2,14,,,6.0,220.0,207.0,89.0,16.0,,,0.0,,37.0,15.0,66.0,,,,78.08,44.96,,,30.0,10.0,,,,,63.0,76.0,,,9999.0,,9999.0,,9999.0,,9999.0,,,,,,,,,,
2023,2,15,,,,,,,,,,,,,,,,,,,,,,,,,,,,,,,,-99.0,,-99.0,,-99.0,,-99.0,,,,,,,,,,
2023,2,16,,,,,,,,,,,,,,,,,,,,,,,,,,,,,,,,99.0,,99.0,,99.0,,99.0,,,,,,,,,,
2023,2,17,,,61.0,10149.0,10139.0,100.0,28.0,,,0.0,,62.0,51.0,78.0,,,59.72,60.980000000000004,51.08,,,270.0,250.0,,,,,94.0,121.0,,,-9999.0,,-9999.0,,-9999.0,,-9999.0,,,,,,,,,,
2023,2,18,,,,,,,,,,,,,,,,,,,,,,,,,,,,,,,,,,,,-9.0,,-9.0,,,,,,,,,,
2023,2,19,,,56.0,132.0,122.0,89.0,28.0,,,99.0,,65.0,49.0,83.0,,,,60.08,46.04,,,180.0,210.0,,,,,63.0,112.0,,,1.0,,1.0,,999.0,,999.0,,,,,,,,,,
2023,2,20,,,,,,,,,,,,,,,,,,,,,,,,,,,,,,,,,,,,-999.0,,-999.0,,,,,,,,,,
2023,2,21,,,,,,,,,,,,,,,,,,,,,,,,,,,,,,,,,,,,,,9.0,,,,,,,,,,
2023,2,22,,,61.0,142.0,135.0,100.0,51.0,,,8.0,,63.0,37.0,80.0,,,,57.92,53.96,,,260.0,270.0,,,,,98.0,125.0,,,9999.0,,9999.0,,9999.0,,1.0,,,,,,,,,,
2023,2,23,,,,,,,,,,,,,,,,,,,,,,,,,,,,,,,,-99.0,,-99.0,,-99.0,,,,,,,,,,,,
2023,2,24,,,,,,,,,,,,,,,,,,,,,,,,,,,,,,,,99.0,,99.0,,99.0,,99.0,,,,,,,,,,
2023,2,25,,,-50.0,10230.0,10217.0,56.0,26.0,,,0.0,,33.0,10.0,67.0,,,53.06,69.08,39.02,,,30.0,40.0,,,,,81.0,116.0,,,-9999.0,,-9999.0,,-9999.0,,-9999.0,,,,,,,,,,
2023,2,26,,,,,,,,,,,,,,,,,,,,,,,,,,,,,,,,-9.0,,-9.0,,-9.0,,-9.0,,,,,,,,,,
2023,2,27,,,-17.0,169.0,159.0,67.0,13.0,,,0.0,,41.0,18.0,59.0,,,,64.94,42.980000000000004,,,280.0,260.0,,,,,58.0,81.0,,,999.0,,999.0,,999.0,,999.0,,,,,,,,,,
2023,2,28,,,,,,,,,,,,,,,,,,,,,,,,,,,,,,,,-999.0,,-999.0,,-999.0,,-999.0,,,,,,,,,,
2023,2,30,,,44.0,179.0,173.0,83.0,17.0,,,,,62.0,35.0,80.0,,,,64.04,42.980000000000004,,,210.0,210.0,,,,,58.0,107.0,,,9999.0,,9999.0,,9999.0,,9999.0,,,,,,,,,,
2023,2,31,,,,,,,,,,,,,,,,,,,,,,,,,,,,,,,,-99.0,,-99.0,,-99.0,,-99.0,,,,,,,,,,
2023,3,1,,,50.0,10115.0,10102.0,89.0,74.0,,,51.0,,62.0,41.0,80.0,,,55.4,57.92,48.92,,,280.0,260.0,,,,,143.0,219.0,,,1.0,-9999.0,-9999.0,,,,-9999.0,,,,,,,,,,
2023,3,2,,,,,,,,,,,,,,,,,,,,,,,,,,,,,,,,,-9.0,-9.0,,,,-9.0,,,,,,,,,,
2023,3,3,,,22.0,190.0,179.0,72.0,19.0,,,0.0,,55.0,38.0,74.0,,,,60.08,39.92,,,330.0,190.0,,,,,63.0,103.0,,,999.0,999.0,999.0,,,,999.0,,,,,,,,,,
2023,3,4,,,,,,,,,,,,,,,,,,,,,,,,,,,,,,,,-999.0,-999.0,-999.0,,,,-999.0,,,,,,,,,,
2023,3,6,,,61.0,166.0,159.0,89.0,17.0,,,0.0,,69.0,53.0,86.0,,,,60.08,42.980000000000004,,,260.0,220.0,,,,,63.0,98.0,,,9999.0,9999.0,9999.0,,,,9999.0,,,,,,,,,,
2023,3,7,,,,,,,,,,,,,,,,,,,,,,,,,,,,,,,,-99.0,-99.0,-99.0,,,,-99.0,,,,,,,,,,
2023,3,8,,,,,,,,,,,,,,,,,,,,,,,,,,,,,,,,99.0,99.0,99.0,,,,99.0,,,,,,,,,,
2023,3,9,,,67.0,10213.0,10200.0,100.0,24.0,,,0.0,,65.0,50.0,80.0,,,55.04,62.059999999999995,48.02,,,280.0,280.0,,,,,63.0,85.0,,,-9999.0,-9999.0,-9999.0,,,,-9999.0,,,,,,,,,,
2023,3,10,,,,,,,,,,,,,,,,,,,,,,,,,,,,,,,,-9.0,-9.0,-9.0,,,,-9.0,,,,,,,,,,
2023,3,11,,,61.0,207.0,196.0,94.0,24.0,,,0.0,,64.0,47.0,77.0,,,,60.980000000000004,48.02,,,280.0,280.0,,,,,72.0,98.0,,,999.0,999.0,999.0,,,,999.0,,,,,,,,,,
2023,3,12,,,,,,,,,,,,,,,,,,,,,,,,,,,,,,,,-999.0,-999.0,-999.0,,,,-999.0,,,,,,,,,,
2023,3,14,,,72.0,196.0,186.0,100.0,22.0,,,0.0,,69.0,52.0,80.0,,,,62.959999999999994,48.02,,,290.0,300.0,,,,,63.0,85.0,,,9999.0,9999.0,9999.0,,,,9999.0,,,,,,,,,,
2023,3,15,,,,,,,,,,,,,,,,,,,,,,,,,,,,,,,,,-99.0,-99.0,,,,-99.0,,,,,,,,,,
2023,3,16,,,,,,,,,,,,,,,,,,,,,,,,,,,,,,,,,99.0,99.0,,,,99.0,,,,,,,,,,
2023,3,17,,,139.0,10193.0,10183.0,144.0,26.0,,,38.0,,89.0,81.0,93.0,,,59.72,64.04,57.92,,,170.0,190.0,,,,,58.0,85.0,,,1.0,-9999.0,-9999.0,,,,1.0,,,,,,,,,,
2023,3,18,,,,,,,,,,,,,,,,,,,,,,,,,,,,,,,,,-9.0,-9.0,,,,,,,,,,,,,,
2023,3,19,,,128.0,203.0,193.0,139.0,25.0,,,0.0,,84.0,75.0,90.0,,,,64.94,57.02,,,290.0,280.0,,,,,58.0,76.0,,,1.0,999.0,999.0,,,,1.0,,,,,,,,,,
2023,3,20,,,,,,,,,,,,,,,,,,,,,,,,,,,,,,,,,-999.0,-999.0,,,,,,,,,,,,,,
2023,3,21,,,,,,,,,,,,,,,,,,,,,,,,,,,,,,,,,,,,,,9.0,,,,,,,,,,
2023,3,22,,,117.0,179.0,169.0,133.0,19.0,,,64.0,,77.0,56.0,90.0,,,,66.02,53.96,,,150.0,180.0,,,,,58.0,89.0,,,1.0,9999.0,9999.0,,,,1.0,,,,,,,,,,
2023,3,23,,,,,,,,,,,,,,,,,,,,,,,,,,,,,,,,,-99.0,-99.0,,,,,,,,,,,,,,
2023,3,24,,,,,,,,,,,,,,,,,,,,,,,,,,,,,,,,,99.0,99.0,,,,99.0,,,,,,,,,,
2023,3,25,,,78.0,10183.0,10169.0,106.0,21.0,,,0.0,,68.0,56.0,80.0,,,56.66,62.059999999999995,51.08,,,190.0,200.0,,,,,54.0,103.0,,,-9999.0,-9999.0,-9999.0,,,,-9999.0,,,,,,,,,,
2023,3,26,,,,,,,,,,,,,,,,,,,,,,,,,,,,,,,,-9.0,-9.0,-9.0,,,,,,,,,,,,,,
2023,3,27,,,89.0,169.0,156.0,111.0,22.0,,,0.0,,71.0,58.0,87.0,,,,62.959999999999994,51.08,,,290.0,290.0,,,,,63.0,76.0,,,999.0,999.0,999.0,,,,1.0,,,,,,,,,,
2023,3,28,,,,,,,,,,,,,,,,,,,,,,,,,,,,,,,,,,-999.0,,,,,,,,,,,,,,
2023,3,30,,,111.0,156.0,146.0,133.0,27.0,,,33.0,,74.0,56.0,90.0,,,,64.04,57.92,,,160.0,200.0,,,,,58.0,98.0,,,1.0,9999.0,9999.0,,,,9999.0,,,,,,,,,,
2023,3,31,,,,,,,,,,,,,,,,,,,,,,,,,,,,,,,,,-99.0,-99.0,,,,,,,,,,,,,,
2023,4,1,,,89.0,10207.0,10196.0,111.0,21.0,,,0.0,,73.0,52.0,86.0,,,56.84,66.02,46.94,,,320.0,300.0,,,,,67.0,94.0,,,-9999.0,,,,,,1.0,,,,,,,,,,
2023,4,2,,,,,,,,,,,,,,,,,,,,,,,,,,,,,,,,-9.0,,,,,,,,,,,,,,,,
2023,4,3,,,89.0,190.0,179.0,117.0,23.0,,,0.0,,70.0,60.0,86.0,,,,62.959999999999994,50.0,,,210.0,200.0,,,,,54.0,107.0,,,999.0,,,,,,999.0,,,,,,,,,,
2023,4,4,,,,,,,,,,,,,,,,,,,,,,,,,,,,,,,,-999.0,,,,,,-999.0,,,,,,,,,,
2023,4,6,,,-11.0,200.0,190.0,72.0,36.0,,,0.0,,40.0,24.0,61.0,,,,62.059999999999995,48.92,,,330.0,340.0,,,,,94.0,143.0,,,9999.0,,,,,,9999.0,,,,,,,,,,
2023,4,7,,,,,,,,,,,,,,,,,,,,,,,,,,,,,,,,-99.0,,,,,,-99.0,,,,,,,,,,
2023,4,8,,,,,,,,,,,,,,,,,,,,,,,,,,,,,,,,99.0,,,,,,99.0,,,,,,,,,,
2023,4,9,,,39.0,10179.0,10166.0,94.0,18.0,,,0.0,,51.0,19.0,77.0,,,57.92,71.06,46.04,,,320.0,320.0,,,,,72.0,94.0,,,-9999.0,,,,,,-9999.0,,,,,,,,,,
2023,4,10,,,,,,,,,,,,,,,,,,,,,,,,,,,,,,,,-9.0,,,,,,-9.0,,,,,,,,,,
2023,4,11,,,83.0,179.0,169.0,111.0,20.0,,,0.0,,66.0,54.0,83.0,,,,66.92,50.0,,,280.0,280.0,,,,,63.0,85.0,,,999.0,,,,,,999.0,,,,,,,,,,
2023,4,12,,,,,,,,,,,,,,,,,,,,,,,,,,,,,,,,-999.0,,,,,,,,,,,,,,,,
2023,4,13,,,,,,,,,,,,,,,,,,,,,,,,,,,,,,,,9.0,,,,,,,,,,,,,,,,
2023,4,14,,,111.0,193.0,179.0,122.0,30.0,,,0.0,,83.0,72.0,90.0,,,,62.959999999999994,53.96,,,290.0,290.0,,,,,72.0,89.0,,,1.0,,,,,,9999.0,,,,,,,,,,
2023,4,17,,,111.0,10163.0,10152.0,128.0,26.0,,,0.0,,82.0,68.0,93.0,,,57.74,64.94,53.96,,,290.0,280.0,,,,,63.0,76.0,,,1.0,,,,,,1.0,,,,,,,,,,
2023,4,19,,,111.0,125.0,112.0,122.0,39.0,,,23.0,,82.0,72.0,97.0,,,,60.08,55.94,,,180.0,180.0,,,,,63.0,121.0,,,1.0,,,,,,1.0,,,,,,,,,,
2023,4,22,,,78.0,152.0,142.0,117.0,31.0,,,0.0,,63.0,52.0,75.0,,,,64.04,55.94,,,270.0,210.0,,,,,58.0,112.0,,,9999.0,,,,,,9999.0,,,,,,,,,,
2023,4,23,,,,,,,,,,,,,,,,,,,,,,,,,,,,,,,,-99.0,,,,,,,,,,,,,,,,
2023,4,24,,,,,,,,,,,,,,,,,,,,,,,,,,,,,,,,99.0,,,,,,,,,,,,,,,,
2023,4,25,,,106.0,10190.0,10179.0,122.0,24.0,,,0.0,,79.0,75.0,84.0,,,58.459999999999994,60.980000000000004,55.94,,,290.0,300.0,,,,,58.0,67.0,,,-9999.0,,,,,,1.0,,,,,,,,,,
2023,4,27,,,106.0,156.0,142.0,122.0,21.0,,,3.0,,77.0,65.0,90.0,,,,62.959999999999994,55.94,,,280.0,220.0,,,,,54.0,76.0,,,1.0,,,,,,999.0,,,,,,,,,,
2023,4,28,,,,,,,,,,,,,,,,,,,,,,,,,,,,,,,,,,,,,,-999.0,,,,,,,,,,
2023,4,30,,,83.0,179.0,169.0,117.0,26.0,,,0.0,,64.0,49.0,74.0,,,,66.92,53.06,,,280.0,210.0,,,,,67.0,89.0,,,9999.0,,,,,,9999.0,,,,,,,,,,
2023,4,31,,,,,,,,,,,,,,,,,,,,,,,,,,,,,,,,-99.0,,,,,,-99.0,,,,,,,,,,
2023,5,1,,,94.0,10125.0,10115.0,122.0,37.0,,,0.0,,68.0,56.0,83.0,,,59.9,64.94,57.02,,,240.0,220.0,,,,,67.0,116.0,,,1.0,,,,,,1.0,,,,,,,,,,
2023,5,3,,,78.0,139.0,129.0,117.0,32.0,,,0.0,,59.0,48.0,70.0,,,,64.94,55.94,,,270.0,270.0,,,,,72.0,107.0,,,999.0,,,,,,999.0,,,,,,,,,,
2023,5,4,,,,,,,,,,,,,,,,,,,,,,,,,,,,,,,,-999.0,,,,,,-999.0,,,,,,,,,,
2023,5,6,,,100.0,152.0,142.0,128.0,41.0,,,5.0,,65.0,54.0,84.0,,,,66.92,57.92,,,210.0,200.0,,,,,76.0,112.0,,,9999.0,,,,,,9999.0,,,,,,,,,,
2023,5,7,,,,,,,,,,,,,,,,,,,,,,,,,,,,,,,,-99.0,,,,,,-99.0,,,,,,,,,,
2023,5,8,,,,,,,,,,,,,,,,,,,,,,,,,,,,,,,,99.0,,,,,,99.0,,,,,,,,,,
2023,5,9,,,100.0,10193.0,10183.0,128.0,26.0,,,0.0,,65.0,51.0,80.0,,,61.34,68.0,53.96,,,290.0,330.0,,,,,76.0,98.0,,,-9999.0,,,,,,-9999.0,,,,,,,,,,
2023,5,10,,,,,,,,,,,,,,,,,,,,,,,,,,,,,,,,-9.0,,,,,,-9.0,,,,,,,,,,
2023,5,11,,,106.0,190.0,179.0,133.0,22.0,,,0.0,,66.0,44.0,78.0,,,,69.98,55.04,,,300.0,230.0,,,,,67.0,98.0,,,999.0,,,,,,999.0,,,,,,,,,,
2023,5,12,,,,,,,,,,,,,,,,,,,,,,,,,,,,,,,,-999.0,,,,,,-999.0,,,,,,,,,,
2023,5,14,,,111.0,166.0,156.0,139.0,36.0,,,0.0,,69.0,58.0,80.0,,,,66.02,60.08,,,280.0,200.0,,,,,72.0,107.0,,,9999.0,,,,,,9999.0,,,,,,,,,,
2023,5,15,,,,,,,,,,,,,,,,,,,,,,,,,,,,,,,,-99.0,,,,,,,,,,,,,,,,
2023,5,16,,,,,,,,,,,,,,,,,,,,,,,,,,,,,,,,99.0,,,,,,,,,,,,,,,,
2023,5,17,,,106.0,10163.0,10152.0,133.0,33.0,,,0.0,,69.0,59.0,75.0,,,61.7,66.92,59.0,,,270.0,240.0,,,,,67.0,89.0,,,-9999.0,,,,,,-9999.0,,,,,,,,,,
2023,5,18,,,,,,,,,,,,,,,,,,,,,,,,,,,,,,,,-9.0,,,,,,-9.0,,,,,,,,,,
2023,5,19,,,117.0,149.0,135.0,139.0,27.0,,,0.0,,74.0,70.0,81.0,,,,64.94,60.08,,,270.0,260.0,,,,,67.0,89.0,,,999.0,,,,,,999.0,,,,,,,,,,
2023,5,22,,,133.0,146.0,135.0,144.0,25.0,,,0.0,,83.0,75.0,93.0,,,,64.04,57.92,,,220.0,210.0,,,,,54.0,107.0,,,1.0,,,,,,1.0,,,,,,,,,,
2023,5,24,,,,,,,,,,,,,,,,,,,,,,,,,,,,,,,,99.0,,,,,,99.0,,,,,,,,,,
2023,5,25,,,139.0,10163.0,10152.0,150.0,26.0,,,0.0,,81.0,66.0,90.0,,,62.6,69.98,59.0,,,280.0,280.0,,,,,72.0,94.0,,,1.0,,,,,,-9999.0,,,,,,,,,,
2023,5,26,,,,,,,,,,,,,,,,,,,,,,,,,,,,,,,,,,,,,,-9.0,,,,,,,,,,
2023,5,27,,,133.0,132.0,122.0,144.0,23.0,,,0.0,,83.0,78.0,90.0,,,,64.04,57.92,,,280.0,280.0,,,,,54.0,76.0,,,1.0,,,,,,999.0,,,,,,,,,,
2023,5,30,,,133.0,176.0,166.0,150.0,21.0,,,0.0,,79.0,73.0,84.0,,,,66.02,60.08,,,230.0,220.0,,,,,45.0,98.0,,,9999.0,,,,,,9999.0,,,,,,,,,,
2023,5,31,,,,,,,,,,,,,,,,,,,,,,,,,,,,,,,,,,,,,,-99.0,,,,,,,,,,
2023,6,1,,,128.0,10142.0,10132.0,144.0,26.0,,,0.0,,76.0,61.0,87.0,,,62.42,66.02,59.0,,,270.0,210.0,,,,,54.0,76.0,,,-9999.0,,,,,,-9999.0,,,,,,,,,,
2023,6,2,,,,,,,,,,,,,,,,,,,,,,,,,,,,,,,,-9.0,,,,,,-9.0,,,,,,,,,,
2023,6,3,,,128.0,152.0,146.0,150.0,34.0,,,0.0,,72.0,59.0,81.0,,,,69.08,60.980000000000004,,,280.0,270.0,,,,,72.0,89.0,,,999.0,,,,,,999.0,,,,,,,,,,
2023,6,6,,,122.0,125.0,115.0,150.0,26.0,,,0.0,,71.0,61.0,80.0,,,,69.08,62.059999999999995,,,260.0,220.0,,,,,63.0,98.0,,,9999.0,,,,,,9999.0,,,,,,,,,,
2023,6,7,,,,,,,,,,,,,,,,,,,,,,,,,,,,,,,,-99.0,,,,,,-99.0,,,,,,,,,,
2023,6,8,,,,,,,,,,,,,,,,,,,,,,,,,,,,,,,,99.0,,,,,,99.0,,,,,,,,,,
2023,6,9,,,100.0,10135.0,10125.0,133.0,30.0,,,0.0,,62.0,54.0,75.0,,,63.32,69.08,60.980000000000004,,,240.0,210.0,,,,,63.0,116.0,,,-9999.0,,,,,,-9999.0,,,,,,,,,,
2023,6,10,,,,,,,,,,,,,,,,,,,,,,,,,,,,,,,,-9.0,,,,,,-9.0,,,,,,,,,,
2023,6,11,,,117.0,156.0,146.0,144.0,25.0,,,0.0,,69.0,59.0,80.0,,,,69.98,60.08,,,290.0,250.0,,,,,67.0,89.0,,,999.0,,,,,,999.0,,,,,,,,,,
2023,6,12,,,,,,,,,,,,,,,,,,,,,,,,,,,,,,,,-999.0,,,,,,-999.0,,,,,,,,,,
2023,6,13,,,,,,,,,,,,,,,,,,,,,,,,,,,,,,,,,,,,,,9.0,,,,,,,,,,
2023,6,14,,,133.0,166.0,152.0,156.0,34.0,,,0.0,,75.0,63.0,87.0,,,,69.98,60.980000000000004,,,280.0,280.0,,,,,67.0,89.0,,,9999.0,,,,,,1.0,,,,,,,,,,
2023,6,15,,,,,,,,,,,,,,,,,,,,,,,,,,,,,,,,-99.0,,,,,,,,,,,,,,,,
2023,6,16,,,,,,,,,,,,,,,,,,,,,,,,,,,,,,,,99.0,,,,,,99.0,,,,,,,,,,
2023,6,17,,,133.0,10146.0,10135.0,150.0,27.0,,,8.0,,81.0,75.0,93.0,,,62.42,64.94,60.980000000000004,,,220.0,210.0,,,,,54.0,94.0,,,1.0,,,,,,-9999.0,,,,,,,,,,
2023,6,18,,,,,,,,,,,,,,,,,,,,,,,,,,,,,,,,,,,,,,-9.0,,,,,,,,,,
2023,6,19,,,133.0,173.0,163.0,150.0,29.0,,,,,78.0,65.0,93.0,,,,69.08,60.08,,,300.0,280.0,,,,,67.0,89.0,,,999.0,,,,,,999.0,,,,,,,,,,
2023,6,22,,,139.0,146.0,132.0,156.0,24.0,,,0.0,,75.0,66.0,86.0,,,,69.08,62.059999999999995,,,280.0,280.0,,,,,72.0,94.0,,,1.0,,,,,,9999.0,,,,,,,,,,
2023,6,23,,,,,,,,,,,,,,,,,,,,,,,,,,,,,,,,,,,,,,-99.0,,,,,,,,,,
2023,6,24,,,,,,,,,,,,,,,,,,,,,,,,,,,,,,,,,,,,,,99.0,,,,,,,,,,
2023,6,25,,,144.0,10152.0,10142.0,161.0,32.0,,,0.0,,73.0,63.0,81.0,,,66.38,71.96,64.04,,,290.0,310.0,,,,,72.0,89.0,,,-9999.0,,,,,,-9999.0,,,,,,,,,,
2023,6,26,,,,,,,,,,,,,,,,,,,,,,,,,,,,,,,,-9.0,,,,,,,,,,,,,,,,
2023,6,27,,,150.0,149.0,135.0,167.0,35.0,,,0.0,,81.0,71.0,87.0,,,,71.06,62.959999999999994,,,290.0,290.0,,,,,76.0,94.0,,,999.0,,,,,,1.0,,,,,,,,,,
2023,6,28,,,,,,,,,,,,,,,,,,,,,,,,,,,,,,,,-999.0,,,,,,,,,,,,,,,,
2023,6,30,,,133.0,149.0,139.0,156.0,24.0,,,0.0,,72.0,61.0,84.0,,,,71.06,62.059999999999995,,,260.0,210.0,,,,,54.0,98.0,,,9999.0,,,,,,9999.0,,,,,,,,,,
2023,6,31,,,,,,,,,,,,,,,,,,,,,,,,,,,,,,,,-99.0,,,,,,-99.0,,,,,,,,,,
2023,7,1,,,156.0,10132.0,10119.0,172.0,26.0,,,0.0,,80.0,69.0,90.0,,,66.38,73.04,62.059999999999995,,,220.0,200.0,,,,,54.0,107.0,,,1.0,,,,,,1.0,,,,,,,,,,
2023,7,3,,,161.0,129.0,119.0,172.0,28.0,,,0.0,,82.0,71.0,90.0,,,,73.04,62.959999999999994,,,280.0,300.0,,,,,67.0,89.0,,,1.0,,,,,,1.0,,,,,,,,,,
2023,7,6,,,150.0,139.0,129.0,167.0,28.0,,,0.0,,81.0,68.0,96.0,,,,71.96,62.059999999999995,,,300.0,310.0,,,,,63.0,85.0,,,1.0,,,,,,1.0,,,,,,,,,,
2023,7,8,,,,,,,,,,,,,,,,,,,,,,,,,,,,,,,,99.0,,,,,,99.0,,,,,,,,,,
2023,7,9,,,133.0,10135.0,10125.0,156.0,25.0,,,0.0,,74.0,63.0,84.0,,,64.75999999999999,69.98,60.980000000000004,,,270.0,260.0,,,,,63.0,94.0,,,-9999.0,,,,,,-9999.0,,,,,,,,,,
2023,7,10,,,,,,,,,,,,,,,,,,,,,,,,,,,,,,,,-9.0,,,,,,-9.0,,,,,,,,,,
2023,7,11,,,128.0,119.0,105.0,156.0,24.0,,,0.0,,70.0,59.0,81.0,,,,69.98,62.059999999999995,,,260.0,250.0,,,,,58.0,103.0,,,999.0,,,,,,999.0,,,,,,,,,,
2023,7,12,,,,,,,,,,,,,,,,,,,,,,,,,,,,,,,,-999.0,,,,,,-999.0,,,,,,,,,,
2023,7,13,,,,,,,,,,,,,,,,,,,,,,,,,,,,,,,,,,,,,,9.0,,,,,,,,,,
2023,7,14,,,144.0,132.0,122.0,161.0,28.0,,,0.0,,75.0,63.0,81.0,,,,71.96,62.959999999999994,,,280.0,210.0,,,,,63.0,103.0,,,9999.0,,,,,,1.0,,,,,,,,,,
2023,7,15,,,,,,,,,,,,,,,,,,,,,,,,,,,,,,,,-99.0,,,,,,,,,,,,,,,,
2023,7,16,,,,,,,,,,,,,,,,,,,,,,,,,,,,,,,,99.0,,,,,,,,,,,,,,,,
2023,7,17,,,167.0,10149.0,10139.0,183.0,25.0,,,0.0,,79.0,66.0,90.0,,,67.64,75.92,62.959999999999994,,,280.0,290.0,,,,,58.0,76.0,,,1.0,,,,,,1.0,,,,,,,,,,
2023,7,19,,,172.0,149.0,139.0,194.0,26.0,,,0.0,,72.0,48.0,91.0,,,,80.06,66.02,,,290.0,280.0,,,,,76.0,89.0,,,999.0,,,,,,999.0,,,,,,,,,,
2023,7,20,,,,,,,,,,,,,,,,,,,,,,,,,,,,,,,,-999.0,,,,,,-999.0,,,,,,,,,,
2023,7,22,,,178.0,119.0,105.0,189.0,26.0,,,0.0,,79.0,60.0,93.0,,,,78.08,64.94,,,270.0,180.0,,,,,45.0,89.0,,,9999.0,,,,,,9999.0,,,,,,,,,,
2023,7,23,,,,,,,,,,,,,,,,,,,,,,,,,,,,,,,,-99.0,,,,,,,,,,,,,,,,
2023,7,24,,,,,,,,,,,,,,,,,,,,,,,,,,,,,,,,99.0,,,,,,,,,,,,,,,,
2023,7,25,,,167.0,10129.0,10119.0,183.0,25.0,,,0.0,,80.0,71.0,87.0,,,68.36,75.02,64.94,,,170.0,200.0,,,,,54.0,94.0,,,-9999.0,,,,,,-9999.0,,,,,,,,,,
2023,7,26,,,,,,,,,,,,,,,,,,,,,,,,,,,,,,,,-9.0,,,,,,,,,,,,,,,,
2023,7,27,,,178.0,135.0,125.0,194.0,22.0,,,0.0,,79.0,66.0,91.0,,,,78.08,66.92,,,290.0,220.0,,,,,45.0,85.0,,,999.0,,,,,,1.0,,,,,,,,,,
2023,7,29,,,,,,,,,,,,,,,,,,,,,,,,,,,,,,,,,,,,,,9.0,,,,,,,,,,
2023,7,30,,,178.0,152.0,142.0,194.0,31.0,,,0.0,,80.0,69.0,91.0,,,,78.08,66.92,,,280.0,280.0,,,,,67.0,81.0,,,9999.0,,,,,,1.0,,,,,,,,,,
2023,7,31,,,,,,,,,,,,,,,,,,,,,,,,,,,,,,,,-99.0,,,,,,,,,,,,,,,,
2023,8,1,,,194.0,10156.0,10146.0,206.0,24.0,,,0.0,,78.0,62.0,87.0,,,74.66,80.96,69.98,,,260.0,210.0,,,,,58.0,89.0,,,-9999.0,-9999.0,-9999.0,,,,-9999.0,,,,,,,,,,
2023,8,2,,,,,,,,,,,,,,,,,,,,,,,,,,,,,,,,-9.0,-9.0,-9.0,,,,-9.0,,,,,,,,,,
2023,8,3,,,189.0,159.0,146.0,200.0,29.0,,,0.0,,79.0,66.0,90.0,,,,78.08,68.0,,,280.0,290.0,,,,,72.0,89.0,,,999.0,999.0,999.0,,,,999.0,,,,,,,,,,
2023,8,4,,,,,,,,,,,,,,,,,,,,,,,,,,,,,,,,-999.0,-999.0,-999.0,,,,-999.0,,,,,,,,,,
2023,8,6,,,161.0,135.0,125.0,178.0,26.0,,,0.0,,74.0,60.0,87.0,,,,75.92,64.94,,,280.0,280.0,,,,,54.0,89.0,,,9999.0,9999.0,9999.0,,,,9999.0,,,,,,,,,,
2023,8,7,,,,,,,,,,,,,,,,,,,,,,,,,,,,,,,,,-99.0,-99.0,,,,,,,,,,,,,,
2023,8,8,,,,,,,,,,,,,,,,,,,,,,,,,,,,,,,,,99.0,99.0,,,,,,,,,,,,,,
2023,8,9,,,172.0,10146.0,10135.0,189.0,19.0,,,0.0,,81.0,69.0,91.0,,,69.44,77.0,64.94,,,220.0,200.0,,,,,45.0,98.0,,,1.0,-9999.0,-9999.0,,,,1.0,,,,,,,,,,
2023,8,10,,,,,,,,,,,,,,,,,,,,,,,,,,,,,,,,,-9.0,-9.0,,,,,,,,,,,,,,
2023,8,11,,,172.0,166.0,156.0,189.0,19.0,,,0.0,,75.0,56.0,93.0,,,,80.06,64.04,,,230.0,210.0,,,,,45.0,94.0,,,1.0,999.0,999.0,,,,1.0,,,,,,,,,,
2023,8,12,,,,,,,,,,,,,,,,,,,,,,,,,,,,,,,,,-999.0,-999.0,,,,,,,,,,,,,,
2023,8,14,,,183.0,146.0,135.0,200.0,25.0,,,0.0,,77.0,67.0,84.0,,,,78.08,69.98,,,220.0,210.0,,,,,54.0,89.0,,,9999.0,9999.0,9999.0,,,,9999.0,,,,,,,,,,
2023,8,15,,,,,,,,,,,,,,,,,,,,,,,,,,,,,,,,-99.0,-99.0,-99.0,,,,-99.0,,,,,,,,,,
2023,8,16,,,,,,,,,,,,,,,,,,,,,,,,,,,,,,,,99.0,99.0,99.0,,,,99.0,,,,,,,,,,
2023,8,17,,,178.0,10156.0,10146.0,194.0,25.0,,,0.0,,80.0,74.0,84.0,,,71.42,75.92,69.08,,,270.0,250.0,,,,,63.0,98.0,,,-9999.0,-9999.0,-9999.0,,,,-9999.0,,,,,,,,,,
2023,8,18,,,,,,,,,,,,,,,,,,,,,,,,,,,,,,,,-9.0,-9.0,-9.0,,,,,,,,,,,,,,
2023,8,19,,,178.0,159.0,146.0,194.0,27.0,,,0.0,,78.0,69.0,84.0,,,,75.92,68.0,,,280.0,230.0,,,,,58.0,94.0,,,999.0,999.0,999.0,,,,1.0,,,,,,,,,,
2023,8,20,,,,,,,,,,,,,,,,,,,,,,,,,,,,,,,,-999.0,-999.0,-999.0,,,,,,,,,,,,,,
2023,8,22,,,178.0,139.0,129.0,194.0,30.0,,,0.0,,83.0,74.0,90.0,,,,75.02,68.0,,,290.0,290.0,,,,,72.0,89.0,,,9999.0,9999.0,9999.0,,,,9999.0,,,,,,,,,,
2023,8,23,,,,,,,,,,,,,,,,,,,,,,,,,,,,,,,,,-99.0,-99.0,,,,-99.0,,,,,,,,,,
2023,8,24,,,,,,,,,,,,,,,,,,,,,,,,,,,,,,,,,99.0,99.0,,,,99.0,,,,,,,,,,
2023,8,25,,,189.0,10125.0,10112.0,200.0,33.0,,,0.0,,80.0,64.0,90.0,,,71.78,78.98,68.0,,,290.0,300.0,,,,,76.0,98.0,,,-9999.0,-9999.0,1.0,,,,-9999.0,,,,,,,,,,
2023,8,26,,,,,,,,,,,,,,,,,,,,,,,,,,,,,,,,-9.0,-9.0,,,,,-9.0,,,,,,,,,,
2023,8,27,,,178.0,115.0,102.0,189.0,35.0,,,0.0,,82.0,71.0,93.0,,,,75.02,66.02,,,290.0,280.0,,,,,72.0,94.0,,,999.0,999.0,999.0,,,,999.0,,,,,,,,,,
2023,8,28,,,,,,,,,,,,,,,,,,,,,,,,,,,,,,,,,-999.0,-999.0,,,,-999.0,,,,,,,,,,
2023,8,30,,,172.0,102.0,91.0,189.0,26.0,,,,,78.0,69.0,91.0,,,,75.02,64.94,,,280.0,190.0,,,,,58.0,98.0,,,9999.0,9999.0,9999.0,,,,9999.0,,,,,,,,,,
2023,8,31,,,,,,,,,,,,,,,,,,,,,,,,,,,,,,,,,-99.0,-99.0,,,,-99.0,,,,,,,,,,
2023,9,1,,,183.0,10125.0,10115.0,194.0,27.0,,,0.0,,80.0,71.0,87.0,,,70.88,75.92,69.08,,,190.0,200.0,,,,,58.0,116.0,,,1.0,-9999.0,,,,,1.0,,,,,,,,,,
2023,9,2,,,,,,,,,,,,,,,,,,,,,,,,,,,,,,,,,-9.0,,,,,,,,,,,,,,,
2023,9,3,,,200.0,159.0,152.0,211.0,25.0,,,3.0,,82.0,71.0,94.0,,,,78.08,69.98,,,300.0,220.0,,,,,45.0,76.0,,,1.0,999.0,,,,,999.0,,,,,,,,,,
2023,9,4,,,,,,,,,,,,,,,,,,,,,,,,,,,,,,,,,-999.0,,,,,-999.0,,,,,,,,,,
2023,9,6,,,161.0,129.0,119.0,183.0,23.0,,,0.0,,74.0,60.0,87.0,,,,75.92,66.02,,,280.0,230.0,,,,,58.0,81.0,,,9999.0,9999.0,,,,,9999.0,,,,,,,,,,
2023,9,7,,,,,,,,,,,,,,,,,,,,,,,,,,,,,,,,-99.0,-99.0,,,,,-99.0,,,,,,,,,,
2023,9,8,,,,,,,,,,,,,,,,,,,,,,,,,,,,,,,,99.0,99.0,,,,,99.0,,,,,,,,,,
2023,9,9,,,161.0,10142.0,10129.0,183.0,26.0,,,0.0,,69.0,58.0,81.0,,,71.96,77.0,66.02,,,290.0,280.0,,,,,72.0,94.0,,,-9999.0,-9999.0,,,,,-9999.0,,,,,,,,,,
2023,9,10,,,,,,,,,,,,,,,,,,,,,,,,,,,,,,,,-9.0,-9.0,,,,,-9.0,,,,,,,,,,
2023,9,11,,,178.0,142.0,135.0,189.0,27.0,,,0.0,,78.0,67.0,87.0,,,,78.08,64.04,,,300.0,300.0,,,,,67.0,85.0,,,999.0,999.0,,,,,999.0,,,,,,,,,,
2023,9,12,,,,,,,,,,,,,,,,,,,,,,,,,,,,,,,,,-999.0,,,,,,,,,,,,,,,
2023,9,14,,,189.0,149.0,135.0,206.0,26.0,,,0.0,,71.0,56.0,90.0,,,,82.94,69.98,,,290.0,280.0,,,,,76.0,98.0,,,9999.0,9999.0,,,,,9999.0,,,,,,,,,,
2023,9,15,,,,,,,,,,,,,,,,,,,,,,,,,,,,,,,,-99.0,-99.0,,,,,-99.0,,,,,,,,,,
2023,9,16,,,,,,,,,,,,,,,,,,,,,,,,,,,,,,,,99.0,99.0,,,,,99.0,,,,,,,,,,
2023,9,17,,,206.0,10129.0,10119.0,217.0,23.0,,,0.0,,82.0,59.0,94.0,,,75.38,86.0,71.06,,,280.0,290.0,,,,,76.0,98.0,,,1.0,-9999.0,,,,,-9999.0,,,,,,,,,,
2023,9,18,,,,,,,,,,,,,,,,,,,,,,,,,,,,,,,,,-9.0,,,,,-9.0,,,,,,,,,,
2023,9,19,,,183.0,139.0,129.0,194.0,22.0,,,0.0,,79.0,69.0,94.0,,,,77.0,69.08,,,220.0,200.0,,,,,54.0,98.0,,,999.0,999.0,,,,,999.0,,,,,,,,,,
2023,9,20,,,,,,,,,,,,,,,,,,,,,,,,,,,,,,,,-999.0,-999.0,,,,,-999.0,,,,,,,,,,
2023,9,22,,,156.0,146.0,135.0,178.0,25.0,,,0.0,,70.0,58.0,81.0,,,,75.02,66.92,,,270.0,260.0,,,,,63.0,89.0,,,9999.0,9999.0,,,,,9999.0,,,,,,,,,,
2023,9,23,,,,,,,,,,,,,,,,,,,,,,,,,,,,,,,,-99.0,-99.0,,,,,-99.0,,,,,,,,,,
2023,9,24,,,,,,,,,,,,,,,,,,,,,,,,,,,,,,,,99.0,99.0,,,,,99.0,,,,,,,,,,
2023,9,25,,,167.0,10152.0,10142.0,183.0,25.0,,,0.0,,76.0,71.0,81.0,,,70.16,71.96,68.0,,,260.0,250.0,,,,,54.0,67.0,,,-9999.0,-9999.0,,,,,-9999.0,,,,,,,,,,
2023,9,26,,,,,,,,,,,,,,,,,,,,,,,,,,,,,,,,-9.0,-9.0,,,,,-9.0,,,,,,,,,,
2023,9,27,,,167.0,156.0,142.0,183.0,26.0,,,0.0,,76.0,68.0,84.0,,,,71.06,68.0,,,280.0,250.0,,,,,54.0,81.0,,,999.0,999.0,,,,,999.0,,,,,,,,,,
2023,9,28,,,,,,,,,,,,,,,,,,,,,,,,,,,,,,,,-999.0,-999.0,,,,,,,,,,,,,,,
2023,9,30,,,172.0,102.0,129.0,189.0,22.0,,,0.0,,78.0,69.0,91.0,,,,75.02,60.980000000000004,,,260.0,300.0,,,,,45.0,94.0,,,9999.0,9999.0,,,,,9999.0,,,,,,,,,,
2023,9,31,,,,,,,,,,,,,,,,,,,,,,,,,,,,,,,,-99.0,-99.0,,,,,-99.0,,,,,,,,,,
2023,10,1,,,117.0,10132.0,10122.0,150.0,26.0,,,0.0,,65.0,47.0,81.0,,,66.38,71.06,62.059999999999995,,,270.0,210.0,,,,,63.0,107.0,,,-9999.0,-9999.0,,,,,-9999.0,,,,,,,,,,
2023,10,2,,,,,,,,,,,,,,,,,,,,,,,,,,,,,,,,-9.0,-9.0,,,,,-9.0,,,,,,,,,,
2023,10,3,,,128.0,152.0,142.0,150.0,23.0,,,0.0,,71.0,51.0,81.0,,,,71.96,57.92,,,320.0,290.0,,,,,67.0,89.0,,,999.0,999.0,,,,,999.0,,,,,,,,,,
2023,10,4,,,,,,,,,,,,,,,,,,,,,,,,,,,,,,,,-999.0,-999.0,,,,,-999.0,,,,,,,,,,
2023,10,5,,,,,,,,,,,,,,,,,,,,,,,,,,,,,,,,9.0,,,,,,,,,,,,,,,,
2023,10,6,,,156.0,125.0,115.0,172.0,15.0,,,0.0,,72.0,45.0,93.0,,,,80.96,59.0,,,310.0,310.0,,,,,67.0,94.0,,,1.0,9999.0,,,,,9999.0,,,,,,,,,,
2023,10,7,,,,,,,,,,,,,,,,,,,,,,,,,,,,,,,,,-99.0,,,,,,,,,,,,,,,
2023,10,8,,,,,,,,,,,,,,,,,,,,,,,,,,,,,,,,99.0,99.0,,,,,,,,,,,,,,,
2023,10,9,,,161.0,10122.0,10108.0,178.0,12.0,,,0.0,,78.0,61.0,100.0,,,69.98,77.0,60.08,,,280.0,250.0,,,,,58.0,81.0,,,1.0,1.0,,,,,1.0,,,,,,,,,,
2023,10,11,,,178.0,119.0,108.0,189.0,18.0,,,0.0,,84.0,58.0,100.0,,,,78.08,62.059999999999995,,,280.0,270.0,,,,,45.0,58.0,,,1.0,1.0,,,,,1.0,,,,,,,,,,
2023,10,14,,,172.0,105.0,91.0,183.0,29.0,,,0.0,,83.0,69.0,93.0,,,,73.94,64.94,,,290.0,290.0,,,,,76.0,98.0,,,1.0,9999.0,,,,,1.0,,,,,,,,,,
2023,10,15,,,,,,,,,,,,,,,,,,,,,,,,,,,,,,,,,-99.0,,,,,,,,,,,,,,,
2023,10,16,,,,,,,,,,,,,,,,,,,,,,,,,,,,,,,,,99.0,,,,,99.0,,,,,,,,,,
2023,10,17,,,156.0,10061.0,10051.0,167.0,30.0,,,0.0,,77.0,68.0,90.0,,,66.92,71.96,64.04,,,210.0,160.0,,,,,58.0,98.0,,,1.0,-9999.0,,,,,-9999.0,,,,,,,,,,
2023,10,18,,,,,,,,,,,,,,,,,,,,,,,,,,,,,,,,,-9.0,,,,,-9.0,,,,,,,,,,
2023,10,19,,,139.0,81.0,75.0,167.0,20.0,,,0.0,,73.0,6.0,87.0,,,,73.04,60.08,,,220.0,190.0,,,,,54.0,103.0,,,999.0,999.0,,,,,999.0,,,,,,,,,,
2023,10,20,,,,,,,,,,,,,,,,,,,,,,,,,,,,,,,,-999.0,-999.0,,,,,,,,,,,,,,,
2023,10,21,,,,,,,,,,,,,,,,,,,,,,,,,,,,,,,,9.0,,,,,,,,,,,,,,,,
2023,10,22,,,167.0,166.0,152.0,178.0,21.0,,,0.0,,83.0,62.0,93.0,,,,75.92,62.059999999999995,,,290.0,320.0,,,,,72.0,98.0,,,1.0,9999.0,,,,,1.0,,,,,,,,,,
2023,10,23,,,,,,,,,,,,,,,,,,,,,,,,,,,,,,,,,-99.0,,,,,,,,,,,,,,,
2023,10,24,,,,,,,,,,,,,,,,,,,,,,,,,,,,,,,,,99.0,,,,,99.0,,,,,,,,,,
2023,10,25,,,167.0,10152.0,10146.0,178.0,21.0,,,0.0,,86.0,71.0,100.0,,,66.92,73.94,60.08,,,270.0,280.0,,,,,67.0,81.0,,,1.0,-9999.0,,,,,1.0,,,,,,,,,,
2023,10,26,,,,,,,,,,,,,,,,,,,,,,,,,,,,,,,,,-9.0,,,,,,,,,,,,,,,
2023,10,27,,,167.0,129.0,119.0,178.0,20.0,,,0.0,,84.0,71.0,93.0,,,,73.04,62.959999999999994,,,200.0,200.0,,,,,45.0,89.0,,,1.0,999.0,,,,,1.0,,,,,,,,,,
2023,10,28,,,,,,,,,,,,,,,,,,,,,,,,,,,,,,,,,-999.0,,,,,,,,,,,,,,,
2023,10,29,,,,,,,,,,,,,,,,,,,,,,,,,,,,,,,,,9.0,,,,,,,,,,,,,,,
2023,10,30,,,172.0,135.0,122.0,178.0,24.0,,,0.0,,85.0,71.0,100.0,,,,73.94,60.980000000000004,,,290.0,280.0,,,,,67.0,85.0,,,1.0,1.0,,,,,1.0,,,,,,,,,,
2023,11,1,,,-22.0,10163.0,10152.0,89.0,8.0,,,0.0,,28.0,11.0,44.0,,,64.94,84.91999999999999,50.0,,,320.0,320.0,,,,,54.0,76.0,,,-9999.0,-9999.0,-9999.0,,,,-9999.0,,,,,,,,,,
2023,11,2,,,,,,,,,,,,,,,,,,,,,,,,,,,,,,,,-9.0,-9.0,-9.0,,,,,,,,,,,,,,
2023,11,3,,,33.0,176.0,169.0,106.0,11.0,,,0.0,,41.0,15.0,68.0,,,,82.04,48.92,,,280.0,170.0,,,,,58.0,72.0,,,999.0,999.0,999.0,,,,1.0,,,,,,,,,,
2023,11,4,,,,,,,,,,,,,,,,,,,,,,,,,,,,,,,,,-999.0,-999.0,,,,,,,,,,,,,,
2023,11,5,,,,,,,,,,,,,,,,,,,,,,,,,,,,,,,,,,,,,,9.0,,,,,,,,,,
2023,11,6,,,83.0,169.0,156.0,122.0,14.0,,,0.0,,61.0,30.0,84.0,,,,75.92,48.92,,,320.0,300.0,,,,,58.0,89.0,,,1.0,9999.0,9999.0,,,,1.0,,,,,,,,,,
2023,11,7,,,,,,,,,,,,,,,,,,,,,,,,,,,,,,,,,,-99.0,,,,,,,,,,,,,,
2023,11,8,,,,,,,,,,,,,,,,,,,,,,,,,,,,,,,,,,99.0,,,,,,,,,,,,,,
2023,11,9,,,144.0,10146.0,10135.0,156.0,16.0,,,0.0,,87.0,68.0,100.0,,,62.24,69.98,55.04,,,270.0,240.0,,,,,40.0,72.0,,,1.0,1.0,-9999.0,,,,1.0,,,,,,,,,,
2023,11,10,,,,,,,,,,,,,,,,,,,,,,,,,,,,,,,,,,-9.0,,,,,,,,,,,,,,
2023,11,11,,,144.0,163.0,152.0,161.0,22.0,,,0.0,,79.0,68.0,90.0,,,,69.08,59.0,,,280.0,200.0,,,,,67.0,116.0,,,1.0,999.0,999.0,,,,999.0,,,,,,,,,,
2023,11,12,,,,,,,,,,,,,,,,,,,,,,,,,,,,,,,,,-999.0,-999.0,,,,-999.0,,,,,,,,,,
2023,11,14,,,39.0,173.0,163.0,100.0,13.0,,,0.0,,47.0,18.0,64.0,,,,75.02,46.94,,,320.0,300.0,,,,,63.0,85.0,,,9999.0,9999.0,9999.0,,,,9999.0,,,,,,,,,,
2023,11,15,,,,,,,,,,,,,,,,,,,,,,,,,,,,,,,,-99.0,-99.0,-99.0,,,,,,,,,,,,,,
2023,11,16,,,,,,,,,,,,,,,,,,,,,,,,,,,,,,,,99.0,99.0,99.0,,,,,,,,,,,,,,
2023,11,17,,,28.0,10173.0,10163.0,94.0,11.0,,,0.0,,47.0,20.0,77.0,,,58.64,73.94,44.06,,,310.0,300.0,,,,,63.0,85.0,,,-9999.0,-9999.0,-9999.0,,,,-9999.0,,,,,,,,,,
2023,11,18,,,,,,,,,,,,,,,,,,,,,,,,,,,,,,,,-9.0,-9.0,-9.0,,,,-9.0,,,,,,,,,,
2023,11,19,,,33.0,159.0,149.0,106.0,11.0,,,0.0,,43.0,14.0,64.0,,,,80.06,46.94,,,290.0,260.0,,,,,45.0,67.0,,,999.0,999.0,999.0,,,,999.0,,,,,,,,,,
2023,11,20,,,,,,,,,,,,,,,,,,,,,,,,,,,,,,,,,-999.0,-999.0,,,,,,,,,,,,,,
2023,11,22,,,56.0,152.0,146.0,106.0,12.0,,,0.0,,49.0,27.0,62.0,,,,75.02,48.02,,,320.0,320.0,,,,,63.0,85.0,,,9999.0,9999.0,9999.0,,,,9999.0,,,,,,,,,,
2023,11,23,,,,,,,,,,,,,,,,,,,,,,,,,,,,,,,,,-99.0,,,,,,,,,,,,,,,
2023,11,24,,,,,,,,,,,,,,,,,,,,,,,,,,,,,,,,,99.0,,,,,,,,,,,,,,,
2023,11,25,,,161.0,10159.0,10149.0,172.0,11.0,,,3.0,,87.0,68.0,100.0,,,64.58,73.04,60.08,,,290.0,200.0,,,,,36.0,76.0,,,1.0,-9999.0,-9999.0,,,,-9999.0,,,,,,,,,,
2023,11,26,,,,,,,,,,,,,,,,,,,,,,,,,,,,,,,,,-9.0,-9.0,,,,-9.0,,,,,,,,,,
2023,11,27,,,144.0,149.0,152.0,161.0,10.0,,,30.0,,81.0,59.0,96.0,,,,71.06,55.94,,,200.0,190.0,,,,,36.0,67.0,,,1.0,999.0,999.0,,,,999.0,,,,,,,,,,
2023,11,28,,,,,,,,,,,,,,,,,,,,,,,,,,,,,,,,,-999.0,-999.0,,,,-999.0,,,,,,,,,,
2023,11,29,,,,,,,,,,,,,,,,,,,,,,,,,,,,,,,,,,,,,,9.0,,,,,,,,,,
2023,11,30,,,144.0,186.0,173.0,156.0,20.0,,,,,84.0,70.0,96.0,,,,69.08,55.04,,,280.0,190.0,,,,,63.0,85.0,,,1.0,9999.0,9999.0,,,,1.0,,,,,,,,,,
2023,11,31,,,,,,,,,,,,,,,,,,,,,,,,,,,,,,,,,-99.0,-99.0,,,,,,,,,,,,,,
2023,12,1,,,-9999.0,-9999.0,-9999.0,-9999.0,13.0,,,0.0,,-9999.0,-9999.0,-9999.0,-9999.0,-9999.0,59.72,66.92,51.98,,,280.0,280.0,,,,,58.0,76.0,,,1.0,,-9999.0,,,,-9999.0,,,,,,,,,,
2023,12,2,,,-9.0,-9.0,-9.0,-9.0,,,,,,-9.0,-9.0,-9.0,-9.0,-9.0,,,,,,,,,,,,,,,,,,-9.0,,,,-9.0,,,,,,,,,,
2023,12,3,,,999.0,999.0,999.0,999.0,12.0,,,0.0,,999.0,999.0,999.0,999.0,999.0,,66.02,46.04,,,230.0,210.0,,,,,40.0,89.0,,,999.0,,999.0,,,,999.0,,,,,,,,,,
2023,12,4,,,-999.0,-999.0,-999.0,-999.0,,,,,,-999.0,-999.0,-999.0,-999.0,-999.0,,,,,,,,,,,,,,,,,,-999.0,,,,-999.0,,,,,,,,,,
2023,12,5,,,,,,,,,,,,,,,,,,,,,,,,,,,,,,,,,,,,,,9.0,,,,,,,,,,
2023,12,6,,,9999.0,9999.0,9999.0,9999.0,12.0,,,0.0,,9999.0,9999.0,9999.0,9999.0,9999.0,,69.98,48.02,,,320.0,320.0,,,,,45.0,63.0,,,1.0,,9999.0,,,,1.0,,,,,,,,,,
2023,12,7,,,-99.0,-99.0,-99.0,-99.0,,,,,,-99.0,-99.0,-99.0,-99.0,-99.0,,,,,,,,,,,,,,,,,,-99.0,,,,,,,,,,,,,,
2023,12,8,,,99.0,99.0,99.0,99.0,,,,,,99.0,99.0,99.0,99.0,99.0,,,,,,,,,,,,,,,,,,99.0,,,,99.0,,,,,,,,,,
2023,12,9,,,-9999.0,-9999.0,-9999.0,-9999.0,12.0,,,0.0,,-9999.0,-9999.0,-9999.0,-9999.0,-9999.0,60.8,69.08,48.92,,,160.0,190.0,,,,,45.0,85.0,,,1.0,,-9999.0,,,,1.0,,,,,,,,,,
2023,12,10,,,-9.0,-9.0,-9.0,-9.0,,,,,,-9.0,-9.0,-9.0,-9.0,-9.0,,,,,,,,,,,,,,,,,,-9.0,,,,,,,,,,,,,,
2023,12,11,,,999.0,999.0,999.0,999.0,12.0,,,0.0,,999.0,999.0,999.0,999.0,999.0,,66.02,53.06,,,280.0,210.0,,,,,58.0,72.0,,,1.0,,999.0,,,,999.0,,,,,,,,,,
2023,12,12,,,-999.0,-999.0,-999.0,-999.0,,,,,,-999.0,-999.0,-999.0,-999.0,-999.0,,,,,,,,,,,,,,,,,,-999.0,,,,-999.0,,,,,,,,,,
2023,12,14,,,9999.0,9999.0,9999.0,9999.0,9.0,,,0.0,,9999.0,9999.0,9999.0,9999.0,9999.0,,75.02,46.04,,,270.0,220.0,,,,,45.0,76.0,,,9999.0,,9999.0,,,,9999.0,,,,,,,,,,
2023,12,15,,,-99.0,-99.0,-99.0,-99.0,,,,,,-99.0,-99.0,-99.0,-99.0,-99.0,,,,,,,,,,,,,,,,-99.0,,-99.0,,,,-99.0,,,,,,,,,,
2023,12,16,,,99.0,99.0,99.0,99.0,,,,,,99.0,99.0,99.0,99.0,99.0,,,,,,,,,,,,,,,,99.0,,99.0,,,,99.0,,,,,,,,,,
2023,12,17,,,-9999.0,-9999.0,-9999.0,-9999.0,11.0,,,0.0,,-9999.0,-9999.0,-9999.0,-9999.0,-9999.0,56.120000000000005,68.0,44.06,,,320.0,200.0,,,,,45.0,63.0,,,-9999.0,,-9999.0,,,,-9999.0,,,,,,,,,,
2023,12,18,,,-9.0,-9.0,-9.0,-9.0,,,,,,-9.0,-9.0,-9.0,-9.0,-9.0,,,,,,,,,,,,,,,,,,-9.0,,,,-9.0,,,,,,,,,,
2023,12,19,,,999.0,999.0,999.0,999.0,26.0,,,0.0,,999.0,999.0,999.0,999.0,999.0,,62.959999999999994,51.08,,,210.0,200.0,,,,,54.0,103.0,,,1.0,,999.0,,,,999.0,,,,,,,,,,
2023,12,20,,,-999.0,-999.0,-999.0,-999.0,,,,,,-999.0,-999.0,-999.0,-999.0,-999.0,,,,,,,,,,,,,,,,,,-999.0,,,,-999.0,,,,,,,,,,
2023,12,22,,,9999.0,9999.0,9999.0,9999.0,10.0,,,0.0,,9999.0,9999.0,9999.0,9999.0,9999.0,,71.06,46.04,,,330.0,320.0,,,,,45.0,63.0,,,9999.0,,9999.0,,,,9999.0,,,,,,,,,,
2023,12,23,,,-99.0,-99.0,-99.0,-99.0,,,,,,-99.0,-99.0,-99.0,-99.0,-99.0,,,,,,,,,,,,,,,,-99.0,,-99.0,,,,-99.0,,,,,,,,,,
2023,12,24,,,99.0,99.0,99.0,99.0,,,,,,99.0,99.0,99.0,99.0,99.0,,,,,,,,,,,,,,,,99.0,,99.0,,,,99.0,,,,,,,,,,
2023,12,25,,,-9999.0,-9999.0,-9999.0,-9999.0,14.0,,,0.0,,-9999.0,-9999.0,-9999.0,-9999.0,-9999.0,59.9,77.0,48.92,,,310.0,300.0,,,,,58.0,81.0,,,-9999.0,,-9999.0,,,,-9999.0,,,,,,,,,,
2023,12,26,,,-9.0,-9.0,-9.0,-9.0,,,,,,-9.0,-9.0,-9.0,-9.0,-9.0,,,,,,,,,,,,,,,,-9.0,,-9.0,,,,-9.0,,,,,,,,,,
2023,12,27,,,999.0,999.0,999.0,999.0,7.0,,,0.0,,999.0,999.0,999.0,999.0,999.0,,73.94,46.04,,,320.0,190.0,,,,,40.0,72.0,,,999.0,,999.0,,,,999.0,,,,,,,,,,
2023,12,28,,,-999.0,-999.0,-999.0,-999.0,,,,,,-999.0,-999.0,-999.0,-999.0,-999.0,,,,,,,,,,,,,,,,-999.0,,-999.0,,,,-999.0,,,,,,,,,,
2023,12,30,,,9999.0,9999.0,9999.0,9999.0,15.0,,,0.0,,9999.0,9999.0,9999.0,9999.0,9999.0,,69.08,55.94,,,210.0,210.0,,,,,45.0,94.0,,,9999.0,,9999.0,,,,9999.0,,,,,,,,,,
2023,12,31,,,-99.0,-99.0,-99.0,-99.0,,,,,,-99.0,-99.0,-99.0,-99.0,-99.0,,,,,,,,,,,,,,,,,,-99.0,,,,-99.0,,,,,,,,,,
2024,1,1,,,83.0,10190.0,10179.0,106.0,12.0,,,0.0,,77.0,50.0,99.0,,,55.58,64.04,48.02,,,320.0,320.0,,,,,54.0,72.0,,,1.0,-9999.0,,,,,-9999.0,,,,,,,,,,
2024,1,2,,,,,,,,,,,,,,,,,,,,,,,,,,,,,,,,,-9.0,,,,,-9.0,,,,,,,,,,
2024,1,3,,,94.0,237.0,224.0,111.0,10.0,,,0.0,,80.0,58.0,93.0,,,,64.04,44.96,,,280.0,190.0,,,,,54.0,81.0,,,999.0,999.0,,,,,999.0,,,,,,,,,,
2024,1,4,,,,,,,,,,,,,,,,,,,,,,,,,,,,,,,,,-999.0,,,,,,,,,,,,,,,
2024,1,6,,,67.0,207.0,200.0,94.0,15.0,,,0.0,,72.0,52.0,90.0,,,,62.059999999999995,44.96,,,270.0,280.0,,,,,54.0,76.0,,,9999.0,9999.0,,,,,9999.0,,,,,,,,,,
2024,1,7,,,,,,,,,,,,,,,,,,,,,,,,,,,,,,,,-99.0,-99.0,,,,,-99.0,,,,,,,,,,
2024,1,8,,,,,,,,,,,,,,,,,,,,,,,,,,,,,,,,99.0,99.0,,,,,99.0,,,,,,,,,,
2024,1,9,,,56.0,10200.0,10190.0,94.0,20.0,,,0.0,,65.0,27.0,90.0,,,53.42,66.02,41.0,,,260.0,200.0,,,,,63.0,107.0,,,-9999.0,-9999.0,,,,,-9999.0,,,,,,,,,,
2024,1,10,,,,,,,,,,,,,,,,,,,,,,,,,,,,,,,,,-9.0,,,,,,,,,,,,,,,
2024,1,11,,,33.0,149.0,139.0,89.0,55.0,,,8.0,,50.0,38.0,87.0,,,,60.08,46.94,,,290.0,320.0,,,,,107.0,152.0,,,1.0,999.0,,,,,1.0,,,,,,,,,,
2024,1,12,,,,,,,,,,,,,,,,,,,,,,,,,,,,,,,,,-999.0,,,,,,,,,,,,,,,
2024,1,14,,,11.0,224.0,213.0,67.0,9.0,,,0.0,,56.0,20.0,83.0,,,,62.959999999999994,37.94,,,280.0,240.0,,,,,54.0,72.0,,,9999.0,9999.0,,,,,9999.0,,,,,,,,,,
2024,1,15,,,,,,,,,,,,,,,,,,,,,,,,,,,,,,,,-99.0,-99.0,,,,,-99.0,,,,,,,,,,
2024,1,16,,,,,,,,,,,,,,,,,,,,,,,,,,,,,,,,99.0,99.0,,,,,99.0,,,,,,,,,,
2024,1,17,,,61.0,10179.0,10169.0,100.0,44.0,,,33.0,,61.0,35.0,87.0,,,58.459999999999994,64.04,46.04,,,280.0,280.0,,,,,112.0,148.0,,,1.0,-9999.0,,,,,1.0,,,,,,,,,,
2024,1,18,,,,,,,,,,,,,,,,,,,,,,,,,,,,,,,,,-9.0,,,,,,,,,,,,,,,
2024,1,19,,,39.0,213.0,207.0,72.0,12.0,,,0.0,,63.0,36.0,79.0,,,,62.059999999999995,39.92,,,290.0,200.0,,,,,54.0,76.0,,,999.0,999.0,,,,,999.0,,,,,,,,,,
2024,1,20,,,,,,,,,,,,,,,,,,,,,,,,,,,,,,,,-999.0,-999.0,,,,,-999.0,,,,,,,,,,
2024,1,22,,,78.0,179.0,169.0,100.0,10.0,,,0.0,,77.0,62.0,93.0,,,,62.059999999999995,44.96,,,220.0,190.0,,,,,36.0,76.0,,,9999.0,9999.0,,,,,9999.0,,,,,,,,,,
2024,1,23,,,,,,,,,,,,,,,,,,,,,,,,,,,,,,,,,-99.0,,,,,-99.0,,,,,,,,,,
2024,1,24,,,,,,,,,,,,,,,,,,,,,,,,,,,,,,,,,99.0,,,,,99.0,,,,,,,,,,
2024,1,25,,,111.0,10186.0,10179.0,122.0,16.0,,,0.0,,86.0,70.0,97.0,,,55.04,64.94,48.92,,,280.0,300.0,,,,,63.0,81.0,,,1.0,1.0,,,,,1.0,,,,,,,,,,
2024,1,27,,,111.0,183.0,169.0,128.0,15.0,,,0.0,,80.0,70.0,87.0,,,,60.980000000000004,55.04,,,270.0,230.0,,,,,58.0,85.0,,,1.0,999.0,,,,,1.0,,,,,,,,,,
2024,1,28,,,,,,,,,,,,,,,,,,,,,,,,,,,,,,,,,-999.0,,,,,,,,,,,,,,,
2024,1,29,,,,,,,,,,,,,,,,,,,,,,,,,,,,,,,,9.0,,,,,,9.0,,,,,,,,,,
2024,1,30,,,111.0,166.0,152.0,128.0,11.0,,,0.0,,81.0,39.0,97.0,,,,71.96,50.0,,,300.0,300.0,,,,,63.0,76.0,,,1.0,9999.0,,,,,1.0,,,,,,,,,,
2024,1,31,,,,,,,,,,,,,,,,,,,,,,,,,,,,,,,,,-99.0,,,,,,,,,,,,,,,
2024,2,1,,,111.0,10098.0,10088.0,122.0,52.0,,,208.0,,82.0,69.0,90.0,,,57.92,60.980000000000004,55.04,,,130.0,130.0,,,,,103.0,139.0,,,1.0,,-9999.0,,,,-9999.0,,,,,,,,,,
2024,2,2,,,,,,,,,,,,,,,,,,,,,,,,,,,,,,,,,,-9.0,,,,-9.0,,,,,,,,,,
2024,2,3,,,94.0,149.0,142.0,117.0,44.0,,,20.0,,72.0,62.0,83.0,,,,62.059999999999995,53.96,,,270.0,260.0,,,,,81.0,103.0,,,1.0,,999.0,,,,999.0,,,,,,,,,,
2024,2,4,,,,,,,,,,,,,,,,,,,,,,,,,,,,,,,,,,-999.0,,,,-999.0,,,,,,,,,,
2024,2,6,,,89.0,159.0,149.0,117.0,50.0,,,,,68.0,58.0,80.0,,,,64.04,50.0,,,150.0,180.0,,,,,98.0,139.0,,,9999.0,,9999.0,,,,9999.0,,,,,,,,,,
2024,2,7,,,,,,,,,,,,,,,,,,,,,,,,,,,,,,,,,,-99.0,,,,-99.0,,,,,,,,,,
2024,2,8,,,,,,,,,,,,,,,,,,,,,,,,,,,,,,,,,,99.0,,,,99.0,,,,,,,,,,
2024,2,9,,,106.0,10075.0,10061.0,117.0,44.0,,,224.0,,83.0,70.0,93.0,,,55.58,60.08,53.96,,,150.0,140.0,,,,,94.0,121.0,,,1.0,,1.0,,,,-9999.0,,,,,,,,,,
2024,2,11,,,83.0,146.0,135.0,106.0,43.0,,,130.0,,73.0,60.0,93.0,,,,60.980000000000004,50.0,,,280.0,270.0,,,,,98.0,125.0,,,1.0,,1.0,,,,1.0,,,,,,,,,,
2024,2,14,,,83.0,179.0,169.0,100.0,25.0,,,43.0,,79.0,67.0,93.0,,,,60.08,50.0,,,260.0,220.0,,,,,72.0,103.0,,,1.0,,9999.0,,,,9999.0,,,,,,,,,,
2024,2,15,,,,,,,,,,,,,,,,,,,,,,,,,,,,,,,,,,-99.0,,,,-99.0,,,,,,,,,,
2024,2,16,,,,,,,,,,,,,,,,,,,,,,,,,,,,,,,,99.0,,99.0,,,,99.0,,,,,,,,,,
2024,2,17,,,50.0,10224.0,10213.0,89.0,18.0,,,0.0,,64.0,34.0,86.0,,,53.78,64.94,42.08,,,280.0,250.0,,,,,63.0,81.0,,,-9999.0,,-9999.0,,,,-9999.0,,,,,,,,,,
2024,2,18,,,,,,,,,,,,,,,,,,,,,,,,,,,,,,,,-9.0,,-9.0,,,,-9.0,,,,,,,,,,
2024,2,19,,,61.0,193.0,179.0,89.0,13.0,,,0.0,,70.0,35.0,89.0,,,,64.04,42.08,,,320.0,320.0,,,,,72.0,89.0,,,999.0,,999.0,,,,999.0,,,,,,,,,,
2024,2,20,,,,,,,,,,,,,,,,,,,,,,,,,,,,,,,,-999.0,,-999.0,,,,-999.0,,,,,,,,,,
2024,2,22,,,83.0,210.0,200.0,106.0,17.0,,,0.0,,75.0,60.0,90.0,,,,62.959999999999994,46.94,,,300.0,290.0,,,,,67.0,85.0,,,9999.0,,9999.0,,,,9999.0,,,,,,,,,,
2024,2,23,,,,,,,,,,,,,,,,,,,,,,,,,,,,,,,,-99.0,,-99.0,,,,-99.0,,,,,,,,,,
2024,2,24,,,,,,,,,,,,,,,,,,,,,,,,,,,,,,,,99.0,,99.0,,,,99.0,,,,,,,,,,
2024,2,25,,,111.0,10200.0,10190.0,128.0,23.0,,,0.0,,78.0,70.0,87.0,,,59.540000000000006,64.04,55.94,,,290.0,290.0,,,,,63.0,81.0,,,-9999.0,,-9999.0,,,,-9999.0,,,,,,,,,,
2024,2,26,,,,,,,,,,,,,,,,,,,,,,,,,,,,,,,,-9.0,,-9.0,,,,-9.0,,,,,,,,,,
2024,2,27,,,106.0,193.0,183.0,122.0,12.0,,,0.0,,81.0,72.0,87.0,,,,62.059999999999995,51.98,,,290.0,310.0,,,,,54.0,63.0,,,999.0,,999.0,,,,999.0,,,,,,,,,,
2024,2,28,,,,,,,,,,,,,,,,,,,,,,,,,,,,,,,,-999.0,,-999.0,,,,-999.0,,,,,,,,,,
2024,2,29,,,,,,,,,,,,,,,,,,,,,,,,,,,,,,,,9.0,,,,,,9.0,,,,,,,,,,
2024,2,30,,,117.0,200.0,190.0,133.0,32.0,,,5.0,,76.0,56.0,97.0,,,,66.02,55.04,,,190.0,200.0,,,,,63.0,112.0,,,1.0,,9999.0,,,,1.0,,,,,,,,,,
2024,2,31,,,,,,,,,,,,,,,,,,,,,,,,,,,,,,,,,,-99.0,,,,,,,,,,,,,,
2024,3,1,,,100.0,10210.0,10200.0,128.0,26.0,,,0.0,,67.0,51.0,83.0,,,61.16,66.02,53.06,,,260.0,250.0,,,,,67.0,89.0,,,-9999.0,,-9999.0,,,,-9999.0,,,,,,,,,,
2024,3,2,,,,,,,,,,,,,,,,,,,,,,,,,,,,,,,,,,-9.0,,,,-9.0,,,,,,,,,,
2024,3,3,,,128.0,186.0,173.0,139.0,40.0,,,43.0,,84.0,73.0,93.0,,,,64.04,57.02,,,290.0,180.0,,,,,76.0,125.0,,,1.0,,999.0,,,,999.0,,,,,,,,,,
2024,3,4,,,,,,,,,,,,,,,,,,,,,,,,,,,,,,,,,,-999.0,,,,,,,,,,,,,,
2024,3,6,,,94.0,196.0,186.0,122.0,26.0,,,10.0,,71.0,60.0,90.0,,,,64.04,53.96,,,270.0,270.0,,,,,76.0,98.0,,,1.0,,9999.0,,,,9999.0,,,,,,,,,,
2024,3,7,,,,,,,,,,,,,,,,,,,,,,,,,,,,,,,,,,-99.0,,,,-99.0,,,,,,,,,,
2024,3,8,,,,,,,,,,,,,,,,,,,,,,,,,,,,,,,,99.0,,99.0,,,,99.0,,,,,,,,,,
2024,3,9,,,100.0,10135.0,10125.0,122.0,32.0,,,114.0,,74.0,56.0,90.0,,,58.64,64.94,51.98,,,160.0,210.0,,,,,81.0,107.0,,,1.0,,-9999.0,,,,-9999.0,,,,,,,,,,
2024,3,10,,,,,,,,,,,,,,,,,,,,,,,,,,,,,,,,,,-9.0,,,,-9.0,,,,,,,,,,
2024,3,11,,,111.0,139.0,129.0,128.0,26.0,,,15.0,,79.0,65.0,96.0,,,,62.959999999999994,53.06,,,280.0,260.0,,,,,72.0,98.0,,,1.0,,999.0,,,,999.0,,,,,,,,,,
2024,3,12,,,,,,,,,,,,,,,,,,,,,,,,,,,,,,,,,,-999.0,,,,-999.0,,,,,,,,,,
2024,3,14,,,111.0,200.0,190.0,128.0,17.0,,,0.0,,79.0,53.0,90.0,,,,69.08,50.0,,,300.0,270.0,,,,,72.0,94.0,,,9999.0,,9999.0,,,,9999.0,,,,,,,,,,
2024,3,15,,,,,,,,,,,,,,,,,,,,,,,,,,,,,,,,,,-99.0,,,,-99.0,,,,,,,,,,
2024,3,16,,,,,,,,,,,,,,,,,,,,,,,,,,,,,,,,,,99.0,,,,99.0,,,,,,,,,,
2024,3,17,,,100.0,10193.0,10183.0,122.0,21.0,,,0.0,,74.0,60.0,90.0,,,59.0,64.04,53.06,,,260.0,220.0,,,,,72.0,107.0,,,-9999.0,,-9999.0,,,,-9999.0,,,,,,,,,,
2024,3,18,,,,,,,,,,,,,,,,,,,,,,,,,,,,,,,,,,-9.0,,,,-9.0,,,,,,,,,,
2024,3,19,,,106.0,203.0,190.0,128.0,20.0,,,8.0,,74.0,56.0,93.0,,,,64.94,55.04,,,270.0,220.0,,,,,58.0,103.0,,,1.0,,999.0,,,,999.0,,,,,,,,,,
2024,3,20,,,,,,,,,,,,,,,,,,,,,,,,,,,,,,,,,,-999.0,,,,-999.0,,,,,,,,,,
2024,3,21,,,,,,,,,,,,,,,,,,,,,,,,,,,,,,,,,,9.0,,,,,,,,,,,,,,
2024,3,22,,,72.0,95.0,85.0,111.0,20.0,,,8.0,,62.0,38.0,90.0,,,,68.0,53.06,,,260.0,280.0,,,,,72.0,103.0,,,9999.0,,1.0,,,,9999.0,,,,,,,,,,
2024,3,23,,,,,,,,,,,,,,,,,,,,,,,,,,,,,,,,-99.0,,,,,,-99.0,,,,,,,,,,
2024,3,24,,,,,,,,,,,,,,,,,,,,,,,,,,,,,,,,99.0,,99.0,,,,99.0,,,,,,,,,,
2024,3,25,,,89.0,10173.0,10163.0,117.0,22.0,,,0.0,,65.0,52.0,81.0,,,59.36,68.0,51.98,,,260.0,230.0,,,,,63.0,98.0,,,-9999.0,,-9999.0,,,,-9999.0,,,,,,,,,,
2024,3,26,,,,,,,,,,,,,,,,,,,,,,,,,,,,,,,,-9.0,,-9.0,,,,-9.0,,,,,,,,,,
2024,3,27,,,100.0,183.0,173.0,122.0,22.0,,,0.0,,74.0,58.0,86.0,,,,66.02,51.08,,,310.0,290.0,,,,,67.0,98.0,,,999.0,,999.0,,,,999.0,,,,,,,,,,
2024,3,28,,,,,,,,,,,,,,,,,,,,,,,,,,,,,,,,-999.0,,-999.0,,,,-999.0,,,,,,,,,,
2024,3,30,,,106.0,173.0,163.0,133.0,21.0,,,0.0,,71.0,49.0,90.0,,,,69.98,51.98,,,220.0,210.0,,,,,58.0,98.0,,,9999.0,,9999.0,,,,9999.0,,,,,,,,,,
2024,3,31,,,,,,,,,,,,,,,,,,,,,,,,,,,,,,,,-99.0,,-99.0,,,,-99.0,,,,,,,,,,
2024,4,1,,,100.0,10163.0,10152.0,122.0,22.0,,,0.0,,73.0,56.0,87.0,,,58.82,64.94,53.06,,,300.0,320.0,,,,,72.0,103.0,,,-9999.0,,,,,,-9999.0,,,,,,,,,,
2024,4,2,,,,,,,,,,,,,,,,,,,,,,,,,,,,,,,,-9.0,,,,,,-9.0,,,,,,,,,,
2024,4,3,,,111.0,240.0,230.0,133.0,16.0,,,0.0,,73.0,54.0,90.0,,,,69.08,50.0,,,290.0,170.0,,,,,58.0,103.0,,,999.0,,,,,,999.0,,,,,,,,,,
2024,4,4,,,,,,,,,,,,,,,,,,,,,,,,,,,,,,,,-999.0,,,,,,-999.0,,,,,,,,,,
2024,4,5,,,,,,,,,,,,,,,,,,,,,,,,,,,,,,,,9.0,,,,,,,,,,,,,,,,
2024,4,6,,,89.0,146.0,135.0,117.0,35.0,,,3.0,,67.0,54.0,90.0,,,,66.02,53.06,,,290.0,220.0,,,,,76.0,121.0,,,1.0,,,,,,9999.0,,,,,,,,,,
2024,4,8,,,,,,,,,,,,,,,,,,,,,,,,,,,,,,,,99.0,,,,,,,,,,,,,,,,
2024,4,9,,,56.0,10234.0,10224.0,94.0,27.0,,,0.0,,60.0,46.0,77.0,,,55.94,62.959999999999994,48.02,,,280.0,210.0,,,,,63.0,112.0,,,-9999.0,,,,,,-9999.0,,,,,,,,,,
2024,4,10,,,,,,,,,,,,,,,,,,,,,,,,,,,,,,,,-9.0,,,,,,-9.0,,,,,,,,,,
2024,4,11,,,72.0,186.0,176.0,106.0,20.0,,,0.0,,66.0,44.0,83.0,,,,64.94,46.94,,,280.0,250.0,,,,,67.0,103.0,,,999.0,,,,,,999.0,,,,,,,,,,
2024,4,12,,,,,,,,,,,,,,,,,,,,,,,,,,,,,,,,-999.0,,,,,,-999.0,,,,,,,,,,
2024,4,14,,,72.0,179.0,166.0,117.0,17.0,,,0.0,,56.0,30.0,83.0,,,,73.04,48.92,,,320.0,330.0,,,,,72.0,103.0,,,9999.0,,,,,,9999.0,,,,,,,,,,
2024,4,15,,,,,,,,,,,,,,,,,,,,,,,,,,,,,,,,-99.0,,,,,,-99.0,,,,,,,,,,
2024,4,16,,,,,,,,,,,,,,,,,,,,,,,,,,,,,,,,99.0,,,,,,99.0,,,,,,,,,,
2024,4,17,,,122.0,10129.0,10115.0,133.0,26.0,,,0.0,,81.0,68.0,93.0,,,61.34,66.02,55.94,,,270.0,250.0,,,,,63.0,89.0,,,1.0,,,,,,1.0,,,,,,,,,,
2024,4,19,,,106.0,142.0,135.0,128.0,34.0,,,0.0,,73.0,63.0,93.0,,,,62.959999999999994,55.94,,,210.0,190.0,,,,,63.0,130.0,,,1.0,,,,,,999.0,,,,,,,,,,
2024,4,20,,,,,,,,,,,,,,,,,,,,,,,,,,,,,,,,,,,,,,-999.0,,,,,,,,,,
2024,4,22,,,89.0,210.0,196.0,117.0,23.0,,,,,69.0,45.0,89.0,,,,64.94,48.92,,,260.0,230.0,,,,,67.0,112.0,,,9999.0,,,,,,9999.0,,,,,,,,,,
2024,4,23,,,,,,,,,,,,,,,,,,,,,,,,,,,,,,,,-99.0,,,,,,-99.0,,,,,,,,,,
2024,4,24,,,,,,,,,,,,,,,,,,,,,,,,,,,,,,,,99.0,,,,,,99.0,,,,,,,,,,
2024,4,25,,,117.0,10169.0,10156.0,139.0,21.0,,,0.0,,72.0,57.0,87.0,,,60.980000000000004,69.98,51.98,,,290.0,300.0,,,,,67.0,98.0,,,-9999.0,,,,,,-9999.0,,,,,,,,,,
2024,4,26,,,,,,,,,,,,,,,,,,,,,,,,,,,,,,,,,,,,,,-9.0,,,,,,,,,,
2024,4,27,,,117.0,163.0,152.0,139.0,16.0,,,0.0,,76.0,59.0,90.0,,,,69.08,51.98,,,280.0,260.0,,,,,63.0,107.0,,,1.0,,,,,,999.0,,,,,,,,,,
2024,4,28,,,,,,,,,,,,,,,,,,,,,,,,,,,,,,,,,,,,,,-999.0,,,,,,,,,,
2024,4,30,,,106.0,152.0,146.0,133.0,24.0,,,0.0,,66.0,59.0,72.0,,,,66.92,60.08,,,280.0,220.0,,,,,58.0,98.0,,,9999.0,,,,,,9999.0,,,,,,,,,,
2024,4,31,,,,,,,,,,,,,,,,,,,,,,,,,,,,,,,,-99.0,,,,,,-99.0,,,,,,,,,,
2024,5,1,,,117.0,10119.0,10108.0,144.0,30.0,,,0.0,,67.0,59.0,75.0,,,63.86,69.08,60.980000000000004,,,210.0,200.0,,,,,58.0,121.0,,,-9999.0,,,,,,1.0,,,,,,,,,,
2024,5,2,,,,,,,,,,,,,,,,,,,,,,,,,,,,,,,,-9.0,,,,,,,,,,,,,,,,
2024,5,3,,,122.0,129.0,119.0,144.0,24.0,,,0.0,,71.0,63.0,78.0,,,,68.0,60.980000000000004,,,210.0,240.0,,,,,54.0,103.0,,,999.0,,,,,,999.0,,,,,,,,,,
2024,5,4,,,,,,,,,,,,,,,,,,,,,,,,,,,,,,,,,,,,,,-999.0,,,,,,,,,,
2024,5,6,,,117.0,135.0,125.0,144.0,32.0,,,0.0,,70.0,61.0,78.0,,,,66.92,60.08,,,270.0,290.0,,,,,67.0,116.0,,,9999.0,,,,,,9999.0,,,,,,,,,,
2024,5,9,,,89.0,10163.0,10149.0,122.0,25.0,,,0.0,,63.0,50.0,75.0,,,59.72,69.08,50.0,,,280.0,280.0,,,,,63.0,112.0,,,-9999.0,,,,,,-9999.0,,,,,,,,,,
2024,5,10,,,,,,,,,,,,,,,,,,,,,,,,,,,,,,,,-9.0,,,,,,-9.0,,,,,,,,,,
2024,5,11,,,111.0,135.0,125.0,133.0,28.0,,,0.0,,71.0,57.0,87.0,,,,68.0,53.96,,,160.0,210.0,,,,,54.0,116.0,,,999.0,,,,,,999.0,,,,,,,,,,
2024,5,12,,,,,,,,,,,,,,,,,,,,,,,,,,,,,,,,-999.0,,,,,,-999.0,,,,,,,,,,
2024,5,14,,,117.0,142.0,132.0,139.0,27.0,,,0.0,,68.0,57.0,78.0,,,,69.08,60.08,,,210.0,200.0,,,,,63.0,134.0,,,9999.0,,,,,,9999.0,,,,,,,,,,
2024,5,15,,,,,,,,,,,,,,,,,,,,,,,,,,,,,,,,-99.0,,,,,,-99.0,,,,,,,,,,
2024,5,16,,,,,,,,,,,,,,,,,,,,,,,,,,,,,,,,99.0,,,,,,99.0,,,,,,,,,,
2024,5,17,,,128.0,10142.0,10129.0,144.0,27.0,,,0.0,,75.0,68.0,81.0,,,63.32,66.92,60.08,,,280.0,260.0,,,,,58.0,107.0,,,-9999.0,,,,,,-9999.0,,,,,,,,,,
2024,5,18,,,,,,,,,,,,,,,,,,,,,,,,,,,,,,,,-9.0,,,,,,-9.0,,,,,,,,,,
2024,5,19,,,128.0,142.0,132.0,150.0,24.0,,,0.0,,74.0,63.0,83.0,,,,69.08,59.0,,,290.0,260.0,,,,,63.0,94.0,,,999.0,,,,,,999.0,,,,,,,,,,
2024,5,20,,,,,,,,,,,,,,,,,,,,,,,,,,,,,,,,-999.0,,,,,,,,,,,,,,,,
2024,5,22,,,111.0,139.0,129.0,133.0,25.0,,,0.0,,70.0,63.0,75.0,,,,66.92,59.0,,,260.0,200.0,,,,,58.0,130.0,,,9999.0,,,,,,9999.0,,,,,,,,,,
2024,5,23,,,,,,,,,,,,,,,,,,,,,,,,,,,,,,,,-99.0,,,,,,-99.0,,,,,,,,,,
2024,5,24,,,,,,,,,,,,,,,,,,,,,,,,,,,,,,,,99.0,,,,,,99.0,,,,,,,,,,
2024,5,25,,,122.0,10149.0,10142.0,144.0,31.0,,,0.0,,70.0,59.0,86.0,,,62.959999999999994,69.08,60.08,,,280.0,300.0,,,,,72.0,107.0,,,1.0,,,,,,1.0,,,,,,,,,,
2024,5,27,,,128.0,149.0,139.0,150.0,20.0,,,0.0,,76.0,70.0,90.0,,,,66.92,59.0,,,280.0,260.0,,,,,67.0,98.0,,,1.0,,,,,,999.0,,,,,,,,,,
2024,5,28,,,,,,,,,,,,,,,,,,,,,,,,,,,,,,,,,,,,,,-999.0,,,,,,,,,,
2024,5,30,,,106.0,173.0,163.0,139.0,30.0,,,0.0,,67.0,57.0,78.0,,,,68.0,59.0,,,260.0,220.0,,,,,67.0,121.0,,,9999.0,,,,,,9999.0,,,,,,,,,,
2024,5,31,,,,,,,,,,,,,,,,,,,,,,,,,,,,,,,,-99.0,,,,,,-99.0,,,,,,,,,,
2024,6,1,,,122.0,10139.0,10129.0,144.0,30.0,,,0.0,,73.0,63.0,83.0,0.0,0.0,62.42,69.08,59.0,,,270.0,190.0,,,,,58.0,94.0,,,-9999.0,,,,,,-9999.0,,,,,,,,,,
2024,6,2,,,,,,,,,,,,,,,,,,,,,,,,,,,,,,,,-9.0,,,,,,-9.0,,,,,,,,,,
2024,6,3,,,128.0,139.0,129.0,144.0,30.0,,,0.0,,75.0,68.0,81.0,999.0,999.0,,66.02,60.980000000000004,,,220.0,210.0,,,,,54.0,98.0,,,999.0,,,,,,999.0,,,,,,,,,,
2024,6,4,,,,,,,,,,,,,,,-999.0,-999.0,,,,,,,,,,,,,,,,-999.0,,,,,,-999.0,,,,,,,,,,
2024,6,6,,,139.0,115.0,108.0,156.0,31.0,,,0.0,,79.0,68.0,86.0,9999.0,9999.0,,68.0,62.059999999999995,,,220.0,190.0,,,,,54.0,116.0,,,9999.0,,,,,,9999.0,,,,,,,,,,
2024,6,7,,,,,,,,,,,,,,,-99.0,-99.0,,,,,,,,,,,,,,,,,,,,,,,,,,,,,,,,
2024,6,8,,,,,,,,,,,,,,,99.0,99.0,,,,,,,,,,,,,,,,,,,,,,,,,,,,,,,,
2024,6,9,,,150.0,10125.0,10115.0,161.0,21.0,,,0.0,,84.0,73.0,90.0,-9999.0,-9999.0,63.5,68.0,62.059999999999995,,,280.0,260.0,,,,,54.0,98.0,,,1.0,,,,,,1.0,,,,,,,,,,
2024,6,10,,,,,,,,,,,,,,,-9.0,-9.0,,,,,,,,,,,,,,,,,,,,,,,,,,,,,,,,
2024,6,11,,,144.0,132.0,122.0,156.0,23.0,,,0.0,,83.0,75.0,94.0,999.0,999.0,,66.02,60.08,,,220.0,200.0,,,,,45.0,112.0,,,1.0,,,,,,999.0,,,,,,,,,,
2024,6,12,,,,,,,,,,,,,,,-999.0,-999.0,,,,,,,,,,,,,,,,,,,,,,-999.0,,,,,,,,,,
2024,6,14,,,133.0,149.0,135.0,150.0,28.0,,,0.0,,77.0,68.0,87.0,9999.0,9999.0,,66.92,60.980000000000004,,,210.0,270.0,,,,,45.0,130.0,,,9999.0,,,,,,9999.0,,,,,,,,,,
2024,6,15,,,,,,,,,,,,,,,-99.0,-99.0,,,,,,,,,,,,,,,,-99.0,,,,,,-99.0,,,,,,,,,,
2024,6,16,,,,,,,,,,,,,,,99.0,99.0,,,,,,,,,,,,,,,,99.0,,,,,,99.0,,,,,,,,,,
2024,6,17,,,150.0,10132.0,10122.0,161.0,23.0,,,0.0,,83.0,75.0,90.0,-9999.0,-9999.0,64.75999999999999,66.02,62.959999999999994,,,240.0,280.0,,,,,54.0,94.0,,,1.0,,,,,,-9999.0,,,,,,,,,,
2024,6,18,,,,,,,,,,,,,,,-9.0,-9.0,,,,,,,,,,,,,,,,,,,,,,-9.0,,,,,,,,,,
2024,6,19,,,144.0,149.0,135.0,161.0,26.0,,,0.0,,78.0,63.0,87.0,999.0,999.0,,71.96,62.059999999999995,,,280.0,230.0,,,,,63.0,112.0,,,1.0,,,,,,999.0,,,,,,,,,,
2024,6,20,,,,,,,,,,,,,,,-999.0,-999.0,,,,,,,,,,,,,,,,,,,,,,,,,,,,,,,,
2024,6,22,,,144.0,139.0,125.0,161.0,28.0,,,0.0,,74.0,66.0,87.0,9999.0,9999.0,,71.96,62.059999999999995,,,280.0,270.0,,,,,72.0,98.0,,,9999.0,,,,,,9999.0,,,,,,,,,,
2024,6,23,,,,,,,,,,,,,,,-99.0,-99.0,,,,,,,,,,,,,,,,,,,,,,,,,,,,,,,,
2024,6,24,,,,,,,,,,,,,,,99.0,99.0,,,,,,,,,,,,,,,,,,,,,,,,,,,,,,,,
2024,6,25,,,139.0,10085.0,10075.0,156.0,42.0,,,0.0,,76.0,68.0,84.0,-9999.0,-9999.0,66.38,69.08,62.059999999999995,,,170.0,190.0,,,,,67.0,130.0,,,-9999.0,,,,,,1.0,,,,,,,,,,
2024,6,26,,,,,,,,,,,,,,,-9.0,-9.0,,,,,,,,,,,,,,,,-9.0,,,,,,,,,,,,,,,,
2024,6,27,,,133.0,81.0,68.0,150.0,34.0,,,0.0,,73.0,65.0,81.0,999.0,999.0,,69.08,60.980000000000004,,,180.0,220.0,,,,,58.0,125.0,,,999.0,,,,,,1.0,,,,,,,,,,
2024,6,28,,,,,,,,,,,,,,,-999.0,-999.0,,,,,,,,,,,,,,,,-999.0,,,,,,,,,,,,,,,,
2024,6,30,,,139.0,112.0,102.0,156.0,32.0,,,0.0,,74.0,64.0,84.0,9999.0,9999.0,,69.98,62.959999999999994,,,210.0,180.0,,,,,54.0,116.0,,,9999.0,,,,,,9999.0,,,,,,,,,,
2024,6,31,,,,,,,,,,,,,,,-99.0,-99.0,,,,,,,,,,,,,,,,-99.0,,,,,,-99.0,,,,,,,,,,
2024,7,1,,,156.0,10122.0,10112.0,172.0,28.0,,,0.0,,79.0,68.0,87.0,,,67.64,71.96,64.94,,,210.0,190.0,,,,,54.0,103.0,,,1.0,,,,,,1.0,,,,,,,,,,
2024,7,3,,,156.0,108.0,98.0,178.0,25.0,,,0.0,,75.0,64.0,84.0,,,,73.94,64.94,,,270.0,220.0,,,,,54.0,98.0,,,999.0,,,,,,999.0,,,,,,,,,,
2024,7,4,,,,,,,,,,,,,,,,,,,,,,,,,,,,,,,,-999.0,,,,,,-999.0,,,,,,,,,,
2024,7,5,,,,,,,,,,,,,,,,,,,,,,,,,,,,,,,,,,,,,,9.0,,,,,,,,,,
2024,7,6,,,178.0,142.0,132.0,189.0,30.0,,,0.0,,78.0,67.0,87.0,,,,77.0,66.92,,,290.0,280.0,,,,,72.0,103.0,,,9999.0,,,,,,1.0,,,,,,,,,,
2024,7,7,,,,,,,,,,,,,,,,,,,,,,,,,,,,,,,,-99.0,,,,,,,,,,,,,,,,
2024,7,8,,,,,,,,,,,,,,,,,,,,,,,,,,,,,,,,99.0,,,,,,,,,,,,,,,,
2024,7,9,,,172.0,10115.0,10105.0,189.0,33.0,,,0.0,,82.0,69.0,93.0,,,69.08,75.92,64.94,,,200.0,140.0,,,,,58.0,112.0,,,1.0,,,,,,-9999.0,,,,,,,,,,
2024,7,11,,,172.0,132.0,119.0,183.0,25.0,,,0.0,,78.0,67.0,91.0,,,,75.92,66.02,,,210.0,210.0,,,,,54.0,103.0,,,1.0,,,,,,1.0,,,,,,,,,,
2024,7,13,,,,,,,,,,,,,,,,,,,,,,,,,,,,,,,,9.0,,,,,,,,,,,,,,,,
2024,7,14,,,178.0,102.0,91.0,194.0,24.0,,,0.0,,81.0,69.0,91.0,,,,75.92,66.92,,,290.0,220.0,,,,,54.0,98.0,,,1.0,,,,,,9999.0,,,,,,,,,,
2024,7,17,,,178.0,10122.0,10108.0,189.0,24.0,,,0.0,,82.0,71.0,93.0,,,69.25999999999999,75.92,66.02,,,270.0,220.0,,,,,58.0,98.0,,,1.0,,,,,,1.0,,,,,,,,,,
2024,7,19,,,167.0,122.0,112.0,183.0,24.0,,,0.0,,79.0,69.0,87.0,,,,77.0,66.02,,,280.0,280.0,,,,,63.0,89.0,,,1.0,,,,,,1.0,,,,,,,,,,
2024,7,22,,,172.0,173.0,163.0,189.0,26.0,,,0.0,,76.0,64.0,84.0,,,,77.0,68.0,,,280.0,250.0,,,,,63.0,94.0,,,9999.0,,,,,,9999.0,,,,,,,,,,
2024,7,23,,,,,,,,,,,,,,,,,,,,,,,,,,,,,,,,-99.0,,,,,,-99.0,,,,,,,,,,
2024,7,24,,,,,,,,,,,,,,,,,,,,,,,,,,,,,,,,99.0,,,,,,99.0,,,,,,,,,,
2024,7,25,,,167.0,10156.0,10142.0,189.0,24.0,,,0.0,,75.0,64.0,81.0,,,70.34,75.92,68.0,,,280.0,220.0,,,,,54.0,89.0,,,-9999.0,,,,,,-9999.0,,,,,,,,,,
2024,7,26,,,,,,,,,,,,,,,,,,,,,,,,,,,,,,,,-9.0,,,,,,-9.0,,,,,,,,,,
2024,7,27,,,172.0,149.0,139.0,189.0,27.0,,,,,75.0,64.0,82.0,,,,77.0,68.0,,,280.0,200.0,,,,,63.0,98.0,,,999.0,,,,,,999.0,,,,,,,,,,
2024,7,28,,,,,,,,,,,,,,,,,,,,,,,,,,,,,,,,-999.0,,,,,,-999.0,,,,,,,,,,
2024,7,30,,,178.0,149.0,135.0,194.0,26.0,,,0.0,,79.0,69.0,87.0,,,,78.08,68.0,,,280.0,220.0,,,,,63.0,89.0,,,9999.0,,,,,,9999.0,,,,,,,,,,
2024,8,1,,,172.0,10159.0,10149.0,189.0,27.0,,-9999.0,0.0,,78.0,67.0,87.0,,,70.52,75.92,66.92,,,280.0,250.0,,,,,58.0,98.0,,,-9999.0,-9999.0,,,,,-9999.0,,,,,,,,,,
2024,8,2,,,,,,,,,-9.0,,,,,,,,,,,,,,,,,,,,,,,-9.0,-9.0,,,,,-9.0,,,,,,,,,,
2024,8,3,,,183.0,163.0,152.0,200.0,27.0,,999.0,0.0,,78.0,49.0,90.0,,,,82.94,68.0,,,280.0,310.0,,,,,67.0,94.0,,,999.0,999.0,,,,,999.0,,,,,,,,,,
2024,8,4,,,,,,,,,-999.0,,,,,,,,,,,,,,,,,,,,,,,,-999.0,,,,,-999.0,,,,,,,,,,
2024,8,5,,,,,,,,,,,,,,,,,,,,,,,,,,,,,,,,,,,,,,9.0,,,,,,,,,,
2024,8,6,,,183.0,119.0,108.0,200.0,29.0,,9999.0,0.0,,78.0,66.0,90.0,,,,78.98,69.08,,,290.0,290.0,,,,,63.0,89.0,,,1.0,9999.0,,,,,1.0,,,,,,,,,,
2024,8,7,,,,,,,,,-99.0,,,,,,,,,,,,,,,,,,,,,,,,-99.0,,,,,,,,,,,,,,,
2024,8,8,,,,,,,,,99.0,,,,,,,,,,,,,,,,,,,,,,,,99.0,,,,,99.0,,,,,,,,,,
2024,8,9,,,189.0,10142.0,10129.0,206.0,24.0,,-9999.0,0.0,,78.0,51.0,90.0,,,72.86,84.91999999999999,69.08,,,210.0,210.0,,,,,45.0,112.0,,,1.0,-9999.0,,,,,1.0,,,,,,,,,,
2024,8,10,,,,,,,,,-9.0,,,,,,,,,,,,,,,,,,,,,,,,,,,,,,,,,,,,,,,
2024,8,11,,,189.0,159.0,149.0,200.0,28.0,,999.0,0.0,,82.0,71.0,93.0,,,,75.92,68.0,,,200.0,170.0,,,,,58.0,116.0,,,1.0,1.0,,,,,999.0,,,,,,,,,,
2024,8,12,,,,,,,,,-999.0,,,,,,,,,,,,,,,,,,,,,,,,,,,,,-999.0,,,,,,,,,,
2024,8,14,,,172.0,122.0,108.0,194.0,23.0,,9999.0,0.0,,73.0,64.0,79.0,,,,77.0,69.98,,,280.0,300.0,,,,,63.0,94.0,,,9999.0,9999.0,,,,,9999.0,,,,,,,,,,
2024,8,15,,,,,,,,,-99.0,,,,,,,,,,,,,,,,,,,,,,,-99.0,-99.0,,,,,-99.0,,,,,,,,,,
2024,8,16,,,,,,,,,99.0,,,,,,,,,,,,,,,,,,,,,,,99.0,99.0,,,,,99.0,,,,,,,,,,
2024,8,17,,,189.0,10139.0,10129.0,206.0,19.0,,-9999.0,0.0,,76.0,66.0,84.0,,,73.4,78.98,69.98,,,200.0,200.0,,,,,54.0,112.0,,,-9999.0,-9999.0,,,,,-9999.0,,,,,,,,,,
2024,8,18,,,,,,,,,-9.0,,,,,,,,,,,,,,,,,,,,,,,-9.0,-9.0,,,,,,,,,,,,,,,
2024,8,19,,,200.0,135.0,125.0,217.0,22.0,,999.0,0.0,,77.0,63.0,87.0,,,,82.94,71.96,,,280.0,190.0,,,,,45.0,89.0,,,999.0,999.0,,,,,1.0,,,,,,,,,,
2024,8,20,,,,,,,,,-999.0,,,,,,,,,,,,,,,,,,,,,,,-999.0,-999.0,,,,,,,,,,,,,,,
2024,8,21,,,,,,,,,,,,,,,,,,,,,,,,,,,,,,,,,,,,,,9.0,,,,,,,,,,
2024,8,22,,,189.0,146.0,135.0,200.0,23.0,,9999.0,0.0,,77.0,66.0,90.0,,,,78.98,69.08,,,290.0,200.0,,,,,45.0,116.0,,,9999.0,9999.0,,,,,1.0,,,,,,,,,,
2024,8,23,,,,,,,,,-99.0,,,,,,,,,,,,,,,,,,,,,,,-99.0,-99.0,,,,,,,,,,,,,,,
2024,8,24,,,,,,,,,99.0,,,,,,,,,,,,,,,,,,,,,,,99.0,99.0,,,,,,,,,,,,,,,
2024,8,25,,,183.0,10129.0,10119.0,194.0,29.0,,-9999.0,0.0,,79.0,69.0,87.0,,,72.32,75.92,69.08,,,220.0,200.0,,,,,54.0,112.0,,,1.0,-9999.0,,,,,1.0,,,,,,,,,,
2024,8,26,,,,,,,,,-9.0,,,,,,,,,,,,,,,,,,,,,,,,-9.0,,,,,,,,,,,,,,,
2024,8,27,,,167.0,139.0,129.0,189.0,27.0,,999.0,0.0,,74.0,64.0,82.0,,,,75.92,68.0,,,200.0,160.0,,,,,54.0,112.0,,,999.0,999.0,,,,,999.0,,,,,,,,,,
2024,8,28,,,,,,,,,-999.0,,,,,,,,,,,,,,,,,,,,,,,-999.0,-999.0,,,,,-999.0,,,,,,,,,,
2024,8,30,,,183.0,142.0,132.0,200.0,32.0,,9999.0,0.0,,74.0,57.0,87.0,,,,80.96,69.08,,,300.0,300.0,,,,,67.0,98.0,,,9999.0,9999.0,,,,,9999.0,,,,,,,,,,
2024,8,31,,,,,,,,,-99.0,,,,,,,,,,,,,,,,,,,,,,,-99.0,-99.0,,,,,-99.0,,,,,,,,,,
2024,9,1,,,,,,,20.0,,-9999.0,0.0,,,,,,,71.06,75.02,69.08,,,210.0,200.0,,,,,54.0,116.0,,,-9999.0,,,,,,-9999.0,,,,,,,,,,
2024,9,2,,,,,,,,,-9.0,,,,,,,,,,,,,,,,,,,,,,,,,,,,,,,,,,,,,,,
2024,9,3,,,,,,,19.0,,999.0,0.0,,,,,,,,78.08,68.0,,,220.0,220.0,,,,,54.0,112.0,,,1.0,,,,,,1.0,,,,,,,,,,
2024,9,4,,,,,,,,,-999.0,,,,,,,,,,,,,,,,,,,,,,,,,,,,,,,,,,,,,,,
2024,9,5,,,,,,,,,,,,,,,,,,,,,,,,,,,,,,,,9.0,,,,,,9.0,,,,,,,,,,
2024,9,6,,,,,,,27.0,,9999.0,0.0,,,,,,,,82.04,69.08,,,290.0,300.0,,,,,72.0,98.0,,,1.0,,,,,,1.0,,,,,,,,,,
2024,9,7,,,,,,,,,-99.0,,,,,,,,,,,,,,,,,,,,,,,,,,,,,,,,,,,,,,,
2024,9,8,,,,,,,,,99.0,,,,,,,,,,,,,,,,,,,,,,,99.0,,,,,,,,,,,,,,,,
2024,9,9,,,,,,,17.0,,-9999.0,0.0,,,,,,,77.72,86.0,71.06,,,170.0,210.0,,,,,63.0,125.0,,,1.0,,,,,,1.0,,,,,,,,,,
2024,9,10,,,,,,,,,-9.0,,,,,,,,,,,,,,,,,,,,,,,,,,,,,,,,,,,,,,,
2024,9,11,,,,,,,17.0,,999.0,0.0,,,,,,,,89.96000000000001,71.96,,,310.0,320.0,,,,,54.0,81.0,,,1.0,,,,,,999.0,,,,,,,,,,
2024,9,12,,,,,,,,,-999.0,,,,,,,,,,,,,,,,,,,,,,,,,,,,,-999.0,,,,,,,,,,
2024,9,14,,,,,,,22.0,,9999.0,0.0,,,,,,,,93.02,73.04,,,310.0,310.0,,,,,72.0,112.0,,,9999.0,,,,,,9999.0,,,,,,,,,,
2024,9,15,,,,,,,,,-99.0,,,,,,,,,,,,,,,,,,,,,,,-99.0,,,,,,-99.0,,,,,,,,,,
2024,9,16,,,,,,,,,99.0,,,,,,,,,,,,,,,,,,,,,,,99.0,,,,,,99.0,,,,,,,,,,
2024,9,17,,,,,,,26.0,,-9999.0,0.0,,,,,,,71.78,73.94,66.92,,,220.0,210.0,,,,,58.0,107.0,,,-9999.0,,,,,,-9999.0,,,,,,,,,,
2024,9,18,,,,,,,,,-9.0,,,,,,,,,,,,,,,,,,,,,,,-9.0,,,,,,-9.0,,,,,,,,,,
2024,9,19,,,,,,,33.0,,999.0,0.0,,,,,,,,75.02,66.92,,,210.0,210.0,,,,,63.0,125.0,,,999.0,,,,,,999.0,,,,,,,,,,
2024,9,20,,,,,,,,,-999.0,,,,,,,,,,,,,,,,,,,,,,,-999.0,,,,,,-999.0,,,,,,,,,,
2024,9,22,,,,,,,26.0,,9999.0,0.0,,,,,,,,75.92,69.08,,,270.0,190.0,,,,,58.0,112.0,,,9999.0,,,,,,9999.0,,,,,,,,,,
2024,9,23,,,,,,,,,-99.0,,,,,,,,,,,,,,,,,,,,,,,-99.0,,,,,,-99.0,,,,,,,,,,
2024,9,24,,,,,,,,,99.0,,,,,,,,,,,,,,,,,,,,,,,99.0,,,,,,99.0,,,,,,,,,,
2024,9,25,,,,,,,39.0,,-9999.0,0.0,,,,,,,69.98,73.94,66.02,,,270.0,220.0,,,,,76.0,134.0,,,-9999.0,,,,,,-9999.0,,,,,,,,,,
2024,9,26,,,,,,,,,-9.0,,,,,,,,,,,,,,,,,,,,,,,-9.0,,,,,,-9.0,,,,,,,,,,
2024,9,27,,,,,,,22.0,,999.0,0.0,,,,,,,,73.04,60.980000000000004,,,270.0,220.0,,,,,63.0,103.0,,,999.0,,,,,,999.0,,,,,,,,,,
2024,9,28,,,,,,,,,-999.0,,,,,,,,,,,,,,,,,,,,,,,-999.0,,,,,,-999.0,,,,,,,,,,
2024,9,30,,,,,,,28.0,,9999.0,0.0,,,,,,,,73.94,66.02,,,270.0,210.0,,,,,67.0,103.0,,,9999.0,,,,,,9999.0,,,,,,,,,,
2024,9,31,,,,,,,,,-99.0,,,,,,,,,,,,,,,,,,,,,,,-99.0,,,,,,-99.0,,,,,,,,,,
2024,10,1,,,,,,,25.0,,,0.0,,,,,,,67.28,73.04,64.04,,,290.0,300.0,,,,,63.0,85.0,,,1.0,-9999.0,,,,,1.0,,,,,,,,,,
2024,10,3,,,,,,,24.0,,,0.0,,,,,,,,73.04,62.059999999999995,,,300.0,180.0,,,,,58.0,85.0,,,1.0,1.0,,,,,1.0,,,,,,,,,,
2024,10,6,,,,,,,19.0,,,0.0,,,,,,,,71.96,66.02,,,210.0,190.0,,,,,45.0,116.0,,,1.0,9999.0,,,,,1.0,,,,,,,,,,
2024,10,7,,,,,,,,,,,,,,,,,,,,,,,,,,,,,,,,,-99.0,,,,,,,,,,,,,,,
2024,10,8,,,,,,,,,,,,,,,,,,,,,,,,,,,,,,,,,99.0,,,,,,,,,,,,,,,
2024,10,9,,,,,,,22.0,,,0.0,,,,,,,66.92,71.96,64.04,,,280.0,300.0,,,,,67.0,89.0,,,1.0,1.0,,,,,1.0,,,,,,,,,,
2024,10,11,,,,,,,26.0,,,0.0,,,,,,,,73.94,62.059999999999995,,,280.0,280.0,,,,,67.0,89.0,,,1.0,1.0,,,,,999.0,,,,,,,,,,
2024,10,12,,,,,,,,,,,,,,,,,,,,,,,,,,,,,,,,,,,,,,-999.0,,,,,,,,,,
2024,10,13,,,,,,,,,,,,,,,,,,,,,,,,,,,,,,,,,,,,,,9.0,,,,,,,,,,
2024,10,14,,,,,,,20.0,,,0.0,,,,,,,,71.96,62.959999999999994,,,280.0,260.0,,,,,54.0,81.0,,,1.0,9999.0,,,,,1.0,,,,,,,,,,
2024,10,15,,,,,,,,,,,,,,,,,,,,,,,,,,,,,,,,,-99.0,,,,,,,,,,,,,,,
2024,10,16,,,,,,,,,,,,,,,,,,,,,,,,,,,,,,,,,99.0,,,,,,,,,,,,,,,
2024,10,17,,,,,,,22.0,,,0.0,,,,,,,66.38,73.04,60.08,,,300.0,310.0,,,,,67.0,98.0,,,1.0,1.0,,,,,1.0,,,,,,,,,,
2024,10,19,,,,,,,28.0,,,0.0,,,,,,,,75.02,60.08,,,290.0,300.0,,,,,72.0,98.0,,,1.0,1.0,,,,,1.0,,,,,,,,,,
2024,10,22,,,,,,,22.0,,,0.0,,,,,,,,71.96,62.959999999999994,,,210.0,220.0,,,,,54.0,121.0,,,9999.0,9999.0,,,,,9999.0,,,,,,,,,,
2024,10,23,,,,,,,,,,,,,,,,,,,,,,,,,,,,,,,,-99.0,-99.0,,,,,-99.0,,,,,,,,,,
2024,10,24,,,,,,,,,,,,,,,,,,,,,,,,,,,,,,,,99.0,99.0,,,,,99.0,,,,,,,,,,
2024,10,25,,,,,,,19.0,,,0.0,,,,,,,66.92,68.0,64.94,,,240.0,220.0,,,,,40.0,81.0,,,-9999.0,-9999.0,,,,,-9999.0,,,,,,,,,,
2024,10,26,,,,,,,,,,,,,,,,,,,,,,,,,,,,,,,,-9.0,-9.0,,,,,,,,,,,,,,,
2024,10,27,,,,,,,28.0,,,0.0,,,,,,,,75.02,64.94,,,260.0,260.0,,,,,54.0,116.0,,,999.0,999.0,,,,,1.0,,,,,,,,,,
2024,10,28,,,,,,,,,,,,,,,,,,,,,,,,,,,,,,,,-999.0,-999.0,,,,,,,,,,,,,,,
2024,10,30,,,,,,,13.0,,,0.0,,,,,,,,78.08,55.04,,,320.0,240.0,,,,,40.0,67.0,,,9999.0,9999.0,,,,,9999.0,,,,,,,,,,
2024,10,31,,,,,,,,,,,,,,,,,,,,,,,,,,,,,,,,-99.0,-99.0,,,,,-99.0,,,,,,,,,,
2024,11,1,,,,,,,16.0,,,0.0,,,,,,,60.62,69.98,51.08,,,300.0,220.0,,,,,58.0,81.0,,,-9999.0,,,,,,,,,,,,,,,,
2024,11,3,,,,,,,25.0,,,20.0,,,,,,,,69.08,55.94,,,280.0,220.0,,,,,63.0,107.0,,,1.0,,,,,,,,,,,,,,,,
2024,11,6,,,,,,,15.0,,,0.0,,,,,,,,75.92,51.08,,,320.0,320.0,,,,,58.0,85.0,,,9999.0,,,,,,,,,,,,,,,,
2024,11,7,,,,,,,,,,,,,,,,,,,,,,,,,,,,,,,,-99.0,,,,,,,,,,,,,,,,
2024,11,8,,,,,,,,,,,,,,,,,,,,,,,,,,,,,,,,99.0,,,,,,,,,,,,,,,,
2024,11,9,,,,,,,20.0,,,0.0,,,,,,,63.5,78.98,51.08,,,80.0,80.0,,,,,72.0,103.0,,,-9999.0,,,,,,,,,,,,,,,,
2024,11,10,,,,,,,,,,,,,,,,,,,,,,,,,,,,,,,,-9.0,,,,,,,,,,,,,,,,
2024,11,11,,,,,,,13.0,,,0.0,,,,,,,,75.02,46.04,,,280.0,240.0,,,,,63.0,89.0,,,999.0,,,,,,,,,,,,,,,,
2024,11,12,,,,,,,,,,,,,,,,,,,,,,,,,,,,,,,,-999.0,,,,,,,,,,,,,,,,
2024,11,14,,,,,,,12.0,,,0.0,,,,,,,,75.02,46.04,,,300.0,300.0,,,,,63.0,85.0,,,9999.0,,,,,,,,,,,,,,,,
2024,11,15,,,,,,,,,,,,,,,,,,,,,,,,,,,,,,,,-99.0,,,,,,,,,,,,,,,,
2024,11,16,,,,,,,,,,,,,,,,,,,,,,,,,,,,,,,,99.0,,,,,,,,,,,,,,,,
2024,11,17,,,,,,,14.0,,,0.0,,,,,,,59.540000000000006,71.06,46.94,,,280.0,270.0,,,,,67.0,98.0,,,-9999.0,,,,,,,,,,,,,,,,
2024,11,18,,,,,,,,,,,,,,,,,,,,,,,,,,,,,,,,-9.0,,,,,,,,,,,,,,,,
2024,11,19,,,,,,,999.0,,,0.0,,,,,,,,69.08,53.96,,,999.0,999.0,,,,,999.0,999.0,,,999.0,,,,,,,,,,,,,,,,
2024,11,20,,,,,,,-999.0,,,,,,,,,,,,,,,-999.0,-999.0,,,,,-999.0,-999.0,,,-999.0,,,,,,,,,,,,,,,,
2024,11,22,,,,,,,9999.0,,,9999.0,,,,,,,1831.8200000000002,1831.8200000000002,1831.8200000000002,,,9999.0,9999.0,,,,,9999.0,9999.0,,,9999.0,,,,,,,,,,,,,,,,
2024,11,23,,,,,,,-99.0,,,-99.0,,,,,,,14.18,14.18,14.18,,,-99.0,-99.0,,,,,-99.0,-99.0,,,-99.0,,,,,,,,,,,,,,,,
2024,11,24,,,,,,,99.0,,,99.0,,,,,,,49.82,49.82,49.82,,,99.0,99.0,,,,,99.0,99.0,,,99.0,,,,,,,,,,,,,,,,
2024,11,25,,,,,,,-9999.0,,,-9999.0,,,,,,,-1767.8200000000002,-1767.8200000000002,-1767.8200000000002,,,-9999.0,-9999.0,,,,,-9999.0,-9999.0,,,-9999.0,,,,,,,,,,,,,,,,
2024,11,26,,,,,,,-9.0,,,-9.0,,,,,,,30.38,30.38,30.38,,,-9.0,-9.0,,,,,-9.0,-9.0,,,-9.0,,,,,,,,,,,,,,,,
2024,11,27,,,,,,,999.0,,,999.0,,,,,,,211.82,211.82,211.82,,,999.0,999.0,,,,,999.0,999.0,,,999.0,,,,,,,,,,,,,,,,
2024,11,28,,,,,,,-999.0,,,-999.0,,,,,,,-147.82,-147.82,-147.82,,,-999.0,-999.0,,,,,-999.0,-999.0,,,-999.0,,,,,,,,,,,,,,,,
2024,11,30,,,,,,,9999.0,,,9999.0,,,,,,,1831.8200000000002,1831.8200000000002,1831.8200000000002,,,9999.0,9999.0,,,,,9999.0,9999.0,,,9999.0,,,,,,,,,,,,,,,,
2024,11,31,,,,,,,-99.0,,,-99.0,,,,,,,14.18,14.18,14.18,,,-99.0,-99.0,,,,,-99.0,-99.0,,,-99.0,,,,,,,,,,,,,,,,
